Format: EMData_1.1
! Station: E1_1; Mode: determinant
# Frequencies: 53
70000
58800
49500
41600
35000
29400
24700
20800
17500
14700
12300
10400
8800
7200
6000
5200
4400
3600
3000
2600
2200
1800
1500
1300
1100
900
776.47
635.29
529.41
458.82
388.235
317.645
264.705
229.41
194.118
158.822
132.352
114.705
97.0588
79.4113
66.1763
57.3525
39.7056
32.5
27.5
22.5
18.75
16.25
13.75
11.25
9.375
8.125
6.875
# Receivers: 1
0 0 0 0 0 0
# Data: 106
! Type Freq# Tx# Rx# Data Std_Error
103 1 0 1 2.20182446185 0.0217147240952
104 1 0 1 51.1181612151 2
103 2 0 1 2.5657901402 0.0217147240952
104 2 0 1 46.6368290275 2
103 3 0 1 2.62514191648 0.0217147240952
104 3 0 1 51.9668448787 2
103 4 0 1 2.75787467609 0.0217147240952
104 4 0 1 78.4241221264 2
103 5 0 1 2.92548835543 0.0217147240952
104 5 0 1 86.6060861183 2
103 6 0 1 2.63112292164 0.0217147240952
104 6 0 1 57.6903233338 2
103 7 0 1 2.7435520001 0.0217147240952
104 7 0 1 49.9785076725 2
103 8 0 1 2.63048562477 0.0217147240952
104 8 0 1 51.8898223188 2
103 9 0 1 2.79011992541 0.0217147240952
104 9 0 1 70.3419483065 2
103 10 0 1 2.94076216844 0.0217147240952
104 10 0 1 89.7324823844 2
103 11 0 1 2.65620699385 0.0217147240952
104 11 0 1 87.6411167006 2
103 12 0 1 2.71602255554 0.0217147240952
104 12 0 1 80.9883195949 2
103 13 0 1 2.63562359917 0.0217147240952
104 13 0 1 74.0299398539 2
103 14 0 1 2.61799243544 0.0217147240952
104 14 0 1 83.6724311045 2
103 15 0 1 2.52356036218 0.0217147240952
104 15 0 1 87.1260346842 2
103 16 0 1 2.47032887926 0.0217147240952
104 16 0 1 88.8156206866 2
103 17 0 1 2.29088426181 0.0217147240952
104 17 0 1 76.8636592259 2
103 18 0 1 2.69885542832 0.0217147240952
104 18 0 1 39.3061811478 2
103 19 0 1 2.75164559405 0.0217147240952
104 19 0 1 24.453481668 2
103 20 0 1 2.87038251871 0.0217147240952
104 20 0 1 30.1757932641 2
103 21 0 1 2.10978613124 0.0217147240952
104 21 0 1 32.7457263026 2
103 22 0 1 3.09553957387 0.0217147240952
104 22 0 1 68.1281234896 2
103 23 0 1 2.89321291383 0.0217147240952
104 23 0 1 73.1573725793 2
103 24 0 1 3.21537931728 0.0217147240952
104 24 0 1 73.8788698051 2
103 25 0 1 3.05980142436 0.0217147240952
104 25 0 1 63.8182905311 2
103 26 0 1 2.94267265335 0.0217147240952
104 26 0 1 52.7685478913 2
103 27 0 1 2.8042462308 0.0217147240952
104 27 0 1 44.2027649199 2
103 28 0 1 2.7743095681 0.0217147240952
104 28 0 1 41.1595678226 2
103 29 0 1 2.83440243751 0.0217147240952
104 29 0 1 39.4976496843 2
103 30 0 1 2.81743552789 0.0217147240952
104 30 0 1 38.485684726 2
103 31 0 1 2.77513918748 0.0217147240952
104 31 0 1 35.9821613568 2
103 32 0 1 2.74221069624 0.0217147240952
104 32 0 1 34.6604513602 2
103 33 0 1 2.71077640051 0.0217147240952
104 33 0 1 33.4833403752 2
103 34 0 1 2.68031313916 0.0217147240952
104 34 0 1 32.7476976436 2
103 35 0 1 2.64215887855 0.0217147240952
104 35 0 1 32.2243610582 2
103 36 0 1 2.61036944499 0.0217147240952
104 36 0 1 32.8300603751 2
103 37 0 1 2.56290558503 0.0217147240952
104 37 0 1 33.1216284011 2
103 38 0 1 2.54233283417 0.0217147240952
104 38 0 1 33.3942447948 2
103 39 0 1 2.51192072763 0.0217147240952
104 39 0 1 34.8450609307 2
103 40 0 1 2.49811762215 0.0217147240952
104 40 0 1 34.459260297 2
103 41 0 1 2.46999683304 0.0217147240952
104 41 0 1 35.9951468532 2
103 42 0 1 2.47450048481 0.0217147240952
104 42 0 1 38.7637839915 2
103 43 0 1 2.4364044818 0.0217147240952
104 43 0 1 41.6800317243 2
103 44 0 1 2.41296230028 0.0217147240952
104 44 0 1 41.2140646193 2
103 45 0 1 2.30777197362 0.0217147240952
104 45 0 1 40.1887138862 2
103 46 0 1 2.35253206005 0.0217147240952
104 46 0 1 41.0902665625 2
103 47 0 1 2.36601622268 0.0217147240952
104 47 0 1 41.9786112818 2
103 48 0 1 2.36750374786 0.0217147240952
104 48 0 1 42.7408068045 2
103 49 0 1 2.35677865729 0.0217147240952
104 49 0 1 43.4666088455 2
103 50 0 1 2.35134174416 0.0217147240952
104 50 0 1 43.7559765261 2
103 51 0 1 2.34474251869 0.0217147240952
104 51 0 1 45.5874427346 2
103 52 0 1 2.33865765504 0.0217147240952
104 52 0 1 44.815386815 2
103 53 0 1 2.30244492392 0.0217147240952
104 53 0 1 46.8004600134 2
