  5.0000000e+000 -5.1250000e-002 -1.3080000e+000
  6.2500000e+000 -5.1250000e-002 -1.3080000e+000
  7.5000000e+000 -5.1250000e-002 -1.3080000e+000
  8.7500000e+000 -5.1250000e-002 -1.3080000e+000
  1.0000000e+001 -5.1250000e-002 -1.3080000e+000
  1.1300000e+001 -5.1250000e-002 -1.3080000e+000
  1.2500000e+001 -5.1250000e-002 -1.3080000e+000
  1.3800000e+001 -5.1250000e-002 -1.3080000e+000
  1.5000000e+001 -5.1250000e-002 -1.3080000e+000
  1.6300000e+001 -5.1250000e-002 -1.3080000e+000
  1.7500000e+001 -5.1250000e-002 -1.3080000e+000
  1.8800000e+001 -5.1250000e-002 -1.3080000e+000
  2.0000000e+001 -5.1250000e-002 -1.3080000e+000
  2.1300000e+001 -5.1250000e-002 -1.3080000e+000
  2.2500000e+001 -5.1250000e-002 -1.3080000e+000
  2.3800000e+001 -5.1250000e-002 -1.3080000e+000
  2.5000000e+001 -5.1250000e-002 -1.3080000e+000
  2.6300000e+001 -5.1250000e-002 -1.3080000e+000
  2.7500000e+001 -5.1250000e-002 -1.3080000e+000
  2.8800000e+001 -5.1250000e-002 -1.3080000e+000
  3.0000000e+001 -5.1250000e-002 -1.3080000e+000
  3.1300000e+001 -5.1250000e-002 -1.3080000e+000
  3.2500000e+001 -5.1250000e-002 -1.3080000e+000
  3.3800000e+001 -5.1250000e-002 -1.3080000e+000
  3.5000000e+001 -5.1250000e-002 -1.3080000e+000
  3.6300000e+001 -5.1250000e-002 -1.3080000e+000
  3.7500000e+001 -5.1250000e-002 -1.3080000e+000
  3.8800000e+001 -5.1250000e-002 -1.3080000e+000
  4.0000000e+001 -5.1250000e-002 -1.3080000e+000
  4.1300000e+001 -5.1250000e-002 -1.3080000e+000
  4.2500000e+001 -5.1250000e-002 -1.3080000e+000
  4.3800000e+001 -5.1250000e-002 -1.3080000e+000
  4.5000000e+001 -5.1250000e-002 -1.3080000e+000
  4.6300000e+001 -5.1250000e-002 -1.3080000e+000
  4.7500000e+001 -5.1250000e-002 -1.3080000e+000
  4.8800000e+001 -5.1250000e-002 -1.3080000e+000
  5.0000000e+001 -5.1250000e-002 -1.3080000e+000
  5.1300000e+001 -5.1250000e-002 -1.3080000e+000
  5.2500000e+001 -5.1250000e-002 -1.3080000e+000
  5.3800000e+001 -5.1250000e-002 -1.3080000e+000
  5.5000000e+001 -5.1250000e-002 -1.3080000e+000
  5.6300000e+001 -5.1250000e-002 -1.3080000e+000
  5.7500000e+001 -5.1250000e-002 -1.3080000e+000
  5.8800000e+001 -5.1250000e-002 -1.3080000e+000
  6.0000000e+001 -5.1250000e-002 -1.3080000e+000
  6.1300000e+001 -5.1250000e-002 -1.3080000e+000
  6.2500000e+001 -5.1250000e-002 -1.3080000e+000
  6.3800000e+001 -5.1250000e-002 -1.3080000e+000
  6.5000000e+001 -5.1250000e-002 -1.3080000e+000
  6.6300000e+001 -5.1250000e-002 -1.3080000e+000
  6.7500000e+001 -5.1250000e-002 -1.3080000e+000
  6.8800000e+001 -5.1250000e-002 -1.3080000e+000
  7.0000000e+001 -5.1250000e-002 -1.3080000e+000
  7.1300000e+001 -5.1250000e-002 -1.3080000e+000
  7.2500000e+001 -5.1250000e-002 -1.3080000e+000
  7.3800000e+001 -5.1250000e-002 -1.3080000e+000
  7.5000000e+001 -5.1250000e-002 -1.3080000e+000
  7.6300000e+001 -5.1250000e-002 -1.3080000e+000
  7.7500000e+001 -5.1250000e-002 -1.3080000e+000
  7.8800000e+001 -5.1250000e-002 -1.3080000e+000
  8.0000000e+001 -5.1250000e-002 -1.3080000e+000
  8.1300000e+001 -5.1250000e-002 -1.3080000e+000
  8.2500000e+001 -5.1250000e-002 -1.3080000e+000
  8.3800000e+001 -5.1250000e-002 -1.3080000e+000
  8.5000000e+001 -5.1250000e-002 -1.3080000e+000
  8.6300000e+001 -5.1250000e-002 -1.3080000e+000
  8.7500000e+001 -5.1250000e-002 -1.3080000e+000
  8.8800000e+001 -5.1250000e-002 -1.3080000e+000
  9.0000000e+001 -5.1250000e-002 -1.3080000e+000
  9.1300000e+001 -5.1250000e-002 -1.3080000e+000
  9.2500000e+001 -5.1250000e-002 -1.3080000e+000
  9.3800000e+001 -5.1250000e-002 -1.3080000e+000
  9.5000000e+001 -5.1250000e-002 -1.3080000e+000
  9.6300000e+001 -5.1250000e-002 -1.3080000e+000
  9.7500000e+001 -5.1250000e-002 -1.3080000e+000
  9.8800000e+001 -5.1250000e-002 -1.3080000e+000
  1.0000000e+002 -5.1250000e-002 -1.3080000e+000
  1.1300000e+002 -5.1250000e-002 -1.3080000e+000
  1.2500000e+002 -5.1250000e-002 -1.3080000e+000
  1.3800000e+002 -5.1250000e-002 -1.3080000e+000
  1.5000000e+002 -5.1250000e-002 -1.3080000e+000
  1.6300000e+002 -5.1250000e-002 -1.3080000e+000
  1.7500000e+002 -5.1250000e-002 -1.3080000e+000
  1.8800000e+002 -5.1250000e-002 -1.3080000e+000
  2.0000000e+002 -5.1250000e-002 -1.3080000e+000
  2.1300000e+002 -5.1250000e-002 -1.3080000e+000
  2.2500000e+002 -5.1250000e-002 -1.3080000e+000
  2.3800000e+002 -5.1250000e-002 -1.3080000e+000
  2.5000000e+002 -5.1250000e-002 -1.3080000e+000
  2.6300000e+002 -5.1250000e-002 -1.3080000e+000
  2.7500000e+002 -5.1250000e-002 -1.3080000e+000
  2.8800000e+002 -5.1250000e-002 -1.3080000e+000
  3.0000000e+002 -5.1250000e-002 -1.3080000e+000
  3.1300000e+002 -5.1250000e-002 -1.3080000e+000
  3.2500000e+002 -5.1250000e-002 -1.3080000e+000
  3.3800000e+002 -5.1250000e-002 -1.3080000e+000
  3.5000000e+002 -5.1250000e-002 -1.3080000e+000
  3.6300000e+002 -5.1250000e-002 -1.3080000e+000
  3.7500000e+002 -5.1250000e-002 -1.3080000e+000
  3.8800000e+002 -5.1250000e-002 -1.3080000e+000
  4.0000000e+002 -5.1250000e-002 -1.3080000e+000
  4.1300000e+002  4.5698765e-003 -1.3972697e+000
  4.2500000e+002  5.1873400e-002 -1.4849750e+000
  4.3800000e+002  1.0859455e-001 -1.5799880e+000
  4.5000000e+002  1.6564071e-001 -1.6677054e+000
  4.6300000e+002  2.3270607e-001 -1.7625432e+000
  4.7500000e+002  2.9991533e-001 -1.8487888e+000
  4.8800000e+002  3.7720289e-001 -1.9416059e+000
  5.0000000e+002  4.5284021e-001 -2.0260703e+000
  5.1300000e+002  5.3981922e-001 -2.1162261e+000
  5.2500000e+002  6.2458517e-001 -2.1977656e+000
  5.3800000e+002  7.2091907e-001 -2.2841857e+000
  5.5000000e+002  8.1377415e-001 -2.3613095e+000
  5.6300000e+002  9.1816842e-001 -2.4435998e+000
  5.7500000e+002  1.0181926e+000 -2.5167527e+000
  5.8800000e+002  1.1309263e+000 -2.5934900e+000
  6.0000000e+002  1.2385890e+000 -2.6611343e+000
  6.1300000e+002  1.3582454e+000 -2.7314832e+000
  6.2500000e+002  1.4718317e+000 -2.7936987e+000
  6.3800000e+002  1.5976776e+000 -2.8586459e+000
  6.5000000e+002  1.7169177e+000 -2.9146496e+000
  6.6300000e+002  1.8487682e+000 -2.9717165e+000
  6.7500000e+002  1.9729705e+000 -3.0214867e+000
  6.8800000e+002  2.1095352e+000 -3.0722686e+000
  7.0000000e+002  2.2380676e+000 -3.1158249e+000
  7.1300000e+002  2.3790948e+000 -3.1583950e+000
  7.2500000e+002  2.5109572e+000 -3.1950934e+000
  7.3800000e+002  2.6556926e+000 -3.2306456e+000
  7.5000000e+002  2.7905705e+000 -3.2605579e+000
  7.6300000e+002  2.9379814e+000 -3.2888884e+000
  7.7500000e+002  3.0751581e+000 -3.3118144e+000
  7.8800000e+002  3.2247414e+000 -3.3325911e+000
  8.0000000e+002  3.3646107e+000 -3.3462988e+000
  8.1300000e+002  3.5162875e+000 -3.3532725e+000
  8.2500000e+002  3.6566506e+000 -3.3556676e+000
  8.3800000e+002  3.8085284e+000 -3.3522900e+000
  8.5000000e+002  3.9493649e+000 -3.3466728e+000
  8.6300000e+002  4.1017182e+000 -3.3383118e+000
  8.7500000e+002  4.2416495e+000 -3.3285642e+000
  8.8800000e+002  4.3928950e+000 -3.3158356e+000
  9.0000000e+002  4.5326571e+000 -3.3021466e+000
  9.1300000e+002  4.6829835e+000 -3.2857010e+000
  9.2500000e+002  4.8217219e+000 -3.2691363e+000
  9.3800000e+002  4.9726912e+000 -3.2486639e+000
  9.5000000e+002  5.1109791e+000 -3.2263669e+000
  9.6300000e+002  5.2599586e+000 -3.1992007e+000
  9.7500000e+002  5.3965721e+000 -3.1717901e+000
  9.8800000e+002  5.5438172e+000 -3.1395142e+000
  1.0000000e+003  5.6793900e+000 -3.1068900e+000
  1.1300000e+003  7.0855067e+000 -2.5975583e+000
  1.2500000e+003  8.2445679e+000 -1.9247289e+000
  1.3800000e+003  9.3289182e+000 -1.0374117e+000
  1.5000000e+003  1.0166980e+001 -1.2124857e-001
  1.6300000e+003  1.0898664e+001  9.3065589e-001
  1.7500000e+003  1.1425408e+001  1.9227027e+000
  1.8800000e+003  1.1848289e+001  2.9921044e+000
  2.0000000e+003  1.2123771e+001  3.9626622e+000
  2.1300000e+003  1.2315894e+001  4.9792384e+000
  2.2500000e+003  1.2402359e+001  5.8774284e+000
  2.3800000e+003  1.2413847e+001  6.8035356e+000
  2.5000000e+003  1.2363574e+001  7.6134039e+000
  2.6300000e+003  1.2253781e+001  8.4368746e+000
  2.7500000e+003  1.2110291e+001  9.1494527e+000
  2.8800000e+003  1.1917340e+001  9.8740591e+000
  3.0000000e+003  1.1712107e+001  1.0498729e+001
  3.1300000e+003  1.1465855e+001  1.1127968e+001
  3.2500000e+003  1.1219027e+001  1.1668907e+001
  3.3800000e+003  1.0934622e+001  1.2217634e+001
  3.5000000e+003  1.0660806e+001  1.2687899e+001
  3.6300000e+003  1.0357072e+001  1.3161933e+001
  3.7500000e+003  1.0072062e+001  1.3570435e+001
  3.8800000e+003  9.7591144e+000  1.3982407e+001
  4.0000000e+003  9.4687136e+000  1.4335762e+001
  4.1300000e+003  9.1520033e+000  1.4692416e+001
  4.2500000e+003  8.8594195e+000  1.4998967e+001
  4.3800000e+003  8.5434084e+000  1.5306466e+001
  4.5000000e+003  8.2517791e+000  1.5571720e+001
  4.6300000e+003  7.9391077e+000  1.5840642e+001
  4.7500000e+003  7.6542936e+000  1.6072110e+001
  4.8800000e+003  7.3473861e+000  1.6305472e+001
  5.0000000e+003  7.0662450e+000  1.6505823e+001
  5.1300000e+003  6.7649030e+000  1.6705427e+001
  5.2500000e+003  6.4954774e+000  1.6874125e+001
  5.3800000e+003  6.2097856e+000  1.7049727e+001
  5.5000000e+003  5.9461296e+000  1.7205454e+001
  5.6300000e+003  5.6640528e+000  1.7360733e+001
  5.7500000e+003  5.4074179e+000  1.7493822e+001
  5.8800000e+003  5.1321794e+000  1.7628507e+001
  6.0000000e+003  4.8812983e+000  1.7743962e+001
  6.1300000e+003  4.6154164e+000  1.7858762e+001
  6.2500000e+003  4.3742749e+000  1.7957451e+001
  6.3800000e+003  4.1167250e+000  1.8056835e+001
  6.5000000e+003  3.8819357e+000  1.8142882e+001
  6.6300000e+003  3.6311558e+000  1.8229243e+001
  6.7500000e+003  3.4041219e+000  1.8303187e+001
  6.8800000e+003  3.1609068e+000  1.8377438e+001
  7.0000000e+003  2.9397681e+000  1.8440563e+001
  7.1300000e+003  2.7041143e+000  1.8504194e+001
  7.2500000e+003  2.4894350e+000  1.8557163e+001
  7.3800000e+003  2.2602691e+000  1.8610037e+001
  7.5000000e+003  2.0520756e+000  1.8655632e+001
  7.6300000e+003  1.8292679e+000  1.8699476e+001
  7.7500000e+003  1.6264825e+000  1.8736945e+001
  7.8800000e+003  1.4101781e+000  1.8773598e+001
  8.0000000e+003  1.2141762e+000  1.8803368e+001
  8.1300000e+003  1.0039434e+000  1.8833616e+001
  8.2500000e+003  8.1149717e-001  1.8857443e+001
  8.3800000e+003  6.0580808e-001  1.8879607e+001
  8.5000000e+003  4.1901603e-001  1.8897885e+001
  8.6300000e+003  2.1899866e-001  1.8914847e+001
  8.7500000e+003  3.6568804e-002  1.8927005e+001
  8.8800000e+003 -1.5796962e-001  1.8937040e+001
  9.0000000e+003 -3.3601625e-001  1.8945218e+001
  9.1300000e+003 -5.2657332e-001  1.8951931e+001
  9.2500000e+003 -7.0016483e-001  1.8954975e+001
  9.3800000e+003 -8.8659118e-001  1.8955565e+001
  9.5000000e+003 -1.0559415e+000  1.8954763e+001
  9.6300000e+003 -1.2372791e+000  1.8951828e+001
  9.7500000e+003 -1.4034648e+000  1.8947310e+001
  9.8800000e+003 -1.5812844e+000  1.8940396e+001
  1.0000000e+004 -1.7434872e+000  1.8931414e+001
  1.1300000e+004 -3.3988861e+000  1.8746150e+001
  1.2500000e+004 -4.7873817e+000  1.8445969e+001
  1.3800000e+004 -6.1557281e+000  1.8007508e+001
  1.5000000e+004 -7.3240278e+000  1.7524494e+001
  1.6300000e+004 -8.4941470e+000  1.6931810e+001
  1.7500000e+004 -9.4901708e+000  1.6324475e+001
  1.8800000e+004 -1.0489499e+001  1.5611006e+001
  2.0000000e+004 -1.1339293e+001  1.4906273e+001
  2.1300000e+004 -1.2182647e+001  1.4095565e+001
  2.2500000e+004 -1.2890784e+001  1.3313094e+001
  2.3800000e+004 -1.3586233e+001  1.2430841e+001
  2.5000000e+004 -1.4158024e+001  1.1590690e+001
  2.6300000e+004 -1.4710694e+001  1.0655128e+001
  2.7500000e+004 -1.5155978e+001  9.7767636e+000
  2.8800000e+004 -1.5565927e+001  8.8041505e+000
  3.0000000e+004 -1.5880499e+001  7.8965930e+000
  3.1300000e+004 -1.6155727e+001  6.9088428e+000
  3.2500000e+004 -1.6343166e+001  5.9937262e+000
  3.3800000e+004 -1.6482467e+001  5.0059290e+000
  3.5000000e+004 -1.6548358e+001  4.0989110e+000
  3.6300000e+004 -1.6552215e+001  3.1262906e+000
  3.7500000e+004 -1.6506757e+001  2.2417239e+000
  3.8800000e+004 -1.6392462e+001  1.3069196e+000
  4.0000000e+004 -1.6232870e+001  4.6060000e-001
  4.1300000e+004 -1.6007543e+001 -4.2670004e-001
  4.2500000e+004 -1.5745358e+001 -1.2154669e+000
  4.3800000e+004 -1.5415637e+001 -2.0387807e+000
  4.5000000e+004 -1.5073409e+001 -2.7647577e+000
  4.6300000e+004 -1.4655521e+001 -3.5117191e+000
  4.7500000e+004 -1.4234955e+001 -4.1618984e+000
  4.8800000e+004 -1.3750069e+001 -4.8232618e+000
  5.0000000e+004 -1.3272038e+001 -5.3937162e+000
  5.1300000e+004 -1.2728569e+001 -5.9681553e+000
  5.2500000e+004 -1.2206082e+001 -6.4544302e+000
  5.3800000e+004 -1.1619661e+001 -6.9313875e+000
  5.5000000e+004 -1.1068388e+001 -7.3304003e+000
  5.6300000e+004 -1.0457706e+001 -7.7162588e+000
  5.7500000e+004 -9.8892094e+000 -8.0255269e+000
  5.8800000e+004 -9.2699690e+000 -8.3215361e+000
  6.0000000e+004 -8.6984769e+000 -8.5512476e+000
  6.1300000e+004 -8.0802963e+000 -8.7549945e+000
  6.2500000e+004 -7.5153499e+000 -8.9067201e+000
  6.3800000e+004 -6.9150901e+000 -9.0323615e+000
  6.5000000e+004 -6.3696343e+000 -9.1149425e+000
  6.6300000e+004 -5.7933633e+000 -9.1700018e+000
  6.7500000e+004 -5.2749849e+000 -9.1876128e+000
  6.8800000e+004 -4.7295319e+000 -9.1766231e+000
  7.0000000e+004 -4.2420826e+000 -9.1394824e+000
  7.1300000e+004 -3.7333672e+000 -9.0744652e+000
  7.2500000e+004 -3.2836306e+000 -8.9945742e+000
  7.3800000e+004 -2.8152867e+000 -8.8822543e+000
  7.5000000e+004 -2.4044582e+000 -8.7622601e+000
  7.6300000e+004 -1.9801406e+000 -8.6131756e+000
  7.7500000e+004 -1.6106835e+000 -8.4649335e+000
  7.8800000e+004 -1.2304674e+000 -8.2877920e+000
  8.0000000e+004 -8.9828156e-001 -8.1133244e+000
  8.1300000e+004 -5.6033785e-001 -7.9158767e+000
  8.2500000e+004 -2.6714956e-001 -7.7258391e+000
  8.3800000e+004  2.7029596e-002 -7.5133366e+000
  8.5000000e+004  2.8327017e-001 -7.3139300e+000
  8.6300000e+004  5.4113083e-001 -7.0895529e+000
  8.7500000e+004  7.5869302e-001 -6.8820494e+000
  8.8800000e+004  9.8065213e-001 -6.6538279e+000
  9.0000000e+004  1.1671379e+000 -6.4422791e+000
  9.1300000e+004  1.3535067e+000 -6.2165015e+000
  9.2500000e+004  1.5107215e+000 -6.0052357e+000
  9.3800000e+004  1.6661183e+000 -5.7806102e+000
  9.5000000e+004  1.7944228e+000 -5.5769435e+000
  9.6300000e+004  1.9212611e+000 -5.3552069e+000
  9.7500000e+004  2.0285029e+000 -5.1536073e+000
  9.8800000e+004  2.1336403e+000 -4.9396786e+000
  1.0000000e+005  2.2182619e+000 -4.7477693e+000

