 6.250e+000 2.930e+000 0.000e+000 0.000e+000 0.000e+000 0.000e+000 0.000e+000 0.000e+000 0.000e+000 0.000e+000 0.000e+000 0.000e+000 0.000e+000 0.000e+000 0.000e+000 0.000e+000 0.000e+000 0.000e+000 0.000e+000
 7.500e+000 2.930e+000 0.000e+000 0.000e+000 0.000e+000 0.000e+000 0.000e+000 0.000e+000 0.000e+000 0.000e+000 0.000e+000 0.000e+000 0.000e+000 0.000e+000 0.000e+000 0.000e+000 0.000e+000 0.000e+000 0.000e+000
 8.750e+000 2.930e+000 0.000e+000 0.000e+000 0.000e+000 0.000e+000 0.000e+000 0.000e+000 0.000e+000 0.000e+000 0.000e+000 0.000e+000 0.000e+000 0.000e+000 0.000e+000 0.000e+000 0.000e+000 0.000e+000 0.000e+000
 1.000e+001 2.930e+000 0.000e+000 0.000e+000 0.000e+000 0.000e+000 0.000e+000 0.000e+000 0.000e+000 0.000e+000 0.000e+000 0.000e+000 0.000e+000 0.000e+000 0.000e+000 0.000e+000 0.000e+000 0.000e+000 0.000e+000
 1.130e+001 2.930e+000 2.700e+001 5.313e+001 8.800e+002-7.073e-001 1.700e+002 1.325e+003 1.072e+005 8.142e+001-1.401e+004 5.195e+000-2.574e+002 8.540e+001 5.188e+002 7.016e+002 3.077e+004 6.856e+002 4.414e+004
 1.250e+001 2.930e+000 0.000e+000 0.000e+000 0.000e+000 0.000e+000 0.000e+000 0.000e+000 0.000e+000 0.000e+000 0.000e+000 0.000e+000 0.000e+000 0.000e+000 0.000e+000 0.000e+000 0.000e+000 0.000e+000 0.000e+000
 1.380e+001 2.930e+000 0.000e+000 0.000e+000 0.000e+000 0.000e+000 0.000e+000 0.000e+000 0.000e+000 0.000e+000 0.000e+000 0.000e+000 0.000e+000 0.000e+000 0.000e+000 0.000e+000 0.000e+000 0.000e+000 0.000e+000
 1.500e+001 2.930e+000 2.700e+001 6.811e+001 6.835e+002 2.588e+000 2.552e+002 1.022e+003 4.560e+004-1.662e+002 1.230e+003 2.210e+001 2.562e+001 8.838e+001 2.430e+002 3.451e+002 1.211e+004 5.346e+002 1.722e+004
 1.630e+001 2.930e+000 0.000e+000 0.000e+000 0.000e+000 0.000e+000 0.000e+000 0.000e+000 0.000e+000 0.000e+000 0.000e+000 0.000e+000 0.000e+000 0.000e+000 0.000e+000 0.000e+000 0.000e+000 0.000e+000 0.000e+000
 1.750e+001 2.930e+000 2.700e+001 3.758e+001 1.949e+002 7.890e+000 1.441e+002 6.781e+002 3.751e+004 2.247e+002-5.415e+002 6.086e+000-2.968e+002 4.913e+001 2.669e+002 6.069e+001 4.147e+003 2.314e+002 1.285e+004
 1.880e+001 2.930e+000 0.000e+000 0.000e+000 0.000e+000 0.000e+000 0.000e+000 0.000e+000 0.000e+000 0.000e+000 0.000e+000 0.000e+000 0.000e+000 0.000e+000 0.000e+000 0.000e+000 0.000e+000 0.000e+000 0.000e+000
 2.000e+001 2.930e+000 2.700e+001 4.884e+001 1.424e+002 3.934e+000 1.177e+002 7.703e+002 3.333e+004 1.452e+002-3.239e+003-1.212e+001-3.754e+002 7.028e+001 2.298e+002 6.844e+001 3.929e+003 3.234e+002 9.433e+003
 2.130e+001 2.930e+000 0.000e+000 0.000e+000 0.000e+000 0.000e+000 0.000e+000 0.000e+000 0.000e+000 0.000e+000 0.000e+000 0.000e+000 0.000e+000 0.000e+000 0.000e+000 0.000e+000 0.000e+000 0.000e+000 0.000e+000
 2.250e+001 2.930e+000 0.000e+000 0.000e+000 0.000e+000 0.000e+000 0.000e+000 0.000e+000 0.000e+000 0.000e+000 0.000e+000 0.000e+000 0.000e+000 0.000e+000 0.000e+000 0.000e+000 0.000e+000 0.000e+000 0.000e+000
 2.380e+001 2.930e+000 2.400e+001 4.975e+001 2.443e+002 2.816e+000 2.246e+002 5.294e+002 1.664e+004 1.408e+001 2.332e+003 4.617e+000 2.969e+001 2.615e+001 2.010e+002 7.409e+001 2.982e+003 7.741e+001 8.114e+003
 2.500e+001 2.930e+000 0.000e+000 0.000e+000 0.000e+000 0.000e+000 0.000e+000 0.000e+000 0.000e+000 0.000e+000 0.000e+000 0.000e+000 0.000e+000 0.000e+000 0.000e+000 0.000e+000 0.000e+000 0.000e+000 0.000e+000
 2.630e+001 2.930e+000 2.700e+001 5.532e+001 1.554e+002 1.120e+001 1.195e+002 7.201e+002 1.719e+004 1.696e+002 1.331e+003-9.580e+000-9.481e+001 4.902e+001 1.106e+002 1.070e+002 1.369e+003 2.282e+002 6.730e+003
 2.750e+001 2.930e+000 0.000e+000 0.000e+000 0.000e+000 0.000e+000 0.000e+000 0.000e+000 0.000e+000 0.000e+000 0.000e+000 0.000e+000 0.000e+000 0.000e+000 0.000e+000 0.000e+000 0.000e+000 0.000e+000 0.000e+000
 2.880e+001 2.930e+000 2.700e+001 4.693e+001 2.895e+002 4.857e+000 1.090e+002 5.859e+002 1.749e+004-1.761e+002-1.098e+003 7.134e+000-6.892e+001 5.287e+001 1.458e+002 1.968e+002 3.096e+003 9.501e+001 4.115e+003
 3.000e+001 2.930e+000 0.000e+000 0.000e+000 0.000e+000 0.000e+000 0.000e+000 0.000e+000 0.000e+000 0.000e+000 0.000e+000 0.000e+000 0.000e+000 0.000e+000 0.000e+000 0.000e+000 0.000e+000 0.000e+000 0.000e+000
 3.130e+001 2.930e+000 0.000e+000 0.000e+000 0.000e+000 0.000e+000 0.000e+000 0.000e+000 0.000e+000 0.000e+000 0.000e+000 0.000e+000 0.000e+000 0.000e+000 0.000e+000 0.000e+000 0.000e+000 0.000e+000 0.000e+000
 3.250e+001 2.930e+000 2.400e+001 3.212e+001 1.666e+002 3.358e+000-3.608e+001 4.105e+002 1.209e+004-9.443e+001-3.382e+003-5.730e+000-1.448e+001 4.718e+001 1.797e+002 1.281e+002 1.525e+003 1.512e+002 5.161e+003
 3.380e+001 2.930e+000 0.000e+000 0.000e+000 0.000e+000 0.000e+000 0.000e+000 0.000e+000 0.000e+000 0.000e+000 0.000e+000 0.000e+000 0.000e+000 0.000e+000 0.000e+000 0.000e+000 0.000e+000 0.000e+000 0.000e+000
 3.500e+001 2.930e+000 2.700e+001 3.322e+001-5.108e+001 4.372e+000-9.881e-001 2.614e+002 1.164e+004-5.890e+001-2.901e+001-7.741e+000-6.130e+001 2.960e+001 1.490e+002 7.665e+001-5.957e+002 1.484e+002 4.773e+003
 3.630e+001 2.930e+000 0.000e+000 0.000e+000 0.000e+000 0.000e+000 0.000e+000 0.000e+000 0.000e+000 0.000e+000 0.000e+000 0.000e+000 0.000e+000 0.000e+000 0.000e+000 0.000e+000 0.000e+000 0.000e+000 0.000e+000
 3.750e+001 2.930e+000 2.700e+001 7.078e+001 1.594e+002 9.677e+000 3.752e+000 4.728e+002 1.466e+004-6.819e+001-1.282e+003-2.379e+001-1.173e+002 5.136e+001-9.500e+000 1.396e+002-3.624e+002 6.614e+001 2.648e+003
 3.880e+001 2.930e+000 0.000e+000 0.000e+000 0.000e+000 0.000e+000 0.000e+000 0.000e+000 0.000e+000 0.000e+000 0.000e+000 0.000e+000 0.000e+000 0.000e+000 0.000e+000 0.000e+000 0.000e+000 0.000e+000 0.000e+000
 4.000e+001 2.930e+000 0.000e+000 0.000e+000 0.000e+000 0.000e+000 0.000e+000 0.000e+000 0.000e+000 0.000e+000 0.000e+000 0.000e+000 0.000e+000 0.000e+000 0.000e+000 0.000e+000 0.000e+000 0.000e+000 0.000e+000
 4.130e+001 2.930e+000 2.700e+001 2.090e+002 2.324e+002 6.914e+001-4.151e+001 1.899e+002 2.865e+004-4.912e+002-3.790e+003-1.143e+002 3.195e+002 1.286e+002-2.460e+002 4.623e+002-4.202e+003-2.028e+002 4.763e+003
 4.250e+001 2.930e+000 0.000e+000 0.000e+000 0.000e+000 0.000e+000 0.000e+000 0.000e+000 0.000e+000 0.000e+000 0.000e+000 0.000e+000 0.000e+000 0.000e+000 0.000e+000 0.000e+000 0.000e+000 0.000e+000 0.000e+000
 4.380e+001 2.930e+000 2.700e+001 4.247e+002 2.232e+002 1.425e+002-2.967e+002-8.556e+002 5.101e+004-9.813e+002-4.454e+003-2.231e+002 9.146e+002 2.025e+002-4.987e+002 1.570e+003-1.281e+004-8.657e+002 9.557e+003
 4.500e+001 2.930e+000 0.000e+000 0.000e+000 0.000e+000 0.000e+000 0.000e+000 0.000e+000 0.000e+000 0.000e+000 0.000e+000 0.000e+000 0.000e+000 0.000e+000 0.000e+000 0.000e+000 0.000e+000 0.000e+000 0.000e+000
 4.630e+001 2.930e+000 2.700e+001 6.272e+002 3.215e+002 1.472e+002-4.874e+002 4.979e+003 1.002e+005 2.390e+002-8.301e+003-2.196e+002-7.423e+002 1.587e+002-2.107e+002 5.814e+002-6.487e+003-3.771e+002 3.879e+003
 4.750e+001 2.930e+000 0.000e+000 0.000e+000 0.000e+000 0.000e+000 0.000e+000 0.000e+000 0.000e+000 0.000e+000 0.000e+000 0.000e+000 0.000e+000 0.000e+000 0.000e+000 0.000e+000 0.000e+000 0.000e+000 0.000e+000
 4.880e+001 2.930e+000 0.000e+000 0.000e+000 0.000e+000 0.000e+000 0.000e+000 0.000e+000 0.000e+000 0.000e+000 0.000e+000 0.000e+000 0.000e+000 0.000e+000 0.000e+000 0.000e+000 0.000e+000 0.000e+000 0.000e+000
 5.000e+001 2.930e+000 2.700e+001 1.419e+005 5.079e+005 2.680e+004-1.433e+005 1.219e+006 1.235e+007 4.183e+005-1.024e+006-5.216e+004-3.526e+005 2.563e+004 6.593e+004-5.848e+004-1.022e+006-6.319e+003 1.759e+005
 5.130e+001 2.930e+000 0.000e+000 0.000e+000 0.000e+000 0.000e+000 0.000e+000 0.000e+000 0.000e+000 0.000e+000 0.000e+000 0.000e+000 0.000e+000 0.000e+000 0.000e+000 0.000e+000 0.000e+000 0.000e+000 0.000e+000
 5.250e+001 2.930e+000 2.700e+001 5.030e+002-6.486e+002 7.816e+001-2.250e+002 5.074e+003 8.692e+004 4.715e+001-4.572e+003-1.621e+002-1.482e+003 9.773e+001-2.476e+001 3.009e+002-4.168e+003-8.175e+001 3.613e+003
 5.380e+001 2.930e+000 0.000e+000 0.000e+000 0.000e+000 0.000e+000 0.000e+000 0.000e+000 0.000e+000 0.000e+000 0.000e+000 0.000e+000 0.000e+000 0.000e+000 0.000e+000 0.000e+000 0.000e+000 0.000e+000 0.000e+000
 5.500e+001 2.930e+000 0.000e+000 0.000e+000 0.000e+000 0.000e+000 0.000e+000 0.000e+000 0.000e+000 0.000e+000 0.000e+000 0.000e+000 0.000e+000 0.000e+000 0.000e+000 0.000e+000 0.000e+000 0.000e+000 0.000e+000
 5.630e+001 2.930e+000 2.700e+001 2.059e+002-8.763e+001 4.445e+001-4.530e+001 1.315e+003 3.717e+004-1.710e+002 4.068e+002-8.853e+001-4.640e+001 8.320e+001-1.579e+001 1.203e+002-5.256e+003-1.737e+002 2.171e+003
 5.750e+001 2.930e+000 0.000e+000 0.000e+000 0.000e+000 0.000e+000 0.000e+000 0.000e+000 0.000e+000 0.000e+000 0.000e+000 0.000e+000 0.000e+000 0.000e+000 0.000e+000 0.000e+000 0.000e+000 0.000e+000 0.000e+000
 5.880e+001 2.930e+000 2.700e+001 9.571e+001-2.648e-001 2.596e+001-3.021e+000-1.890e+002 2.003e+004-4.376e+002-1.661e+003-4.273e+001 2.540e+002 5.363e+001-1.080e+002 2.934e+002-4.305e+003-1.116e+002 3.052e+003
 6.000e+001 2.930e+000 0.000e+000 0.000e+000 0.000e+000 0.000e+000 0.000e+000 0.000e+000 0.000e+000 0.000e+000 0.000e+000 0.000e+000 0.000e+000 0.000e+000 0.000e+000 0.000e+000 0.000e+000 0.000e+000 0.000e+000
 6.130e+001 2.930e+000 2.700e+001 6.640e+001 7.125e+001 1.059e+001-5.957e-001 3.231e+002 1.165e+004-1.879e+002-8.775e+002-1.714e+001-6.270e+001 2.421e+001-3.197e+001 1.702e+002-5.493e+002-1.214e+001 1.325e+003
 6.250e+001 2.930e+000 0.000e+000 0.000e+000 0.000e+000 0.000e+000 0.000e+000 0.000e+000 0.000e+000 0.000e+000 0.000e+000 0.000e+000 0.000e+000 0.000e+000 0.000e+000 0.000e+000 0.000e+000 0.000e+000 0.000e+000
 6.380e+001 2.930e+000 0.000e+000 0.000e+000 0.000e+000 0.000e+000 0.000e+000 0.000e+000 0.000e+000 0.000e+000 0.000e+000 0.000e+000 0.000e+000 0.000e+000 0.000e+000 0.000e+000 0.000e+000 0.000e+000 0.000e+000
 6.500e+001 2.930e+000 2.700e+001 3.792e+001 8.042e+001 7.623e+000 3.488e+001 2.735e+002 8.075e+003 9.245e+000-1.466e+002-8.732e+000-1.673e+001 2.128e+001 3.448e+001 3.061e+001-5.243e+002 4.730e+001 1.065e+003
 6.630e+001 2.930e+000 0.000e+000 0.000e+000 0.000e+000 0.000e+000 0.000e+000 0.000e+000 0.000e+000 0.000e+000 0.000e+000 0.000e+000 0.000e+000 0.000e+000 0.000e+000 0.000e+000 0.000e+000 0.000e+000 0.000e+000
 6.750e+001 2.930e+000 2.700e+001 2.707e+001 4.844e+001 2.517e+000-8.406e-001 2.742e+002 7.671e+003-6.023e+001-8.728e+002-1.013e+001-1.434e+002 2.656e+001 9.012e+001 2.508e+001-1.756e+002 7.220e+001 1.126e+003
 6.880e+001 2.930e+000 0.000e+000 0.000e+000 0.000e+000 0.000e+000 0.000e+000 0.000e+000 0.000e+000 0.000e+000 0.000e+000 0.000e+000 0.000e+000 0.000e+000 0.000e+000 0.000e+000 0.000e+000 0.000e+000 0.000e+000
 7.000e+001 2.930e+000 2.700e+001 1.776e+001 1.973e+001-2.015e-001 7.597e+000 2.262e+002 6.045e+003-8.664e+001-2.456e+002-4.340e+000-5.150e+001 1.449e+001 4.837e+001 1.845e+001 8.413e+001 3.428e+001 8.094e+002
 7.130e+001 2.930e+000 0.000e+000 0.000e+000 0.000e+000 0.000e+000 0.000e+000 0.000e+000 0.000e+000 0.000e+000 0.000e+000 0.000e+000 0.000e+000 0.000e+000 0.000e+000 0.000e+000 0.000e+000 0.000e+000 0.000e+000
 7.250e+001 2.930e+000 0.000e+000 0.000e+000 0.000e+000 0.000e+000 0.000e+000 0.000e+000 0.000e+000 0.000e+000 0.000e+000 0.000e+000 0.000e+000 0.000e+000 0.000e+000 0.000e+000 0.000e+000 0.000e+000 0.000e+000
 7.380e+001 2.930e+000 2.700e+001 1.722e+001 2.621e+001-1.684e+000-1.001e+001 2.021e+002 5.193e+003-9.000e+001-4.651e+002-3.468e+000-7.927e+001 1.318e+001 6.055e+001 3.012e+001 9.098e+001 5.151e+001 8.318e+002
 7.500e+001 2.930e+000 0.000e+000 0.000e+000 0.000e+000 0.000e+000 0.000e+000 0.000e+000 0.000e+000 0.000e+000 0.000e+000 0.000e+000 0.000e+000 0.000e+000 0.000e+000 0.000e+000 0.000e+000 0.000e+000 0.000e+000
 7.630e+001 2.930e+000 2.700e+001 1.373e+001 5.660e+001 1.553e+000 1.876e+001 1.505e+002 4.503e+003-5.923e+001 5.356e+000 1.700e+000 2.870e+001 1.166e+001 5.453e+001 2.980e+001 2.080e+002 4.154e+001 1.083e+003
 7.750e+001 2.930e+000 0.000e+000 0.000e+000 0.000e+000 0.000e+000 0.000e+000 0.000e+000 0.000e+000 0.000e+000 0.000e+000 0.000e+000 0.000e+000 0.000e+000 0.000e+000 0.000e+000 0.000e+000 0.000e+000 0.000e+000
 7.880e+001 2.930e+000 2.700e+001 1.166e+001 7.375e+001 1.170e+000 1.091e+001 1.238e+002 3.664e+003-2.549e+001-2.682e+002-1.291e+000-1.609e+001 1.601e+001 7.814e+001 1.692e+000-3.008e+001 8.641e+001 1.207e+003
 8.000e+001 2.930e+000 0.000e+000 0.000e+000 0.000e+000 0.000e+000 0.000e+000 0.000e+000 0.000e+000 0.000e+000 0.000e+000 0.000e+000 0.000e+000 0.000e+000 0.000e+000 0.000e+000 0.000e+000 0.000e+000 0.000e+000
 8.130e+001 2.930e+000 0.000e+000 0.000e+000 0.000e+000 0.000e+000 0.000e+000 0.000e+000 0.000e+000 0.000e+000 0.000e+000 0.000e+000 0.000e+000 0.000e+000 0.000e+000 0.000e+000 0.000e+000 0.000e+000 0.000e+000
 8.250e+001 2.930e+000 2.700e+001 1.351e+001 6.646e+001-1.336e+000 2.663e+000 1.585e+002 4.215e+003-3.642e+001-7.045e+001-1.597e+000-2.128e+001 8.174e+000 3.677e+001 3.348e+001 3.755e+002 2.151e+001 6.291e+002
 8.380e+001 2.930e+000 0.000e+000 0.000e+000 0.000e+000 0.000e+000 0.000e+000 0.000e+000 0.000e+000 0.000e+000 0.000e+000 0.000e+000 0.000e+000 0.000e+000 0.000e+000 0.000e+000 0.000e+000 0.000e+000 0.000e+000
 8.500e+001 2.930e+000 2.700e+001 1.651e+001 6.437e+001-1.300e+000 1.283e+001 1.933e+002 4.289e+003-3.102e+001-1.705e+002-9.171e-001-3.026e+001 9.764e+000 5.801e+001 4.048e+001 4.097e+002 3.923e+001 8.371e+002
 8.630e+001 2.930e+000 0.000e+000 0.000e+000 0.000e+000 0.000e+000 0.000e+000 0.000e+000 0.000e+000 0.000e+000 0.000e+000 0.000e+000 0.000e+000 0.000e+000 0.000e+000 0.000e+000 0.000e+000 0.000e+000 0.000e+000
 8.750e+001 2.930e+000 2.700e+001 1.403e+001 4.020e+001 2.801e+000 2.379e+001 1.763e+002 4.108e+003-3.718e+000 3.249e+001-9.493e-001-1.864e+001 1.158e+001 4.706e+001 1.170e+000-8.819e+001 6.044e+001 8.935e+002
 8.880e+001 2.930e+000 0.000e+000 0.000e+000 0.000e+000 0.000e+000 0.000e+000 0.000e+000 0.000e+000 0.000e+000 0.000e+000 0.000e+000 0.000e+000 0.000e+000 0.000e+000 0.000e+000 0.000e+000 0.000e+000 0.000e+000
 9.000e+001 2.930e+000 0.000e+000 0.000e+000 0.000e+000 0.000e+000 0.000e+000 0.000e+000 0.000e+000 0.000e+000 0.000e+000 0.000e+000 0.000e+000 0.000e+000 0.000e+000 0.000e+000 0.000e+000 0.000e+000 0.000e+000
 9.130e+001 2.930e+000 2.700e+001 6.542e+000 2.477e+001 1.372e+000 5.779e+000 8.147e+001 2.799e+003-9.068e+000-1.467e+002-8.915e-001-2.516e+001 6.367e+000 3.130e+001 5.636e+000 7.487e+000 3.256e+001 5.360e+002
 9.250e+001 2.930e+000 0.000e+000 0.000e+000 0.000e+000 0.000e+000 0.000e+000 0.000e+000 0.000e+000 0.000e+000 0.000e+000 0.000e+000 0.000e+000 0.000e+000 0.000e+000 0.000e+000 0.000e+000 0.000e+000 0.000e+000
 9.380e+001 2.930e+000 2.700e+001 1.257e+001 1.635e+001-8.808e-001-4.094e+000 1.874e+002 4.287e+003-2.706e+001-2.517e+002-1.659e+000-3.333e+001 3.287e+000 1.413e+001 5.576e-001-2.045e+002 1.373e+001 2.799e+002
 9.500e+001 2.930e+000 0.000e+000 0.000e+000 0.000e+000 0.000e+000 0.000e+000 0.000e+000 0.000e+000 0.000e+000 0.000e+000 0.000e+000 0.000e+000 0.000e+000 0.000e+000 0.000e+000 0.000e+000 0.000e+000 0.000e+000
 9.630e+001 2.930e+000 2.700e+001 6.747e+000 2.687e+001-2.209e-001-5.402e+000 7.610e+001 1.986e+003-5.772e+000-1.477e+002-1.877e+000-3.806e+001 2.290e+000 7.790e+000 1.859e+000-1.561e+002 7.916e+000 1.772e+002
 9.750e+001 2.930e+000 0.000e+000 0.000e+000 0.000e+000 0.000e+000 0.000e+000 0.000e+000 0.000e+000 0.000e+000 0.000e+000 0.000e+000 0.000e+000 0.000e+000 0.000e+000 0.000e+000 0.000e+000 0.000e+000 0.000e+000
 9.880e+001 2.930e+000 0.000e+000 0.000e+000 0.000e+000 0.000e+000 0.000e+000 0.000e+000 0.000e+000 0.000e+000 0.000e+000 0.000e+000 0.000e+000 0.000e+000 0.000e+000 0.000e+000 0.000e+000 0.000e+000 0.000e+000
 1.000e+002 2.930e+000 5.100e+001 2.168e+001-1.989e+002-2.300e-001-1.167e+001 6.461e+001 3.850e+003-6.097e+001-2.354e+001-1.309e+000-2.478e+001 8.144e+000-2.709e+001-3.726e-001-3.481e+002 2.539e+001 3.554e+002
 1.130e+002 2.930e+000 8.700e+001 2.176e+001 9.224e+001-3.033e+000-1.761e+001 3.435e+002 8.257e+003-6.128e+001-6.511e+002-5.654e-001-8.412e+001 1.816e+001 9.153e+001 4.954e+001 1.597e+002 8.900e+001 1.361e+003
 1.250e+002 2.930e+000 8.700e+001 2.799e+001 1.645e+002-3.492e+000 2.608e+001 4.453e+002 1.049e+004-9.937e+001-3.449e+002 2.517e+000-3.395e+001 2.057e+001 1.190e+002 5.541e+001 5.946e+002 1.057e+002 1.683e+003
 1.380e+002 2.930e+000 1.170e+002 2.341e+001 9.067e+001-1.083e+000-2.731e+000 3.835e+002 9.397e+003-3.433e+001-3.748e+002-5.136e+000-1.306e+002 1.784e+001 8.475e+001-4.651e+000-4.530e+002 1.042e+002 1.593e+003
 1.500e+002 2.930e+000 6.000e+001 1.330e+001 1.648e+002-8.889e-001-3.029e+001 1.912e+002 7.089e+003 5.624e+001-1.931e+002-4.056e+000-9.696e+001 3.997e+000 2.164e+001-1.715e+001-1.233e+003 2.727e+001 5.285e+002
 1.630e+002 2.930e+000 9.000e+001 3.776e+001 1.910e+002-9.754e+000-1.240e+001 5.669e+002 1.118e+004-1.820e+002-1.155e+003 2.211e+000-9.209e+001 2.271e+001 1.303e+002 1.042e+002 7.702e+002 1.367e+002 2.032e+003
 1.750e+002 2.930e+000 8.400e+001 6.256e+001 3.116e+002-6.605e+000 8.136e+001 8.642e+002 1.523e+004-1.024e+002 1.196e+002 4.800e+000-3.544e+001 3.129e+001 2.020e+002 1.474e+002 1.537e+003 2.024e+002 3.386e+003
 1.880e+002 2.930e+000 1.110e+002 1.092e+002 5.286e+002-1.328e+001 2.494e+001 1.411e+003 2.429e+004-2.904e+002-1.787e+003-1.012e+001-2.477e+002 6.065e+001 3.190e+002 2.033e+002 2.278e+003 3.133e+002 4.828e+003
 2.000e+002 2.930e+000 9.000e+001 1.679e+003 3.187e+003 1.411e+002-1.326e+003 1.294e+004 1.132e+005 2.330e+003-1.278e+004-8.038e+002-5.853e+003 4.771e+002 8.235e+002 1.200e+003 5.546e+003-3.969e+002 7.164e+003
 2.130e+002 2.930e+000 8.700e+001 8.458e+001 4.119e+002-1.587e+001 3.380e+001 1.256e+003 2.503e+004-3.416e+002-1.538e+003-4.430e+000-2.963e+002 4.462e+001 1.938e+002 1.182e+002-4.304e+002 3.360e+002 5.284e+003
 2.250e+002 2.930e+000 1.350e+002 2.062e+002 9.880e+002-3.937e+001 1.020e+002 3.628e+003 7.234e+004-6.258e+002 1.868e+003-3.920e+001-1.082e+003 7.078e+001 1.539e+002-4.640e+002-1.035e+004 5.607e+002 8.568e+003
 2.380e+002 2.930e+000 1.080e+002 6.520e+002 2.461e+003-1.407e+002-3.726e+002 1.227e+004 2.434e+005-1.700e+003 3.589e+003-2.979e+002-6.350e+003 2.242e+002-3.945e+002-3.536e+003-7.040e+004 2.271e+003 2.750e+004
 2.500e+002 2.930e+000 1.080e+002 2.545e+004 8.779e+004-4.863e+003-9.131e+003 4.645e+005 8.794e+006-4.774e+004 3.074e+005-1.203e+004-2.363e+005 6.879e+003-2.328e+004-1.398e+005-2.587e+006 7.062e+004 8.130e+005
 2.630e+002 2.930e+000 1.080e+002 6.821e+002 2.500e+003-1.282e+002-2.316e+002 1.173e+004 2.144e+005-1.391e+003 3.352e+003-2.801e+002-5.450e+003 1.962e+002-2.769e+002-2.846e+003-5.143e+004 1.733e+003 1.900e+004
 2.750e+002 2.930e+000 1.350e+002 2.067e+002 7.633e+002-2.110e+001 2.111e+002 3.333e+003 5.955e+004-2.362e+002 3.649e+003-6.623e+001-1.245e+003 8.078e+001 1.330e+002-5.902e+002-9.803e+003 6.216e+002 8.272e+003
 2.880e+002 2.930e+000 1.020e+002 1.507e+002 8.183e+002-2.639e+001-1.978e+001 2.254e+003 4.013e+004-2.733e+002-1.337e+003-3.868e+001-7.743e+002 5.524e+001 1.688e+002-2.184e+001-1.074e+003 2.958e+002 3.722e+003
 3.000e+002 2.930e+000 1.080e+002 1.118e+003 6.866e+003-1.148e+002-1.658e+003 1.790e+004 3.320e+005 2.053e+003-1.620e+004-6.451e+002-1.118e+004 4.467e+002 1.056e+003-1.922e+003-4.249e+004 1.663e+003 1.082e+004
 3.130e+002 2.930e+000 1.050e+002 1.123e+002 4.672e+002 2.891e-002 1.457e+002 1.521e+003 2.564e+004-4.461e+001 3.743e+002-2.896e+001-4.517e+002 4.693e+001 9.819e+001 7.955e+001 8.740e+002 2.340e+002 3.401e+003
 3.250e+002 2.930e+000 1.200e+002 1.002e+002 2.939e+002 1.260e+000 1.311e+002 1.138e+003 1.833e+004-2.226e+002 7.472e+001-3.737e+001-3.075e+002 7.010e+001 1.002e+002 1.497e+002 2.634e+003 1.742e+002 2.902e+003
 3.380e+002 2.930e+000 6.900e+001 1.765e+002 7.448e+001 5.174e+001 3.704e+002 1.145e+003 1.072e+004 1.782e+002 1.714e+003-1.096e+002-6.442e+002 1.078e+002-2.992e+002 3.148e+002 1.655e+003 3.028e+000 2.668e+003
 3.500e+002 2.930e+000 9.900e+001 4.397e+003-7.488e+003 1.952e+003 1.273e+004 1.526e+004 9.185e+004-1.031e+002 6.174e+004-3.553e+003-1.556e+004 3.924e+003-1.577e+004 1.056e+004 5.572e+003-2.980e+003 7.114e+004
 3.630e+002 2.930e+000 7.800e+001 1.379e+002-2.145e+001 3.833e+001 2.712e+002 8.169e+002 1.025e+004-6.822e+001 6.889e+002-9.252e+001-4.966e+002 1.120e+002-2.476e+002 2.936e+002 4.252e+002 8.866e+000 2.979e+003
 3.750e+002 2.930e+000 9.900e+001 8.780e+001 3.190e+002 5.412e+000 1.406e+002 9.320e+002 1.459e+004-9.220e+001-2.008e+002-2.166e+001-1.774e+002 5.400e+001 1.337e+002 2.285e+002 2.687e+003 1.859e+002 3.813e+003
 3.880e+002 2.930e+000 6.900e+001 4.458e+001 2.175e+002-1.194e+000 5.922e+001 5.988e+002 1.107e+004-1.504e+002-4.704e+002-4.090e+000-4.742e+001 3.319e+001 1.298e+002 1.102e+002 1.944e+003 1.565e+002 2.132e+003
 4.000e+002 2.930e+000 9.900e+001 9.022e+001 4.589e+002-4.608e+000 3.391e+001 1.180e+003 1.929e+004-5.265e+001-8.377e+002-1.891e+001-2.973e+002 3.150e+001 1.228e+002 1.323e+002 1.593e+003 1.538e+002 2.550e+003
 4.130e+002 2.930e+000 1.320e+002 7.515e+001 4.399e+002-7.326e+000-3.374e+000 1.097e+003 2.039e+004-1.366e+002-1.507e+003-1.621e+001-3.087e+002 4.731e+001 2.134e+002 9.979e+001 1.331e+003 2.522e+002 3.315e+003
 4.250e+002 2.930e+000 1.080e+002 8.316e+001 4.437e+002-1.829e+000 1.720e+001 1.180e+003 2.023e+004 2.104e+001-7.344e+002-2.185e+001-3.574e+002 3.508e+001 1.489e+002 6.138e+001 7.732e+002 1.795e+002 2.491e+003
 4.380e+002 2.930e+000 1.080e+002 1.803e+002 1.051e+003-8.269e+000-2.236e+002 2.558e+003 4.363e+004 2.368e+002-3.710e+003-7.162e+001-1.069e+003 6.368e+001 2.704e+002-1.050e+000-1.312e+003 2.210e+002 2.834e+003
 4.500e+002 2.930e+000 1.080e+002 2.704e+003 1.742e+004-1.653e+001-6.559e+003 3.622e+004 6.001e+005 9.052e+003-7.567e+004-1.453e+003-1.962e+004 8.418e+002 3.825e+003-2.011e+003-7.022e+004 1.457e+003 2.205e+004
 4.630e+002 2.930e+000 1.350e+002 1.374e+002 8.901e+002-1.266e+000-1.638e+002 1.917e+003 3.406e+004 1.937e+002-2.934e+003-4.840e+001-7.007e+002 5.652e+001 2.524e+002-6.343e+000-1.225e+003 2.505e+002 3.237e+003
 4.750e+002 2.930e+000 1.080e+002 1.020e+002 5.701e+002-1.495e+001-7.518e+001 1.482e+003 2.556e+004-9.307e+001-2.055e+003-2.738e+001-5.059e+002 3.406e+001 1.632e+002 1.042e+002 9.029e+002 1.553e+002 2.321e+003
 4.880e+002 2.930e+000 1.080e+002 1.027e+002 5.732e+002-4.086e+000-8.700e+001 1.509e+003 2.628e+004 9.973e+001-1.417e+003-4.373e+001-6.731e+002 4.979e+001 1.788e+002-8.154e+001-1.551e+003 2.444e+002 2.422e+003
 5.000e+002 2.930e+000 9.900e+001 1.713e+002 1.095e+003-1.885e+001-2.680e+002 2.751e+003 5.586e+004 1.252e+002-3.065e+003-7.509e+001-1.356e+003 6.124e+001 2.271e+002-1.700e+002-5.969e+003 2.934e+002 3.440e+003
 5.130e+002 2.930e+000 1.350e+002 3.505e+002 1.455e+003-1.644e+001-3.524e+002 5.111e+003 8.184e+004 3.970e+002-4.252e+003-1.805e+002-2.744e+003 1.402e+002 3.522e+002-4.399e+002-7.906e+003 5.415e+002 4.030e+003
 5.250e+002 2.930e+000 1.080e+002 6.898e+002 2.883e+003-6.011e+001-1.046e+003 9.973e+003 1.569e+005 6.715e+002-1.220e+004-3.838e+002-5.821e+003 2.656e+002 6.947e+002-8.491e+002-1.655e+004 8.256e+002 5.248e+003
 5.380e+002 2.930e+000 1.080e+002 3.015e+003 1.222e+004-1.312e+002-4.366e+003 4.266e+004 6.539e+005 5.411e+003-4.128e+004-1.824e+003-2.636e+004 1.176e+003 2.636e+003-5.268e+003-9.197e+004 3.701e+003 1.841e+004
 5.500e+002 2.930e+000 1.080e+002 1.409e+005 5.658e+005-9.743e+003-2.379e+005 1.974e+006 2.992e+007 2.197e+005-2.367e+006-8.872e+004-1.282e+006 5.839e+004 1.371e+005-2.406e+005-4.326e+006 1.736e+005 8.406e+005
 5.630e+002 2.930e+000 1.350e+002 4.107e+003 1.637e+004-2.888e+002-6.661e+003 5.678e+004 8.514e+005 5.766e+003-6.809e+004-2.477e+003-3.541e+004 1.598e+003 3.863e+003-6.273e+003-1.129e+005 4.665e+003 2.409e+004
 5.750e+002 2.930e+000 1.080e+002 6.086e+002 2.446e+003-2.945e+001-7.544e+002 8.198e+003 1.209e+005 9.022e+002-7.560e+003-3.413e+002-4.698e+003 2.267e+002 5.388e+002-7.599e+002-1.289e+004 6.595e+002 3.936e+003
 5.880e+002 2.930e+000 1.080e+002 2.682e+002 1.063e+003-2.637e+001-4.304e+002 3.623e+003 5.389e+004 1.281e+002-5.639e+003-1.459e+002-2.079e+003 1.177e+002 3.549e+002-2.250e+002-4.425e+003 3.888e+002 3.113e+003
 6.000e+002 2.930e+000 1.350e+002 2.496e+002 1.049e+003-1.700e+001-2.478e+002 3.395e+003 5.178e+004 1.675e+002-3.192e+003-1.187e+002-1.717e+003 9.846e+001 2.588e+002-2.387e+002-4.478e+003 4.367e+002 3.967e+003
 6.130e+002 2.930e+000 1.080e+002 1.163e+002 4.672e+002-1.693e+001-1.482e+002 1.567e+003 2.367e+004-1.117e+002-2.662e+003-4.933e+001-7.327e+002 5.021e+001 1.760e+002 1.220e+001-1.122e+002 1.943e+002 2.019e+003
 6.250e+002 2.930e+000 1.080e+002 9.599e+001 4.010e+002-2.993e+000-9.964e+000 1.269e+003 1.918e+004 4.351e+001-6.018e+002-3.503e+001-4.665e+002 3.584e+001 1.015e+002 1.137e+001 3.857e+002 1.458e+002 1.506e+003
 6.380e+002 2.930e+000 1.080e+002 8.936e+001 3.102e+002-5.246e-001 8.633e+000 1.287e+003 2.067e+004 3.983e+001-3.938e+002-3.177e+001-4.640e+002 3.549e+001 9.841e+001 1.012e+001 3.285e+002 1.630e+002 1.722e+003
 6.500e+002 2.930e+000 1.320e+002 3.131e+003 1.191e+004 4.047e+002 1.004e+003 5.547e+004 1.032e+006 1.463e+004 4.624e+004-1.968e+003-3.345e+004 1.366e+003 5.011e+002-7.639e+003-1.331e+005 5.325e+003 2.237e+004
 6.630e+002 2.930e+000 1.080e+002 7.872e+001 4.004e+002-3.834e+000-2.700e+001 1.157e+003 1.983e+004 4.847e+001-8.005e+002-3.126e+001-4.871e+002 3.556e+001 1.042e+002-1.044e+000-6.005e+001 1.608e+002 1.598e+003
 6.750e+002 2.930e+000 1.050e+002 5.759e+001 2.907e+002-9.170e-001 3.395e+001 7.762e+002 1.237e+004 2.776e+001-6.651e+000-1.437e+001-1.949e+002 2.112e+001 6.537e+001 4.836e+001 9.663e+002 1.033e+002 1.216e+003
 6.880e+002 2.930e+000 1.020e+002 3.776e+001 1.875e+002-4.878e+000-5.338e+000 4.999e+002 8.032e+003-7.042e+001-6.843e+002-9.396e+000-1.351e+002 2.044e+001 8.142e+001 6.028e+001 1.080e+003 1.066e+002 1.293e+003
 7.000e+002 2.930e+000 1.350e+002 7.778e+001 3.409e+002-7.390e+000-1.018e+001 1.080e+003 1.741e+004-7.172e+001-7.696e+002-2.722e+001-4.063e+002 3.558e+001 6.782e+001-5.557e+001-8.046e+002 2.366e+002 2.561e+003
 7.130e+002 2.930e+000 1.080e+002 2.854e+001 1.461e+002-3.560e+000 2.760e+000 3.854e+002 6.461e+003-7.080e+001-5.322e+002-4.759e+000-6.529e+001 1.487e+001 6.434e+001 5.736e+001 1.063e+003 8.770e+001 1.131e+003
 7.250e+002 2.930e+000 1.080e+002 3.317e+001 1.769e+002-3.204e+000 1.904e+001 4.468e+002 7.307e+003-5.346e+001-3.095e+002-3.195e+000-4.733e+001 1.192e+001 5.282e+001 7.846e+001 1.331e+003 6.457e+001 9.326e+002
 7.380e+002 2.930e+000 1.080e+002 2.545e+001 1.342e+002-1.851e+000 2.113e+001 3.328e+002 5.472e+003-5.251e+001-2.466e+002-2.040e+000-2.295e+001 1.274e+001 5.491e+001 5.439e+001 1.046e+003 7.814e+001 9.922e+002
 7.500e+002 2.930e+000 1.560e+002 8.435e+001 4.416e+002 2.561e+000 3.745e+001 1.124e+003 1.778e+004 1.946e+002 5.759e+002-3.756e+001-4.752e+002 3.884e+001 6.475e+001-5.342e+001-3.650e+002 1.743e+002 1.522e+003
 7.630e+002 2.930e+000 1.020e+002 2.167e+001 1.152e+002-2.711e+000 1.477e+001 2.818e+002 4.678e+003-6.511e+001-3.289e+002-6.331e-001-6.005e+000 1.107e+001 5.153e+001 6.070e+001 1.109e+003 7.011e+001 9.287e+002
 7.750e+002 2.930e+000 9.600e+001 2.307e+001 1.307e+002-3.146e+000 1.495e+001 3.184e+002 5.454e+003-6.617e+001-2.988e+002-3.658e-001-7.189e+000 8.371e+000 4.180e+001 6.960e+001 1.211e+003 4.772e+001 7.233e+002
 7.880e+002 2.930e+000 1.260e+002 2.429e+001 1.409e+002-1.824e+000 3.327e+001 3.184e+002 5.480e+003-6.631e+001-1.411e+002 2.021e-001 1.398e+001 1.137e+001 4.977e+001 6.864e+001 1.339e+003 7.525e+001 1.050e+003
 8.000e+002 2.930e+000 1.290e+002 9.407e+001 4.901e+002-1.772e+001-2.203e+002 1.117e+003 1.636e+004-3.535e+000-3.071e+003-4.444e+001-5.827e+002 3.866e+001 1.959e+002 9.503e+001 1.916e+002 7.765e+001 1.596e+003
 8.130e+002 2.930e+000 9.900e+001 1.745e+001 1.029e+002-1.046e+000 2.376e+001 2.298e+002 4.000e+003-4.557e+001-1.084e+002 7.119e-001 1.967e+001 8.999e+000 3.966e+001 5.100e+001 1.004e+003 5.996e+001 7.828e+002
 8.250e+002 2.930e+000 1.050e+002 2.137e+001 1.200e+002-2.692e+000 2.016e+001 2.923e+002 4.988e+003-6.359e+001-1.940e+002 6.865e-001 9.791e+000 6.799e+000 3.673e+001 6.740e+001 1.186e+003 3.927e+001 6.996e+002
 8.380e+002 2.930e+000 1.380e+002 2.330e+001 1.374e+002-4.409e-001 3.083e+001 3.009e+002 5.283e+003-4.032e+001-2.177e+002-6.172e-001 1.516e+001 1.045e+001 3.606e+001 7.305e+001 1.285e+003 5.879e+001 1.026e+003
 8.500e+002 2.930e+000 9.000e+001 2.933e+002 1.528e+003-1.039e+001-3.718e+001 2.833e+003 3.681e+004 4.506e+002-1.319e+004-1.190e+002-1.150e+003 6.348e+001 7.513e+001 2.335e+003 2.115e+004-9.018e+002 2.239e+004
 8.630e+002 2.930e+000 8.400e+001 1.599e+001 9.839e+001-1.015e+000 2.006e+001 2.183e+002 3.996e+003-4.372e+001-9.241e+001 7.297e-001 1.831e+001 6.538e+000 2.879e+001 4.406e+001 8.130e+002 4.168e+001 6.443e+002
 8.750e+002 2.930e+000 9.300e+001 1.911e+001 1.107e+002-2.709e+000 2.540e+000 2.653e+002 4.685e+003-5.488e+001-3.883e+002-4.421e-001-9.073e+000 6.645e+000 3.490e+001 5.608e+001 8.934e+002 4.386e+001 7.054e+002
 8.880e+002 2.930e+000 1.200e+002 1.688e+001 1.027e+002-5.391e-001 2.527e+001 2.284e+002 4.222e+003-3.322e+001-9.505e+000 1.605e+000 3.859e+001 7.000e+000 3.443e+001 5.200e+001 9.369e+002 4.812e+001 7.659e+002
 9.000e+002 2.930e+000 9.900e+001 2.585e+001 1.246e+002-5.163e+000-4.006e+000 3.885e+002 6.860e+003-6.617e+001-2.370e+002-6.436e+000-1.129e+002 1.188e+001 3.631e+001 2.247e+001 3.014e+002 6.205e+001 7.560e+002
 9.130e+002 2.930e+000 7.200e+001 1.217e+001 6.781e+001-3.602e-002 2.771e+001 1.586e+002 2.976e+003-2.490e+001 2.870e+001 1.927e+000 2.942e+001 6.222e+000 3.003e+001 4.328e+001 5.903e+002 5.668e+001 9.502e+002
 9.250e+002 2.930e+000 8.100e+001 1.137e+001 6.945e+001-9.052e-001 1.408e+001 1.658e+002 3.303e+003-3.383e+001 5.239e+000 7.849e-001 2.596e+001 5.332e+000 2.616e+001 3.265e+001 6.175e+002 3.573e+001 5.675e+002
 9.380e+002 2.930e+000 1.080e+002 1.909e+001 1.841e+002 1.643e+000-1.602e+001 1.943e+002 4.982e+003-9.579e+000-5.389e+002 2.783e-001 4.825e+001 6.773e+000 2.097e+001 6.119e+001 1.901e+002 3.741e+001 9.735e+002
 9.500e+002 2.930e+000 7.800e+001 2.367e+002 4.404e+003 1.482e+001-2.365e+003 8.245e+002 9.506e+004 5.231e+002-2.075e+004-3.690e+001 1.559e+002 2.289e+001 2.592e+002 7.443e+002-4.648e+004-1.841e+002 3.089e+004
 9.630e+002 2.930e+000 8.100e+001 1.037e+001 9.012e+001 4.698e-001 6.551e+000 1.370e+002 3.301e+003-1.106e+001 8.095e+001 1.178e+000 4.309e+001 4.605e+000 2.357e+001 2.646e+001 2.701e+002 2.856e+001 6.501e+002
 9.750e+002 2.930e+000 8.700e+001 1.280e+001 8.736e+001-1.498e+000 1.141e+001 1.713e+002 3.241e+003-5.080e+001-3.027e+002 2.416e+000 3.254e+001 5.042e+000 2.620e+001 6.033e+001 8.997e+002 4.360e+001 7.256e+002
 9.880e+002 2.930e+000 1.110e+002 1.094e+001 7.136e+001-3.566e-001 2.090e+001 1.459e+002 2.859e+003-2.629e+001 4.241e+001 2.196e+000 3.522e+001 4.310e+000 2.477e+001 4.043e+001 6.179e+002 3.516e+001 6.034e+002
 1.000e+003 2.930e+000 5.850e+002 8.191e+001 4.996e+002-2.653e+000 4.106e+001 1.136e+003 2.156e+004 1.192e+001-1.679e+002-3.510e+000-1.798e+002 6.838e+001 3.004e+002 1.402e+002 1.523e+002 6.166e+002 8.010e+003
 1.130e+003 2.930e+000 1.077e+003 1.989e+002 1.831e+003 8.076e+000-4.287e+002 2.962e+003 6.587e+004 1.168e+003-1.381e+003-1.026e+002-1.466e+003 1.263e+002 6.277e+002-4.380e+002-1.270e+004 8.072e+002 9.939e+003
 1.250e+003 2.930e+000 9.900e+002 5.689e+001 3.279e+002 1.298e+000-4.083e+001 8.718e+002 1.842e+004 1.502e+002-1.721e+002-2.230e+001-4.264e+002 6.094e+001 2.075e+002-1.191e+002-3.888e+003 5.300e+002 6.811e+003
 1.380e+003 2.930e+000 9.840e+002 6.344e+001 3.817e+002 1.468e+000-1.178e+002 1.158e+003 2.686e+004 2.620e+002 8.735e+000-3.917e+001-7.746e+002 5.587e+001 2.259e+002-3.784e+002-9.538e+003 5.546e+002 7.492e+003
 1.500e+003 2.930e+000 7.200e+001 4.026e+001 2.385e+002-2.421e+000-6.812e+001 7.026e+002 1.454e+004 6.815e+001-2.833e+002-1.939e+001-3.699e+002 1.007e+001 1.893e+001-1.464e+002-3.828e+003 9.380e+001 1.570e+003
 1.630e+003 2.930e+000 7.200e+001 2.153e+001 1.722e+002-3.624e+000-9.935e+001 4.661e+002 1.174e+004 2.051e+001-5.991e+002-1.220e+001-3.002e+002 7.844e+000 2.457e+001-1.855e+002-5.126e+003 1.326e+002 2.496e+003
 1.750e+003 2.930e+000 4.800e+001 6.197e+001 5.381e+002-1.403e+001-3.789e+002 1.338e+003 3.417e+004 1.234e+001-2.724e+003-3.551e+001-9.101e+002 2.456e+001 7.944e+001-5.841e+002-1.679e+004 4.586e+002 9.406e+003
 1.880e+003 2.930e+000 7.200e+001 3.071e+002 2.104e+003-4.750e+001-1.141e+003 6.380e+003 1.493e+005 3.030e+002-4.424e+003-1.738e+002-4.001e+003 1.124e+002 3.036e+002-2.437e+003-6.091e+004 1.749e+003 2.939e+004
 2.000e+003 2.930e+000 7.200e+001 4.624e+002 3.128e+003-9.259e+001-2.095e+003 9.939e+003 2.361e+005-1.473e+002-1.795e+004-2.741e+002-6.536e+003 1.819e+002 4.345e+002-4.007e+003-1.010e+005 2.813e+003 4.479e+004
 2.130e+003 2.930e+000 4.800e+001 5.842e+001 4.054e+002-1.297e+001-2.836e+002 1.284e+003 3.123e+004-4.419e+001-2.565e+003-3.528e+001-8.670e+002 2.440e+001 5.139e+001-5.320e+002-1.378e+004 3.874e+002 6.323e+003
 2.250e+003 2.930e+000 7.200e+001 2.031e+001 1.447e+002-4.166e+000-9.833e+001 4.248e+002 1.002e+004-1.251e+000-8.038e+002-1.213e+001-2.861e+002 8.342e+000 2.270e+001-1.765e+002-4.466e+003 1.294e+002 2.096e+003
 2.380e+003 2.930e+000 7.200e+001 2.216e+001 1.399e+002-1.126e+000-5.290e+001 5.268e+002 1.383e+004 8.826e+001 5.241e+002-1.566e+001-4.100e+002 1.453e+001 4.321e+001-2.682e+002-7.310e+003 2.448e+002 4.328e+003
 2.500e+003 2.930e+000 4.800e+001 7.252e+000 4.840e+001-1.470e+000-3.453e+001 1.455e+002 3.361e+003 1.948e+000-2.637e+002-4.409e+000-1.045e+002 3.497e+000 1.055e+001-6.262e+001-1.621e+003 5.397e+001 8.828e+002
 2.630e+003 2.930e+000 7.200e+001 1.290e+001 8.673e+001-2.264e+000-5.902e+001 2.463e+002 5.320e+003 1.334e+001-3.528e+002-8.440e+000-1.775e+002 6.106e+000 1.871e+001-1.157e+002-2.630e+003 8.824e+001 1.344e+003
 2.750e+003 2.930e+000 7.200e+001 3.746e+000 2.292e+001-8.853e-001-1.713e+001 7.095e+001 1.517e+003-2.508e+000-1.417e+002-2.275e+000-4.914e+001 1.678e+000 3.841e+000-2.865e+001-6.689e+002 2.240e+001 3.203e+002
 2.880e+003 2.930e+000 4.800e+001 2.017e+000 1.146e+001-3.762e-001-8.892e+000 3.884e+001 8.275e+002-5.979e-002-7.278e+001-1.261e+000-2.651e+001 9.114e-001 2.510e+000-1.703e+001-3.849e+002 1.268e+001 1.903e+002
 3.000e+003 2.930e+000 7.200e+001 5.954e+000 5.743e+001 2.196e-002-3.322e+001 1.131e+002 2.798e+003 5.218e+001 5.891e+001-5.089e+000-9.372e+001 4.902e+000 3.240e+001-6.702e+001-1.630e+003 6.031e+001 1.005e+003
 3.130e+003 2.930e+000 7.200e+001 1.909e+000 1.176e+001-3.084e-001-8.113e+000 3.452e+001 7.215e+002 1.719e+000-5.304e+001-1.118e+000-2.281e+001 8.365e-001 2.838e+000-1.463e+001-3.316e+002 1.102e+001 1.665e+002
 3.250e+003 2.930e+000 4.800e+001 3.131e+000 1.696e+001-1.584e-002-7.106e+000 5.201e+001 9.680e+002 5.082e+000-2.434e+001-1.083e+000-1.905e+001 6.037e-001 2.569e+000-1.826e+001-3.526e+002 8.126e+000 1.404e+002
 3.380e+003 2.930e+000 7.200e+001 5.182e+000 3.402e+001-1.123e+000-2.581e+001 9.327e+001 1.936e+003 1.055e-001-2.076e+002-3.168e+000-6.579e+001 2.321e+000 7.032e+000-3.985e+001-9.111e+002 3.140e+001 4.580e+002
 3.500e+003 2.930e+000 7.200e+001 1.900e+001 8.679e+001-3.667e+000-7.234e+001 3.500e+002 6.877e+003-1.086e+001-5.987e+002-1.247e+001-2.478e+002 9.015e+000 1.620e+001-1.616e+002-3.335e+003 1.215e+002 1.677e+003
 3.630e+003 2.930e+000 4.800e+001 1.416e+001 8.453e+001-2.150e+000-5.726e+001 2.241e+002 4.098e+003 1.045e+001-4.160e+002-7.607e+000-1.351e+002 4.570e+000 1.766e+001-8.382e+001-1.707e+003 5.575e+001 7.648e+002
 3.750e+003 2.930e+000 7.200e+001 7.633e+000 3.738e+001-1.387e+000-3.087e+001 1.302e+002 2.433e+003-1.362e+000-2.647e+002-4.589e+000-8.715e+001 3.239e+000 8.634e+000-5.382e+001-1.094e+003 4.014e+001 5.305e+002
 3.880e+003 2.930e+000 7.200e+001 4.843e+001 2.359e+002-8.122e+000-1.909e+002 8.136e+002 1.493e+004 1.115e+001-1.550e+003-3.045e+001-5.609e+002 2.157e+001 6.208e+001-3.417e+002-6.790e+003 2.583e+002 3.299e+003
 4.000e+003 2.930e+000 4.800e+001 3.249e+001 9.594e+001-3.488e-002-7.258e+001 4.324e+002 6.536e+003 2.375e+001-6.397e+002-7.655e+000-1.560e+002 7.807e+000 1.492e+001-9.880e+001-2.090e+003 8.505e+001 1.103e+003
 4.130e+003 2.930e+000 7.200e+001 1.090e+002 5.170e+002-2.363e+001-4.700e+002 1.899e+003 3.563e+004-7.145e+001-4.149e+003-7.190e+001-1.374e+003 5.359e+001 1.246e+002-8.521e+002-1.719e+004 6.755e+002 8.826e+003
 4.250e+003 2.930e+000 7.200e+001 2.429e+001 8.769e+001-2.766e+000-7.129e+001 4.067e+002 7.169e+003 1.270e+001-5.462e+002-1.690e+001-2.954e+002 1.250e+001 2.730e+001-1.823e+002-3.352e+003 1.384e+002 1.625e+003
 4.380e+003 2.930e+000 4.800e+001 6.022e+000 2.406e+001-1.162e+000-2.153e+001 1.018e+002 1.823e+003-3.090e+000-1.843e+002-4.157e+000-7.538e+001 3.193e+000 6.187e+000-4.515e+001-8.542e+002 3.595e+001 4.217e+002
 4.500e+003 2.930e+000 7.200e+001 1.935e+001 8.287e+001-4.032e+000-7.623e+001 3.265e+002 5.879e+003-1.227e+001-6.759e+002-1.314e+001-2.398e+002 9.919e+000 2.173e+001-1.433e+002-2.756e+003 1.144e+002 1.376e+003
 4.630e+003 2.930e+000 7.200e+001 1.992e+000 8.470e+000-3.781e-001-7.654e+000 3.323e+001 6.010e+002-2.938e-001-6.345e+001-1.462e+000-2.643e+001 1.247e+000 2.637e+000-1.510e+001-2.924e+002 1.311e+001 1.540e+002
 4.750e+003 2.930e+000 4.800e+001 2.002e+000 8.038e+000-1.707e-001-8.128e+000 2.915e+001 4.730e+002 1.654e+000-7.397e+001-1.039e+000-1.699e+001 7.427e-001 2.795e+000-9.361e+000-1.847e+002 7.482e+000 1.071e+002
 4.880e+003 2.930e+000 5.700e+001 8.306e-001 3.787e+000-1.670e-001-4.808e+000 1.064e+001 1.952e+002-5.336e-002-2.639e+001-4.282e-001-9.128e+000 5.575e-001 5.940e-001-3.444e+000-1.158e+002 6.850e+000 1.211e+002
 5.000e+003 2.930e+000 6.900e+001 9.502e-001 4.047e+000-9.385e-002-4.158e+000 1.288e+001 2.053e+002 1.408e+000-3.603e+001-6.640e-001-9.775e+000 7.290e-001 2.382e+000-4.708e+000-9.225e+001 5.290e+000 6.112e+001
 5.130e+003 2.930e+000 4.800e+001 5.268e-001 2.233e+000-7.683e-002-2.143e+000 7.849e+000 1.408e+002 5.521e-001-1.546e+001-5.606e-001-9.119e+000 8.370e-001 1.292e+000-4.873e+000-9.393e+001 6.991e+000 7.332e+001
 5.250e+003 2.930e+000 6.900e+001 7.099e-001 3.021e+000 4.555e-002-2.366e+000 8.111e+000 1.196e+002 2.908e+000-1.161e+001-6.806e-001-7.854e+000 8.578e-001 2.352e+000-4.372e+000-7.029e+001 5.088e+000 5.067e+001
 5.380e+003 2.930e+000 6.900e+001 1.735e+000 5.597e+000 5.660e-002-3.981e+000 2.241e+001 3.304e+002 4.875e+000-1.992e+001-1.437e+000-1.804e+001 1.479e+000 3.386e+000-1.023e+001-1.564e+002 9.926e+000 9.074e+001
 5.500e+003 2.930e+000 4.800e+001 7.529e-001 2.924e+000 5.885e-002-1.847e+000 9.343e+000 1.475e+002 3.170e+000-2.906e+000-7.447e-001-9.240e+000 1.017e+000 2.181e+000-5.123e+000-8.487e+001 6.623e+000 6.190e+001
 5.630e+003 2.930e+000 7.200e+001 2.576e+000 2.935e+000 9.000e-001 7.306e+000 3.626e+001 5.868e+002 1.711e+001 1.546e+002-2.464e+000-3.826e+001 3.843e+000 3.039e+000-2.219e+001-4.022e+002 3.669e+001 4.088e+002
 5.750e+003 2.930e+000 7.200e+001 2.085e+000 8.109e+000-7.051e-002-6.022e+000 2.830e+001 4.898e+002 6.213e+000-1.343e+001-2.100e+000-3.243e+001 3.238e+000 4.650e+000-1.699e+001-3.375e+002 2.843e+001 3.135e+002
 5.880e+003 2.930e+000 4.800e+001 1.783e+000 5.725e+000 8.067e-002-4.092e+000 2.339e+001 3.628e+002 6.454e+000-6.537e+000-1.846e+000-2.740e+001 2.820e+000 4.584e+000-1.420e+001-2.569e+002 2.406e+001 2.482e+002
 6.000e+003 2.930e+000 6.900e+001 3.624e+000 1.049e+001-1.161e-001-8.079e+000 5.126e+001 8.007e+002 5.427e+000-3.657e+001-3.059e+000-4.465e+001 3.841e+000 5.864e+000-2.710e+001-4.488e+002 3.105e+001 3.148e+002
 6.130e+003 2.930e+000 7.200e+001 1.865e+000 4.851e+000 1.162e-001-3.247e+000 2.089e+001 2.820e+002 4.614e+000-1.092e+001-1.724e+000-1.841e+001 2.008e+000 3.692e+000-1.076e+001-1.467e+002 1.103e+001 8.752e+001
 6.250e+003 2.930e+000 4.800e+001 1.615e+000 5.934e+000 1.026e-002-4.869e+000 1.790e+001 2.308e+002 3.000e+000-3.690e+001-9.164e-001-9.602e+000 1.348e+000 3.709e+000-4.856e+000-7.374e+001 7.901e+000 7.167e+001
 6.380e+003 2.930e+000 6.900e+001 1.617e+000 5.226e+000 1.337e-001-3.403e+000 1.765e+001 2.398e+002 4.820e+000-1.133e+001-1.476e+000-1.445e+001 1.733e+000 3.242e+000-9.299e+000-1.232e+002 8.823e+000 7.025e+001
 6.500e+003 2.930e+000 6.900e+001 1.985e+000 6.549e+000 2.665e-001-4.249e+000 2.173e+001 2.809e+002 7.795e+000-1.377e+001-1.780e+000-1.834e+001 1.974e+000 5.166e+000-1.152e+001-1.499e+002 1.071e+001 8.669e+001
 6.630e+003 2.930e+000 4.800e+001 1.280e+000 5.406e+000 1.997e-001-2.627e+000 1.402e+001 1.889e+002 6.531e+000 6.448e-001-1.162e+000-1.168e+001 1.336e+000 3.496e+000-7.020e+000-9.278e+001 6.657e+000 5.081e+001
 6.750e+003 2.930e+000 7.200e+001 1.740e+000 5.385e+000 2.668e-001-3.202e+000 1.834e+001 2.246e+002 6.937e+000-6.200e+000-1.589e+000-1.564e+001 1.804e+000 4.222e+000-9.799e+000-1.192e+002 9.075e+000 6.791e+001
 6.880e+003 2.930e+000 7.200e+001 1.404e+000 4.582e+000 8.279e-002-3.836e+000 1.432e+001 1.812e+002 4.639e+000-1.952e+001-1.418e+000-1.452e+001 1.755e+000 4.102e+000-7.936e+000-1.074e+002 9.201e+000 7.418e+001
 7.000e+003 2.930e+000 4.800e+001 9.795e-001 3.257e+000 1.518e-001-1.847e+000 9.245e+000 1.053e+002 4.013e+000-3.190e+000-8.528e-001-7.484e+000 9.268e-001 2.410e+000-4.731e+000-5.484e+001 4.129e+000 3.077e+001
 7.130e+003 2.930e+000 6.300e+001 1.123e+000 2.798e+000 2.258e-001-1.787e+000 1.135e+001 1.364e+002 4.497e+000-4.160e+000-1.052e+000-9.832e+000 1.342e+000 2.887e+000-6.454e+000-7.696e+001 6.411e+000 4.770e+001
 7.250e+003 2.930e+000 5.700e+001 9.481e-001 3.139e+000 2.324e-001-1.706e+000 8.711e+000 1.022e+002 4.946e+000-8.414e-001-9.690e-001-8.477e+000 1.256e+000 2.911e+000-5.063e+000-6.009e+001 5.508e+000 3.881e+001
 7.380e+003 2.930e+000 3.900e+001 6.666e-001 2.118e+000 2.175e-001-1.065e+000 6.015e+000 6.561e+001 3.616e+000-6.023e-001-5.865e-001-4.550e+000 7.198e-001 1.980e+000-3.140e+000-3.381e+001 2.704e+000 1.980e+001
 7.500e+003 2.930e+000 6.600e+001 1.417e+000 4.276e+000 1.966e-001-2.482e+000 1.387e+001 1.664e+002 4.400e+000-7.971e+000-1.101e+000-1.037e+001 1.171e+000 2.394e+000-6.461e+000-8.060e+001 5.587e+000 4.476e+001
 7.630e+003 2.930e+000 6.000e+001 1.417e+000 4.590e+000 4.077e-001-1.914e+000 1.208e+001 1.257e+002 6.974e+000 9.236e-001-1.170e+000-9.123e+000 1.391e+000 3.215e+000-5.808e+000-6.199e+001 5.449e+000 3.658e+001
 7.750e+003 2.930e+000 3.900e+001 8.791e-001 2.735e+000 1.196e-001-1.631e+000 8.431e+000 9.802e+001 2.907e+000-6.357e+000-6.888e-001-6.537e+000 8.278e-001 1.644e+000-3.802e+000-4.767e+001 4.007e+000 3.128e+001
 7.880e+003 2.930e+000 4.800e+001 1.807e+000 4.544e+000 3.770e-001-1.492e+000 1.369e+001 1.247e+002 6.701e+000 1.855e+000-1.403e+000-1.046e+001 1.918e+000 4.105e+000-6.093e+000-6.061e+001 7.494e+000 4.794e+001
 8.000e+003 2.930e+000 7.200e+001 1.846e+000 3.950e+000-2.106e-001-3.627e+000 1.416e+001 1.350e+002 4.554e+000-1.963e+001-1.387e+000-1.459e+001 5.638e+000 1.529e+001-4.378e+000-7.166e+001 1.836e+001 1.174e+002
 8.130e+003 2.930e+000 3.300e+001 1.423e+000 4.043e+000 4.240e-001-2.292e+000 1.204e+001 1.254e+002 5.954e+000-6.408e+000-9.931e-001-7.778e+000 1.146e+000 3.371e+000-5.291e+000-6.199e+001 4.507e+000 4.046e+001
 8.250e+003 2.930e+000 5.700e+001 1.656e+000 5.007e+000 3.530e-001-2.628e+000 1.228e+001 1.144e+002 6.063e+000-4.874e+000-1.172e+000-8.308e+000 1.216e+000 3.496e+000-5.601e+000-5.719e+001 4.773e+000 3.595e+001
 8.380e+003 2.930e+000 6.300e+001 2.674e+000 8.402e+000 4.779e-001-5.131e+000 2.224e+001 2.290e+002 9.262e+000-1.877e+001-1.976e+000-1.549e+001 1.980e+000 5.449e+000-9.364e+000-1.059e+002 7.838e+000 5.966e+001
 8.500e+003 2.930e+000 3.900e+001 1.449e+000 4.213e+000 2.709e-001-2.382e+000 1.042e+001 9.307e+001 4.881e+000-5.519e+000-1.087e+000-7.466e+000 1.013e+000 2.648e+000-4.491e+000-4.375e+001 3.573e+000 2.428e+001
 8.630e+003 2.930e+000 6.600e+001 2.718e+000 8.687e+000 3.444e-001-5.548e+000 1.960e+001 1.778e+002 8.795e+000-1.661e+001-1.996e+000-1.389e+001 1.874e+000 5.547e+000-7.927e+000-8.272e+001 6.545e+000 4.724e+001
 8.750e+003 2.930e+000 6.300e+001 2.546e+000 8.200e+000 2.630e-001-5.910e+000 1.987e+001 1.998e+002 7.276e+000-2.185e+001-1.895e+000-1.438e+001 1.727e+000 5.034e+000-9.031e+000-1.026e+002 7.182e+000 5.945e+001
 8.880e+003 2.930e+000 4.800e+001 2.331e+000 8.624e+000 1.300e-001-6.360e+000 1.689e+001 1.601e+002 6.923e+000-2.272e+001-1.703e+000-1.227e+001 1.476e+000 5.208e+000-6.875e+000-7.701e+001 5.462e+000 4.346e+001
 9.000e+003 2.930e+000 6.900e+001 2.869e+000 1.068e+001 2.417e-001-7.514e+000 2.162e+001 2.227e+002 8.073e+000-2.867e+001-1.955e+000-1.397e+001 1.698e+000 5.795e+000-8.909e+000-1.043e+002 6.301e+000 5.678e+001
 9.130e+003 2.930e+000 6.300e+001 3.261e+000 1.251e+001 2.063e-001-9.131e+000 2.406e+001 2.373e+002 1.047e+001-3.001e+001-2.400e+000-1.727e+001 2.010e+000 7.554e+000-1.049e+001-1.197e+002 7.720e+000 6.674e+001
 9.250e+003 2.930e+000 4.800e+001 2.855e+000 1.116e+001-4.761e-002-8.720e+000 2.167e+001 2.198e+002 6.921e+000-3.677e+001-1.879e+000-1.489e+001 1.467e+000 6.125e+000-8.390e+000-1.051e+002 6.529e+000 6.125e+001
 9.380e+003 2.930e+000 6.900e+001 3.095e+000 1.171e+001-1.003e-001-9.426e+000 2.159e+001 2.023e+002 8.393e+000-3.403e+001-2.396e+000-1.728e+001 2.082e+000 7.465e+000-8.549e+000-1.002e+002 7.586e+000 5.937e+001
 9.500e+003 2.930e+000 6.900e+001 3.116e+000 1.138e+001-4.551e-002-9.641e+000 2.296e+001 2.202e+002 8.888e+000-3.227e+001-2.513e+000-1.883e+001 2.357e+000 8.136e+000-1.086e+001-1.213e+002 9.613e+000 7.532e+001
 9.630e+003 2.930e+000 4.800e+001 1.516e+000 5.453e+000 2.346e-002-4.473e+000 1.098e+001 1.046e+002 4.282e+000-1.485e+001-1.172e+000-8.496e+000 1.101e+000 3.775e+000-5.100e+000-5.598e+001 4.291e+000 3.430e+001
 9.750e+003 2.930e+000 7.200e+001 2.879e+000 1.088e+001-4.098e-002-9.368e+000 2.075e+001 2.008e+002 9.069e+000-3.169e+001-2.456e+000-1.828e+001 2.422e+000 8.614e+000-9.893e+000-1.130e+002 9.653e+000 7.371e+001
 9.880e+003 2.930e+000 6.000e+001 2.086e+000 7.310e+000-1.984e-003-6.609e+000 1.568e+001 1.549e+002 6.404e+000-2.142e+001-1.827e+000-1.375e+001 1.890e+000 6.363e+000-8.086e+000-9.134e+001 7.739e+000 6.078e+001
 1.000e+004 2.930e+000 3.300e+002 1.124e+001 3.635e+001 7.249e-001-2.902e+001 8.502e+001 8.139e+002 3.610e+001-8.239e+001-9.472e+000-7.275e+001 1.017e+001 3.171e+001-4.596e+001-4.799e+002 4.429e+001 3.214e+002
 1.130e+004 2.930e+000 5.730e+002 1.171e+001 3.532e+001 4.231e-001-2.518e+001 8.658e+001 8.195e+002 2.830e+001-7.351e+001-8.627e+000-6.825e+001 9.122e+000 2.444e+001-4.341e+001-4.475e+002 4.057e+001 2.881e+002
 1.250e+004 2.930e+000 5.130e+002 2.853e+000 6.142e+000 1.466e-001-2.711e+000 1.908e+001 1.835e+002 3.626e+000-1.971e+001-1.414e+000-1.622e+001 3.075e+000 6.501e+000-8.134e+000-1.024e+002 1.462e+001 1.050e+002
 1.380e+004 2.930e+000 4.710e+002 4.046e+000 1.174e+001 1.380e-001-5.693e+000 2.429e+001 2.130e+002 7.299e+000-1.685e+001-2.175e+000-1.769e+001 3.318e+000 7.685e+000-1.030e+001-1.100e+002 1.381e+001 9.645e+001
 1.500e+004 2.930e+000 4.710e+002 4.394e+000 1.487e+001-8.409e-002-9.653e+000 2.501e+001 2.181e+002 8.871e+000-3.145e+001-2.613e+000-1.867e+001 3.225e+000 9.345e+000-9.700e+000-1.111e+002 1.139e+001 8.757e+001
 1.630e+004 2.930e+000 3.660e+002 3.765e+000 1.365e+001-6.999e-002-9.318e+000 1.910e+001 1.597e+002 9.242e+000-2.469e+001-2.404e+000-1.454e+001 2.925e+000 9.813e+000-7.547e+000-8.447e+001 9.031e+000 7.081e+001
 1.750e+004 2.930e+000 3.630e+002 4.614e+000 1.943e+001-7.457e-002-1.447e+001 2.361e+001 2.184e+002 1.380e+001-4.016e+001-3.255e+000-2.046e+001 3.997e+000 1.455e+001-1.060e+001-1.349e+002 1.435e+001 1.211e+002
 1.880e+004 2.930e+000 3.000e+002 3.741e+000 1.622e+001-3.278e-001-1.393e+001 2.014e+001 1.903e+002 1.163e+001-3.834e+001-2.908e+000-1.928e+001 3.222e+000 1.288e+001-9.777e+000-1.248e+002 1.173e+001 1.033e+002
 2.000e+004 2.930e+000 2.610e+002 1.542e+000 6.259e+000-8.212e-002-3.415e+000 7.323e+000 6.753e+001 3.592e+000-8.409e+000-8.360e-001-6.015e+000 1.372e+000 5.002e+000-3.028e+000-3.660e+001 4.639e+000 3.957e+001
 2.130e+004 2.930e+000 3.030e+002 2.875e+000 1.143e+001-2.692e-001-3.362e+000 1.221e+001 1.043e+002 3.316e+000-5.462e+000-1.030e+000-6.870e+000 1.160e+000 3.430e+000-3.193e+000-3.300e+001 3.760e+000 2.750e+001
 2.250e+004 2.930e+000 2.070e+002 8.650e-001 3.487e+000-1.631e-001-2.651e+000 3.893e+000 3.532e+001 1.740e+000-6.700e+000-5.629e-001-3.756e+000 6.995e-001 2.153e+000-1.588e+000-2.045e+001 2.196e+000 1.612e+001
 2.380e+004 2.930e+000 2.850e+002 5.351e-001 1.342e+000 1.959e-001-1.140e-001 2.073e+000 1.637e+001 1.811e+000 9.170e-001-3.250e-001-2.310e+000 1.373e+000 4.058e+000-2.092e+000-1.524e+001 5.169e+000 3.565e+001
 2.500e+004 2.930e+000 1.590e+002 1.784e-001 4.597e-001 5.932e-003 1.990e-002 4.388e-001 3.575e+000 6.055e-002-6.521e-002-1.143e-002-1.200e-001 1.212e-001 1.667e-001-3.537e-002-2.660e-001 1.839e-001 1.379e+000
 2.630e+004 2.930e+000 2.100e+002 1.218e+000 5.928e+000-2.883e-001-4.170e+000 5.553e+000 7.495e+001 3.214e+000-1.129e+001-8.911e-001-6.152e+000 9.475e-001 3.146e+000-1.837e+000-3.223e+001 2.818e+000 2.069e+001
 2.750e+004 2.930e+000 1.500e+002 1.305e-001 3.860e-001-7.033e-003-1.497e-001 2.469e-001 8.777e+000 1.214e-001-2.509e-001-4.162e-002-2.646e-001 1.217e-001 2.071e-001-1.037e-001-1.296e+000 2.253e-001 1.383e+000
 2.880e+004 2.930e+000 1.680e+002 2.013e-001 6.677e-001-9.489e-003-2.804e-001 6.415e-001 5.594e+000 3.099e-001-3.220e-001-7.436e-002-4.347e-001 1.413e-001 3.011e-001-2.386e-001-2.335e+000 2.656e-001 2.060e+000
 3.000e+004 2.930e+000 1.620e+002 1.419e-001 4.485e-001 5.715e-003-2.346e-001 4.510e-001 4.185e+000 2.924e-001-5.291e-001-6.727e-002-4.296e-001 1.899e-001 4.080e-001-2.457e-001-2.341e+000 3.935e-001 2.673e+000
 3.130e+004 2.930e+000 2.190e+002 1.167e-001 2.870e-001 9.863e-004-1.107e-001 2.580e-001 3.302e+000 1.807e-001-3.215e+000-2.627e-002-8.282e-001 6.875e-001 2.892e+000-6.922e-002-3.245e+000 2.019e+000 2.008e+001
 3.250e+004 2.930e+000 1.440e+002 6.667e-002 1.265e-001 2.829e-003-3.959e-002 1.600e-001 1.412e+000 6.493e-002-1.506e-001-2.165e-002-1.437e-001 8.799e-002 1.158e-001-5.723e-002-5.036e-001 1.203e-001 6.072e-001
 3.380e+004 2.930e+000 1.140e+002 4.437e-002 1.037e-001 5.985e-005-1.943e-002 5.177e-002 7.458e-001 1.868e-002-2.198e-002-2.560e-003-5.159e-002 4.577e-002 2.242e-002-4.024e-003-1.635e-001 3.268e-002 1.850e-001
 3.500e+004 2.930e+000 1.380e+002 4.554e-002 7.044e-002 4.476e-003-3.454e-002 7.665e-002 6.349e-001 5.481e-002-1.179e-001-9.349e-003-4.443e-002 4.972e-002 5.097e-002-2.511e-002-2.288e-001 1.380e-002 2.364e-001
 3.630e+004 2.930e+000 8.700e+001 3.633e-002 8.943e-002-2.192e-003-6.985e-003 6.913e-002 6.796e-001 1.176e-002-1.119e-002-6.754e-003-4.812e-002 3.070e-002 1.728e-002-1.259e-002-5.920e-002 6.045e-003 9.852e-002
 3.750e+004 2.930e+000 9.000e+001 2.069e-002 2.606e-002 1.868e-004-2.715e-003 1.902e-002 1.918e-001 5.635e-003-9.641e-003 1.763e-003-9.487e-003 2.903e-002 1.744e-002-1.474e-003-2.592e-002 8.501e-003 7.008e-002
 3.880e+004 2.930e+000 7.500e+001 1.296e-002 7.104e-003 4.727e-004 1.637e-003 4.706e-003 7.655e-002 1.510e-003 4.846e-003 2.655e-004-3.237e-003 1.844e-002 5.573e-003 2.452e-003 1.817e-003 3.836e-003 3.105e-002
 4.000e+004 2.930e+000 8.100e+001 1.612e-002 1.799e-002 2.892e-004-1.472e-003 1.350e-002 1.253e-001 1.039e-002 2.024e-002 3.775e-004-7.142e-003 2.148e-002 1.388e-002-8.167e-003-3.067e-002 7.437e-003 7.509e-002
 4.130e+004 2.930e+000 6.600e+001 9.474e-003 1.109e-002 2.811e-004 4.985e-003 6.606e-004 7.588e-002 1.567e-003 5.817e-003 1.401e-003-1.527e-003 1.409e-002 8.982e-003-8.622e-004 1.668e-002 2.549e-003 3.017e-002
 4.250e+004 2.930e+000 6.600e+001 1.181e-002 1.082e-002 3.851e-005 3.075e-003 7.607e-003 6.595e-002-1.514e-003 4.634e-003 6.444e-004-1.885e-003 1.041e-002 1.181e-003-2.359e-003 1.142e-002 1.771e-003 2.097e-002
 4.380e+004 2.930e+000 7.200e+001 9.568e-003 1.085e-002 9.793e-004 5.966e-003 1.588e-002 1.168e-001-2.637e-003 1.921e-002 2.036e-004 9.434e-003 1.560e-002 1.007e-002 2.377e-003 3.476e-002 5.582e-003 4.493e-002
 4.500e+004 2.930e+000 6.900e+001 1.190e-002 1.572e-002-1.052e-003 4.958e-003 9.996e-003 8.307e-002-1.874e-003 1.477e-002 1.568e-003-2.794e-003 1.319e-002-8.015e-004-6.520e-004 2.418e-002 3.800e-004 2.050e-002
 4.630e+004 2.930e+000 7.800e+001 1.088e-002 3.651e-003 1.372e-003 1.205e-003 5.580e-003 3.475e-002 1.954e-003 3.857e-003 1.491e-003-7.611e-004 1.002e-002 2.934e-003-2.003e-003 7.019e-004 6.038e-004 1.835e-002
 4.750e+004 2.930e+000 1.620e+002 5.520e-002 2.028e-001 2.685e-003-1.593e-001 1.842e-001 1.971e+000 2.235e-001-1.590e-001-4.001e-002-1.875e-001 7.440e-002 1.921e-001-1.206e-001-1.419e+000 1.333e-001 1.141e+000
 4.880e+004 2.930e+000 8.100e+001 2.465e-002 7.153e-002-1.674e-003-4.887e-002 7.072e-002 6.627e-001 5.466e-002-7.223e-002-1.160e-002-5.600e-002 2.205e-002 4.949e-002-3.677e-002-4.009e-001 3.616e-002 3.359e-001
 5.000e+004 2.930e+000 7.800e+001 8.292e-003 4.123e-003 3.769e-004 1.224e-003 5.485e-003 2.980e-002-3.013e-004 2.384e-003-1.027e-004-2.196e-003 1.172e-002 2.593e-003-7.460e-004 4.242e-003 1.395e-003 1.330e-002
 5.130e+004 2.930e+000 7.500e+001 6.777e-003 2.658e-003 7.532e-005-2.851e-004 3.535e-003 1.582e-002 1.169e-003-5.776e-004 9.729e-004-1.240e-003 9.792e-003 2.097e-003 1.756e-004-1.540e-003 1.555e-003 6.450e-003
 5.250e+004 2.930e+000 8.100e+001 8.120e-003 6.703e-003 7.477e-004-7.996e-004 1.778e-003 3.866e-002 2.914e-003 2.293e-003 6.197e-005-7.761e-004 1.134e-002 3.788e-004 6.033e-005-1.858e-003 2.161e-003 1.187e-002
 5.380e+004 2.930e+000 2.670e+002 7.435e-001 3.700e+000 1.268e-002-1.961e+000 3.230e+000 3.352e+001 2.710e+000-2.041e+000-5.137e-001-2.257e+000 4.062e-001 1.439e+000-1.316e+000-1.601e+001 9.169e-001 7.821e+000
 5.500e+004 2.930e+000 6.000e+001 6.071e-003 5.072e-003 1.026e-003-8.714e-004 5.266e-003 5.142e-002 5.506e-003 5.417e-003-1.204e-003-1.618e-003 7.736e-003 3.169e-003-2.685e-003-2.090e-002 2.850e-003 1.648e-002
 5.630e+004 2.930e+000 8.400e+001 1.069e-002 2.472e-002 9.761e-004-1.525e-003 1.953e-002 1.969e-001 1.958e-002 6.953e-002-1.800e-003-2.561e-003 1.174e-002 9.707e-003-1.625e-002-7.643e-002 9.548e-003 6.757e-002
 5.750e+004 2.930e+000 6.300e+001 4.888e-003 5.867e-004-1.676e-004 2.319e-006 1.465e-003 5.812e-003-4.786e-004 7.018e-005 4.980e-005-5.439e-004 6.748e-003 6.857e-004-6.012e-004-1.625e-003 5.949e-004 4.199e-003
 5.880e+004 2.930e+000 6.600e+001 5.852e-003 8.846e-004-8.752e-005 1.373e-004 1.883e-003 5.990e-003 2.540e-004 1.456e-004 3.393e-004 4.795e-004 6.768e-003 1.636e-003-1.040e-004-2.871e-004 1.901e-004 3.092e-003
 6.000e+004 2.930e+000 6.900e+001 1.654e-002 6.267e-002-1.550e-003-9.452e-002 6.158e-002 6.421e-001 8.464e-002-2.634e-001-1.676e-002-9.120e-002 3.073e-002 1.363e-001-4.262e-002-7.227e-001 6.879e-002 9.403e-001
 6.130e+004 2.930e+000 3.900e+001 2.382e-003 2.138e-004 2.627e-004 1.585e-004 4.602e-004 2.343e-003 3.582e-004 1.382e-004 5.694e-004 1.308e-004 2.587e-003 4.723e-004 2.360e-004-2.769e-004 2.197e-004 9.674e-004
 6.250e+004 2.930e+000 5.400e+001 3.480e-003-4.808e-004-2.818e-004-1.153e-004 1.682e-003 3.519e-003-1.159e-004 1.571e-007 4.409e-004 1.626e-004 5.458e-003 5.219e-004 1.454e-004-5.456e-004 3.356e-004 1.829e-003
 6.380e+004 2.930e+000 9.600e+001 7.791e-003 2.410e-002-1.838e-003-2.513e-002 1.663e-002 2.244e-001 1.292e-002-1.167e-001-3.407e-003-3.270e-002 1.301e-002 2.717e-002 1.277e-003-1.574e-001 1.710e-002 1.793e-001
 6.500e+004 2.930e+000 5.400e+001 2.702e-003 2.248e-004 2.126e-004-1.111e-004 9.599e-004 2.671e-003 8.356e-005 2.598e-004 1.692e-004 6.272e-004 4.054e-003 6.638e-004-1.010e-004-3.905e-004 1.660e-004 1.171e-003
 6.630e+004 2.930e+000 7.200e+001 3.494e-003 7.719e-004 6.766e-004-6.112e-004 2.972e-004 3.188e-003 5.425e-004-1.903e-004 3.519e-005 4.958e-004 4.613e-003 5.265e-004-2.333e-004-7.014e-004 2.625e-005 2.618e-003
 6.750e+004 2.930e+000 5.100e+001 2.401e-003 5.145e-004 4.019e-004-2.645e-004 6.311e-004 3.498e-003 1.087e-004 8.689e-004-4.683e-004 2.819e-004 3.240e-003 1.225e-003-1.528e-004 1.428e-003 2.480e-004 1.060e-002
 6.880e+004 2.930e+000 1.680e+002 3.561e-002 1.041e-001 2.821e-002 6.416e-001 7.088e-002 5.966e-001-2.298e-001 1.317e+000 7.795e-002 3.100e-001 2.661e-001 1.782e+000 9.051e-002 2.725e+000 9.239e-001 1.574e+001
 7.000e+004 2.930e+000 6.600e+001 2.326e-003 4.600e-004 5.725e-004-2.939e-004 2.997e-004 1.872e-003 5.144e-004 1.197e-004 2.843e-004 6.037e-004 4.172e-003 1.008e-003 2.273e-005-3.026e-004-4.507e-004 2.178e-003
 7.130e+004 2.930e+000 6.600e+001 2.908e-003 1.081e-003 3.035e-004-6.964e-004 1.450e-003 5.034e-003 5.905e-004-2.352e-004-3.642e-004 1.635e-004 3.989e-003 4.008e-004-3.365e-004-1.539e-003 4.247e-004 2.369e-003
 7.250e+004 2.930e+000 4.200e+001 1.662e-003-1.296e-004 7.327e-005-1.302e-004 7.068e-004 2.503e-003 5.783e-005-2.328e-004 1.810e-004 3.092e-004 1.879e-003 6.518e-005-1.767e-004-5.829e-004 2.342e-005 6.413e-004
 7.380e+004 2.930e+000 4.200e+001 1.302e-003 2.675e-004 7.333e-005-1.423e-005 1.650e-004 1.141e-003 2.459e-004 0.000e+000-3.828e-005 1.302e-004 1.803e-003 2.276e-004 8.402e-005-1.135e-004-5.474e-005 6.272e-004
 7.500e+004 2.930e+000 3.900e+001 1.468e-003 3.390e-004 2.045e-004-1.685e-004 4.391e-004 1.125e-003-1.654e-005 0.000e+000 3.260e-005-4.842e-005 1.293e-003-3.736e-005-1.169e-004-2.810e-004-2.190e-005 3.374e-004
 7.630e+004 2.930e+000 6.600e+001 1.993e-003 5.754e-004 3.113e-004-1.484e-004 4.798e-004 2.544e-003 5.405e-004 0.000e+000-3.154e-004 1.965e-004 1.780e-003 1.955e-004-7.315e-005-4.976e-004 1.561e-004 4.418e-004
 7.750e+004 2.930e+000 5.700e+001 2.310e-003 5.407e-004 7.706e-008-2.114e-004 1.110e-003 2.279e-003-2.609e-005-5.452e-005 2.805e-004 7.943e-005 1.504e-003-1.371e-004-1.814e-004-5.963e-004-1.086e-005 4.883e-004
 7.880e+004 2.930e+000 2.700e+001 6.658e-004-1.318e-004-7.393e-005 2.184e-005 1.513e-004 6.417e-004 1.258e-004 0.000e+000 4.314e-005-6.758e-005 6.886e-004-9.385e-005-6.118e-005-1.074e-004 7.393e-005 1.608e-004
 8.000e+004 2.930e+000 6.000e+001 1.122e-003 6.955e-004-1.095e-004-1.864e-004 8.541e-004 8.881e-003 2.281e-004-3.698e-004 5.470e-005-6.612e-005 1.673e-003-9.209e-005-1.007e-004-7.906e-004 2.035e-004 5.805e-004
 8.130e+004 2.930e+000 4.500e+001 1.472e-003 2.145e-004 1.726e-004-1.017e-004 1.860e-004 1.402e-003 1.738e-005 0.000e+000-1.529e-004-1.079e-004 1.041e-003 6.204e-006 4.878e-005-2.077e-004 6.184e-005 2.596e-004
 8.250e+004 2.930e+000 4.500e+001 6.378e-004 1.465e-004 6.829e-005 5.118e-006 3.512e-004 1.172e-003 1.052e-004 0.000e+000-2.543e-005-1.511e-004 9.423e-004-1.918e-005-1.486e-005-2.038e-004 6.162e-005 2.546e-004
 8.380e+004 2.930e+000 4.800e+001 1.075e-003 2.173e-004-3.498e-004-1.333e-004 2.384e-004 8.524e-004-4.553e-005 5.012e-005 3.159e-005-1.780e-004 1.356e-003-1.525e-004-9.486e-005-1.011e-004 5.041e-004 9.046e-004
 8.500e+004 2.930e+000 7.500e+001 1.213e-003 7.042e-005 1.608e-004-1.029e-004 6.293e-004 2.080e-003 3.409e-004-1.972e-004 1.046e-004-1.587e-004 1.693e-003-1.939e-004 1.133e-004-9.883e-005 4.872e-004 2.522e-003
 8.630e+004 2.930e+000 5.700e+001 7.477e-004-1.051e-004 7.184e-005-1.685e-004 1.768e-004 1.073e-003 1.139e-004-1.940e-004 7.405e-005-1.146e-004 1.363e-003-1.937e-004 2.449e-004-3.422e-004 1.182e-003 4.142e-003
 8.750e+004 2.930e+000 6.300e+001 1.490e-003 5.466e-004-3.482e-004-9.490e-004 3.727e-004 1.632e-003-3.463e-005 2.383e-004 1.019e-004-2.958e-004 1.271e-003-3.995e-004-9.025e-005-5.282e-004 1.166e-003 7.840e-003
 8.880e+004 2.930e+000 9.300e+001 1.781e-003 1.962e-004 2.883e-005 7.150e-004 8.986e-004 2.928e-003 4.797e-004 2.599e-003 3.074e-004 9.978e-005 2.358e-003-1.739e-004 1.241e-003 2.315e-003 2.819e-003 3.065e-002
 9.000e+004 2.930e+000 9.000e+001 1.655e-003 4.871e-004 3.454e-004 1.895e-003 6.162e-004 4.338e-003 1.509e-003 7.750e-003 2.414e-004 4.189e-004 3.078e-003-1.832e-003 9.547e-004 2.426e-003 1.064e-002 7.337e-002
 9.130e+004 2.930e+000 1.410e+002 2.748e-003 3.861e-005-1.286e-005 3.083e-004 9.460e-004 6.031e-003 4.190e-004 3.876e-003 2.273e-004 4.830e-004 5.129e-003 5.275e-004 1.158e-003 3.552e-003 1.971e-002 1.289e-001
 9.250e+004 2.930e+000 1.860e+002 3.576e-003 4.125e-004 5.666e-004 3.072e-003 2.539e-003 1.529e-002 1.063e-003 7.107e-003 2.895e-004 8.777e-004 6.018e-003 2.631e-003 4.319e-003 1.478e-002 2.357e-002 1.768e-001
 9.380e+004 2.930e+000 9.000e+001 1.304e-003 2.260e-004 1.158e-004 7.862e-004 1.007e-003 5.426e-003 2.433e-004 3.499e-003 3.285e-005 3.954e-005 2.439e-003 2.573e-004 5.947e-004 1.568e-003 6.485e-003 4.635e-002
 9.500e+004 2.930e+000 1.170e+002 2.145e-003 5.583e-004-7.737e-005 1.840e-004 8.746e-004 7.483e-003 9.385e-004 6.257e-003-2.174e-005-8.287e-004 3.212e-003 2.976e-003 5.053e-004-3.254e-003 8.435e-003 6.058e-002
 9.630e+004 2.930e+000 0.000e+000 0.000e+000 0.000e+000 0.000e+000 0.000e+000 0.000e+000 0.000e+000 0.000e+000 0.000e+000 0.000e+000 0.000e+000 0.000e+000 0.000e+000 0.000e+000 0.000e+000 0.000e+000 0.000e+000
 9.750e+004 2.930e+000 0.000e+000 0.000e+000 0.000e+000 0.000e+000 0.000e+000 0.000e+000 0.000e+000 0.000e+000 0.000e+000 0.000e+000 0.000e+000 0.000e+000 0.000e+000 0.000e+000 0.000e+000 0.000e+000 0.000e+000
 9.880e+004 2.930e+000 0.000e+000 0.000e+000 0.000e+000 0.000e+000 0.000e+000 0.000e+000 0.000e+000 0.000e+000 0.000e+000 0.000e+000 0.000e+000 0.000e+000 0.000e+000 0.000e+000 0.000e+000 0.000e+000 0.000e+000
 1.000e+005 2.930e+000 0.000e+000 0.000e+000 0.000e+000 0.000e+000 0.000e+000 0.000e+000 0.000e+000 0.000e+000 0.000e+000 0.000e+000 0.000e+000 0.000e+000 0.000e+000 0.000e+000 0.000e+000 0.000e+000 0.000e+000
