 6.250e+000 2.930e+000 0.000e+000 0.000e+000 0.000e+000 0.000e+000 0.000e+000 0.000e+000 0.000e+000 0.000e+000 0.000e+000 0.000e+000 0.000e+000 0.000e+000 0.000e+000 0.000e+000 0.000e+000 0.000e+000 0.000e+000
 7.500e+000 2.930e+000 0.000e+000 0.000e+000 0.000e+000 0.000e+000 0.000e+000 0.000e+000 0.000e+000 0.000e+000 0.000e+000 0.000e+000 0.000e+000 0.000e+000 0.000e+000 0.000e+000 0.000e+000 0.000e+000 0.000e+000
 8.750e+000 2.930e+000 0.000e+000 0.000e+000 0.000e+000 0.000e+000 0.000e+000 0.000e+000 0.000e+000 0.000e+000 0.000e+000 0.000e+000 0.000e+000 0.000e+000 0.000e+000 0.000e+000 0.000e+000 0.000e+000 0.000e+000
 1.000e+001 2.930e+000 0.000e+000 0.000e+000 0.000e+000 0.000e+000 0.000e+000 0.000e+000 0.000e+000 0.000e+000 0.000e+000 0.000e+000 0.000e+000 0.000e+000 0.000e+000 0.000e+000 0.000e+000 0.000e+000 0.000e+000
 1.130e+001 2.930e+000 2.400e+001 2.843e+004-1.026e+004-5.040e+002-6.131e+002-3.133e+003 1.118e+005-8.430e+000-4.565e+003-8.116e+002-1.704e+003 1.270e+003 2.525e+002-2.274e+003 8.100e+003-1.646e+002 1.325e+004
 1.250e+001 2.930e+000 0.000e+000 0.000e+000 0.000e+000 0.000e+000 0.000e+000 0.000e+000 0.000e+000 0.000e+000 0.000e+000 0.000e+000 0.000e+000 0.000e+000 0.000e+000 0.000e+000 0.000e+000 0.000e+000 0.000e+000
 1.380e+001 2.930e+000 0.000e+000 0.000e+000 0.000e+000 0.000e+000 0.000e+000 0.000e+000 0.000e+000 0.000e+000 0.000e+000 0.000e+000 0.000e+000 0.000e+000 0.000e+000 0.000e+000 0.000e+000 0.000e+000 0.000e+000
 1.500e+001 2.930e+000 2.400e+001 1.657e+004-1.285e+004-5.904e+002 1.383e+003-2.355e+003 1.213e+005-1.685e+003-1.667e+003-2.511e+003 1.544e+003 1.855e+003-9.807e+002-1.490e+003 6.780e+003 8.698e+002 7.211e+003
 1.630e+001 2.930e+000 0.000e+000 0.000e+000 0.000e+000 0.000e+000 0.000e+000 0.000e+000 0.000e+000 0.000e+000 0.000e+000 0.000e+000 0.000e+000 0.000e+000 0.000e+000 0.000e+000 0.000e+000 0.000e+000 0.000e+000
 1.750e+001 2.930e+000 2.400e+001 2.110e+004-9.964e+003-1.077e+003 1.098e+003-5.171e+003 4.509e+004 1.139e+002-3.340e+003-2.316e+003 2.363e+003 9.128e+002-5.303e+002-2.434e+003 6.196e+003 6.891e+002 9.552e+003
 1.880e+001 2.930e+000 0.000e+000 0.000e+000 0.000e+000 0.000e+000 0.000e+000 0.000e+000 0.000e+000 0.000e+000 0.000e+000 0.000e+000 0.000e+000 0.000e+000 0.000e+000 0.000e+000 0.000e+000 0.000e+000 0.000e+000
 2.000e+001 2.930e+000 2.400e+001 1.849e+004-1.439e+004 7.798e+002 5.354e+002-3.451e+003 5.884e+004-1.455e+003-1.726e+003-2.481e+003 2.161e+003 1.267e+003 1.789e+002-7.176e+002 4.589e+003 2.914e+002 4.562e+003
 2.130e+001 2.930e+000 0.000e+000 0.000e+000 0.000e+000 0.000e+000 0.000e+000 0.000e+000 0.000e+000 0.000e+000 0.000e+000 0.000e+000 0.000e+000 0.000e+000 0.000e+000 0.000e+000 0.000e+000 0.000e+000 0.000e+000
 2.250e+001 2.930e+000 0.000e+000 0.000e+000 0.000e+000 0.000e+000 0.000e+000 0.000e+000 0.000e+000 0.000e+000 0.000e+000 0.000e+000 0.000e+000 0.000e+000 0.000e+000 0.000e+000 0.000e+000 0.000e+000 0.000e+000
 2.380e+001 2.930e+000 2.400e+001 2.429e+004-2.045e+004-1.285e+003-9.888e+002 5.206e+003 5.655e+004-5.734e+003-9.950e+002-4.465e+003-1.256e+002 1.848e+003 6.491e+001-3.936e+002 1.007e+003 1.428e+002 2.809e+003
 2.500e+001 2.930e+000 0.000e+000 0.000e+000 0.000e+000 0.000e+000 0.000e+000 0.000e+000 0.000e+000 0.000e+000 0.000e+000 0.000e+000 0.000e+000 0.000e+000 0.000e+000 0.000e+000 0.000e+000 0.000e+000 0.000e+000
 2.630e+001 2.930e+000 2.400e+001 2.341e+004-1.687e+004-8.981e+002-1.229e+003-9.780e+003 6.792e+004-1.664e+003-3.121e+003-3.248e+003 1.471e+003 1.681e+003-1.167e+002-2.386e+003 3.350e+003 2.526e+002 2.518e+003
 2.750e+001 2.930e+000 0.000e+000 0.000e+000 0.000e+000 0.000e+000 0.000e+000 0.000e+000 0.000e+000 0.000e+000 0.000e+000 0.000e+000 0.000e+000 0.000e+000 0.000e+000 0.000e+000 0.000e+000 0.000e+000 0.000e+000
 2.880e+001 2.930e+000 2.100e+001 2.302e+004-1.404e+004-9.499e+002-1.005e+003-2.375e+003 5.430e+004-2.680e+003-1.554e+003-3.431e+003 1.316e+003 1.883e+003-2.653e+002-3.207e+002 4.551e+003 1.784e+002 2.013e+003
 3.000e+001 2.930e+000 0.000e+000 0.000e+000 0.000e+000 0.000e+000 0.000e+000 0.000e+000 0.000e+000 0.000e+000 0.000e+000 0.000e+000 0.000e+000 0.000e+000 0.000e+000 0.000e+000 0.000e+000 0.000e+000 0.000e+000
 3.130e+001 2.930e+000 0.000e+000 0.000e+000 0.000e+000 0.000e+000 0.000e+000 0.000e+000 0.000e+000 0.000e+000 0.000e+000 0.000e+000 0.000e+000 0.000e+000 0.000e+000 0.000e+000 0.000e+000 0.000e+000 0.000e+000
 3.250e+001 2.930e+000 2.400e+001 4.018e+004-3.774e+004-1.033e+003-9.700e+002-1.449e+003 7.423e+004-7.404e+003-2.639e+002-6.610e+003 1.319e+003 3.280e+003-1.913e+002-1.761e+003 2.375e+003 4.872e+002 1.941e+003
 3.380e+001 2.930e+000 0.000e+000 0.000e+000 0.000e+000 0.000e+000 0.000e+000 0.000e+000 0.000e+000 0.000e+000 0.000e+000 0.000e+000 0.000e+000 0.000e+000 0.000e+000 0.000e+000 0.000e+000 0.000e+000 0.000e+000
 3.500e+001 2.930e+000 2.400e+001 5.564e+004-4.104e+004-1.271e+002-1.406e+003-7.777e+003 7.225e+004-1.195e+004-2.404e+003-1.276e+004 4.947e+003 8.214e+003-2.473e+002-1.922e+003 2.575e+003 6.798e+000 1.280e+003
 3.630e+001 2.930e+000 0.000e+000 0.000e+000 0.000e+000 0.000e+000 0.000e+000 0.000e+000 0.000e+000 0.000e+000 0.000e+000 0.000e+000 0.000e+000 0.000e+000 0.000e+000 0.000e+000 0.000e+000 0.000e+000 0.000e+000
 3.750e+001 2.930e+000 2.400e+001 6.683e+004-6.140e+004-6.576e+002-2.073e+003-1.274e+004 1.405e+005-2.513e+004-2.147e+003-1.366e+004 8.402e+003 1.413e+004 4.757e+001-2.302e+003 4.675e+003 4.343e+002 1.441e+003
 3.880e+001 2.930e+000 0.000e+000 0.000e+000 0.000e+000 0.000e+000 0.000e+000 0.000e+000 0.000e+000 0.000e+000 0.000e+000 0.000e+000 0.000e+000 0.000e+000 0.000e+000 0.000e+000 0.000e+000 0.000e+000 0.000e+000
 4.000e+001 2.930e+000 0.000e+000 0.000e+000 0.000e+000 0.000e+000 0.000e+000 0.000e+000 0.000e+000 0.000e+000 0.000e+000 0.000e+000 0.000e+000 0.000e+000 0.000e+000 0.000e+000 0.000e+000 0.000e+000 0.000e+000
 4.130e+001 2.930e+000 2.400e+001 1.369e+005-8.174e+004 1.258e+004-8.180e+002-4.360e+004 1.427e+005-5.442e+004-3.398e+003-3.828e+004 1.756e+004 4.157e+004-1.600e+003-3.703e+003 1.766e+003 2.882e+002 1.425e+003
 4.250e+001 2.930e+000 0.000e+000 0.000e+000 0.000e+000 0.000e+000 0.000e+000 0.000e+000 0.000e+000 0.000e+000 0.000e+000 0.000e+000 0.000e+000 0.000e+000 0.000e+000 0.000e+000 0.000e+000 0.000e+000 0.000e+000
 4.380e+001 2.930e+000 2.400e+001 2.820e+005-2.070e+005-3.210e+004 1.210e+003-3.920e+004 2.762e+005-1.486e+005-6.642e+003-7.893e+004 6.651e+004 1.463e+005-8.384e+003-7.118e+003-4.258e+003 1.153e+003 1.492e+003
 4.500e+001 2.930e+000 0.000e+000 0.000e+000 0.000e+000 0.000e+000 0.000e+000 0.000e+000 0.000e+000 0.000e+000 0.000e+000 0.000e+000 0.000e+000 0.000e+000 0.000e+000 0.000e+000 0.000e+000 0.000e+000 0.000e+000
 4.630e+001 2.930e+000 2.400e+001 9.339e+005-5.123e+005-1.897e+004-2.696e+004-1.422e+005 4.542e+005-1.181e+005-1.474e+004-4.252e+004 8.229e+004 1.214e+005-9.939e+003-2.444e+004 1.147e+004 7.137e+000 3.079e+003
 4.750e+001 2.930e+000 0.000e+000 0.000e+000 0.000e+000 0.000e+000 0.000e+000 0.000e+000 0.000e+000 0.000e+000 0.000e+000 0.000e+000 0.000e+000 0.000e+000 0.000e+000 0.000e+000 0.000e+000 0.000e+000 0.000e+000
 4.880e+001 2.930e+000 0.000e+000 0.000e+000 0.000e+000 0.000e+000 0.000e+000 0.000e+000 0.000e+000 0.000e+000 0.000e+000 0.000e+000 0.000e+000 0.000e+000 0.000e+000 0.000e+000 0.000e+000 0.000e+000 0.000e+000
 5.000e+001 2.930e+000 2.400e+001 6.121e+008-2.403e+008-1.522e+007-1.485e+007 2.921e+007 9.725e+007-2.615e+007-3.722e+006-6.338e+007 2.953e+006 7.160e+006 1.363e+006-7.623e+006 5.517e+006 1.166e+006 4.581e+005
 5.130e+001 2.930e+000 0.000e+000 0.000e+000 0.000e+000 0.000e+000 0.000e+000 0.000e+000 0.000e+000 0.000e+000 0.000e+000 0.000e+000 0.000e+000 0.000e+000 0.000e+000 0.000e+000 0.000e+000 0.000e+000 0.000e+000
 5.250e+001 2.930e+000 2.400e+001 1.019e+006-5.818e+005 2.306e+004-2.501e+004-2.196e+005 4.519e+005-1.182e+005-6.300e+003-1.235e+005 2.674e+004 6.450e+004-1.531e+003-2.181e+004 1.606e+004-4.620e+002 2.273e+003
 5.380e+001 2.930e+000 0.000e+000 0.000e+000 0.000e+000 0.000e+000 0.000e+000 0.000e+000 0.000e+000 0.000e+000 0.000e+000 0.000e+000 0.000e+000 0.000e+000 0.000e+000 0.000e+000 0.000e+000 0.000e+000 0.000e+000
 5.500e+001 2.930e+000 0.000e+000 0.000e+000 0.000e+000 0.000e+000 0.000e+000 0.000e+000 0.000e+000 0.000e+000 0.000e+000 0.000e+000 0.000e+000 0.000e+000 0.000e+000 0.000e+000 0.000e+000 0.000e+000 0.000e+000
 5.630e+001 2.930e+000 2.400e+001 2.838e+005-1.569e+005-3.871e+004-5.210e+003-4.090e+003 1.351e+005-3.691e+004-6.210e+003-2.702e+004 3.356e+004 3.383e+004-3.368e+003-9.432e+003 1.562e+003 1.081e+003 1.360e+003
 5.750e+001 2.930e+000 0.000e+000 0.000e+000 0.000e+000 0.000e+000 0.000e+000 0.000e+000 0.000e+000 0.000e+000 0.000e+000 0.000e+000 0.000e+000 0.000e+000 0.000e+000 0.000e+000 0.000e+000 0.000e+000 0.000e+000
 5.880e+001 2.930e+000 2.400e+001 1.870e+005-9.204e+004-1.265e+004-1.384e+003-1.747e+004 9.478e+004-4.287e+004-1.451e+003-4.209e+004 2.104e+004 3.468e+004-2.691e+003-3.016e+003-1.068e+003-8.782e+002 1.138e+003
 6.000e+001 2.930e+000 0.000e+000 0.000e+000 0.000e+000 0.000e+000 0.000e+000 0.000e+000 0.000e+000 0.000e+000 0.000e+000 0.000e+000 0.000e+000 0.000e+000 0.000e+000 0.000e+000 0.000e+000 0.000e+000 0.000e+000
 6.130e+001 2.930e+000 2.400e+001 7.062e+004-3.361e+004-8.040e+003-8.992e+002-1.833e+003 4.419e+004-1.237e+004-8.517e+002-1.138e+004 7.964e+003 9.056e+003-7.498e+002-1.369e+003 8.205e+002 3.735e+002 6.600e+002
 6.250e+001 2.930e+000 0.000e+000 0.000e+000 0.000e+000 0.000e+000 0.000e+000 0.000e+000 0.000e+000 0.000e+000 0.000e+000 0.000e+000 0.000e+000 0.000e+000 0.000e+000 0.000e+000 0.000e+000 0.000e+000 0.000e+000
 6.380e+001 2.930e+000 0.000e+000 0.000e+000 0.000e+000 0.000e+000 0.000e+000 0.000e+000 0.000e+000 0.000e+000 0.000e+000 0.000e+000 0.000e+000 0.000e+000 0.000e+000 0.000e+000 0.000e+000 0.000e+000 0.000e+000
 6.500e+001 2.930e+000 2.400e+001 4.252e+004-1.458e+004-2.033e+003-8.542e+002 7.633e+002 3.139e+004-5.935e+003-1.745e+002-6.465e+003 2.240e+003 4.246e+003-7.781e+001-9.889e+002 6.002e+002 1.553e+001 4.767e+002
 6.630e+001 2.930e+000 0.000e+000 0.000e+000 0.000e+000 0.000e+000 0.000e+000 0.000e+000 0.000e+000 0.000e+000 0.000e+000 0.000e+000 0.000e+000 0.000e+000 0.000e+000 0.000e+000 0.000e+000 0.000e+000 0.000e+000
 6.750e+001 2.930e+000 2.400e+001 3.270e+004-1.249e+004-3.174e+002 3.344e+002-3.446e+003 2.362e+004-4.328e+003-1.498e+003-6.449e+003 7.793e+002 3.027e+003-3.626e+002-1.236e+003 2.565e+002 1.857e+002 6.392e+002
 6.880e+001 2.930e+000 0.000e+000 0.000e+000 0.000e+000 0.000e+000 0.000e+000 0.000e+000 0.000e+000 0.000e+000 0.000e+000 0.000e+000 0.000e+000 0.000e+000 0.000e+000 0.000e+000 0.000e+000 0.000e+000 0.000e+000
 7.000e+001 2.930e+000 2.400e+001 2.659e+004-1.130e+004-1.687e+003-7.801e+002-6.279e+002 2.252e+004-3.306e+003-7.609e+002-4.643e+003 2.002e+003 2.039e+003-1.059e+002 2.449e+002 5.111e+002-4.301e+001 4.643e+002
 7.130e+001 2.930e+000 0.000e+000 0.000e+000 0.000e+000 0.000e+000 0.000e+000 0.000e+000 0.000e+000 0.000e+000 0.000e+000 0.000e+000 0.000e+000 0.000e+000 0.000e+000 0.000e+000 0.000e+000 0.000e+000 0.000e+000
 7.250e+001 2.930e+000 0.000e+000 0.000e+000 0.000e+000 0.000e+000 0.000e+000 0.000e+000 0.000e+000 0.000e+000 0.000e+000 0.000e+000 0.000e+000 0.000e+000 0.000e+000 0.000e+000 0.000e+000 0.000e+000 0.000e+000
 7.380e+001 2.930e+000 2.400e+001 1.705e+004-9.052e+003-7.108e+002-4.344e+002 1.107e+003 1.892e+004-3.161e+003-6.705e+002-3.009e+003 9.641e+002 1.470e+003-2.493e+002-9.626e+002 5.244e+001 5.907e+001 5.057e+002
 7.500e+001 2.930e+000 0.000e+000 0.000e+000 0.000e+000 0.000e+000 0.000e+000 0.000e+000 0.000e+000 0.000e+000 0.000e+000 0.000e+000 0.000e+000 0.000e+000 0.000e+000 0.000e+000 0.000e+000 0.000e+000 0.000e+000
 7.630e+001 2.930e+000 2.400e+001 1.694e+004-6.927e+003 2.471e+002 8.791e+002-2.096e+003 1.835e+004-2.084e+003-1.747e+003-4.110e+003 3.811e+002 1.913e+003-2.497e+002-5.829e+002 7.888e+002-7.614e+000 6.663e+002
 7.750e+001 2.930e+000 0.000e+000 0.000e+000 0.000e+000 0.000e+000 0.000e+000 0.000e+000 0.000e+000 0.000e+000 0.000e+000 0.000e+000 0.000e+000 0.000e+000 0.000e+000 0.000e+000 0.000e+000 0.000e+000 0.000e+000
 7.880e+001 2.930e+000 2.400e+001 1.317e+004-3.648e+003-4.676e+002-1.675e+002 1.340e+003 1.483e+004-1.337e+003-2.532e+002-1.967e+003-2.629e+002 1.054e+003-2.088e+002-3.693e+002 8.775e+002 1.598e+001 5.098e+002
 8.000e+001 2.930e+000 0.000e+000 0.000e+000 0.000e+000 0.000e+000 0.000e+000 0.000e+000 0.000e+000 0.000e+000 0.000e+000 0.000e+000 0.000e+000 0.000e+000 0.000e+000 0.000e+000 0.000e+000 0.000e+000 0.000e+000
 8.130e+001 2.930e+000 0.000e+000 0.000e+000 0.000e+000 0.000e+000 0.000e+000 0.000e+000 0.000e+000 0.000e+000 0.000e+000 0.000e+000 0.000e+000 0.000e+000 0.000e+000 0.000e+000 0.000e+000 0.000e+000 0.000e+000
 8.250e+001 2.930e+000 2.400e+001 8.736e+003-2.069e+003 1.477e+002-1.822e+002 1.095e+003 1.047e+004-6.840e+002-6.020e+001-1.274e+003-4.139e+001 6.783e+002-6.762e+001-1.861e+002 7.793e+002 4.812e+000 4.381e+002
 8.380e+001 2.930e+000 0.000e+000 0.000e+000 0.000e+000 0.000e+000 0.000e+000 0.000e+000 0.000e+000 0.000e+000 0.000e+000 0.000e+000 0.000e+000 0.000e+000 0.000e+000 0.000e+000 0.000e+000 0.000e+000 0.000e+000
 8.500e+001 2.930e+000 2.400e+001 9.930e+003-4.047e+003-3.028e+002 5.431e+002-1.322e+003 1.494e+004-1.067e+003-1.237e+003-2.170e+003 1.254e+003 1.246e+003-4.360e+002-6.592e+002 4.973e+002 1.937e+002 6.491e+002
 8.630e+001 2.930e+000 0.000e+000 0.000e+000 0.000e+000 0.000e+000 0.000e+000 0.000e+000 0.000e+000 0.000e+000 0.000e+000 0.000e+000 0.000e+000 0.000e+000 0.000e+000 0.000e+000 0.000e+000 0.000e+000 0.000e+000
 8.750e+001 2.930e+000 2.100e+001 8.498e+003-1.294e+003-2.090e+002 2.367e+002 6.517e+002 7.454e+003-1.675e+002 2.279e+002-9.665e+002-3.393e+002 4.991e+002-1.681e+002-9.482e+001 1.030e+002-5.796e+001 2.341e+002
 8.880e+001 2.930e+000 0.000e+000 0.000e+000 0.000e+000 0.000e+000 0.000e+000 0.000e+000 0.000e+000 0.000e+000 0.000e+000 0.000e+000 0.000e+000 0.000e+000 0.000e+000 0.000e+000 0.000e+000 0.000e+000 0.000e+000
 9.000e+001 2.930e+000 0.000e+000 0.000e+000 0.000e+000 0.000e+000 0.000e+000 0.000e+000 0.000e+000 0.000e+000 0.000e+000 0.000e+000 0.000e+000 0.000e+000 0.000e+000 0.000e+000 0.000e+000 0.000e+000 0.000e+000
 9.130e+001 2.930e+000 2.100e+001 9.806e+003-2.145e+003 7.693e+001 1.906e+002-3.169e+002 8.458e+003-8.165e+002-6.042e+001-1.597e+003-8.510e+001 6.694e+002-1.502e+002-6.382e+002 5.135e+001 1.915e+001 3.172e+002
 9.250e+001 2.930e+000 0.000e+000 0.000e+000 0.000e+000 0.000e+000 0.000e+000 0.000e+000 0.000e+000 0.000e+000 0.000e+000 0.000e+000 0.000e+000 0.000e+000 0.000e+000 0.000e+000 0.000e+000 0.000e+000 0.000e+000
 9.380e+001 2.930e+000 2.400e+001 1.034e+004-9.281e+001-3.401e+000 2.622e+002 5.199e+002 1.025e+004-1.500e+002-4.507e+002-8.721e+002 1.350e+002 3.166e+002-1.204e+002-4.051e+002 1.844e+002-1.862e+001 2.604e+002
 9.500e+001 2.930e+000 0.000e+000 0.000e+000 0.000e+000 0.000e+000 0.000e+000 0.000e+000 0.000e+000 0.000e+000 0.000e+000 0.000e+000 0.000e+000 0.000e+000 0.000e+000 0.000e+000 0.000e+000 0.000e+000 0.000e+000
 9.630e+001 2.930e+000 2.400e+001 9.403e+003-1.412e+002 1.687e+001 4.859e+001 8.265e+002 8.099e+003-4.724e+002-5.392e+001-8.851e+002 2.737e+002 4.226e+002-8.129e+001-2.879e+001 2.100e+002-2.131e+001 6.527e+001
 9.750e+001 2.930e+000 0.000e+000 0.000e+000 0.000e+000 0.000e+000 0.000e+000 0.000e+000 0.000e+000 0.000e+000 0.000e+000 0.000e+000 0.000e+000 0.000e+000 0.000e+000 0.000e+000 0.000e+000 0.000e+000 0.000e+000
 9.880e+001 2.930e+000 0.000e+000 0.000e+000 0.000e+000 0.000e+000 0.000e+000 0.000e+000 0.000e+000 0.000e+000 0.000e+000 0.000e+000 0.000e+000 0.000e+000 0.000e+000 0.000e+000 0.000e+000 0.000e+000 0.000e+000
 1.000e+002 2.930e+000 3.600e+001 1.976e+005-3.296e+003-6.469e+003 1.188e+003 1.593e+004 1.093e+004-1.343e+003 2.156e+002 1.695e+003 7.811e+002 1.180e+003 6.970e+001 3.448e+002 3.057e+002-1.822e+002 1.039e+002
 1.130e+002 2.930e+000 3.900e+001 1.052e+004-3.554e+002-1.327e+002 2.502e+002-3.141e+002 9.105e+003-1.369e+002 2.931e+001-9.539e+002-4.147e+002 3.893e+002-1.516e+002-9.942e+001 2.892e+002-6.786e+001 2.389e+002
 1.250e+002 2.930e+000 5.100e+001 1.397e+004 5.427e+002-2.879e+002 2.733e+002 2.591e+003 1.861e+004-7.830e+002-8.513e+002-1.579e+003-4.330e+002 6.115e+002-1.905e+002 3.144e+002 2.295e+002-6.781e+001 5.842e+002
 1.380e+002 2.930e+000 5.700e+001 2.206e+004-1.198e+003-1.132e+003 9.714e+002 4.368e+003 1.429e+004-6.896e+002 4.054e+002-1.640e+003-6.725e+002 5.685e+002-2.169e+002-8.778e+001 8.561e+002-1.423e+002 4.102e+002
 1.500e+002 2.930e+000 4.200e+001 2.592e+005 5.644e+004-1.242e+004 1.936e+003 3.630e+004 3.286e+004-1.434e+003 1.769e+003-3.810e+003-4.745e+003 1.277e+003-5.064e+002-4.581e+003 2.682e+002-3.523e+001 3.657e+002
 1.630e+002 2.930e+000 4.200e+001 2.573e+004-3.759e+003-1.373e+003 1.306e+003 7.054e+003 1.605e+004-1.111e+003 4.121e+002-2.434e+003-1.146e+003 7.714e+002-4.169e+002-1.934e+002 6.189e+002-1.773e+002 6.829e+002
 1.750e+002 2.930e+000 3.900e+001 2.883e+004-2.901e+003-1.393e+003 9.695e+002 1.191e+004 2.033e+004-1.227e+003-3.427e+002-2.705e+003-1.369e+003 8.137e+002-3.674e+002 7.859e+002 6.394e+002-2.862e+002 1.240e+003
 1.880e+002 2.930e+000 6.300e+001 3.455e+005-8.924e+004-2.141e+004 6.997e+003 1.305e+005 1.017e+005-1.520e+004 4.469e+003-2.469e+004-4.842e+003 4.410e+003-1.015e+003 3.336e+003 1.913e+003-1.109e+003 2.430e+003
 2.000e+002 2.930e+000 9.600e+001 2.050e+007-6.779e+006-1.466e+006 3.125e+005 8.656e+006 6.097e+006-1.110e+006 1.949e+005-1.423e+006-1.126e+005 2.114e+005-9.839e+003 1.813e+005-2.081e+004-3.507e+004 9.039e+003
 2.130e+002 2.930e+000 6.900e+001 3.430e+005-5.917e+004-3.439e+004 9.784e+003 1.084e+005 9.953e+004-1.532e+004 3.021e+003-2.189e+004-5.350e+003 6.534e+003-2.416e+003-9.757e+003-2.105e+001-6.387e+002 2.770e+003
 2.250e+002 2.930e+000 8.400e+001 3.119e+005 7.089e+004-4.435e+004 1.388e+004 3.557e+004 7.818e+004-1.491e+003 8.664e+003-2.063e+004-1.766e+004 9.624e+003-4.822e+003-2.184e+004 3.833e+003-8.466e+002 3.541e+003
 2.380e+002 2.930e+000 9.600e+001 1.921e+006 6.112e+005-2.715e+005 7.311e+004-1.528e+005 2.797e+005 4.906e+004 4.613e+004-1.023e+005-8.592e+004 5.059e+004-2.789e+004-1.509e+005 3.853e+004-2.396e+003 1.774e+004
 2.500e+002 2.930e+000 9.600e+001 7.023e+007 2.428e+007-1.019e+007 2.779e+006-9.657e+006 1.044e+007 2.582e+006 1.665e+006-3.891e+006-3.055e+006 1.816e+006-1.042e+006-5.885e+006 1.761e+006-6.876e+004 6.195e+005
 2.630e+002 2.930e+000 9.300e+001 1.607e+006 4.697e+005-1.991e+005 5.272e+004-2.597e+005 2.544e+005 5.284e+004 2.860e+004-8.201e+004-5.514e+004 3.504e+004-1.892e+004-1.107e+005 3.633e+004-1.605e+003 1.174e+004
 2.750e+002 2.930e+000 6.900e+001 2.891e+005 7.437e+004-3.134e+004 9.159e+003-5.870e+004 7.751e+004 6.440e+003 4.827e+003-1.581e+004-9.191e+003 6.853e+003-3.167e+003-1.682e+004 6.553e+003-4.710e+002 2.198e+003
 2.880e+002 2.930e+000 5.100e+001 1.122e+005 3.554e+003-7.025e+003 2.672e+003-2.982e+004 5.891e+004 1.442e+003 1.301e+003-7.955e+003-2.164e+003 3.097e+003-1.441e+003-3.618e+003 4.152e+003-5.615e+002 1.562e+003
 3.000e+002 2.930e+000 8.400e+001 3.917e+005-4.839e+005-1.218e+004-4.615e+004-3.117e+005 1.795e+006 5.788e+004-5.710e+003 3.233e+003-9.586e+003 6.494e+003-8.168e+003-3.386e+004 1.861e+005-1.536e+003 2.130e+004
 3.130e+002 2.930e+000 6.900e+001 1.263e+005-4.102e+004 1.319e+003 1.822e+003-3.372e+004 8.708e+004-8.524e+003 2.115e+003-1.605e+004-5.629e+001 4.650e+003-1.264e+003 9.335e+002 2.717e+003-6.489e+002 1.763e+003
 3.250e+002 2.930e+000 8.700e+001 3.042e+005-1.470e+005 1.789e+004 7.632e+003-9.719e+004 1.609e+005-4.034e+004 4.309e+003-5.432e+004 5.700e+003 1.469e+004-3.103e+003 9.093e+003-6.791e+003-1.758e+003 1.816e+003
 3.380e+002 2.930e+000 9.600e+001 1.415e+006-8.026e+005 1.261e+005 3.770e+004-5.610e+005 7.572e+005-2.283e+005 1.786e+004-2.904e+005 4.473e+004 7.657e+004-1.415e+004 5.546e+004-4.474e+004-8.743e+003 4.952e+003
 3.500e+002 2.930e+000 9.600e+001 3.602e+007-2.138e+007 3.522e+006 1.287e+006-1.591e+007 2.044e+007-6.616e+006 3.523e+005-8.116e+006 1.543e+006 2.268e+006-4.624e+005 1.531e+006-1.498e+006-2.285e+005 1.189e+005
 3.630e+002 2.930e+000 9.600e+001 1.043e+006-6.119e+005 9.497e+004 4.320e+004-4.727e+005 6.676e+005-2.035e+005 5.804e+003-2.395e+005 5.391e+004 7.106e+004-1.534e+004 3.921e+004-4.589e+004-6.022e+003 4.839e+003
 3.750e+002 2.930e+000 8.700e+001 2.135e+005-1.021e+005 1.624e+004 7.076e+003-9.029e+004 1.496e+005-3.545e+004-1.380e+002-3.886e+004 1.018e+004 1.222e+004-2.752e+003 5.018e+003-6.067e+003-7.776e+002 1.749e+003
 3.880e+002 2.930e+000 5.100e+001 1.474e+005-3.206e+004 5.952e+003 5.903e+002-2.570e+004 4.938e+004-7.294e+003 8.925e+002-7.383e+003 1.418e+003 2.597e+003-7.141e+002 2.900e+003-5.752e+002-3.247e+002 5.274e+002
 4.000e+002 2.930e+000 6.600e+001 4.024e+006-2.282e+005 7.373e+004-2.985e+004-1.343e+005 7.248e+004-5.558e+003 3.688e+003 4.010e+004-4.703e+003 4.374e+003-1.936e+003 4.126e+004 1.110e+003-3.134e+002 1.408e+003
 4.130e+002 2.930e+000 7.800e+001 1.863e+005-3.152e+004 2.460e+003-1.746e+003 5.665e+003 5.166e+004-2.588e+003 8.817e+002-4.919e+003-6.696e+002 1.405e+003-4.105e+002 1.081e+003 2.863e+003-4.445e+002 1.543e+003
 4.250e+002 2.930e+000 6.900e+001 1.472e+005-3.450e+004 1.272e+003 7.775e+002 4.555e+004 6.111e+004-1.471e+003 5.634e+002-2.418e+003-8.663e+002 9.207e+002-3.252e+002 3.555e+003 3.317e+003-9.532e+001 1.059e+003
 4.380e+002 2.930e+000 7.800e+001 7.681e+005-8.343e+004 1.125e+004-2.105e+003 2.249e+005 1.203e+005 1.070e+003 3.635e+003-7.697e+003-4.260e+003 1.161e+003-7.161e+002 2.323e+004 1.030e+004-5.607e+002 2.344e+003
 4.500e+002 2.930e+000 9.600e+001 2.999e+007-5.771e+005 5.916e+005 1.722e+005 5.445e+006 1.143e+006 9.766e+004 5.137e+004-5.184e+005-1.096e+005 2.353e+004-2.154e+004 8.670e+005 1.657e+005-1.224e+004 2.854e+004
 4.630e+002 2.930e+000 5.700e+001 7.413e+005-6.355e+003 1.316e+004 3.110e+003 9.840e+004 5.942e+004 2.385e+003 9.817e+002-1.241e+004-2.306e+003 1.003e+003-6.762e+002 2.013e+004 7.084e+003-3.995e+002 1.261e+003
 4.750e+002 2.930e+000 4.800e+001 1.025e+005-5.790e+003 1.528e+003 1.057e+003 1.140e+004 5.014e+004 1.593e+002 2.625e+003-1.092e+003-1.611e+003 5.236e+002-4.314e+002 2.487e+003 3.999e+003-3.395e+002 1.107e+003
 4.880e+002 2.930e+000 5.700e+001 9.036e+004 3.059e+003 1.361e+003-1.762e+003-4.930e+003 7.552e+004-2.523e+002 3.277e+003 3.524e+003-4.137e+003 1.120e+003-6.196e+002 2.509e+002 6.809e+003-6.062e+002 1.487e+003
 5.000e+002 2.930e+000 8.700e+001 1.488e+006 6.534e+005 6.661e+004-4.671e+004 7.618e+004 5.020e+005-7.979e+004-8.593e+003 1.618e+005 3.668e+004 2.719e+004-9.011e+003 2.384e+004-9.618e+003-4.466e+002 5.098e+003
 5.130e+002 2.930e+000 8.100e+001 8.375e+004 4.440e+004-7.370e+002 1.622e+003-2.396e+004 2.931e+005 5.912e+002 1.208e+004 2.922e+003-1.505e+004 1.768e+003-1.225e+003-3.340e+003 2.477e+004-1.402e+003 3.101e+003
 5.250e+002 2.930e+000 7.800e+001 3.337e+004-8.317e+003 7.772e+002 9.498e+002 2.428e+004 7.090e+005 7.217e+003 2.968e+004-2.211e+003-3.829e+004 2.614e+003-2.615e+003 4.115e+003 6.949e+004-3.591e+003 8.787e+003
 5.380e+002 2.930e+000 9.600e+001 7.601e+004-2.048e+005 1.539e+004-8.354e+003 2.955e+005 3.803e+006 4.151e+004 1.459e+005-1.615e+004-2.238e+005 1.440e+004-1.320e+004 3.761e+004 3.745e+005-2.063e+004 4.342e+004
 5.500e+002 2.930e+000 9.600e+001 3.291e+006-1.389e+007 1.044e+006-6.695e+005 1.705e+007 1.576e+008 1.404e+006 6.372e+006-1.020e+006-1.038e+007 7.084e+005-5.663e+005 2.226e+006 1.555e+007-9.662e+005 1.797e+006
 5.630e+002 2.930e+000 1.200e+002 1.629e+005-5.489e+005 4.103e+004-2.966e+004 5.744e+005 4.760e+006 4.247e+004 1.915e+005-3.578e+004-3.135e+005 2.208e+004-1.756e+004 7.890e+004 4.723e+005-2.959e+004 5.598e+004
 5.750e+002 2.930e+000 7.800e+001 4.277e+004-9.510e+004 6.315e+003-4.759e+003 8.981e+004 6.093e+005 1.777e+003 2.431e+004-6.328e+003-3.706e+004 2.641e+003-1.835e+003 1.248e+004 5.609e+004-3.413e+003 6.439e+003
 5.880e+002 2.930e+000 6.900e+001 3.913e+004-5.058e+004 3.264e+003-2.101e+003 5.036e+004 2.523e+005-7.020e+002 1.057e+004-3.748e+003-1.508e+004 1.196e+003-8.027e+002 7.013e+003 2.171e+004-1.457e+003 2.846e+003
 6.000e+002 2.930e+000 8.400e+001 4.259e+005 2.441e+004 6.009e+003-1.181e+004 1.174e+005 2.129e+005-6.143e+003 3.964e+003 1.886e+004-4.999e+003 2.692e+003-1.287e+003 1.054e+004 1.281e+004-7.364e+002 2.061e+003
 6.130e+002 2.930e+000 5.400e+001 1.505e+004-2.268e+004 1.365e+003-1.290e+003 8.041e+003 8.587e+004-2.401e+003 3.494e+003-1.165e+003-4.372e+003 5.414e+002-1.601e+002 1.837e+003 5.911e+003-4.553e+002 7.909e+002
 6.250e+002 2.930e+000 7.800e+001 1.688e+004-2.777e+004 2.216e+003-1.045e+003-1.724e+003 1.175e+005-4.772e+003 3.819e+003-1.873e+003-5.158e+003 8.214e+002-2.526e+002 1.561e+003 5.413e+003-4.656e+002 9.333e+002
 6.380e+002 2.930e+000 5.400e+001 2.412e+004-3.380e+004 4.331e+003-7.278e+002-3.153e+004 1.610e+005-1.339e+004 2.791e+003-3.041e+003-3.427e+003 1.558e+003-1.274e+002 9.670e+002 1.752e+003-3.554e+002 5.124e+002
 6.500e+002 2.930e+000 9.900e+001 1.607e+006-1.365e+006 4.086e+005 1.026e+004-4.331e+006 1.473e+007-1.429e+006-7.630e+004-1.727e+005 1.528e+005 1.437e+005 6.415e+003-3.471e+004 9.336e+004 7.571e+003 2.749e+003
 6.630e+002 2.930e+000 5.700e+001 1.433e+004-6.105e+003 2.340e+003-3.124e+002-2.016e+004 1.022e+005-7.005e+003 2.543e+002-8.780e+002 2.087e+002 8.045e+002-6.622e+001 4.359e+002 1.537e+003-7.707e+001 3.443e+002
 6.750e+002 2.930e+000 4.200e+001 8.576e+003-1.667e+003 7.390e+002-1.094e+001-3.568e+003 2.194e+004-1.266e+003 4.247e+002-3.026e+002-3.971e+002 2.179e+002-6.638e+001 4.714e+002 5.239e+002-4.752e+001 1.571e+002
 6.880e+002 2.930e+000 3.900e+001 9.696e+003-1.889e+003 2.696e+002-8.759e+001 9.935e+002 1.222e+004-4.736e+002 9.266e+001-2.724e+002-2.495e+002 9.001e+001-2.660e+001 2.129e+002 1.415e+002-3.338e+001 1.368e+002
 7.000e+002 2.930e+000 3.900e+001 1.569e+006-6.723e+004-3.530e+004 1.053e+004 2.147e+004 1.424e+004-2.376e+003-1.399e+003-2.647e+004 8.552e+002 1.520e+003-1.053e+003-3.176e+004-8.618e+002 2.957e+002 1.062e+003
 7.130e+002 2.930e+000 4.500e+001 6.217e+003-1.104e+003-1.271e+002 5.426e+001-2.650e+002 8.122e+003-1.289e+002-4.104e+001-2.979e+002-1.604e+002 7.973e+001-3.988e+001 5.985e+001 2.880e+002-2.567e+001 1.228e+002
 7.250e+002 2.930e+000 4.800e+001 4.817e+003 8.911e+001 3.042e+001 1.115e+002-3.880e+002 7.917e+003-1.359e+002-2.714e+002-1.446e+002-1.668e+002 5.836e+001-2.293e+001 2.116e+002 1.882e+002-1.954e+001 2.078e+002
 7.380e+002 2.930e+000 4.500e+001 6.313e+003-9.916e+002 5.354e+001-1.127e+002 1.480e+003 4.309e+003-6.901e+001-8.196e-001 1.431e+001-6.062e+001 5.653e+001-3.711e+001 1.680e+002 1.842e+002-1.305e+001 8.584e+001
 7.500e+002 2.930e+000 6.300e+001 2.505e+006-7.428e+004 5.870e+004-4.663e+004-1.371e+005 2.355e+004-3.233e+003 3.345e+003 3.803e+004-4.614e+003 2.313e+003-1.295e+003 2.092e+004 6.978e+002-8.889e+002 1.250e+003
 7.630e+002 2.930e+000 5.400e+001 1.046e+004-5.988e+002 2.844e+002 6.154e+001-3.910e+002 5.022e+003-1.874e+002 4.832e+001-1.854e+002-8.757e+001 6.703e+001-2.063e+001 2.691e+002 8.008e+001-1.746e+001 5.893e+001
 7.750e+002 2.930e+000 3.300e+001 2.182e+003-2.003e+002 4.083e+001 6.704e+001-4.211e+001 3.247e+003-9.100e+001-2.032e+002-8.539e+001-5.373e+001 2.641e+001-4.578e+000 9.120e+001-4.012e+000-1.479e+001 1.322e+002
 7.880e+002 2.930e+000 3.300e+001 2.571e+003 1.868e+002 3.736e+001 1.487e+001 1.996e+002 3.273e+003-1.315e+002 3.825e+001-5.690e+001-1.388e+002 4.047e+001-1.187e+001 6.745e+001 8.531e+001-2.060e+001 6.109e+001
 8.000e+002 2.930e+000 4.800e+001 3.092e+005 4.865e+004 5.353e+003-2.854e+003-2.738e+004 1.995e+004-3.025e+003 2.768e+002 1.025e+004-4.146e+000 6.892e+002-1.777e+002-9.201e+002-5.517e+002-1.327e+002 1.630e+002
 8.130e+002 2.930e+000 4.500e+001 4.321e+003-1.447e+003 1.151e+002 7.610e+001-4.372e+002 5.237e+003-1.479e+002-2.049e+002-1.682e+002-1.346e+002 4.909e+001-2.207e+001-4.951e+001 1.887e+002-2.828e+001 2.257e+002
 8.250e+002 2.930e+000 3.900e+001 1.665e+003-8.016e+002 8.506e+001 4.213e+001 1.427e+002 4.383e+003-1.588e+002-8.481e+001-1.252e+002-8.242e+001 4.896e+001-1.642e+001 4.367e+001 8.848e+001-8.383e+000 4.318e+001
 8.380e+002 2.930e+000 7.800e+001 1.049e+004-1.237e+004 8.428e+002 1.671e+001-2.190e+003 2.764e+004-2.712e+003 5.201e+001-1.517e+003-9.200e+002 4.234e+002-3.515e+001 2.342e+001 1.150e+002-2.524e+001 1.206e+002
 8.500e+002 2.930e+000 5.400e+001 8.225e+005-1.330e+006 8.754e+004-5.817e+003-4.566e+005 2.552e+006-3.074e+005-3.587e+004-1.487e+005-6.338e+004 4.013e+004 2.509e+003-2.577e+004 2.268e+004 3.447e+003 1.914e+003
 8.630e+002 2.930e+000 3.600e+001 4.406e+003-4.978e+003 2.446e+002 4.912e+000-8.685e+000 9.999e+003-9.369e+002 5.523e+001-6.027e+002-2.892e+002 1.439e+002-2.429e+001 8.024e+001-3.564e+001-1.161e+001 4.115e+001
 8.750e+002 2.930e+000 3.300e+001 1.505e+003-1.314e+003 5.945e+001 4.665e+001-6.016e+001 4.219e+003-2.127e+002 4.973e+001-1.333e+002-9.729e+001 4.164e+001-2.379e+001 4.334e+001-6.062e+001-3.379e+000 7.682e+001
 8.880e+002 2.930e+000 6.300e+001 3.232e+003-1.505e+003 6.861e+001 3.822e+001 1.472e+002 6.316e+003-2.829e+002-2.540e+001-1.863e+002-4.565e+001 6.384e+001-2.615e+001 2.711e+001-1.563e+002-1.005e+001 4.691e+001
 9.000e+002 2.930e+000 3.000e+001 2.370e+005-2.440e+004 3.023e+003 1.704e+003-6.590e+004 2.885e+004-1.565e+003-1.033e+003-3.475e+003 7.562e+002 1.847e+002-3.607e+001-3.047e+003 8.613e+002 7.130e+001 2.070e+002
 9.130e+002 2.930e+000 5.400e+001 3.390e+003-5.722e+003 2.157e+002 3.602e+002 4.660e+002 2.631e+004-2.780e+003-4.443e+002-7.883e+002-7.329e+002 4.956e+002-1.576e+002-9.430e+001-1.857e+003 1.557e+002 2.524e+002
 9.250e+002 2.930e+000 5.100e+001 1.682e+003-2.418e+003 3.823e+001 8.994e+001-9.002e+001 1.089e+004-1.047e+003-1.573e+002-3.195e+002-8.558e+001 1.573e+002-5.825e+001-2.954e+001-2.530e+002 1.274e+001 8.787e+001
 9.380e+002 2.930e+000 8.700e+001 4.323e+003-3.203e+003-4.849e+002 4.711e+002 2.320e+003 2.253e+004-3.610e+003 8.305e+002-7.068e+002-3.098e+002 8.400e+002-4.084e+002-1.589e+002-1.649e+003-1.838e+002 3.250e+002
 9.500e+002 2.930e+000 7.200e+001 9.464e+004 1.145e+004-5.714e+004 2.995e+004 2.137e+005 9.366e+005-2.290e+005 1.022e+005-1.932e+004-6.139e+004 6.454e+004-3.382e+004-2.463e+004-9.502e+004-2.025e+004 2.487e+004
 9.630e+002 2.930e+000 3.900e+001 1.699e+003-1.982e+002-2.486e+002 1.576e+002 1.050e+003 5.523e+003-8.691e+002 2.978e+002-1.629e+002-2.246e+002 2.567e+002-1.781e+002-1.691e+002-4.425e+002-6.601e+001 2.013e+002
 9.750e+002 2.930e+000 3.300e+001 1.461e+003-7.515e+002-3.501e+001 8.921e+001 3.798e+002 2.637e+003-2.702e+002-9.707e+001-1.438e+002-4.908e+001 5.904e+001-3.971e+001-2.220e+001-1.701e+002 2.682e+000 7.517e+001
 9.880e+002 2.930e+000 6.600e+001 8.537e+003-4.883e+003-1.093e+001 4.032e+002 5.798e+002 1.426e+004-1.238e+003-4.577e+002-6.113e+002-7.937e+001 1.978e+002-1.274e+002-2.124e+002-1.127e+003 2.862e+001 2.394e+002
 1.000e+003 2.930e+000 1.290e+002 6.118e+005-2.333e+005 3.807e+003 6.784e+003 2.481e+004 1.627e+005-9.776e+003-1.797e+003-1.781e+004-2.503e+003 8.706e+002-3.446e+002-3.321e+003-5.988e+003 1.364e+002 6.403e+002
 1.130e+003 2.930e+000 2.730e+002 5.751e+004 1.087e+004 7.401e+003 1.685e+003-1.037e+005 1.103e+006-7.740e+004-2.090e+004-3.581e+003 3.653e+004 7.001e+003-6.437e+003 8.042e+003-7.991e+004-1.216e+003 6.656e+003
 1.250e+003 2.930e+000 2.010e+002 7.271e+004 5.440e+004-2.191e+002-3.680e+001 2.520e+003 6.619e+005-3.455e+004-2.055e+003 2.080e+003-1.594e+003 2.051e+003-4.544e+002 9.277e+002-1.101e+004 5.311e+001 7.098e+002
 1.380e+003 2.930e+000 2.190e+002 2.869e+004-2.124e+004 9.512e+002 4.946e+002-1.371e+004 1.573e+005-7.377e+003 2.448e+003-6.807e+002 1.218e+003 5.137e+002-3.113e+002 6.753e+002-6.942e+003-2.404e+002 5.344e+002
 1.500e+003 2.930e+000 4.200e+001 9.992e+002-2.730e+003-5.426e+001 4.598e+001 4.034e+002 1.063e+005-4.536e+003-1.794e+003-1.422e+002 2.060e+003 2.463e+002-1.471e+002-1.616e+002-2.808e+003 2.387e+001 1.518e+002
 1.630e+003 2.930e+000 5.400e+001 3.146e+003-5.333e+003 1.320e+002 3.729e+002-6.454e+003 1.078e+005-3.525e+003-2.365e+003-3.615e+002 2.343e+003 1.780e+002-1.990e+002 1.428e+002-4.418e+003-1.887e+001 2.521e+002
 1.750e+003 2.930e+000 4.800e+001 5.635e+003-4.607e+004-1.258e+003 1.627e+003 1.116e+004 6.797e+005-2.012e+004-1.599e+004-1.203e+003 1.422e+004 9.098e+002-1.171e+003-1.699e+003-2.844e+004-1.177e+002 1.613e+003
 1.880e+003 2.930e+000 3.900e+001 4.983e+003-7.458e+003 6.180e+002 6.952e+002-3.554e+004 1.250e+006-2.844e+004-2.587e+004-1.370e+003 3.295e+004 1.564e+003-1.501e+003 1.015e+003-3.742e+004-4.266e+002 1.787e+003
 2.000e+003 2.930e+000 7.200e+001 1.028e+004-4.349e+004-5.554e+002 3.122e+003-6.006e+004 2.257e+006-4.272e+004-5.669e+004-2.667e+003 6.472e+004 2.829e+003-3.137e+003 5.178e+002-7.538e+004-1.095e+003 4.051e+003
 2.130e+003 2.930e+000 4.800e+001 5.708e+003-3.056e+004-6.943e+002 1.485e+003-1.408e+004 6.262e+005-1.050e+004-1.604e+004-1.184e+003 1.950e+004 8.493e+002-8.757e+002-2.888e+002-2.034e+004-3.776e+002 1.099e+003
 2.250e+003 2.930e+000 6.000e+001 3.871e+003 8.399e+003 2.506e+002 1.188e+001-8.719e+003 1.429e+005-7.824e+002-3.503e+003-3.109e+002 4.253e+003 1.534e+002-1.358e+002 4.466e+002-4.112e+003-1.057e+002 2.154e+002
 2.380e+003 2.930e+000 4.200e+001 8.492e+002-8.052e+002 3.660e+001 1.620e+002-4.642e+002 4.285e+004 1.599e+002-2.027e+003-1.000e+002 9.839e+002 6.631e+001-9.054e+001 3.733e+001-1.384e+003-4.582e+001 2.207e+002
 2.500e+003 2.930e+000 3.300e+001 5.491e+002 8.800e+002 1.686e+001 4.229e+000 8.325e+001 1.825e+004 9.557e+001-5.066e+002-3.003e+001 3.972e+002 1.930e+001-1.682e+001 3.235e+001-3.739e+002-1.362e+001 3.463e+001
 2.630e+003 2.930e+000 3.600e+001 4.191e+002-1.293e+002-4.814e+000-1.215e+001 2.999e+002 1.245e+004-1.206e+001-3.243e+002-3.923e+000 2.063e+002 7.524e+000-6.499e+000-5.874e+000-2.367e+002-4.095e+000 1.512e+001
 2.750e+003 2.930e+000 4.500e+001 4.489e+002-2.989e+002-2.610e+000 1.869e+000-2.736e+002 1.253e+004 6.681e+001-1.833e+002 6.716e+000 6.808e+001 5.078e+000-1.131e+000-7.066e-002-2.644e+002-2.759e+000 1.023e+001
 2.880e+003 2.930e+000 3.300e+001 3.271e+002-4.904e+002-7.197e-001 6.922e+000 4.657e+000 8.706e+003 6.002e+001-1.826e+002 6.522e+000 1.595e+002 7.159e+000-4.029e+000-8.586e+000-1.662e+002-4.788e+000 9.102e+000
 3.000e+003 2.930e+000 3.600e+001 3.405e+002-3.490e+000-7.275e+000 2.119e+000-8.964e+002 1.452e+004-8.848e+000-1.668e+002 5.872e+000-7.121e+001 5.578e+000 2.181e-001 5.241e+001-8.124e+002 5.261e+000 5.527e+001
 3.130e+003 2.930e+000 4.200e+001 3.158e+002 2.114e+001 2.361e-001 7.520e+000-5.310e+002 7.768e+003-4.325e+001-1.167e+002-6.058e+000 1.209e+002 4.339e+000-3.928e+000 1.160e+001-2.176e+002-2.830e+000 9.467e+000
 3.250e+003 2.930e+000 3.000e+001 1.822e+002-5.868e+002-5.228e+000 2.079e+001 1.067e+002 1.116e+004-1.118e+002 8.461e-001-1.035e+001 5.137e+001 4.186e+000-4.893e+000 1.036e-001-2.731e+002-1.788e+000 9.753e+000
 3.380e+003 2.930e+000 4.200e+001 3.380e+002 6.417e+002-1.093e+001-1.957e+001 5.732e+002 2.761e+004-4.736e+002-2.306e+002 4.072e+000-2.342e+001 1.467e+001-1.823e+001-1.541e+001-9.044e+002 3.640e+000 3.423e+001
 3.500e+003 2.930e+000 5.700e+001 1.460e+003-9.263e+003-1.148e+001 5.774e+002-1.616e+004 3.421e+005-4.292e+003-5.237e+003-4.941e+002 7.629e+003 2.407e+002-2.742e+002 4.158e+002-1.195e+004-1.997e+002 5.023e+002
 3.630e+003 2.930e+000 4.500e+001 1.427e+003-1.390e+004-1.485e+002 6.187e+002 1.368e+003 1.882e+005-6.730e+003-1.484e+003-5.572e+002 1.159e+003 2.707e+002-3.123e+002-1.767e+002-8.223e+003 3.600e+000 3.758e+002
 3.750e+003 2.930e+000 4.200e+001 5.372e+002 2.179e+001-4.526e+000 9.213e+000-1.382e+002 2.217e+004-5.554e+002-1.960e+002-2.254e+001 2.405e+002 2.217e+001-2.592e+001-8.033e-001-8.468e+002-4.102e+000 3.609e+001
 3.880e+003 2.930e+000 6.000e+001 5.635e+002-2.776e+003-5.194e+000 1.405e+002-3.475e+003 9.810e+004-1.295e+003-1.012e+003-9.431e+001 1.303e+003 4.269e+001-6.257e+001 8.310e+001-3.330e+003-3.080e+001 1.296e+002
 4.000e+003 2.930e+000 3.900e+001 3.022e+002-2.046e+003-3.025e+001 9.203e+001 3.826e+002 6.789e+004-1.667e+003-7.019e+002-5.894e+001 7.519e+002 5.409e+001-8.735e+001-3.799e+001-3.207e+003-2.221e+001 1.733e+002
 4.130e+003 2.930e+000 6.600e+001 3.917e+002-9.199e+002 1.519e+002 9.860e+001-7.235e+003 3.932e+005-9.234e+003-3.023e+003-1.279e+002 4.994e+003 2.846e+002-4.238e+002 2.891e+002-1.632e+004-1.365e+002 7.039e+002
 4.250e+003 2.930e+000 7.200e+001 2.959e+002-1.391e+003-7.750e+001 3.361e+001 1.168e+003 1.360e+005-4.233e+003-1.805e+003-4.652e+000 2.570e+003 1.892e+002-2.344e+002-7.922e+001-6.248e+003-6.091e+001 3.159e+002
 4.380e+003 2.930e+000 4.800e+001 1.803e+002-5.085e+002 4.125e+001 3.857e+001-1.602e+003 5.924e+004-1.776e+003-6.349e+002-3.810e+001 8.175e+002 6.577e+001-8.741e+001 6.686e+001-2.602e+003-1.693e+001 1.223e+002
 4.500e+003 2.930e+000 6.600e+001 2.532e+002-7.790e+002-2.496e+001 3.847e+001 1.693e+002 4.528e+004-1.230e+003-4.953e+002-3.066e+001 8.426e+002 5.259e+001-6.207e+001-2.563e+001-1.851e+003-1.964e+001 8.462e+001
 4.630e+003 2.930e+000 6.900e+001 1.696e+002-7.933e+002-1.604e+001 3.494e+001 2.234e+002 2.336e+004-7.026e+002-2.393e+002-2.196e+001 3.378e+002 2.709e+001-3.618e+001-1.792e+001-1.068e+003-8.273e+000 5.298e+001
 4.750e+003 2.930e+000 4.800e+001 7.215e+001 2.754e+002 2.052e+001-7.394e+000-5.428e+002 3.772e+004-1.165e+003-3.822e+002 1.291e+000 5.958e+002 4.610e+001-5.685e+001 2.557e+001-1.624e+003-1.385e+001 7.609e+001
 4.880e+003 2.930e+000 5.700e+001 8.845e+001-3.408e+002 1.215e-001 1.250e+001-3.201e+002 1.774e+004-4.822e+002-2.129e+002-1.607e+001 3.932e+002 2.274e+001-1.946e+001 6.600e+000-5.033e+002-5.361e+000 2.047e+001
 5.000e+003 2.930e+000 5.700e+001 8.749e+001 1.826e+001 3.823e+000 3.329e+000-8.600e+001 7.268e+003-2.166e+002-8.404e+001-2.466e+000 1.382e+002 9.802e+000-1.256e+001 5.651e+000-3.553e+002-4.739e+000 2.164e+001
 5.130e+003 2.930e+000 3.900e+001 4.929e+001-1.263e+002-2.944e+000 3.757e+000-5.773e+001 3.651e+003-7.795e+001-8.476e+001-4.054e+000 1.179e+002 6.190e+000-6.096e+000-3.891e+000-1.225e+002-2.620e+000 1.066e+001
 5.250e+003 2.930e+000 4.800e+001 4.819e+001-7.647e+001-1.374e+000 5.744e+000-3.539e+001 1.535e+003-7.054e+001-2.118e-001-3.966e+000 3.850e+001 5.597e+000-5.649e+000 1.848e+000-1.080e+002-3.821e+000 1.448e+001
 5.380e+003 2.930e+000 5.700e+001 5.200e+001-5.121e+001-3.429e-002 2.329e+000-6.985e+001 3.769e+003-1.409e+002-7.365e+001-5.948e+000 1.209e+002 1.066e+001-1.054e+001 3.708e+000-1.921e+002-4.948e+000 2.035e+001
 5.500e+003 2.930e+000 4.200e+001 4.360e+001-4.362e+001 8.297e-001 2.757e+000-7.089e+001 2.624e+003-1.202e+002-2.625e+001-3.555e+000 9.340e+001 9.694e+000-9.732e+000 3.057e+000-1.836e+002-5.920e+000 1.941e+001
 5.630e+003 2.930e+000 6.000e+001 9.356e+001-7.359e+002-2.625e+001 5.437e+001-2.457e+001 1.142e+004-5.043e+002-3.510e+000-3.388e+001 4.019e+002 3.741e+001-3.622e+001 2.641e+000-8.140e+002-3.043e+001 7.277e+001
 5.750e+003 2.930e+000 6.900e+001 1.655e+002-4.478e+002 1.205e+001 4.120e+001-7.744e+002 1.045e+004-3.577e+002-2.130e+002-4.561e+001 3.543e+002 2.588e+001-2.866e+001 3.928e+001-6.312e+002-1.688e+001 5.964e+001
 5.880e+003 2.930e+000 4.200e+001 1.150e+002 6.505e+001 1.496e+001 8.791e+000-2.853e+002 2.197e+003-7.025e+001-5.945e+001-1.047e+001 7.549e+001 6.147e+000-5.506e+000 8.790e+000-1.077e+002-2.942e+000 1.879e+001
 6.000e+003 2.930e+000 5.100e+001 1.637e+002-5.007e+002-9.176e+000 6.131e+001-1.065e+003 1.555e+004-2.831e+002-3.625e+002-5.395e+001 5.957e+002 3.124e+001-2.837e+001 4.926e+001-8.042e+002-2.949e+001 6.880e+001
 6.130e+003 2.930e+000 4.500e+001 5.684e+001-1.277e+002-2.116e+000 1.393e+001-5.955e+001 2.595e+003-6.281e+001-3.890e+001-8.765e+000 7.047e+001 4.527e+000-6.018e+000 3.336e+000-1.599e+002-5.052e+000 2.091e+001
 6.250e+003 2.930e+000 2.700e+001 2.778e+001-2.669e+001 1.121e+000-1.961e+000-1.176e+002 1.423e+003-1.328e+001-6.970e+000-1.732e+000 2.422e+001 1.224e+000-1.720e+000 4.467e+000-6.383e+001-3.491e+000 2.039e+001
 6.380e+003 2.930e+000 4.500e+001 2.725e+001 1.897e+001 2.323e-001 3.473e+000-1.673e+002 4.633e+003-2.662e+001-7.217e+001-2.468e+000 8.130e+001 2.713e+000-3.342e+000 1.840e+000-1.629e+002-5.897e+000 2.848e+001
 6.500e+003 2.930e+000 3.600e+001 3.136e+001-9.461e+001-8.667e-001 5.980e+000-1.195e+001 1.747e+003-4.641e+001-2.433e+001-3.673e+000 1.896e+001 2.363e+000-3.234e+000 2.504e-002-8.298e+001-2.301e+000 1.739e+001
 6.630e+003 2.930e+000 3.600e+001 1.955e+001-4.405e+001-3.305e-001 2.379e+000-3.490e+001 2.466e+003-4.383e+001 2.679e+001-7.585e-001 1.201e+001 2.014e+000-2.910e+000 6.578e-001-1.276e+002-3.668e+000 2.080e+001
 6.750e+003 2.930e+000 6.000e+001 2.717e+001-3.321e+001-1.015e-001 3.537e+000-4.669e+001 2.203e+003-4.104e+001-5.960e+001-2.537e+000 3.837e+001 2.538e+000-4.195e+000 2.037e+000-1.097e+002-4.594e+000 2.927e+001
 6.880e+003 2.930e+000 5.400e+001 3.369e+001-1.573e+002 1.313e+000 5.057e+000-4.225e+001 2.444e+003-9.867e+001 3.992e+001-6.767e+000 2.023e+001 5.730e+000-5.912e+000 4.212e+000-1.389e+002-6.437e+000 2.237e+001
 7.000e+003 2.930e+000 3.600e+001 1.363e+001 5.506e+000 2.889e-002 1.047e-001-2.322e+001 5.673e+002-1.334e+001 3.424e+000 1.796e-001 6.345e+000 1.079e+000-1.414e+000 2.911e-001-2.581e+001-2.510e+000 1.322e+001
 7.130e+003 2.930e+000 4.200e+001 2.879e+001-1.168e+002 2.516e+000 5.452e+000-7.736e+001 1.734e+003-6.525e+001-1.328e+001-6.372e+000 2.225e+001 3.711e+000-4.835e+000 6.015e+000-1.119e+002-3.599e+000 2.157e+001
 7.250e+003 2.930e+000 5.100e+001 2.184e+001-1.655e+001 8.926e-001-3.209e-001-1.276e+001 1.319e+003-3.226e+001-4.313e+001-1.564e+000 3.113e+001 2.608e+000-5.267e+000 1.243e+000-1.255e+002-5.173e+000 3.302e+001
 7.380e+003 2.930e+000 3.600e+001 2.110e+001 3.308e+001 2.161e+000 1.025e+000-5.372e+001 9.503e+002-2.422e+001-2.920e+001-8.080e-001 2.204e+001 1.926e+000-3.116e+000 3.200e+000-5.569e+001-3.420e+000 2.087e+001
 7.500e+003 2.930e+000 4.200e+001 5.678e+001-3.164e+002 2.399e+000 1.936e+001-1.302e+002 3.654e+003-1.473e+002-1.041e+001-1.487e+001 2.703e+001 7.703e+000-1.144e+001 5.501e+000-2.119e+002-4.616e+000 3.098e+001
 7.630e+003 2.930e+000 3.900e+001 1.282e+001-1.183e+001 5.173e-002 1.195e+000-4.187e+000 4.610e+002-1.232e+001-1.668e+001-1.294e+000 9.910e+000 1.393e+000-2.481e+000 1.638e+000-3.996e+001-2.835e+000 1.649e+001
 7.750e+003 2.930e+000 4.200e+001 1.550e+001-5.402e+000 7.269e-001-2.142e+000-5.526e-001 1.306e+003-2.590e+001-4.525e+001-1.235e+000 2.017e+001 1.966e+000-3.752e+000 2.055e+000-8.714e+001-3.715e+000 2.431e+001
 7.880e+003 2.930e+000 5.400e+001 2.294e+001-2.407e+001 5.874e-001 8.870e+000-5.413e+001 1.479e+003-4.557e+001-6.674e+001-4.100e+000 5.519e+001 5.968e+000-1.079e+001 3.539e+000-1.695e+002-1.091e+001 5.500e+001
 8.000e+003 2.930e+000 6.300e+001 1.853e+001 6.545e+000 1.004e+000 9.542e+000-8.545e+001 5.512e+003-1.985e+000-7.115e+002-6.781e+000 2.853e+002 2.023e+001-4.345e+001 1.856e+001-8.888e+002-6.202e+001 3.037e+002
 8.130e+003 2.930e+000 2.400e+001 1.196e+001-4.382e+000 1.432e+000-1.551e+000-1.622e+001 2.393e+002-5.726e+000-3.513e+000-2.745e-001 5.616e+000 1.012e+000-1.620e+000 1.516e+000-3.129e+001-2.516e+000 1.233e+001
 8.250e+003 2.930e+000 3.900e+001 1.362e+001-2.164e+001 1.997e+000-2.038e+000-2.975e+001 7.375e+002-2.252e+001 8.641e+000-8.958e-001-1.221e+000 2.268e+000-3.782e+000 3.763e+000-4.020e+001-4.318e+000 2.170e+001
 8.380e+003 2.930e+000 2.700e+001 1.207e+001-1.094e+002-6.675e-001 6.010e+000-7.462e-001 1.784e+003-6.966e+001 3.326e+001-5.011e+000 1.260e+001 3.988e+000-4.612e+000 4.181e+000-8.226e+001-5.703e+000 2.330e+001
 8.500e+003 2.930e+000 3.900e+001 1.194e+001-2.398e+001 4.180e-001-1.557e+000-5.322e+000 4.216e+002-1.615e+001-2.624e+000-8.817e-001 1.937e+000 1.625e+000-2.110e+000-3.891e-002-1.151e+001-2.715e+000 1.705e+001
 8.630e+003 2.930e+000 4.500e+001 2.212e+001-1.509e+002-1.436e+000 6.461e+000 2.587e+000 2.589e+003-7.639e+001-3.128e+001-4.488e+000 2.336e+001 3.160e+000-4.881e+000-3.781e+000-1.114e+002-1.515e+000 1.397e+001
 8.750e+003 2.930e+000 3.600e+001 1.757e+001-1.010e+001 2.924e+000 1.801e+000-6.742e+001 8.196e+002-2.588e+001-4.527e+000-2.363e+000 1.005e+001 2.574e+000-5.132e+000 5.918e+000-3.522e+001-4.056e+000 2.608e+001
 8.880e+003 2.930e+000 3.600e+001 1.883e+001-1.085e+002 1.714e+000 1.811e+000-1.972e+001 1.166e+003-3.461e+001 1.411e+001-3.294e+000-8.327e+000 2.691e+000-5.334e+000 2.302e+000-3.473e+001-5.214e+000 3.207e+001
 9.000e+003 2.930e+000 5.400e+001 4.068e+001-2.637e+002 1.419e+000 8.256e+000-8.712e+001 2.964e+003-8.228e+001 1.657e+001-8.485e+000 1.166e+001 3.981e+000-5.871e+000 3.318e+000-9.102e+001-4.994e+000 2.821e+001
 9.130e+003 2.930e+000 4.800e+001 1.982e+001-6.286e+001 2.574e+000 2.573e+000-7.336e+001 1.057e+003-3.669e+001 2.036e+001-3.357e+000 3.939e+000 2.540e+000-3.519e+000 3.919e+000-3.462e+001-3.694e+000 1.920e+001
 9.250e+003 2.930e+000 3.900e+001 1.705e+001-1.249e+002-4.390e-001 5.215e+000-4.528e+001 1.770e+003-2.982e+001-1.663e+001-2.520e+000 1.297e+001 1.416e+000-2.609e+000-1.108e+000-5.131e+001-2.224e+000 1.456e+001
 9.380e+003 2.930e+000 5.400e+001 2.009e+001-1.077e+002 1.061e+000 7.504e+000-3.402e+001 1.208e+003-4.332e+001-1.898e+001-5.065e+000 4.633e+000 3.471e+000-6.485e+000-3.618e-001-5.741e+001-3.357e+000 2.739e+001
 9.500e+003 2.930e+000 4.500e+001 1.429e+001-6.267e+001-1.571e-001 2.755e+000-2.548e+001 1.037e+003-3.516e+001-2.368e+001-3.111e+000 2.031e+001 3.134e+000-5.357e+000-8.888e-002-3.698e+001-2.823e+000 2.387e+001
 9.630e+003 2.930e+000 3.000e+001 1.190e+001-6.814e+001 2.038e+000 1.551e+000-5.570e+001 1.372e+003-4.729e+001 1.029e+001-2.775e+000 5.498e+000 2.439e+000-3.734e+000 3.076e+000-5.833e+001-2.363e+000 1.295e+001
 9.750e+003 2.930e+000 5.400e+001 2.317e+001-3.174e+001 3.037e+000 3.629e+000-9.714e+001 1.347e+003-4.653e+001-1.593e+001-3.036e+000 2.548e+001 4.394e+000-6.507e+000 1.437e+000-4.670e+001-5.565e+000 3.077e+001
 9.880e+003 2.930e+000 5.400e+001 3.331e+001-2.506e+002-2.768e+000 9.769e+000-5.271e+001 4.167e+003-1.252e+002-1.107e+002-7.194e+000 9.783e+001 8.528e+000-1.280e+001-4.146e+000-1.877e+002-5.377e+000 3.463e+001
 1.000e+004 2.930e+000 2.220e+002 1.284e+002-6.806e+002 5.361e+000 3.231e+001-4.629e+002 1.279e+004-4.738e+002-2.197e+002-2.911e+001 2.612e+002 3.044e+001-3.944e+001 1.157e+001-6.594e+002-1.271e+001 8.567e+001
 1.130e+004 2.930e+000 3.900e+002 1.346e+002-6.600e+002 1.757e+000 4.295e+001-5.875e+002 1.056e+004-2.020e+002-1.863e+002-1.979e+001 1.231e+002 1.382e+001-3.116e+001 1.022e+001-4.221e+002-2.413e+001 1.569e+002
 1.250e+004 2.930e+000 3.720e+002 4.149e+001-1.841e+002 1.700e+000 6.016e+000-1.262e+002 5.016e+003-1.032e+002 4.367e+001-5.004e+000 2.400e+001 1.050e+001-2.605e+001 5.972e+000-1.722e+002-2.656e+001 1.582e+002
 1.380e+004 2.930e+000 4.080e+002 4.187e+001-2.359e+002 4.850e-001 1.318e+001-1.516e+002 6.522e+003-1.184e+002-2.912e+001-6.255e+000 5.072e+001 7.750e+000-1.975e+001 5.540e+000-3.040e+002-1.717e+001 1.115e+002
 1.500e+004 2.930e+000 4.290e+002 5.770e+001-3.539e+002 1.141e+000 1.735e+001-2.630e+002 8.219e+003-1.300e+002-7.342e+001-8.975e+000 7.184e+001 7.102e+000-1.827e+001 9.747e+000-3.894e+002-1.558e+001 1.046e+002
 1.630e+004 2.930e+000 4.110e+002 2.575e+001-1.266e+002 6.437e-001 4.692e+000-9.857e+001 3.548e+003-4.640e+001 7.317e+001-2.965e+000-4.057e+000 5.351e+000-1.422e+001 4.945e+000-4.342e+001-1.596e+001 1.004e+002
 1.750e+004 2.930e+000 3.840e+002 8.036e+000-2.088e+001 5.217e-001-8.852e-001-1.352e+001 1.454e+003-5.851e+001 1.720e+002-5.807e-001-3.314e+000 5.144e+000-1.034e+001 2.508e+000-7.408e+001-1.514e+001 7.534e+001
 1.880e+004 2.930e+000 3.690e+002 5.726e+000-1.159e+001 2.658e-001 1.318e-001-4.181e+000 6.723e+002-3.244e+001 7.241e+001-7.257e-001 1.246e+001 4.417e+000-1.035e+001 2.118e+000-1.030e+002-1.345e+001 7.317e+001
 2.000e+004 2.930e+000 4.710e+002 8.824e+000-3.221e+001 1.669e+000 1.823e+001-1.278e+001 1.007e+003-1.483e+002 5.549e+002-7.922e+000-2.791e+001 4.628e+001-1.396e+002 2.949e+001-3.393e+002-1.464e+002 8.961e+002
 2.130e+004 2.930e+000 3.570e+002 2.635e+000-2.707e+000-1.803e-002 4.831e-001-1.766e+000 7.507e+001-5.362e+000 6.242e+000-2.905e-001 4.043e+000 1.612e+000-3.833e+000 4.967e-001-2.645e+001-4.687e+000 2.698e+001
 2.250e+004 2.930e+000 2.460e+002 2.298e+000-3.626e+000-5.723e-002 5.193e-001-2.146e+000 1.038e+002-3.786e+000 7.012e-002-2.402e-001 3.353e+000 1.263e+000-3.267e+000 6.729e-002-1.902e+001-3.732e+000 2.251e+001
 2.380e+004 2.930e+000 2.760e+002 2.887e+000-1.539e+001-1.036e-001 3.386e+000-2.487e+001 8.925e+002-2.030e+001-2.906e+001-1.531e+000 3.861e+001 2.900e+000-6.524e+000 3.637e+000-1.443e+002-7.790e+000 3.893e+001
 2.500e+004 2.930e+000 1.830e+002 8.991e-001-7.658e-001-2.199e-002 1.136e-001-8.080e-001 9.680e+000-5.129e-002-2.253e+000-9.876e-002 6.702e-001 4.467e-001-1.127e+000 1.065e-001-2.054e+000-1.207e+000 7.648e+000
 2.630e+004 2.930e+000 8.700e+001 3.896e-001-1.179e-001 1.855e-003-8.174e-002-3.788e-001 9.363e+000 2.664e-002-1.065e+000-2.754e-002 2.579e-001 1.107e-001-2.289e-001 1.003e-001-2.069e+000-2.711e-001 2.058e+000
 2.750e+004 2.930e+000 1.170e+002 2.876e-001-6.799e-001 3.790e-003 4.900e-002-3.370e-001 1.727e+001-5.583e-002-1.484e+000-1.841e-002 3.420e-001 6.082e-002-1.010e-001 2.383e-003-2.085e+000-9.042e-002 1.044e+000
 2.880e+004 2.930e+000 1.140e+002 1.722e-001-5.195e-001-1.186e-003 5.164e-002-4.427e-001 1.789e+001-1.981e-001-7.697e-001-2.215e-002 4.026e-001 4.716e-002-5.214e-002 1.079e-002-8.341e-001-3.197e-002 2.123e-001
 3.000e+004 2.930e+000 9.300e+001 1.487e-001-6.829e-001-7.964e-003 3.933e-002-5.653e-001 3.260e+001-4.336e-001-2.817e-001-2.494e-002 5.964e-001 4.432e-002-2.993e-002 2.320e-002-1.426e+000-3.522e-002 1.344e-001
 3.130e+004 2.930e+000 1.470e+002 4.912e-001-3.765e+000-2.882e-002 2.451e-001-2.620e+000 1.618e+002-2.172e+000-2.094e+000-1.111e-001 2.728e+000 1.171e-001-1.728e-001 8.575e-002-8.526e+000-1.344e-001 5.962e-001
 3.250e+004 2.930e+000 1.800e+002 5.803e-001-5.272e+000-4.502e-002 3.499e-001-3.081e+000 2.207e+002-3.141e+000-3.357e+000-1.330e-001 3.645e+000 1.606e-001-2.451e-001 7.207e-002-1.215e+001-1.907e-001 9.129e-001
 3.380e+004 2.930e+000 9.600e+001 1.504e-001-2.000e-001 1.045e-003 2.756e-002-1.567e-001 2.319e+001-4.290e-001 1.514e-001-1.180e-002 2.551e-001 4.245e-002-5.496e-002-9.622e-003-1.010e+000-7.147e-002 3.485e-001
 3.500e+004 2.930e+000 1.170e+002 1.091e-001-1.381e-001-7.986e-003 1.276e-002-8.438e-002 2.330e+001-4.233e-001 1.345e-001-7.143e-003 3.167e-001 4.971e-002-7.689e-002-1.286e-002-1.403e+000-6.788e-002 3.780e-001
 3.630e+004 2.930e+000 1.290e+002 9.914e-002-2.911e-001-7.150e-004 3.338e-002-1.234e-001 1.690e+001-2.940e-001-2.453e-002-1.351e-002 2.984e-001 4.621e-002-6.475e-002 3.068e-002-9.546e-001-5.444e-002 2.944e-001
 3.750e+004 2.930e+000 1.200e+002 1.162e-001-2.047e-001-2.260e-004 1.503e-002-1.756e-001 7.267e+000-1.371e-001-6.684e-002-1.060e-002 1.316e-001 3.246e-002-4.110e-002-3.297e-003-3.272e-001-3.399e-002 2.055e-001
 3.880e+004 2.930e+000 1.080e+002 7.299e-002-1.596e-001-5.625e-003 1.575e-002-1.025e-001 3.922e+000-8.079e-002-1.356e-001-8.182e-003 8.277e-002 2.129e-002-2.216e-002-9.850e-003-1.119e-001-1.476e-002 9.299e-002
 4.000e+004 2.930e+000 1.950e+002 3.510e-001-3.310e+000-3.890e-003 2.806e-001-2.889e+000 1.248e+002-2.731e+000-6.988e-001-1.300e-001 2.396e+000 1.459e-001-2.426e-001 1.863e-001-9.583e+000-1.883e-001 8.955e-001
 4.130e+004 2.930e+000 6.900e+001 2.752e-002-5.138e-002-1.733e-003 1.285e-003-3.342e-002 1.376e+000-1.255e-002-3.197e-002-2.395e-003 4.106e-002 1.203e-002-1.196e-002 1.139e-003-7.198e-002-9.947e-003 4.624e-002
 4.250e+004 2.930e+000 1.020e+002 5.338e-002-9.081e-002-8.707e-004 2.222e-003-7.719e-002 2.279e+000-2.943e-002-1.457e-002-1.850e-003 2.815e-002 1.515e-002-1.120e-002-2.433e-003-6.897e-002-9.685e-003 5.138e-002
 4.380e+004 2.930e+000 8.400e+001 5.288e-002-3.427e-002 7.387e-004 1.638e-004-4.508e-002 4.607e-001-5.115e-003-1.246e-002-1.600e-003 6.306e-003 9.188e-003-8.618e-003 1.837e-003-1.203e-002-5.096e-003 3.472e-002
 4.500e+004 2.930e+000 1.080e+002 6.414e-002-4.037e-002 1.994e-003-3.288e-004-6.305e-002 8.905e-001-1.221e-002-3.899e-002-2.637e-003 2.364e-002 1.117e-002-1.057e-002 3.280e-003-6.370e-002-8.200e-003 4.869e-002
 4.630e+004 2.930e+000 7.800e+001 4.232e-002-1.722e-002-7.736e-004-1.060e-004-3.233e-002 1.054e+000-6.076e-003-1.451e-002-4.900e-004 1.807e-002 7.341e-003-5.901e-003-6.676e-004-3.705e-002-4.300e-003 3.310e-002
 4.750e+004 2.930e+000 2.700e+002 2.782e+000-3.309e+001-1.020e-001 2.089e+000-1.904e+001 1.159e+003-2.279e+001-8.307e+000-9.224e-001 1.665e+001 7.349e-001-1.484e+000 8.977e-001-6.874e+001-8.338e-001 4.224e+000
 4.880e+004 2.930e+000 1.680e+002 8.040e-001-7.855e+000-1.113e-002 4.750e-001-4.823e+000 2.724e+002-5.272e+000-2.090e+000-2.210e-001 3.596e+000 1.779e-001-3.384e-001 2.255e-001-1.584e+001-1.753e-001 9.927e-001
 5.000e+004 2.930e+000 9.000e+001 5.184e-002-1.229e-001-2.689e-004 3.667e-003-7.754e-002 2.894e+000-5.650e-002-3.347e-002-1.718e-003 2.047e-002 7.884e-003-3.351e-003 2.375e-003-8.647e-002-1.344e-003 1.583e-002
 5.130e+004 2.930e+000 5.100e+001 1.015e-002-1.308e-002-2.491e-004-7.788e-004-1.666e-002 3.766e-001-8.472e-003-4.349e-003-4.858e-004 6.643e-003 3.536e-003-1.367e-003-1.609e-004-1.474e-002-5.027e-004 3.684e-003
 5.250e+004 2.930e+000 3.600e+001 1.690e-002-2.896e-002 2.393e-004 9.107e-004-2.145e-002 4.259e-001-3.527e-003-1.965e-003-4.875e-004 2.856e-003 2.010e-003-8.771e-004 1.384e-003-1.766e-002 2.228e-004 2.945e-003
 5.380e+004 2.930e+000 5.700e+001 2.060e-002-8.356e-002-6.591e-006-3.617e-004-8.272e-002 2.417e+000-1.016e-002-2.130e-002-1.452e-003 2.530e-002 1.752e-003-5.420e-004-1.063e-003-4.157e-003-3.234e-004 2.862e-003
 5.500e+004 2.930e+000 1.110e+002 7.241e-002-3.351e-001-1.356e-005 1.772e-002-2.251e-001 1.818e+001-2.456e-001-1.421e-001-6.282e-003 1.708e-001 1.300e-002-1.344e-002 5.253e-003-7.762e-001-6.607e-003 4.236e-002
 5.630e+004 2.930e+000 3.000e+002 2.519e+000-2.847e+001-8.244e-002 1.841e+000-1.689e+001 1.068e+003-1.983e+001-1.328e+001-7.868e-001 1.549e+001 6.359e-001-1.342e+000 6.234e-001-6.167e+001-6.523e-001 3.775e+000
 5.750e+004 2.930e+000 5.700e+001 2.211e-002-5.740e-002-2.380e-004 9.447e-004-3.089e-002 6.300e-001-1.947e-003-2.974e-003-9.628e-004 3.603e-003 1.741e-003 0.000e+000 2.301e-005-1.288e-002 0.000e+000 1.496e-003
 5.880e+004 2.930e+000 6.900e+001 2.510e-002-4.883e-002-1.433e-003-1.771e-007-2.079e-002 2.642e-001-2.923e-003-2.916e-003-2.169e-003 5.142e-003 3.229e-003 0.000e+000 1.103e-007-2.627e-003 0.000e+000 8.747e-004
 6.000e+004 2.930e+000 6.600e+001 2.706e-002-4.910e-002 9.782e-006 5.743e-003-4.438e-002 1.060e+000-2.300e-002-1.289e-001-1.445e-003 3.401e-002 4.224e-003-1.086e-002 1.910e-003-1.863e-001-3.238e-003 6.058e-002
 6.130e+004 2.930e+000 5.100e+001 1.575e-002-2.164e-002-2.423e-004 0.000e+000-7.052e-003 1.109e-001-1.460e-003 0.000e+000-2.171e-006 3.240e-004 1.249e-003 0.000e+000 0.000e+000-2.818e-004 0.000e+000 2.818e-004
 6.250e+004 2.930e+000 5.400e+001 2.601e-002-4.637e-002-2.322e-004 2.704e-004-3.228e-002 5.085e-001-6.436e-003 1.091e-003-9.768e-004 6.137e-003 7.524e-004-2.833e-004 4.314e-004-7.117e-003-4.406e-004 8.216e-004
 6.380e+004 2.930e+000 1.830e+002 3.757e-001-6.663e+000-1.173e-002 4.927e-001-3.802e+000 2.388e+002-4.336e+000-3.466e+000-1.682e-001 2.944e+000 1.293e-001-3.345e-001 1.514e-001-1.589e+001-1.340e-001 1.132e+000
 6.500e+004 2.930e+000 5.100e+001 2.332e-002-1.663e-001 5.074e-004 7.321e-003-9.409e-002 4.345e+000-4.990e-002-3.749e-002-1.218e-003 1.199e-002 2.777e-003-2.803e-003 3.105e-003-2.023e-001-2.855e-005 1.222e-002
 6.630e+004 2.930e+000 5.400e+001 9.081e-003-6.572e-003 3.874e-006-2.104e-004-8.499e-003 1.459e-001-2.817e-004 7.811e-004-2.459e-004 4.273e-004 5.063e-004 0.000e+000 1.339e-004-2.604e-003 0.000e+000 2.604e-004
 6.750e+004 2.930e+000 3.600e+001 9.354e-003-4.419e-003-2.424e-004 0.000e+000-9.199e-003 4.055e-002 7.064e-005 0.000e+000-2.508e-004 3.516e-004 2.536e-004 0.000e+000 0.000e+000 0.000e+000 0.000e+000 0.000e+000
 6.880e+004 2.930e+000 5.100e+001 2.096e-002-1.765e-002 2.521e-004 0.000e+000-2.274e-002 7.899e-002-8.378e-004 0.000e+000-2.430e-004 3.414e-004 1.018e-003 0.000e+000 0.000e+000 0.000e+000 0.000e+000 0.000e+000
 7.000e+004 2.930e+000 3.000e+001 1.499e-002-8.956e-003 9.855e-006 0.000e+000-1.680e-002 6.324e-002-2.163e-004 0.000e+000-4.965e-004 7.598e-004 2.551e-004 0.000e+000 0.000e+000 0.000e+000 0.000e+000 0.000e+000
 7.130e+004 2.930e+000 6.300e+001 1.964e-002-1.166e-001-1.716e-003 7.370e-003-4.931e-002 4.866e+000 3.447e-002-3.790e-001-1.280e-003 3.652e-002 6.638e-003-2.715e-002-8.050e-003 3.315e-001-1.364e-002 2.273e-001
 7.250e+004 2.930e+000 7.800e+001 4.233e-002-6.003e-001-2.801e-004 3.667e-002-3.167e-001 2.623e+001-3.142e-001-2.755e-001-9.984e-003 1.942e-001 8.182e-003-2.061e-002 1.193e-002-1.502e+000-8.741e-003 9.570e-002
 7.380e+004 2.930e+000 5.100e+001 1.219e-002-1.118e-002 0.000e+000 0.000e+000-1.431e-002 6.925e-002 0.000e+000 0.000e+000 0.000e+000 0.000e+000 0.000e+000 0.000e+000 0.000e+000 0.000e+000 0.000e+000 0.000e+000
 7.500e+004 2.930e+000 3.900e+001 8.307e-003-6.006e-003 0.000e+000 0.000e+000-7.047e-003 2.305e-002 0.000e+000 0.000e+000 0.000e+000 0.000e+000 2.558e-004 0.000e+000 0.000e+000 0.000e+000 0.000e+000 0.000e+000
 7.630e+004 2.930e+000 5.700e+001 1.883e-002-1.078e-002 1.275e-005 0.000e+000-1.536e-002 3.263e-002-9.259e-005 0.000e+000-5.000e-004 5.269e-004 7.670e-004 0.000e+000 0.000e+000 0.000e+000 0.000e+000 0.000e+000
 7.750e+004 2.930e+000 4.800e+001 1.562e-002-8.013e-003 0.000e+000 0.000e+000-1.400e-002 2.815e-002 0.000e+000 0.000e+000 0.000e+000 0.000e+000 0.000e+000 0.000e+000 0.000e+000 0.000e+000 0.000e+000 0.000e+000
 7.880e+004 2.930e+000 5.700e+001 1.591e-002-1.048e-002 0.000e+000 0.000e+000-8.057e-003 5.010e-002 0.000e+000 0.000e+000 0.000e+000 0.000e+000 0.000e+000 0.000e+000 0.000e+000 0.000e+000 0.000e+000 0.000e+000
 8.000e+004 2.930e+000 3.600e+001 3.428e-003-2.388e-002 0.000e+000 1.057e-003 8.400e-004 1.837e+000-1.002e-002-1.781e-002 0.000e+000 7.867e-003 5.101e-004-5.756e-004-4.966e-004-1.132e-001-7.349e-004 8.348e-003
 8.130e+004 2.930e+000 6.300e+001 1.392e-002-1.069e-002 0.000e+000 0.000e+000-1.157e-002 4.463e-002 0.000e+000 0.000e+000 0.000e+000 0.000e+000 0.000e+000 0.000e+000 0.000e+000 0.000e+000 0.000e+000 0.000e+000
 8.250e+004 2.930e+000 6.300e+001 1.682e-002-9.303e-003 0.000e+000 0.000e+000-1.104e-002 2.875e-002 0.000e+000 0.000e+000 0.000e+000 0.000e+000 0.000e+000 0.000e+000 0.000e+000 0.000e+000 0.000e+000 0.000e+000
 8.380e+004 2.930e+000 6.900e+001 1.631e-002-1.029e-002 0.000e+000 0.000e+000-9.550e-003 2.031e-002 0.000e+000 0.000e+000 0.000e+000 0.000e+000 0.000e+000 0.000e+000 0.000e+000 0.000e+000 0.000e+000 0.000e+000
 8.500e+004 2.930e+000 5.400e+001 1.189e-002-6.981e-003 0.000e+000 0.000e+000-6.313e-003 2.300e-002 0.000e+000 0.000e+000 0.000e+000 0.000e+000 0.000e+000 0.000e+000 0.000e+000 0.000e+000 0.000e+000 0.000e+000
 8.630e+004 2.930e+000 4.500e+001 1.498e-002-4.386e-003 0.000e+000 0.000e+000-1.169e-002 1.910e-002 0.000e+000 0.000e+000 0.000e+000 0.000e+000 0.000e+000 0.000e+000 0.000e+000 0.000e+000 0.000e+000 1.989e-004
 8.750e+004 2.930e+000 2.400e+001 1.083e-002-1.120e-002 0.000e+000-6.691e-004-1.047e-002 5.560e-002 0.000e+000 2.541e-003 0.000e+000 0.000e+000 0.000e+000 0.000e+000 5.527e-004 9.794e-004 0.000e+000 9.794e-004
 8.880e+004 2.930e+000 2.400e+001 4.789e-003-8.557e-003 0.000e+000 1.393e-004-1.050e-002 1.080e-001 0.000e+000 9.660e-004 0.000e+000 0.000e+000 0.000e+000 0.000e+000 1.655e-004-3.111e-003 0.000e+000 2.126e-003
 9.000e+004 2.930e+000 4.500e+001 1.332e-002-7.942e-003 0.000e+000-1.222e-003-1.480e-002 5.840e-002 0.000e+000 7.047e-003 0.000e+000 0.000e+000 0.000e+000 0.000e+000 2.083e-004 1.900e-003 0.000e+000 5.333e-003
 9.130e+004 2.930e+000 3.300e+001 8.275e-003-9.603e-003 0.000e+000-2.236e-003-6.138e-003 3.490e-002-3.186e-004 5.450e-003 0.000e+000-5.938e-004 4.848e-004-2.836e-004 2.246e-003 2.069e-003-6.110e-004 7.324e-003
 9.250e+004 2.930e+000 3.300e+001 1.103e-002-9.236e-003 0.000e+000-2.728e-003-9.073e-003 3.220e-002-1.464e-004 7.025e-003 0.000e+000 1.524e-004 4.796e-004-2.753e-004 1.323e-003 2.032e-003-1.200e-003 1.000e-002
 9.380e+004 2.930e+000 3.600e+001 1.047e-002-5.451e-003 0.000e+000-5.296e-004-1.208e-002 3.405e-002-1.461e-004 1.800e-004 0.000e+000 1.487e-004 2.375e-004 2.637e-006-1.194e-003 2.384e-003-2.947e-004 4.763e-003
 9.500e+004 2.930e+000 2.100e+001 3.233e-003-3.040e-003 0.000e+000 2.672e-004-7.753e-003 1.176e-001-5.823e-004 7.016e-003 0.000e+000 8.731e-004 2.354e-004-5.822e-004 5.868e-004-4.858e-003-2.910e-004 7.015e-003
 9.630e+004 2.930e+000 0.000e+000 0.000e+000 0.000e+000 0.000e+000 0.000e+000 0.000e+000 0.000e+000 0.000e+000 0.000e+000 0.000e+000 0.000e+000 0.000e+000 0.000e+000 0.000e+000 0.000e+000 0.000e+000 0.000e+000
 9.750e+004 2.930e+000 0.000e+000 0.000e+000 0.000e+000 0.000e+000 0.000e+000 0.000e+000 0.000e+000 0.000e+000 0.000e+000 0.000e+000 0.000e+000 0.000e+000 0.000e+000 0.000e+000 0.000e+000 0.000e+000 0.000e+000
 9.880e+004 2.930e+000 0.000e+000 0.000e+000 0.000e+000 0.000e+000 0.000e+000 0.000e+000 0.000e+000 0.000e+000 0.000e+000 0.000e+000 0.000e+000 0.000e+000 0.000e+000 0.000e+000 0.000e+000 0.000e+000 0.000e+000
 1.000e+005 2.930e+000 0.000e+000 0.000e+000 0.000e+000 0.000e+000 0.000e+000 0.000e+000 0.000e+000 0.000e+000 0.000e+000 0.000e+000 0.000e+000 0.000e+000 0.000e+000 0.000e+000 0.000e+000 0.000e+000 0.000e+000
