 6.250e+000 2.930e+000 0.000e+000 0.000e+000 0.000e+000 0.000e+000 0.000e+000 0.000e+000 0.000e+000 0.000e+000 0.000e+000 0.000e+000 0.000e+000 0.000e+000 0.000e+000 0.000e+000 0.000e+000 0.000e+000 0.000e+000
 7.500e+000 2.930e+000 0.000e+000 0.000e+000 0.000e+000 0.000e+000 0.000e+000 0.000e+000 0.000e+000 0.000e+000 0.000e+000 0.000e+000 0.000e+000 0.000e+000 0.000e+000 0.000e+000 0.000e+000 0.000e+000 0.000e+000
 8.750e+000 2.930e+000 0.000e+000 0.000e+000 0.000e+000 0.000e+000 0.000e+000 0.000e+000 0.000e+000 0.000e+000 0.000e+000 0.000e+000 0.000e+000 0.000e+000 0.000e+000 0.000e+000 0.000e+000 0.000e+000 0.000e+000
 1.000e+001 2.930e+000 0.000e+000 0.000e+000 0.000e+000 0.000e+000 0.000e+000 0.000e+000 0.000e+000 0.000e+000 0.000e+000 0.000e+000 0.000e+000 0.000e+000 0.000e+000 0.000e+000 0.000e+000 0.000e+000 0.000e+000
 1.130e+001 2.930e+000 2.400e+001 3.357e+002 4.393e+002 3.414e+001 1.898e+002-1.350e+003 3.137e+005 1.103e+003 4.326e+004-9.276e+001 7.764e+002 1.522e+002 1.784e+003 4.898e+002-9.137e+004 9.331e+002 7.709e+004
 1.250e+001 2.930e+000 0.000e+000 0.000e+000 0.000e+000 0.000e+000 0.000e+000 0.000e+000 0.000e+000 0.000e+000 0.000e+000 0.000e+000 0.000e+000 0.000e+000 0.000e+000 0.000e+000 0.000e+000 0.000e+000 0.000e+000
 1.380e+001 2.930e+000 0.000e+000 0.000e+000 0.000e+000 0.000e+000 0.000e+000 0.000e+000 0.000e+000 0.000e+000 0.000e+000 0.000e+000 0.000e+000 0.000e+000 0.000e+000 0.000e+000 0.000e+000 0.000e+000 0.000e+000
 1.500e+001 2.930e+000 2.400e+001 2.593e+002-1.521e+003 3.781e+001 6.456e+002-4.129e+003 4.504e+005-1.738e+003 1.879e+004-6.561e+001 3.568e+003 2.051e+002 1.813e+003 5.862e+002-5.632e+004 9.682e+002 5.340e+004
 1.630e+001 2.930e+000 0.000e+000 0.000e+000 0.000e+000 0.000e+000 0.000e+000 0.000e+000 0.000e+000 0.000e+000 0.000e+000 0.000e+000 0.000e+000 0.000e+000 0.000e+000 0.000e+000 0.000e+000 0.000e+000 0.000e+000
 1.750e+001 2.930e+000 2.400e+001 1.678e+002 8.581e+002 1.051e+001-4.259e+002-2.615e+003 1.678e+005-7.918e+001 3.014e+004-5.093e+001 2.323e+003 1.027e+002 1.309e+003 4.449e+002-2.450e+004 1.065e+002 3.072e+004
 1.880e+001 2.930e+000 0.000e+000 0.000e+000 0.000e+000 0.000e+000 0.000e+000 0.000e+000 0.000e+000 0.000e+000 0.000e+000 0.000e+000 0.000e+000 0.000e+000 0.000e+000 0.000e+000 0.000e+000 0.000e+000 0.000e+000
 2.000e+001 2.930e+000 2.400e+001 1.402e+002-4.685e+002 2.058e+001 6.862e+000-3.098e+003 2.264e+005-7.814e+002 1.138e+004-4.418e+001 1.107e+003 7.657e+001 6.568e+002 4.701e+002-4.395e+004 3.145e+002 3.077e+004
 2.130e+001 2.930e+000 0.000e+000 0.000e+000 0.000e+000 0.000e+000 0.000e+000 0.000e+000 0.000e+000 0.000e+000 0.000e+000 0.000e+000 0.000e+000 0.000e+000 0.000e+000 0.000e+000 0.000e+000 0.000e+000 0.000e+000
 2.250e+001 2.930e+000 0.000e+000 0.000e+000 0.000e+000 0.000e+000 0.000e+000 0.000e+000 0.000e+000 0.000e+000 0.000e+000 0.000e+000 0.000e+000 0.000e+000 0.000e+000 0.000e+000 0.000e+000 0.000e+000 0.000e+000
 2.380e+001 2.930e+000 2.400e+001 9.502e+001-2.954e+002 1.092e+001 5.808e+001-1.548e+003 1.259e+005-3.616e+002 1.873e+003-2.161e+001-2.025e+001 5.022e+001 5.116e+002 3.214e+002-3.217e+004 5.242e+002 2.794e+004
 2.500e+001 2.930e+000 0.000e+000 0.000e+000 0.000e+000 0.000e+000 0.000e+000 0.000e+000 0.000e+000 0.000e+000 0.000e+000 0.000e+000 0.000e+000 0.000e+000 0.000e+000 0.000e+000 0.000e+000 0.000e+000 0.000e+000
 2.630e+001 2.930e+000 2.400e+001 8.413e+001-1.712e+001 1.009e+001-1.206e+002-2.144e+003 1.458e+005-2.223e+001 1.173e+004-2.597e+001 6.550e+002 6.981e+001 9.538e+002 2.877e+002-3.398e+004 6.303e+002 3.515e+004
 2.750e+001 2.930e+000 0.000e+000 0.000e+000 0.000e+000 0.000e+000 0.000e+000 0.000e+000 0.000e+000 0.000e+000 0.000e+000 0.000e+000 0.000e+000 0.000e+000 0.000e+000 0.000e+000 0.000e+000 0.000e+000 0.000e+000
 2.880e+001 2.930e+000 2.400e+001 7.737e+001-3.591e+002-6.158e-001-2.094e+002-1.751e+003 1.507e+005 1.154e+003 3.160e+004-2.652e+001 1.380e+003 8.107e+001 1.514e+003 3.551e+002-4.577e+004 2.100e+002 3.914e+004
 3.000e+001 2.930e+000 0.000e+000 0.000e+000 0.000e+000 0.000e+000 0.000e+000 0.000e+000 0.000e+000 0.000e+000 0.000e+000 0.000e+000 0.000e+000 0.000e+000 0.000e+000 0.000e+000 0.000e+000 0.000e+000 0.000e+000
 3.130e+001 2.930e+000 0.000e+000 0.000e+000 0.000e+000 0.000e+000 0.000e+000 0.000e+000 0.000e+000 0.000e+000 0.000e+000 0.000e+000 0.000e+000 0.000e+000 0.000e+000 0.000e+000 0.000e+000 0.000e+000 0.000e+000
 3.250e+001 2.930e+000 2.400e+001 7.239e+001 2.918e+002-8.124e+000-3.618e+002-2.605e+003 2.270e+005 1.641e+003 3.783e+004-2.577e+001 1.804e+003 7.724e+001 1.379e+003 6.648e+002-6.452e+004 1.162e+002 3.691e+004
 3.380e+001 2.930e+000 0.000e+000 0.000e+000 0.000e+000 0.000e+000 0.000e+000 0.000e+000 0.000e+000 0.000e+000 0.000e+000 0.000e+000 0.000e+000 0.000e+000 0.000e+000 0.000e+000 0.000e+000 0.000e+000 0.000e+000
 3.500e+001 2.930e+000 2.400e+001 6.293e+001-2.994e+002 3.331e+000-1.100e+002-1.437e+003 1.134e+005 1.762e+002 1.170e+004-1.741e+001 3.742e+002 4.064e+001 5.265e+002 3.414e+002-3.385e+004 1.809e+002 2.078e+004
 3.630e+001 2.930e+000 0.000e+000 0.000e+000 0.000e+000 0.000e+000 0.000e+000 0.000e+000 0.000e+000 0.000e+000 0.000e+000 0.000e+000 0.000e+000 0.000e+000 0.000e+000 0.000e+000 0.000e+000 0.000e+000 0.000e+000
 3.750e+001 2.930e+000 2.400e+001 1.426e+002 1.205e+002 9.086e+000-5.639e+002-4.112e+003 2.547e+005 2.057e+002 3.198e+004-3.264e+001 1.173e+003 4.935e+001 8.184e+002 6.399e+002-6.380e+004 2.549e+002 3.860e+004
 3.880e+001 2.930e+000 0.000e+000 0.000e+000 0.000e+000 0.000e+000 0.000e+000 0.000e+000 0.000e+000 0.000e+000 0.000e+000 0.000e+000 0.000e+000 0.000e+000 0.000e+000 0.000e+000 0.000e+000 0.000e+000 0.000e+000
 4.000e+001 2.930e+000 0.000e+000 0.000e+000 0.000e+000 0.000e+000 0.000e+000 0.000e+000 0.000e+000 0.000e+000 0.000e+000 0.000e+000 0.000e+000 0.000e+000 0.000e+000 0.000e+000 0.000e+000 0.000e+000 0.000e+000
 4.130e+001 2.930e+000 2.400e+001 1.633e+002-1.212e+003-5.197e+000 2.216e+002-4.739e+003 3.384e+005 5.885e+002 3.249e+004-2.576e+001 1.382e+003 4.273e+001 8.141e+002 1.191e+003-9.702e+004 4.156e+001 4.664e+004
 4.250e+001 2.930e+000 0.000e+000 0.000e+000 0.000e+000 0.000e+000 0.000e+000 0.000e+000 0.000e+000 0.000e+000 0.000e+000 0.000e+000 0.000e+000 0.000e+000 0.000e+000 0.000e+000 0.000e+000 0.000e+000 0.000e+000
 4.380e+001 2.930e+000 2.400e+001 2.246e+002 1.366e+002-2.863e+000-9.343e+002-9.232e+003 5.691e+005 4.873e+002 5.923e+004-3.918e+001 1.846e+003 4.065e+001 6.426e+002 2.301e+003-1.491e+005-2.587e+002 5.067e+004
 4.500e+001 2.930e+000 0.000e+000 0.000e+000 0.000e+000 0.000e+000 0.000e+000 0.000e+000 0.000e+000 0.000e+000 0.000e+000 0.000e+000 0.000e+000 0.000e+000 0.000e+000 0.000e+000 0.000e+000 0.000e+000 0.000e+000
 4.630e+001 2.930e+000 2.400e+001 6.609e+002-1.002e+003 4.753e+001-2.091e+003-3.042e+004 1.876e+006-2.676e+003 1.468e+005-1.126e+002 5.307e+003 6.411e+001-5.247e+001 7.489e+003-4.760e+005-1.186e+003 1.380e+005
 4.750e+001 2.930e+000 0.000e+000 0.000e+000 0.000e+000 0.000e+000 0.000e+000 0.000e+000 0.000e+000 0.000e+000 0.000e+000 0.000e+000 0.000e+000 0.000e+000 0.000e+000 0.000e+000 0.000e+000 0.000e+000 0.000e+000
 4.880e+001 2.930e+000 0.000e+000 0.000e+000 0.000e+000 0.000e+000 0.000e+000 0.000e+000 0.000e+000 0.000e+000 0.000e+000 0.000e+000 0.000e+000 0.000e+000 0.000e+000 0.000e+000 0.000e+000 0.000e+000 0.000e+000
 5.000e+001 2.930e+000 2.400e+001 2.777e+005-4.734e+006 1.870e+004 5.094e+005-9.787e+006 4.275e+008-1.406e+006 3.215e+007-4.332e+004 1.217e+006 8.158e+003-2.766e+005 2.938e+006-1.122e+008-4.236e+005 3.202e+007
 5.130e+001 2.930e+000 0.000e+000 0.000e+000 0.000e+000 0.000e+000 0.000e+000 0.000e+000 0.000e+000 0.000e+000 0.000e+000 0.000e+000 0.000e+000 0.000e+000 0.000e+000 0.000e+000 0.000e+000 0.000e+000 0.000e+000
 5.250e+001 2.930e+000 2.400e+001 7.225e+002-2.629e+003 3.900e+001-2.072e+003-3.929e+004 2.469e+006-2.238e+003 1.808e+005-9.779e+001 4.568e+003 4.216e+001-2.019e+001 9.963e+003-6.453e+005-7.660e+002 1.977e+005
 5.380e+001 2.930e+000 0.000e+000 0.000e+000 0.000e+000 0.000e+000 0.000e+000 0.000e+000 0.000e+000 0.000e+000 0.000e+000 0.000e+000 0.000e+000 0.000e+000 0.000e+000 0.000e+000 0.000e+000 0.000e+000 0.000e+000
 5.500e+001 2.930e+000 0.000e+000 0.000e+000 0.000e+000 0.000e+000 0.000e+000 0.000e+000 0.000e+000 0.000e+000 0.000e+000 0.000e+000 0.000e+000 0.000e+000 0.000e+000 0.000e+000 0.000e+000 0.000e+000 0.000e+000
 5.630e+001 2.930e+000 2.400e+001 1.717e+002-5.942e+002 1.779e+001-1.804e+002-8.975e+003 5.666e+005-8.016e+002 2.269e+004-1.264e+001-1.087e+001 4.301e+001 1.925e+002 2.303e+003-1.554e+005 6.760e+002 6.140e+004
 5.750e+001 2.930e+000 0.000e+000 0.000e+000 0.000e+000 0.000e+000 0.000e+000 0.000e+000 0.000e+000 0.000e+000 0.000e+000 0.000e+000 0.000e+000 0.000e+000 0.000e+000 0.000e+000 0.000e+000 0.000e+000 0.000e+000
 5.880e+001 2.930e+000 2.400e+001 1.217e+002-3.261e+002 5.132e+000-7.002e+001-4.308e+003 2.885e+005-1.415e+002 1.586e+004-1.104e+001 3.070e+002 2.630e+001 2.825e+002 9.336e+002-7.030e+004 3.265e+002 3.034e+004
 6.000e+001 2.930e+000 0.000e+000 0.000e+000 0.000e+000 0.000e+000 0.000e+000 0.000e+000 0.000e+000 0.000e+000 0.000e+000 0.000e+000 0.000e+000 0.000e+000 0.000e+000 0.000e+000 0.000e+000 0.000e+000 0.000e+000
 6.130e+001 2.930e+000 2.400e+001 9.677e+001 2.777e-001 4.516e-001-3.864e+002-3.300e+003 1.868e+005 1.555e+002 1.439e+004-1.513e+001 5.061e+002 2.000e+001 3.463e+002 6.835e+002-4.840e+004 8.488e+001 2.158e+004
 6.250e+001 2.930e+000 0.000e+000 0.000e+000 0.000e+000 0.000e+000 0.000e+000 0.000e+000 0.000e+000 0.000e+000 0.000e+000 0.000e+000 0.000e+000 0.000e+000 0.000e+000 0.000e+000 0.000e+000 0.000e+000 0.000e+000
 6.380e+001 2.930e+000 0.000e+000 0.000e+000 0.000e+000 0.000e+000 0.000e+000 0.000e+000 0.000e+000 0.000e+000 0.000e+000 0.000e+000 0.000e+000 0.000e+000 0.000e+000 0.000e+000 0.000e+000 0.000e+000 0.000e+000
 6.500e+001 2.930e+000 2.400e+001 5.189e+001 1.467e+002-2.840e+000-1.457e+002-2.302e+003 1.520e+005 2.671e+002 1.033e+004-4.055e+000 2.845e+002 1.780e+001 3.235e+002 6.225e+002-4.418e+004 6.455e+001 1.965e+004
 6.630e+001 2.930e+000 0.000e+000 0.000e+000 0.000e+000 0.000e+000 0.000e+000 0.000e+000 0.000e+000 0.000e+000 0.000e+000 0.000e+000 0.000e+000 0.000e+000 0.000e+000 0.000e+000 0.000e+000 0.000e+000 0.000e+000
 6.750e+001 2.930e+000 2.400e+001 2.206e+001-3.588e+001 6.774e+000 1.058e+002-9.765e+002 8.612e+004 1.455e+001-6.677e+002 3.348e+000-3.562e+002 2.177e+001 2.969e+002 2.477e+002-2.817e+004 3.862e+002 1.921e+004
 6.880e+001 2.930e+000 0.000e+000 0.000e+000 0.000e+000 0.000e+000 0.000e+000 0.000e+000 0.000e+000 0.000e+000 0.000e+000 0.000e+000 0.000e+000 0.000e+000 0.000e+000 0.000e+000 0.000e+000 0.000e+000 0.000e+000
 7.000e+001 2.930e+000 2.400e+001 2.609e+001-6.072e+001 1.966e-001-1.144e+002-8.192e+002 5.818e+004 4.910e+002 6.024e+003-3.459e+000-3.070e+002 3.553e+001 6.332e+002 1.748e+002-2.609e+004 5.650e+002 2.575e+004
 7.130e+001 2.930e+000 0.000e+000 0.000e+000 0.000e+000 0.000e+000 0.000e+000 0.000e+000 0.000e+000 0.000e+000 0.000e+000 0.000e+000 0.000e+000 0.000e+000 0.000e+000 0.000e+000 0.000e+000 0.000e+000 0.000e+000
 7.250e+001 2.930e+000 0.000e+000 0.000e+000 0.000e+000 0.000e+000 0.000e+000 0.000e+000 0.000e+000 0.000e+000 0.000e+000 0.000e+000 0.000e+000 0.000e+000 0.000e+000 0.000e+000 0.000e+000 0.000e+000 0.000e+000
 7.380e+001 2.930e+000 2.400e+001 2.269e+001 4.858e+001-4.202e+000-1.552e+002-1.053e+003 8.867e+004 5.871e+002 7.611e+003-2.057e+000-3.499e+002 3.004e+001 6.002e+002 3.109e+002-3.753e+004 5.134e+002 2.806e+004
 7.500e+001 2.930e+000 0.000e+000 0.000e+000 0.000e+000 0.000e+000 0.000e+000 0.000e+000 0.000e+000 0.000e+000 0.000e+000 0.000e+000 0.000e+000 0.000e+000 0.000e+000 0.000e+000 0.000e+000 0.000e+000 0.000e+000
 7.630e+001 2.930e+000 2.400e+001 1.493e+001-8.354e+001-2.035e-001 7.695e-001-5.156e+002 4.421e+004 2.518e+002 3.962e+002-5.296e-001-7.379e+000 1.778e+001 3.195e+002 1.385e+002-1.674e+004 1.319e+002 1.216e+004
 7.750e+001 2.930e+000 0.000e+000 0.000e+000 0.000e+000 0.000e+000 0.000e+000 0.000e+000 0.000e+000 0.000e+000 0.000e+000 0.000e+000 0.000e+000 0.000e+000 0.000e+000 0.000e+000 0.000e+000 0.000e+000 0.000e+000
 7.880e+001 2.930e+000 2.400e+001 1.962e+001-4.579e+001 6.409e-001-3.582e+001-6.732e+002 4.794e+004 3.988e+002 2.941e+003-2.095e+000 8.502e+001 2.302e+001 3.133e+002 1.514e+002-1.465e+004 5.671e+001 8.716e+003
 8.000e+001 2.930e+000 0.000e+000 0.000e+000 0.000e+000 0.000e+000 0.000e+000 0.000e+000 0.000e+000 0.000e+000 0.000e+000 0.000e+000 0.000e+000 0.000e+000 0.000e+000 0.000e+000 0.000e+000 0.000e+000 0.000e+000
 8.130e+001 2.930e+000 0.000e+000 0.000e+000 0.000e+000 0.000e+000 0.000e+000 0.000e+000 0.000e+000 0.000e+000 0.000e+000 0.000e+000 0.000e+000 0.000e+000 0.000e+000 0.000e+000 0.000e+000 0.000e+000 0.000e+000
 8.250e+001 2.930e+000 2.400e+001 1.096e+001 5.930e+001-2.517e+000-8.783e+001-5.151e+002 4.566e+004 5.024e+002 5.053e+003-2.281e+000-2.065e+001 3.169e+001 3.891e+002 1.494e+002-1.760e+004 9.634e+001 1.141e+004
 8.380e+001 2.930e+000 0.000e+000 0.000e+000 0.000e+000 0.000e+000 0.000e+000 0.000e+000 0.000e+000 0.000e+000 0.000e+000 0.000e+000 0.000e+000 0.000e+000 0.000e+000 0.000e+000 0.000e+000 0.000e+000 0.000e+000
 8.500e+001 2.930e+000 2.400e+001 1.171e+001-8.317e+000-7.509e+000-7.018e+001-5.515e+002 5.491e+004 6.347e+002 4.931e+003-2.057e+000-2.926e+002 3.655e+001 5.989e+002 2.127e+002-2.702e+004 3.031e+002 2.036e+004
 8.630e+001 2.930e+000 0.000e+000 0.000e+000 0.000e+000 0.000e+000 0.000e+000 0.000e+000 0.000e+000 0.000e+000 0.000e+000 0.000e+000 0.000e+000 0.000e+000 0.000e+000 0.000e+000 0.000e+000 0.000e+000 0.000e+000
 8.750e+001 2.930e+000 2.400e+001 7.542e+000-9.530e+001-2.870e+000 3.746e+001-2.640e+002 3.083e+004 3.875e+002 1.942e+003 1.246e+000-3.710e+001 2.596e+001 4.352e+002 6.772e+001-1.409e+004 1.055e+002 1.149e+004
 8.880e+001 2.930e+000 0.000e+000 0.000e+000 0.000e+000 0.000e+000 0.000e+000 0.000e+000 0.000e+000 0.000e+000 0.000e+000 0.000e+000 0.000e+000 0.000e+000 0.000e+000 0.000e+000 0.000e+000 0.000e+000 0.000e+000
 9.000e+001 2.930e+000 0.000e+000 0.000e+000 0.000e+000 0.000e+000 0.000e+000 0.000e+000 0.000e+000 0.000e+000 0.000e+000 0.000e+000 0.000e+000 0.000e+000 0.000e+000 0.000e+000 0.000e+000 0.000e+000 0.000e+000
 9.130e+001 2.930e+000 2.400e+001 8.876e+000-2.419e+000 2.958e-001-3.282e+001-3.429e+002 2.751e+004 1.946e+002 2.649e+003-1.150e+000 1.335e+002 1.493e+001 2.081e+002 7.609e+001-8.195e+003-1.308e+001 4.791e+003
 9.250e+001 2.930e+000 0.000e+000 0.000e+000 0.000e+000 0.000e+000 0.000e+000 0.000e+000 0.000e+000 0.000e+000 0.000e+000 0.000e+000 0.000e+000 0.000e+000 0.000e+000 0.000e+000 0.000e+000 0.000e+000 0.000e+000
 9.380e+001 2.930e+000 2.400e+001 7.786e+000-1.084e+001-1.794e+000-2.917e+001-2.905e+002 2.355e+004 2.668e+002 3.081e+003-2.693e+000 1.998e+002 2.008e+001 1.827e+002 6.773e+001-5.420e+003 2.864e+001 2.719e+003
 9.500e+001 2.930e+000 0.000e+000 0.000e+000 0.000e+000 0.000e+000 0.000e+000 0.000e+000 0.000e+000 0.000e+000 0.000e+000 0.000e+000 0.000e+000 0.000e+000 0.000e+000 0.000e+000 0.000e+000 0.000e+000 0.000e+000
 9.630e+001 2.930e+000 2.400e+001 7.245e+000-9.409e+000-2.026e+000-1.551e+001-2.284e+002 1.614e+004 2.292e+002 2.063e+003-1.162e+000 1.303e+001 2.754e+001 1.513e+002 4.758e+001-3.434e+003 1.806e+002 2.543e+003
 9.750e+001 2.930e+000 0.000e+000 0.000e+000 0.000e+000 0.000e+000 0.000e+000 0.000e+000 0.000e+000 0.000e+000 0.000e+000 0.000e+000 0.000e+000 0.000e+000 0.000e+000 0.000e+000 0.000e+000 0.000e+000 0.000e+000
 9.880e+001 2.930e+000 0.000e+000 0.000e+000 0.000e+000 0.000e+000 0.000e+000 0.000e+000 0.000e+000 0.000e+000 0.000e+000 0.000e+000 0.000e+000 0.000e+000 0.000e+000 0.000e+000 0.000e+000 0.000e+000 0.000e+000
 1.000e+002 2.930e+000 5.400e+001 2.985e+001 6.454e+002-3.862e+000-1.607e+002-2.082e+002 3.865e+004-7.155e+002-1.024e+003 2.456e+000-2.939e+002 1.746e+002-1.382e+003 4.869e+001-1.332e+004 8.750e+002 1.803e+004
 1.130e+002 2.930e+000 7.800e+001 2.239e+001-3.861e+000-3.838e+000-5.078e+001-8.706e+002 7.189e+004 3.289e+002-1.027e+003 1.839e+000-9.565e+002 6.260e+001 5.511e+002 2.995e+002-3.872e+004 1.312e+003 4.185e+004
 1.250e+002 2.930e+000 7.800e+001 1.780e+001-3.947e+001-4.282e+000-5.621e+001-7.745e+002 7.524e+004 4.531e+002-1.528e+003 1.143e+000-7.540e+002 4.522e+001 6.729e+002 2.797e+002-4.199e+004 9.752e+002 4.270e+004
 1.380e+002 2.930e+000 9.300e+001 1.955e+001-9.927e+001-3.254e+000-1.697e+001-7.966e+002 6.974e+004 3.943e+002 1.262e+003-2.776e+000 1.774e+002 2.730e+001 3.352e+002 2.048e+002-2.224e+004 6.729e+001 1.517e+004
 1.500e+002 2.930e+000 8.100e+001 1.552e+001-3.137e+002-2.293e+000 2.484e+001-5.910e+002 6.156e+004 2.759e+002 1.234e+003-1.315e-001-4.879e+002 1.163e+002 7.524e+002 1.378e+002-1.833e+004 1.211e+003 2.159e+004
 1.630e+002 2.930e+000 6.900e+001 1.237e+001-8.172e+001-7.095e+000-5.534e+001-7.666e+002 7.906e+004 7.889e+002-7.380e+002 9.460e+000-2.217e+003 1.929e+002 1.426e+003 3.549e+002-5.606e+004 3.402e+003 7.465e+004
 1.750e+002 2.930e+000 7.500e+001 2.932e+001-3.019e+002-4.239e+000 4.626e+001-1.365e+003 1.349e+005 1.152e+003-1.217e+004 1.043e+001-3.683e+003 2.611e+002 2.603e+003 5.006e+002-9.788e+004 4.924e+003 1.247e+005
 1.880e+002 2.930e+000 1.020e+002 7.096e+001-1.378e+003-3.758e+000 1.924e+002-2.698e+003 2.311e+005 1.536e+003-1.889e+004 2.034e-001-4.332e+003 3.128e+002 3.685e+003 6.766e+002-1.376e+005 5.930e+003 1.675e+005
 2.000e+002 2.930e+000 9.600e+001 2.262e+003-5.504e+004-1.036e+002 5.079e+003-6.696e+004 3.435e+006-5.934e+003 6.104e+004-4.076e+002 1.107e+004 3.119e+002 2.608e+003 9.771e+003-5.060e+005 2.449e+003 1.854e+005
 2.130e+002 2.930e+000 8.400e+001 8.011e+001-2.079e+003 2.172e-001 4.474e+002-4.256e+003 3.504e+005 9.326e+002-1.798e+004 8.356e+000-3.005e+003 1.917e+002 2.613e+003 1.042e+003-1.341e+005 3.776e+003 1.257e+005
 2.250e+002 2.930e+000 1.170e+002 1.202e+002-2.571e+003 1.038e+001 3.298e+002-7.593e+003 6.053e+005 1.591e+002-1.455e+004-8.270e+000-2.471e+003 2.281e+002 3.185e+003 1.398e+003-1.688e+005 4.128e+003 1.487e+005
 2.380e+002 2.930e+000 9.600e+001 4.797e+002-9.421e+003 3.451e+001 4.314e+002-3.156e+004 2.321e+006-3.036e+003 6.541e+004-8.105e+001 2.848e+003 1.681e+002 1.909e+003 5.420e+003-4.187e+005 1.961e+003 1.558e+005
 2.500e+002 2.930e+000 9.600e+001 1.547e+004-3.008e+005 2.980e+003 3.336e+004-1.005e+006 7.162e+007-2.542e+005 5.994e+005-3.067e+003 1.398e+005 1.330e+003-3.207e+004 1.435e+005-1.006e+007-1.943e+004 1.496e+006
 2.630e+002 2.930e+000 9.600e+001 3.884e+002-7.078e+003 6.495e+001 8.833e+002-2.504e+004 1.810e+006-4.157e+003 5.664e+003-5.762e+001 7.314e+002 1.786e+002 1.856e+003 4.082e+003-3.380e+005 2.361e+003 1.449e+005
 2.750e+002 2.930e+000 1.170e+002 1.103e+002-1.831e+003 1.640e+001 4.555e+002-7.359e+003 5.739e+005-4.580e+001-2.132e+004-2.924e+000-2.026e+003 1.826e+002 2.803e+003 1.455e+003-1.631e+005 3.248e+003 1.339e+005
 2.880e+002 2.930e+000 9.600e+001 1.019e+002-1.187e+003 3.880e+000 2.464e+001-6.927e+003 5.264e+005 5.286e+002 4.733e+003-1.441e+001-4.551e+002 1.371e+002 2.327e+003 1.317e+003-1.357e+005 2.231e+003 1.054e+005
 3.000e+002 2.930e+000 9.600e+001 1.901e+003-2.483e+004 2.065e+002 1.573e+003-1.323e+005 9.582e+006-1.908e+004 1.246e+005-4.170e+002 2.500e+004 2.423e+002-1.404e+002 1.883e+004-1.374e+006-1.660e+003 2.720e+005
 3.130e+002 2.930e+000 9.600e+001 8.064e+001-1.243e+003 3.317e+000 2.940e+002-5.304e+003 4.196e+005 8.115e+002-9.661e+003 2.950e+000-1.515e+003 1.187e+002 2.168e+003 1.117e+003-1.245e+005 2.149e+003 9.802e+004
 3.250e+002 2.930e+000 9.300e+001 4.591e+001-6.974e+002 1.121e+000 2.924e+002-2.231e+003 1.843e+005 1.087e+003-2.259e+004 8.895e+000-2.273e+003 1.346e+002 2.579e+003 6.417e+002-9.560e+004 2.594e+003 1.093e+005
 3.380e+002 2.930e+000 8.700e+001 1.244e+002-5.873e+002-3.198e-001 1.246e+001-3.230e+003 1.534e+005 7.925e+002-1.044e+004-4.826e-001-1.382e+003 9.555e+001 1.840e+003 6.937e+002-7.016e+004 1.829e+003 7.939e+004
 3.500e+002 2.930e+000 9.000e+001 3.488e+003-6.062e+003 4.160e+001-6.875e+003-6.788e+004 1.441e+006-6.229e+002 1.326e+005-4.162e+002 6.342e+003 1.481e+002 2.625e+003 6.157e+003-1.781e+005 1.075e+003 1.059e+005
 3.630e+002 2.930e+000 8.100e+001 1.357e+002-8.294e+001-1.171e+001-2.139e+002-3.570e+003 1.384e+005 1.093e+003-6.464e+003-2.432e+000-1.208e+003 8.895e+001 1.884e+003 8.713e+002-6.838e+004 1.609e+003 7.678e+004
 3.750e+002 2.930e+000 9.300e+001 4.261e+001-1.733e+002-3.801e+000 1.222e+002-1.678e+003 1.076e+005 1.075e+003-1.135e+004 6.805e+000-1.468e+003 9.283e+001 1.962e+003 5.221e+002-6.753e+004 1.788e+003 8.332e+004
 3.880e+002 2.930e+000 8.400e+001 2.179e+001-9.283e+001-4.493e+000 5.541e+001-1.096e+003 8.671e+004 8.605e+002-9.797e+003 5.917e+000-1.183e+003 7.196e+001 1.549e+003 3.986e+002-5.415e+004 1.374e+003 6.540e+004
 4.000e+002 2.930e+000 8.400e+001 3.616e+001-9.012e+001-1.610e+000 7.262e+000-2.806e+003 2.662e+005 6.323e+002-5.131e+003 1.250e+000-8.265e+002 7.881e+001 1.645e+003 5.245e+002-6.928e+004 1.434e+003 6.963e+004
 4.130e+002 2.930e+000 9.900e+001 2.367e+001-1.616e+002-8.567e+000 2.491e+001-1.460e+003 1.150e+005 1.268e+003-6.332e+003 5.781e+000-1.186e+003 8.378e+001 1.959e+003 5.299e+002-6.664e+004 1.514e+003 7.978e+004
 4.250e+002 2.930e+000 8.100e+001 2.143e+001-1.807e+002-7.891e+000 1.073e+001-1.331e+003 1.004e+005 9.450e+002-4.210e+003 4.785e+000-8.468e+002 5.501e+001 1.355e+003 4.883e+002-5.314e+004 1.018e+003 5.808e+004
 4.380e+002 2.930e+000 9.300e+001 3.054e+001-3.913e+002-3.388e+000 5.208e+001-1.824e+003 1.339e+005 6.444e+002-5.234e+003 2.213e+000-7.851e+002 5.502e+001 1.287e+003 4.910e+002-5.466e+004 1.021e+003 5.758e+004
 4.500e+002 2.930e+000 9.300e+001 4.736e+002-8.047e+003 8.393e+001 6.780e+002-2.426e+004 1.406e+006-6.180e+003-2.171e+004-1.340e+002 4.479e+003 1.257e+002 1.112e+003 1.587e+003-1.214e+005 9.519e+002 6.665e+004
 4.630e+002 2.930e+000 1.200e+002 5.738e+001-6.221e+002-2.128e+000 1.252e+002-3.382e+003 2.272e+005 6.700e+002-8.379e+003-2.730e+000-6.491e+002 7.228e+001 1.671e+003 7.509e+002-7.575e+004 1.207e+003 7.378e+004
 4.750e+002 2.930e+000 9.600e+001 4.251e+001-4.017e+002-3.488e+000 2.565e+001-2.524e+003 1.685e+005 5.914e+002-2.368e+003-2.378e+000-3.712e+002 5.079e+001 1.259e+003 5.737e+002-5.520e+004 8.395e+002 5.527e+004
 4.880e+002 2.930e+000 9.600e+001 5.063e+001-4.578e+002-1.918e+000 8.085e+000-2.989e+003 1.935e+005 4.893e+002-2.866e+002-2.417e+000-3.678e+002 4.999e+001 1.212e+003 6.411e+002-5.819e+004 8.641e+002 5.555e+004
 5.000e+002 2.930e+000 9.600e+001 1.181e+002-1.036e+003 3.429e+000-2.200e+001-7.136e+003 4.542e+005 6.075e+001 5.774e+003-1.518e+001 3.652e+002 5.120e+001 1.178e+003 1.185e+003-9.145e+004 7.286e+002 6.000e+004
 5.130e+002 2.930e+000 1.200e+002 1.787e+002-1.785e+003 6.113e+000 2.935e+001-1.033e+004 6.331e+005-3.777e+001 9.929e+003-1.747e+001 3.380e+002 5.376e+001 1.256e+003 1.882e+003-1.339e+005 7.310e+002 7.330e+004
 5.250e+002 2.930e+000 9.600e+001 3.357e+002-3.314e+003 2.565e+001-1.813e+002-1.867e+004 1.085e+006-1.576e+003 3.458e+004-5.388e+001 2.344e+003 5.094e+001 8.414e+002 2.841e+003-1.742e+005 2.426e+002 6.605e+004
 5.380e+002 2.930e+000 9.600e+001 1.502e+003-1.394e+004 9.421e+001-1.402e+003-8.302e+004 4.733e+006-7.276e+003 1.918e+005-2.572e+002 1.298e+004 8.776e+001 4.391e+002 1.281e+004-7.112e+005-1.629e+003 1.511e+005
 5.500e+002 2.930e+000 9.600e+001 9.256e+004-8.860e+005 6.762e+003-5.491e+004-5.085e+006 2.879e+008-5.250e+005 1.044e+007-1.604e+004 8.161e+005 3.312e+003-4.612e+004 7.755e+005-4.209e+007-1.377e+005 6.569e+006
 5.630e+002 2.930e+000 1.200e+002 2.043e+003-1.888e+004 1.286e+002-2.053e+003-1.107e+005 6.185e+006-1.014e+004 2.609e+005-3.806e+002 1.897e+004 1.235e+002 5.024e+002 1.696e+004-9.187e+005-2.539e+003 1.907e+005
 5.750e+002 2.930e+000 9.600e+001 2.782e+002-2.567e+003 1.285e+001-5.562e+001-1.490e+004 8.311e+005-7.749e+002 2.174e+004-4.655e+001 2.011e+003 4.707e+001 9.164e+002 2.464e+003-1.477e+005 2.376e+002 6.222e+004
 5.880e+002 2.930e+000 9.600e+001 1.332e+002-1.261e+003 4.783e+000 7.664e+001-7.058e+003 3.942e+005-9.481e+001 4.599e+003-1.671e+001 5.350e+002 3.622e+001 8.672e+002 1.235e+003-8.126e+004 4.275e+002 4.906e+004
 6.000e+002 2.930e+000 1.200e+002 1.071e+002-9.087e+002-4.405e-002-5.747e+001-5.674e+003 3.236e+005 2.752e+002 7.881e+003-1.573e+001 4.223e+002 3.981e+001 1.065e+003 1.141e+003-8.090e+004 4.931e+002 5.718e+004
 6.130e+002 2.930e+000 9.600e+001 4.514e+001-4.197e+002-3.440e+000 9.142e+001-2.429e+003 1.415e+005 3.731e+002-2.323e+003-7.213e-001-1.767e+002 2.345e+001 7.020e+002 6.421e+002-4.711e+004 4.344e+002 3.950e+004
 6.250e+002 2.930e+000 9.600e+001 3.287e+001-3.161e+002-1.585e+000 7.192e+001-1.719e+003 1.007e+005 3.479e+002-3.156e+003-1.893e+000-1.667e+002 2.911e+001 8.322e+002 4.164e+002-3.645e+004 4.619e+002 3.938e+004
 6.380e+002 2.930e+000 9.600e+001 3.774e+001-3.537e+002-6.284e+000-5.138e+001-1.861e+003 1.037e+005 5.137e+002 3.276e+003-5.411e+000 6.069e+001 2.603e+001 8.105e+002 4.720e+002-3.655e+004 3.711e+002 3.776e+004
 6.500e+002 2.930e+000 1.170e+002 2.644e+003-3.633e+004-9.226e+001-1.410e+004-1.149e+005 5.511e+006-9.274e+003 7.693e+005-9.759e+002 4.331e+004 3.951e+002 6.502e+003 1.182e+004-3.367e+005-3.304e+003 1.691e+005
 6.630e+002 2.930e+000 9.000e+001 3.523e+001-4.257e+002-2.287e+000-3.139e+001-1.727e+003 9.709e+004 2.359e+002 1.836e+003-5.945e+000 3.764e+001 2.377e+001 6.762e+002 3.467e+002-2.946e+004 4.276e+002 3.489e+004
 6.750e+002 2.930e+000 8.700e+001 1.933e+001-1.873e+002-3.285e+000 9.861e+000-1.014e+003 6.114e+004 3.739e+002 2.482e+002-1.020e+000-1.079e+002 1.998e+001 6.490e+002 3.288e+002-2.853e+004 3.333e+002 3.279e+004
 6.880e+002 2.930e+000 8.700e+001 1.549e+001-1.400e+002-3.876e+000 9.022e+000-8.312e+002 5.059e+004 3.728e+002 7.301e+002-7.775e-001-4.436e+001 1.441e+001 5.139e+002 2.963e+002-2.503e+004 2.049e+002 2.722e+004
 7.000e+002 2.930e+000 1.080e+002 9.367e+001-1.380e+003-1.201e+000 1.270e+002-4.409e+003 2.353e+005 1.609e+002 4.195e+003-6.421e+000 1.158e+002 1.662e+001 5.496e+002 9.416e+002-5.834e+004 2.364e+002 3.797e+004
 7.130e+002 2.930e+000 9.000e+001 1.096e+001-1.269e+002-2.096e+000 8.689e+001-5.808e+002 3.809e+004 3.106e+002-3.532e+003 1.942e+000-2.270e+002 1.458e+001 5.032e+002 2.333e+002-2.345e+004 2.869e+002 2.787e+004
 7.250e+002 2.930e+000 8.700e+001 9.694e+000-8.958e+001-3.648e+000 4.396e+001-5.322e+002 3.473e+004 3.855e+002-1.363e+003 6.918e-001-1.151e+002 1.441e+001 5.344e+002 2.491e+002-2.300e+004 1.925e+002 2.680e+004
 7.380e+002 2.930e+000 8.100e+001 8.848e+000-1.127e+002-3.080e+000 8.744e+001-4.796e+002 3.093e+004 2.998e+002-2.198e+003 1.943e+000-1.165e+002 1.028e+001 4.120e+002 2.482e+002-2.060e+004 1.398e+002 2.335e+004
 7.500e+002 2.930e+000 1.290e+002 4.051e+001-7.723e+002-4.342e+000-4.637e+000-1.711e+003 9.717e+004 2.152e+002 4.565e+003-6.207e+000 1.806e+002 1.675e+001 5.664e+002 4.427e+002-2.895e+004 1.888e+002 3.127e+004
 7.630e+002 2.930e+000 8.100e+001 6.655e+000-8.584e+001-3.027e+000 8.549e+001-3.819e+002 2.740e+004 3.587e+002-3.312e+003 2.996e+000-2.449e+002 1.382e+001 5.118e+002 2.297e+002-2.245e+004 2.573e+002 2.714e+004
 7.750e+002 2.930e+000 8.700e+001 7.257e+000-7.175e+001-3.582e+000 6.035e+001-4.059e+002 2.799e+004 3.775e+002-1.932e+003 1.533e+000-1.389e+002 1.364e+001 5.068e+002 2.365e+002-2.171e+004 1.763e+002 2.545e+004
 7.880e+002 2.930e+000 9.900e+001 8.214e+000-1.205e+002-2.884e+000 1.516e+002-4.649e+002 3.290e+004 3.481e+002-5.456e+003 3.497e+000-2.307e+002 1.214e+001 4.817e+002 2.611e+002-2.484e+004 2.041e+002 2.818e+004
 8.000e+002 2.930e+000 9.900e+001 7.957e+000-9.336e+001-3.279e-001 9.076e+001-4.674e+002 3.339e+004 1.223e+002-3.686e+003 1.048e+000-1.093e+002 7.545e+000 2.705e+002 1.530e+002-1.591e+004 1.504e+002 1.886e+004
 8.130e+002 2.930e+000 8.100e+001 7.154e+000-1.128e+002-2.384e+000 8.403e+001-3.931e+002 2.825e+004 2.778e+002-3.338e+003 1.772e+000-1.585e+002 1.042e+001 4.059e+002 2.000e+002-1.951e+004 1.656e+002 2.264e+004
 8.250e+002 2.930e+000 8.700e+001 7.294e+000-1.128e+002-2.451e+000 1.058e+002-4.290e+002 3.172e+004 2.846e+002-3.313e+003 2.153e+000-1.288e+002 8.310e+000 3.480e+002 2.084e+002-1.940e+004 9.208e+001 1.992e+004
 8.380e+002 2.930e+000 1.350e+002 1.731e+001-2.653e+002-3.928e+000 7.265e+001-1.205e+003 9.768e+004 4.173e+002 3.199e+003 5.518e-001 1.100e+001 9.007e+000 3.845e+002 3.619e+002-3.298e+004 1.061e+002 2.548e+004
 8.500e+002 2.930e+000 9.600e+001 5.505e+002-6.058e+003-1.128e+002-4.861e+003-4.455e+004 3.705e+006 8.301e+003 4.879e+005-9.785e+001 9.227e+003 4.906e+001 2.787e+003 7.852e+003-5.912e+005-2.267e+002 1.746e+005
 8.630e+002 2.930e+000 8.700e+001 1.499e+001-1.478e+002-2.961e+000 4.184e+001-9.501e+002 6.802e+004 3.256e+002 1.647e+003 6.979e-001-4.118e+001 7.003e+000 3.223e+002 2.942e+002-2.557e+004 1.036e+002 2.110e+004
 8.750e+002 2.930e+000 9.300e+001 7.842e+000-1.323e+002-1.493e+000 1.013e+002-4.562e+002 3.293e+004 1.941e+002-2.377e+003 1.335e+000-6.790e+001 5.551e+000 2.432e+002 1.763e+002-1.712e+004 5.972e+001 1.672e+004
 8.880e+002 2.930e+000 1.380e+002 1.243e+001-1.915e+002-4.538e-001 1.546e+002-6.164e+002 4.058e+004 1.567e+002-5.232e+003 1.075e+000-9.788e+001 5.191e+000 2.311e+002 1.790e+002-1.935e+004 8.796e+001 1.913e+004
 9.000e+002 2.930e+000 9.000e+001 3.522e+001-5.377e+002 1.340e+000 1.649e+002-1.220e+003 5.985e+004 5.695e+000-3.019e+003-3.329e+000 1.409e+001 5.739e+000 1.769e+002 2.841e+002-2.066e+004 6.739e+001 1.652e+004
 9.130e+002 2.930e+000 9.600e+001 7.165e+001-1.901e+003 6.819e+000 4.335e+002-2.694e+003 1.624e+005-3.597e+002-5.477e+003-1.005e+001 1.499e+002 9.153e+000 1.467e+002 4.590e+002-3.620e+004 5.017e+001 1.896e+004
 9.250e+002 2.930e+000 9.000e+001 1.283e+001-2.573e+002 6.913e-001 1.607e+002-5.815e+002 3.696e+004 8.542e+001-5.307e+003 1.389e+000-1.043e+002 3.867e+000 1.640e+002 1.441e+002-1.577e+004 5.248e+001 1.406e+004
 9.380e+002 2.930e+000 1.380e+002 5.365e+001-1.138e+003 8.729e+000 4.996e+002-2.242e+003 1.254e+005-2.218e+002-1.409e+004 2.365e+000-3.503e+002 5.706e+000 1.166e+002 3.700e+002-3.267e+004 1.465e+002 1.801e+004
 9.500e+002 2.930e+000 9.600e+001 1.822e+003-3.885e+004 2.924e+002 1.129e+004-7.424e+004 3.876e+006-1.202e+004-1.843e+005-1.500e+001-5.796e+003 5.558e+001-1.925e+003 1.291e+004-7.792e+005 1.865e+003 1.768e+005
 9.630e+002 2.930e+000 9.000e+001 3.160e+001-7.029e+002 4.688e+000 2.645e+002-1.280e+003 7.117e+004-1.558e+002-6.729e+003 3.420e-001-1.247e+002 1.717e+000 1.145e+001 1.819e+002-1.540e+004 5.965e+001 7.525e+003
 9.750e+002 2.930e+000 1.140e+002 1.088e+001-2.292e+002 1.596e+000 1.227e+002-4.430e+002 2.625e+004-1.851e+001-4.916e+003 4.886e-001-7.335e+001 1.784e+000 5.666e+001 4.158e+001-7.569e+003 3.968e+001 7.485e+003
 9.880e+002 2.930e+000 1.110e+002 9.500e+000-1.966e+002 1.260e+000 1.183e+002-3.778e+002 2.371e+004 2.957e+001-4.608e+003 1.114e+000-6.441e+001 2.754e+000 6.926e+001 5.363e+001-8.452e+003 1.880e+001 8.033e+003
 1.000e+003 2.930e+000 4.590e+002 3.711e+001-5.381e+002 7.794e+000 3.490e+002-1.408e+003 7.602e+004-6.271e+001-1.451e+004 4.212e+000-2.941e+002 1.112e+001 2.853e+002 9.373e+001-1.982e+004 1.085e+002 2.388e+004
 1.130e+003 2.930e+000 9.600e+002 5.300e+002-8.393e+003 3.314e+001 1.927e+003-2.162e+004 1.112e+006-2.264e+003-4.199e+004-6.820e+001 1.831e+003 3.066e+001-1.395e+002 2.169e+003-1.250e+005-3.919e+002 5.143e+004
 1.250e+003 2.930e+000 9.570e+002 3.045e+002-5.975e+003 1.746e+000 1.134e+003-1.291e+004 7.711e+005-1.082e+003-2.722e+004-9.173e+000-3.391e+002 3.616e+001-2.646e+002 1.428e+003-1.191e+005 8.331e+001 3.748e+004
 1.380e+003 2.930e+000 9.420e+002 4.550e+002-6.259e+003 3.061e+001 2.630e+002-1.724e+004 7.652e+005-2.153e+003 3.525e+004-7.744e+001 2.566e+003 3.401e+001-2.798e+002 3.211e+003-1.303e+005-7.018e+002 2.975e+004
 1.500e+003 2.930e+000 6.000e+001 1.850e+001-1.349e+002-1.409e-002-3.110e+001-9.092e+002 4.891e+004-1.831e+000 2.845e+003-6.259e-001 1.799e+001 1.504e-001-8.966e-001 1.459e+002-7.115e+003-1.797e+000 1.446e+003
 1.630e+003 2.930e+000 6.900e+001 1.275e+001-7.197e+001-1.088e+000-9.529e+001-7.898e+002 5.041e+004 7.636e+001 6.420e+003 3.943e-001-2.015e+001 2.271e-001-4.822e-001 4.372e+001-2.099e+003 1.226e+001 1.045e+003
 1.750e+003 2.930e+000 4.800e+001 5.380e+001-2.448e+002-3.699e+000-4.082e+002-3.301e+003 2.054e+005 2.358e+002 2.602e+004-4.222e-001 3.632e+001 4.803e-001 1.263e+001 1.554e+002-7.840e+003 2.977e+001 3.734e+003
 1.880e+003 2.930e+000 7.200e+001 1.582e+002-6.724e+002-2.133e+001-1.322e+003-9.824e+003 6.182e+005 1.349e+003 8.343e+004 1.228e+000 2.255e+000 3.178e+000 3.630e+001 3.564e+002-1.726e+004 1.821e+002 1.247e+004
 2.000e+003 2.930e+000 7.200e+001 9.325e+001-2.163e+002-1.249e+001-8.558e+002-5.564e+003 3.514e+005 7.315e+002 4.852e+004-1.668e-001 4.039e+001 1.938e+000 1.648e+001 2.489e+002-1.866e+004 1.194e+002 1.200e+004
 2.130e+003 2.930e+000 4.800e+001 2.597e+001-1.007e+002-3.305e+000-2.248e+002-1.605e+003 1.019e+005 2.075e+002 1.464e+004 1.608e-001-8.836e+000 5.548e-001 3.763e+000 7.544e+001-4.391e+003 3.373e+001 2.743e+003
 2.250e+003 2.930e+000 7.200e+001 5.434e+000-2.236e+001-6.353e-001-4.931e+001-3.048e+002 1.816e+004 3.777e+001 3.113e+003 6.503e-002-5.924e+000 1.551e-001-9.579e-001 1.360e+001-7.841e+002 8.227e+000 7.580e+002
 2.380e+003 2.930e+000 6.900e+001 1.613e+001-3.079e+001-1.652e+000-1.669e+002-8.671e+002 4.791e+004 8.978e+001 9.066e+003-9.385e-001 4.829e+001 2.897e-001 1.077e+001 1.066e+001-2.391e+002 1.697e+001 1.825e+003
 2.500e+003 2.930e+000 4.800e+001 2.711e+000-7.329e+000-3.748e-001-2.675e+001-1.556e+002 9.191e+003 2.157e+001 1.603e+003-6.749e-003 4.754e-001 7.360e-002 7.008e-001 5.655e+000-2.774e+002 4.141e+000 3.333e+002
 2.630e+003 2.930e+000 7.200e+001 3.107e+000-1.413e+001-3.690e-001-2.468e+001-1.583e+002 8.479e+003 2.009e+001 1.370e+003 1.135e-001-5.663e+000 8.149e-002-6.314e-001 4.998e+000-1.793e+002 3.848e+000 2.664e+002
 2.750e+003 2.930e+000 5.700e+001 4.727e-001-1.425e+000-6.121e-002-3.861e+000-2.063e+001 1.235e+003 3.186e+000 2.015e+002-1.972e-002-1.620e+000 5.607e-002 1.275e-001 6.855e-001-9.394e+001 1.524e+000 7.819e+001
 2.880e+003 2.930e+000 4.800e+001 1.013e+000-1.156e+000-1.168e-001-9.615e+000-4.623e+001 2.221e+003 5.873e+000 4.704e+002-2.019e-002 5.957e-001 4.244e-002 4.162e-001 2.761e+000-1.352e+002 1.591e+000 1.273e+002
 3.000e+003 2.930e+000 6.900e+001 4.852e+000 1.146e+001-7.845e-001-5.105e+001-1.686e+002 6.301e+003 3.157e+001 1.747e+003-1.153e+000 3.576e+001 4.681e-001 1.297e+001 3.630e+000-3.351e+002 8.385e+000 6.038e+002
 3.130e+003 2.930e+000 5.700e+001 6.852e-001-8.425e-001-9.137e-002-6.510e+000-2.801e+001 1.358e+003 4.967e+000 3.143e+002-3.716e-002-8.000e-001 7.978e-002 7.183e-001 1.717e+000-1.337e+002 2.296e+000 1.270e+002
 3.250e+003 2.930e+000 4.200e+001 3.302e-001 3.519e+000-1.010e-001-4.741e+000-1.180e+001 9.205e+002 9.155e+000 2.705e+002-1.190e-001-5.540e+000 3.196e-001 2.085e+000-1.948e+000-2.181e+002 8.005e+000 2.403e+002
 3.380e+003 2.930e+000 5.700e+001 5.331e-001 9.945e-001-1.050e-001-3.757e+000-1.948e+001 9.595e+002 5.092e+000 2.080e+002-6.193e-002-1.321e+000 1.278e-001-2.154e-001-2.393e-001-7.054e+001 2.796e+000 9.576e+001
 3.500e+003 2.930e+000 6.300e+001 3.924e+000 1.340e+001-6.493e-001-3.949e+001-1.733e+002 7.898e+003 3.070e+001 1.835e+003-2.673e-001 8.734e+000 1.628e-001 2.174e+000-9.433e-001-1.226e+002 7.527e+000 4.721e+002
 3.630e+003 2.930e+000 4.500e+001 2.426e+000-1.119e+000-2.990e-001-2.234e+001-1.068e+002 4.976e+003 1.377e+001 1.061e+003-1.413e-001 4.945e+000 8.767e-002 9.938e-001-1.897e+000 6.683e+001 3.440e+000 2.725e+002
 3.750e+003 2.930e+000 6.900e+001 1.952e+000-8.641e+000-2.192e-001-1.321e+001-7.772e+001 3.618e+003 9.531e+000 7.038e+002-7.955e-002 2.949e+000 6.841e-002 4.975e-001 4.547e+000-2.437e+002 2.733e+000 2.546e+002
 3.880e+003 2.930e+000 6.300e+001 1.177e+001-2.178e+001-1.386e+000-7.735e+001-4.620e+002 1.961e+004 5.955e+001 3.851e+003-8.675e-001 2.899e+001 3.541e-001 3.437e+000 6.680e+000-4.383e+002 1.569e+001 1.174e+003
 4.000e+003 2.930e+000 4.800e+001 4.745e+001-7.000e+002-1.446e+000-1.948e+001-1.651e+003 7.061e+004 5.646e+001 8.833e+003-2.860e-001 1.766e+001 2.085e-001 8.739e+000 4.703e+002-1.694e+004 9.535e+000 5.976e+003
 4.130e+003 2.930e+000 7.200e+001 8.475e+001 3.823e+002-1.890e+001-9.854e+002-3.728e+003 1.683e+005 8.606e+002 4.455e+004-4.322e+000 9.496e+001 4.591e+000 3.595e+001-4.776e+001-2.950e+003 2.313e+002 1.236e+004
 4.250e+003 2.930e+000 6.900e+001 1.331e+001 6.648e+001-2.308e+000-1.470e+002-5.489e+002 2.370e+004 1.086e+002 6.703e+003-1.558e+000 4.752e+001 7.373e-001 8.269e+000-4.942e+001 1.060e+003 3.787e+001 2.207e+003
 4.380e+003 2.930e+000 4.200e+001 1.165e+000 3.730e-001-1.928e-001-1.004e+001-4.569e+001 1.979e+003 8.798e+000 4.800e+002-1.060e-001 3.130e+000 7.825e-002 5.896e-001-8.385e-001-2.060e+001 2.926e+000 1.583e+002
 4.500e+003 2.930e+000 6.300e+001 1.694e+000 4.475e+000-3.102e-001-1.526e+001-6.330e+001 2.741e+003 1.423e+001 7.666e+002-1.559e-001 2.109e+000 1.493e-001-2.732e-001-4.218e+000 1.138e+001 5.554e+000 2.897e+002
 4.630e+003 2.930e+000 7.200e+001 1.486e+000-6.482e+000-1.410e-001-1.022e+001-5.599e+001 2.326e+003 5.788e+000 4.841e+002-1.077e-001 3.086e+000 9.398e-002 3.914e-001 3.111e+000-1.272e+002 2.243e+000 1.568e+002
 4.750e+003 2.930e+000 3.300e+001 6.492e-001-7.358e-001-3.344e-002-3.973e+000-1.907e+001 6.126e+002 1.276e+000 1.322e+002-1.642e-001 4.102e+000 8.933e-002 1.165e+000-1.394e+000 2.175e+001 1.313e+000 5.765e+001
 4.880e+003 2.930e+000 6.600e+001 1.405e+000-1.345e+001 6.431e-002-3.672e+000-4.142e+001 1.513e+003-3.798e+000 1.514e+002-2.411e-001 5.433e+000 1.387e-001 7.984e-001-2.865e-001 4.443e-001 1.371e+000 6.216e+001
 5.000e+003 2.930e+000 7.200e+001 1.175e+000-3.260e+000-1.347e-001-7.105e+000-4.013e+001 1.506e+003 4.958e+000 2.894e+002-1.357e-001 4.668e+000 9.453e-002 1.003e+000 1.237e+000-4.965e+001 1.728e+000 8.901e+001
 5.130e+003 2.930e+000 4.200e+001 5.309e-001-3.312e+000-7.171e-002-3.526e+000-1.964e+001 7.928e+002 2.803e+000 1.621e+002 2.276e-002-6.909e-001 4.113e-002 2.326e-001 2.721e+000-9.251e+001 1.178e+000 6.437e+001
 5.250e+003 2.930e+000 5.700e+001 3.168e-001-2.821e+000 1.177e-002-4.095e-001-9.771e+000 3.690e+002-3.414e-001 3.285e+001-3.772e-002 1.221e+000 5.039e-002 2.955e-001 2.574e-001-1.581e+001 5.977e-001 3.120e+001
 5.380e+003 2.930e+000 6.900e+001 7.747e-001-3.015e+000-5.857e-002-5.692e+000-2.672e+001 1.023e+003 2.530e+000 2.398e+002-8.358e-002 2.697e+000 7.422e-002 9.791e-001-7.235e-002-7.474e+000 1.780e+000 1.040e+002
 5.500e+003 2.930e+000 4.800e+001 4.332e-001-4.178e+000 2.855e-002-1.078e+000-1.427e+001 5.475e+002-7.467e-001 6.678e+001-1.138e-002 1.408e-001 4.525e-002 2.017e-001 1.902e+000-6.282e+001 6.605e-001 4.352e+001
 5.630e+003 2.930e+000 7.200e+001 1.454e+000-8.295e+000-1.645e-002-8.527e+000-4.868e+001 1.743e+003-1.753e-001 3.017e+002-2.244e-001 8.077e+000 1.135e-001 1.971e+000-2.564e+000 1.230e+002 1.835e+000 1.156e+002
 5.750e+003 2.930e+000 6.900e+001 9.357e-001-7.182e+000 1.832e-002-1.049e+000-2.717e+001 9.184e+002-9.048e-001 7.985e+001-1.152e-001 2.819e+000 1.154e-001 5.214e-001 1.742e+000-7.701e+001 1.630e+000 9.078e+001
 5.880e+003 2.930e+000 4.800e+001 1.273e+000-9.488e+000 4.835e-002-6.019e-001-3.816e+001 1.285e+003-2.081e+000 7.395e+001-1.166e-001 3.098e+000 7.547e-002 9.686e-002 4.158e+000-1.371e+002 7.419e-001 6.247e+001
 6.000e+003 2.930e+000 6.000e+001 2.963e+000-1.693e+001 5.125e-002 2.142e+000-1.256e+002 8.056e+003-8.751e+000-6.410e+002 1.879e-002-7.528e+000 1.593e-001-1.984e+000 3.606e+001-2.947e+003 8.210e+000 1.564e+003
 6.130e+003 2.930e+000 7.200e+001 1.871e+000-1.570e+001 3.347e-002-2.265e-001-5.539e+001 1.898e+003-9.528e-001 1.163e+002-6.942e-002 9.670e-001 1.150e-001 2.229e-001 8.006e+000-2.891e+002 1.822e+000 1.392e+002
 6.250e+003 2.930e+000 3.900e+001 3.296e-001-7.319e-001 2.070e-003-2.241e+000-9.384e+000 2.976e+002-1.255e-001 7.391e+001-9.698e-002 2.777e+000 8.299e-002 9.699e-001-1.083e+000 2.760e+001 9.450e-001 5.884e+001
 6.380e+003 2.930e+000 6.300e+001 7.295e-001-1.394e+000 2.841e-002-2.754e+000-1.964e+001 5.994e+002-7.503e-001 8.463e+001-1.100e-001 2.643e+000 1.358e-001 9.934e-001-1.514e+000 2.773e+001 1.671e+000 7.345e+001
 6.500e+003 2.930e+000 5.700e+001 5.650e-001-2.642e-001-2.634e-003-2.692e+000-1.535e+001 4.783e+002 3.027e-001 9.334e+001-1.095e-001 2.912e+000 1.019e-001 4.870e-001-1.853e+000 3.285e+001 1.345e+000 6.216e+001
 6.630e+003 2.930e+000 3.600e+001 3.346e-001-6.519e-001-2.719e-002-2.228e+000-9.407e+000 3.028e+002 8.616e-001 7.978e+001-8.403e-002 2.298e+000 8.785e-002 4.890e-001-6.095e-001 8.468e+000 1.391e+000 5.488e+001
 6.750e+003 2.930e+000 6.600e+001 7.205e-001-4.483e-001 4.319e-002-1.671e+000-1.776e+001 5.207e+002-3.137e-001 7.317e+001-1.322e-001 3.354e+000 1.535e-001 7.468e-001-2.115e+000 3.737e+001 1.687e+000 6.086e+001
 6.880e+003 2.930e+000 6.600e+001 6.921e-001-3.120e-001 2.079e-002-2.319e+000-1.792e+001 5.347e+002-8.894e-001 7.243e+001-1.584e-001 5.268e+000 1.804e-001 8.392e-001-2.559e+000 6.320e+001 1.942e+000 5.662e+001
 7.000e+003 2.930e+000 4.500e+001 4.301e-001-8.394e-001-9.274e-003-2.231e+000-1.147e+001 3.554e+002 1.863e-001 7.295e+001-9.660e-002 2.934e+000 1.149e-001 6.041e-001-1.310e+000 2.997e+001 1.621e+000 5.356e+001
 7.130e+003 2.930e+000 5.700e+001 5.402e-001-1.651e+000 3.338e-003-1.480e+000-1.260e+001 3.636e+002-1.635e-001 4.922e+001-1.154e-001 3.822e+000 1.372e-001 5.675e-001-1.112e+000 3.003e+001 1.467e+000 4.481e+001
 7.250e+003 2.930e+000 6.600e+001 7.068e-001-2.471e+000-3.310e-002-3.035e+000-1.683e+001 4.913e+002-1.096e+000 5.964e+001-1.943e-001 6.436e+000 2.574e-001 8.435e-001-1.687e+000 5.933e+001 2.519e+000 6.163e+001
 7.380e+003 2.930e+000 4.800e+001 6.201e-001-2.872e+000 3.500e-002-1.395e+000-1.690e+001 5.285e+002-3.186e+000 1.738e+001-2.295e-001 7.446e+000 2.376e-001 6.835e-001-2.256e+000 7.947e+001 2.367e+000 4.050e+001
 7.500e+003 2.930e+000 6.000e+001 6.804e-001-2.809e+000-4.441e-002-3.603e+000-1.813e+001 5.865e+002-1.969e+000 6.504e+001-2.858e-001 9.384e+000 3.337e-001 1.332e+000-2.251e+000 9.015e+001 3.358e+000 7.023e+001
 7.630e+003 2.930e+000 7.200e+001 1.163e+000-9.060e+000 1.964e-002-5.181e+000-3.396e+001 1.175e+003-8.637e+000 7.121e+001-6.646e-001 2.254e+001 7.774e-001 3.529e+000-5.359e+000 2.263e+002 7.694e+000 1.333e+002
 7.750e+003 2.930e+000 4.500e+001 1.507e+000-1.474e+001-6.264e-002-6.712e+000-4.465e+001 1.537e+003-1.031e+001 7.586e+001-9.809e-001 3.218e+001 1.015e+000 4.370e+000-9.002e+000 3.603e+002 1.156e+001 1.861e+002
 7.880e+003 2.930e+000 7.200e+001 2.016e+001-1.901e+002-1.359e+000-4.718e+001-5.512e+002 1.738e+004-4.879e+001 1.077e+003-6.358e+000 2.211e+002 6.577e+000 3.345e+001 6.638e+000 8.781e+002 7.358e+001 1.432e+003
 8.000e+003 2.930e+000 7.200e+001 1.144e+002-1.408e+003-6.052e+000-4.980e+002-3.648e+003 1.350e+005-1.103e+003 3.389e+003-9.926e+001 3.350e+003 9.984e+001 4.363e+002-9.560e+002 3.864e+004 1.069e+003 1.383e+004
 8.130e+003 2.930e+000 4.800e+001 4.698e+000-4.414e+001-1.704e-001-1.214e+001-1.298e+002 4.214e+003-2.460e+001 1.290e+002-2.272e+000 7.570e+001 2.277e+000 8.943e+000-1.162e+001 6.093e+002 2.385e+001 3.771e+002
 8.250e+003 2.930e+000 7.200e+001 2.406e+000-2.156e+001 7.436e-002-1.079e+001-6.808e+001 2.265e+003-2.063e+001 1.267e+002-1.659e+000 5.202e+001 1.772e+000 9.290e+000-1.505e+001 5.712e+002 1.740e+001 2.856e+002
 8.380e+003 2.930e+000 6.600e+001 1.647e+000-1.166e+001 3.085e-002-6.896e+000-4.177e+001 1.232e+003-7.651e+000 1.142e+002-7.265e-001 2.145e+001 7.214e-001 4.198e+000-6.182e+000 2.219e+002 6.511e+000 1.275e+002
 8.500e+003 2.930e+000 4.500e+001 6.011e-001-3.087e+000 6.660e-003-2.806e+000-1.415e+001 3.888e+002-1.892e+000 5.525e+001-2.067e-001 6.184e+000 2.366e-001 1.097e+000-1.556e+000 5.966e+001 1.865e+000 4.384e+001
 8.630e+003 2.930e+000 6.300e+001 1.611e+000-7.346e+000 4.698e-002-7.898e+000-3.646e+001 9.077e+002-3.214e+000 1.580e+002-3.765e-001 9.503e+000 2.797e-001 2.211e+000-4.660e+000 1.493e+002 2.299e+000 8.077e+001
 8.750e+003 2.930e+000 6.600e+001 1.119e+000-5.284e+000 6.986e-002-4.726e+000-2.459e+001 6.067e+002-3.111e+000 9.038e+001-2.257e-001 5.575e+000 2.883e-001 1.607e+000-2.028e+000 6.565e+001 2.418e+000 7.609e+001
 8.880e+003 2.930e+000 3.900e+001 5.960e-001-3.282e+000-1.728e-002-3.640e+000-1.258e+001 3.030e+002-3.598e-001 7.763e+001-1.106e-001 2.678e+000 8.610e-002 5.578e-001-8.417e-001 3.782e+001 8.110e-001 4.418e+001
 9.000e+003 2.930e+000 5.700e+001 1.416e+000-6.815e+000 4.963e-003-8.190e+000-3.246e+001 8.247e+002-3.858e-001 2.090e+002-1.279e-001 2.848e+000 1.976e-001 1.241e+000 1.500e+000-1.609e+001 1.782e+000 9.731e+001
 9.130e+003 2.930e+000 5.700e+001 9.072e-001-4.710e+000 3.802e-002-4.104e+000-1.869e+001 4.333e+002-1.185e+000 8.829e+001-7.795e-002 1.861e+000 1.296e-001 6.523e-001-3.990e-001 3.270e+001 1.152e+000 5.968e+001
 9.250e+003 2.930e+000 4.800e+001 8.851e-001-3.453e+000-4.244e-002-5.853e+000-1.818e+001 4.210e+002 3.642e-001 1.364e+002-1.825e-001 4.053e+000 1.405e-001 1.129e+000-1.514e+000 3.734e+001 1.905e+000 1.022e+002
 9.380e+003 2.930e+000 6.000e+001 1.066e+000-6.073e+000-6.929e-002-7.960e+000-2.203e+001 5.276e+002 2.567e-001 1.772e+002-1.527e-001 4.271e+000 1.546e-001 1.684e+000 6.072e-001 3.397e+001 1.289e+000 8.537e+001
 9.500e+003 2.930e+000 6.300e+001 1.659e+000-7.587e+000-1.752e-001-1.256e+001-3.276e+001 7.236e+002 2.149e+000 2.535e+002-3.850e-001 8.776e+000 2.104e-001 2.516e+000-5.738e+000 1.693e+002 3.863e+000 1.712e+002
 9.630e+003 2.930e+000 4.200e+001 8.226e-001-4.842e+000-2.547e-002-5.613e+000-1.629e+001 3.872e+002-1.697e-001 1.351e+002-1.413e-001 2.936e+000 1.018e-001 7.760e-001 1.690e-001 2.330e+001 8.790e-001 7.915e+001
 9.750e+003 2.930e+000 4.800e+001 1.168e+000-7.906e+000-4.247e-002-8.242e+000-2.259e+001 5.182e+002-8.939e-001 1.587e+002-2.351e-001 5.067e+000 1.158e-001 1.994e+000-9.993e-001 7.398e+001 1.013e+000 8.656e+001
 9.880e+003 2.930e+000 6.000e+001 2.135e+000-1.007e+001-1.616e-003-1.386e+001-4.546e+001 1.083e+003-1.554e+000 2.903e+002-3.832e-001 8.135e+000 1.820e-001 2.778e+000-3.897e+000 1.298e+002 1.239e+000 1.424e+002
 1.000e+004 2.930e+000 3.120e+002 8.808e+000-5.482e+001 6.203e-001-2.230e+001-1.986e+002 5.737e+003-1.943e+001 3.098e+002-6.759e-001 6.314e+000 6.867e-001 3.949e+000 1.919e+001-7.783e+002 6.054e+000 7.216e+002
 1.130e+004 2.930e+000 5.010e+002 1.092e+001-7.557e+001 4.315e-002-2.860e+001-2.325e+002 5.812e+003-6.172e+000 7.143e+002-8.141e-001 1.677e+001 8.347e-001 6.370e+000 1.262e+001-1.588e+002 5.884e+000 4.193e+002
 1.250e+004 2.930e+000 3.810e+002 5.565e+000-4.573e+001 4.567e-002-2.170e+001-9.525e+001 2.187e+003-5.099e+000 3.925e+002-5.181e-001 8.967e+000 5.941e-001 4.108e+000 8.752e-001 1.252e+002 3.328e+000 2.229e+002
 1.380e+004 2.930e+000 3.330e+002 1.748e+000-1.054e+001-1.081e-001-8.735e+000-3.542e+001 1.119e+003 1.893e+000 1.573e+002-1.102e-001 3.368e+000 4.583e-001 2.869e+000 3.281e+000-1.574e+002 4.627e+000 3.190e+002
 1.500e+004 2.930e+000 2.730e+002 2.064e+000-9.981e+000-6.739e-002-1.132e+001-3.537e+001 7.283e+002 6.164e-001 2.070e+002-1.223e-001 2.684e+000 4.142e-001 2.499e+000-5.396e-001 5.020e+001 3.532e+000 1.435e+002
 1.630e+004 2.930e+000 4.290e+002 5.512e+000-5.245e+001 5.705e+000 8.908e+001-1.229e+002 3.522e+003-1.140e+002-2.101e+003 2.523e+000-1.258e+002 9.955e+000 4.172e+001 1.245e+001-1.338e+003 1.379e+002 2.202e+003
 1.750e+004 2.930e+000 3.000e+002 2.949e+000-1.096e+001-1.366e-001-2.159e+001-3.668e+001 6.491e+002-1.094e+000 1.874e+002-8.546e-001 9.020e+000 8.186e-001 8.908e+000-1.364e+001 1.479e+002 1.253e+001 4.506e+002
 1.880e+004 2.930e+000 4.080e+002 4.760e+000-2.211e+001 4.989e-002-3.250e+001-5.257e+001 7.738e+002-5.945e+000 2.392e+002-1.617e+000 1.498e+001 1.503e+000 1.829e+001-3.157e+001 4.035e+002 2.510e+001 8.324e+002
 2.000e+004 2.930e+000 4.230e+002 4.009e+000-7.113e+001 3.348e+000 1.755e+002-8.383e+001 3.345e+003 1.162e+002-4.686e+002 9.010e+000-2.755e+002 2.947e+001 3.347e+002 1.665e+002-7.585e+003 6.571e+002 1.868e+004
 2.130e+004 2.930e+000 3.600e+002 2.887e+000-1.780e+001 3.444e-002-1.911e+000-3.830e+001 6.758e+002 3.245e+000 1.184e+002 3.813e-001-5.818e+000 6.874e-001 4.356e+000 1.050e+001-1.693e+002 1.007e+001 2.859e+002
 2.250e+004 2.930e+000 3.300e+002 1.041e+000-7.436e+000 3.117e-002-8.492e-001-1.578e+001 3.669e+002 8.932e-002 2.463e+001-2.384e-003 4.997e-002 2.573e-001 8.221e-001 1.235e+000-3.846e+001 1.425e+000 7.418e+001
 2.380e+004 2.930e+000 6.240e+002 1.869e+002-1.481e+003 2.127e+000 2.517e+002-3.250e+003 6.835e+004-8.783e+001 2.448e+002-6.471e+000 9.676e+001 7.232e-001-1.441e+001 5.823e+002-1.215e+004-1.557e+001 2.233e+003
 2.500e+004 2.930e+000 5.010e+002 5.373e+000-2.809e+001-7.323e-002-3.341e+001-6.285e+001 1.154e+003-4.934e+000 1.169e+002-3.036e+000 1.659e+001 4.691e+000 4.806e+001-5.120e+001 1.970e+002 9.056e+001 2.421e+003
 2.630e+004 2.930e+000 1.650e+002 2.069e-001-6.836e-001 1.352e-002-2.408e-001-3.313e+000 1.948e+002-1.652e-001 9.893e+000-9.200e-003 9.073e-001 9.259e-002 2.967e-001 1.421e-001 6.362e+000 4.652e-001 2.034e+001
 2.750e+004 2.930e+000 2.550e+002 7.848e-001-4.650e+000 8.817e-002 1.066e+000-1.215e+001 2.450e+002-8.746e-001-1.277e+000 6.512e-002-1.364e+000 1.370e-001-2.114e-002 2.530e+000-5.159e+001 5.528e-001 1.947e+001
 2.880e+004 2.930e+000 1.170e+002 1.824e-001-8.795e-001 1.699e-002 3.000e-001-2.500e+000 5.025e+001-4.883e-002-1.048e+000 2.114e-002-3.119e-001 6.139e-002 2.541e-002 6.028e-001-1.220e+001 1.565e-001 5.270e+000
 3.000e+004 2.930e+000 9.300e+001 4.692e-002-1.247e-001 5.158e-003 7.987e-003-2.422e-001 3.569e+000 5.282e-003-2.559e-001-7.897e-004-6.028e-002 4.302e-002 4.831e-002-3.992e-002-1.300e-001 4.512e-002 1.125e+000
 3.130e+004 2.930e+000 1.740e+002 2.550e+000-2.921e+001 1.517e-001 1.828e+001-1.809e+001 4.950e+002-5.545e+000 1.167e+002-3.860e-001 8.991e-001 1.400e-001-4.115e+000 2.028e+001-3.600e+002-1.933e+000 3.097e+002
 3.250e+004 2.930e+000 3.300e+002 3.822e+000-4.697e+001 2.297e-001 2.430e+001-3.236e+001 8.958e+002-8.526e+000 2.079e+002-5.154e-001 1.516e+000 2.085e-001-5.395e+000 3.239e+001-5.895e+002-2.876e+000 4.561e+002
 3.380e+004 2.930e+000 1.230e+002 6.491e-002-4.631e-001-2.755e-003 5.278e-002-4.177e-001 1.182e+001 1.046e-001 2.029e+000 6.750e-003 1.738e-002 4.227e-002 3.971e-002 2.629e-001-4.071e+000 6.108e-002 3.251e+000
 3.500e+004 2.930e+000 1.110e+002 4.121e-002-2.324e-001 3.229e-003 1.356e-002-1.941e-001 4.872e+000-3.050e-002 9.781e-001 3.899e-003 1.939e-002 4.027e-002-1.441e-002 1.176e-001-1.430e+000 2.281e-002 1.268e+000
 3.630e+004 2.930e+000 1.830e+002 2.424e-001-1.270e+000 9.643e-003-2.249e-001-3.777e+000 7.746e+001-2.148e-001 8.656e+000-1.872e-002 3.391e-001 5.901e-002-1.385e-003 6.494e-001-1.079e+001-1.920e-002 4.223e+000
 3.750e+004 2.930e+000 1.170e+002 3.419e-002-1.164e-001 4.015e-003-1.377e-002-2.165e-001 3.775e+000 1.272e-002 8.495e-001 2.159e-003-3.403e-002 3.422e-002 3.138e-003 9.116e-002-1.269e+000 2.739e-002 1.135e+000
 3.880e+004 2.930e+000 2.160e+002 1.482e-001-1.133e+000-2.901e-004-1.251e-001-1.853e+000 4.226e+001 2.036e-002 1.171e+001-6.500e-003 9.115e-002 6.063e-002 3.343e-002 9.284e-001-1.446e+001 6.354e-002 1.072e+001
 4.000e+004 2.930e+000 5.940e+002 7.288e+000-7.161e+001-3.373e-001-7.038e+000-1.278e+002 2.993e+003 7.229e+000 8.800e+002 1.187e-001 1.628e+000 1.634e-001 3.579e+000 7.564e+001-1.277e+003 1.680e+000 8.129e+002
 4.130e+004 2.930e+000 2.610e+002 1.477e-001-9.637e-001-2.541e-003-2.391e-001-1.764e+000 3.593e+001 1.137e-001 1.156e+001 5.586e-003-2.094e-002 5.566e-002 4.465e-002 9.550e-001-1.318e+001 1.067e-001 1.066e+001
 4.250e+004 2.930e+000 1.770e+002 7.169e-002-3.959e-001-9.288e-003-2.567e-001-7.606e-001 1.428e+001 1.677e-001 5.564e+000 3.473e-003 4.461e-002 3.772e-002 8.621e-002 3.198e-001-3.299e+000 1.305e-001 5.400e+000
 4.380e+004 2.930e+000 1.770e+002 1.013e-001-5.531e-001-1.036e-003-2.382e-001-1.000e+000 1.670e+001 4.417e-002 5.093e+000 1.497e-003 4.033e-002 4.194e-002 3.280e-002 2.861e-001-2.360e+000 6.037e-002 3.287e+000
 4.500e+004 2.930e+000 1.710e+002 5.876e-002-2.442e-001-1.017e-002-7.531e-002-5.436e-001 8.590e+000 1.263e-001 2.736e+000 3.094e-003 1.504e-002 3.371e-002 5.989e-002 3.025e-001-3.654e+000 5.566e-002 2.948e+000
 4.630e+004 2.930e+000 2.190e+002 1.507e-001-8.561e-001-1.758e-002-2.510e-001-1.682e+000 2.948e+001 2.567e-001 1.139e+001-3.786e-003 2.016e-001 4.515e-002 2.086e-001 1.077e+000-1.395e+001 2.763e-002 1.233e+001
 4.750e+004 2.930e+000 5.220e+002 4.420e+000-3.714e+001-9.422e-001-1.355e+001-6.465e+001 1.279e+003 1.363e+001 6.867e+002-4.570e-002 8.876e+000 3.051e-001 1.264e+001 5.684e+001-7.286e+002 2.391e+000 7.902e+002
 4.880e+004 2.930e+000 3.120e+002 2.060e+000-1.785e+001-4.984e-001-8.482e+000-3.036e+001 6.126e+002 6.716e+000 3.693e+002-8.440e-002 5.703e+000 1.802e-001 7.172e+000 2.753e+001-3.375e+002 9.428e-001 4.104e+002
 5.000e+004 2.930e+000 1.140e+002 1.924e-002-5.453e-002 1.545e-003-2.544e-002-1.211e-001 2.184e+000-9.302e-003 7.411e-001 6.126e-004-7.130e-003 1.786e-002 1.652e-003 5.429e-002-5.886e-001 1.154e-002 7.534e-001
 5.130e+004 2.930e+000 5.400e+001 5.450e-003-2.837e-003 3.078e-004-2.408e-003-1.076e-002 1.271e-001-3.845e-003 2.368e-002 5.076e-005 1.249e-003 7.647e-003 1.603e-003 2.530e-003-2.136e-002 3.121e-004 3.351e-002
 5.250e+004 2.930e+000 5.100e+001 7.165e-003-4.212e-003-9.363e-004-6.677e-003-2.211e-002 1.887e-001 3.637e-003 3.835e-002 3.572e-004 2.042e-003 7.208e-003-3.023e-003 1.085e-003-6.524e-003 3.923e-003 4.160e-002
 5.380e+004 2.930e+000 2.790e+002 1.278e+000-4.750e+000-6.957e-002-5.995e+000-1.114e+001 1.177e+002-8.252e-001 3.208e+001-3.871e-001 3.737e+000 1.644e-001 1.545e+000-5.575e+000 7.135e+001 2.095e+000 5.460e+001
 5.500e+004 2.930e+000 2.550e+002 3.911e-001-2.434e+000-3.861e-002-3.402e+000-6.604e+000 1.341e+002 4.758e-001 8.258e+001-3.793e-002 9.493e-001 3.719e-002 7.289e-001 3.276e+000-3.640e+001 4.594e-002 6.110e+001
 5.630e+004 2.930e+000 4.320e+002 1.210e+000-7.374e+000-1.387e-001-1.128e+001-2.124e+001 4.321e+002 1.729e+000 2.698e+002-1.283e-001 3.314e+000 8.498e-002 2.552e+000 1.036e+001-1.172e+002 1.941e-001 2.010e+002
 5.750e+004 2.930e+000 8.400e+001 1.218e-002-2.652e-002-1.864e-003-3.244e-002-7.191e-002 9.706e-001 1.016e-002 5.015e-001-7.930e-004 1.127e-002 7.763e-003 1.323e-002 3.242e-002-2.450e-001 2.441e-003 3.794e-001
 5.880e+004 2.930e+000 4.800e+001 3.668e-003-3.523e-003 5.574e-004-1.368e-003-7.304e-003 1.564e-001-4.154e-004 3.153e-002 4.761e-004-4.554e-004 4.833e-003-5.028e-004 2.778e-003-1.925e-002 1.011e-003 2.798e-002
 6.000e+004 2.930e+000 1.140e+002 1.170e-002-9.800e-003 4.446e-005-3.995e-002-4.023e-002 3.441e-001 1.487e-003 1.757e-001-2.020e-003 1.733e-002 1.264e-002 1.150e-002-3.118e-002 2.887e-001 4.313e-002 8.543e-001
 6.130e+004 2.930e+000 6.300e+001 4.323e-003-4.925e-003 5.471e-004-6.756e-004-7.866e-003 7.543e-002-1.102e-006 1.642e-002 3.677e-004-1.333e-003 5.648e-003 7.891e-004 2.439e-003-7.535e-003-2.834e-004 1.756e-002
 6.250e+004 2.930e+000 1.110e+002 1.016e-002-8.866e-003 6.291e-004-1.506e-002-5.508e-002 8.184e-001-3.415e-003 2.185e-001-1.275e-003 6.795e-003 9.549e-003 2.435e-003 1.261e-002-2.281e-001 8.517e-004 2.124e-001
 6.380e+004 2.930e+000 3.900e+002 7.209e-001-3.121e+000-1.047e-001-6.718e+000-1.107e+001 1.899e+002 1.456e+000 1.330e+002-5.382e-002 1.381e+000 5.322e-002 1.458e+000 5.833e+000-6.264e+001 5.700e-001 1.143e+002
 6.500e+004 2.930e+000 1.470e+002 2.736e-002-8.042e-002-2.669e-003-1.647e-001-2.731e-001 4.306e+000 1.784e-002 3.034e+000-3.118e-003 6.467e-002 1.234e-002 5.545e-002 1.372e-001-1.334e+000-2.774e-003 2.679e+000
 6.630e+004 2.930e+000 6.900e+001 6.792e-003-1.218e-002 6.771e-004-2.474e-003-1.660e-002 1.540e-001-3.512e-003 1.655e-002-5.245e-004-1.100e-003 4.694e-003 2.297e-003-5.779e-004-1.583e-003-9.026e-004 3.081e-002
 6.750e+004 2.930e+000 6.300e+001 4.027e-003-5.988e-003 2.899e-004-9.869e-004-6.519e-003 1.095e-001 1.356e-003 1.190e-002 5.736e-004-1.243e-004 4.818e-003 3.567e-003-5.042e-004-1.364e-002 7.591e-003 7.025e-002
 6.880e+004 2.930e+000 1.920e+002 2.453e-002 1.157e-002 1.246e-002-2.627e-001 1.173e-001 1.643e+000 2.365e-001-8.636e-001-5.952e-002-5.950e-001 2.978e-001 2.095e+000-9.422e-001-1.029e+001 4.118e+000 7.428e+001
 7.000e+004 2.930e+000 6.900e+001 3.594e-003-6.815e-003 4.732e-004-9.402e-004-2.563e-003 9.907e-002-3.688e-003 5.144e-003-4.854e-004-8.805e-004 4.446e-003-5.648e-005-9.930e-004-1.078e-002 1.705e-003 2.844e-002
 7.130e+004 2.930e+000 9.600e+001 1.601e-002-6.737e-002-2.869e-003-1.786e-001-1.771e-001 2.962e+000 1.619e-002 3.150e+000-3.194e-003 6.132e-002 6.127e-003 6.923e-002 9.769e-002-4.637e-001 5.937e-003 3.488e+000
 7.250e+004 2.930e+000 9.000e+001 6.584e-003-1.279e-002 2.822e-004-5.086e-002-4.891e-002 7.227e-001-3.050e-003 7.481e-001-1.333e-003 1.530e-002 4.075e-003 1.894e-002 1.794e-002-7.436e-002-3.860e-003 8.707e-001
 7.380e+004 2.930e+000 5.400e+001 2.626e-003-1.772e-003 4.649e-005 2.536e-004-1.063e-003 2.022e-002-1.482e-003 1.402e-003 3.008e-004-1.922e-004 3.017e-003 4.502e-004-1.298e-004-4.633e-004 1.018e-003 4.647e-003
 7.500e+004 2.930e+000 4.500e+001 1.521e-003-8.762e-005-1.351e-004-4.615e-004-9.427e-004 2.362e-002 9.190e-004 1.149e-003-3.968e-005 1.471e-003 1.696e-003 5.641e-004 1.770e-004-2.296e-003-2.956e-004 2.747e-003
 7.630e+004 2.930e+000 5.700e+001 2.301e-003-1.716e-003-4.822e-005-2.080e-004-2.188e-003 3.445e-002-5.673e-004 4.462e-004 3.916e-004 1.978e-004 2.681e-003 1.068e-003 2.419e-004 6.724e-004 2.857e-004 4.505e-003
 7.750e+004 2.930e+000 4.800e+001 1.750e-003-3.079e-003 1.526e-004 4.122e-004-1.642e-003 2.369e-002 8.433e-004-2.185e-004 2.419e-004-1.480e-005 1.489e-003-7.577e-005 1.087e-004-1.326e-003 2.119e-004 2.871e-003
 7.880e+004 2.930e+000 6.600e+001 2.303e-003-1.479e-003 1.254e-004-1.444e-004-3.296e-004 2.238e-002 2.417e-004 4.984e-003-2.538e-004 6.949e-004 2.191e-003 7.146e-004 5.064e-004 1.515e-003-2.187e-004 8.248e-003
 8.000e+004 2.930e+000 6.000e+001 2.579e-003-7.555e-003-1.021e-004-8.857e-003-1.123e-002 2.216e-001 6.304e-004 1.618e-001 2.257e-004 1.083e-003 2.101e-003 1.841e-003 4.097e-003 3.007e-002 1.229e-003 1.472e-001
 8.130e+004 2.930e+000 6.300e+001 2.049e-003-5.771e-004 3.169e-004-6.632e-004-9.493e-004 2.242e-002-2.050e-005 8.488e-003 1.983e-004-6.424e-004 1.549e-003 1.559e-004-8.453e-005 1.910e-003 3.610e-004 1.314e-002
 8.250e+004 2.930e+000 7.800e+001 2.428e-003-2.946e-004-3.161e-004-1.588e-003-2.276e-003 2.040e-002 1.324e-003 5.621e-003 2.283e-004-1.586e-004 2.366e-003 1.406e-003 4.277e-005 2.483e-006 1.780e-003 9.775e-003
 8.380e+004 2.930e+000 6.600e+001 2.033e-003-3.020e-005 3.303e-004-3.968e-004-4.969e-004 1.374e-002-4.471e-004 6.122e-004-6.077e-005 8.634e-005 2.102e-003 5.129e-004-7.914e-004 4.094e-004 5.288e-004 6.330e-003
 8.500e+004 2.930e+000 4.500e+001 1.425e-003-6.419e-005 2.160e-004 1.365e-004-5.239e-004 5.629e-003-4.682e-004-2.011e-004-9.625e-005 1.461e-004 1.084e-003-6.273e-005-4.769e-005 6.070e-004 7.953e-004 9.046e-003
 8.630e+004 2.930e+000 6.300e+001 1.809e-003-9.053e-004-4.025e-005-2.001e-004 4.333e-004 5.568e-003 2.459e-004 2.062e-004 1.006e-004 2.177e-004 1.619e-003-8.305e-005-6.328e-004-5.988e-004 2.470e-003 1.984e-002
 8.750e+004 2.930e+000 1.200e+002 5.047e-003 1.087e-003-3.058e-005-1.899e-002-2.391e-002 2.910e-001 1.987e-003 2.345e-001 2.706e-004-2.858e-003 3.155e-003 1.318e-003-7.491e-003 3.500e-002 6.955e-003 3.108e-001
 8.880e+004 2.930e+000 1.140e+002 3.321e-003 9.098e-004-2.418e-004-4.006e-003-5.912e-003 6.761e-002 4.078e-004 2.448e-002-3.818e-004 4.821e-004 4.017e-003 7.520e-003-7.004e-003 1.568e-002 1.253e-002 1.694e-001
 9.000e+004 2.930e+000 1.110e+002 3.253e-003 8.324e-004 3.485e-004-2.374e-003-1.075e-003 1.981e-002 9.146e-004-7.472e-004-5.565e-004-8.029e-004 3.514e-003 1.599e-002-6.708e-003-1.259e-002 1.898e-002 3.210e-001
 9.130e+004 2.930e+000 1.440e+002 4.185e-003 2.031e-004 3.430e-004-4.056e-003-1.254e-003 2.613e-002 7.160e-004 2.776e-003-6.262e-004 8.163e-004 6.242e-003 2.264e-002-1.377e-002 1.312e-003 3.007e-002 4.747e-001
 9.250e+004 2.930e+000 1.470e+002 3.370e-003 9.042e-004 4.390e-004-6.849e-003-2.827e-004 3.726e-002 7.813e-004-2.204e-003-9.511e-004-1.483e-003 6.829e-003 3.148e-002-1.148e-002-1.448e-002 3.711e-002 5.361e-001
 9.380e+004 2.930e+000 9.600e+001 2.544e-003-1.032e-003 1.849e-004-2.747e-003-7.191e-004 1.666e-002-8.352e-004-5.527e-003-1.066e-003 4.776e-004 3.811e-003 1.358e-002-1.129e-002 8.781e-003 1.960e-002 2.631e-001
 9.500e+004 2.930e+000 1.350e+002 4.258e-003-2.947e-003 1.397e-004-7.380e-003-4.368e-003 1.043e-001 3.553e-004 1.820e-002-1.157e-003 1.040e-003 5.044e-003 1.737e-002-1.597e-002 8.118e-003 2.791e-002 4.424e-001
 9.630e+004 2.930e+000 0.000e+000 0.000e+000 0.000e+000 0.000e+000 0.000e+000 0.000e+000 0.000e+000 0.000e+000 0.000e+000 0.000e+000 0.000e+000 0.000e+000 0.000e+000 0.000e+000 0.000e+000 0.000e+000 0.000e+000
 9.750e+004 2.930e+000 0.000e+000 0.000e+000 0.000e+000 0.000e+000 0.000e+000 0.000e+000 0.000e+000 0.000e+000 0.000e+000 0.000e+000 0.000e+000 0.000e+000 0.000e+000 0.000e+000 0.000e+000 0.000e+000 0.000e+000
 9.880e+004 2.930e+000 0.000e+000 0.000e+000 0.000e+000 0.000e+000 0.000e+000 0.000e+000 0.000e+000 0.000e+000 0.000e+000 0.000e+000 0.000e+000 0.000e+000 0.000e+000 0.000e+000 0.000e+000 0.000e+000 0.000e+000
 1.000e+005 2.930e+000 0.000e+000 0.000e+000 0.000e+000 0.000e+000 0.000e+000 0.000e+000 0.000e+000 0.000e+000 0.000e+000 0.000e+000 0.000e+000 0.000e+000 0.000e+000 0.000e+000 0.000e+000 0.000e+000 0.000e+000
