 6.250e+000 2.930e+000 0.000e+000 0.000e+000 0.000e+000 0.000e+000 0.000e+000 0.000e+000 0.000e+000 0.000e+000 0.000e+000 0.000e+000 0.000e+000 0.000e+000 0.000e+000 0.000e+000 0.000e+000 0.000e+000 0.000e+000
 7.500e+000 2.930e+000 0.000e+000 0.000e+000 0.000e+000 0.000e+000 0.000e+000 0.000e+000 0.000e+000 0.000e+000 0.000e+000 0.000e+000 0.000e+000 0.000e+000 0.000e+000 0.000e+000 0.000e+000 0.000e+000 0.000e+000
 8.750e+000 2.930e+000 0.000e+000 0.000e+000 0.000e+000 0.000e+000 0.000e+000 0.000e+000 0.000e+000 0.000e+000 0.000e+000 0.000e+000 0.000e+000 0.000e+000 0.000e+000 0.000e+000 0.000e+000 0.000e+000 0.000e+000
 1.000e+001 2.930e+000 0.000e+000 0.000e+000 0.000e+000 0.000e+000 0.000e+000 0.000e+000 0.000e+000 0.000e+000 0.000e+000 0.000e+000 0.000e+000 0.000e+000 0.000e+000 0.000e+000 0.000e+000 0.000e+000 0.000e+000
 1.130e+001 2.930e+000 2.100e+001 1.869e+002 2.927e+003 7.842e+001-9.756e+001 1.075e+003 1.036e+006 8.680e+002 2.739e+004-3.819e+000 1.444e+003 9.066e+001 5.162e+002-8.690e+002-4.188e+004 5.865e+001 1.309e+004
 1.250e+001 2.930e+000 0.000e+000 0.000e+000 0.000e+000 0.000e+000 0.000e+000 0.000e+000 0.000e+000 0.000e+000 0.000e+000 0.000e+000 0.000e+000 0.000e+000 0.000e+000 0.000e+000 0.000e+000 0.000e+000 0.000e+000
 1.380e+001 2.930e+000 0.000e+000 0.000e+000 0.000e+000 0.000e+000 0.000e+000 0.000e+000 0.000e+000 0.000e+000 0.000e+000 0.000e+000 0.000e+000 0.000e+000 0.000e+000 0.000e+000 0.000e+000 0.000e+000 0.000e+000
 1.500e+001 2.930e+000 2.400e+001 5.961e+001 1.574e+003 2.288e+001-6.792e+001 2.846e+003 6.929e+005 1.244e+003-2.173e+003-1.797e+001-1.085e+003 5.545e+001 2.576e+002-4.675e+002-3.476e+004 3.736e+002 1.101e+004
 1.630e+001 2.930e+000 0.000e+000 0.000e+000 0.000e+000 0.000e+000 0.000e+000 0.000e+000 0.000e+000 0.000e+000 0.000e+000 0.000e+000 0.000e+000 0.000e+000 0.000e+000 0.000e+000 0.000e+000 0.000e+000 0.000e+000
 1.750e+001 2.930e+000 2.400e+001 4.550e+001 4.094e+002 1.262e+001-4.408e+001 2.188e+003 3.325e+005 7.969e+002 9.520e+002-1.238e+001-4.876e+002 4.012e+001 2.002e+002-4.106e+002-3.463e+004 1.975e+002 8.740e+003
 1.880e+001 2.930e+000 0.000e+000 0.000e+000 0.000e+000 0.000e+000 0.000e+000 0.000e+000 0.000e+000 0.000e+000 0.000e+000 0.000e+000 0.000e+000 0.000e+000 0.000e+000 0.000e+000 0.000e+000 0.000e+000 0.000e+000
 2.000e+001 2.930e+000 2.400e+001 5.174e+001 9.835e+002 1.739e+001-8.143e+000 1.944e+003 3.033e+005 1.165e+003 8.575e+003-2.074e+001 2.335e+002 4.025e+001 3.638e+002-5.868e+002-2.947e+004 2.802e+002 1.398e+004
 2.130e+001 2.930e+000 0.000e+000 0.000e+000 0.000e+000 0.000e+000 0.000e+000 0.000e+000 0.000e+000 0.000e+000 0.000e+000 0.000e+000 0.000e+000 0.000e+000 0.000e+000 0.000e+000 0.000e+000 0.000e+000 0.000e+000
 2.250e+001 2.930e+000 0.000e+000 0.000e+000 0.000e+000 0.000e+000 0.000e+000 0.000e+000 0.000e+000 0.000e+000 0.000e+000 0.000e+000 0.000e+000 0.000e+000 0.000e+000 0.000e+000 0.000e+000 0.000e+000 0.000e+000
 2.380e+001 2.930e+000 2.400e+001 5.170e+001 4.376e+002 8.697e+000-2.424e+002 1.931e+003 2.348e+005 4.780e+002-4.249e+003-2.035e+001-1.033e+003 3.037e+001 2.304e+002-5.602e+002-2.711e+004 2.437e+002 1.826e+004
 2.500e+001 2.930e+000 0.000e+000 0.000e+000 0.000e+000 0.000e+000 0.000e+000 0.000e+000 0.000e+000 0.000e+000 0.000e+000 0.000e+000 0.000e+000 0.000e+000 0.000e+000 0.000e+000 0.000e+000 0.000e+000 0.000e+000
 2.630e+001 2.930e+000 2.400e+001 5.222e+001 2.031e+002 1.390e+001-4.680e+001 1.994e+003 1.915e+005 2.448e+002 4.453e+003-6.065e+000 3.021e+002 2.142e+001 1.739e+002-3.700e+002-2.153e+004 4.284e+001 9.468e+003
 2.750e+001 2.930e+000 0.000e+000 0.000e+000 0.000e+000 0.000e+000 0.000e+000 0.000e+000 0.000e+000 0.000e+000 0.000e+000 0.000e+000 0.000e+000 0.000e+000 0.000e+000 0.000e+000 0.000e+000 0.000e+000 0.000e+000
 2.880e+001 2.930e+000 2.400e+001 6.415e+001 4.492e+002 1.692e+001-1.652e+002 1.956e+003 1.894e+005 8.100e+002-1.124e+003-1.536e+001-1.152e+002 1.979e+001 2.110e+002-5.194e+002-2.983e+004 1.087e+002 8.269e+003
 3.000e+001 2.930e+000 0.000e+000 0.000e+000 0.000e+000 0.000e+000 0.000e+000 0.000e+000 0.000e+000 0.000e+000 0.000e+000 0.000e+000 0.000e+000 0.000e+000 0.000e+000 0.000e+000 0.000e+000 0.000e+000 0.000e+000
 3.130e+001 2.930e+000 0.000e+000 0.000e+000 0.000e+000 0.000e+000 0.000e+000 0.000e+000 0.000e+000 0.000e+000 0.000e+000 0.000e+000 0.000e+000 0.000e+000 0.000e+000 0.000e+000 0.000e+000 0.000e+000 0.000e+000
 3.250e+001 2.930e+000 2.100e+001 8.804e+001 4.032e+002 1.384e+001-1.817e+002 3.144e+003 2.287e+005 3.841e+002-2.086e+003-2.033e+001-5.685e+001 2.707e+001 2.022e+002-6.883e+002-3.461e+004 1.696e+002 8.786e+003
 3.380e+001 2.930e+000 0.000e+000 0.000e+000 0.000e+000 0.000e+000 0.000e+000 0.000e+000 0.000e+000 0.000e+000 0.000e+000 0.000e+000 0.000e+000 0.000e+000 0.000e+000 0.000e+000 0.000e+000 0.000e+000 0.000e+000
 3.500e+001 2.930e+000 2.400e+001 1.769e+002-3.121e+001 4.514e+001-9.198e+001 3.462e+003 1.676e+005 7.866e+002-2.778e+003-4.301e+001-5.997e+001 4.862e+001 3.613e+002-9.096e+002-3.076e+004 1.385e+002 8.545e+003
 3.630e+001 2.930e+000 0.000e+000 0.000e+000 0.000e+000 0.000e+000 0.000e+000 0.000e+000 0.000e+000 0.000e+000 0.000e+000 0.000e+000 0.000e+000 0.000e+000 0.000e+000 0.000e+000 0.000e+000 0.000e+000 0.000e+000
 3.750e+001 2.930e+000 2.400e+001 2.626e+002-1.345e+003 8.500e+001-4.710e+001 4.370e+003 2.279e+005 1.259e+003-1.873e+003-5.823e+001-8.369e+002 5.871e+001 5.640e+002-1.335e+003-4.751e+004 2.800e+002 1.417e+004
 3.880e+001 2.930e+000 0.000e+000 0.000e+000 0.000e+000 0.000e+000 0.000e+000 0.000e+000 0.000e+000 0.000e+000 0.000e+000 0.000e+000 0.000e+000 0.000e+000 0.000e+000 0.000e+000 0.000e+000 0.000e+000 0.000e+000
 4.000e+001 2.930e+000 0.000e+000 0.000e+000 0.000e+000 0.000e+000 0.000e+000 0.000e+000 0.000e+000 0.000e+000 0.000e+000 0.000e+000 0.000e+000 0.000e+000 0.000e+000 0.000e+000 0.000e+000 0.000e+000 0.000e+000
 4.130e+001 2.930e+000 2.400e+001 3.653e+002-2.621e+003 6.004e+001-3.235e+002 8.008e+003 3.995e+005 7.647e+002-2.253e+004-8.241e+001-1.530e+003 5.767e+001 5.074e+002-1.838e+003-7.663e+004 2.942e+002 1.977e+004
 4.250e+001 2.930e+000 0.000e+000 0.000e+000 0.000e+000 0.000e+000 0.000e+000 0.000e+000 0.000e+000 0.000e+000 0.000e+000 0.000e+000 0.000e+000 0.000e+000 0.000e+000 0.000e+000 0.000e+000 0.000e+000 0.000e+000
 4.380e+001 2.930e+000 2.400e+001 1.246e+003-3.630e+003 1.734e+002-9.217e+002 1.883e+004 6.803e+005 2.352e+003-5.225e+004-3.473e+002-5.277e+003 2.115e+002 1.120e+003-4.430e+003-1.444e+005 9.175e+002 3.710e+004
 4.500e+001 2.930e+000 0.000e+000 0.000e+000 0.000e+000 0.000e+000 0.000e+000 0.000e+000 0.000e+000 0.000e+000 0.000e+000 0.000e+000 0.000e+000 0.000e+000 0.000e+000 0.000e+000 0.000e+000 0.000e+000 0.000e+000
 4.630e+001 2.930e+000 2.400e+001 2.389e+003-1.696e+004 4.984e+002 3.824e+002 5.051e+004 1.783e+006 5.616e+003-1.318e+005-5.589e+002-1.282e+004 2.633e+002 2.376e+003-1.418e+004-4.311e+005 2.863e+003 1.173e+005
 4.750e+001 2.930e+000 0.000e+000 0.000e+000 0.000e+000 0.000e+000 0.000e+000 0.000e+000 0.000e+000 0.000e+000 0.000e+000 0.000e+000 0.000e+000 0.000e+000 0.000e+000 0.000e+000 0.000e+000 0.000e+000 0.000e+000
 4.880e+001 2.930e+000 0.000e+000 0.000e+000 0.000e+000 0.000e+000 0.000e+000 0.000e+000 0.000e+000 0.000e+000 0.000e+000 0.000e+000 0.000e+000 0.000e+000 0.000e+000 0.000e+000 0.000e+000 0.000e+000 0.000e+000
 5.000e+001 2.930e+000 2.400e+001 7.945e+005 2.937e+006 1.224e+005-2.229e+006 1.709e+007 3.811e+008 3.154e+006-3.285e+007-1.316e+005-2.396e+006 4.130e+004 1.000e+006-4.097e+006-9.640e+007 3.346e+005 2.739e+007
 5.130e+001 2.930e+000 0.000e+000 0.000e+000 0.000e+000 0.000e+000 0.000e+000 0.000e+000 0.000e+000 0.000e+000 0.000e+000 0.000e+000 0.000e+000 0.000e+000 0.000e+000 0.000e+000 0.000e+000 0.000e+000 0.000e+000
 5.250e+001 2.930e+000 2.400e+001 2.639e+003-1.860e+004 5.461e+002-1.267e+003 6.575e+004 2.084e+006 8.935e+003-1.789e+005-5.446e+002-1.644e+004 2.443e+002 3.680e+003-1.801e+004-5.045e+005 3.240e+003 1.402e+005
 5.380e+001 2.930e+000 0.000e+000 0.000e+000 0.000e+000 0.000e+000 0.000e+000 0.000e+000 0.000e+000 0.000e+000 0.000e+000 0.000e+000 0.000e+000 0.000e+000 0.000e+000 0.000e+000 0.000e+000 0.000e+000 0.000e+000
 5.500e+001 2.930e+000 0.000e+000 0.000e+000 0.000e+000 0.000e+000 0.000e+000 0.000e+000 0.000e+000 0.000e+000 0.000e+000 0.000e+000 0.000e+000 0.000e+000 0.000e+000 0.000e+000 0.000e+000 0.000e+000 0.000e+000
 5.630e+001 2.930e+000 2.400e+001 6.536e+002-4.162e+003 1.232e+002-2.403e+002 1.429e+004 5.298e+005 1.432e+003-3.599e+004-1.502e+002-3.559e+003 6.779e+001 6.680e+002-3.853e+003-1.178e+005 7.518e+002 3.092e+004
 5.750e+001 2.930e+000 0.000e+000 0.000e+000 0.000e+000 0.000e+000 0.000e+000 0.000e+000 0.000e+000 0.000e+000 0.000e+000 0.000e+000 0.000e+000 0.000e+000 0.000e+000 0.000e+000 0.000e+000 0.000e+000 0.000e+000
 5.880e+001 2.930e+000 2.400e+001 2.885e+002-2.259e+003 4.959e+001-3.370e+001 6.932e+003 2.909e+005 4.423e+002-1.705e+004-6.602e+001-1.767e+003 3.487e+001 2.408e+002-1.641e+003-5.645e+004 3.529e+002 1.310e+004
 6.000e+001 2.930e+000 0.000e+000 0.000e+000 0.000e+000 0.000e+000 0.000e+000 0.000e+000 0.000e+000 0.000e+000 0.000e+000 0.000e+000 0.000e+000 0.000e+000 0.000e+000 0.000e+000 0.000e+000 0.000e+000 0.000e+000
 6.130e+001 2.930e+000 2.400e+001 1.716e+002-7.571e+002 3.086e+001 4.047e+000 3.318e+003 1.327e+005 3.565e+002-6.163e+003-3.644e+001-6.511e+002 2.266e+001 1.523e+002-8.516e+002-2.382e+004 1.935e+002 6.105e+003
 6.250e+001 2.930e+000 0.000e+000 0.000e+000 0.000e+000 0.000e+000 0.000e+000 0.000e+000 0.000e+000 0.000e+000 0.000e+000 0.000e+000 0.000e+000 0.000e+000 0.000e+000 0.000e+000 0.000e+000 0.000e+000 0.000e+000
 6.380e+001 2.930e+000 0.000e+000 0.000e+000 0.000e+000 0.000e+000 0.000e+000 0.000e+000 0.000e+000 0.000e+000 0.000e+000 0.000e+000 0.000e+000 0.000e+000 0.000e+000 0.000e+000 0.000e+000 0.000e+000 0.000e+000
 6.500e+001 2.930e+000 2.400e+001 1.301e+002-2.491e+002 3.110e+001-1.093e+002 2.486e+003 1.307e+005 4.350e+002-4.201e+003-3.365e+001-7.782e+002 2.602e+001 2.162e+002-6.469e+002-2.419e+004 1.606e+002 5.980e+003
 6.630e+001 2.930e+000 0.000e+000 0.000e+000 0.000e+000 0.000e+000 0.000e+000 0.000e+000 0.000e+000 0.000e+000 0.000e+000 0.000e+000 0.000e+000 0.000e+000 0.000e+000 0.000e+000 0.000e+000 0.000e+000 0.000e+000
 6.750e+001 2.930e+000 2.400e+001 6.731e+001-2.440e+002 5.768e+000-1.102e+002 1.778e+003 9.839e+004 1.366e+002-4.279e+003-2.048e+001-5.066e+002 1.543e+001 1.123e+002-3.958e+002-1.704e+004 1.291e+002 3.974e+003
 6.880e+001 2.930e+000 0.000e+000 0.000e+000 0.000e+000 0.000e+000 0.000e+000 0.000e+000 0.000e+000 0.000e+000 0.000e+000 0.000e+000 0.000e+000 0.000e+000 0.000e+000 0.000e+000 0.000e+000 0.000e+000 0.000e+000
 7.000e+001 2.930e+000 2.400e+001 5.636e+001-3.135e+002 6.427e+000-3.106e+001 1.312e+003 6.639e+004 1.033e+002-2.115e+003-1.974e+001-4.693e+002 1.755e+001 1.122e+002-3.150e+002-1.208e+004 1.203e+002 3.176e+003
 7.130e+001 2.930e+000 0.000e+000 0.000e+000 0.000e+000 0.000e+000 0.000e+000 0.000e+000 0.000e+000 0.000e+000 0.000e+000 0.000e+000 0.000e+000 0.000e+000 0.000e+000 0.000e+000 0.000e+000 0.000e+000 0.000e+000
 7.250e+001 2.930e+000 0.000e+000 0.000e+000 0.000e+000 0.000e+000 0.000e+000 0.000e+000 0.000e+000 0.000e+000 0.000e+000 0.000e+000 0.000e+000 0.000e+000 0.000e+000 0.000e+000 0.000e+000 0.000e+000 0.000e+000
 7.380e+001 2.930e+000 2.400e+001 3.800e+001-2.771e+002 3.369e+000-1.839e+001 8.894e+002 5.785e+004-1.441e+002-2.390e+003-1.042e+001-2.067e+002 7.817e+000 3.167e+001-2.024e+002-7.600e+003 6.590e+001 1.749e+003
 7.500e+001 2.930e+000 0.000e+000 0.000e+000 0.000e+000 0.000e+000 0.000e+000 0.000e+000 0.000e+000 0.000e+000 0.000e+000 0.000e+000 0.000e+000 0.000e+000 0.000e+000 0.000e+000 0.000e+000 0.000e+000 0.000e+000
 7.630e+001 2.930e+000 2.400e+001 3.529e+001-9.713e+001 5.328e+000-4.066e+001 8.400e+002 3.650e+004 1.067e+002-7.239e+002-1.075e+001-1.743e+002 9.501e+000 7.368e+001-2.171e+002-6.890e+003 7.275e+001 2.107e+003
 7.750e+001 2.930e+000 0.000e+000 0.000e+000 0.000e+000 0.000e+000 0.000e+000 0.000e+000 0.000e+000 0.000e+000 0.000e+000 0.000e+000 0.000e+000 0.000e+000 0.000e+000 0.000e+000 0.000e+000 0.000e+000 0.000e+000
 7.880e+001 2.930e+000 2.400e+001 2.480e+001-9.762e+001 3.087e+000-2.206e+001 5.260e+002 3.727e+004 5.028e+001-1.138e+003-7.931e+000-1.695e+002 7.656e+000 5.568e+001-1.271e+002-5.584e+003 6.080e+001 1.623e+003
 8.000e+001 2.930e+000 0.000e+000 0.000e+000 0.000e+000 0.000e+000 0.000e+000 0.000e+000 0.000e+000 0.000e+000 0.000e+000 0.000e+000 0.000e+000 0.000e+000 0.000e+000 0.000e+000 0.000e+000 0.000e+000 0.000e+000
 8.130e+001 2.930e+000 0.000e+000 0.000e+000 0.000e+000 0.000e+000 0.000e+000 0.000e+000 0.000e+000 0.000e+000 0.000e+000 0.000e+000 0.000e+000 0.000e+000 0.000e+000 0.000e+000 0.000e+000 0.000e+000 0.000e+000
 8.250e+001 2.930e+000 2.400e+001 2.157e+001-1.186e+002-1.357e+000-4.323e+001 6.347e+002 4.060e+004-1.105e+002-3.087e+003-8.689e+000-3.423e+002 9.868e+000 4.436e+001-1.182e+002-6.017e+003 1.060e+002 1.856e+003
 8.380e+001 2.930e+000 0.000e+000 0.000e+000 0.000e+000 0.000e+000 0.000e+000 0.000e+000 0.000e+000 0.000e+000 0.000e+000 0.000e+000 0.000e+000 0.000e+000 0.000e+000 0.000e+000 0.000e+000 0.000e+000 0.000e+000
 8.500e+001 2.930e+000 2.400e+001 1.793e+001-1.309e+002 7.082e-001 1.118e+001 5.065e+002 3.530e+004-1.314e+001 3.197e+002-3.458e+000 6.323e+000 5.402e+000 2.221e+001-8.616e+001-3.885e+003 2.516e+001 8.170e+002
 8.630e+001 2.930e+000 0.000e+000 0.000e+000 0.000e+000 0.000e+000 0.000e+000 0.000e+000 0.000e+000 0.000e+000 0.000e+000 0.000e+000 0.000e+000 0.000e+000 0.000e+000 0.000e+000 0.000e+000 0.000e+000 0.000e+000
 8.750e+001 2.930e+000 2.400e+001 1.323e+001-1.009e+002 1.721e+000-2.645e-001 4.151e+002 2.491e+004 2.346e+001-5.494e+002-3.692e+000-8.627e+001 4.740e+000 3.071e+001-8.208e+001-3.702e+003 3.137e+001 9.458e+002
 8.880e+001 2.930e+000 0.000e+000 0.000e+000 0.000e+000 0.000e+000 0.000e+000 0.000e+000 0.000e+000 0.000e+000 0.000e+000 0.000e+000 0.000e+000 0.000e+000 0.000e+000 0.000e+000 0.000e+000 0.000e+000 0.000e+000
 9.000e+001 2.930e+000 0.000e+000 0.000e+000 0.000e+000 0.000e+000 0.000e+000 0.000e+000 0.000e+000 0.000e+000 0.000e+000 0.000e+000 0.000e+000 0.000e+000 0.000e+000 0.000e+000 0.000e+000 0.000e+000 0.000e+000
 9.130e+001 2.930e+000 2.400e+001 1.278e+001-2.878e+001 1.839e+000-1.038e+001 3.893e+002 2.737e+004 5.714e+001-4.833e+001-5.608e+000-1.210e+002 4.598e+000 3.285e+001-9.504e+001-4.392e+003 4.261e+001 1.094e+003
 9.250e+001 2.930e+000 0.000e+000 0.000e+000 0.000e+000 0.000e+000 0.000e+000 0.000e+000 0.000e+000 0.000e+000 0.000e+000 0.000e+000 0.000e+000 0.000e+000 0.000e+000 0.000e+000 0.000e+000 0.000e+000 0.000e+000
 9.380e+001 2.930e+000 2.400e+001 1.229e+001-8.691e+001 4.485e-001 8.563e+000 3.608e+002 2.305e+004-9.088e+000 2.926e+000-3.222e+000-9.593e+001 2.619e+000 9.750e+000-6.895e+001-3.240e+003 2.243e+001 6.643e+002
 9.500e+001 2.930e+000 0.000e+000 0.000e+000 0.000e+000 0.000e+000 0.000e+000 0.000e+000 0.000e+000 0.000e+000 0.000e+000 0.000e+000 0.000e+000 0.000e+000 0.000e+000 0.000e+000 0.000e+000 0.000e+000 0.000e+000
 9.630e+001 2.930e+000 2.400e+001 1.006e+001-7.627e+001 3.682e-001 4.528e+000 2.907e+002 1.986e+004 1.260e-001 5.675e+000-2.617e+000-6.838e+001 1.568e+000 5.394e+000-4.659e+001-2.619e+003 1.221e+001 4.512e+002
 9.750e+001 2.930e+000 0.000e+000 0.000e+000 0.000e+000 0.000e+000 0.000e+000 0.000e+000 0.000e+000 0.000e+000 0.000e+000 0.000e+000 0.000e+000 0.000e+000 0.000e+000 0.000e+000 0.000e+000 0.000e+000 0.000e+000
 9.880e+001 2.930e+000 0.000e+000 0.000e+000 0.000e+000 0.000e+000 0.000e+000 0.000e+000 0.000e+000 0.000e+000 0.000e+000 0.000e+000 0.000e+000 0.000e+000 0.000e+000 0.000e+000 0.000e+000 0.000e+000 0.000e+000
 1.000e+002 2.930e+000 5.100e+001 4.049e+001-9.417e+002 3.401e+000 1.461e+002 1.242e+002 4.256e+004-1.742e+002-3.187e+002-1.054e+001-1.408e+002 6.862e+000-2.398e+001-4.547e+001-5.773e+003 4.038e+001 1.005e+003
 1.130e+002 2.930e+000 4.800e+001 1.580e+001-3.940e+000 1.442e+000-1.815e+001 6.056e+002 3.719e+004 3.341e+001-6.062e+002-5.147e+000-1.424e+002 5.538e+000 3.325e+001-1.034e+002-4.904e+003 3.974e+001 1.024e+003
 1.250e+002 2.930e+000 4.800e+001 1.727e+001-6.947e+001 8.254e-001-1.434e+001 6.752e+002 4.325e+004 4.879e+001-2.184e+002-4.999e+000-1.098e+002 6.724e+000 5.130e+001-1.002e+002-5.095e+003 4.515e+001 1.195e+003
 1.380e+002 2.930e+000 6.000e+001 1.107e+002 6.227e+001 2.391e+001-5.038e+001 1.314e+003 4.587e+004 2.969e+002-4.928e+002-2.904e+001-3.314e+002 1.854e+001 8.659e+001-2.402e+002-7.011e+003 6.768e+001 1.418e+003
 1.500e+002 2.930e+000 5.400e+001 2.114e+001 3.150e+002 2.138e+000-4.150e+001 8.781e+002 6.445e+004 1.435e+002 3.343e+002-4.536e+000-9.068e+001 2.232e+000 2.395e+001-1.171e+002-7.808e+003 1.501e+001 1.089e+003
 1.630e+002 2.930e+000 6.000e+001 2.006e+001-1.950e+002 1.405e-001 1.318e+001 7.583e+002 4.630e+004 2.030e+001-2.482e+002-3.720e+000-1.462e+002 4.673e+000 3.134e+001-9.140e+001-5.753e+003 3.911e+001 1.169e+003
 1.750e+002 2.930e+000 4.200e+001 1.815e+001-1.096e+002 1.759e+000 1.070e+001 6.544e+002 4.091e+004 1.224e+002 4.160e+002-4.869e+000-1.502e+002 6.004e+000 4.953e+001-9.477e+001-5.767e+003 3.864e+001 1.204e+003
 1.880e+002 2.930e+000 8.700e+001 1.247e+002-2.252e+003 1.339e+001 2.359e+002 4.304e+003 2.283e+005 2.392e+001-2.308e+003-2.938e+001-1.181e+003 1.761e+001 9.069e+001-6.461e+002-3.144e+004 2.024e+002 5.234e+003
 2.000e+002 2.930e+000 9.600e+001 4.280e+003-1.040e+005 8.676e+002 1.672e+004 1.349e+005 6.913e+006 1.630e+004-2.008e+004-4.882e+002-3.659e+004 2.514e+002 2.889e+003-2.250e+004-1.137e+006 6.029e+003 1.884e+005
 2.130e+002 2.930e+000 6.900e+001 1.096e+002-1.202e+003 9.428e+000 1.840e+002 3.709e+003 1.781e+005 2.130e+002 5.707e+002-1.819e+001-8.401e+002 1.096e+001 6.741e+001-4.583e+002-2.258e+004 1.324e+002 3.448e+003
 2.250e+002 2.930e+000 1.110e+002 1.978e+002-9.672e+001-6.503e+000-3.769e+000 7.514e+003 3.308e+005-1.722e+002-4.591e+002-4.814e+001-1.836e+003 2.217e+001 5.959e+001-7.864e+002-3.532e+004 2.319e+002 4.681e+003
 2.380e+002 2.930e+000 9.600e+001 8.428e+002 1.121e+003-5.849e+001-4.006e+002 3.314e+004 1.359e+006-1.756e+003-9.593e+003-2.156e+002-8.438e+003 6.761e+001-4.775e+001-3.540e+003-1.470e+005 9.546e+002 1.696e+004
 2.500e+002 2.930e+000 9.600e+001 2.965e+004 6.197e+004-1.961e+003-1.376e+004 1.178e+006 4.775e+007-5.894e+004-2.534e+005-7.332e+003-2.935e+005 1.976e+003-4.635e+003-1.313e+005-5.358e+006 3.320e+004 6.049e+005
 2.630e+002 2.930e+000 9.600e+001 7.596e+002 1.551e+003-4.093e+001-3.933e+002 3.036e+004 1.265e+006-1.219e+003-7.236e+003-1.850e+002-7.248e+003 5.379e+001-3.502e+001-3.401e+003-1.421e+005 8.497e+002 1.671e+004
 2.750e+002 2.930e+000 1.080e+002 2.637e+002 5.566e+002-1.455e+000-1.702e+002 1.095e+004 5.081e+005 7.829e+001-2.550e+003-6.303e+001-2.344e+003 2.321e+001 9.413e+001-1.290e+003-5.913e+004 3.038e+002 7.682e+003
 2.880e+002 2.930e+000 9.600e+001 2.275e+002 1.082e+003 1.430e+001-2.631e+002 1.270e+004 8.088e+005 1.154e+003-5.351e+003-5.002e+001-2.480e+003 1.864e+001 2.278e+002-1.671e+003-1.067e+005 3.412e+002 1.479e+004
 3.000e+002 2.930e+000 9.600e+001 3.794e+003 3.255e+004 5.512e+002-6.467e+003 2.673e+005 1.929e+007 4.606e+004-1.276e+005-8.502e+002-5.498e+004 2.786e+002 7.026e+003-3.810e+004-2.763e+006 7.591e+003 3.973e+005
 3.130e+002 2.930e+000 9.000e+001 2.221e+002 2.512e+003 4.136e+001-5.137e+002 1.149e+004 7.029e+005 2.803e+003-5.674e+003-5.912e+001-2.389e+003 2.824e+001 4.973e+002-1.740e+003-1.051e+005 3.519e+002 1.635e+004
 3.250e+002 2.930e+000 1.080e+002 3.027e+002 3.406e+003 7.664e+001-8.035e+002 1.023e+004 4.350e+005 3.667e+003-5.232e+003-9.733e+001-2.203e+003 5.580e+001 7.599e+002-1.843e+003-7.693e+004 3.720e+002 1.443e+004
 3.380e+002 2.930e+000 9.600e+001 9.985e+002 1.046e+004 2.884e+002-2.767e+003 2.777e+004 9.144e+005 1.163e+004-1.862e+004-3.442e+002-6.341e+003 2.070e+002 2.555e+003-5.433e+003-1.839e+005 1.055e+003 3.809e+004
 3.500e+002 2.930e+000 9.600e+001 2.578e+004 2.684e+005 8.111e+003-7.507e+004 6.473e+005 1.915e+007 3.007e+005-4.568e+005-9.305e+003-1.489e+005 5.917e+003 7.026e+004-1.370e+005-4.236e+006 2.581e+004 9.491e+005
 3.630e+002 2.930e+000 9.600e+001 8.338e+002 8.160e+003 2.630e+002-2.371e+003 1.945e+004 5.650e+005 9.128e+003-1.418e+004-3.113e+002-4.494e+003 2.038e+002 2.203e+003-4.116e+003-1.226e+005 7.712e+002 2.769e+004
 3.750e+002 2.930e+000 9.600e+001 1.770e+002 1.566e+003 5.230e+001-4.594e+002 4.177e+003 1.382e+005 1.767e+003-2.667e+003-6.401e+001-8.392e+002 4.336e+001 4.312e+002-8.225e+002-2.628e+004 1.442e+002 5.563e+003
 3.880e+002 2.930e+000 6.600e+001 6.666e+001 3.006e+002 1.320e+001-1.202e+002 1.613e+003 6.073e+004 4.189e+002-1.096e+003-2.103e+001-2.723e+002 1.332e+001 1.116e+002-2.732e+002-9.530e+003 4.365e+001 1.752e+003
 4.000e+002 2.930e+000 5.400e+001 3.813e+002-3.333e+003-2.998e+001 8.208e+001 5.872e+003 1.479e+005-9.838e+002-2.568e+003-7.807e+001-7.686e+002 2.374e+001-1.176e+001-5.275e+002-1.319e+004 8.279e+001 1.572e+003
 4.130e+002 2.930e+000 7.200e+001 3.723e+001-6.623e+000 5.235e+000-3.336e+001 1.206e+003 6.438e+004 1.918e+002-5.542e+002-7.189e+000-1.029e+002 4.498e+000 4.590e+001-1.696e+002-8.579e+003 1.521e+001 1.302e+003
 4.250e+002 2.930e+000 6.300e+001 2.070e+001-5.872e+001 2.988e+000-7.462e+000 9.476e+002 5.676e+004 1.082e+002-3.804e+002-3.045e+000-6.684e+001 2.468e+000 2.452e+001-1.247e+002-7.158e+003 9.990e+000 1.017e+003
 4.380e+002 2.930e+000 6.300e+001 2.921e+001-4.208e+001 4.032e+000 1.318e+001 1.648e+003 1.100e+005 2.125e+002 1.075e+003-1.531e+000 2.749e+001 2.382e+000 3.939e+001-2.246e+002-1.458e+004 2.085e+000 2.068e+003
 4.500e+002 2.930e+000 8.400e+001 2.559e+002 2.378e+003 5.103e+001 2.433e+002 1.828e+004 1.425e+006 3.335e+003 4.890e+004 3.127e+001 3.449e+003 2.176e+001 6.334e+002-2.689e+003-2.017e+005-3.726e+002 3.071e+004
 4.630e+002 2.930e+000 1.020e+002 4.803e+001-1.014e+002 6.543e+000 6.904e+000 2.749e+003 1.819e+005 3.346e+002 4.756e+002-3.154e+000-3.589e+001 3.650e+000 6.046e+001-3.685e+002-2.363e+004 1.110e+001 3.257e+003
 4.750e+002 2.930e+000 9.000e+001 3.933e+001-3.321e+002 3.900e+000 2.116e+001 2.338e+003 1.624e+005 1.823e+002-7.221e+002-2.659e+000-6.172e+001 2.193e+000 3.285e+001-2.994e+002-2.025e+004 9.232e+000 2.622e+003
 4.880e+002 2.930e+000 9.600e+001 5.586e+001-5.576e+002 5.350e+000 3.607e+001 3.211e+003 2.165e+005 1.680e+002-1.540e+003-4.747e+000-1.544e+002 3.510e+000 3.821e+001-4.114e+002-2.642e+004 2.337e+001 3.379e+003
 5.000e+002 2.930e+000 8.100e+001 2.275e+002 2.593e+002 7.957e+001-1.319e+002 5.738e+003 2.844e+005 1.355e+003 1.060e+003-4.224e+001-2.039e+002 4.469e+001 4.788e+002-1.364e+003-4.379e+004 1.449e+002 9.079e+003
 5.130e+002 2.930e+000 1.200e+002 2.155e+002-9.828e+002 2.752e+001 5.607e+001 1.253e+004 7.596e+005 1.540e+003-3.896e+003-7.666e+000-4.382e+002 5.713e+000 2.245e+002-1.700e+003-1.018e+005 5.649e+001 1.389e+004
 5.250e+002 2.930e+000 9.600e+001 4.014e+002-2.807e+003 4.340e+001 2.303e+002 2.365e+004 1.425e+006 2.460e+003-8.402e+003-1.533e+001-1.152e+003 6.261e+000 3.403e+002-3.170e+003-1.899e+005 1.411e+002 2.548e+004
 5.380e+002 2.930e+000 9.600e+001 1.840e+003-1.373e+004 1.958e+002 1.133e+003 1.073e+005 6.374e+006 1.086e+004-4.207e+004-7.930e+001-6.019e+003 2.533e+001 1.505e+003-1.451e+004-8.568e+005 7.379e+002 1.155e+005
 5.500e+002 2.930e+000 9.600e+001 1.022e+005-7.689e+005 1.059e+004 6.169e+004 5.872e+006 3.436e+008 5.737e+005-2.450e+006-4.899e+003-3.605e+005 1.349e+003 8.006e+004-7.975e+005-4.635e+007 4.454e+004 6.271e+006
 5.630e+002 2.930e+000 1.200e+002 2.442e+003-2.031e+004 2.461e+002 1.800e+003 1.390e+005 8.104e+006 1.315e+004-5.262e+004-1.087e+002-8.164e+003 3.082e+001 1.817e+003-1.870e+004-1.082e+006 1.006e+003 1.449e+005
 5.750e+002 2.930e+000 9.600e+001 3.452e+002-2.856e+003 3.498e+001 2.559e+002 1.925e+004 1.106e+006 1.824e+003-6.509e+003-1.675e+001-1.174e+003 5.143e+000 2.523e+002-2.550e+003-1.454e+005 1.440e+002 1.923e+004
 5.880e+002 2.930e+000 9.600e+001 1.608e+002-1.358e+003 1.509e+001 1.137e+002 8.780e+003 4.989e+005 7.600e+002-3.115e+003-8.805e+000-5.666e+002 2.506e+000 1.051e+002-1.135e+003-6.388e+004 6.877e+001 8.267e+003
 6.000e+002 2.930e+000 1.170e+002 1.209e+002-5.327e+002 1.101e+001 1.930e+001 6.642e+003 3.930e+005 6.198e+002-2.679e+003-1.026e+001-6.031e+002 3.103e+000 8.781e+001-8.286e+002-4.830e+004 6.841e+001 6.095e+003
 6.130e+002 2.930e+000 9.600e+001 5.295e+001-4.353e+002 4.522e+000 2.081e+001 2.647e+003 1.466e+005 2.350e+002-1.356e+003-4.224e+000-2.019e+002 1.510e+000 3.786e+001-3.369e+002-1.864e+004 2.403e+001 2.467e+003
 6.250e+002 2.930e+000 9.000e+001 4.096e+001-2.227e+002 4.383e+000-1.229e+000 1.906e+003 1.021e+005 2.348e+002-8.913e+002-4.585e+000-1.712e+002 2.072e+000 4.273e+001-2.537e+002-1.361e+004 2.239e+001 1.975e+003
 6.380e+002 2.930e+000 8.100e+001 4.485e+001 3.458e+002 6.919e+000-1.158e+002 1.849e+003 1.017e+005 5.051e+002-1.034e+003-1.065e+001-2.299e+002 5.951e+000 1.080e+002-2.824e+002-1.623e+004 3.495e+001 2.849e+003
 6.500e+002 2.930e+000 1.050e+002 3.072e+003 9.189e+004 8.668e+002-2.216e+004 1.083e+005 6.653e+006 7.387e+004-1.196e+005-1.431e+003-2.413e+004 9.189e+002 1.666e+004-2.200e+004-1.453e+006 3.961e+003 3.205e+005
 6.630e+002 2.930e+000 6.600e+001 4.074e+001 4.652e+002 9.408e+000-1.200e+002 1.871e+003 1.065e+005 6.438e+002-1.282e+003-1.035e+001-2.687e+002 6.422e+000 1.220e+002-2.998e+002-1.755e+004 3.871e+001 3.017e+003
 6.750e+002 2.930e+000 7.200e+001 2.842e+001 1.752e+002 3.428e+000-5.532e+001 1.187e+003 5.952e+004 2.403e+002-1.065e+003-5.870e+000-1.904e+002 2.568e+000 4.495e+001-1.602e+002-8.554e+003 2.276e+001 1.319e+003
 6.880e+002 2.930e+000 6.900e+001 1.602e+001-3.218e+001 2.367e+000-7.967e+000 7.614e+002 3.974e+004 1.222e+002-4.438e+002-2.391e+000-1.022e+002 1.115e+000 2.113e+001-1.053e+002-5.531e+003 1.320e+001 8.146e+002
 7.000e+002 2.930e+000 7.800e+001 1.900e+001-8.371e+001 6.169e-001-2.307e+000 4.163e+002 4.955e+004 1.720e+002-4.628e+002-3.503e+000-2.083e+001 1.925e+000 2.963e+001-4.977e+001-6.948e+003 6.133e-001 1.037e+003
 7.130e+002 2.930e+000 6.600e+001 1.039e+001 1.287e+001 1.246e+000-6.839e+000 4.377e+002 2.137e+004 6.453e+001-1.413e+002-1.634e+000-5.563e+001 7.015e-001 9.681e+000-4.924e+001-2.456e+003 6.087e+000 3.185e+002
 7.250e+002 2.930e+000 7.500e+001 8.862e+000 5.590e+000 1.204e+000-8.189e+000 3.929e+002 1.992e+004 6.389e+001-2.180e+002-1.432e+000-5.080e+001 7.389e-001 1.193e+001-5.322e+001-2.692e+003 6.952e+000 4.156e+002
 7.380e+002 2.930e+000 7.200e+001 8.028e+000 1.111e+000 9.906e-001-4.734e+000 3.535e+002 1.760e+004 5.074e+001-1.352e+002-1.286e+000-4.657e+001 5.900e-001 7.938e+000-4.445e+001-2.217e+003 5.806e+000 3.049e+002
 7.500e+002 2.930e+000 1.110e+002 2.763e+001-4.363e+002-1.757e-001-3.585e+000 1.263e+003 7.738e+004-1.159e+002-3.136e+003-6.176e+000-2.437e+002 2.273e+000 2.126e+000-1.782e+002-9.490e+003 3.965e+001 1.400e+003
 7.630e+002 2.930e+000 7.200e+001 5.888e+000-2.049e+001 7.282e-001-8.710e-001 2.487e+002 1.293e+004 3.090e+001-1.175e+002-8.844e-001-3.016e+001 4.230e-001 4.733e+000-2.934e+001-1.475e+003 3.691e+000 1.891e+002
 7.750e+002 2.930e+000 6.000e+001 4.279e+000-1.051e+001 6.085e-001-3.137e-001 1.933e+002 1.046e+004 3.020e+001-5.707e+001-4.571e-001-1.705e+001 2.967e-001 4.470e+000-2.375e+001-1.275e+003 2.227e+000 1.695e+002
 7.880e+002 2.930e+000 7.800e+001 5.480e+000-9.992e+000 6.139e-001-2.933e+000 2.095e+002 1.114e+004 3.334e+001-9.490e+001-8.411e-001-2.516e+001 4.349e-001 5.466e+000-2.344e+001-1.306e+003 2.580e+000 1.749e+002
 8.000e+002 2.930e+000 8.700e+001 5.501e+001-4.265e+002 6.775e+000-6.279e+001 1.779e+003 6.663e+004 1.100e+002-4.344e+003-1.440e+001-4.960e+002 5.067e+000 5.645e+001-3.015e+002-9.994e+003 6.977e+001 1.882e+003
 8.130e+002 2.930e+000 6.000e+001 4.597e+000 1.588e+001 5.189e-001-1.876e+000 2.009e+002 1.147e+004 2.976e+001 1.320e+002-4.697e-001-1.270e+001 2.769e-001 4.775e+000-3.071e+001-1.659e+003 2.605e+000 2.843e+002
 8.250e+002 2.930e+000 4.500e+001 3.166e+000 1.274e+001 3.456e-001-3.086e+000 1.430e+002 8.819e+003 2.148e+001-5.119e+001-5.261e-001-1.653e+001 2.862e-001 3.376e+000-1.815e+001-1.128e+003 2.394e+000 1.578e+002
 8.380e+002 2.930e+000 9.600e+001 9.754e+000 1.670e+002 1.375e+000-3.895e+001 6.587e+002 6.717e+004 1.761e+002-1.443e+003-1.875e+000-9.705e+001 1.001e+000 2.848e+001-8.551e+001-9.203e+003 1.045e+001 1.355e+003
 8.500e+002 2.930e+000 7.200e+001 2.791e+002 1.191e+004 5.375e+001-2.244e+003 2.663e+004 3.471e+006 1.055e+004-5.695e+004-8.055e+001-4.931e+003 4.676e+001 1.663e+003-3.544e+003-4.954e+005 5.492e+002 7.267e+004
 8.630e+002 2.930e+000 5.400e+001 5.315e+000 1.152e+001 5.891e-001-7.160e+000 3.431e+002 2.913e+004 5.817e+001-4.076e+002-6.209e-001-3.609e+001 4.265e-001 9.388e+000-4.176e+001-3.600e+003 4.486e+000 4.853e+002
 8.750e+002 2.930e+000 4.500e+001 2.757e+000-1.711e+000 2.689e-001-2.312e+000 1.287e+002 8.995e+003 2.008e+001-1.439e+002-3.772e-001-1.924e+001 2.740e-001 3.797e+000-1.534e+001-1.115e+003 2.500e+000 1.616e+002
 8.880e+002 2.930e+000 8.700e+001 5.189e+000 1.498e+000 6.048e-001-5.220e+000 2.635e+002 1.880e+004 3.461e+001-2.972e+002-5.996e-001-2.480e+001 3.731e-001 7.025e+000-4.290e+001-2.910e+003 3.530e+000 5.283e+002
 9.000e+002 2.930e+000 5.700e+001 1.107e+001 5.413e+001 1.040e+000-1.929e+001 4.739e+002 2.530e+004 4.626e+001-1.127e+002-9.200e-001-2.322e+001 5.036e-001 1.097e+001-8.212e+001-4.096e+003 3.927e+000 8.082e+002
 9.130e+002 2.930e+000 5.100e+001 3.931e+001 8.558e+002 1.912e+000-2.491e+002 1.370e+003 7.095e+004 9.348e+001 1.407e+003-9.033e-001 1.111e+001 3.935e-001 2.859e+001-4.486e+002-2.189e+004-1.206e+000 7.094e+003
 9.250e+002 2.930e+000 3.600e+001 2.826e+000 3.937e+001 3.691e-001-9.252e+000 7.492e+001 6.017e+003 2.287e+001-1.730e+002-3.183e-001-1.072e+001 3.118e-001 5.623e+000-1.347e+001-1.059e+003 1.745e+000 2.267e+002
 9.380e+002 2.930e+000 1.170e+002 3.069e+001 3.947e+002 9.587e+000-5.773e+001 1.202e+003 5.852e+004 3.812e+002 1.284e+003-1.571e+000 8.120e+001 4.262e+000 9.415e+001-2.635e+002-1.163e+004-5.112e+000 2.595e+003
 9.500e+002 2.930e+000 8.400e+001 8.605e+002 1.413e+004 3.493e+002-1.672e+003 3.152e+004 1.435e+006 1.300e+004 6.752e+004-4.085e+001 4.455e+003 1.561e+002 3.266e+003-7.860e+003-3.176e+005-2.812e+002 7.584e+004
 9.630e+002 2.930e+000 7.200e+001 2.337e+001 3.089e+002 6.299e+000-5.065e+001 8.829e+002 4.095e+004 2.504e+002 6.397e+002-1.862e+000 2.210e+001 2.350e+000 5.773e+001-1.865e+002-8.007e+003 9.306e-001 1.695e+003
 9.750e+002 2.930e+000 7.800e+001 8.303e+000 6.988e+001 1.606e+000-1.287e+001 3.150e+002 1.570e+004 6.473e+001-1.928e+002-5.802e-001-1.925e+001 7.813e-001 1.595e+001-5.709e+001-2.606e+003 3.005e+000 5.186e+002
 9.880e+002 2.930e+000 8.400e+001 6.264e+000 5.993e+001 7.139e-001-1.203e+001 2.698e+002 1.586e+004 2.732e+001-2.851e+002-3.493e-001-1.671e+001 4.915e-001 8.636e+000-4.140e+001-2.219e+003 2.661e+000 4.354e+002
 1.000e+003 2.930e+000 4.230e+002 2.382e+002 3.879e+003 4.538e+000-1.244e+003 8.375e+003 3.922e+005 6.532e+000-5.326e+003-1.356e+000-1.293e+002 4.318e+000 9.031e+001-2.342e+003-1.019e+005-7.342e-001 3.142e+004
 1.130e+003 2.930e+000 8.790e+002 3.975e+002 7.849e+003 4.194e+001-2.784e+003 1.845e+004 1.081e+006 4.250e+003-3.984e+004-8.486e+001-3.700e+003 4.245e+001 1.292e+003-4.730e+003-2.862e+005 7.019e+002 8.021e+004
 1.250e+003 2.930e+000 6.900e+002 1.564e+002 1.562e+003-4.777e+000-8.353e+002 5.924e+003 3.801e+005 2.165e+002 2.057e+004-3.096e+000 3.468e+002 6.383e+000 1.485e+002-1.815e+003-9.559e+004 9.931e+001 3.833e+004
 1.380e+003 2.930e+000 6.810e+002 1.879e+002 1.639e+003 5.386e-001-7.783e+002 7.986e+003 3.946e+005 1.213e+002-1.041e+004 2.451e+000 6.823e+000 3.537e+000 1.252e+001-2.295e+003-1.123e+005-1.584e+001 3.358e+004
 1.500e+003 2.930e+000 6.900e+001 1.759e+001-1.250e+001 2.692e+000-5.983e+001 1.153e+003 8.382e+004 2.330e+002-4.214e+003-3.023e+000-2.216e+002 1.542e+000 6.021e+001-2.289e+002-1.693e+004 3.390e+001 3.698e+003
 1.630e+003 2.930e+000 6.900e+001 6.761e+000-2.613e+001 2.254e+000-2.304e+001 5.682e+002 5.221e+004 2.091e+002-2.424e+003-1.967e+000-1.900e+002 1.655e+000 5.532e+001-1.248e+002-1.141e+004 3.285e+001 2.649e+003
 1.750e+003 2.930e+000 4.800e+001 4.177e+001 1.099e+002 1.759e+001-1.846e+002 3.779e+003 3.513e+005 1.694e+003-1.434e+004-1.525e+001-1.359e+003 1.369e+001 4.385e+002-8.467e+002-7.911e+004 2.394e+002 1.846e+004
 1.880e+003 2.930e+000 6.900e+001 1.365e+002-1.132e+003 4.221e+001-2.494e+002 1.037e+004 8.336e+005 3.108e+003-3.713e+004-3.271e+001-2.847e+003 2.198e+001 7.721e+002-2.213e+003-1.719e+005 4.596e+002 3.737e+004
 2.000e+003 2.930e+000 6.900e+001 1.314e+002-2.420e+003 3.786e+001 2.567e+001 1.001e+004 8.730e+005 2.555e+003-3.864e+004-2.835e+001-2.915e+003 1.786e+001 6.446e+002-2.127e+003-1.748e+005 4.735e+002 3.681e+004
 2.130e+003 2.930e+000 4.500e+001 2.153e+001-3.723e+002 5.193e+000 3.322e+000 1.589e+003 1.428e+005 3.663e+002-5.955e+003-4.840e+000-4.705e+002 2.708e+000 9.278e+001-3.364e+002-2.845e+004 7.965e+001 5.942e+003
 2.250e+003 2.930e+000 6.600e+001 7.716e+000-1.209e+002 1.664e+000-2.884e+000 5.466e+002 4.610e+004 1.107e+002-1.978e+003-1.571e+000-1.440e+002 8.423e-001 2.773e+001-1.139e+002-9.023e+003 2.413e+001 1.882e+003
 2.380e+003 2.930e+000 6.300e+001 9.707e+000-5.600e+001 1.234e+000-2.391e+001 6.581e+002 5.055e+004 8.566e+001-2.410e+003-2.352e+000-1.543e+002 9.370e-001 2.486e+001-1.315e+002-9.710e+003 2.711e+001 2.007e+003
 2.500e+003 2.930e+000 3.600e+001 1.909e+000-1.934e+001 2.723e-001-2.724e+000 1.103e+002 7.780e+003 1.386e+001-3.747e+002-3.640e-001-2.234e+001 1.461e-001 3.993e+000-2.248e+001-1.491e+003 3.779e+000 3.124e+002
 2.630e+003 2.930e+000 6.600e+001 1.979e+000 1.676e+001 1.511e-001-1.011e+001 1.140e+002 7.636e+003 1.776e+001-3.784e+002-5.995e-001-3.401e+001 2.602e-001 5.473e+000-2.312e+001-1.590e+003 6.559e+000 3.633e+002
 2.750e+003 2.930e+000 6.300e+001 1.926e+000 1.430e+001 4.066e-001-8.312e+000 1.562e+002 1.382e+004 3.898e+001-4.485e+002-4.234e-001-3.143e+001 2.213e-001 8.712e+000-3.089e+001-2.752e+003 5.097e+000 5.731e+002
 2.880e+003 2.930e+000 3.900e+001 5.568e-001 3.228e-001 8.700e-002-1.899e+000 3.151e+001 2.005e+003 5.511e+000-1.036e+002-1.133e-001-6.452e+000 5.399e-002 1.409e+000-6.516e+000-4.063e+002 1.149e+000 9.600e+001
 3.000e+003 2.930e+000 6.900e+001 6.182e+000 9.936e+001 2.540e-001-5.001e+001 2.064e+002 1.089e+004 6.013e+001-5.960e+002-2.093e+000-6.945e+001 9.276e-001 2.410e+001-5.469e+001-3.260e+003 1.958e+001 1.097e+003
 3.130e+003 2.930e+000 5.700e+001 7.739e-001 3.493e+000 6.844e-002-3.512e+000 4.166e+001 2.686e+003 6.333e+000-1.364e+002-1.698e-001-9.967e+000 9.101e-002 1.924e+000-8.509e+000-5.617e+002 2.074e+000 1.381e+002
 3.250e+003 2.930e+000 4.500e+001 1.726e+000 1.085e+001 2.252e-001-7.011e+000 1.112e+002 7.879e+003 1.897e+001-2.459e+002-2.700e-001-1.628e+001 1.469e-001 4.381e+000-2.177e+001-1.551e+003 3.372e+000 3.441e+002
 3.380e+003 2.930e+000 6.600e+001 8.448e+000 7.705e+001-2.168e+000-1.124e+002 3.514e+002 1.806e+004-4.875e+001-3.251e+003-7.139e-001-6.832e+001 1.451e+000-1.225e+001-8.309e+001-4.956e+003 5.209e+001 2.671e+003
 3.500e+003 2.930e+000 7.200e+001 4.848e+001-3.037e+002 7.163e+000-1.303e+002 2.848e+003 1.698e+005 3.477e+002-1.136e+004-1.202e+001-7.538e+002 4.116e+000 1.206e+002-5.964e+002-3.432e+004 1.295e+002 7.713e+003
 3.630e+003 2.930e+000 4.800e+001 1.283e+001-4.543e+001 2.356e+000-3.699e+001 7.682e+002 4.656e+004 1.319e+002-2.770e+003-2.876e+000-1.817e+002 1.126e+000 3.858e+001-1.650e+002-9.823e+003 3.061e+001 2.250e+003
 3.750e+003 2.930e+000 6.900e+001 3.524e+000-5.912e+000 5.182e-001-1.276e+001 2.013e+002 1.212e+004 3.134e+001-7.440e+002-7.130e-001-4.609e+001 3.231e-001 9.040e+000-4.307e+001-2.569e+003 8.355e+000 6.142e+002
 3.880e+003 2.930e+000 6.000e+001 7.515e+000 1.007e+001 7.620e-001-3.613e+001 4.474e+002 2.946e+004 6.157e+001-1.747e+003-1.295e+000-9.735e+001 6.528e-001 1.755e+001-9.965e+001-6.601e+003 2.042e+001 1.674e+003
 4.000e+003 2.930e+000 4.800e+001 2.123e+001 2.530e+002-3.862e+000-2.323e+002 7.260e+002 3.104e+004-1.141e+002-5.458e+003 1.424e-001-7.278e+001 1.192e+000-3.265e+001-1.777e+002-9.649e+003 5.172e+001 4.284e+003
 4.130e+003 2.930e+000 6.600e+001 1.268e+001-1.263e+002 2.171e+000-3.087e+001 8.433e+002 6.126e+004 1.414e+002-3.548e+003-2.282e+000-2.013e+002 1.213e+000 3.940e+001-1.847e+002-1.289e+004 3.712e+001 3.030e+003
 4.250e+003 2.930e+000 7.200e+001 1.968e+001-1.443e+002 3.474e+000-6.423e+001 1.184e+003 7.344e+004 1.766e+002-5.820e+003-5.209e+000-3.477e+002 2.190e+000 6.669e+001-2.787e+002-1.651e+004 6.521e+001 4.214e+003
 4.380e+003 2.930e+000 4.200e+001 2.736e+000-1.938e+001 4.189e-001-8.617e+000 1.603e+002 9.942e+003 2.252e+001-7.394e+002-5.931e-001-4.170e+001 2.627e-001 7.612e+000-3.690e+001-2.181e+003 7.766e+000 5.468e+002
 4.500e+003 2.930e+000 6.900e+001 8.870e+000-4.424e+001 1.003e+000-3.264e+001 5.618e+002 3.710e+004 6.391e+001-2.617e+003-1.770e+000-1.237e+002 6.179e-001 2.232e+001-1.274e+002-8.154e+003 2.383e+001 2.013e+003
 4.630e+003 2.930e+000 6.300e+001 1.362e+000-7.747e-001-6.835e-003-7.534e+000 6.107e+001 3.226e+003 3.153e+000-3.166e+002-1.275e-001-1.023e+001 1.210e-001 1.027e+000-1.482e+001-7.515e+002 2.904e+000 2.310e+002
 4.750e+003 2.930e+000 4.500e+001 2.251e+000 1.516e+001-6.587e-002-1.667e+001 1.128e+002 6.815e+003 8.097e+000-5.707e+002-4.112e-001-2.949e+001 2.508e-001 3.282e+000-2.854e+001-1.747e+003 8.207e+000 5.360e+002
 4.880e+003 2.930e+000 6.600e+001 7.787e+000 6.529e+001-1.701e+000-7.404e+001 2.681e+002 1.119e+004-5.174e+001-1.920e+003-4.651e-001-4.362e+001 6.138e-001-1.101e+001-7.260e+001-3.411e+003 2.425e+001 1.457e+003
 5.000e+003 2.930e+000 6.600e+001 1.014e+002 9.825e+002-2.627e+001-1.021e+003 3.114e+003 1.059e+005-7.838e+002-2.325e+004-1.891e+000-3.176e+002 6.947e+000-1.959e+002-8.327e+002-3.559e+004 2.814e+002 1.715e+004
 5.130e+003 2.930e+000 4.500e+001 3.015e+000 2.761e+001-6.605e-001-2.860e+001 9.671e+001 3.744e+003-1.869e+001-6.842e+002-8.069e-002-1.192e+001 2.140e-001-4.408e+000-2.585e+001-1.183e+003 8.014e+000 5.219e+002
 5.250e+003 2.930e+000 6.600e+001 2.266e+000 1.845e+001-3.797e-001-1.940e+001 7.253e+001 2.622e+003-1.042e+001-4.609e+002-9.626e-002-7.659e+000 1.388e-001-2.234e+000-1.869e+001-7.827e+002 4.821e+000 3.358e+002
 5.380e+003 2.930e+000 6.900e+001 1.027e+000 9.169e+000-9.857e-002-8.671e+000 3.771e+001 1.724e+003-1.071e+000-2.214e+002-1.304e-001-8.386e+000 1.281e-001 3.770e-001-1.021e+001-5.252e+002 3.579e+000 2.119e+002
 5.500e+003 2.930e+000 3.900e+001 4.807e-001 3.926e+000-2.981e-002-3.491e+000 1.614e+001 6.613e+002-3.512e-001-7.922e+001-4.068e-002-2.804e+000 6.638e-002 1.635e-001-4.637e+000-2.105e+002 1.319e+000 8.590e+001
 5.630e+003 2.930e+000 5.100e+001 7.542e-001 1.056e+001 4.294e-003-5.274e+000 3.341e+001 2.041e+003 5.098e+000-7.982e+001-1.586e-001-9.242e+000 1.176e-001 1.758e+000-9.270e+000-5.687e+002 2.941e+000 1.790e+002
 5.750e+003 2.930e+000 5.700e+001 6.784e-001-8.880e-001 6.498e-003-2.542e+000 2.742e+001 1.391e+003 5.446e-001-9.670e+001-7.644e-002-4.851e+000 9.631e-002 4.962e-001-6.816e+000-3.260e+002 1.812e+000 1.029e+002
 5.880e+003 2.930e+000 4.200e+001 6.738e-001 1.719e+000-4.376e-002-3.396e+000 2.237e+001 8.446e+002-1.089e+000-8.593e+001-4.035e-002-2.295e+000 5.496e-002-1.068e-001-6.518e+000-2.459e+002 1.200e+000 9.320e+001
 6.000e+003 2.930e+000 7.200e+001 5.070e+000 4.286e+001-5.800e-001-3.426e+001 1.619e+002 6.409e+003-6.999e+000-5.976e+002-5.978e-001-3.219e+001 3.910e-001-5.713e-001-5.071e+001-2.106e+003 1.316e+001 8.047e+002
 6.130e+003 2.930e+000 4.800e+001 6.726e-001-3.816e-001-1.273e-002-2.800e+000 2.628e+001 1.201e+003 4.055e-001-1.000e+002-1.183e-001-5.958e+000 8.564e-002 5.360e-001-7.454e+000-3.239e+002 2.031e+000 1.108e+002
 6.250e+003 2.930e+000 3.900e+001 6.484e-001 1.216e+000 5.201e-003-2.725e+000 2.467e+001 1.094e+003 4.644e-001-7.707e+001-1.193e-001-5.189e+000 6.813e-002 6.510e-001-6.972e+000-2.986e+002 1.749e+000 1.007e+002
 6.380e+003 2.930e+000 5.400e+001 5.977e-001-2.953e-001 8.746e-003-1.991e+000 2.608e+001 1.337e+003 8.107e-001-8.329e+001-1.454e-001-7.304e+000 1.174e-001 8.357e-001-7.241e+000-3.439e+002 2.409e+000 1.082e+002
 6.500e+003 2.930e+000 5.700e+001 5.091e-001-1.051e-001-2.061e-002-1.908e+000 1.494e+001 5.488e+002-2.118e-001-5.853e+001-2.468e-002-1.586e+000 8.529e-002 3.323e-001-4.793e+000-1.601e+002 9.592e-001 6.782e+001
 6.630e+003 2.930e+000 3.600e+001 8.448e-001-2.569e-001 4.218e-002-2.968e+000 3.620e+001 1.685e+003 2.779e+000-1.206e+002-1.729e-001-8.309e+000 9.616e-002 1.379e+000-1.104e+001-4.999e+002 2.716e+000 1.679e+002
 6.750e+003 2.930e+000 4.500e+001 4.328e-001-4.791e-001-1.044e-002-1.778e+000 1.518e+001 6.329e+002-2.004e-001-6.677e+001-6.366e-002-2.345e+000 8.178e-002 4.282e-001-4.485e+000-1.615e+002 1.060e+000 6.354e+001
 6.880e+003 2.930e+000 5.100e+001 5.702e-001-1.557e+000 2.018e-002-1.505e+000 2.314e+001 1.139e+003 7.899e-001-8.801e+001-5.633e-002-2.900e+000 8.985e-002 6.967e-001-6.302e+000-2.772e+002 1.179e+000 8.932e+001
 7.000e+003 2.930e+000 3.600e+001 2.444e-001 2.771e-001-2.387e-002-1.147e+000 8.079e+000 3.531e+002 1.364e-001-3.224e+001-1.872e-002-7.530e-001 8.328e-002 3.021e-001-2.528e+000-9.700e+001 8.785e-001 4.314e+001
 7.130e+003 2.930e+000 5.400e+001 4.878e-001 8.804e-002 3.426e-002-1.377e+000 1.855e+001 8.940e+002 1.482e+000-5.803e+001-3.953e-002-2.157e+000 1.177e-001 1.028e+000-5.256e+000-2.287e+002 1.012e+000 7.666e+001
 7.250e+003 2.930e+000 5.400e+001 5.441e-001 5.606e-001 3.582e-004-2.233e+000 1.802e+001 7.422e+002 7.479e-001-6.265e+001-1.217e-001-3.954e+000 1.434e-001 9.878e-001-5.718e+000-1.952e+002 2.038e+000 8.386e+001
 7.380e+003 2.930e+000 3.600e+001 4.142e-001 1.043e+000-2.092e-002-1.979e+000 1.265e+001 4.616e+002-8.021e-002-4.765e+001-1.210e-001-3.657e+000 1.168e-001 6.678e-001-4.847e+000-1.574e+002 2.155e+000 7.897e+001
 7.500e+003 2.930e+000 4.500e+001 6.118e-001-1.217e+000-2.727e-002-2.581e+000 2.186e+001 1.000e+003 3.052e-001-9.988e+001-8.954e-002-3.558e+000 1.230e-001 5.192e-001-7.270e+000-2.772e+002 2.049e+000 1.158e+002
 7.630e+003 2.930e+000 5.700e+001 1.220e+000 3.004e+000-1.539e-001-6.344e+000 3.138e+001 9.768e+002-2.203e+000-1.224e+002-2.791e-001-7.003e+000 2.715e-001 7.314e-001-1.372e+001-3.731e+002 5.559e+000 2.200e+002
 7.750e+003 2.930e+000 3.900e+001 1.042e+000 2.359e+000-1.440e-001-5.851e+000 2.682e+001 9.006e+002-1.679e+000-1.199e+002-3.250e-001-7.663e+000 2.531e-001 6.106e-001-1.275e+001-3.449e+002 5.836e+000 2.065e+002
 7.880e+003 2.930e+000 6.900e+001 8.374e+000 2.247e+001-2.058e+000-5.714e+001 1.693e+002 3.887e+003-3.670e+001-9.126e+002-2.209e+000-4.209e+001 1.586e+000-5.737e+000-9.002e+001-1.882e+003 4.360e+001 1.453e+003
 8.000e+003 2.930e+000 7.200e+001 7.759e+001 5.571e+001-2.205e+001-5.849e+002 1.386e+003 2.545e+004-3.732e+002-9.761e+003-3.073e+001-5.540e+002 1.928e+001-4.268e+001-9.782e+002-1.777e+004 5.640e+002 1.691e+004
 8.130e+003 2.930e+000 4.800e+001 2.324e+000 6.108e+000-5.004e-001-1.458e+001 4.530e+001 1.027e+003-7.853e+000-2.112e+002-7.255e-001-1.423e+001 5.240e-001-8.194e-001-2.629e+001-5.422e+002 1.346e+001 4.216e+002
 8.250e+003 2.930e+000 5.700e+001 1.423e+000 3.778e+000-2.888e-001-8.724e+000 2.976e+001 7.484e+002-4.507e+000-1.373e+002-4.015e-001-8.547e+000 3.137e-001-2.865e-001-1.655e+001-3.736e+002 7.586e+000 2.677e+002
 8.380e+003 2.930e+000 5.100e+001 6.101e-001 8.753e-001-8.066e-002-3.826e+000 1.414e+001 5.079e+002-4.497e-001-8.074e+001-2.014e-001-4.950e+000 2.251e-001 1.583e+000-6.583e+000-1.880e+002 4.137e+000 1.307e+002
 8.500e+003 2.930e+000 4.200e+001 2.951e-001 1.276e+000-2.491e-002-1.882e+000 5.962e+000 2.044e+002 7.861e-001-1.554e+001-1.097e-001-1.511e+000 1.761e-001 1.216e+000-3.260e+000-7.501e+001 2.128e+000 6.479e+001
 8.630e+003 2.930e+000 5.400e+001 3.367e-001-2.900e-001-3.357e-002-1.736e+000 9.159e+000 3.481e+002-1.108e+000-5.489e+001-5.798e-002-2.086e+000 1.504e-001 5.325e-001-3.575e+000-1.096e+002 1.879e+000 7.198e+001
 8.750e+003 2.930e+000 5.400e+001 2.931e-001 1.488e+000-5.030e-002-1.963e+000 6.978e+000 2.305e+002-8.223e-001-2.935e+001-8.991e-002-1.615e+000 1.638e-001 7.992e-001-2.891e+000-7.533e+001 2.029e+000 5.973e+001
 8.880e+003 2.930e+000 3.000e+001 1.590e-001 5.189e-001-2.420e-002-8.590e-001 3.974e+000 1.299e+002-5.600e-001-1.699e+001-3.650e-002-1.147e+000 8.837e-002 4.650e-001-1.478e+000-4.449e+001 1.215e+000 3.327e+001
 9.000e+003 2.930e+000 4.800e+001 2.791e-001 6.722e-001-7.842e-003-8.846e-001 7.274e+000 2.688e+002 2.117e-001-1.081e+001-3.113e-002-1.220e-001 1.350e-001 7.795e-001-2.692e+000-8.289e+001 1.384e+000 5.077e+001
 9.130e+003 2.930e+000 6.000e+001 3.323e-001 2.406e+000-1.694e-002-1.244e+000 7.140e+000 2.326e+002-1.184e-001-1.345e+000-3.926e-002-8.525e-001 1.589e-001 9.597e-001-2.908e+000-7.651e+001 1.419e+000 5.424e+001
 9.250e+003 2.930e+000 3.600e+001 1.820e-001 7.145e-001 5.674e-003-2.170e-001 4.530e+000 1.583e+002 2.311e-001 8.718e+000 7.533e-003 4.180e-002 9.869e-002 5.755e-001-1.427e+000-4.170e+001 8.535e-001 2.999e+001
 9.380e+003 2.930e+000 5.100e+001 3.560e-001 1.378e+000 1.113e-002-7.084e-001 9.990e+000 3.475e+002 4.374e-001-3.036e+000-4.101e-002-7.571e-001 1.241e-001 8.261e-001-3.377e+000-1.026e+002 1.334e+000 5.666e+001
 9.500e+003 2.930e+000 3.900e+001 3.624e-001 2.746e+000 4.374e-003-8.570e-001 1.091e+001 4.018e+002 5.620e-001 7.758e+000-7.357e-002-2.290e+000 1.273e-001 9.160e-001-4.175e+000-1.399e+002 1.700e+000 6.980e+001
 9.630e+003 2.930e+000 3.900e+001 3.991e-001 2.768e+000 4.003e-002-5.551e-001 9.145e+000 2.745e+002 8.365e-001 1.583e+001-5.130e-002-4.899e-001 1.239e-001 1.144e+000-3.689e+000-8.416e+001 1.296e+000 5.498e+001
 9.750e+003 2.930e+000 4.800e+001 5.863e-001 4.985e+000 8.437e-002-2.099e-002 1.314e+001 3.837e+002 1.960e+000 4.407e+001-3.514e-002 3.983e-001 1.804e-001 1.606e+000-4.955e+000-1.075e+002 1.891e+000 6.939e+001
 9.880e+003 2.930e+000 6.900e+001 7.126e+000 7.222e+001 1.355e+000 1.747e+000 1.574e+002 4.404e+003 3.291e+001 6.531e+002-3.501e-001 6.062e+000 5.640e-001 1.326e+001-6.136e+001-1.350e+003 5.922e+000 5.750e+002
 1.000e+004 2.930e+000 2.580e+002 1.356e+001 1.358e+002 2.624e+000 5.384e+000 2.869e+002 7.773e+003 6.094e+001 1.298e+003-5.185e-001 1.706e+001 1.538e+000 2.728e+001-1.139e+002-2.359e+003 1.430e+001 1.111e+003
 1.130e+004 2.930e+000 3.840e+002 1.397e+000 5.332e+000-6.236e-002-3.836e+000 3.269e+001 1.063e+003-5.640e-001-1.321e+001-2.041e-001-3.190e+000 1.170e+000 6.659e+000-1.063e+001-2.609e+002 1.101e+001 2.538e+002
 1.250e+004 2.930e+000 3.870e+002 1.225e+000 1.845e+000 7.672e-003-3.435e+000 2.826e+001 9.239e+002 2.587e-001-1.167e+001-2.429e-001-1.619e+000 1.321e+000 8.633e+000-9.535e+000-2.028e+002 1.262e+001 2.792e+002
 1.380e+004 2.930e+000 3.900e+002 1.200e+000 2.500e+000-4.887e-002-2.891e+000 3.047e+001 1.059e+003-1.811e+000-3.514e+001-1.690e-001-2.778e+000 1.316e+000 8.179e+000-7.695e+000-2.036e+002 1.219e+001 2.483e+002
 1.500e+004 2.930e+000 4.290e+002 5.782e+000 3.576e+001 8.284e-001 2.409e+000 1.251e+002 3.234e+003 1.157e+001 2.328e+002 5.902e-001 2.029e+001 1.594e+000 1.288e+001-2.748e+001-5.622e+002 9.054e+000 3.300e+002
 1.630e+004 2.930e+000 3.330e+002 1.784e+000 5.824e+000 4.869e-002 3.448e-001 2.796e+001 1.096e+003 1.405e+001 2.293e+002 1.101e-001 9.992e+000 1.447e+000 1.447e+001-4.992e+000-2.746e+002 1.045e+001 3.153e+002
 1.750e+004 2.930e+000 3.390e+002 1.882e+000 1.026e+001-9.783e-002-8.066e+000 1.738e+001 3.322e+002 5.420e+000 2.854e+001-8.825e-001-8.929e+000 1.232e+000 7.352e+000-1.393e+001-2.104e+002 1.404e+001 2.669e+002
 1.880e+004 2.930e+000 3.810e+002 4.935e+000 3.467e+001-3.687e-001-2.966e+001 4.249e+001 7.783e+002 1.272e+001 1.181e+001-2.459e+000-2.394e+001 2.320e+000 1.742e+001-3.819e+001-5.766e+002 3.104e+001 6.464e+002
 2.000e+004 2.930e+000 6.030e+002 2.276e+000-7.446e+001-1.527e+001-1.938e+002 5.952e+001 6.270e+003-8.329e+002-4.083e+003-4.808e+000 6.931e+002 1.970e+002 1.345e+003 4.805e+001 1.298e+004 2.094e+003 3.157e+004
 2.130e+004 2.930e+000 4.500e+002 5.144e-001-1.394e+000-3.746e-001-5.261e+000 4.998e+000 2.119e+002-1.903e+001-1.243e+002-1.745e-001 1.095e+001 4.355e+000 2.870e+001-2.178e-001 2.316e+002 4.454e+001 6.938e+002
 2.250e+004 2.930e+000 2.850e+002 1.632e+000 1.285e+001-3.600e-002-8.695e+000 1.174e+001 2.495e+002 7.877e+000 5.700e+001-9.858e-001-8.006e+000 1.101e+000 7.060e+000-1.464e+001-1.948e+002 1.288e+001 2.397e+002
 2.380e+004 2.930e+000 4.260e+002 2.161e+001 1.944e+002-2.632e+000-1.054e+002 4.451e+002 1.105e+004 3.221e+001 5.418e+002-9.695e+000-2.261e+002 5.204e+000 1.191e+001-3.014e+002-7.229e+003 1.525e+002 4.810e+003
 2.500e+004 2.930e+000 3.360e+002 5.112e+000 3.587e+001-9.376e-001-4.971e+001 3.458e+001 5.455e+002 3.226e+001 1.211e+002-5.399e+000-4.306e+001 6.417e+000 4.286e+001-6.366e+001-7.972e+002 7.997e+001 1.330e+003
 2.630e+004 2.930e+000 1.200e+002 9.620e-002-7.814e-001 1.460e-002 5.504e-001-9.646e+000 2.980e+003-2.571e+000-2.315e+002 5.257e-003-3.974e+000 8.485e-002 1.087e+000-2.577e+000 7.031e+002-3.862e-001 1.914e+002
 2.750e+004 2.930e+000 1.320e+002 1.252e-001 3.841e-001 1.771e-002 3.342e-001 1.022e+000 1.982e+001 2.063e-002 5.570e+000 1.673e-002 7.083e-002 6.881e-002 1.530e-001-4.540e-001-3.582e+000 1.444e-001 5.614e+000
 2.880e+004 2.930e+000 6.300e+001 3.006e-002 6.827e-002 5.995e-003-1.342e-002 1.680e-001 2.958e+000 1.416e-002 3.552e-001-2.426e-003-2.822e-002 3.345e-002 3.295e-002-8.545e-002-1.016e+000 5.202e-002 1.054e+000
 3.000e+004 2.930e+000 1.350e+002 3.665e-001 1.658e+000-7.297e-002-1.522e+000 4.572e+000 7.504e+001-5.099e-001-6.177e+000-1.063e-001-1.959e+000 1.077e-001-1.476e-001-2.993e+000-5.003e+001 1.486e+000 3.621e+001
 3.130e+004 2.930e+000 9.900e+001 2.179e-001-1.038e+000 3.928e-002 1.425e-001 3.911e+000 8.784e+001 6.459e-001-5.205e+000-2.523e-002-8.214e-001 5.556e-002 3.266e-001-1.474e+000-3.081e+001 3.160e-001 1.217e+001
 3.250e+004 2.930e+000 1.950e+002 4.612e-001-2.204e+000 6.292e-002 2.679e-001 8.527e+000 1.897e+002 8.821e-001-1.181e+001-6.296e-002-1.647e+000 9.072e-002 4.577e-001-3.235e+000-6.813e+001 6.384e-001 2.665e+001
 3.380e+004 2.930e+000 9.000e+001 2.352e-002 2.828e-002-8.592e-005-1.725e-002 7.317e-002 1.830e+000 8.824e-003-4.548e-002 1.771e-003-2.892e-002 3.824e-002 1.311e-002-2.520e-002-4.745e-001 3.272e-002 3.730e-001
 3.500e+004 2.930e+000 9.300e+001 2.271e-002 3.208e-002 2.999e-004-2.222e-002 5.673e-002 1.221e+000-3.671e-003-5.534e-002-3.171e-003-5.570e-002 2.793e-002 8.350e-003-3.289e-002-4.442e-001 5.377e-002 4.830e-001
 3.630e+004 2.930e+000 9.000e+001 2.372e-002 3.411e-002 1.613e-003-2.826e-002 3.838e-002 1.249e+000-6.355e-002-1.003e+000-1.087e-003-4.967e-002 3.590e-002 3.846e-002-3.901e-002-5.820e-001 2.169e-001 3.051e+000
 3.750e+004 2.930e+000 4.800e+001 1.017e-002 2.916e-003 2.705e-003-1.509e-003 2.334e-002 4.779e-001-1.048e-003-2.544e-002 1.272e-003-2.881e-003 1.029e-002 3.057e-003-3.926e-003-7.913e-002-2.912e-003 7.360e-002
 3.880e+004 2.930e+000 5.100e+001 7.585e-003 4.984e-003-7.245e-005-5.565e-003 3.408e-002 5.785e-001-1.073e-002-6.925e-002 8.273e-004-1.117e-002 1.157e-002 4.325e-003-1.431e-002-2.257e-001 9.558e-003 1.802e-001
 4.000e+004 2.930e+000 3.600e+002 1.240e+000 2.459e+000-9.802e-002-3.319e+000 2.296e+001 4.503e+002-1.215e+000-4.084e+001-3.459e-001-7.074e+000 2.121e-001 6.278e-002-1.144e+001-2.283e+002 3.750e+000 1.205e+002
 4.130e+004 2.930e+000 9.600e+001 1.713e-002 2.110e-002 5.598e-004-1.077e-002 5.220e-002 8.581e-001-1.025e-002-7.336e-002 1.425e-003-1.236e-002 2.229e-002 2.125e-003-1.953e-002-3.019e-001 2.167e-002 2.117e-001
 4.250e+004 2.930e+000 4.500e+001 7.660e-003 1.250e-002 1.546e-003-1.187e-003 1.529e-002 2.779e-001 1.081e-004-1.952e-002-7.882e-004-7.417e-003 8.404e-003 6.717e-004-2.552e-003-5.160e-002 6.342e-003 4.451e-002
 4.380e+004 2.930e+000 9.000e+001 1.654e-002 1.285e-002 1.950e-003-5.332e-003 2.464e-002 2.787e-001 1.766e-004-4.429e-002 1.062e-003-2.780e-004 2.052e-002 6.670e-003-3.604e-003-3.212e-002 4.139e-003 7.012e-002
 4.500e+004 2.930e+000 7.200e+001 1.248e-002 1.499e-002-4.649e-004-6.668e-003 3.982e-002 4.740e-001-6.407e-003 1.028e-002 1.083e-004-1.391e-002 1.429e-002-2.972e-003-1.865e-002-2.419e-001 1.854e-002 2.048e-001
 4.630e+004 2.930e+000 6.300e+001 1.035e-002 3.239e-003 1.142e-003-3.946e-005 2.792e-002 3.807e-001-7.382e-003-8.119e-003-5.839e-004-1.632e-002 1.284e-002 1.399e-003-1.085e-002-1.038e-001 7.185e-003 6.187e-002
 4.750e+004 2.930e+000 2.730e+002 6.228e-001 6.318e-002-6.831e-003-6.485e-002 1.225e+001 2.536e+002-2.215e-001-1.039e+000-1.385e-001-2.930e+000 7.680e-002-4.314e-002-3.108e+000-6.428e+001 7.562e-001 1.655e+001
 4.880e+004 2.930e+000 1.320e+002 1.434e-001-1.835e-001 4.252e-003 1.021e-002 2.662e+000 5.534e+001-1.740e-002-6.258e-001-3.278e-002-6.851e-001 2.864e-002 5.608e-003-6.033e-001-1.248e+001 1.582e-001 2.889e+000
 5.000e+004 2.930e+000 9.600e+001 1.146e-002 1.831e-003-3.515e-004-8.695e-004 2.537e-002 3.370e-001-1.161e-003-1.850e-002 1.497e-005-5.247e-003 1.356e-002 2.109e-003-6.490e-003-6.933e-002 5.676e-003 4.661e-002
 5.130e+004 2.930e+000 7.200e+001 9.193e-003 6.075e-003 1.870e-003-1.596e-003 8.456e-004 1.158e-001 8.323e-003-7.339e-003 1.149e-003 3.926e-003 9.083e-003 8.035e-004 1.722e-004-1.064e-002-7.450e-004 1.737e-002
 5.250e+004 2.930e+000 4.500e+001 5.243e-003 2.655e-003 1.122e-003 8.557e-004 5.895e-003 8.960e-002-4.055e-003-7.517e-003 1.094e-003 3.497e-003 7.157e-003 1.517e-003-1.032e-004-4.565e-003 1.624e-003 9.491e-003
 5.380e+004 2.930e+000 6.300e+001 7.183e-003 1.420e-002 3.970e-004 6.428e-003 8.644e-003 2.981e-001-1.056e-002 2.156e-002 5.959e-004 1.389e-002 8.992e-003 6.144e-003 5.857e-005 6.955e-002 3.477e-003 5.599e-002
 5.500e+004 2.930e+000 6.000e+001 4.872e-003-4.009e-005-4.947e-005-3.023e-003 9.050e-003 1.513e-001-5.730e-003-4.242e-002 4.893e-004-1.197e-003 8.215e-003-2.675e-004-1.078e-004-3.106e-003 2.754e-003 2.727e-002
 5.630e+004 2.930e+000 1.020e+002 2.517e-002-1.990e-001-8.323e-003-2.335e-001 3.129e-001 8.785e+000-2.078e-001-6.119e+000-5.124e-004 8.188e-002 1.691e-002-4.670e-002-1.186e-001 6.534e-001 1.521e-001 4.442e+000
 5.750e+004 2.930e+000 5.400e+001 3.728e-003 1.206e-003 3.756e-004-1.447e-003 2.453e-003 4.731e-002 7.917e-004-3.277e-003-7.526e-005-4.860e-003 6.006e-003 8.621e-004-1.069e-003-8.026e-003 1.682e-003 8.346e-003
 5.880e+004 2.930e+000 6.900e+001 4.828e-003 1.305e-003 8.971e-004-5.359e-004 5.489e-003 6.053e-002 3.931e-003-2.913e-003-3.714e-004 1.950e-003 6.870e-003 8.893e-004-1.364e-003-9.957e-003-5.707e-004 7.012e-003
 6.000e+004 2.930e+000 6.300e+001 4.915e-003-7.488e-005 4.213e-004 1.405e-003 6.561e-003 6.342e-002 2.201e-003 2.372e-002 1.171e-004-5.254e-003 8.355e-003 1.764e-003-2.362e-003-2.486e-002 1.220e-002 7.803e-002
 6.130e+004 2.930e+000 6.300e+001 4.195e-003 2.884e-003 2.258e-004-1.174e-003 4.077e-003 3.972e-002-1.967e-004-4.213e-003 2.659e-004-1.507e-003 5.845e-003 8.304e-004-3.067e-004-7.281e-003 1.291e-003 5.887e-003
 6.250e+004 2.930e+000 7.200e+001 3.967e-003 3.018e-003-4.482e-004-6.460e-004 3.614e-003 7.306e-002-7.003e-004-1.064e-002-4.769e-004-2.891e-003 6.647e-003 1.177e-003-3.012e-004-1.449e-002 1.662e-003 1.283e-002
 6.380e+004 2.930e+000 1.320e+002 6.334e-002-1.840e-001-6.259e-003-1.240e-001 9.976e-001 1.832e+001-1.812e-001-3.668e+000-1.730e-002-2.918e-001 1.885e-002-2.012e-002-4.589e-001-7.737e+000 1.646e-001 4.062e+000
 6.500e+004 2.930e+000 6.300e+001 3.928e-003-2.078e-003 2.603e-004 3.879e-004 9.570e-003 8.844e-002 5.849e-004-4.775e-003 3.460e-004 1.730e-003 4.881e-003 1.078e-003-3.016e-003-2.199e-002-2.718e-005 2.194e-002
 6.630e+004 2.930e+000 8.100e+001 3.935e-003 2.022e-003 4.573e-004-4.468e-004 3.619e-003 3.878e-002 1.072e-003-2.379e-005 4.940e-004-1.784e-005 6.105e-003 1.266e-003-5.017e-004-6.197e-003 9.347e-004 1.392e-002
 6.750e+004 2.930e+000 8.100e+001 4.239e-003 4.763e-004 4.810e-004-2.459e-003 2.981e-003 4.035e-002-8.320e-004-1.314e-002-5.668e-005 6.141e-004 6.765e-003 4.627e-003-2.286e-003-3.079e-003 4.942e-003 6.397e-002
 6.880e+004 2.930e+000 2.370e+002 4.650e-002-2.067e-001-5.890e-003-9.427e-001-1.564e-001 2.262e+000-7.902e-001-1.636e+000-1.318e-001 6.633e-001 5.254e-001 3.460e+000-9.727e-001 1.048e+001 3.962e+000 5.397e+001
 7.000e+004 2.930e+000 6.900e+001 3.364e-003 3.086e-003-5.226e-005-1.226e-003 3.190e-003 2.970e-002 3.522e-004-4.838e-004 7.541e-005-1.896e-004 3.724e-003 1.592e-003-1.300e-003-4.906e-003 2.238e-003 1.424e-002
 7.130e+004 2.930e+000 8.100e+001 3.310e-003 1.442e-003-3.832e-004-1.238e-003 1.086e-002 2.073e-001-1.285e-003-2.185e-002-7.947e-006-5.573e-003 4.718e-003 5.776e-005-1.095e-003-1.563e-002 9.510e-005 1.010e-002
 7.250e+004 2.930e+000 6.900e+001 4.835e-003 4.621e-003-8.789e-004-8.741e-003 4.277e-002 8.683e-001-1.898e-002-1.584e-001 8.352e-004 2.988e-003 4.121e-003-3.208e-003-5.607e-003-1.147e-001 3.320e-003 4.951e-002
 7.380e+004 2.930e+000 6.300e+001 2.313e-003 1.296e-003 2.368e-004 2.510e-004 3.063e-003 2.867e-002 6.216e-004 9.369e-004 2.807e-004-7.445e-004 3.807e-003 5.737e-005-7.859e-005-2.099e-003 4.981e-004 3.501e-003
 7.500e+004 2.930e+000 9.600e+001 3.372e-003 1.455e-003-3.527e-005-9.526e-005 1.450e-003 3.039e-002 9.309e-004 1.829e-003-1.179e-004-2.662e-003 5.128e-003 8.551e-004-8.358e-004-5.947e-003 1.841e-003 6.632e-003
 7.630e+004 2.930e+000 8.400e+001 3.407e-003 2.752e-003 6.270e-004-6.813e-004 4.164e-003 4.225e-002 8.635e-004-4.302e-006-1.875e-004-7.556e-004 4.190e-003 4.247e-004-5.376e-004-5.615e-003 5.456e-004 4.712e-003
 7.750e+004 2.930e+000 4.500e+001 1.741e-003 1.683e-003-2.221e-005-2.812e-004 1.519e-003 1.457e-002 3.045e-004-6.623e-004-1.152e-004 3.830e-004 1.433e-003 9.893e-005 2.126e-004-1.547e-003-9.150e-005 1.546e-003
 7.880e+004 2.930e+000 8.100e+001 2.674e-003 1.159e-003-7.019e-005-3.194e-004 4.293e-003 3.659e-002 7.079e-006 1.807e-006 1.986e-004-4.180e-004 2.758e-003 2.955e-004-7.520e-004-7.188e-003 1.343e-004 3.922e-003
 8.000e+004 2.930e+000 5.100e+001 1.549e-003-9.271e-004-1.680e-004-5.376e-004 6.074e-003 1.209e-001-9.998e-005-1.932e-002-1.097e-004-2.001e-003 1.744e-003 5.972e-004-8.516e-004-8.548e-003 1.560e-004 9.009e-003
 8.130e+004 2.930e+000 6.600e+001 2.384e-003 1.280e-003-1.060e-004-2.581e-004 2.393e-003 2.154e-002-3.404e-004-4.279e-004 1.832e-004-1.092e-003 1.943e-003-7.649e-005-3.380e-004-3.172e-003 7.762e-004 2.745e-003
 8.250e+004 2.930e+000 4.800e+001 1.167e-003 8.302e-004 1.776e-004-1.914e-004 1.676e-003 1.930e-002 2.348e-004 0.000e+000 1.222e-004 5.689e-004 1.872e-003 2.180e-005-1.535e-004-1.039e-003-3.630e-004 2.078e-003
 8.380e+004 2.930e+000 4.800e+001 1.091e-003 7.755e-004 1.510e-004-1.330e-004 1.012e-003 1.088e-002-1.965e-004 0.000e+000-1.737e-005-4.832e-004 1.664e-003 3.004e-004-2.561e-004-2.665e-003 4.003e-004 2.458e-003
 8.500e+004 2.930e+000 6.900e+001 1.683e-003 1.073e-003 2.395e-004-1.145e-004 1.995e-003 1.896e-002 4.542e-004-6.120e-004 1.632e-004-1.012e-004 2.400e-003 1.104e-003-3.358e-004-2.822e-003 2.839e-003 1.711e-002
 8.630e+004 2.930e+000 1.050e+002 2.467e-003 1.842e-003-5.288e-005-1.223e-003 9.340e-004 3.876e-002-8.578e-004-5.953e-003 1.536e-004 7.362e-004 3.797e-003 2.202e-003 9.666e-005 2.982e-003 8.794e-003 5.114e-002
 8.750e+004 2.930e+000 7.200e+001 1.877e-003 4.624e-004 9.107e-005 1.639e-004 3.825e-003 3.963e-002 1.828e-003 7.253e-003 4.086e-004 3.890e-003 2.701e-003 1.593e-003 9.708e-004 9.866e-003 6.122e-003 4.696e-002
 8.880e+004 2.930e+000 1.350e+002 2.804e-003 3.264e-003-1.169e-004-1.741e-003 5.403e-003 9.893e-002 4.421e-003 2.163e-002-5.932e-004-3.913e-003 4.124e-003 5.775e-003-2.965e-003-3.253e-002 8.736e-003 9.009e-002
 9.000e+004 2.930e+000 1.440e+002 3.620e-003 4.699e-003-1.595e-004-9.695e-003 1.088e-002 1.742e-001-1.404e-003-4.813e-002-1.249e-003-4.442e-003 6.270e-003 1.243e-002-1.124e-002-4.201e-002 3.725e-002 4.276e-001
 9.130e+004 2.930e+000 2.340e+002 6.580e-003 3.370e-004-1.191e-003-1.947e-002 2.300e-002 5.968e-001-3.418e-002-2.246e-001-1.979e-003 3.031e-002 1.708e-002 4.622e-002-1.544e-002 4.029e-001 1.311e-001 1.477e+000
 9.250e+004 2.930e+000 2.190e+002 7.301e-003 2.441e-002 1.713e-003 1.414e-002 5.340e-002 1.048e+000 9.214e-003 2.198e-001 1.305e-003 5.933e-002 1.407e-002 2.828e-002 2.839e-003 3.813e-001 7.739e-002 7.228e-001
 9.380e+004 2.930e+000 1.440e+002 4.577e-003 8.955e-003 6.435e-004-1.124e-003 3.065e-002 4.924e-001 6.345e-003 1.357e-002-4.929e-004 5.002e-003 4.716e-003 9.339e-003-6.410e-003-1.005e-002 1.555e-002 1.631e-001
 9.500e+004 2.930e+000 1.920e+002 4.464e-003 1.160e-003-1.345e-003-1.733e-002 8.576e-003 1.391e-001-1.130e-002-1.098e-001-2.198e-003-7.797e-003 9.586e-003 2.498e-002-1.396e-002-2.443e-002 5.139e-002 5.240e-001
 9.630e+004 2.930e+000 0.000e+000 0.000e+000 0.000e+000 0.000e+000 0.000e+000 0.000e+000 0.000e+000 0.000e+000 0.000e+000 0.000e+000 0.000e+000 0.000e+000 0.000e+000 0.000e+000 0.000e+000 0.000e+000 0.000e+000
 9.750e+004 2.930e+000 0.000e+000 0.000e+000 0.000e+000 0.000e+000 0.000e+000 0.000e+000 0.000e+000 0.000e+000 0.000e+000 0.000e+000 0.000e+000 0.000e+000 0.000e+000 0.000e+000 0.000e+000 0.000e+000 0.000e+000
 9.880e+004 2.930e+000 0.000e+000 0.000e+000 0.000e+000 0.000e+000 0.000e+000 0.000e+000 0.000e+000 0.000e+000 0.000e+000 0.000e+000 0.000e+000 0.000e+000 0.000e+000 0.000e+000 0.000e+000 0.000e+000 0.000e+000
 1.000e+005 2.930e+000 0.000e+000 0.000e+000 0.000e+000 0.000e+000 0.000e+000 0.000e+000 0.000e+000 0.000e+000 0.000e+000 0.000e+000 0.000e+000 0.000e+000 0.000e+000 0.000e+000 0.000e+000 0.000e+000 0.000e+000
