 6.250e+000 2.930e+000 0.000e+000 0.000e+000 0.000e+000 0.000e+000 0.000e+000 0.000e+000 0.000e+000 0.000e+000 0.000e+000 0.000e+000 0.000e+000 0.000e+000 0.000e+000 0.000e+000 0.000e+000 0.000e+000 0.000e+000
 7.500e+000 2.930e+000 0.000e+000 0.000e+000 0.000e+000 0.000e+000 0.000e+000 0.000e+000 0.000e+000 0.000e+000 0.000e+000 0.000e+000 0.000e+000 0.000e+000 0.000e+000 0.000e+000 0.000e+000 0.000e+000 0.000e+000
 8.750e+000 2.930e+000 0.000e+000 0.000e+000 0.000e+000 0.000e+000 0.000e+000 0.000e+000 0.000e+000 0.000e+000 0.000e+000 0.000e+000 0.000e+000 0.000e+000 0.000e+000 0.000e+000 0.000e+000 0.000e+000 0.000e+000
 1.000e+001 2.930e+000 0.000e+000 0.000e+000 0.000e+000 0.000e+000 0.000e+000 0.000e+000 0.000e+000 0.000e+000 0.000e+000 0.000e+000 0.000e+000 0.000e+000 0.000e+000 0.000e+000 0.000e+000 0.000e+000 0.000e+000
 1.130e+001 2.930e+000 2.400e+001 6.845e+001 7.344e+002 3.151e+000 7.261e+001 4.119e+002 6.648e+004-3.012e+002-5.164e+002 1.610e+001 4.335e+001 4.861e+001-1.564e+002 6.346e+001 8.877e+003-1.630e+002 5.709e+003
 1.250e+001 2.930e+000 0.000e+000 0.000e+000 0.000e+000 0.000e+000 0.000e+000 0.000e+000 0.000e+000 0.000e+000 0.000e+000 0.000e+000 0.000e+000 0.000e+000 0.000e+000 0.000e+000 0.000e+000 0.000e+000 0.000e+000
 1.380e+001 2.930e+000 0.000e+000 0.000e+000 0.000e+000 0.000e+000 0.000e+000 0.000e+000 0.000e+000 0.000e+000 0.000e+000 0.000e+000 0.000e+000 0.000e+000 0.000e+000 0.000e+000 0.000e+000 0.000e+000 0.000e+000
 1.500e+001 2.930e+000 2.400e+001 6.807e+001 9.791e+002-1.085e+001 1.207e+002 4.319e+002 7.175e+004-4.786e+002-3.277e+003 2.642e+001 3.544e+002 5.060e+001-1.218e+002 8.437e+001 1.162e+004 7.132e+000 6.016e+003
 1.630e+001 2.930e+000 0.000e+000 0.000e+000 0.000e+000 0.000e+000 0.000e+000 0.000e+000 0.000e+000 0.000e+000 0.000e+000 0.000e+000 0.000e+000 0.000e+000 0.000e+000 0.000e+000 0.000e+000 0.000e+000 0.000e+000
 1.750e+001 2.930e+000 2.400e+001 5.927e+001 7.485e+002 2.844e+000 1.522e+002 6.968e+002 5.840e+004-6.350e+001-3.226e+003 1.705e+001 2.808e+002 4.674e+001-6.938e+001 1.773e+002 1.381e+004-6.225e+001 5.721e+003
 1.880e+001 2.930e+000 0.000e+000 0.000e+000 0.000e+000 0.000e+000 0.000e+000 0.000e+000 0.000e+000 0.000e+000 0.000e+000 0.000e+000 0.000e+000 0.000e+000 0.000e+000 0.000e+000 0.000e+000 0.000e+000 0.000e+000
 2.000e+001 2.930e+000 2.400e+001 7.144e+001 3.723e+002-2.627e+000-5.760e+001 1.280e+003 5.251e+004-1.340e+002-1.969e+003 3.130e+001 5.987e+002 5.502e+001-1.101e+002 1.858e+002 7.924e+003 8.491e+001 2.536e+003
 2.130e+001 2.930e+000 0.000e+000 0.000e+000 0.000e+000 0.000e+000 0.000e+000 0.000e+000 0.000e+000 0.000e+000 0.000e+000 0.000e+000 0.000e+000 0.000e+000 0.000e+000 0.000e+000 0.000e+000 0.000e+000 0.000e+000
 2.250e+001 2.930e+000 0.000e+000 0.000e+000 0.000e+000 0.000e+000 0.000e+000 0.000e+000 0.000e+000 0.000e+000 0.000e+000 0.000e+000 0.000e+000 0.000e+000 0.000e+000 0.000e+000 0.000e+000 0.000e+000 0.000e+000
 2.380e+001 2.930e+000 2.400e+001 6.018e+001 2.074e+002 7.520e+000-2.943e+001 9.028e+002 2.723e+004-1.213e+001-1.097e+003 8.768e+000 2.761e+002 5.773e+001-1.120e+002 3.111e+002 6.345e+003 9.232e-002 2.997e+003
 2.500e+001 2.930e+000 0.000e+000 0.000e+000 0.000e+000 0.000e+000 0.000e+000 0.000e+000 0.000e+000 0.000e+000 0.000e+000 0.000e+000 0.000e+000 0.000e+000 0.000e+000 0.000e+000 0.000e+000 0.000e+000 0.000e+000
 2.630e+001 2.930e+000 2.400e+001 8.422e+001 4.296e+002 2.417e+001-3.896e+001 9.973e+002 4.786e+004 3.965e+002-2.917e+003 1.846e+001 2.317e+002 6.163e+001-2.054e+002 2.334e+002 8.672e+003-1.433e+002 4.539e+003
 2.750e+001 2.930e+000 0.000e+000 0.000e+000 0.000e+000 0.000e+000 0.000e+000 0.000e+000 0.000e+000 0.000e+000 0.000e+000 0.000e+000 0.000e+000 0.000e+000 0.000e+000 0.000e+000 0.000e+000 0.000e+000 0.000e+000
 2.880e+001 2.930e+000 2.400e+001 7.902e+001-3.116e+002 9.792e+000-1.556e+002 8.890e+002 4.315e+004 8.916e+001-1.703e+003 1.454e+001-1.298e+002 5.386e+001-1.284e+002 1.880e+002 8.961e+003-9.624e+001 3.119e+003
 3.000e+001 2.930e+000 0.000e+000 0.000e+000 0.000e+000 0.000e+000 0.000e+000 0.000e+000 0.000e+000 0.000e+000 0.000e+000 0.000e+000 0.000e+000 0.000e+000 0.000e+000 0.000e+000 0.000e+000 0.000e+000 0.000e+000
 3.130e+001 2.930e+000 0.000e+000 0.000e+000 0.000e+000 0.000e+000 0.000e+000 0.000e+000 0.000e+000 0.000e+000 0.000e+000 0.000e+000 0.000e+000 0.000e+000 0.000e+000 0.000e+000 0.000e+000 0.000e+000 0.000e+000
 3.250e+001 2.930e+000 2.400e+001 8.734e+001-1.732e+002-9.010e+000-1.209e+002 9.109e+002 4.468e+004-1.033e+002-1.055e+003 3.082e+001 3.359e+001 3.623e+001-1.603e+001 2.184e+002 1.048e+004 1.114e+001 3.447e+003
 3.380e+001 2.930e+000 0.000e+000 0.000e+000 0.000e+000 0.000e+000 0.000e+000 0.000e+000 0.000e+000 0.000e+000 0.000e+000 0.000e+000 0.000e+000 0.000e+000 0.000e+000 0.000e+000 0.000e+000 0.000e+000 0.000e+000
 3.500e+001 2.930e+000 2.100e+001 9.603e+001 1.569e+002-1.703e+000-1.194e+002 1.316e+003 5.534e+004-2.323e+001-2.464e+003 3.190e+001-2.762e+001 5.183e+001-1.395e+002 1.909e+002 1.234e+004-1.287e+002 4.060e+003
 3.630e+001 2.930e+000 0.000e+000 0.000e+000 0.000e+000 0.000e+000 0.000e+000 0.000e+000 0.000e+000 0.000e+000 0.000e+000 0.000e+000 0.000e+000 0.000e+000 0.000e+000 0.000e+000 0.000e+000 0.000e+000 0.000e+000
 3.750e+001 2.930e+000 2.400e+001 2.082e+002 1.320e+003-1.665e+001 3.446e+001 2.470e+003 1.110e+005-7.367e+002-4.229e+003 7.629e+001 5.242e+002 6.812e+001 5.792e+001 6.524e+002 2.412e+004 1.342e+002 6.604e+003
 3.880e+001 2.930e+000 0.000e+000 0.000e+000 0.000e+000 0.000e+000 0.000e+000 0.000e+000 0.000e+000 0.000e+000 0.000e+000 0.000e+000 0.000e+000 0.000e+000 0.000e+000 0.000e+000 0.000e+000 0.000e+000 0.000e+000
 4.000e+001 2.930e+000 0.000e+000 0.000e+000 0.000e+000 0.000e+000 0.000e+000 0.000e+000 0.000e+000 0.000e+000 0.000e+000 0.000e+000 0.000e+000 0.000e+000 0.000e+000 0.000e+000 0.000e+000 0.000e+000 0.000e+000
 4.130e+001 2.930e+000 2.400e+001 1.576e+003 3.282e+003-2.915e+001-8.006e+002-4.280e+002 1.519e+005-1.065e+003-4.554e+003 7.103e+002-1.163e+003 3.613e+002-3.917e+002 1.323e+003 2.581e+004 3.678e+002 8.280e+003
 4.250e+001 2.930e+000 0.000e+000 0.000e+000 0.000e+000 0.000e+000 0.000e+000 0.000e+000 0.000e+000 0.000e+000 0.000e+000 0.000e+000 0.000e+000 0.000e+000 0.000e+000 0.000e+000 0.000e+000 0.000e+000 0.000e+000
 4.380e+001 2.930e+000 2.400e+001 2.656e+003 6.535e+003 5.753e+001-2.047e+003 9.382e+002 2.863e+005-2.106e+003-3.933e+003 1.091e+003-1.675e+003 5.321e+002-1.060e+003 2.243e+003 5.235e+004 2.579e+002 1.684e+004
 4.500e+001 2.930e+000 0.000e+000 0.000e+000 0.000e+000 0.000e+000 0.000e+000 0.000e+000 0.000e+000 0.000e+000 0.000e+000 0.000e+000 0.000e+000 0.000e+000 0.000e+000 0.000e+000 0.000e+000 0.000e+000 0.000e+000
 4.630e+001 2.930e+000 2.400e+001 2.060e+003 4.852e+003-4.488e+001-1.399e+003 2.145e+004 8.610e+005-2.280e+003-2.237e+004 6.085e+002-1.342e+003 3.385e+002-2.300e+002 6.302e+003 1.978e+005 1.248e+002 5.043e+004
 4.750e+001 2.930e+000 0.000e+000 0.000e+000 0.000e+000 0.000e+000 0.000e+000 0.000e+000 0.000e+000 0.000e+000 0.000e+000 0.000e+000 0.000e+000 0.000e+000 0.000e+000 0.000e+000 0.000e+000 0.000e+000 0.000e+000
 4.880e+001 2.930e+000 0.000e+000 0.000e+000 0.000e+000 0.000e+000 0.000e+000 0.000e+000 0.000e+000 0.000e+000 0.000e+000 0.000e+000 0.000e+000 0.000e+000 0.000e+000 0.000e+000 0.000e+000 0.000e+000 0.000e+000
 5.000e+001 2.930e+000 2.400e+001 2.618e+005-1.879e+005 2.804e+004-1.241e+005 5.896e+006 1.337e+008 6.330e+005-1.712e+006-4.547e+003-1.347e+005 3.434e+003-1.598e+005 1.501e+006 3.408e+007-4.212e+004 8.708e+006
 5.130e+001 2.930e+000 0.000e+000 0.000e+000 0.000e+000 0.000e+000 0.000e+000 0.000e+000 0.000e+000 0.000e+000 0.000e+000 0.000e+000 0.000e+000 0.000e+000 0.000e+000 0.000e+000 0.000e+000 0.000e+000 0.000e+000
 5.250e+001 2.930e+000 2.400e+001 1.028e+003 2.572e+002-1.004e+002-1.151e+003 2.560e+004 1.136e+006-3.181e+003-2.726e+004 1.484e+002-1.620e+003 1.231e+002 5.780e+002 6.343e+003 2.617e+005-1.106e+002 6.246e+004
 5.380e+001 2.930e+000 0.000e+000 0.000e+000 0.000e+000 0.000e+000 0.000e+000 0.000e+000 0.000e+000 0.000e+000 0.000e+000 0.000e+000 0.000e+000 0.000e+000 0.000e+000 0.000e+000 0.000e+000 0.000e+000 0.000e+000
 5.500e+001 2.930e+000 0.000e+000 0.000e+000 0.000e+000 0.000e+000 0.000e+000 0.000e+000 0.000e+000 0.000e+000 0.000e+000 0.000e+000 0.000e+000 0.000e+000 0.000e+000 0.000e+000 0.000e+000 0.000e+000 0.000e+000
 5.630e+001 2.930e+000 2.400e+001 8.317e+002 1.472e+003 1.355e+001-8.916e+002 5.601e+002 2.831e+005-1.317e+003 1.890e+003 3.406e+002-2.598e+003 2.002e+002-2.535e+002 7.740e+002 5.637e+004-3.252e+002 1.399e+004
 5.750e+001 2.930e+000 0.000e+000 0.000e+000 0.000e+000 0.000e+000 0.000e+000 0.000e+000 0.000e+000 0.000e+000 0.000e+000 0.000e+000 0.000e+000 0.000e+000 0.000e+000 0.000e+000 0.000e+000 0.000e+000 0.000e+000
 5.880e+001 2.930e+000 2.400e+001 7.128e+002 1.953e+003 2.084e+000-5.684e+002-6.548e+002 1.286e+005-1.054e+003 4.468e+002 2.941e+002-1.264e+003 1.485e+002-2.207e+002 5.644e+002 1.922e+004 3.056e+001 5.014e+003
 6.000e+001 2.930e+000 0.000e+000 0.000e+000 0.000e+000 0.000e+000 0.000e+000 0.000e+000 0.000e+000 0.000e+000 0.000e+000 0.000e+000 0.000e+000 0.000e+000 0.000e+000 0.000e+000 0.000e+000 0.000e+000 0.000e+000
 6.130e+001 2.930e+000 2.100e+001 1.550e+002-1.645e+002 3.155e+000-2.000e+002 1.493e+003 5.180e+004-1.356e+002-1.515e+003 4.543e+001 8.737e+001 2.457e+001-6.909e+001 4.289e+002 9.533e+003 3.238e+001 2.761e+003
 6.250e+001 2.930e+000 0.000e+000 0.000e+000 0.000e+000 0.000e+000 0.000e+000 0.000e+000 0.000e+000 0.000e+000 0.000e+000 0.000e+000 0.000e+000 0.000e+000 0.000e+000 0.000e+000 0.000e+000 0.000e+000 0.000e+000
 6.380e+001 2.930e+000 0.000e+000 0.000e+000 0.000e+000 0.000e+000 0.000e+000 0.000e+000 0.000e+000 0.000e+000 0.000e+000 0.000e+000 0.000e+000 0.000e+000 0.000e+000 0.000e+000 0.000e+000 0.000e+000 0.000e+000
 6.500e+001 2.930e+000 2.400e+001 1.293e+002 2.224e+002 3.168e+000-1.400e+002 1.174e+003 4.837e+004-3.316e+002-1.117e+003 4.887e+001 4.937e+001 3.816e+001-8.222e+001 2.567e+002 8.052e+003-3.053e+001 2.394e+003
 6.630e+001 2.930e+000 0.000e+000 0.000e+000 0.000e+000 0.000e+000 0.000e+000 0.000e+000 0.000e+000 0.000e+000 0.000e+000 0.000e+000 0.000e+000 0.000e+000 0.000e+000 0.000e+000 0.000e+000 0.000e+000 0.000e+000
 6.750e+001 2.930e+000 2.400e+001 6.324e+001-8.460e+001 1.196e+000-6.522e+001 5.730e+002 3.695e+004-1.838e+002 1.332e+002 1.307e+001-1.655e+002 1.354e+001-9.945e+000 8.687e+001 5.962e+003-6.329e+001 1.574e+003
 6.880e+001 2.930e+000 0.000e+000 0.000e+000 0.000e+000 0.000e+000 0.000e+000 0.000e+000 0.000e+000 0.000e+000 0.000e+000 0.000e+000 0.000e+000 0.000e+000 0.000e+000 0.000e+000 0.000e+000 0.000e+000 0.000e+000
 7.000e+001 2.930e+000 2.400e+001 5.744e+001-1.335e+002 4.249e+000-8.671e+001 6.395e+002 1.717e+004 5.841e+001-4.439e+002 1.341e+001 6.979e+001 1.518e+001-7.713e+001 1.469e+002 3.339e+003-3.209e+001 1.564e+003
 7.130e+001 2.930e+000 0.000e+000 0.000e+000 0.000e+000 0.000e+000 0.000e+000 0.000e+000 0.000e+000 0.000e+000 0.000e+000 0.000e+000 0.000e+000 0.000e+000 0.000e+000 0.000e+000 0.000e+000 0.000e+000 0.000e+000
 7.250e+001 2.930e+000 0.000e+000 0.000e+000 0.000e+000 0.000e+000 0.000e+000 0.000e+000 0.000e+000 0.000e+000 0.000e+000 0.000e+000 0.000e+000 0.000e+000 0.000e+000 0.000e+000 0.000e+000 0.000e+000 0.000e+000
 7.380e+001 2.930e+000 2.400e+001 3.656e+001-1.698e+002 9.283e-001-1.116e+002 3.617e+002 1.824e+004 1.969e+001-7.055e+001 1.468e+001-1.360e+002 2.181e+001-9.152e+001 6.224e+001 4.036e+003-6.992e+001 1.887e+003
 7.500e+001 2.930e+000 0.000e+000 0.000e+000 0.000e+000 0.000e+000 0.000e+000 0.000e+000 0.000e+000 0.000e+000 0.000e+000 0.000e+000 0.000e+000 0.000e+000 0.000e+000 0.000e+000 0.000e+000 0.000e+000 0.000e+000
 7.630e+001 2.930e+000 2.400e+001 3.682e+001 5.197e+001-1.083e+000-2.011e+001 3.780e+002 1.716e+004 4.336e+001-1.251e+003 1.188e+001-2.211e+001 1.523e+001-3.525e+001 1.156e+002 3.710e+003-3.287e+001 1.467e+003
 7.750e+001 2.930e+000 0.000e+000 0.000e+000 0.000e+000 0.000e+000 0.000e+000 0.000e+000 0.000e+000 0.000e+000 0.000e+000 0.000e+000 0.000e+000 0.000e+000 0.000e+000 0.000e+000 0.000e+000 0.000e+000 0.000e+000
 7.880e+001 2.930e+000 2.400e+001 2.226e+001-5.817e+001 6.634e-001-5.440e+001 1.108e+002 1.193e+004 1.088e+002-5.278e+002 1.326e+001-1.284e+002 1.740e+001-7.524e+001 2.012e+001 2.898e+003-6.949e+001 1.360e+003
 8.000e+001 2.930e+000 0.000e+000 0.000e+000 0.000e+000 0.000e+000 0.000e+000 0.000e+000 0.000e+000 0.000e+000 0.000e+000 0.000e+000 0.000e+000 0.000e+000 0.000e+000 0.000e+000 0.000e+000 0.000e+000 0.000e+000
 8.130e+001 2.930e+000 0.000e+000 0.000e+000 0.000e+000 0.000e+000 0.000e+000 0.000e+000 0.000e+000 0.000e+000 0.000e+000 0.000e+000 0.000e+000 0.000e+000 0.000e+000 0.000e+000 0.000e+000 0.000e+000 0.000e+000
 8.250e+001 2.930e+000 2.400e+001 2.288e+001 4.744e+001 1.721e+000-4.517e+001 3.104e+002 1.597e+004 1.054e+001-7.808e+002 9.182e+000-2.332e+001 9.601e+000-3.922e+001 6.276e+001 3.220e+003-2.772e+001 1.058e+003
 8.380e+001 2.930e+000 0.000e+000 0.000e+000 0.000e+000 0.000e+000 0.000e+000 0.000e+000 0.000e+000 0.000e+000 0.000e+000 0.000e+000 0.000e+000 0.000e+000 0.000e+000 0.000e+000 0.000e+000 0.000e+000 0.000e+000
 8.500e+001 2.930e+000 2.400e+001 1.655e+001 1.776e+001 2.545e+000-1.817e+001 2.243e+002 1.069e+004 2.744e+001-3.761e+001 3.684e+000-6.342e+001 7.856e+000-4.585e+001 5.489e+001 2.290e+003-3.249e+001 9.115e+002
 8.630e+001 2.930e+000 0.000e+000 0.000e+000 0.000e+000 0.000e+000 0.000e+000 0.000e+000 0.000e+000 0.000e+000 0.000e+000 0.000e+000 0.000e+000 0.000e+000 0.000e+000 0.000e+000 0.000e+000 0.000e+000 0.000e+000
 8.750e+001 2.930e+000 2.400e+001 1.186e+001 2.937e+000-5.590e-001-9.184e+000 1.317e+002 7.618e+003-5.317e+001 2.274e+002 2.523e+000-1.734e+001 6.174e+000-2.023e+001 2.121e+001 1.248e+003-3.012e+001 5.926e+002
 8.880e+001 2.930e+000 0.000e+000 0.000e+000 0.000e+000 0.000e+000 0.000e+000 0.000e+000 0.000e+000 0.000e+000 0.000e+000 0.000e+000 0.000e+000 0.000e+000 0.000e+000 0.000e+000 0.000e+000 0.000e+000 0.000e+000
 9.000e+001 2.930e+000 0.000e+000 0.000e+000 0.000e+000 0.000e+000 0.000e+000 0.000e+000 0.000e+000 0.000e+000 0.000e+000 0.000e+000 0.000e+000 0.000e+000 0.000e+000 0.000e+000 0.000e+000 0.000e+000 0.000e+000
 9.130e+001 2.930e+000 2.400e+001 1.947e+001 1.152e+002-8.849e-001-1.170e+001 1.504e+002 8.498e+003-5.595e+001-1.939e+002 6.199e+000-1.483e+001 5.479e+000-1.620e+001 1.969e+001 9.845e+002-1.631e+001 4.133e+002
 9.250e+001 2.930e+000 0.000e+000 0.000e+000 0.000e+000 0.000e+000 0.000e+000 0.000e+000 0.000e+000 0.000e+000 0.000e+000 0.000e+000 0.000e+000 0.000e+000 0.000e+000 0.000e+000 0.000e+000 0.000e+000 0.000e+000
 9.380e+001 2.930e+000 2.400e+001 2.365e+001 5.280e+001 6.317e-001-2.119e+000 7.258e+001 5.797e+003-6.309e+001 1.552e+002 7.612e+000-2.724e+001 5.628e+000-6.693e+000 9.348e+000 6.614e+002-1.455e+001 2.741e+002
 9.500e+001 2.930e+000 0.000e+000 0.000e+000 0.000e+000 0.000e+000 0.000e+000 0.000e+000 0.000e+000 0.000e+000 0.000e+000 0.000e+000 0.000e+000 0.000e+000 0.000e+000 0.000e+000 0.000e+000 0.000e+000 0.000e+000
 9.630e+001 2.930e+000 2.400e+001 1.404e+001 1.935e+000-1.595e-001-1.926e+001 1.286e+002 6.139e+003-2.818e+001 1.034e+002 4.844e+000-2.478e+001 3.675e+000-1.027e+001 2.022e+001 8.714e+002-8.059e+000 2.532e+002
 9.750e+001 2.930e+000 0.000e+000 0.000e+000 0.000e+000 0.000e+000 0.000e+000 0.000e+000 0.000e+000 0.000e+000 0.000e+000 0.000e+000 0.000e+000 0.000e+000 0.000e+000 0.000e+000 0.000e+000 0.000e+000 0.000e+000
 9.880e+001 2.930e+000 0.000e+000 0.000e+000 0.000e+000 0.000e+000 0.000e+000 0.000e+000 0.000e+000 0.000e+000 0.000e+000 0.000e+000 0.000e+000 0.000e+000 0.000e+000 0.000e+000 0.000e+000 0.000e+000 0.000e+000
 1.000e+002 2.930e+000 3.300e+001 3.269e+001-2.041e+002-2.424e+000-2.488e+001 1.136e+002 8.302e+003-8.122e+001 1.926e+002 1.015e+001 7.527e+001 8.667e+000 1.309e+001-1.009e+001 9.320e+002-9.156e+000 2.002e+002
 1.130e+002 2.930e+000 5.700e+001 1.803e+001 1.023e+002-1.986e+000-2.162e+001 2.921e+002 1.442e+004-4.515e+001 2.262e+002 8.001e+000-7.641e+001 1.398e+001-6.860e+001 1.824e+001 2.130e+003-5.854e+001 1.052e+003
 1.250e+002 2.930e+000 4.500e+001 1.330e+001 1.102e+002-3.162e+000-9.529e+000 1.785e+002 9.809e+003-4.858e+001 5.744e+001 6.496e+000-3.625e+001 1.013e+001-4.639e+001-1.328e+001 1.133e+003-4.810e+001 6.948e+002
 1.380e+002 2.930e+000 5.700e+001 2.109e+001 2.500e+002-3.885e+000 2.589e+001 2.948e+002 1.511e+004-1.458e+002 6.759e+002 5.042e+000-1.434e+002 1.026e+001-3.046e+001 4.202e+001 2.219e+003-5.263e+001 8.627e+002
 1.500e+002 2.930e+000 4.800e+001 2.946e+001 6.407e+002-7.275e+000 3.103e+001 1.854e+002 2.463e+004-2.606e+002-7.942e+001 1.051e+001-2.032e+002 8.058e+000 6.662e+000 1.776e+001 1.754e+003-1.799e+001 2.464e+002
 1.630e+002 2.930e+000 6.000e+001 3.101e+001 4.149e+002-1.088e+001 4.070e+001 3.810e+002 1.761e+004-2.685e+002 7.650e+002 1.194e+001-1.109e+002 1.605e+001-3.751e+001-1.128e+001 1.669e+003-7.850e+001 9.665e+002
 1.750e+002 2.930e+000 4.800e+001 3.931e+001 4.245e+002-5.145e+000 1.470e+001 5.470e+002 1.943e+004-1.726e+002-1.738e+002 1.116e+001-4.796e+001 1.291e+001-4.354e+001 6.702e+001 2.463e+003-5.131e+001 1.117e+003
 1.880e+002 2.930e+000 9.600e+001 2.056e+002 8.004e+002-6.111e+000-1.013e+002 2.007e+003 5.104e+004-4.344e+002 1.171e+003 7.305e+001-2.920e+001 6.162e+001-2.276e+002 2.775e+002 6.805e+003-1.265e+002 3.327e+003
 2.000e+002 2.930e+000 8.700e+001 4.926e+003-1.087e+004 7.529e+002-6.425e+003 4.446e+004 5.101e+005 1.001e+004-2.347e+004 1.550e+003 1.049e+004 6.562e+002-4.071e+003 1.197e+004 1.337e+005 2.451e+003 4.088e+004
 2.130e+002 2.930e+000 8.700e+001 2.550e+002 2.520e+003-4.944e+001 7.701e+001 2.276e+003 8.035e+004-1.570e+003 3.573e+003 1.072e+002-5.059e+002 9.169e+001-1.078e+002 6.225e+001 7.514e+003-2.220e+002 2.448e+003
 2.250e+002 2.930e+000 1.170e+002 4.854e+002 8.771e+003-2.076e+002 7.282e+002 4.100e+003 2.176e+005-5.565e+003 1.026e+004 2.093e+002-2.627e+003 2.081e+002 1.330e+002-1.185e+002 1.661e+004-5.487e+002 3.255e+003
 2.380e+002 2.930e+000 9.600e+001 1.971e+003 3.838e+004-9.600e+002 3.095e+003 1.636e+004 9.002e+005-2.515e+004 4.674e+004 8.831e+002-1.188e+004 8.902e+002 7.758e+002-1.012e+003 5.567e+004-2.134e+003 7.365e+003
 2.500e+002 2.930e+000 9.600e+001 5.433e+004 1.072e+006-2.757e+004 9.224e+004 4.272e+005 2.459e+007-6.951e+005 1.316e+006 2.426e+004-3.562e+005 2.497e+004 2.581e+004-2.966e+004 1.601e+006-6.063e+004 1.769e+005
 2.630e+002 2.930e+000 9.600e+001 1.674e+003 3.210e+004-8.186e+002 2.420e+003 1.245e+004 7.279e+005-2.059e+004 3.372e+004 7.500e+002-1.059e+004 7.659e+002 6.191e+002-7.666e+002 4.399e+004-1.685e+003 5.516e+003
 2.750e+002 2.930e+000 1.110e+002 3.889e+002 7.388e+003-1.982e+002 6.382e+002 2.813e+003 1.738e+005-4.471e+003 8.529e+003 1.593e+002-2.853e+003 1.821e+002 1.104e+002-1.692e+002 1.323e+004-4.931e+002 2.367e+003
 2.880e+002 2.930e+000 8.100e+001 1.204e+002 2.226e+003-5.232e+001 1.236e+002 1.253e+003 6.498e+004-1.276e+003 5.949e+002 4.410e+001-6.826e+002 5.343e+001 2.996e-002 5.572e+001 4.878e+003-1.235e+002 1.232e+003
 3.000e+002 2.930e+000 9.000e+001 5.286e+002 7.176e+003-4.490e+001 3.421e+002 1.139e+004 3.762e+005-1.323e+003-1.838e+004 5.673e+001-8.614e+001 4.552e+001 1.300e+001 2.007e+003 5.574e+004-4.370e+001 1.073e+004
 3.130e+002 2.930e+000 4.200e+001 3.867e+001 5.727e+002-1.122e+001 3.299e+001 3.533e+002 1.861e+004-2.971e+002 1.278e+002 1.080e+001-1.279e+002 1.192e+001 1.678e+000 4.896e+001 1.788e+003-3.007e+001 5.216e+002
 3.250e+002 2.930e+000 5.100e+001 2.968e+001 3.328e+002-7.391e+000-4.027e+000 1.752e+002 1.768e+004-2.592e+002 1.054e+003 7.156e+000-1.200e+002 1.622e+001-2.749e+001 3.173e+001 1.566e+003-8.050e+001 9.791e+002
 3.380e+002 2.930e+000 3.300e+001 2.333e+001-9.141e+001 6.383e+000-1.047e+002-4.933e+002 3.577e+004-5.980e+002 6.023e+003-3.795e+000-2.840e+001 1.411e+001 2.422e+001 5.374e+001 1.466e+003-1.252e+002 1.422e+003
 3.500e+002 2.930e+000 9.000e+001 7.782e+002-5.051e+003 4.710e+002-5.842e+003-3.018e+004 1.751e+006-3.179e+004 3.164e+005-1.523e+002 2.316e+003 6.483e+002 1.486e+003 1.031e+003 4.480e+004-5.820e+003 6.260e+004
 3.630e+002 2.930e+000 6.900e+001 3.484e+001 1.666e+002 8.611e+000-1.443e+002-7.160e+002 6.279e+004-1.181e+003 9.200e+003 5.405e+000-7.494e+001 3.213e+001 2.841e+001 2.391e+000 2.458e+003-2.063e+002 1.965e+003
 3.750e+002 2.930e+000 5.700e+001 1.117e+001 2.438e+002 6.033e-002-1.220e+001-3.089e+001 1.572e+004-2.730e+002 1.346e+003 4.814e+000-8.225e+001 1.195e+001-1.602e+001-1.854e+000 6.683e+002-6.538e+001 5.909e+002
 3.880e+002 2.930e+000 5.400e+001 1.284e+001 1.111e+002-1.499e+000-8.163e+000 1.786e+002 8.056e+003-1.016e+002 2.194e+002 2.099e+000-7.262e+001 7.266e+000-1.023e+001 3.512e+001 1.266e+003-3.716e+001 5.312e+002
 4.000e+002 2.930e+000 7.500e+001 1.191e+002 1.515e+003-2.499e+001 2.410e+002 3.126e+003 1.094e+005-5.372e+002-5.775e+001-1.142e+001-7.680e+002 1.676e+001 5.535e+001 5.667e+002 1.923e+004-1.713e+002 3.893e+003
 4.130e+002 2.930e+000 5.700e+001 1.342e+001 1.141e+002 5.761e-001-4.665e+000 2.439e+002 8.038e+003-1.398e-001-3.076e+002 1.552e+000-4.831e+001 5.269e+000-1.958e+001 5.179e+001 1.629e+003-2.767e+001 5.631e+002
 4.250e+002 2.930e+000 8.400e+001 3.305e+001 2.336e+002 1.317e+000-2.597e+001 6.955e+002 2.077e+004 8.673e+000-1.167e+003 3.513e+000 8.512e+000 5.147e+000-2.483e+001 1.209e+002 3.051e+003-1.818e+001 7.937e+002
 4.380e+002 2.930e+000 9.300e+001 1.175e+002 7.350e+002 6.859e+000-4.791e+001 2.839e+003 7.737e+004 1.696e+002-4.241e+003 6.944e-001-3.205e+001 5.822e+000-5.417e+001 5.446e+002 1.365e+004-3.632e+001 2.975e+003
 4.500e+002 2.930e+000 9.600e+001 6.662e+003 3.761e+004 4.990e+002-3.138e+003 1.678e+005 4.454e+006 1.358e+004-2.721e+005-1.713e+002-1.821e+003 5.529e+001-2.569e+003 3.441e+004 8.524e+005-1.223e+003 1.807e+005
 4.630e+002 2.930e+000 1.080e+002 2.055e+002 1.264e+003 1.100e+001-6.270e+001 4.835e+003 1.302e+005 3.084e+002-7.601e+003-3.017e+000-1.153e+002 6.020e+000-7.593e+001 9.984e+002 2.488e+004-5.918e+001 5.490e+003
 4.750e+002 2.930e+000 9.000e+001 4.775e+001 3.565e+002-5.846e-001-1.358e+000 1.108e+003 3.081e+004-2.312e+001-1.279e+003 1.532e+000-3.581e+001 3.613e+000-1.348e+001 1.998e+002 5.147e+003-1.838e+001 1.141e+003
 4.880e+002 2.930e+000 9.300e+001 4.433e+001 3.076e+002 9.894e-001-5.866e+000 1.023e+003 2.926e+004 3.057e+001-1.253e+003 1.396e+000-3.926e+001 3.558e+000-1.751e+001 1.882e+002 4.953e+003-1.909e+001 1.073e+003
 5.000e+002 2.930e+000 8.100e+001 6.953e+001 1.548e+003-1.403e+001 8.228e+001 1.101e+003 1.043e+005-2.763e+002-3.165e+002 8.782e+000-9.018e+002 1.654e+001-1.254e+001 1.745e+002 1.083e+004-8.921e+001 1.569e+003
 5.130e+002 2.930e+000 1.200e+002 1.075e+002 7.699e+002 3.251e+000-1.018e+001 2.464e+003 6.783e+004 8.702e+001-3.224e+003 2.828e+000-2.973e+001 5.222e+000-3.578e+001 4.449e+002 1.136e+004-2.675e+001 2.318e+003
 5.250e+002 2.930e+000 9.600e+001 1.804e+002 1.177e+003 7.008e+000-3.312e+001 4.272e+003 1.108e+005 1.338e+002-5.524e+003 6.049e+000 1.441e+002 2.979e+000-4.011e+001 7.411e+002 1.771e+004 5.671e+000 3.270e+003
 5.380e+002 2.930e+000 9.600e+001 7.572e+002 4.844e+003 3.766e+001-1.110e+002 1.791e+004 4.567e+005 8.148e+002-2.318e+004 1.274e+001 4.823e+002 5.024e+000-1.761e+002 3.247e+003 7.653e+004 2.880e+001 1.419e+004
 5.500e+002 2.930e+000 9.600e+001 2.071e+005 1.329e+006 1.105e+004-3.340e+004 4.852e+006 1.222e+008 2.313e+005-6.455e+006 4.269e+003 1.701e+005 7.001e+002-4.804e+004 8.853e+005 2.053e+007 1.625e+004 3.792e+006
 5.630e+002 2.930e+000 1.200e+002 1.253e+003 8.147e+003 6.604e+001-2.224e+002 2.911e+004 7.320e+005 1.361e+003-3.893e+004 2.755e+001 9.993e+002 7.378e+000-2.932e+002 5.229e+003 1.205e+005 8.045e+001 2.212e+004
 5.750e+002 2.930e+000 9.600e+001 1.565e+002 1.059e+003 5.515e+000 1.314e+000 3.572e+003 9.045e+004 1.149e+002-4.047e+003 2.685e+000 5.053e+001 2.735e+000-3.241e+001 6.226e+002 1.457e+004-6.325e+000 2.669e+003
 5.880e+002 2.930e+000 9.600e+001 7.286e+001 4.947e+002 3.706e+000-1.497e+001 1.638e+003 4.147e+004 8.363e+001-2.245e+003 1.712e+000 3.121e+001 2.107e+000-2.254e+001 2.859e+002 6.579e+003-6.508e+000 1.277e+003
 6.000e+002 2.930e+000 1.200e+002 1.518e+002 1.494e+003 3.172e+000-1.460e+002 3.811e+003 1.139e+005 1.004e+001-9.283e+003 7.077e+000 1.507e+002 3.702e+000-3.603e+001 5.730e+002 1.320e+004 1.932e+000 2.652e+003
 6.130e+002 2.930e+000 9.000e+001 2.385e+001 1.603e+002 1.247e+000-2.450e+000 5.082e+002 1.312e+004 2.672e+001-5.956e+002 6.521e-001-9.280e+000 1.726e+000-9.599e+000 8.937e+001 2.101e+003-7.638e+000 4.405e+002
 6.250e+002 2.930e+000 9.000e+001 1.782e+001 1.201e+002 1.129e+000-8.913e+000 3.768e+002 9.725e+003 2.386e+001-5.777e+002 7.076e-001 1.351e+000 1.362e+000-8.979e+000 6.508e+001 1.453e+003-5.720e+000 3.366e+002
 6.380e+002 2.930e+000 7.200e+001 1.200e+001 8.506e+001 2.313e-001 1.824e+000 2.610e+002 7.511e+003 5.253e+000-1.641e+002 2.527e-001-2.594e+001 1.633e+000-5.482e+000 4.067e+001 1.131e+003-9.647e+000 2.464e+002
 6.500e+002 2.930e+000 9.000e+001 1.476e+003 2.247e+004-5.367e+002 4.827e+003 6.932e+004 3.729e+006-1.728e+004 9.725e+004-5.611e+002-3.682e+004 4.540e+002 1.407e+003 9.353e+003 5.277e+005-5.643e+003 7.817e+004
 6.630e+002 2.930e+000 5.400e+001 7.773e+000 6.079e+001-8.175e-003-1.028e+000 1.577e+002 4.283e+003-1.044e+000-1.863e+002 2.919e-001-8.283e+000 7.920e-001-3.379e+000 2.594e+001 6.185e+002-3.866e+000 1.460e+002
 6.750e+002 2.930e+000 6.900e+001 5.229e+000 4.352e+001-1.247e-001 2.368e+000 1.082e+002 3.102e+003 2.720e-001-7.746e+001 1.360e-001-1.166e+001 8.527e-001-2.123e+000 1.694e+001 4.603e+002-4.985e+000 1.194e+002
 6.880e+002 2.930e+000 7.500e+001 5.524e+000 4.548e+001 4.159e-001-4.227e+000 1.120e+002 3.247e+003 7.243e+000-1.873e+002 3.841e-001-4.653e+000 9.120e-001-5.412e+000 1.895e+001 4.473e+002-3.828e+000 1.301e+002
 7.000e+002 2.930e+000 9.300e+001 4.857e+001 6.737e+002-1.408e+001 1.371e+002 1.179e+003 3.930e+004-2.663e+002 1.809e+003-5.229e+000-3.655e+002 6.834e+000 1.145e+001 1.218e+002 5.142e+003-6.722e+001 8.533e+002
 7.130e+002 2.930e+000 5.700e+001 3.760e+000 3.995e+001-3.652e-003-2.999e-001 7.301e+001 2.191e+003-3.165e-001-1.173e+002 1.603e-001-5.722e+000 6.319e-001-2.053e+000 1.216e+001 2.823e+002-3.260e+000 8.337e+001
 7.250e+002 2.930e+000 6.300e+001 3.278e+000 2.439e+001-1.752e-001 1.074e+000 5.574e+001 1.581e+003-2.768e+000-2.446e+001 1.676e-001-8.367e+000 6.157e-001-1.764e+000 8.576e+000 2.284e+002-2.979e+000 6.633e+001
 7.380e+002 2.930e+000 6.000e+001 3.034e+000 2.394e+001 1.139e-001-4.801e-001 6.248e+001 1.712e+003 5.813e+000-7.608e+001-1.993e-002-8.622e+000 7.181e-001-2.946e+000 1.014e+001 2.725e+002-4.875e+000 9.134e+001
 7.500e+002 2.930e+000 1.350e+002 1.334e+002 1.087e+003 1.425e+001 6.797e+001 2.344e+003 5.143e+004 1.262e+002-1.770e+003 1.589e+001 3.636e+002 5.340e+000-3.543e+001 3.716e+002 7.226e+003 4.389e+001 1.221e+003
 7.630e+002 2.930e+000 7.200e+001 3.200e+000 2.683e+001 3.881e-002 7.318e-001 5.842e+001 1.730e+003 1.448e+000-4.141e+001 2.320e-001-9.613e+000 8.070e-001-2.352e+000 9.260e+000 2.540e+002-3.826e+000 7.839e+001
 7.750e+002 2.930e+000 5.100e+001 2.709e+000 2.066e+001 1.561e-001-2.214e+000 4.640e+001 1.288e+003 2.093e+000-9.497e+001 3.167e-001-1.017e+000 4.912e-001-1.879e+000 7.649e+000 1.649e+002-1.601e+000 5.078e+001
 7.880e+002 2.930e+000 6.300e+001 3.171e+000 3.826e+001-3.564e-001-1.149e+000 5.290e+001 2.054e+003 4.328e+000-3.017e+001 1.792e-001-1.916e+001 1.262e+000-3.444e+000 6.371e+000 2.063e+002-2.181e+000 7.674e+001
 8.000e+002 2.930e+000 1.050e+002 1.797e+001 1.293e+002 2.376e+000-2.382e+001 2.729e+002 6.341e+003 8.070e+000-7.201e+002 4.641e+000 5.317e+001 3.647e+000-2.270e+001 6.459e+001 8.609e+002 1.025e+001 3.769e+002
 8.130e+002 2.930e+000 5.400e+001 2.901e+000 1.834e+001 3.972e-001-4.445e+000 5.601e+001 1.626e+003 6.215e+000-9.997e+001 2.797e-001-3.148e+000 6.730e-001-4.328e+000 9.429e+000 2.077e+002-3.267e+000 9.093e+001
 8.250e+002 2.930e+000 7.200e+001 5.897e+000 1.725e+001 9.034e-001-1.521e+001 9.353e+001 2.430e+003 2.293e+001-2.007e+002 1.558e+000-1.519e+000 2.116e+000-1.374e+001 1.445e+001 4.332e+002-7.470e+000 2.057e+002
 8.380e+002 2.930e+000 1.200e+002 2.487e+001-2.254e+001 8.594e+000-1.021e+002 4.383e+002 1.038e+004 1.761e+002-1.263e+003 5.755e+000 1.860e+001 7.656e+000-8.749e+001 1.174e+002 2.628e+003-2.545e+001 1.302e+003
 8.500e+002 2.930e+000 9.600e+001 4.962e+002-2.569e+003 2.207e+002-2.773e+003 7.371e+003 1.665e+005 4.400e+003-1.876e+004 1.539e+002-4.780e+001 1.824e+002-2.387e+003 2.806e+003 6.376e+004-5.252e+002 3.455e+004
 8.630e+002 2.930e+000 7.800e+001 1.431e+001-2.576e+001 4.937e+000-5.946e+001 2.456e+002 6.800e+003 1.100e+002-4.902e+002 2.531e+000-3.110e+001 4.543e+000-5.426e+001 7.812e+001 1.930e+003-1.892e+001 8.915e+002
 8.750e+002 2.930e+000 3.600e+001 2.121e+000 3.747e+000 5.464e-001-7.399e+000 3.399e+001 1.009e+003 1.009e+001-8.117e+001 5.273e-001-7.147e-001 7.644e-001-6.596e+000 6.652e+000 1.688e+002-3.094e+000 9.293e+001
 8.880e+002 2.930e+000 8.100e+001 5.036e+000 4.538e+001 8.241e-001-1.047e+001 8.942e+001 2.995e+003 6.335e+000-2.200e+002 9.566e-001 8.022e+000 1.639e+000-8.746e+000 1.220e+001 2.078e+002-6.254e+000 1.523e+002
 9.000e+002 2.930e+000 7.500e+001 1.025e+001 1.001e+002 2.153e+000-1.738e+001 1.969e+002 5.994e+003 2.455e+001-4.246e+002 1.757e+000 1.717e+001 5.056e+000-1.758e+001 2.119e+001 4.733e+002-2.612e+001 3.296e+002
 9.130e+002 2.930e+000 9.000e+001 1.712e+001 1.723e+002-4.509e+000-9.947e+000 2.262e+002 6.310e+003-1.694e+002 1.002e+003 9.975e+000 4.737e+001 1.185e+001-4.775e+001-7.231e+001-7.912e+002-8.952e+001 1.025e+003
 9.250e+002 2.930e+000 4.800e+001 5.291e+000 9.476e+001-3.299e-001-3.069e+000 9.245e+001 4.332e+003-1.012e+001-2.179e+002 4.427e-001-1.474e+001 9.744e-001-1.541e+000 8.801e+000 2.110e+002-5.149e+000 8.650e+001
 9.380e+002 2.930e+000 1.080e+002 2.838e+001 4.338e+002 3.968e+000-3.855e+001 3.816e+002 1.535e+004 5.004e+000-1.090e+003 2.209e+000 4.749e+001 2.490e+000-1.325e+001 5.173e+001 4.693e+002-1.668e+001 3.501e+002
 9.500e+002 2.930e+000 9.600e+001 6.010e+002 9.509e+003 8.739e+001-6.729e+002 5.549e+003 2.413e+005-8.155e+002-1.144e+004 7.292e+001 1.630e+003 3.645e+001-2.149e+002 7.044e+002-4.884e+002-1.596e+002 3.283e+003
 9.630e+002 2.930e+000 8.400e+001 2.540e+001 3.626e+002 3.113e+000-2.521e+001 2.699e+002 9.958e+003-1.561e+001-5.997e+002 2.411e+000 5.019e+001 1.717e+000-8.607e+000 3.849e+001 2.683e+002-9.439e+000 2.071e+002
 9.750e+002 2.930e+000 8.400e+001 8.667e+000 1.142e+002 1.337e-001-2.935e+000 1.397e+002 4.571e+003 6.697e+000-3.540e+002-3.816e-001-1.251e+001 7.931e-001-1.691e+000 2.523e+001 4.698e+002-7.291e+000 1.489e+002
 9.880e+002 2.930e+000 1.050e+002 6.564e+000 8.452e+001-4.067e-001 3.718e+000 1.049e+002 3.732e+003 6.805e+000-2.059e+002-3.214e-001-3.209e+001 2.553e+000-8.233e+000 1.913e+001 5.592e+002-2.368e+001 3.360e+002
 1.000e+003 2.930e+000 4.980e+002 8.649e+001 8.234e+002 4.835e+000-8.790e+001 1.889e+003 5.764e+004 4.749e+001-6.117e+002 1.996e+001 1.443e+002 5.996e+001-2.937e+002 6.777e+001 2.807e+003-4.568e+002 6.617e+003
 1.130e+003 2.930e+000 8.220e+002 9.651e+001 1.826e+003 1.883e+001-6.608e+001 2.567e+003 1.152e+005-6.186e+000 3.387e+002 2.779e+001 1.260e+003 4.668e+001-1.206e+002-9.352e+001-4.230e+003-2.907e+002 3.448e+003
 1.250e+003 2.930e+000 7.650e+002 6.166e+001 1.356e+002 9.861e-001-3.181e+001 8.749e+002 3.704e+004-4.385e+001 4.356e+002 6.911e+001-3.934e+002 1.858e+002-1.106e+002-4.163e+002-4.910e+002-1.062e+003 7.396e+003
 1.380e+003 2.930e+000 9.210e+002 7.307e+001 6.269e+002-7.748e+000-8.754e+001 2.055e+003 6.711e+004-4.206e+002-4.483e+002 2.670e+001 5.898e+002 3.351e+001-1.388e+002-2.170e+002-6.781e+003-2.330e+002 3.066e+003
 1.500e+003 2.930e+000 6.300e+001 3.801e+001 3.529e+002-1.905e+000 1.168e+001 1.103e+003 3.692e+004-1.174e+002 1.979e+002-4.079e+000-1.184e+002 8.980e+000-7.249e+001 6.447e+001 9.189e+002-6.521e+001 1.203e+003
 1.630e+003 2.930e+000 6.300e+001 3.245e+001 3.586e+002 3.557e+000-1.074e+002 9.265e+002 3.085e+004 1.746e+001-2.943e+003 5.124e+000 1.660e+002 5.785e+000-5.527e+001 1.852e+001-7.480e+002-4.258e+001 9.158e+002
 1.750e+003 2.930e+000 4.200e+001 2.062e+002 2.311e+003 2.813e+001-8.377e+002 5.662e+003 1.821e+005 1.616e+002-2.289e+004 5.010e+001 1.627e+003 2.721e+001-2.966e+002 6.444e+001-7.539e+003-1.821e+002 4.693e+003
 1.880e+003 2.930e+000 6.300e+001 2.401e+002 2.544e+003-3.126e+000-6.495e+002 6.433e+003 2.079e+005-1.133e+003-5.863e+003 6.230e+001 7.932e+002 1.233e+002-9.106e+002-2.909e+002-1.158e+004-8.126e+002 1.243e+004
 2.000e+003 2.930e+000 6.300e+001 9.736e+002 1.017e+004-4.669e+001-1.634e+003 2.759e+004 8.936e+005-2.548e+003-3.900e+004 1.159e+002 2.650e+003 2.629e+001-2.796e+002-6.603e+002-3.572e+004-5.994e+001 4.037e+003
 2.130e+003 2.930e+000 4.200e+001 1.920e+002 1.954e+003-1.171e+001-3.079e+002 5.491e+003 1.780e+005-5.580e+002-7.019e+003 2.174e+001 4.878e+002 4.440e+000-5.273e+001-1.751e+002-8.224e+003-8.269e+000 7.757e+002
 2.250e+003 2.930e+000 6.300e+001 4.249e+001 4.696e+002-4.693e+000-6.415e+001 1.153e+003 3.678e+004-1.981e+002-1.051e+003 6.317e+000 1.081e+002 2.812e+000-2.373e+001-5.683e+001-2.214e+003-1.056e+001 2.947e+002
 2.380e+003 2.930e+000 6.300e+001 4.213e+001 5.191e+002-1.822e+001-2.336e+001 1.061e+003 3.396e+004-7.327e+002 3.142e+003 1.877e+001 1.663e+002 2.856e+001-1.887e+002-2.344e+002-5.846e+003-1.901e+002 2.553e+003
 2.500e+003 2.930e+000 4.200e+001 1.563e+001 1.678e+002-3.618e+000-1.457e+001 3.930e+002 1.188e+004-1.486e+002 3.461e+002 4.074e+000 4.250e+001 6.258e+000-4.044e+001-4.452e+001-1.207e+003-4.199e+001 5.659e+002
 2.630e+003 2.930e+000 6.300e+001 1.380e+001 1.067e+002 3.066e-001-3.817e+001 3.193e+002 8.442e+003-2.214e+001-6.527e+002 3.636e+000 7.096e+001 2.542e+000-1.747e+001-1.927e+001-6.526e+002-1.693e+001 2.560e+002
 2.750e+003 2.930e+000 6.300e+001 4.612e+000 4.470e+001-4.989e-001-7.526e+000 1.091e+002 3.095e+003-2.247e+001-7.355e+001 1.028e+000 1.594e+001 6.570e-001-4.351e+000-8.661e+000-2.654e+002-3.586e+000 5.832e+001
 2.880e+003 2.930e+000 4.200e+001 3.063e+000 2.486e+001-4.007e-002-5.833e+000 7.294e+001 1.970e+003-4.558e+000-1.190e+002 4.290e-001 8.800e+000 1.666e-001-1.321e+000-2.088e+000-9.467e+001-7.820e-001 2.035e+001
 3.000e+003 2.930e+000 6.300e+001 1.356e+001 1.189e+002 1.419e-001-4.529e+001 2.748e+002 6.798e+003-4.843e+001-5.182e+002 5.647e+000 1.025e+002 3.576e+000-2.392e+001-3.739e+001-1.079e+003-2.439e+001 3.406e+002
 3.130e+003 2.930e+000 6.300e+001 3.806e+000 2.812e+001-2.275e-001-6.165e+000 8.762e+001 2.263e+003-1.108e+001-9.257e+001 7.544e-001 1.423e+001 4.074e-001-2.514e+000-6.030e+000-1.805e+002-2.534e+000 3.944e+001
 3.250e+003 2.930e+000 4.200e+001 4.507e+000 3.186e+001-5.966e-001-3.232e+000 1.020e+002 2.559e+003-1.518e+001-4.442e+001 4.064e-001 4.240e+000 4.037e-001-1.793e+000-5.080e+000-1.335e+002-2.023e+000 2.712e+001
 3.380e+003 2.930e+000 6.300e+001 1.407e+001 8.386e+001-7.044e-002-2.589e+001 3.136e+002 7.552e+003-1.725e+001-4.580e+002 2.580e+000 5.599e+001 5.799e-001-5.221e+000-1.941e+001-5.923e+002-3.925e+000 8.277e+001
 3.500e+003 2.930e+000 6.300e+001 1.588e+002 8.845e+002-2.990e+000-2.258e+002 3.681e+003 9.026e+004-1.963e+002-3.956e+003 2.277e+001 5.100e+002 3.444e+000-3.696e+001-2.282e+002-6.549e+003-2.925e+001 6.601e+002
 3.630e+003 2.930e+000 4.200e+001 1.217e+002 6.462e+002-3.363e+000-1.602e+002 2.610e+003 5.946e+004-1.639e+002-2.682e+003 1.739e+001 3.539e+002 2.722e+000-2.701e+001-1.417e+002-3.889e+003-1.680e+001 3.873e+002
 3.750e+003 2.930e+000 6.300e+001 2.380e+001 1.162e+002-5.494e-002-3.445e+001 5.287e+002 1.236e+004-1.657e+001-6.292e+002 3.035e+000 6.615e+001 6.119e-001-4.561e+000-2.607e+001-7.477e+002-5.116e+000 1.009e+002
 3.880e+003 2.930e+000 6.300e+001 6.398e+001 2.714e+002 2.493e+000-1.049e+002 1.414e+003 3.245e+004 1.110e+001-1.957e+003 9.698e+000 2.245e+002 2.573e+000-1.137e+001-7.946e+001-2.206e+003-2.500e+001 3.595e+002
 4.000e+003 2.930e+000 4.200e+001 3.076e+001 9.816e+001-5.725e+000-9.400e+000 6.900e+002 1.586e+004-1.277e+002-2.409e+002-5.817e+000-1.472e+002 9.696e+000 2.780e+001 6.034e+001 1.339e+003-7.564e+001 7.342e+002
 4.130e+003 2.930e+000 6.300e+001 9.006e+001 3.180e+002 2.479e+000-1.178e+002 1.998e+003 4.549e+004 2.131e+001-2.254e+003 8.769e+000 2.029e+002 2.040e+000-7.702e+000-9.620e+001-2.548e+003-2.136e+001 3.325e+002
 4.250e+003 2.930e+000 6.300e+001 1.902e+001 6.053e+001-8.235e-001-1.340e+001 4.179e+002 9.409e+003-2.547e+001-2.134e+002 1.963e+000 4.157e+001 8.582e-001-3.621e+000-2.428e+001-5.949e+002-7.278e+000 9.562e+001
 4.380e+003 2.930e+000 4.200e+001 8.529e+000 2.657e+001-3.853e-002-9.484e+000 1.864e+002 4.168e+003-4.398e+000-1.697e+002 1.166e+000 2.506e+001 2.653e-001-1.406e+000-1.228e+001-2.967e+002-2.274e+000 3.415e+001
 4.500e+003 2.930e+000 6.300e+001 2.415e+001 7.181e+001 2.061e-001-2.629e+001 5.463e+002 1.260e+004-2.822e+000-4.980e+002 2.423e+000 5.472e+001 4.060e-001-2.737e+000-3.207e+001-8.027e+002-4.440e+000 8.176e+001
 4.630e+003 2.930e+000 6.300e+001 3.420e+000 9.458e+000-1.798e-001-1.921e+000 7.334e+001 1.621e+003-5.751e+000-1.639e+001 4.318e-001 7.337e+000 4.874e-001-2.177e+000-5.630e+000-1.208e+002-3.784e+000 4.465e+001
 4.750e+003 2.930e+000 4.200e+001 1.907e+000 8.760e+000-9.202e-001 7.134e+000 4.389e+001 1.083e+003-2.463e+001 2.417e+002-5.869e-002-1.083e+001 2.569e+000-1.256e+001-4.512e+000-4.607e+001-2.135e+001 2.414e+002
 4.880e+003 2.930e+000 6.300e+001 2.931e+000 1.865e+001-2.936e+000 1.512e+001 6.783e+001 1.742e+003-8.852e+001 6.448e+002 1.618e+000 1.404e+001 7.313e+000-3.873e+001-2.891e+001-5.904e+002-6.064e+001 7.127e+002
 5.000e+003 2.930e+000 6.300e+001 1.190e+000 6.207e+000-5.208e-001 2.173e+000 2.466e+001 5.609e+002-1.327e+001 8.420e+001 2.810e-001 1.783e+000 1.029e+000-5.115e+000-5.022e+000-8.968e+001-7.778e+000 8.920e+001
 5.130e+003 2.930e+000 4.200e+001 1.278e+000 3.715e+000 1.090e-001-1.064e+000 2.858e+001 6.680e+002 2.113e+000-1.627e+001-6.493e-002-2.843e+000 3.462e-001-1.427e+000 9.101e-001 2.593e+001-2.500e+000 2.596e+001
 5.250e+003 2.930e+000 6.300e+001 6.698e-001 2.562e+000-4.107e-002-4.324e-001 1.353e+001 3.000e+002-1.283e+000-3.090e+000 1.199e-001 1.644e+000 3.294e-001-1.485e+000-1.215e+000-2.459e+001-2.543e+000 3.003e+001
 5.380e+003 2.930e+000 6.300e+001 1.150e+000 6.030e+000-1.865e-001-7.438e-001 2.529e+001 6.184e+002-4.573e+000-3.121e+000 2.696e-001 3.222e+000 7.131e-001-2.726e+000-3.290e+000-6.506e+001-5.351e+000 5.596e+001
 5.500e+003 2.930e+000 4.200e+001 5.214e-001 4.371e-001 9.563e-002-1.596e+000 1.046e+001 2.274e+002 1.857e+000-2.958e+001 1.419e-001 2.014e+000 3.219e-001-1.222e+000-9.635e-001-1.487e+001-2.471e+000 2.578e+001
 5.630e+003 2.930e+000 6.300e+001 5.093e+000 1.553e+001-7.146e-002-2.195e+001 9.592e+001 1.875e+003-1.528e+001-2.843e+002 4.523e+000 8.186e+001 5.408e+000-2.576e+001-3.836e+001-7.687e+002-4.436e+001 4.916e+002
 5.750e+003 2.930e+000 6.300e+001 2.780e+000 3.692e+000 2.053e-001-8.872e+000 5.517e+001 1.131e+003 1.572e+000-1.364e+002 1.506e+000 2.483e+001 2.914e+000-1.153e+001-1.298e+001-2.342e+002-2.353e+001 2.426e+002
 5.880e+003 2.930e+000 4.200e+001 2.253e+000 5.758e+000-1.738e-001-5.005e+000 4.277e+001 8.476e+002-7.132e+000-4.611e+001 1.325e+000 2.054e+001 2.638e+000-1.092e+001-1.215e+001-2.154e+002-2.105e+001 2.173e+002
 6.000e+003 2.930e+000 6.300e+001 8.947e+000 2.400e+001-1.057e+000-2.782e+001 1.588e+002 2.938e+003-4.224e+001-2.284e+002 8.106e+000 1.247e+002 1.428e+001-5.860e+001-7.268e+001-1.250e+003-1.149e+002 1.176e+003
 6.130e+003 2.930e+000 6.300e+001 2.384e+000 5.634e+000-2.788e-001-9.989e-001 4.373e+001 8.311e+002-6.955e+000 6.783e+000 6.726e-001 1.007e+001 9.900e-001-3.985e+000-7.830e+000-1.372e+002-7.587e+000 7.977e+001
 6.250e+003 2.930e+000 4.200e+001 3.741e+000 1.247e+001-2.210e+000 6.503e+000 6.591e+001 1.211e+003-4.730e+001 2.178e+002 2.335e+000 3.313e+001 3.461e+000-1.605e+001-2.915e+001-4.915e+002-2.713e+001 2.900e+002
 6.380e+003 2.930e+000 6.300e+001 1.111e+000 1.770e+000-1.326e-001-9.184e-003 2.027e+001 3.897e+002-2.640e+000 5.901e+000 1.968e-001 2.242e+000 5.296e-001-1.644e+000-2.742e+000-4.635e+001-3.515e+000 3.460e+001
 6.500e+003 2.930e+000 6.300e+001 2.265e+000 4.172e+000-2.559e-001 3.109e-001 4.037e+001 7.426e+002-5.119e+000 1.405e+001 2.313e-001 3.063e+000 3.187e-001-1.110e+000-4.024e+000-6.984e+001-1.995e+000 2.179e+001
 6.630e+003 2.930e+000 4.200e+001 1.287e+000 4.051e+000-5.408e-001 1.632e+000 2.156e+001 3.866e+002-1.106e+001 5.187e+001 5.809e-001 7.251e+000 7.907e-001-3.055e+000-6.671e+000-1.035e+002-5.684e+000 5.552e+001
 6.750e+003 2.930e+000 6.300e+001 1.255e+000 1.843e+000-5.432e-002-3.405e-003 2.099e+001 3.695e+002-1.321e+000 3.956e+000 1.245e-001 1.423e+000 2.792e-001-6.885e-001-2.086e+000-3.401e+001-1.543e+000 1.384e+001
 6.880e+003 2.930e+000 6.300e+001 8.447e-001 1.631e+000-1.387e-001 2.774e-001 1.287e+001 2.104e+002-2.524e+000 9.314e+000 2.029e-001 2.369e+000 4.727e-001-1.664e+000-2.347e+000-3.388e+001-3.016e+000 2.964e+001
 7.000e+003 2.930e+000 3.900e+001 4.959e-001 1.309e+000-4.494e-002 3.967e-002 7.376e+000 1.199e+002-7.505e-001 1.986e+000 9.170e-002 1.011e+000 1.746e-001-4.082e-001-8.189e-001-1.154e+001-8.840e-001 7.400e+000
 7.130e+003 2.930e+000 6.300e+001 7.947e-001 9.841e-001-1.856e-002-8.288e-001 1.213e+001 2.016e+002-2.036e-001-1.347e+001 2.298e-001 2.972e+000 4.060e-001-9.957e-001-1.956e+000-2.822e+001-2.460e+000 2.146e+001
 7.250e+003 2.930e+000 6.000e+001 4.855e-001 7.635e-001-5.273e-003-1.952e-002 6.750e+000 1.066e+002-9.944e-002 1.853e-001 5.434e-002 6.220e-001 2.868e-001-6.798e-001-6.009e-001-9.497e+000-1.596e+000 1.475e+001
 7.380e+003 2.930e+000 3.900e+001 2.980e-001 4.753e-001 2.931e-003-2.402e-001 4.333e+000 7.496e+001-1.064e-001-2.907e+000 5.106e-002 2.142e-001 2.305e-001-5.598e-001-4.476e-001-6.016e+000-1.182e+000 9.802e+000
 7.500e+003 2.930e+000 6.000e+001 1.098e+000 1.050e+000-7.473e-002 1.352e-002 1.756e+001 2.981e+002-1.178e+000 1.226e+000 1.652e-001 1.916e+000 4.486e-001-1.074e+000-2.046e+000-3.032e+001-2.751e+000 2.437e+001
 7.630e+003 2.930e+000 6.000e+001 6.565e-001 1.567e+000-8.456e-002-1.550e-001 9.126e+000 1.438e+002-1.969e+000 5.135e+000 2.019e-001 1.772e+000 6.627e-001-2.010e+000-1.772e+000-2.491e+001-4.101e+000 3.734e+001
 7.750e+003 2.930e+000 4.200e+001 6.330e-001-1.925e-001-1.981e-001 1.721e+000 9.791e+000 1.654e+002-3.442e+000 3.215e+001-5.818e-002-2.367e+000 8.111e-001-2.272e+000-8.078e-001-6.187e+000-5.278e+000 4.539e+001
 7.880e+003 2.930e+000 6.000e+001 1.048e+000 7.118e-001-1.165e-001 1.007e+000 1.500e+001 2.540e+002-8.916e-001 1.287e+001 1.393e-002-3.445e+000 1.597e+000-3.924e+000-2.135e+000-1.054e+001-9.774e+000 8.198e+001
 8.000e+003 2.930e+000 5.700e+001 2.446e+000-2.009e+000-1.367e-001 4.206e-001 2.301e+001 2.809e+002 5.177e-001-4.849e-001 1.961e+000 1.104e+001 3.924e+000-4.195e+000-9.978e+000-7.132e+001-1.955e+001 1.181e+002
 8.130e+003 2.930e+000 4.200e+001 1.279e+000 1.707e+000-2.187e-001 9.127e-001 1.934e+001 3.046e+002-3.634e+000 2.054e+001 3.164e-001 2.990e+000 1.361e+000-3.533e+000-3.125e+000-3.630e+001-9.106e+000 7.410e+001
 8.250e+003 2.930e+000 6.000e+001 5.899e-001 4.364e-001-1.314e-001 5.943e-001 7.542e+000 1.078e+002-1.211e+000 5.730e+000 2.172e-001 2.168e+000 8.155e-001-1.900e+000-2.081e+000-2.341e+001-5.183e+000 4.387e+001
 8.380e+003 2.930e+000 6.300e+001 1.936e+000 2.694e+000 1.001e-002-5.265e-001 2.909e+001 4.546e+002 3.023e-002-4.884e+000 2.179e-001 2.532e+000 5.412e-001-1.341e+000-2.446e+000-3.431e+001-3.218e+000 2.805e+001
 8.500e+003 2.930e+000 4.200e+001 5.813e-001 9.934e-001 2.336e-003-6.208e-001 8.711e+000 1.408e+002 1.107e-001-8.371e+000 1.057e-001 1.234e+000 3.483e-001-7.969e-001-1.332e+000-1.997e+001-1.972e+000 1.695e+001
 8.630e+003 2.930e+000 6.300e+001 9.216e-001 8.476e-001 1.915e-001-1.305e+000 1.225e+001 1.794e+002 2.496e+000-1.615e+001 1.185e-001 5.491e-001 5.426e-001-9.835e-001-7.131e-001-8.842e+000-2.654e+000 2.263e+001
 8.750e+003 2.930e+000 6.300e+001 2.000e+000 2.250e+000 2.694e-001-2.702e+000 2.730e+001 3.908e+002 3.470e+000-3.561e+001 4.592e-001 5.506e+000 5.591e-001-9.434e-001-2.501e+000-3.577e+001-2.461e+000 1.940e+001
 8.880e+003 2.930e+000 3.900e+001 6.095e-001 8.863e-001-2.396e-002-3.556e-001 6.923e+000 9.104e+001-3.888e-001-4.636e+000 1.501e-001 8.550e-001 3.369e-001-3.801e-001-3.683e-001-5.129e+000-9.741e-001 6.614e+000
 9.000e+003 2.930e+000 6.000e+001 2.289e+000 2.430e+000 1.961e-001-1.874e+000 3.012e+001 4.352e+002 3.761e+000-2.476e+001 3.644e-001 3.259e-001 1.212e+000-9.252e-001-2.031e+000-2.108e+001-3.118e+000 1.469e+001
 9.130e+003 2.930e+000 6.300e+001 1.601e+000 6.811e-001 6.441e-002-8.669e-001 1.514e+001 1.942e+002 2.284e+000-1.005e+001 1.157e+000 4.508e+000 2.112e+000-1.129e+000-2.570e+000-1.417e+001-4.423e+000 1.359e+001
 9.250e+003 2.930e+000 4.200e+001 2.696e+000 1.829e+000-4.745e-002-1.108e+000 3.246e+001 4.292e+002-4.639e-002-1.178e+001 9.134e-001 5.991e+000 1.270e+000-1.052e+000-2.762e+000-2.409e+001-3.074e+000 1.081e+001
 9.380e+003 2.930e+000 5.700e+001 1.365e+000 2.786e+000-2.300e-001 2.359e-002 1.559e+001 2.258e+002-1.717e+000 2.314e+000 2.954e-001-2.825e+000 1.348e+000-1.393e+000-1.066e+000-1.018e+000-3.024e+000 1.121e+001
 9.500e+003 2.930e+000 6.000e+001 2.503e+000 7.572e-001 1.679e-001-1.418e+000 2.757e+001 3.518e+002 4.747e+000-2.055e+001 1.038e+000 4.973e+000 1.963e+000-1.307e+000-2.613e+000-1.297e+001-4.994e+000 1.533e+001
 9.630e+003 2.930e+000 3.300e+001 6.212e-001 1.112e+000-1.200e-001-2.239e-001 6.400e+000 8.262e+001-1.191e+000 3.270e-001 2.455e-001-7.780e-002 7.458e-001-9.133e-001-1.047e+000-5.638e+000-1.860e+000 7.171e+000
 9.750e+003 2.930e+000 6.300e+001 1.494e+000 1.091e+000 1.398e-001-1.002e+000 1.895e+001 2.747e+002 2.932e+000-1.445e+001 3.155e-001 1.071e+000 8.121e-001-7.635e-001-9.909e-001-8.518e+000-2.081e+000 9.151e+000
 9.880e+003 2.930e+000 6.000e+001 2.081e+000 2.141e+000 4.143e-001-2.228e+000 2.736e+001 3.825e+002 6.238e+000-3.112e+001 1.787e-001 1.073e+000 6.730e-001-6.495e-001-4.682e-001-5.491e+000-2.102e+000 9.827e+000
 1.000e+004 2.930e+000 3.060e+002 9.998e+000 1.151e+001 9.028e-001-7.575e+000 1.232e+002 1.597e+003 1.081e+001-9.111e+001 1.699e+000 2.137e+001 1.743e+000-2.930e+000-1.114e+001-1.529e+002-8.306e+000 6.148e+001
 1.130e+004 2.930e+000 5.340e+002 1.041e+001 1.134e+001 5.138e-001-3.274e+000 1.194e+002 1.470e+003 7.451e+000-4.415e+001 1.154e+000 1.136e+001 3.543e+000-8.002e+000-7.240e+000-7.707e+001-1.699e+001 1.213e+002
 1.250e+004 2.930e+000 5.370e+002 5.390e+000 8.804e+000-1.515e-001-2.769e-001 5.147e+001 5.776e+002 2.087e+000-1.902e+001 1.002e+000 5.191e+000 4.868e+000-1.157e+001-5.897e+000-2.787e+001-2.540e+001 1.822e+002
 1.380e+004 2.930e+000 4.980e+002 5.409e+000 4.494e+000 1.027e+000-1.224e+001 5.056e+001 5.394e+002 1.644e+001-1.478e+002 2.851e+000 2.271e+001 8.464e+000-2.124e+001-1.452e+001-9.943e+001-4.771e+001 3.420e+002
 1.500e+004 2.930e+000 5.010e+002 5.416e+000 8.909e+000-4.051e-001 7.873e-001 4.800e+001 4.886e+002-2.679e+000 6.346e+000 1.425e+000 1.055e+001 3.279e+000-7.021e+000-9.138e+000-6.846e+001-1.686e+001 1.198e+002
 1.630e+004 2.930e+000 4.710e+002 2.845e+000 6.091e+000-2.028e-001 3.763e-001 2.226e+001 2.207e+002-3.710e-001-1.951e-001 5.678e-001 2.916e+000 2.194e+000-5.058e+000-3.587e+000-1.926e+001-1.055e+001 7.530e+001
 1.750e+004 2.930e+000 3.600e+002 2.608e+000 4.273e+000-4.201e-001-5.034e+000 1.569e+001 1.245e+002-1.494e+000-3.654e+001 3.223e+000 1.803e+001 8.616e+000-2.064e+001-1.911e+001-1.062e+002-4.848e+001 3.340e+002
 1.880e+004 2.930e+000 3.600e+002 2.169e+000 7.945e+000 3.647e-001-3.944e+000 1.407e+001 1.406e+002 2.631e+000-3.641e+001 6.401e-001 5.389e+000 1.955e+000-4.905e+000-1.702e+000-2.151e+001-1.005e+001 7.460e+001
 2.000e+004 2.930e+000 4.440e+002 8.364e+000 4.064e+001-4.707e+000 5.697e+001 5.833e+001 6.252e+002 1.385e+001 2.909e+002-9.097e+000-9.040e+001 1.575e+001-5.974e+001 2.247e+001 4.571e+002-6.963e+001 5.460e+002
 2.130e+004 2.930e+000 2.910e+002 3.870e+000 1.594e+001 6.604e-002 4.703e+000 2.785e+001 2.766e+002 5.868e+000 9.884e+000-1.221e+000-9.147e+000 7.076e-001-2.017e+000 5.785e+000 6.333e+001-2.479e+000 1.904e+001
 2.250e+004 2.930e+000 1.440e+002 1.336e-001 2.727e-001-1.727e-003 6.181e-002 4.216e-001 4.257e+000 1.872e-002 3.045e-001 1.665e-003-1.203e-001 1.482e-001-1.954e-001 7.178e-003 5.860e-001-2.900e-001 1.766e+000
 2.380e+004 2.930e+000 3.750e+002 1.751e+000 3.947e+000-4.782e-001-3.150e+000 8.077e+000 5.431e+001-7.630e+000 1.545e+001 2.536e+000 1.075e+001 5.152e+000-1.135e+001-1.434e+001-7.519e+001-2.589e+001 1.621e+002
 2.500e+004 2.930e+000 1.110e+002 6.934e-002 9.741e-002 1.337e-003 7.834e-003 1.661e-001 1.671e+000 4.723e-002-8.053e-002 1.190e-002-1.909e-002 1.240e-001-1.746e-001-2.313e-002 2.418e-001-3.235e-001 1.707e+000
 2.630e+004 2.930e+000 6.300e+001 3.436e-002 4.080e-002 3.624e-003-3.444e-004 7.283e-002 6.145e-001 1.304e-002-4.651e-003 1.160e-002 2.336e-002 4.274e-002-2.049e-002-6.402e-003 5.348e-002-4.547e-002 2.362e-001
 2.750e+004 2.930e+000 1.380e+002 4.462e-001 1.734e+000 9.699e-002-6.694e-001 2.750e+000 2.754e+001 5.251e-001-4.828e+000 6.021e-002 6.866e-001 1.433e-001-2.169e-001 4.792e-002-2.436e+000-3.113e-001 2.223e+000
 2.880e+004 2.930e+000 9.600e+001 5.288e-002 9.144e-002-2.614e-003-1.535e-002 1.493e-001 1.407e+000-8.154e-005-1.497e-001 7.269e-003 1.008e-002 4.792e-002-3.366e-002-8.948e-003-9.556e-002-6.390e-002 3.009e-001
 3.000e+004 2.930e+000 2.070e+002 2.646e-001 1.233e-001 5.614e-002-9.287e-001 1.049e+000 6.206e+000 5.562e-002-4.060e+000 4.447e-001 2.235e+000 1.127e+000-1.759e+000-2.126e+000-1.114e+001-5.289e+000 2.971e+001
 3.130e+004 2.930e+000 1.140e+002 5.885e-002 2.859e-002 5.626e-003-2.068e-001 1.706e-001 1.325e+000-4.437e-002-5.404e-001 7.143e-002 2.669e-001 2.949e-001-7.794e-001-2.939e-001-1.393e+000-1.055e+000 6.888e+000
 3.250e+004 2.930e+000 9.000e+001 5.307e-002 4.560e-002 8.782e-003-5.681e-002 2.019e-001 1.765e+000 3.069e-002-3.529e-001 2.944e-002 1.667e-001 5.227e-002-4.485e-002-7.350e-002-6.169e-001-1.055e-001 4.632e-001
 3.380e+004 2.930e+000 4.500e+001 1.181e-002 3.686e-003 1.513e-003-1.709e-003 1.009e-002 1.404e-001 1.334e-003-1.579e-003 7.264e-004 3.720e-003 1.274e-002-6.128e-003-2.330e-003-1.589e-002-4.454e-003 2.874e-002
 3.500e+004 2.930e+000 9.600e+001 2.953e-002 5.914e-003 4.723e-003-3.166e-002 5.498e-002 3.972e-001 1.872e-002-1.019e-001 1.593e-002 4.617e-002 5.132e-002-4.186e-002-4.330e-002-1.677e-001-1.011e-001 4.190e-001
 3.630e+004 2.930e+000 9.300e+001 2.654e-002 2.296e-002 1.272e-003 2.386e-003 5.735e-002 4.670e-001 2.719e-002-3.161e-002 5.708e-005-1.273e-002 3.040e-002-9.761e-003 1.373e-002 9.709e-002-2.871e-002 1.126e-001
 3.750e+004 2.930e+000 9.000e+001 2.062e-002 6.744e-003 7.990e-004-3.823e-003 2.137e-002 2.319e-001-7.751e-003-7.872e-003 5.629e-003 3.967e-003 2.616e-002-5.631e-003 8.090e-004-1.319e-002-1.418e-002 4.761e-002
 3.880e+004 2.930e+000 5.100e+001 9.981e-003 6.855e-003-1.776e-005-1.435e-003 1.873e-002 1.728e-001-9.198e-003 2.144e-003 2.570e-003 2.281e-003 1.387e-002-7.635e-003-4.198e-003-3.088e-002-6.950e-003 3.108e-002
 4.000e+004 2.930e+000 9.600e+001 2.488e-002 3.000e-002-6.270e-003 1.689e-002 5.871e-002 3.736e-001-3.164e-002 8.384e-002 1.044e-002 1.341e-002 3.214e-002-1.116e-002-2.107e-002-5.404e-002-3.478e-002 1.069e-001
 4.130e+004 2.930e+000 6.300e+001 1.054e-002 5.858e-003-5.631e-004 6.437e-006 1.216e-002 9.966e-002 1.969e-003-5.235e-003 1.815e-003-1.160e-003 1.876e-002-1.966e-003-3.551e-003-6.562e-003-1.136e-002 3.353e-002
 4.250e+004 2.930e+000 4.800e+001 7.649e-003 2.859e-003 1.120e-003-3.340e-003 1.163e-002 6.299e-002-2.935e-003-5.918e-003 2.315e-003 4.192e-003 1.118e-002-5.545e-003-3.634e-003-1.157e-002-6.099e-003 2.564e-002
 4.380e+004 2.930e+000 6.000e+001 7.854e-003 3.954e-003 9.404e-004 4.162e-003 1.365e-002 1.151e-001 5.585e-004 1.135e-002 1.242e-004-7.299e-004 1.283e-002-2.995e-003-1.465e-003-4.075e-003-9.719e-003 2.479e-002
 4.500e+004 2.930e+000 6.000e+001 9.062e-003 9.270e-003-1.712e-004-2.000e-003 9.905e-003 1.042e-001-5.096e-003 1.292e-003 1.779e-003 1.418e-005 1.140e-002-1.936e-003-5.076e-003-1.699e-002-8.921e-003 2.467e-002
 4.630e+004 2.930e+000 5.700e+001 9.632e-003 1.157e-002 6.053e-004 5.700e-004 1.736e-002 1.045e-001-2.085e-003 7.853e-003 2.627e-004 6.364e-003 1.189e-002-1.332e-003-1.323e-003-8.756e-003-5.959e-003 2.000e-002
 4.750e+004 2.930e+000 1.800e+002 1.822e-001 3.599e-001-3.229e-002 8.073e-002 9.773e-001 6.643e+000-3.165e-001 9.681e-001 5.576e-002 2.333e-001 5.438e-002-2.857e-002-2.303e-001-1.156e+000-1.084e-001 4.414e-001
 4.880e+004 2.930e+000 1.020e+002 5.999e-002 1.037e-001-1.172e-002 2.460e-002 2.891e-001 1.944e+000-9.491e-002 2.790e-001 1.644e-002 5.140e-002 2.535e-002-1.527e-002-7.214e-002-3.652e-001-3.565e-002 1.675e-001
 5.000e+004 2.930e+000 6.600e+001 8.767e-003 3.609e-003 1.200e-003-1.658e-003 9.268e-003 8.402e-002-4.481e-003 4.097e-003 2.141e-003 8.549e-004 1.266e-002-4.110e-003-3.826e-003-9.628e-003-9.444e-003 2.520e-002
 5.130e+004 2.930e+000 7.500e+001 8.666e-003 1.729e-003 1.619e-004-1.638e-003 5.719e-003 7.263e-002-7.056e-003 4.730e-003 1.863e-003 1.019e-003 1.389e-002-5.937e-003-4.349e-003-2.189e-002-1.046e-002 3.803e-002
 5.250e+004 2.930e+000 8.100e+001 7.493e-003 2.897e-003 2.293e-004-1.605e-003 8.741e-003 6.743e-002-3.930e-003 1.646e-003 2.652e-003 1.927e-003 1.242e-002-3.494e-003-5.740e-003-1.421e-002-9.153e-003 3.802e-002
 5.380e+004 2.930e+000 2.010e+002 6.201e-001 2.064e+000 9.531e-002-4.335e-001 4.015e+000 3.407e+001 3.287e-001-2.533e+000 9.112e-002 9.034e-001 6.192e-002-5.927e-002-1.191e-001-2.248e+000-1.216e-001 4.959e-001
 5.500e+004 2.930e+000 1.110e+002 1.638e-002 1.600e-002-6.350e-003 1.651e-002 3.729e-002 2.819e-001-2.364e-002 1.003e-001 4.311e-003-1.864e-003 2.333e-002-2.003e-002-2.133e-002-3.517e-002-4.000e-002 1.922e-001
 5.630e+004 2.930e+000 2.280e+002 9.719e-002 2.728e-001-1.151e-001 4.164e-001 3.195e-001 2.323e+000-5.743e-001 2.688e+000 4.136e-002-2.607e-001 2.236e-001-2.832e-001-3.161e-001 2.514e-001-8.057e-001 3.657e+000
 5.750e+004 2.930e+000 9.000e+001 8.939e-003 1.610e-003-1.613e-003 1.534e-003 1.079e-002 7.371e-002-4.749e-003 3.945e-003 3.647e-003 9.181e-003 1.399e-002-6.481e-003-7.946e-003-3.236e-002-1.881e-002 6.817e-002
 5.880e+004 2.930e+000 9.300e+001 6.743e-003 3.842e-003 3.162e-004-1.772e-003 6.381e-003 7.671e-002-5.237e-003 3.295e-003 1.611e-003 6.852e-003 1.181e-002-7.043e-003-4.876e-003-2.390e-002-1.513e-002 5.465e-002
 6.000e+004 2.930e+000 1.080e+002 1.678e-002 3.204e-002 1.768e-003-2.259e-002 5.257e-002 4.137e-001-1.019e-002-7.313e-002 6.166e-003 3.971e-002 2.014e-002-1.954e-002-1.672e-002-1.714e-001-3.561e-002 1.501e-001
 6.130e+004 2.930e+000 9.000e+001 6.791e-003 5.054e-003 5.187e-004-6.854e-004 7.568e-003 5.690e-002 1.548e-003-3.246e-003 1.899e-003 5.323e-003 1.103e-002-5.337e-003-4.359e-003-1.553e-002-1.102e-002 3.744e-002
 6.250e+004 2.930e+000 6.600e+001 4.515e-003 2.071e-003 5.477e-004-1.608e-004 3.811e-003 4.160e-002 1.463e-003-2.246e-003 9.043e-004 1.745e-003 6.535e-003-1.681e-003-1.228e-003-4.532e-003-4.644e-003 1.311e-002
 6.380e+004 2.930e+000 1.140e+002 4.275e-002 4.644e-002 9.749e-003-7.739e-002 1.924e-001 1.079e+000 2.373e-002-3.294e-001 2.585e-002 1.479e-001 3.357e-002-3.854e-002-6.666e-002-4.388e-001-7.919e-002 3.221e-001
 6.500e+004 2.930e+000 8.100e+001 4.621e-003 3.830e-003-1.481e-004 3.864e-004 4.326e-003 5.923e-002-5.662e-004-4.646e-004 6.210e-004 1.740e-003 5.715e-003-7.470e-004-9.775e-004-5.590e-003-4.669e-003 1.462e-002
 6.630e+004 2.930e+000 7.200e+001 4.295e-003 3.169e-003 1.639e-004 3.244e-004 7.879e-003 5.456e-002 8.785e-004 3.843e-004 6.552e-004 1.024e-003 4.275e-003-2.792e-004-1.431e-003-3.137e-003-1.521e-003 6.658e-003
 6.750e+004 2.930e+000 9.000e+001 4.651e-003 4.142e-003 2.551e-004-4.846e-004 1.006e-002 8.441e-002-1.587e-003 3.166e-004 9.153e-004 2.412e-004 7.163e-003-1.783e-003-1.524e-003-7.306e-003-5.346e-003 1.404e-002
 6.880e+004 2.930e+000 1.290e+002 7.903e-003 2.384e-002-1.018e-002 6.439e-002 1.846e-002 3.864e-001 3.735e-002 3.889e-001-6.283e-003-1.434e-001 8.573e-002-2.818e-001-9.003e-003 6.873e-001-2.853e-001 2.097e+000
 7.000e+004 2.930e+000 7.500e+001 4.007e-003 2.745e-003 7.760e-005 7.371e-005 4.765e-003 4.345e-002-2.328e-003 3.568e-004 4.655e-004-4.832e-004 4.258e-003-3.503e-004 1.401e-004-6.027e-004-9.993e-004 1.992e-003
 7.130e+004 2.930e+000 4.500e+001 2.224e-003 2.449e-003 2.915e-004-9.764e-006 4.004e-003 2.403e-002 4.289e-004-3.559e-004-1.481e-004-1.677e-004 2.051e-003 4.161e-005-2.314e-004-5.334e-004 6.168e-005 5.917e-004
 7.250e+004 2.930e+000 9.900e+001 4.736e-003 2.964e-003-7.871e-004-4.410e-004 1.080e-002 8.105e-002-2.362e-003-2.277e-003 1.126e-003 2.230e-003 4.837e-003-2.975e-004-3.779e-004-2.563e-003-2.918e-004 1.573e-003
 7.380e+004 2.930e+000 8.100e+001 3.894e-003 2.555e-003 2.493e-004 4.547e-005 9.487e-003 7.906e-002-5.921e-004 6.066e-005 6.728e-004 1.311e-003 3.446e-003-1.083e-005-7.228e-005-4.557e-004-2.494e-004 7.995e-004
 7.500e+004 2.930e+000 7.500e+001 3.339e-003 5.955e-003-1.512e-004 6.938e-005 1.068e-002 8.406e-002-1.463e-003 7.892e-004 3.418e-004 1.043e-003 2.458e-003 6.008e-005-1.605e-004-3.981e-004-6.937e-005 5.631e-004
 7.630e+004 2.930e+000 7.500e+001 3.630e-003 5.281e-003 1.575e-004 1.550e-005 1.346e-002 9.353e-002 2.303e-004 5.661e-005 4.076e-004 6.124e-004 2.941e-003 6.369e-005 5.797e-006-2.750e-004-4.679e-006 2.205e-004
 7.750e+004 2.930e+000 7.500e+001 3.971e-003 2.319e-003-4.110e-004-2.410e-005 1.088e-002 7.351e-002-1.426e-003-2.704e-004 3.898e-004 1.110e-003 2.192e-003-1.208e-004-5.227e-005-3.793e-004-8.456e-005 1.629e-004
 7.880e+004 2.930e+000 6.600e+001 3.130e-003 4.538e-003 1.163e-004 4.315e-005 8.435e-003 5.569e-002 2.707e-004 1.610e-004 6.087e-005 5.562e-004 1.526e-003 4.584e-007-9.662e-005-2.687e-004 7.861e-005 1.074e-004
 8.000e+004 2.930e+000 7.200e+001 4.322e-003 8.234e-003 2.678e-006-1.003e-004 1.373e-002 8.695e-002 6.577e-004-2.103e-004 4.422e-004 2.669e-003 2.191e-003 1.550e-004-7.873e-005-9.482e-004-1.571e-004 3.697e-004
 8.130e+004 2.930e+000 9.000e+001 3.650e-003 5.036e-003 1.993e-004-5.578e-005 1.052e-002 6.114e-002 4.208e-004-5.152e-005 2.994e-004 7.332e-004 2.200e-003-1.337e-004 1.411e-005-3.118e-004 1.724e-005 1.553e-004
 8.250e+004 2.930e+000 8.400e+001 2.429e-003 5.007e-003 7.887e-005 2.006e-005 4.997e-003 3.790e-002 3.168e-004 0.000e+000 2.024e-004 1.510e-003 1.864e-003-1.429e-005-9.796e-006-5.077e-005 4.608e-005 5.077e-005
 8.380e+004 2.930e+000 7.800e+001 2.238e-003 3.623e-003 1.429e-004-1.040e-004 4.714e-003 3.134e-002-3.833e-005 1.001e-004 3.782e-004 3.867e-004 2.108e-003-3.609e-005-3.514e-005-1.998e-004-1.911e-005 6.019e-004
 8.500e+004 2.930e+000 9.000e+001 2.545e-003 3.303e-003 9.539e-005 2.937e-005 6.696e-003 4.391e-002 5.258e-004 9.769e-007 5.027e-005 1.023e-003 2.242e-003-9.187e-005-8.854e-005 9.655e-005-5.211e-005 7.401e-004
 8.630e+004 2.930e+000 6.300e+001 1.466e-003 1.749e-003 1.127e-004-2.941e-006 2.676e-003 2.395e-002 4.864e-004 5.349e-004 1.125e-004 6.975e-004 1.413e-003-8.459e-005-2.924e-004-5.375e-004-1.305e-004 8.284e-004
 8.750e+004 2.930e+000 9.000e+001 2.244e-003 3.612e-003 1.518e-005 1.650e-005 6.023e-003 3.927e-002-6.137e-004-4.319e-004 1.384e-004-2.920e-004 1.936e-003-1.206e-004 1.495e-004 9.611e-004-5.729e-004 2.256e-003
 8.880e+004 2.930e+000 9.000e+001 2.472e-003 3.204e-003-1.855e-004 3.317e-004 4.790e-003 3.552e-002-2.815e-004 1.417e-003 1.212e-004 1.876e-004 1.965e-003-1.187e-003-3.562e-004 2.380e-004-1.420e-003 6.340e-003
 9.000e+004 2.930e+000 1.080e+002 2.507e-003 2.069e-003-3.371e-005-3.557e-005 3.894e-003 3.189e-002-3.455e-004 3.083e-003 5.739e-005-1.135e-003 2.717e-003-1.429e-003-4.253e-004 7.496e-004-3.606e-003 1.377e-002
 9.130e+004 2.930e+000 1.290e+002 2.669e-003 2.904e-003-9.938e-005-4.344e-005 5.725e-003 4.965e-002-5.923e-004 1.237e-003 2.073e-004-5.366e-004 3.680e-003-1.931e-003-2.991e-004 1.926e-003-6.442e-003 2.803e-002
 9.250e+004 2.930e+000 1.230e+002 2.205e-003 3.264e-003 1.019e-004-4.632e-004 5.765e-003 5.742e-002-1.534e-004 8.465e-004 5.133e-004-6.188e-004 4.202e-003-4.717e-003 4.109e-005 6.946e-003-7.902e-003 3.547e-002
 9.380e+004 2.930e+000 1.170e+002 2.335e-003 1.584e-003-4.694e-005-1.278e-004 6.098e-003 4.276e-002-2.783e-004 1.341e-003 4.365e-005-5.002e-004 2.246e-003-1.869e-003 1.140e-006 9.464e-004-3.068e-003 1.722e-002
 9.500e+004 2.930e+000 1.170e+002 2.958e-003 1.787e-003-1.495e-004-6.934e-004 5.354e-003 3.880e-002-2.154e-003 4.330e-003 8.590e-004 1.359e-004 4.170e-003-4.139e-003-1.992e-003-3.351e-003-5.555e-003 2.145e-002
 9.630e+004 2.930e+000 0.000e+000 0.000e+000 0.000e+000 0.000e+000 0.000e+000 0.000e+000 0.000e+000 0.000e+000 0.000e+000 0.000e+000 0.000e+000 0.000e+000 0.000e+000 0.000e+000 0.000e+000 0.000e+000 0.000e+000
 9.750e+004 2.930e+000 0.000e+000 0.000e+000 0.000e+000 0.000e+000 0.000e+000 0.000e+000 0.000e+000 0.000e+000 0.000e+000 0.000e+000 0.000e+000 0.000e+000 0.000e+000 0.000e+000 0.000e+000 0.000e+000 0.000e+000
 9.880e+004 2.930e+000 0.000e+000 0.000e+000 0.000e+000 0.000e+000 0.000e+000 0.000e+000 0.000e+000 0.000e+000 0.000e+000 0.000e+000 0.000e+000 0.000e+000 0.000e+000 0.000e+000 0.000e+000 0.000e+000 0.000e+000
 1.000e+005 2.930e+000 0.000e+000 0.000e+000 0.000e+000 0.000e+000 0.000e+000 0.000e+000 0.000e+000 0.000e+000 0.000e+000 0.000e+000 0.000e+000 0.000e+000 0.000e+000 0.000e+000 0.000e+000 0.000e+000 0.000e+000
