 6.250e+000 2.930e+000 0.000e+000 0.000e+000 0.000e+000 0.000e+000 0.000e+000 0.000e+000 0.000e+000 0.000e+000 0.000e+000 0.000e+000 0.000e+000 0.000e+000 0.000e+000 0.000e+000 0.000e+000 0.000e+000 0.000e+000
 7.500e+000 2.930e+000 0.000e+000 0.000e+000 0.000e+000 0.000e+000 0.000e+000 0.000e+000 0.000e+000 0.000e+000 0.000e+000 0.000e+000 0.000e+000 0.000e+000 0.000e+000 0.000e+000 0.000e+000 0.000e+000 0.000e+000
 8.750e+000 2.930e+000 0.000e+000 0.000e+000 0.000e+000 0.000e+000 0.000e+000 0.000e+000 0.000e+000 0.000e+000 0.000e+000 0.000e+000 0.000e+000 0.000e+000 0.000e+000 0.000e+000 0.000e+000 0.000e+000 0.000e+000
 1.000e+001 2.930e+000 0.000e+000 0.000e+000 0.000e+000 0.000e+000 0.000e+000 0.000e+000 0.000e+000 0.000e+000 0.000e+000 0.000e+000 0.000e+000 0.000e+000 0.000e+000 0.000e+000 0.000e+000 0.000e+000 0.000e+000
 1.130e+001 2.930e+000 2.400e+001 6.021e+003-4.862e+003 9.711e+001-2.369e+003 5.367e+003 9.510e+004-3.835e+003 1.264e+004-4.833e+003-4.240e+003 4.241e+003 5.849e+002-1.916e+003 1.428e+004 8.089e+002 4.387e+004
 1.250e+001 2.930e+000 0.000e+000 0.000e+000 0.000e+000 0.000e+000 0.000e+000 0.000e+000 0.000e+000 0.000e+000 0.000e+000 0.000e+000 0.000e+000 0.000e+000 0.000e+000 0.000e+000 0.000e+000 0.000e+000 0.000e+000
 1.380e+001 2.930e+000 0.000e+000 0.000e+000 0.000e+000 0.000e+000 0.000e+000 0.000e+000 0.000e+000 0.000e+000 0.000e+000 0.000e+000 0.000e+000 0.000e+000 0.000e+000 0.000e+000 0.000e+000 0.000e+000 0.000e+000
 1.500e+001 2.930e+000 2.400e+001 5.342e+003-6.175e+003 3.495e+002-5.239e+003 3.307e+003 8.053e+004-5.266e+003 4.158e+003-4.313e+003-3.157e+003 3.867e+003 1.869e+003-2.449e+003 5.825e+003-8.428e+002 8.130e+004
 1.630e+001 2.930e+000 0.000e+000 0.000e+000 0.000e+000 0.000e+000 0.000e+000 0.000e+000 0.000e+000 0.000e+000 0.000e+000 0.000e+000 0.000e+000 0.000e+000 0.000e+000 0.000e+000 0.000e+000 0.000e+000 0.000e+000
 1.750e+001 2.930e+000 2.400e+001 5.402e+003 4.847e+001 1.745e+002-4.293e+002 2.691e+003 5.761e+004 1.049e+002 8.459e+003-4.113e+003-2.370e+003 3.369e+003-8.697e+002-3.778e+003 7.726e+003 2.351e+003 4.423e+004
 1.880e+001 2.930e+000 0.000e+000 0.000e+000 0.000e+000 0.000e+000 0.000e+000 0.000e+000 0.000e+000 0.000e+000 0.000e+000 0.000e+000 0.000e+000 0.000e+000 0.000e+000 0.000e+000 0.000e+000 0.000e+000 0.000e+000
 2.000e+001 2.930e+000 2.400e+001 7.579e+003-5.144e+003-6.126e+001 2.085e+002 2.413e+003 5.021e+004-3.446e+003 5.980e+003-5.863e+003-2.897e+003 4.854e+003-2.244e+003-5.013e+003 1.754e+004 2.337e+003 6.780e+004
 2.130e+001 2.930e+000 0.000e+000 0.000e+000 0.000e+000 0.000e+000 0.000e+000 0.000e+000 0.000e+000 0.000e+000 0.000e+000 0.000e+000 0.000e+000 0.000e+000 0.000e+000 0.000e+000 0.000e+000 0.000e+000 0.000e+000
 2.250e+001 2.930e+000 0.000e+000 0.000e+000 0.000e+000 0.000e+000 0.000e+000 0.000e+000 0.000e+000 0.000e+000 0.000e+000 0.000e+000 0.000e+000 0.000e+000 0.000e+000 0.000e+000 0.000e+000 0.000e+000 0.000e+000
 2.380e+001 2.930e+000 2.100e+001 8.566e+003-5.318e+003 1.636e+002 1.956e+003 4.719e+003 3.702e+004-3.772e+003 9.189e+003-6.993e+003-3.927e+003 6.050e+003-2.973e+003 2.259e+003 6.555e+003-3.183e+003 2.704e+004
 2.500e+001 2.930e+000 0.000e+000 0.000e+000 0.000e+000 0.000e+000 0.000e+000 0.000e+000 0.000e+000 0.000e+000 0.000e+000 0.000e+000 0.000e+000 0.000e+000 0.000e+000 0.000e+000 0.000e+000 0.000e+000 0.000e+000
 2.630e+001 2.930e+000 2.400e+001 9.332e+003-5.816e+003 6.527e+002-1.148e+002 8.297e+003 5.404e+004-3.883e+003 8.199e+003-7.518e+003-8.122e+003 6.484e+003-1.968e+003 1.673e+003-4.901e+003-2.228e+003 4.780e+004
 2.750e+001 2.930e+000 0.000e+000 0.000e+000 0.000e+000 0.000e+000 0.000e+000 0.000e+000 0.000e+000 0.000e+000 0.000e+000 0.000e+000 0.000e+000 0.000e+000 0.000e+000 0.000e+000 0.000e+000 0.000e+000 0.000e+000
 2.880e+001 2.930e+000 2.100e+001 1.451e+004-1.116e+004 5.017e+002-3.320e+003 8.831e+003 5.078e+004-8.472e+003-2.341e+003-1.178e+004-7.833e+003 9.996e+003 1.372e+003-6.503e+003-1.742e+003 4.661e+003 2.534e+004
 3.000e+001 2.930e+000 0.000e+000 0.000e+000 0.000e+000 0.000e+000 0.000e+000 0.000e+000 0.000e+000 0.000e+000 0.000e+000 0.000e+000 0.000e+000 0.000e+000 0.000e+000 0.000e+000 0.000e+000 0.000e+000 0.000e+000
 3.130e+001 2.930e+000 0.000e+000 0.000e+000 0.000e+000 0.000e+000 0.000e+000 0.000e+000 0.000e+000 0.000e+000 0.000e+000 0.000e+000 0.000e+000 0.000e+000 0.000e+000 0.000e+000 0.000e+000 0.000e+000 0.000e+000
 3.250e+001 2.930e+000 2.100e+001 1.735e+004-1.399e+004 5.984e+002 9.524e+002 1.135e+004 8.945e+004-1.028e+004 1.260e+003-1.405e+004-1.038e+004 1.189e+004-3.028e+003 4.716e+002 4.580e+003-6.143e+002 2.380e+004
 3.380e+001 2.930e+000 0.000e+000 0.000e+000 0.000e+000 0.000e+000 0.000e+000 0.000e+000 0.000e+000 0.000e+000 0.000e+000 0.000e+000 0.000e+000 0.000e+000 0.000e+000 0.000e+000 0.000e+000 0.000e+000 0.000e+000
 3.500e+001 2.930e+000 2.100e+001 3.779e+004-8.523e+004 1.369e+003 3.497e+003 4.569e+004 6.518e+006-5.194e+004-7.726e+004-3.166e+004-2.661e+004 2.743e+004-6.309e+003-1.103e+004-2.379e+005 7.516e+003 5.119e+004
 3.630e+001 2.930e+000 0.000e+000 0.000e+000 0.000e+000 0.000e+000 0.000e+000 0.000e+000 0.000e+000 0.000e+000 0.000e+000 0.000e+000 0.000e+000 0.000e+000 0.000e+000 0.000e+000 0.000e+000 0.000e+000 0.000e+000
 3.750e+001 2.930e+000 2.400e+001 1.554e+005-7.973e+004 6.116e+003 3.973e+004 6.837e+004 1.918e+005-6.280e+004 1.937e+004-1.380e+005-6.439e+004 1.241e+005-3.865e+004-2.834e+004-4.488e+003 2.736e+004 5.049e+004
 3.880e+001 2.930e+000 0.000e+000 0.000e+000 0.000e+000 0.000e+000 0.000e+000 0.000e+000 0.000e+000 0.000e+000 0.000e+000 0.000e+000 0.000e+000 0.000e+000 0.000e+000 0.000e+000 0.000e+000 0.000e+000 0.000e+000
 4.000e+001 2.930e+000 0.000e+000 0.000e+000 0.000e+000 0.000e+000 0.000e+000 0.000e+000 0.000e+000 0.000e+000 0.000e+000 0.000e+000 0.000e+000 0.000e+000 0.000e+000 0.000e+000 0.000e+000 0.000e+000 0.000e+000
 4.130e+001 2.930e+000 2.400e+001 2.977e+005-1.683e+005 1.522e+004 5.568e+004 1.076e+005 1.881e+005-1.347e+005-1.878e+004-2.576e+005-1.010e+005 2.261e+005-5.471e+004-7.036e+004-3.122e+004 6.478e+004 8.028e+004
 4.250e+001 2.930e+000 0.000e+000 0.000e+000 0.000e+000 0.000e+000 0.000e+000 0.000e+000 0.000e+000 0.000e+000 0.000e+000 0.000e+000 0.000e+000 0.000e+000 0.000e+000 0.000e+000 0.000e+000 0.000e+000 0.000e+000
 4.380e+001 2.930e+000 2.400e+001 3.261e+005-2.061e+005 1.946e+004 3.597e+004 1.475e+005 2.676e+005-1.540e+005-7.922e+003-2.792e+005-1.396e+005 2.455e+005-4.680e+004-5.914e+004 7.704e+003 5.435e+004 1.026e+005
 4.500e+001 2.930e+000 0.000e+000 0.000e+000 0.000e+000 0.000e+000 0.000e+000 0.000e+000 0.000e+000 0.000e+000 0.000e+000 0.000e+000 0.000e+000 0.000e+000 0.000e+000 0.000e+000 0.000e+000 0.000e+000 0.000e+000
 4.630e+001 2.930e+000 2.400e+001 6.516e+005-3.951e+005 5.193e+004 6.323e+004 3.546e+005 5.641e+005-2.665e+005 5.319e+004-5.577e+005-3.440e+005 5.021e+005-1.284e+005-5.050e+004 9.715e+004 5.477e+004 3.268e+005
 4.750e+001 2.930e+000 0.000e+000 0.000e+000 0.000e+000 0.000e+000 0.000e+000 0.000e+000 0.000e+000 0.000e+000 0.000e+000 0.000e+000 0.000e+000 0.000e+000 0.000e+000 0.000e+000 0.000e+000 0.000e+000 0.000e+000
 4.880e+001 2.930e+000 0.000e+000 0.000e+000 0.000e+000 0.000e+000 0.000e+000 0.000e+000 0.000e+000 0.000e+000 0.000e+000 0.000e+000 0.000e+000 0.000e+000 0.000e+000 0.000e+000 0.000e+000 0.000e+000 0.000e+000
 5.000e+001 2.930e+000 2.400e+001 7.242e+007-5.580e+007 5.348e+006-5.514e+007 4.329e+007 6.946e+007-2.283e+007-1.035e+007-3.361e+007-2.439e+007 1.619e+007 2.337e+007 2.929e+007 6.017e+007-1.763e+007 5.411e+007
 5.130e+001 2.930e+000 0.000e+000 0.000e+000 0.000e+000 0.000e+000 0.000e+000 0.000e+000 0.000e+000 0.000e+000 0.000e+000 0.000e+000 0.000e+000 0.000e+000 0.000e+000 0.000e+000 0.000e+000 0.000e+000 0.000e+000
 5.250e+001 2.930e+000 2.400e+001 5.950e+005-4.605e+005 4.301e+004-7.554e+003 3.005e+005 6.412e+005-2.974e+005 5.828e+004-4.645e+005-2.817e+005 3.831e+005-6.820e+004-1.165e+004 1.802e+005 1.114e+004 3.432e+005
 5.380e+001 2.930e+000 0.000e+000 0.000e+000 0.000e+000 0.000e+000 0.000e+000 0.000e+000 0.000e+000 0.000e+000 0.000e+000 0.000e+000 0.000e+000 0.000e+000 0.000e+000 0.000e+000 0.000e+000 0.000e+000 0.000e+000
 5.500e+001 2.930e+000 0.000e+000 0.000e+000 0.000e+000 0.000e+000 0.000e+000 0.000e+000 0.000e+000 0.000e+000 0.000e+000 0.000e+000 0.000e+000 0.000e+000 0.000e+000 0.000e+000 0.000e+000 0.000e+000 0.000e+000
 5.630e+001 2.930e+000 2.400e+001 1.954e+005-1.307e+005 1.014e+004 2.960e+004 7.423e+004 1.549e+005-9.446e+004 1.134e+003-1.630e+005-7.220e+004 1.420e+005-4.556e+004-3.872e+004 1.434e+004 3.443e+004 1.185e+005
 5.750e+001 2.930e+000 0.000e+000 0.000e+000 0.000e+000 0.000e+000 0.000e+000 0.000e+000 0.000e+000 0.000e+000 0.000e+000 0.000e+000 0.000e+000 0.000e+000 0.000e+000 0.000e+000 0.000e+000 0.000e+000 0.000e+000
 5.880e+001 2.930e+000 2.400e+001 1.311e+005-9.221e+004 5.410e+003 1.348e+004 4.329e+004 1.041e+005-7.177e+004-6.115e+003-1.107e+005-4.132e+004 9.633e+004-2.030e+004-2.946e+004 1.550e+003 2.602e+004 6.125e+004
 6.000e+001 2.930e+000 0.000e+000 0.000e+000 0.000e+000 0.000e+000 0.000e+000 0.000e+000 0.000e+000 0.000e+000 0.000e+000 0.000e+000 0.000e+000 0.000e+000 0.000e+000 0.000e+000 0.000e+000 0.000e+000 0.000e+000
 6.130e+001 2.930e+000 2.400e+001 1.199e+005-7.803e+004 2.387e+003 2.078e+004 5.420e+004 9.125e+004-6.383e+004-1.888e+004-1.027e+005-4.926e+004 8.931e+004-2.173e+004-5.177e+004-2.659e+004 4.509e+004 5.155e+004
 6.250e+001 2.930e+000 0.000e+000 0.000e+000 0.000e+000 0.000e+000 0.000e+000 0.000e+000 0.000e+000 0.000e+000 0.000e+000 0.000e+000 0.000e+000 0.000e+000 0.000e+000 0.000e+000 0.000e+000 0.000e+000 0.000e+000
 6.380e+001 2.930e+000 0.000e+000 0.000e+000 0.000e+000 0.000e+000 0.000e+000 0.000e+000 0.000e+000 0.000e+000 0.000e+000 0.000e+000 0.000e+000 0.000e+000 0.000e+000 0.000e+000 0.000e+000 0.000e+000 0.000e+000
 6.500e+001 2.930e+000 2.400e+001 2.707e+004-1.935e+004 7.166e+001 8.203e+002 1.164e+004 3.815e+004-1.429e+004-1.320e+002-2.177e+004-1.086e+004 1.828e+004-3.286e+003-9.356e+003 6.513e+002 7.521e+003 2.207e+004
 6.630e+001 2.930e+000 0.000e+000 0.000e+000 0.000e+000 0.000e+000 0.000e+000 0.000e+000 0.000e+000 0.000e+000 0.000e+000 0.000e+000 0.000e+000 0.000e+000 0.000e+000 0.000e+000 0.000e+000 0.000e+000 0.000e+000
 6.750e+001 2.930e+000 2.400e+001 1.103e+004-7.620e+003 1.940e+002-2.134e+003 3.463e+003 2.179e+004-4.844e+003 8.550e+001-8.355e+003-3.500e+003 6.899e+003-6.657e+002-5.323e+003 6.767e+003 3.788e+003 1.962e+004
 6.880e+001 2.930e+000 0.000e+000 0.000e+000 0.000e+000 0.000e+000 0.000e+000 0.000e+000 0.000e+000 0.000e+000 0.000e+000 0.000e+000 0.000e+000 0.000e+000 0.000e+000 0.000e+000 0.000e+000 0.000e+000 0.000e+000
 7.000e+001 2.930e+000 2.400e+001 1.057e+004-8.904e+003 4.555e+002 1.841e+003 2.484e+003 2.000e+004-6.487e+003 1.194e+003-8.226e+003-2.661e+003 6.775e+003-2.966e+003-1.244e+003-2.146e+002 1.139e+003 1.287e+004
 7.130e+001 2.930e+000 0.000e+000 0.000e+000 0.000e+000 0.000e+000 0.000e+000 0.000e+000 0.000e+000 0.000e+000 0.000e+000 0.000e+000 0.000e+000 0.000e+000 0.000e+000 0.000e+000 0.000e+000 0.000e+000 0.000e+000
 7.250e+001 2.930e+000 0.000e+000 0.000e+000 0.000e+000 0.000e+000 0.000e+000 0.000e+000 0.000e+000 0.000e+000 0.000e+000 0.000e+000 0.000e+000 0.000e+000 0.000e+000 0.000e+000 0.000e+000 0.000e+000 0.000e+000
 7.380e+001 2.930e+000 2.400e+001 1.074e+004-7.909e+003 4.574e+002-6.282e+002 3.153e+003 2.179e+004-5.686e+003 2.678e+003-8.601e+003-3.504e+003 7.236e+003-8.079e+002-2.311e+003 5.263e+003 1.350e+003 1.531e+004
 7.500e+001 2.930e+000 0.000e+000 0.000e+000 0.000e+000 0.000e+000 0.000e+000 0.000e+000 0.000e+000 0.000e+000 0.000e+000 0.000e+000 0.000e+000 0.000e+000 0.000e+000 0.000e+000 0.000e+000 0.000e+000 0.000e+000
 7.630e+001 2.930e+000 2.400e+001 5.595e+003-4.397e+003 3.767e+001 7.426e+002 1.672e+003 1.348e+004-3.240e+003-1.433e+003-4.553e+003-1.393e+003 3.966e+003-1.666e+003-1.828e+003 2.402e+003 1.445e+003 1.306e+004
 7.750e+001 2.930e+000 0.000e+000 0.000e+000 0.000e+000 0.000e+000 0.000e+000 0.000e+000 0.000e+000 0.000e+000 0.000e+000 0.000e+000 0.000e+000 0.000e+000 0.000e+000 0.000e+000 0.000e+000 0.000e+000 0.000e+000
 7.880e+001 2.930e+000 2.400e+001 4.590e+003-4.562e+003 2.524e+002-2.122e+002 8.370e+002 1.790e+004-3.209e+003 6.076e+003-3.534e+003-1.427e+003 2.977e+003-9.677e+002 9.619e+002 4.162e+003-1.149e+003 1.315e+004
 8.000e+001 2.930e+000 0.000e+000 0.000e+000 0.000e+000 0.000e+000 0.000e+000 0.000e+000 0.000e+000 0.000e+000 0.000e+000 0.000e+000 0.000e+000 0.000e+000 0.000e+000 0.000e+000 0.000e+000 0.000e+000 0.000e+000
 8.130e+001 2.930e+000 0.000e+000 0.000e+000 0.000e+000 0.000e+000 0.000e+000 0.000e+000 0.000e+000 0.000e+000 0.000e+000 0.000e+000 0.000e+000 0.000e+000 0.000e+000 0.000e+000 0.000e+000 0.000e+000 0.000e+000
 8.250e+001 2.930e+000 2.400e+001 3.083e+003-1.139e+003 9.835e+000 4.773e+002 9.475e+002 8.863e+003-6.787e+002-3.344e+002-2.410e+003-8.663e+002 2.033e+003-9.304e+002-6.195e+002 3.040e+003 3.988e+002 7.916e+003
 8.380e+001 2.930e+000 0.000e+000 0.000e+000 0.000e+000 0.000e+000 0.000e+000 0.000e+000 0.000e+000 0.000e+000 0.000e+000 0.000e+000 0.000e+000 0.000e+000 0.000e+000 0.000e+000 0.000e+000 0.000e+000 0.000e+000
 8.500e+001 2.930e+000 2.400e+001 2.629e+003-1.724e+003 4.813e+001-8.077e+002-1.973e+002 8.195e+003-1.272e+003 4.359e+002-1.994e+003-9.380e-001 1.652e+003 1.116e+002-7.528e+002 5.102e+002 4.581e+002 5.525e+003
 8.630e+001 2.930e+000 0.000e+000 0.000e+000 0.000e+000 0.000e+000 0.000e+000 0.000e+000 0.000e+000 0.000e+000 0.000e+000 0.000e+000 0.000e+000 0.000e+000 0.000e+000 0.000e+000 0.000e+000 0.000e+000 0.000e+000
 8.750e+001 2.930e+000 2.400e+001 3.366e+003-3.962e+003 1.712e+002-3.618e+002 5.273e+002 1.297e+004-2.990e+003 7.492e+002-2.633e+003-7.716e+002 2.201e+003-6.575e+001-5.725e+002 1.995e+003 3.495e+002 5.182e+003
 8.880e+001 2.930e+000 0.000e+000 0.000e+000 0.000e+000 0.000e+000 0.000e+000 0.000e+000 0.000e+000 0.000e+000 0.000e+000 0.000e+000 0.000e+000 0.000e+000 0.000e+000 0.000e+000 0.000e+000 0.000e+000 0.000e+000
 9.000e+001 2.930e+000 0.000e+000 0.000e+000 0.000e+000 0.000e+000 0.000e+000 0.000e+000 0.000e+000 0.000e+000 0.000e+000 0.000e+000 0.000e+000 0.000e+000 0.000e+000 0.000e+000 0.000e+000 0.000e+000 0.000e+000
 9.130e+001 2.930e+000 2.400e+001 3.959e+003-3.551e+003 5.091e+001 8.941e+002 9.280e+002 9.733e+003-2.802e+003-9.969e+001-3.135e+003-8.775e+002 2.585e+003-1.000e+003-7.090e+002-8.156e+002 4.105e+002 4.120e+003
 9.250e+001 2.930e+000 0.000e+000 0.000e+000 0.000e+000 0.000e+000 0.000e+000 0.000e+000 0.000e+000 0.000e+000 0.000e+000 0.000e+000 0.000e+000 0.000e+000 0.000e+000 0.000e+000 0.000e+000 0.000e+000 0.000e+000
 9.380e+001 2.930e+000 2.400e+001 2.034e+003-2.585e+003 4.984e+001-4.180e+002 7.151e+002 9.669e+003-2.045e+003 3.980e+002-1.609e+003-8.692e+002 1.391e+003-6.309e+001-2.989e+002 1.036e+003 1.635e+002 4.194e+003
 9.500e+001 2.930e+000 0.000e+000 0.000e+000 0.000e+000 0.000e+000 0.000e+000 0.000e+000 0.000e+000 0.000e+000 0.000e+000 0.000e+000 0.000e+000 0.000e+000 0.000e+000 0.000e+000 0.000e+000 0.000e+000 0.000e+000
 9.630e+001 2.930e+000 2.400e+001 4.503e+003-4.159e+003 8.741e+001 1.734e+003-1.216e+002 9.308e+003-3.407e+003-1.285e+003-3.694e+003-6.529e+001 3.146e+003-1.634e+003-1.844e+003-2.009e+003 1.615e+003 3.567e+003
 9.750e+001 2.930e+000 0.000e+000 0.000e+000 0.000e+000 0.000e+000 0.000e+000 0.000e+000 0.000e+000 0.000e+000 0.000e+000 0.000e+000 0.000e+000 0.000e+000 0.000e+000 0.000e+000 0.000e+000 0.000e+000 0.000e+000
 9.880e+001 2.930e+000 0.000e+000 0.000e+000 0.000e+000 0.000e+000 0.000e+000 0.000e+000 0.000e+000 0.000e+000 0.000e+000 0.000e+000 0.000e+000 0.000e+000 0.000e+000 0.000e+000 0.000e+000 0.000e+000 0.000e+000
 1.000e+002 2.930e+000 3.000e+001 3.099e+003 3.224e+002 9.631e+002-5.017e+002-1.718e+003 2.099e+004 1.380e+002 8.683e+002-2.559e+003 1.453e+003 3.503e+003-1.619e+002 3.787e+002-2.111e+002-1.398e+003 2.486e+003
 1.130e+002 2.930e+000 5.100e+001 2.560e+003-3.077e+003 1.893e+002-7.821e+002-1.848e+002 1.410e+004-2.493e+003 8.366e+002-1.967e+003-1.122e+002 1.658e+003 2.157e+002-1.321e+001 1.702e+003-3.075e+002 7.096e+003
 1.250e+002 2.930e+000 4.500e+001 2.185e+003-3.558e+003 1.305e+002-2.361e+001-3.651e+002 1.585e+004-3.021e+003 2.178e+003-1.751e+003 8.067e+001 1.509e+003-4.592e+002 2.645e+002 8.672e+001-3.326e+002 7.658e+003
 1.380e+002 2.930e+000 3.600e+001 1.637e+003-2.584e+003 5.029e+001 1.434e+002-3.863e+002 9.856e+003-2.257e+003 1.256e+003-1.382e+003 2.105e+002 1.230e+003-3.360e+002 3.025e+001-6.178e+002-1.711e+002 3.349e+003
 1.500e+002 2.930e+000 3.900e+001 3.733e+003-5.558e+003-3.001e+002 4.271e+002-8.380e+002 1.643e+004-5.154e+003-3.111e+002-3.602e+003 1.515e+003 3.752e+003-5.586e+002-3.679e+002-8.987e+002 2.454e+002 1.579e+003
 1.630e+002 2.930e+000 5.400e+001 3.613e+003-6.167e+003 1.236e+002 1.019e+002-1.867e+003 2.046e+004-5.478e+003 1.868e+003-3.142e+003 1.178e+003 2.821e+003-4.040e+002-4.468e+002-2.602e+002 1.859e+002 8.148e+003
 1.750e+002 2.930e+000 5.100e+001 6.835e+003-8.754e+003 1.742e+002 1.251e+003-3.261e+003 2.381e+004-7.816e+003 2.254e+003-6.017e+003 2.382e+003 5.406e+003-1.591e+003-1.652e+003-1.368e+003 1.141e+003 1.533e+004
 1.880e+002 2.930e+000 4.500e+001 1.349e+004-1.316e+004 3.348e+002 2.830e+003-1.130e+003 2.256e+004-1.185e+004-3.624e+003-1.217e+004 6.634e+002 1.106e+004-2.555e+003-8.210e+003-3.092e+003 7.597e+003 1.467e+004
 2.000e+002 2.930e+000 5.400e+001 2.893e+005 2.182e+004 1.210e+004 7.722e+004 8.368e+004 1.530e+005 2.782e+004 1.596e+005-2.704e+005-7.680e+004 2.536e+005-4.854e+004-4.644e+005-2.221e+005 4.394e+005 9.669e+005
 2.130e+002 2.930e+000 4.800e+001 8.343e+003-1.833e+004 4.565e+002 5.187e+003 5.182e+002 5.513e+004-1.597e+004 1.679e+004-7.344e+003-1.648e+003 6.581e+003-5.191e+003 4.717e+003-1.146e+004-3.995e+003 2.272e+004
 2.250e+002 2.930e+000 1.050e+002 4.225e+004-9.023e+004 1.705e+003 5.176e+003-2.543e+004 2.313e+005-8.101e+004 5.317e+004-3.730e+004 1.844e+004 3.317e+004-6.197e+003 2.327e+004-2.593e+004-2.083e+004 3.524e+004
 2.380e+002 2.930e+000 9.600e+001 2.237e+005-4.383e+005 9.364e+003-6.706e+003-1.648e+005 1.001e+006-3.949e+005 2.270e+005-1.981e+005 1.270e+005 1.760e+005 5.466e+002 1.121e+005-6.575e+004-1.003e+005 7.880e+004
 2.500e+002 2.930e+000 9.600e+001 8.335e+006-1.536e+007 3.446e+005-3.228e+005-6.191e+006 3.309e+007-1.388e+007 6.570e+006-7.392e+006 4.846e+006 6.572e+006 1.458e+005 3.448e+006-1.885e+006-3.082e+006 1.581e+006
 2.630e+002 2.930e+000 9.600e+001 1.849e+005-3.210e+005 7.569e+003-9.179e+003-1.433e+005 6.906e+005-2.897e+005 1.083e+005-1.636e+005 1.133e+005 1.451e+005 5.363e+003 5.799e+004-2.518e+004-5.232e+004 3.801e+004
 2.750e+002 2.930e+000 1.050e+002 4.699e+004-7.595e+004 1.396e+003 2.004e+003-3.842e+004 1.759e+005-6.843e+004 1.993e+004-4.153e+004 3.146e+004 3.688e+004-2.504e+003 1.065e+004-1.245e+004-9.926e+003 2.170e+004
 2.880e+002 2.930e+000 5.100e+001 1.064e+004-1.516e+004 3.898e+002 3.206e+003-7.829e+003 3.667e+004-1.364e+004-1.883e+003-9.380e+003 6.198e+003 8.344e+003-3.170e+003-5.522e+002-3.912e+003 5.323e+002 1.295e+004
 3.000e+002 2.930e+000 6.900e+001 4.058e+004-8.264e+004 2.694e+003 3.186e+004 5.390e+004 3.457e+005-7.087e+004 1.781e+005-3.718e+004-5.708e+004 3.437e+004-3.423e+004 5.305e+004 6.361e+004-4.747e+004 1.488e+005
 3.130e+002 2.930e+000 5.700e+001 7.521e+003-2.032e+004 3.496e+002 2.152e+002-1.684e+003 9.107e+004-1.786e+004 3.398e+003-6.569e+003 2.579e+002 5.825e+003-5.867e+002 1.434e+003 6.269e+003-1.728e+003 1.636e+004
 3.250e+002 2.930e+000 9.000e+001 1.735e+004-4.775e+004 1.150e+003 2.755e+003-1.210e+004 1.653e+005-4.149e+004-2.705e+004-1.478e+004 6.715e+003 1.278e+004-2.144e+003-7.804e+003 1.106e+003 6.568e+003 2.219e+004
 3.380e+002 2.930e+000 9.000e+001 6.032e+004-1.732e+005 4.317e+003 2.480e+004-6.078e+004 6.152e+005-1.515e+005-1.782e+005-5.133e+004 3.832e+004 4.407e+004-1.758e+004-5.121e+004-6.977e+003 4.496e+004 7.227e+004
 3.500e+002 2.930e+000 9.600e+001 1.653e+006-4.768e+006 1.271e+005 8.503e+005-1.765e+006 1.649e+007-4.177e+006-4.919e+006-1.403e+006 1.117e+006 1.201e+006-6.150e+005-1.400e+006-8.034e+005 1.250e+006 1.705e+006
 3.630e+002 2.930e+000 9.600e+001 5.828e+004-1.564e+005 4.348e+003 3.191e+004-6.189e+004 5.443e+005-1.370e+005-1.514e+005-4.952e+004 4.005e+004 4.250e+004-2.407e+004-4.294e+004-3.484e+004 3.835e+004 6.620e+004
 3.750e+002 2.930e+000 9.300e+001 1.400e+004-3.389e+004 7.582e+002 1.117e+004-1.178e+004 1.202e+005-2.955e+004-2.964e+004-1.198e+004 7.772e+003 1.037e+004-9.306e+003-9.500e+003-1.981e+004 8.665e+003 2.774e+004
 3.880e+002 2.930e+000 6.000e+001 6.672e+003-1.275e+004 2.431e+002 7.371e+003-3.315e+003 4.087e+004-1.134e+004-9.669e+003-5.883e+003 2.204e+003 5.254e+003-6.578e+003-3.530e+003-1.140e+004 3.238e+003 1.792e+004
 4.000e+002 2.930e+000 7.200e+001 2.518e+004-2.449e+004 1.370e+002 4.736e+004-6.576e+003 5.037e+004-2.170e+004-1.711e+004-2.272e+004 5.265e+003 2.059e+004-4.299e+004-5.687e+003-4.034e+004 4.923e+003 1.072e+005
 4.130e+002 2.930e+000 5.100e+001 2.219e+003-5.528e+003 1.152e+002 1.156e+003-2.543e+003 2.510e+004-4.831e+003-1.158e+003-1.889e+003 1.778e+003 1.659e+003-1.218e+003-1.638e+002-2.216e+003 7.465e+001 6.600e+003
 4.250e+002 2.930e+000 4.800e+001 3.156e+003-7.062e+003 3.330e+001 2.469e+003-3.902e+003 2.857e+004-6.043e+003-2.873e+003-2.684e+003 3.164e+003 2.329e+003-2.264e+003-3.693e+002-4.923e+003 1.569e+002 8.369e+003
 4.380e+002 2.930e+000 7.500e+001 1.193e+004-1.980e+004-6.720e+001 1.474e+004-1.225e+004 6.110e+004-1.705e+004-1.924e+004-1.038e+004 1.063e+004 9.097e+003-1.315e+004-2.792e+003-1.886e+004 2.104e+003 2.882e+004
 4.500e+002 2.930e+000 9.600e+001 3.598e+005-4.836e+005-4.683e+003 5.116e+005-4.206e+005 1.218e+006-4.167e+005-7.514e+005-3.153e+005 3.743e+005 2.765e+005-4.504e+005-1.188e+005-5.364e+005 9.720e+004 7.867e+005
 4.630e+002 2.930e+000 8.100e+001 1.177e+004-1.999e+004-3.852e+001 1.482e+004-1.595e+004 7.789e+004-1.725e+004-2.476e+004-1.026e+004 1.400e+004 8.993e+003-1.306e+004-3.597e+003-1.769e+004 2.963e+003 2.610e+004
 4.750e+002 2.930e+000 3.300e+001 1.267e+003-3.302e+003 6.043e+000 9.385e+002-2.884e+003 2.271e+004-2.664e+003-2.565e+003-1.068e+003 2.370e+003 9.229e+002-8.825e+002-6.075e+002-2.025e+002 4.549e+002 4.283e+003
 4.880e+002 2.930e+000 4.200e+001 1.340e+003-4.744e+003 2.226e+001 7.222e+002-2.139e+003 3.106e+004-3.870e+003-3.661e+003-1.116e+003 1.595e+003 9.548e+002-6.196e+002-6.002e+002-1.911e+003 4.707e+002 3.275e+003
 5.000e+002 2.930e+000 6.900e+001 1.772e+004-6.385e+004 1.869e+003 3.770e+004 4.937e+004 5.122e+005-5.029e+004 9.735e+004-1.599e+004-5.278e+004 1.472e+004-3.315e+004-1.204e+004-1.758e+005 1.556e+004 1.058e+005
 5.130e+002 2.930e+000 4.500e+001 1.952e+003-4.745e+003-3.947e+001 3.818e+002-7.245e+003 8.715e+004-3.342e+003 6.877e+003-1.639e+003 5.860e+003 1.418e+003-6.152e+002-9.615e+002 1.021e+004 7.297e+002 8.894e+003
 5.250e+002 2.930e+000 5.700e+001 3.725e+003-1.851e+004-1.720e+002-2.363e+003-2.354e+004 2.984e+005-1.275e+004 4.435e+003-2.940e+003 1.932e+004 2.376e+003 1.400e+003-3.690e+003 4.111e+004 3.087e+003 1.161e+004
 5.380e+002 2.930e+000 9.000e+001 2.540e+004-1.158e+005-1.211e+003-1.835e+004-1.600e+005 1.614e+006-8.316e+004 8.955e+003-2.020e+004 1.324e+005 1.622e+004 1.295e+004-2.548e+004 2.609e+005 2.116e+004 4.838e+004
 5.500e+002 2.930e+000 9.600e+001 1.619e+006-7.020e+006-8.365e+004-1.029e+006-9.708e+006 8.937e+007-5.095e+006-5.650e+005-1.293e+006 8.108e+006 1.038e+006 7.327e+005-1.591e+006 1.438e+007 1.321e+006 2.499e+006
 5.630e+002 2.930e+000 1.110e+002 3.828e+004-1.631e+005-1.866e+003-2.268e+004-2.195e+005 2.065e+006-1.170e+005-2.338e+003-3.036e+004 1.816e+005 2.428e+004 1.570e+004-3.546e+004 3.224e+005 2.932e+004 6.225e+004
 5.750e+002 2.930e+000 7.500e+001 5.341e+003-2.079e+004-1.217e+002-1.897e+003-2.680e+004 2.529e+005-1.526e+004-2.359e+003-4.226e+003 2.159e+004 3.415e+003 1.177e+003-4.425e+003 3.602e+004 3.643e+003 1.027e+004
 5.880e+002 2.930e+000 5.700e+001 2.022e+003-6.257e+003-3.705e+001-4.002e+002-8.718e+003 7.749e+004-4.658e+003-9.284e+002-1.617e+003 7.056e+003 1.330e+003 1.653e+002-1.784e+003 1.223e+004 1.407e+003 5.845e+003
 6.000e+002 2.930e+000 6.000e+001 5.386e+003-2.968e+004 7.504e+002 5.141e+003 1.489e+004 3.254e+005-2.119e+004 3.077e+004-4.517e+003-1.797e+004 3.969e+003-4.668e+003-8.381e+001-2.645e+004 9.883e+002 1.354e+004
 6.130e+002 2.930e+000 3.600e+001 5.359e+002-2.194e+003-5.584e-001 4.661e+001-1.254e+003 2.935e+004-1.405e+003-9.669e+002-3.960e+002 8.737e+002 3.078e+002-5.223e+001-2.553e+002 4.040e+002 1.957e+002 1.781e+003
 6.250e+002 2.930e+000 3.600e+001 6.449e+002-9.385e+002 4.509e+001 7.003e+002 4.402e+002 2.472e+004-5.114e+002 4.496e+003-5.517e+002-5.128e+002 5.010e+002-6.991e+002-2.262e+002-1.261e+003 3.010e+002 3.771e+003
 6.380e+002 2.930e+000 6.600e+001 2.845e+003 1.077e+003 3.200e+002 3.758e+003 1.172e+004 1.174e+005 3.970e+003 2.730e+004-2.601e+003-1.109e+004 2.509e+003-3.513e+003-1.841e+003-2.280e+003 2.377e+003 1.081e+004
 6.500e+002 2.930e+000 9.600e+001 4.553e+005 4.642e+005 6.717e+004 7.013e+005 2.330e+006 1.287e+007 8.018e+005 3.901e+006-4.385e+005-2.177e+006 4.326e+005-6.389e+005-2.548e+005-5.539e+005 3.498e+005 1.248e+006
 6.630e+002 2.930e+000 4.500e+001 2.124e+003 5.518e+002 1.479e+002 2.879e+003 6.115e+003 4.396e+004 1.436e+003 1.305e+004-1.977e+003-5.936e+003 1.890e+003-2.716e+003-1.278e+003-2.646e+003 1.425e+003 7.579e+003
 6.750e+002 2.930e+000 3.900e+001 1.497e+003-1.386e+003 3.705e+001 1.360e+003-4.367e+002 1.594e+004-9.332e+002 3.384e+003-1.351e+003 2.924e+002 1.247e+003-1.321e+003 3.470e+002-8.617e+002-2.380e+002 4.043e+003
 6.880e+002 2.930e+000 3.300e+001 2.341e+002-8.127e+001 2.049e+000 2.452e+002-2.458e+001 7.003e+003-3.780e+001 1.538e+003-1.907e+002-7.719e+001 1.712e+002-3.053e+002-1.329e+002 2.439e+002 8.223e+001 3.044e+003
 7.000e+002 2.930e+000 3.600e+001 1.028e+003-9.781e+003 1.617e+002-1.530e+003-7.314e+002 1.197e+005-7.587e+003-4.217e+002-7.965e+002-1.414e+003 6.744e+002 1.129e+003-2.053e+002 2.061e+004-2.147e+002 6.325e+003
 7.130e+002 2.930e+000 3.300e+001 1.600e+002-4.485e+002 7.010e+000 2.855e+001-2.808e+002 3.952e+003-3.212e+002 4.783e+002-1.124e+002 9.797e+001 9.390e+001-1.474e+001 2.884e+001-2.664e+002-1.848e+001 8.219e+002
 7.250e+002 2.930e+000 4.500e+001 1.585e+002-4.407e+002 6.948e-002 1.596e+002-2.588e+002 6.550e+003-3.378e+002 3.878e+002-1.303e+002 1.760e+002 1.203e+002-1.639e+002-9.990e+001-3.776e+002 5.754e+001 1.589e+003
 7.380e+002 2.930e+000 3.300e+001 1.605e+002-3.921e+002 6.151e-002 8.387e+001-3.115e+002 4.036e+003-3.154e+002 3.740e+002-1.178e+002 2.007e+002 1.060e+002-1.392e+002 6.200e+001-7.301e+002-6.861e+001 1.891e+003
 7.500e+002 2.930e+000 6.300e+001 7.936e+003 1.504e+004 3.036e+002-9.582e+002-1.774e+004 8.924e+004 1.327e+004 1.335e+003-7.300e+003 1.679e+004 6.752e+003 7.832e+002 8.954e+002-7.442e+003-9.207e+002 4.788e+003
 7.630e+002 2.930e+000 2.700e+001 1.203e+002-1.979e+002 1.646e+000 6.347e+001-1.747e+002 2.304e+003-1.623e+002 9.626e+001-9.609e+001 1.479e+002 8.467e+001-5.624e+001-3.239e-001-4.000e+002 7.128e+000 9.907e+002
 7.750e+002 2.930e+000 4.500e+001 2.191e+002-4.463e+002 5.178e+000 1.586e+002-2.695e+002 4.092e+003-4.080e+002 3.171e+002-1.885e+002 1.840e+002 1.813e+002-1.829e+002 6.104e+001-1.366e+003-4.280e+001 2.136e+003
 7.880e+002 2.930e+000 3.900e+001 1.888e+002-3.756e+002 8.924e+000 1.125e+002-2.822e+002 2.996e+003-3.183e+002 1.436e+002-1.441e+002 1.929e+002 1.249e+002-1.512e+002 3.077e+001-1.207e+003-3.094e+001 1.967e+003
 8.000e+002 2.930e+000 6.000e+001 3.074e+003-1.585e+004 3.892e+002 2.727e+003 4.686e+003 1.064e+005-1.320e+004 6.459e+003-2.700e+003-6.422e+003 2.445e+003-2.486e+003 2.195e+002-1.729e+004 1.570e+002 6.232e+003
 8.130e+002 2.930e+000 3.900e+001 1.609e+002-6.893e+001 1.811e+000-3.772e+001-3.018e+002 2.251e+004-1.039e+002 1.581e+003-1.452e+002 2.711e+002 1.385e+002 1.163e-002 1.277e+002-1.393e+004-1.025e+002 9.959e+003
 8.250e+002 2.930e+000 3.600e+001 1.963e+002-4.421e+002 3.892e+000 2.086e+002-2.005e+002 3.628e+003-3.870e+002 5.903e+001-1.625e+002 1.038e+002 1.469e+002-2.032e+002 2.191e+001-1.291e+003-1.390e+001 1.486e+003
 8.380e+002 2.930e+000 6.600e+001 2.078e+003-2.762e+003-9.328e+001 1.945e+003 9.810e+002 1.421e+004-2.506e+003-5.832e+002-1.866e+003-8.754e+002 1.707e+003-1.882e+003-1.607e+003-8.273e+003 1.402e+003 7.651e+003
 8.500e+002 2.930e+000 6.000e+001 2.137e+005-2.543e+005-6.511e+003 1.826e+005 7.041e+004 3.792e+005-2.349e+005-6.374e+004-1.956e+005-5.767e+004 1.793e+005-1.710e+005-1.158e+005-2.731e+005 1.006e+005 2.362e+005
 8.630e+002 2.930e+000 3.300e+001 7.307e+002-1.469e+003-9.359e+000 9.013e+002 4.987e+002 6.237e+003-1.306e+003 1.155e+001-6.340e+002-4.733e+002 5.600e+002-7.938e+002-4.230e+002-3.294e+003 3.786e+002 2.606e+003
 8.750e+002 2.930e+000 2.400e+001 2.036e+002-5.730e+002 1.208e+001 2.174e+002-5.552e+001 3.660e+003-5.016e+002 3.483e+002-1.753e+002 7.556e+000 1.579e+002-2.028e+002 4.094e+001-1.654e+003-1.032e+001 1.242e+003
 8.880e+002 2.930e+000 6.000e+001 3.313e+002-1.185e+003 1.892e+000 5.984e+002 2.715e+002 1.653e+004-9.975e+002-2.000e+002-2.724e+002-2.581e+002 2.385e+002-5.481e+002-9.947e+001-8.626e+003 9.754e+001 6.071e+003
 9.000e+002 2.930e+000 5.100e+001 7.446e+002-4.477e+003 9.881e+000 2.082e+003-4.562e+002 1.759e+005-4.154e+003-2.874e+004-6.536e+002 6.315e+002 6.040e+002-2.063e+003-3.019e+002-8.864e+004 1.797e+002 5.207e+004
 9.130e+002 2.930e+000 3.300e+001 2.117e+003-7.894e+003 9.648e+001 2.873e+003 9.683e+002 4.897e+005-7.941e+003-9.030e+004-1.864e+003 2.479e+002 1.670e+003-3.371e+003 6.504e+001-2.492e+005-4.888e+002 1.472e+005
 9.250e+002 2.930e+000 4.500e+001 1.384e+003-4.770e+003 5.169e+001 2.978e+003-3.044e+003 5.865e+004-4.399e+003-6.456e+003-1.227e+003 2.755e+003 1.112e+003-2.803e+003 2.052e+003-3.338e+004-1.846e+003 2.240e+004
 9.380e+002 2.930e+000 9.000e+001 8.106e+003-1.932e+004 5.304e+002 1.510e+004-1.060e+004 1.014e+005-1.812e+004-2.282e+003-7.332e+003 8.513e+003 6.712e+003-1.445e+004 9.729e+003-6.730e+004-7.891e+003 5.433e+004
 9.500e+002 2.930e+000 9.300e+001 4.121e+005-1.004e+006 3.612e+004 7.559e+005-4.731e+005 3.163e+006-9.599e+005 2.010e+005-3.765e+005 3.449e+005 3.473e+005-7.304e+005 4.448e+005-2.456e+006-3.406e+005 1.950e+006
 9.630e+002 2.930e+000 6.300e+001 4.705e+003-1.184e+004 4.338e+002 8.745e+003-5.093e+003 4.824e+004-1.133e+004 2.104e+003-4.281e+003 3.542e+003 3.983e+003-8.587e+003 4.958e+003-3.373e+004-3.698e+003 2.741e+004
 9.750e+002 2.930e+000 5.700e+001 7.560e+002-3.499e+003 4.585e+001 2.079e+003-1.726e+002 3.105e+004-3.130e+003-1.395e+003-6.698e+002-4.986e+001 6.251e+002-1.906e+003 2.764e+002-1.741e+004-1.586e+002 1.192e+004
 9.880e+002 2.930e+000 5.400e+001 9.479e+002-6.690e+003 1.003e+001 3.712e+003-2.141e+002 8.653e+004-5.897e+003-3.109e+003-8.346e+002 3.489e+002 7.542e+002-3.318e+003 1.411e+002-4.618e+004-2.318e+002 2.626e+004
 1.000e+003 2.930e+000 1.230e+002 1.578e+003-4.703e+003 8.725e+001 2.881e+003-4.212e+003 1.177e+005-3.636e+003-1.637e+004-1.343e+003 3.367e+003 1.202e+003-2.350e+003 1.472e+003-5.951e+004-1.262e+003 3.842e+004
 1.130e+003 2.930e+000 2.400e+002 4.358e+004 2.001e+005 2.745e+003-1.484e+005 8.812e+004 2.486e+006 1.832e+005-3.163e+005-3.810e+004-6.099e+004 3.361e+004 1.342e+005-5.473e+004-1.687e+006 3.559e+004 1.220e+006
 1.250e+003 2.930e+000 1.200e+002 4.456e+003 7.532e+004 4.602e+002-4.267e+004-5.588e+004 2.388e+006 6.473e+004 2.848e+005-4.118e+003 6.000e+004 3.896e+003 3.834e+004 1.584e+004-1.137e+006-1.929e+004 5.865e+005
 1.380e+003 2.930e+000 6.600e+001 3.289e+002-2.607e+003 2.634e+001 2.072e+003-1.831e+003 5.059e+005-4.816e+002-1.641e+005-3.086e+002 3.020e+003 3.281e+002-1.130e+003 1.537e+003-3.580e+005-3.197e+003 3.153e+005
 1.500e+003 2.930e+000 2.700e+001 2.032e+002-1.704e+003-4.226e+000 9.457e+002 1.905e+003 9.847e+004-1.482e+003-1.569e+003-1.864e+002-1.513e+003 1.723e+002-8.220e+002-9.920e+002-5.701e+004 7.553e+002 3.405e+004
 1.630e+003 2.930e+000 4.500e+001 3.607e+002-6.776e+003-4.520e+000 3.717e+003-2.248e+002 1.443e+005-6.307e+003-8.574e+003-3.368e+002 3.162e+002 3.148e+002-3.470e+003-2.477e+002-7.958e+004 1.648e+002 4.531e+004
 1.750e+003 2.930e+000 4.800e+001 1.672e+003-2.718e+004-3.098e+001 1.641e+004-3.927e+003 4.707e+005-2.558e+004-3.918e+004-1.579e+003 4.251e+003 1.493e+003-1.550e+004 1.333e+002-2.805e+005-4.730e+002 1.726e+005
 1.880e+003 2.930e+000 7.200e+001 4.590e+003-8.136e+004-1.410e+002 4.826e+004-5.221e+003 1.523e+006-7.517e+004-2.226e+005-4.257e+003 7.522e+003 3.955e+003-4.506e+004-9.017e+003-8.943e+005 6.700e+003 5.660e+005
 2.000e+003 2.930e+000 7.200e+001 1.083e+004-1.756e+005-3.030e+002 1.012e+005-2.502e+004 3.048e+006-1.584e+005-4.242e+005-9.853e+003 2.787e+004 8.981e+003-9.209e+004-9.275e+003-1.696e+006 5.276e+003 1.009e+006
 2.130e+003 2.930e+000 4.800e+001 4.342e+003-5.443e+004-4.346e+001 3.154e+004-1.090e+004 7.830e+005-4.916e+004-1.010e+005-3.945e+003 1.058e+004 3.587e+003-2.859e+004-6.707e+002-4.285e+005 1.796e+002 2.493e+005
 2.250e+003 2.930e+000 7.200e+001 1.573e+003-1.985e+004-2.472e+001 1.170e+004-4.466e+003 2.834e+005-1.796e+004-3.250e+004-1.435e+003 4.431e+003 1.310e+003-1.063e+004 4.137e+002-1.605e+005-6.093e+002 9.573e+004
 2.380e+003 2.930e+000 7.200e+001 1.079e+004-1.253e+005-2.058e+002 7.814e+004-4.327e+004 1.706e+006-1.142e+005-1.553e+005-9.918e+003 4.272e+004 9.129e+003-7.156e+004 1.430e+004-1.011e+006-1.499e+004 6.140e+005
 2.500e+003 2.930e+000 4.500e+001 5.047e+002-5.938e+003-3.912e+000 3.497e+003-7.547e+002 8.076e+004-5.327e+003-9.619e+003-4.552e+002 7.901e+002 4.114e+002-3.149e+003-2.767e+002-4.610e+004 1.820e+002 2.767e+004
 2.630e+003 2.930e+000 7.200e+001 4.018e+003-4.638e+004-9.985e+001 2.916e+004-1.757e+004 6.170e+005-4.253e+004-8.430e+004-3.724e+003 1.746e+004 3.454e+003-2.692e+004 3.834e+003-3.563e+005-4.302e+003 2.179e+005
 2.750e+003 2.930e+000 7.200e+001 8.509e+002-1.026e+004 2.365e+000 5.753e+003-3.799e+003 1.448e+005-9.457e+003-1.851e+004-7.843e+002 3.472e+003 7.235e+002-5.299e+003 6.512e+002-7.402e+004-6.006e+002 4.087e+004
 2.880e+003 2.930e+000 4.200e+001 1.271e+002-1.499e+003-1.833e+000 9.454e+002-6.413e+002 2.267e+004-1.373e+003-3.735e+003-1.173e+002 6.177e+002 1.085e+002-8.709e+002 1.158e+002-1.274e+004-1.240e+002 7.929e+003
 3.000e+003 2.930e+000 6.900e+001 4.410e+002-5.726e+003-8.079e+000 3.697e+003-2.620e+003 9.477e+004-5.332e+003-6.603e+003-4.126e+002 2.530e+003 3.884e+002-3.471e+003 1.137e+003-5.659e+004-1.167e+003 3.649e+004
 3.130e+003 2.930e+000 6.000e+001 1.204e+002-1.283e+003-1.531e+000 9.737e+002-8.154e+002 2.236e+004-1.188e+003-3.933e+003-1.119e+002 7.800e+002 1.041e+002-9.063e+002 2.961e+002-1.384e+004-2.942e+002 9.842e+003
 3.250e+003 2.930e+000 3.900e+001 1.353e+002-1.946e+003-5.161e+000 1.505e+003-6.309e+002 3.471e+004-1.816e+003-6.862e+003-1.266e+002 6.743e+002 1.189e+002-1.427e+003 7.131e-001-2.417e+004-7.231e+001 1.928e+004
 3.380e+003 2.930e+000 6.600e+001 2.095e+002-2.608e+003 1.563e+000 1.790e+003-2.214e+003 6.461e+004-2.482e+003-9.920e+003-1.969e+002 2.085e+003 1.853e+002-1.698e+003 7.940e+002-3.437e+004-7.414e+002 2.042e+004
 3.500e+003 2.930e+000 7.200e+001 8.291e+002-1.206e+004-8.341e+000 7.588e+003-5.646e+003 2.283e+005-1.116e+004-3.729e+004-7.690e+002 5.394e+003 7.137e+002-7.050e+003 1.239e+003-1.245e+005-1.232e+003 7.507e+004
 3.630e+003 2.930e+000 4.500e+001 1.726e+003-1.684e+004 1.543e+001 1.310e+004-1.664e+004 3.365e+005-1.567e+004-5.743e+004-1.588e+003 1.519e+004 1.462e+003-1.214e+004 7.353e+003-2.033e+005-6.656e+003 1.336e+005
 3.750e+003 2.930e+000 6.900e+001 3.485e+002-5.977e+003-1.215e+000 3.804e+003-3.331e+003 1.476e+005-5.557e+003-2.054e+004-3.243e+002 3.137e+003 3.020e+002-3.543e+003 1.065e+003-8.143e+004-1.015e+003 4.839e+004
 3.880e+003 2.930e+000 7.200e+001 4.511e+002-9.392e+003-1.891e+000 5.843e+003-6.358e+003 3.162e+005-8.764e+003-4.737e+004-4.218e+002 6.020e+003 3.947e+002-5.469e+003 2.026e+003-1.607e+005-1.934e+003 9.105e+004
 4.000e+003 2.930e+000 4.200e+001 2.749e+002-5.275e+003-1.742e+000 3.698e+003-4.224e+003 1.771e+005-4.878e+003-2.853e+004-2.542e+002 3.920e+003 2.357e+002-3.446e+003 1.419e+003-9.727e+004-1.357e+003 6.230e+004
 4.130e+003 2.930e+000 7.200e+001 8.774e+002-1.777e+004-4.701e+000 1.253e+004-1.234e+004 5.509e+005-1.670e+004-7.030e+004-8.278e+002 1.176e+004 7.812e+002-1.181e+004 5.426e+003-3.381e+005-5.203e+003 2.186e+005
 4.250e+003 2.930e+000 6.900e+001 6.125e+002-2.072e+004-1.179e+001 1.316e+004-1.058e+004 9.240e+005-1.964e+004-1.800e+005-5.858e+002 1.055e+004 5.608e+002-1.258e+004 1.731e+003-4.936e+005-1.928e+003 3.009e+005
 4.380e+003 2.930e+000 4.500e+001 1.644e+002-3.570e+003 6.906e-001 2.333e+003-2.633e+003 1.277e+005-3.396e+003-1.789e+004-1.554e+002 2.478e+003 1.471e+002-2.219e+003 9.659e+002-7.000e+004-9.089e+002 4.176e+004
 4.500e+003 2.930e+000 4.500e+001 6.452e+001-1.267e+003-9.132e-001 9.483e+002-2.668e+002 4.002e+004-1.216e+003-1.837e+003-6.192e+001 2.595e+002 5.972e+001-9.170e+002 1.687e+002-2.489e+004-1.852e+002 1.864e+004
 4.630e+003 2.930e+000 5.100e+001 5.398e+001-1.320e+003 8.216e-001 7.803e+002-8.301e+002 5.255e+004-1.268e+003-6.674e+003-5.096e+001 7.543e+002 4.829e+001-7.473e+002 2.492e+002-2.548e+004-2.264e+002 1.452e+004
 4.750e+003 2.930e+000 3.900e+001 8.224e+001-1.223e+003 3.945e-001 7.065e+002-5.377e+002 2.604e+004-1.143e+003-3.184e+003-7.673e+001 4.953e+002 7.176e+001-6.634e+002 1.868e+002-1.381e+004-1.813e+002 9.241e+003
 4.880e+003 2.930e+000 7.200e+001 1.047e+002-2.373e+003 2.116e+000 9.383e+002-5.850e+002 6.453e+004-2.106e+003-2.572e+004-9.284e+001 4.772e+002 8.263e+001-8.215e+002-7.635e+002-2.094e+004 6.720e+002 1.973e+004
 5.000e+003 2.930e+000 6.600e+001 9.810e+001-1.599e+003 1.180e+000 1.117e+003-1.086e+003 4.082e+004-1.510e+003-9.583e+003-9.176e+001 9.936e+002 8.607e+001-1.052e+003 1.979e+002-2.142e+004-1.764e+002 1.463e+004
 5.130e+003 2.930e+000 3.900e+001 8.107e+001-1.060e+003 3.354e+000 3.624e+002-3.645e+002 1.674e+004-9.962e+002-5.733e+003-7.497e+001 2.943e+002 6.958e+001-3.266e+002-2.876e+002-4.204e+003 2.756e+002 3.838e+003
 5.250e+003 2.930e+000 6.000e+001 5.149e+001-4.304e+002-1.674e-001 4.896e+002-5.260e+002 1.090e+004-4.100e+002-4.724e+003-4.913e+001 5.025e+002 4.710e+001-4.730e+002 6.321e+001-5.472e+003-6.949e+001 6.035e+003
 5.380e+003 2.930e+000 6.000e+001 9.373e+001-1.117e+003 7.817e-001 9.587e+002-4.407e+002 1.828e+004-1.055e+003-6.985e+003-8.781e+001 4.044e+002 8.253e+001-9.050e+002-2.309e+002-1.266e+004 2.134e+002 1.362e+004
 5.500e+003 2.930e+000 3.600e+001 2.096e+001-1.732e+002-9.536e-002 1.930e+002-1.558e+002 3.589e+003-1.621e+002-1.450e+003-1.955e+001 1.449e+002 1.837e+001-1.826e+002-1.322e+001-1.793e+003 7.448e+000 2.236e+003
 5.630e+003 2.930e+000 6.600e+001 1.282e+002-9.426e+002 2.016e+000 1.287e+003-1.789e+002 9.114e+003-9.061e+002-3.676e+003-1.224e+002 1.514e+002 1.171e+002-1.229e+003-2.827e+002-9.731e+003 2.858e+002 1.442e+004
 5.750e+003 2.930e+000 6.300e+001 4.114e+001-3.461e+002 4.228e-001 4.321e+002-1.559e+002 4.988e+003-3.392e+002-1.531e+003-3.910e+001 1.452e+002 3.765e+001-4.297e+002-2.686e+001-4.639e+003 1.049e+001 7.167e+003
 5.880e+003 2.930e+000 3.600e+001 2.834e+001-3.910e+002-8.334e-001 4.427e+002-7.072e+001 6.137e+003-3.827e+002-1.952e+003-2.775e+001 8.010e+001 2.731e+001-4.397e+002-6.890e+001-6.293e+003 5.087e+001 7.764e+003
 6.000e+003 2.930e+000 5.700e+001 1.314e+002-1.863e+003 2.141e+000 1.652e+003-3.880e+002 3.080e+004-1.851e+003-3.649e+003-1.288e+002 3.546e+002 1.271e+002-1.651e+003 5.989e+001-2.623e+004-6.090e+001 2.504e+004
 6.130e+003 2.930e+000 6.000e+001 4.207e+001-7.109e+002 1.027e+000 5.904e+002-1.095e+002 1.418e+004-7.185e+002-8.180e+002-4.176e+001 9.973e+001 4.200e+001-6.103e+002 3.875e+001-1.185e+004-4.899e+001 1.172e+004
 6.250e+003 2.930e+000 3.600e+001 1.508e+001-2.862e+002-5.884e-001 2.646e+002-8.200e+001 7.664e+003-2.701e+002-3.286e+003-1.434e+001 1.028e+002 1.400e+001-2.709e+002-4.264e+001-6.892e+003 5.815e+000 8.769e+003
 6.380e+003 2.930e+000 6.000e+001 3.463e+001-4.109e+002 1.179e+000 3.618e+002-1.697e+002 7.202e+003-4.079e+002-1.729e+003-3.357e+001 1.550e+002 3.310e+001-3.664e+002 2.423e+001-5.690e+003-2.709e+001 5.892e+003
 6.500e+003 2.930e+000 4.200e+001 2.274e+001-2.971e+002 1.474e+000 2.567e+002-2.215e+002 7.872e+003-3.220e+002-1.048e+003-2.276e+001 2.029e+002 2.311e+001-2.756e+002 1.186e+002-5.912e+003-1.055e+002 4.846e+003
 6.630e+003 2.930e+000 2.700e+001 5.214e+000-8.593e+001 6.157e-001 5.903e+001-9.244e+001 4.842e+003-9.758e+001-8.541e+002-4.983e+000 8.002e+001 5.234e+000-7.276e+001 3.523e+001-2.756e+003-4.018e+001 2.596e+003
 6.750e+003 2.930e+000 6.900e+001 3.285e+001-5.070e+002 3.496e+000 4.106e+002-5.190e+002 1.755e+004-5.703e+002-2.305e+003-3.267e+001 4.678e+002 3.399e+001-4.682e+002 2.827e+002-1.226e+004-2.659e+002 1.028e+004
 6.880e+003 2.930e+000 6.000e+001 1.562e+001-2.729e+002 2.076e+000 2.253e+002-1.951e+002 9.148e+003-3.134e+002-1.264e+003-1.583e+001 1.625e+002 1.708e+001-2.659e+002 1.125e+002-6.834e+003-1.003e+002 6.315e+003
 7.000e+003 2.930e+000 4.200e+001 1.114e+001-2.190e+002 1.562e+000 1.758e+002-1.950e+002 9.141e+003-2.565e+002-1.540e+003-1.128e+001 1.675e+002 1.190e+001-1.996e+002 9.147e+001-5.977e+003-7.253e+001 4.513e+003
 7.130e+003 2.930e+000 5.700e+001 1.647e+001-2.558e+002 1.922e+000 2.274e+002-2.828e+002 1.012e+004-2.974e+002-1.993e+003-1.621e+001 2.421e+002 1.758e+001-2.714e+002 1.172e+002-6.267e+003-1.176e+002 5.965e+003
 7.250e+003 2.930e+000 5.700e+001 1.562e+001-3.074e+002 1.908e+000 2.386e+002-2.302e+002 1.081e+004-3.343e+002-1.856e+003-1.503e+001 1.853e+002 1.559e+001-2.641e+002 9.178e+001-6.959e+003-7.738e+001 5.748e+003
 7.380e+003 2.930e+000 3.300e+001 2.702e+000-3.478e+001 5.919e-001 2.259e+001-4.308e+001 1.689e+003-4.592e+001-1.107e+002-2.426e+000 3.214e+001 2.626e+000-3.456e+001 2.456e+001-1.097e+003-2.214e+001 1.001e+003
 7.500e+003 2.930e+000 5.100e+001 2.620e+001-3.754e+002 4.335e+000 3.083e+002-4.103e+002 1.427e+004-4.353e+002-2.344e+003-2.489e+001 3.234e+002 2.507e+001-3.423e+002 1.917e+002-8.808e+003-1.408e+002 6.506e+003
 7.630e+003 2.930e+000 3.900e+001 6.166e+000-1.054e+002 1.062e+000 8.440e+001-9.759e+001 4.447e+003-1.243e+002-6.724e+002-5.691e+000 7.536e+001 6.019e+000-1.039e+002 4.568e+001-3.103e+003-4.057e+001 2.923e+003
 7.750e+003 2.930e+000 3.300e+001 6.290e+000-1.134e+002 1.105e+000 8.858e+001-6.944e+001 4.365e+003-1.533e+002 8.728e+001-6.515e+000 4.904e+001 8.547e+000-1.464e+002 3.818e+001-3.205e+003-5.660e+001 4.044e+003
 7.880e+003 2.930e+000 4.500e+001 7.784e+000-1.164e+002 1.075e+000 9.646e+001-1.311e+002 9.261e+003-1.828e+002 1.994e+002-7.070e+000 1.002e+002 9.879e+000-1.980e+002 3.710e+001-5.262e+003-1.007e+002 7.526e+003
 8.000e+003 2.930e+000 5.700e+001 2.105e+001 6.960e+002 9.457e+000-3.248e+002-1.077e+003 9.908e+004-1.910e+002 6.080e+003-1.318e+001 9.898e+002 1.463e+001-7.827e+001 4.033e+002-4.156e+004-4.514e+002 2.070e+004
 8.130e+003 2.930e+000 3.900e+001 7.206e+000-1.513e+002 1.653e+000 8.590e+001-7.289e+001 6.156e+003-1.704e+002-5.419e+002-6.653e+000 3.192e+001 7.132e+000-1.058e+002 2.067e+001-3.159e+003-1.300e+001 3.142e+003
 8.250e+003 2.930e+000 3.600e+001 2.922e+000-3.930e+001 8.214e-001 1.841e+001-5.054e+001 2.808e+003-7.460e+001 1.332e+002-2.593e+000 4.276e+001 4.331e+000-7.565e+001 2.745e+001-2.025e+003-6.234e+001 3.333e+003
 8.380e+003 2.930e+000 3.300e+001 4.249e+000-4.970e+001 4.652e-001 1.523e+001-3.725e+001 2.145e+003-4.850e+001-6.768e+002-3.111e+000 2.467e+001 3.416e+000-4.417e+001-9.667e+000-9.772e+002-2.715e+001 3.205e+003
 8.500e+003 2.930e+000 3.300e+001 3.751e+000-5.863e+001 7.977e-001 2.290e+001-3.611e+001 1.820e+003-5.915e+001-2.706e+002-3.077e+000 1.738e+001 3.154e+000-3.392e+001 8.553e+000-8.612e+002-1.631e+001 1.704e+003
 8.630e+003 2.930e+000 4.800e+001 8.864e+000-7.564e+001 2.208e+000 7.260e+001-8.935e+001 2.665e+003-9.604e+001-1.102e+002-7.735e+000 5.947e+001 8.296e+000-1.154e+002 1.029e+002-2.328e+003-1.006e+002 4.258e+003
 8.750e+003 2.930e+000 5.100e+001 1.278e+001-1.694e+002 2.902e+000 8.498e+001-9.247e+001 4.261e+003-2.157e+002 8.335e+002-1.151e+001 6.128e+001 1.496e+001-2.165e+002 7.764e+001-4.238e+003-1.659e+002 1.008e+004
 8.880e+003 2.930e+000 3.600e+001 3.297e+000-3.939e+001 1.066e+000 1.399e+001-5.020e+001 2.175e+003-5.750e+001-1.843e+002-2.310e+000 1.950e+001 3.443e+000-4.975e+001 1.256e+001-6.800e+002-4.106e+001 2.546e+003
 9.000e+003 2.930e+000 4.500e+001 1.223e+001-8.615e+001 1.595e+000 1.210e+002-1.115e+002 2.375e+003-9.677e+001-3.596e+002-1.023e+001 7.920e+001 9.516e+000-1.366e+002 9.183e+001-2.155e+003-7.824e+001 3.706e+003
 9.130e+003 2.930e+000 4.200e+001 5.905e+000-3.710e+001 7.809e-001 6.002e+001-2.737e+001 1.464e+003-4.361e+001-6.005e+001-4.996e+000 1.743e+001 5.749e+000-9.977e+001 3.921e+001-1.059e+003-6.950e+001 4.603e+003
 9.250e+003 2.930e+000 3.900e+001 1.073e+001-7.844e+001 6.226e-001 1.768e+002-8.599e+001 1.883e+003-6.884e+001-1.699e+003-8.787e+000 6.630e+001 7.463e+000-1.538e+002 1.810e+001-1.620e+003-1.488e+001 4.717e+003
 9.380e+003 2.930e+000 4.500e+001 5.146e+000-2.280e+001 1.847e-002 6.967e+001-2.934e+001 1.276e+003-4.371e+001-7.613e+001-4.686e+000 3.366e+001 6.783e+000-1.334e+002 2.138e+001-1.625e+003-9.571e+001 6.236e+003
 9.500e+003 2.930e+000 4.500e+001 7.967e+000 1.424e+000 8.191e-001 9.568e+001-9.479e+001 3.529e+003-4.426e+001-6.537e+002-6.651e+000 6.929e+001 8.018e+000-1.422e+002 5.976e+001-1.611e+003-9.729e+001 4.932e+003
 9.630e+003 2.930e+000 3.000e+001 4.183e+000-1.942e+001 5.781e-001 3.592e+001-1.704e+001 7.749e+002-2.188e+001-2.680e+002-3.307e+000 1.238e+001 3.165e+000-4.664e+001 1.331e+001-8.066e+002-2.384e+001 2.983e+003
 9.750e+003 2.930e+000 3.300e+001 3.142e+000 5.806e+000 2.667e-001 2.648e+001-2.365e+001 1.404e+003-2.356e+001-4.852e+002-2.283e+000 3.818e+001 5.887e+000-1.391e+002 2.055e+001-1.853e+003-1.426e+002 8.252e+003
 9.880e+003 2.930e+000 5.100e+001 1.310e+001-1.264e+002 1.360e+000 1.090e+002-8.899e+001 3.672e+003-1.185e+002-5.653e+002-9.605e+000 4.863e+001 1.020e+001-1.591e+002 7.377e+000-2.025e+003-6.809e+001 5.509e+003
 1.000e+004 2.930e+000 1.530e+002 3.977e+001-3.743e+002 4.264e+000 3.364e+002-1.953e+002 8.565e+003-3.795e+002 4.062e+001-3.207e+001 1.323e+002 3.691e+001-5.461e+002 1.698e+002-8.108e+003-4.103e+002 2.196e+004
 1.130e+004 2.930e+000 2.820e+002 1.151e+001-1.476e+002 2.031e+000 8.923e+001-4.815e+001 4.692e+003-2.317e+002 1.391e+003-7.618e+000 8.607e+001 2.900e+001-5.979e+002 2.779e+001-8.736e+003-7.478e+002 4.188e+004
 1.250e+004 2.930e+000 3.030e+002 6.261e+000-6.761e+001 6.700e-001 2.855e+001-1.299e+002 1.024e+004-2.309e+002 2.918e+003-3.427e+000 1.231e+002 2.424e+001-5.140e+002 7.762e+001-1.336e+004-7.315e+002 4.482e+004
 1.380e+004 2.930e+000 3.330e+002 9.975e+000-1.351e+002 9.478e-001 4.538e+001-1.148e+002 9.909e+003-2.893e+002 4.091e+003-6.503e+000 1.913e+002 2.174e+001-4.939e+002 7.673e+001-1.770e+004-6.899e+002 5.400e+004
 1.500e+004 2.930e+000 3.930e+002 8.178e+000-1.810e+002-4.809e-001 1.507e+002-7.387e+001 8.267e+003-2.066e+002 5.515e+002-4.966e+000 1.292e+002 1.476e+001-3.712e+002 2.695e+001-1.313e+004-4.553e+002 3.939e+004
 1.630e+004 2.930e+000 4.140e+002 1.757e+001-4.295e+002 2.521e+000 1.825e+002-4.072e+002 2.774e+004-1.546e+002-9.966e+003-7.768e-001 1.420e+001 9.817e+000-2.057e+002-2.241e+002-1.521e+004-4.721e+002 6.606e+004
 1.750e+004 2.930e+000 3.030e+002 3.087e+000-1.953e+001 5.048e-001-1.258e+002 2.986e+001 3.382e+003 7.997e+000-4.704e+003 1.552e+000 7.716e+001 6.223e+000-6.754e+001-2.780e+002-1.187e+004-5.147e+002 7.449e+004
 1.880e+004 2.930e+000 2.400e+002 2.209e+000 3.323e+000 6.516e-001-1.163e+002 8.703e-001 2.534e+003-3.328e+000-9.381e+002 1.399e+000 4.010e+001 5.998e+000-8.586e+001-1.343e+002-8.344e+003-4.396e+002 5.345e+004
 2.000e+004 2.930e+000 3.150e+002 9.214e-001-1.873e+001-7.069e-001 1.082e+001-4.135e+000 4.164e+003-5.959e+001-3.311e+003-6.423e-001 2.122e+002 1.410e+001-2.733e+002-4.354e+001-9.126e+003-4.506e+002 3.269e+004
 2.130e+004 2.930e+000 3.570e+002 2.656e+000-1.897e+001-1.662e+000-2.194e+001-8.838e+000 7.617e+002 3.432e+001-1.644e+003 3.442e+000 1.802e+001 8.634e+000-1.750e+002-1.751e+002-1.307e+003-3.342e+002 2.233e+004
 2.250e+004 2.930e+000 2.370e+002 3.939e-001-4.323e+000-8.575e-003 2.103e+000 3.065e-001 5.068e+002 7.506e-002-5.295e+002 8.692e-002 1.459e+001 1.201e+000-1.289e+001-1.992e+001-1.529e+003-7.961e+001 8.110e+003
 2.380e+004 2.930e+000 3.900e+002 1.103e+001-3.567e+002-1.080e+001 8.417e+002-4.148e+002 2.872e+004 5.307e+002-4.475e+004 3.055e+000 2.630e+002 1.354e+001-9.785e+001-3.410e+002-1.729e+004-1.053e+003 8.646e+004
 2.500e+004 2.930e+000 4.290e+002 2.062e+001-1.699e+002-7.115e+000-1.701e+002-2.267e+002 4.824e+003 2.731e+002-6.988e+003 2.344e+001-1.737e+002 3.200e+001-5.699e+002-9.858e+002 9.771e+003-1.185e+003 5.942e+004
 2.630e+004 2.930e+000 2.910e+002 1.404e+000-1.917e+001-5.132e-001-8.679e+000-1.743e+001 2.939e+003 2.571e+001-1.378e+003 1.608e+000 6.975e+000 3.468e+000-4.666e+001-8.295e+001-8.059e+002-1.696e+002 1.219e+004
 2.750e+004 2.930e+000 2.460e+002 2.695e-001-1.558e+000 4.862e-002-3.155e+000 1.755e+000 4.804e+002 3.607e-001-3.551e+002 3.215e-001 1.761e+001 1.518e+000-1.586e+001-2.756e+001-1.640e+003-1.059e+002 9.156e+003
 2.880e+004 2.930e+000 2.550e+002 2.094e-001-2.077e+000 6.495e-002-3.182e+000 2.688e+000 3.833e+002-2.578e+000-2.913e+002 2.613e-001 1.614e+001 1.783e+000-2.406e+001-2.205e+001-1.455e+003-1.019e+002 7.936e+003
 3.000e+004 2.930e+000 2.460e+002 2.750e-001-4.912e+000 4.003e-002-1.340e+000-1.935e-001 6.922e+002-4.501e+000-4.422e+002 1.935e-001 1.745e+001 1.400e+000-2.108e+001-2.131e+001-1.537e+003-8.677e+001 7.312e+003
 3.130e+004 2.930e+000 2.850e+002 1.524e+000-7.225e+001-1.490e+000 1.361e+002-7.803e+001 9.133e+003 6.276e+001-6.956e+003-3.681e-001 1.330e+002 3.327e+000-3.012e+001 1.548e+001-1.106e+004-2.613e+002 2.275e+004
 3.250e+004 2.930e+000 3.510e+002 2.122e+000-1.040e+002-2.209e+000 2.013e+002-1.192e+002 1.404e+004 9.686e+001-1.054e+004-6.992e-001 2.021e+002 4.568e+000-3.871e+001 3.629e+001-1.671e+004-3.696e+002 3.233e+004
 3.380e+004 2.930e+000 2.160e+002 1.827e-001-4.212e+000-5.163e-002 1.872e+000 3.564e+000 4.630e+002 5.593e+000-7.908e+002 2.783e-001 1.854e+001 1.137e+000-1.160e+001-2.710e+001-1.498e+003-8.860e+001 7.755e+003
 3.500e+004 2.930e+000 2.220e+002 1.378e-001-2.754e+000-5.209e-002 1.863e+000 4.060e+000 2.694e+002 5.664e+000-5.960e+002 2.909e-001 1.455e+001 1.046e+000-7.847e+000-2.483e+001-1.163e+003-7.837e+001 6.581e+003
 3.630e+004 2.930e+000 2.130e+002 1.235e-001-1.669e+000-6.422e-003-1.668e-001 2.216e+000 2.202e+002 2.969e+000-3.544e+002 2.061e-001 1.043e+001 8.669e-001-4.969e+000-1.698e+001-8.201e+002-5.881e+001 4.665e+003
 3.750e+004 2.930e+000 1.650e+002 7.248e-002-9.529e-001-1.209e-002 2.797e-001 1.035e+000 1.320e+002 1.410e+000-1.818e+002 9.794e-002 6.567e+000 5.117e-001-4.183e+000-7.456e+000-4.806e+002-3.221e+001 2.407e+003
 3.880e+004 2.930e+000 1.890e+002 4.179e-002-5.185e-001-1.098e-002 5.696e-001 2.648e-001 8.170e+001 4.573e-001-9.812e+001 3.925e-002 3.650e+000 3.276e-001-3.397e+000-3.099e+000-2.586e+002-1.750e+001 1.256e+003
 4.000e+004 2.930e+000 4.920e+002 1.519e+000-3.754e+001-6.564e-001 9.309e+001-1.165e+002 1.094e+004-3.032e+000-3.931e+003-2.224e+000 2.076e+002 4.234e+000-7.978e+001 1.472e+002-1.530e+004-2.945e+002 2.318e+004
 4.130e+004 2.930e+000 1.440e+002 2.805e-002-2.259e-001-6.146e-003 2.807e-001-2.144e-001 4.948e+001 1.479e-001-3.779e+001 3.793e-003 1.503e+000 1.110e-001-1.351e+000-5.754e-001-1.006e+002-4.924e+000 3.468e+002
 4.250e+004 2.930e+000 1.410e+002 2.250e-002-1.677e-001-2.118e-003 9.264e-002-1.264e-001 2.226e+001 4.094e-002-2.081e+001 8.801e-004 6.697e-001 8.317e-002-1.248e+000-2.559e-001-4.378e+001-2.767e+000 1.940e+002
 4.380e+004 2.930e+000 1.260e+002 2.171e-002-1.097e-001-6.549e-005 7.434e-002-2.720e-001 2.394e+001-4.228e-002-1.099e+001-2.101e-003 5.787e-001 4.378e-002-6.704e-001 3.059e-002-4.032e+001-1.723e+000 1.355e+002
 4.500e+004 2.930e+000 1.230e+002 2.205e-002-7.350e-002 2.174e-003 3.410e-002-4.716e-001 2.923e+001-8.055e-002-1.000e+001-5.482e-003 4.415e-001 3.111e-002-5.289e-001 3.745e-001-3.541e+001-1.108e+000 1.039e+002
 4.630e+004 2.930e+000 2.430e+002 9.645e-002-7.558e-001 1.998e-002 7.599e-001-4.477e+000 3.117e+002-1.537e+000-2.264e+001-3.629e-002 2.347e+000 6.895e-002-1.560e+000 3.001e+000-2.287e+002-2.214e+000 2.275e+002
 4.750e+004 2.930e+000 5.640e+002 2.295e+001-2.479e+002 8.020e-001 3.777e+002-1.101e+003 5.585e+004-1.468e+002-1.109e+004-9.975e+000 4.715e+002 4.534e+000-1.881e+002 6.564e+002-3.583e+004-2.748e+002 2.532e+004
 4.880e+004 2.930e+000 4.350e+002 9.168e+000-1.055e+002-1.121e-001 1.818e+002-4.336e+002 2.194e+004-3.927e+001-5.837e+003-3.862e+000 1.850e+002 1.730e+000-7.411e+001 2.449e+002-1.383e+004-1.071e+002 1.037e+004
 5.000e+004 2.930e+000 1.920e+002 3.757e-002-3.658e-001-2.827e-003 6.042e-001-8.426e-001 5.177e+001-7.211e-002-2.231e+001-9.062e-003 5.315e-001 2.874e-002-3.168e-001 2.143e-001-4.495e+001-9.276e-001 1.209e+002
 5.130e+004 2.930e+000 1.380e+002 1.369e-002-1.097e-001-1.007e-003 3.015e-001-1.564e-001 1.554e+001 7.219e-002-1.575e+001-2.920e-003 3.273e-001 2.248e-002-9.561e-002-1.488e-001-2.958e+001-1.132e+000 1.354e+002
 5.250e+004 2.930e+000 1.140e+002 1.103e-002-6.701e-002-2.193e-003 1.973e-001-7.204e-002 8.603e+000 1.082e-001-1.442e+001-9.553e-004 2.501e-001 2.412e-002-1.855e-001-8.290e-002-1.892e+001-1.103e+000 1.004e+002
 5.380e+004 2.930e+000 2.550e+002 5.228e-001-1.671e+000-1.323e-001-4.969e+000-5.723e+000 8.552e+001 2.979e+000-1.660e+001 4.358e-001-4.192e+000 4.796e-001-9.922e+000-1.781e+001 1.868e+002-1.566e+001 8.279e+002
 5.500e+004 2.930e+000 2.220e+002 2.658e-001-1.072e+001-3.047e-001 2.845e+001-1.293e+001 1.172e+003 1.038e+001-1.187e+003-1.375e-001 2.103e+001 5.061e-001-6.176e+000 7.506e+000-1.691e+003-4.122e+001 3.684e+003
 5.630e+004 2.930e+000 4.410e+002 2.113e+000-9.218e+001-2.775e+000 2.470e+002-1.108e+002 1.024e+004 8.395e+001-9.754e+003-1.493e+000 2.069e+002 4.981e+000-6.784e+001 8.194e+001-1.574e+004-3.989e+002 3.357e+004
 5.750e+004 2.930e+000 1.230e+002 1.070e-002-1.124e-001-1.686e-003 3.577e-001-6.026e-002 1.465e+001 1.621e-001-1.450e+001 7.172e-004 4.020e-001 2.984e-002 1.900e-001-2.025e-001-3.373e+001-1.496e+000 1.269e+002
 5.880e+004 2.930e+000 1.380e+002 8.601e-003-5.628e-002-1.449e-003 2.308e-001-1.833e-003 4.609e+000 1.368e-001-8.960e+000 1.676e-003 2.225e-001 2.956e-002 9.142e-002-2.201e-001-1.674e+001-1.408e+000 1.054e+002
 6.000e+004 2.930e+000 1.320e+002 1.283e-002-5.683e-002-9.875e-004 1.922e-001 2.617e-002 4.315e+000 1.288e-001-5.521e+000 3.605e-003 2.355e-001 2.857e-002 3.301e-001-3.719e-001-1.806e+001-1.446e+000 1.076e+002
 6.130e+004 2.930e+000 1.290e+002 7.521e-003-5.329e-002-1.484e-003 1.433e-001 2.120e-002 5.683e+000 1.459e-001-5.906e+000 3.379e-003 3.220e-001 3.148e-002 2.898e-001-2.498e-001-2.326e+001-1.621e+000 1.139e+002
 6.250e+004 2.930e+000 1.350e+002 9.931e-003-4.129e-002-1.956e-003 9.223e-002-3.707e-002 1.428e+001 9.257e-002-4.167e+000 7.079e-004 5.829e-001 3.837e-002 1.598e-001-1.119e-001-3.751e+001-1.879e+000 1.274e+002
 6.380e+004 2.930e+000 3.450e+002 1.031e+000-2.812e+000 5.951e-001-7.449e+000-6.418e+001 4.203e+003-4.244e+001 7.466e+002-1.426e+000 9.153e+001 2.486e+000-4.492e+001 9.279e+001-6.086e+003-1.409e+002 8.995e+003
 6.500e+004 2.930e+000 1.800e+002 1.380e-002-6.093e-002 2.568e-003 1.038e-001-3.599e-001 3.798e+001-2.387e-001-5.191e-001-8.297e-003 9.375e-001 4.594e-002-3.155e-001 4.428e-001-6.732e+001-2.081e+000 1.494e+002
 6.630e+004 2.930e+000 1.200e+002 7.170e-003-8.361e-002-1.975e-003 1.653e-001 3.081e-003 1.007e+001 1.175e-001-6.418e+000 4.609e-004 3.380e-001 2.354e-002 1.322e-001-1.111e-001-2.430e+001-9.760e-001 6.884e+001
 6.750e+004 2.930e+000 8.100e+001 3.118e-003-5.395e-002-9.906e-004 1.177e-001-6.514e-003 6.831e+000 7.130e-002-4.876e+000 2.297e-004 2.091e-001 1.344e-002 4.557e-002-3.129e-002-1.567e+001-6.007e-001 4.327e+001
 6.880e+004 2.930e+000 6.900e+001 2.169e-003-2.991e-002-7.427e-004 6.226e-002-1.130e-003 5.438e+000 1.046e-001-3.445e+000-1.374e-005 1.648e-001 1.170e-002 1.518e-001-2.560e-002-1.247e+001-4.823e-001 3.379e+001
 7.000e+004 2.930e+000 9.900e+001 5.318e-003-3.826e-002-1.226e-003 9.313e-002-2.732e-002 3.822e+000 4.884e-002-2.254e+000-7.694e-004 9.696e-002 9.182e-003 3.550e-002 8.829e-003-6.912e+000-2.361e-001 1.647e+001
 7.130e+004 2.930e+000 9.600e+001 2.862e-002-2.446e-001-3.271e-003 7.645e-001-1.234e+000 7.390e+001 1.359e-001-2.778e+001-1.027e-002 6.775e-001 1.302e-002-5.067e-002 1.329e+000-8.714e+001-8.824e-001 1.164e+002
 7.250e+004 2.930e+000 9.300e+001 2.822e-002-3.126e-001-4.659e-003 8.201e-001-1.340e+000 8.483e+001 1.104e-001-2.854e+001-1.507e-002 8.944e-001 1.611e-002-1.485e-001 1.458e+000-9.877e+001-1.095e+000 1.263e+002
 7.380e+004 2.930e+000 5.100e+001 2.195e-003-1.126e-002-4.995e-004 1.457e-002-3.850e-003 8.611e-001 1.814e-002-9.335e-002-1.154e-005 2.497e-002 3.582e-003 2.524e-002 4.483e-003-1.048e+000-3.604e-002 1.654e+000
 7.500e+004 2.930e+000 1.800e+001 9.773e-004-8.533e-003-6.180e-006 9.149e-003 1.416e-004 1.604e-001 5.870e-003-2.304e-002 2.499e-004 4.266e-003 1.023e-003 7.832e-003-3.427e-003-1.837e-001-5.692e-003 2.758e-001
 7.630e+004 2.930e+000 6.600e+001 1.688e-002-2.400e-001-6.671e-004 1.095e-001-2.892e-001 1.051e+001-2.829e-002-1.950e+000-3.269e-003 7.439e-002 3.579e-003-2.102e-002 1.752e-002-2.330e+000-8.264e-003 1.299e+000
 7.750e+004 2.930e+000 1.500e+001 1.465e-003-4.056e-003 1.983e-005 5.401e-003-5.668e-003 8.843e-002-1.428e-003 0.000e+000-7.481e-004 1.888e-003 7.647e-004-4.291e-003 7.547e-003-4.403e-002-5.672e-003 8.820e-002
 7.880e+004 2.930e+000 1.200e+001 4.894e-004-1.365e-003 0.000e+000 1.365e-003-1.863e-003 4.350e-002 1.859e-003 0.000e+000 0.000e+000 1.441e-003 7.650e-004 1.861e-003 1.863e-003-1.034e-004-1.443e-003 8.694e-002
 8.000e+004 2.930e+000 6.600e+001 2.571e-002-6.228e-001-1.038e-002 1.167e+000-1.070e+000 7.308e+001-6.485e-002-1.843e+001-2.204e-002 1.426e+000 3.520e-002-4.411e-001 1.401e+000-1.077e+002-2.100e+000 1.647e+002
 8.130e+004 2.930e+000 2.100e+001 1.221e-003-9.565e-003 1.476e-005 1.229e-002-1.356e-003 3.185e-001-4.711e-003-6.372e-002-4.980e-004 2.176e-003 1.271e-003-6.148e-003-6.390e-003-4.034e-001-3.977e-003 8.274e-001
 8.250e+004 2.930e+000 6.000e+000 0.000e+000 0.000e+000 0.000e+000 0.000e+000 0.000e+000 0.000e+000 0.000e+000 0.000e+000 0.000e+000 0.000e+000 5.061e-004-2.886e-003 0.000e+000 0.000e+000-3.553e-003 1.243e-001
 8.380e+004 2.930e+000 9.000e+000 7.303e-004-1.372e-003 1.525e-005 1.374e-003-1.758e-003 2.042e-002-1.450e-003 0.000e+000-4.950e-004 1.745e-003 7.558e-004-2.905e-003 1.761e-003 0.000e+000-3.496e-003 6.142e-002
 8.500e+004 2.930e+000 9.000e+000 4.852e-004-2.753e-003 0.000e+000-2.745e-003-3.468e-003 4.041e-002 0.000e+000 0.000e+000 0.000e+000 0.000e+000 5.016e-004-6.087e-003-3.459e-003 4.020e-002-3.703e-003 2.828e-001
 8.630e+004 2.930e+000 1.200e+001 2.416e-004-1.381e-003 0.000e+000 1.381e-003-1.704e-003 3.980e-002-1.456e-003 0.000e+000 0.000e+000 1.683e-003 7.471e-004-4.364e-003 1.704e-003-3.980e-002-5.044e-003 7.947e-002
 8.750e+004 2.930e+000 5.700e+001 3.849e-003-2.366e-002-1.482e-004 3.741e-002-5.932e-002 9.341e+000-1.207e-001-3.730e-001-2.935e-003 2.166e-001 9.906e-003-2.171e-001 9.300e-002-1.575e+001-3.724e-001 2.777e+001
 8.880e+004 2.930e+000 5.100e+001 2.873e-003-3.270e-002-4.443e-004 4.800e-002-2.877e-002 4.309e+000-5.092e-002-1.562e-001-1.230e-003 9.242e-002 5.417e-003-1.091e-001 4.689e-002-7.241e+000-1.635e-001 1.453e+001
 9.000e+004 2.930e+000 2.100e+001 2.379e-004-1.384e-003 0.000e+000-4.153e-003-1.610e-003 1.895e-002 0.000e+000 0.000e+000 0.000e+000 0.000e+000 1.711e-003-1.669e-002-4.831e-003 5.686e-002-2.187e-003 6.077e-001
 9.130e+004 2.930e+000 1.500e+001 2.364e-004 0.000e+000 8.441e-006-1.585e-003 0.000e+000 0.000e+000 0.000e+000 0.000e+000-2.393e-004 0.000e+000 1.212e-003-8.772e-003 1.392e-003 0.000e+000-9.309e-003 2.809e-001
 9.250e+004 2.930e+000 1.800e+001 2.346e-004 0.000e+000 8.458e-006 1.549e-003 0.000e+000 0.000e+000 0.000e+000 0.000e+000-2.370e-004 0.000e+000 1.678e-003-1.325e-002-1.386e-003 0.000e+000-7.699e-003 4.987e-001
 9.380e+004 2.930e+000 1.500e+001 0.000e+000 0.000e+000 0.000e+000 0.000e+000 0.000e+000 1.824e-002-1.459e-003 0.000e+000 0.000e+000 1.485e-003 1.188e-003-8.792e-003 0.000e+000-1.824e-002-5.977e-003 1.464e-001
 9.500e+004 2.930e+000 2.100e+001 6.928e-004-7.045e-003 1.684e-005 1.131e-002-4.579e-003 1.563e+000-2.037e-002 2.516e-001-4.661e-004 1.164e-002 1.648e-003-3.200e-002 6.175e-003-2.444e+000-2.618e-002 4.150e+000
 9.630e+004 2.930e+000 0.000e+000 0.000e+000 0.000e+000 0.000e+000 0.000e+000 0.000e+000 0.000e+000 0.000e+000 0.000e+000 0.000e+000 0.000e+000 0.000e+000 0.000e+000 0.000e+000 0.000e+000 0.000e+000 0.000e+000
 9.750e+004 2.930e+000 0.000e+000 0.000e+000 0.000e+000 0.000e+000 0.000e+000 0.000e+000 0.000e+000 0.000e+000 0.000e+000 0.000e+000 0.000e+000 0.000e+000 0.000e+000 0.000e+000 0.000e+000 0.000e+000 0.000e+000
 9.880e+004 2.930e+000 0.000e+000 0.000e+000 0.000e+000 0.000e+000 0.000e+000 0.000e+000 0.000e+000 0.000e+000 0.000e+000 0.000e+000 0.000e+000 0.000e+000 0.000e+000 0.000e+000 0.000e+000 0.000e+000 0.000e+000
 1.000e+005 2.930e+000 0.000e+000 0.000e+000 0.000e+000 0.000e+000 0.000e+000 0.000e+000 0.000e+000 0.000e+000 0.000e+000 0.000e+000 0.000e+000 0.000e+000 0.000e+000 0.000e+000 0.000e+000 0.000e+000 0.000e+000
