 6.250e+000 2.930e+000 0.000e+000 0.000e+000 0.000e+000 0.000e+000 0.000e+000 0.000e+000 0.000e+000 0.000e+000 0.000e+000 0.000e+000 0.000e+000 0.000e+000 0.000e+000 0.000e+000 0.000e+000 0.000e+000 0.000e+000
 7.500e+000 2.930e+000 0.000e+000 0.000e+000 0.000e+000 0.000e+000 0.000e+000 0.000e+000 0.000e+000 0.000e+000 0.000e+000 0.000e+000 0.000e+000 0.000e+000 0.000e+000 0.000e+000 0.000e+000 0.000e+000 0.000e+000
 8.750e+000 2.930e+000 0.000e+000 0.000e+000 0.000e+000 0.000e+000 0.000e+000 0.000e+000 0.000e+000 0.000e+000 0.000e+000 0.000e+000 0.000e+000 0.000e+000 0.000e+000 0.000e+000 0.000e+000 0.000e+000 0.000e+000
 1.000e+001 2.930e+000 0.000e+000 0.000e+000 0.000e+000 0.000e+000 0.000e+000 0.000e+000 0.000e+000 0.000e+000 0.000e+000 0.000e+000 0.000e+000 0.000e+000 0.000e+000 0.000e+000 0.000e+000 0.000e+000 0.000e+000
 1.130e+001 2.930e+000 2.400e+001 3.323e+002 7.920e+002 4.603e+001-1.579e+001 1.983e+003 9.760e+004 2.845e+002 4.706e+003-1.067e+002 1.673e+001 1.850e+002-6.792e+002-7.466e+001 1.885e+004 2.846e+001 3.467e+004
 1.250e+001 2.930e+000 0.000e+000 0.000e+000 0.000e+000 0.000e+000 0.000e+000 0.000e+000 0.000e+000 0.000e+000 0.000e+000 0.000e+000 0.000e+000 0.000e+000 0.000e+000 0.000e+000 0.000e+000 0.000e+000 0.000e+000
 1.380e+001 2.930e+000 0.000e+000 0.000e+000 0.000e+000 0.000e+000 0.000e+000 0.000e+000 0.000e+000 0.000e+000 0.000e+000 0.000e+000 0.000e+000 0.000e+000 0.000e+000 0.000e+000 0.000e+000 0.000e+000 0.000e+000
 1.500e+001 2.930e+000 2.100e+001 1.738e+002 1.161e+002-9.015e+000 5.374e+002 9.324e+002 6.918e+004 1.371e+002-4.195e+003-6.366e+001 7.188e+002 1.391e+002-6.128e+002 2.018e+001 7.847e+003-5.491e+002 2.277e+004
 1.630e+001 2.930e+000 0.000e+000 0.000e+000 0.000e+000 0.000e+000 0.000e+000 0.000e+000 0.000e+000 0.000e+000 0.000e+000 0.000e+000 0.000e+000 0.000e+000 0.000e+000 0.000e+000 0.000e+000 0.000e+000 0.000e+000
 1.750e+001 2.930e+000 2.400e+001 3.083e+002 4.836e+002 4.146e+000-8.516e+001 1.081e+003 3.985e+004 1.677e+002-5.182e+003-1.339e+002-1.578e+002 1.112e+002-5.825e+002-1.748e+002 4.948e+003-1.727e+002 2.105e+004
 1.880e+001 2.930e+000 0.000e+000 0.000e+000 0.000e+000 0.000e+000 0.000e+000 0.000e+000 0.000e+000 0.000e+000 0.000e+000 0.000e+000 0.000e+000 0.000e+000 0.000e+000 0.000e+000 0.000e+000 0.000e+000 0.000e+000
 2.000e+001 2.930e+000 2.400e+001 3.891e+002-1.626e+002 3.028e+001-3.932e+002 3.608e+002 4.229e+004-1.725e+002-1.739e+003-1.803e+002 2.424e+002 1.919e+002-6.098e+002 1.355e+002 6.796e+003-2.016e+002 1.375e+004
 2.130e+001 2.930e+000 0.000e+000 0.000e+000 0.000e+000 0.000e+000 0.000e+000 0.000e+000 0.000e+000 0.000e+000 0.000e+000 0.000e+000 0.000e+000 0.000e+000 0.000e+000 0.000e+000 0.000e+000 0.000e+000 0.000e+000
 2.250e+001 2.930e+000 0.000e+000 0.000e+000 0.000e+000 0.000e+000 0.000e+000 0.000e+000 0.000e+000 0.000e+000 0.000e+000 0.000e+000 0.000e+000 0.000e+000 0.000e+000 0.000e+000 0.000e+000 0.000e+000 0.000e+000
 2.380e+001 2.930e+000 2.100e+001 3.954e+002-5.173e+002 4.891e+001-2.349e+002 2.003e+002 1.853e+004-1.126e+002-3.418e+003-1.835e+002 1.278e+002 1.405e+002-1.376e+002 2.108e+002 1.639e+003-3.751e+002 8.592e+003
 2.500e+001 2.930e+000 0.000e+000 0.000e+000 0.000e+000 0.000e+000 0.000e+000 0.000e+000 0.000e+000 0.000e+000 0.000e+000 0.000e+000 0.000e+000 0.000e+000 0.000e+000 0.000e+000 0.000e+000 0.000e+000 0.000e+000
 2.630e+001 2.930e+000 2.400e+001 4.160e+002-3.076e+002 2.339e+001-4.485e+000 2.571e+002 2.064e+004-1.159e+002-1.706e+003-1.808e+002 8.853e+001 1.326e+002-4.382e+002-2.801e+002 9.573e+002-3.832e+001 9.687e+003
 2.750e+001 2.930e+000 0.000e+000 0.000e+000 0.000e+000 0.000e+000 0.000e+000 0.000e+000 0.000e+000 0.000e+000 0.000e+000 0.000e+000 0.000e+000 0.000e+000 0.000e+000 0.000e+000 0.000e+000 0.000e+000 0.000e+000
 2.880e+001 2.930e+000 2.400e+001 5.934e+002 3.061e+002 1.499e+001 4.671e+002 1.579e+002 1.990e+004 3.149e+002-2.070e+003-3.047e+002 1.079e+002 1.858e+002-3.534e+002 1.063e+002 2.182e+003-1.706e+002 7.510e+003
 3.000e+001 2.930e+000 0.000e+000 0.000e+000 0.000e+000 0.000e+000 0.000e+000 0.000e+000 0.000e+000 0.000e+000 0.000e+000 0.000e+000 0.000e+000 0.000e+000 0.000e+000 0.000e+000 0.000e+000 0.000e+000 0.000e+000
 3.130e+001 2.930e+000 0.000e+000 0.000e+000 0.000e+000 0.000e+000 0.000e+000 0.000e+000 0.000e+000 0.000e+000 0.000e+000 0.000e+000 0.000e+000 0.000e+000 0.000e+000 0.000e+000 0.000e+000 0.000e+000 0.000e+000
 3.250e+001 2.930e+000 2.400e+001 6.448e+002-5.027e+002 1.410e+001 3.812e+002 6.476e+002 1.576e+004-3.846e+002 1.209e+003-3.190e+002-3.852e+002 1.807e+002-3.547e+002-5.778e+002-1.788e+002 2.389e+002 6.249e+003
 3.380e+001 2.930e+000 0.000e+000 0.000e+000 0.000e+000 0.000e+000 0.000e+000 0.000e+000 0.000e+000 0.000e+000 0.000e+000 0.000e+000 0.000e+000 0.000e+000 0.000e+000 0.000e+000 0.000e+000 0.000e+000 0.000e+000
 3.500e+001 2.930e+000 2.100e+001 1.411e+003-6.533e+002 5.807e+001 9.628e+002 1.669e+002 1.350e+004-3.628e+002-1.670e+003-7.593e+002 1.972e+001 4.355e+002-6.135e+002-3.041e+002-1.280e+003 8.890e+001 5.236e+003
 3.630e+001 2.930e+000 0.000e+000 0.000e+000 0.000e+000 0.000e+000 0.000e+000 0.000e+000 0.000e+000 0.000e+000 0.000e+000 0.000e+000 0.000e+000 0.000e+000 0.000e+000 0.000e+000 0.000e+000 0.000e+000 0.000e+000
 3.750e+001 2.930e+000 2.400e+001 1.898e+003-6.217e+002 1.616e+002 2.329e+002 1.118e+003 1.895e+004-5.035e+002-1.361e+003-1.007e+003-3.805e+002 5.847e+002-3.532e+002-7.468e+001-5.691e+002-2.112e+001 7.888e+003
 3.880e+001 2.930e+000 0.000e+000 0.000e+000 0.000e+000 0.000e+000 0.000e+000 0.000e+000 0.000e+000 0.000e+000 0.000e+000 0.000e+000 0.000e+000 0.000e+000 0.000e+000 0.000e+000 0.000e+000 0.000e+000 0.000e+000
 4.000e+001 2.930e+000 0.000e+000 0.000e+000 0.000e+000 0.000e+000 0.000e+000 0.000e+000 0.000e+000 0.000e+000 0.000e+000 0.000e+000 0.000e+000 0.000e+000 0.000e+000 0.000e+000 0.000e+000 0.000e+000 0.000e+000
 4.130e+001 2.930e+000 2.400e+001 1.070e+004-3.746e+003 7.967e+002 3.735e+003 4.722e+003 1.808e+004-1.843e+003-6.689e+001-5.725e+003-2.828e+003 3.157e+003-2.164e+003-1.303e+003-4.890e+003 8.941e+002 7.090e+003
 4.250e+001 2.930e+000 0.000e+000 0.000e+000 0.000e+000 0.000e+000 0.000e+000 0.000e+000 0.000e+000 0.000e+000 0.000e+000 0.000e+000 0.000e+000 0.000e+000 0.000e+000 0.000e+000 0.000e+000 0.000e+000 0.000e+000
 4.380e+001 2.930e+000 2.400e+001 2.399e+004-1.263e+004 1.702e+003 9.073e+003 7.012e+003 3.588e+004-6.883e+003-4.095e+003-1.274e+004-4.211e+003 6.940e+003-4.962e+003-4.146e+003-1.126e+004 2.778e+003 1.163e+004
 4.500e+001 2.930e+000 0.000e+000 0.000e+000 0.000e+000 0.000e+000 0.000e+000 0.000e+000 0.000e+000 0.000e+000 0.000e+000 0.000e+000 0.000e+000 0.000e+000 0.000e+000 0.000e+000 0.000e+000 0.000e+000 0.000e+000
 4.630e+001 2.930e+000 2.400e+001 2.469e+004-7.274e+003 9.994e+002 4.657e+003 2.333e+004 7.528e+004-4.500e+003-5.525e+003-1.267e+004-1.186e+004 6.640e+003-2.866e+003-8.342e+003-2.395e+004 4.634e+003 1.388e+004
 4.750e+001 2.930e+000 0.000e+000 0.000e+000 0.000e+000 0.000e+000 0.000e+000 0.000e+000 0.000e+000 0.000e+000 0.000e+000 0.000e+000 0.000e+000 0.000e+000 0.000e+000 0.000e+000 0.000e+000 0.000e+000 0.000e+000
 4.880e+001 2.930e+000 0.000e+000 0.000e+000 0.000e+000 0.000e+000 0.000e+000 0.000e+000 0.000e+000 0.000e+000 0.000e+000 0.000e+000 0.000e+000 0.000e+000 0.000e+000 0.000e+000 0.000e+000 0.000e+000 0.000e+000
 5.000e+001 2.930e+000 2.400e+001 1.277e+006 3.453e+006-7.541e+003-1.309e+006 8.094e+005 1.004e+007 1.129e+006-1.252e+006-4.204e+005-2.867e+005 1.390e+005 4.297e+005 1.456e+005-3.523e+006-3.943e+004 1.397e+006
 5.130e+001 2.930e+000 0.000e+000 0.000e+000 0.000e+000 0.000e+000 0.000e+000 0.000e+000 0.000e+000 0.000e+000 0.000e+000 0.000e+000 0.000e+000 0.000e+000 0.000e+000 0.000e+000 0.000e+000 0.000e+000 0.000e+000
 5.250e+001 2.930e+000 2.400e+001 1.835e+004 6.693e+003 9.499e+002 8.833e+002 1.008e+004 6.328e+004 1.671e+003-5.046e+002-8.743e+003-3.931e+003 4.307e+003-1.179e+003-2.301e+003-2.065e+004 1.017e+003 1.180e+004
 5.380e+001 2.930e+000 0.000e+000 0.000e+000 0.000e+000 0.000e+000 0.000e+000 0.000e+000 0.000e+000 0.000e+000 0.000e+000 0.000e+000 0.000e+000 0.000e+000 0.000e+000 0.000e+000 0.000e+000 0.000e+000 0.000e+000
 5.500e+001 2.930e+000 0.000e+000 0.000e+000 0.000e+000 0.000e+000 0.000e+000 0.000e+000 0.000e+000 0.000e+000 0.000e+000 0.000e+000 0.000e+000 0.000e+000 0.000e+000 0.000e+000 0.000e+000 0.000e+000 0.000e+000
 5.630e+001 2.930e+000 2.400e+001 7.120e+003-4.751e+003 4.577e+002 3.131e+003 5.825e+003 2.472e+004-2.701e+003 4.239e+002-3.736e+003-3.206e+003 2.043e+003-1.978e+003-6.320e+002-8.058e+003 4.304e+002 6.767e+003
 5.750e+001 2.930e+000 0.000e+000 0.000e+000 0.000e+000 0.000e+000 0.000e+000 0.000e+000 0.000e+000 0.000e+000 0.000e+000 0.000e+000 0.000e+000 0.000e+000 0.000e+000 0.000e+000 0.000e+000 0.000e+000 0.000e+000
 5.880e+001 2.930e+000 2.400e+001 1.060e+004-4.807e+003 5.671e+002 5.157e+003 5.343e+003 1.561e+004-2.366e+003 5.057e+002-5.428e+003-2.824e+003 2.854e+003-2.708e+003-3.476e+003-6.747e+003 1.796e+003 9.758e+003
 6.000e+001 2.930e+000 0.000e+000 0.000e+000 0.000e+000 0.000e+000 0.000e+000 0.000e+000 0.000e+000 0.000e+000 0.000e+000 0.000e+000 0.000e+000 0.000e+000 0.000e+000 0.000e+000 0.000e+000 0.000e+000 0.000e+000
 6.130e+001 2.930e+000 2.400e+001 1.280e+003-7.730e+002 1.030e+002-1.577e+002 3.805e+002 1.054e+004-4.663e+002-5.173e+002-6.325e+002-2.485e+002 3.551e+002-1.245e+002-2.789e+002 7.581e+002 9.073e+000 5.405e+003
 6.250e+001 2.930e+000 0.000e+000 0.000e+000 0.000e+000 0.000e+000 0.000e+000 0.000e+000 0.000e+000 0.000e+000 0.000e+000 0.000e+000 0.000e+000 0.000e+000 0.000e+000 0.000e+000 0.000e+000 0.000e+000 0.000e+000
 6.380e+001 2.930e+000 0.000e+000 0.000e+000 0.000e+000 0.000e+000 0.000e+000 0.000e+000 0.000e+000 0.000e+000 0.000e+000 0.000e+000 0.000e+000 0.000e+000 0.000e+000 0.000e+000 0.000e+000 0.000e+000 0.000e+000
 6.500e+001 2.930e+000 2.400e+001 1.274e+003 3.946e+002 9.385e+001 2.362e+002 5.782e+002 9.066e+003 3.372e+002-2.328e+003-6.383e+002-1.655e+002 3.746e+002-4.980e+002 9.543e+001 7.789e+002-3.085e+002 7.266e+003
 6.630e+001 2.930e+000 0.000e+000 0.000e+000 0.000e+000 0.000e+000 0.000e+000 0.000e+000 0.000e+000 0.000e+000 0.000e+000 0.000e+000 0.000e+000 0.000e+000 0.000e+000 0.000e+000 0.000e+000 0.000e+000 0.000e+000
 6.750e+001 2.930e+000 2.400e+001 7.531e+002-8.902e+001 3.295e+001 1.451e+002 3.363e+002 6.168e+003-7.652e+001-2.443e+001-3.687e+002-1.986e+002 2.069e+002-1.961e+002-5.612e+002 8.469e+002 7.380e+001 5.871e+003
 6.880e+001 2.930e+000 0.000e+000 0.000e+000 0.000e+000 0.000e+000 0.000e+000 0.000e+000 0.000e+000 0.000e+000 0.000e+000 0.000e+000 0.000e+000 0.000e+000 0.000e+000 0.000e+000 0.000e+000 0.000e+000 0.000e+000
 7.000e+001 2.930e+000 2.400e+001 2.260e+002-1.885e+001-2.891e+000 3.144e+001 1.638e+002 9.017e+003-2.490e+001-1.615e+003-1.071e+002 1.411e+000 8.555e+001-2.210e+002-2.091e+002 1.401e+003 8.541e+000 4.140e+003
 7.130e+001 2.930e+000 0.000e+000 0.000e+000 0.000e+000 0.000e+000 0.000e+000 0.000e+000 0.000e+000 0.000e+000 0.000e+000 0.000e+000 0.000e+000 0.000e+000 0.000e+000 0.000e+000 0.000e+000 0.000e+000 0.000e+000
 7.250e+001 2.930e+000 0.000e+000 0.000e+000 0.000e+000 0.000e+000 0.000e+000 0.000e+000 0.000e+000 0.000e+000 0.000e+000 0.000e+000 0.000e+000 0.000e+000 0.000e+000 0.000e+000 0.000e+000 0.000e+000 0.000e+000
 7.380e+001 2.930e+000 2.400e+001 4.818e+002-1.980e+001 1.209e+001 5.015e+002 1.197e+002 3.577e+003-3.387e+001 1.461e+002-2.354e+002-2.138e+001 1.374e+002-4.051e+002-2.217e+002-1.348e+002-8.141e+001 5.162e+003
 7.500e+001 2.930e+000 0.000e+000 0.000e+000 0.000e+000 0.000e+000 0.000e+000 0.000e+000 0.000e+000 0.000e+000 0.000e+000 0.000e+000 0.000e+000 0.000e+000 0.000e+000 0.000e+000 0.000e+000 0.000e+000 0.000e+000
 7.630e+001 2.930e+000 2.100e+001 2.717e+002-1.022e+001 2.957e+000-3.763e+001 4.274e+002 2.413e+003 1.322e+000 1.117e+002-1.316e+002-2.303e+002 7.725e+001-9.194e+001-1.607e+002 2.305e+002 1.567e+001 2.618e+003
 7.750e+001 2.930e+000 0.000e+000 0.000e+000 0.000e+000 0.000e+000 0.000e+000 0.000e+000 0.000e+000 0.000e+000 0.000e+000 0.000e+000 0.000e+000 0.000e+000 0.000e+000 0.000e+000 0.000e+000 0.000e+000 0.000e+000
 7.880e+001 2.930e+000 2.100e+001 2.544e+002-1.978e+002 1.517e+001-1.273e+002 2.047e+002 4.294e+003-8.650e+001-8.809e+002-1.138e+002 1.269e+001 7.050e+001-3.308e+001 8.358e+001 3.815e+002-9.597e+001 2.355e+003
 8.000e+001 2.930e+000 0.000e+000 0.000e+000 0.000e+000 0.000e+000 0.000e+000 0.000e+000 0.000e+000 0.000e+000 0.000e+000 0.000e+000 0.000e+000 0.000e+000 0.000e+000 0.000e+000 0.000e+000 0.000e+000 0.000e+000
 8.130e+001 2.930e+000 0.000e+000 0.000e+000 0.000e+000 0.000e+000 0.000e+000 0.000e+000 0.000e+000 0.000e+000 0.000e+000 0.000e+000 0.000e+000 0.000e+000 0.000e+000 0.000e+000 0.000e+000 0.000e+000 0.000e+000
 8.250e+001 2.930e+000 2.400e+001 1.139e+002 2.430e+001 5.574e+000 5.723e+001 1.577e+000 3.207e+003-2.932e+001 1.338e+002-5.907e+001 3.594e+001 3.883e+001-8.350e+001 4.254e+000 2.140e+002-1.484e+001 1.572e+003
 8.380e+001 2.930e+000 0.000e+000 0.000e+000 0.000e+000 0.000e+000 0.000e+000 0.000e+000 0.000e+000 0.000e+000 0.000e+000 0.000e+000 0.000e+000 0.000e+000 0.000e+000 0.000e+000 0.000e+000 0.000e+000 0.000e+000
 8.500e+001 2.930e+000 1.800e+001 1.397e+002-3.358e-001-1.985e+000 1.512e+002 2.182e+000 2.548e+003 1.976e+001-2.906e+002-7.777e+001 4.152e+001 5.393e+001-1.327e+002-3.854e+001 9.687e+000-4.649e+001 1.414e+003
 8.630e+001 2.930e+000 0.000e+000 0.000e+000 0.000e+000 0.000e+000 0.000e+000 0.000e+000 0.000e+000 0.000e+000 0.000e+000 0.000e+000 0.000e+000 0.000e+000 0.000e+000 0.000e+000 0.000e+000 0.000e+000 0.000e+000
 8.750e+001 2.930e+000 2.400e+001 1.045e+002 2.195e+001-1.583e+000 4.354e+001 1.741e+002 2.753e+003-7.022e+000-9.364e+000-4.358e+001-2.256e+001 2.746e+001-8.566e+001-7.753e+001 1.436e+002 1.849e-001 2.453e+003
 8.880e+001 2.930e+000 0.000e+000 0.000e+000 0.000e+000 0.000e+000 0.000e+000 0.000e+000 0.000e+000 0.000e+000 0.000e+000 0.000e+000 0.000e+000 0.000e+000 0.000e+000 0.000e+000 0.000e+000 0.000e+000 0.000e+000
 9.000e+001 2.930e+000 0.000e+000 0.000e+000 0.000e+000 0.000e+000 0.000e+000 0.000e+000 0.000e+000 0.000e+000 0.000e+000 0.000e+000 0.000e+000 0.000e+000 0.000e+000 0.000e+000 0.000e+000 0.000e+000 0.000e+000
 9.130e+001 2.930e+000 2.400e+001 1.492e+002-1.242e+002 6.198e+000 2.070e+001 1.598e+002 3.806e+003-1.477e+001-8.156e+002-6.844e+001-2.553e+001 4.752e+001-9.723e+001-1.200e+002 5.709e+002 6.761e+000 1.695e+003
 9.250e+001 2.930e+000 0.000e+000 0.000e+000 0.000e+000 0.000e+000 0.000e+000 0.000e+000 0.000e+000 0.000e+000 0.000e+000 0.000e+000 0.000e+000 0.000e+000 0.000e+000 0.000e+000 0.000e+000 0.000e+000 0.000e+000
 9.380e+001 2.930e+000 2.100e+001 7.787e+001-9.113e+001 2.141e+000 2.193e+001 6.531e+001 1.583e+003-7.604e+001 1.873e+002-3.727e+001-2.606e+001 2.347e+001-5.397e+001 4.678e+001-3.190e+002-6.844e+001 1.200e+003
 9.500e+001 2.930e+000 0.000e+000 0.000e+000 0.000e+000 0.000e+000 0.000e+000 0.000e+000 0.000e+000 0.000e+000 0.000e+000 0.000e+000 0.000e+000 0.000e+000 0.000e+000 0.000e+000 0.000e+000 0.000e+000 0.000e+000
 9.630e+001 2.930e+000 2.400e+001 1.182e+002-1.192e+002 1.007e+001 2.265e+001-2.213e+001 2.608e+003-6.909e+001-1.390e+002-5.251e+001 1.482e+001 2.991e+001-3.157e+001 1.879e+001 1.907e-005-3.169e+000 3.434e+002
 9.750e+001 2.930e+000 0.000e+000 0.000e+000 0.000e+000 0.000e+000 0.000e+000 0.000e+000 0.000e+000 0.000e+000 0.000e+000 0.000e+000 0.000e+000 0.000e+000 0.000e+000 0.000e+000 0.000e+000 0.000e+000 0.000e+000
 9.880e+001 2.930e+000 0.000e+000 0.000e+000 0.000e+000 0.000e+000 0.000e+000 0.000e+000 0.000e+000 0.000e+000 0.000e+000 0.000e+000 0.000e+000 0.000e+000 0.000e+000 0.000e+000 0.000e+000 0.000e+000 0.000e+000
 1.000e+002 2.930e+000 4.500e+001 3.308e+002 8.962e+000 4.375e+001-2.581e+001-1.107e+002 3.433e+003 5.152e+001 1.124e+002-1.673e+002 5.319e+001 1.152e+002 1.726e+001 8.256e+001 9.072e+001-1.461e+002 1.469e+003
 1.130e+002 2.930e+000 5.100e+001 1.534e+002-2.211e+002 4.174e+000 9.413e+001 6.512e+001 3.719e+003 2.469e+001-2.336e+002-6.402e+001-1.176e+002 7.335e+001-4.126e+002-3.348e+001 1.435e+003-3.590e+002 7.953e+003
 1.250e+002 2.930e+000 3.600e+001 1.062e+002-2.567e+002 1.302e+001 7.443e+000 3.429e+001 3.827e+003 3.593e+001 1.977e+001-4.464e+001-1.474e+002 6.085e+001-3.474e+002-3.985e+001 1.652e+003-2.708e+002 6.396e+003
 1.380e+002 2.930e+000 3.000e+001 1.031e+002-2.349e+002 3.670e+000 9.387e+001 7.504e+001 1.700e+003-1.025e+002 4.061e+002-4.923e+001-9.538e+001 3.843e+001-1.705e+002-1.326e+001 7.674e+001-9.127e+001 2.834e+003
 1.500e+002 2.930e+000 4.200e+001 2.923e+002-5.755e+002 1.367e+001 3.842e+002 2.287e+002 3.744e+003-3.532e+002 1.770e+002-1.670e+002-1.201e+002 1.096e+002-2.458e+002-1.968e+001-8.980e+002 6.438e+001 9.413e+002
 1.630e+002 2.930e+000 4.800e+001 3.117e+002-7.458e+002 1.687e+001 2.870e+002 1.372e+002 3.887e+003-3.654e+002 5.368e+002-1.599e+002-1.194e+002 9.338e+001-2.262e+002 4.192e+001-5.056e+002-3.983e+001 2.182e+003
 1.750e+002 2.930e+000 3.900e+001 3.266e+002-6.149e+002 1.701e+001 2.600e+002 4.860e+001 4.494e+003-1.836e+002 8.653e+002-1.594e+002-2.431e+002 1.238e+002-5.224e+002 8.359e+000 2.143e+003-3.321e+002 7.448e+003
 1.880e+002 2.930e+000 4.800e+001 1.123e+003-1.329e+003 2.290e+001 1.062e+003-2.112e+002 6.528e+003-5.456e+002-7.272e+001-5.722e+002-3.357e+001 3.468e+002-9.796e+002-3.894e+002 1.056e+002-2.235e+002 1.078e+004
 2.000e+002 2.930e+000 6.900e+001 4.721e+004 7.209e+003 2.777e+002 2.772e+004-7.167e+003 1.517e+004 4.321e+003 8.418e+002-2.641e+004 3.896e+003 1.482e+004-1.555e+004-1.127e+004 2.995e+003 6.435e+003 2.510e+004
 2.130e+002 2.930e+000 5.400e+001 1.497e+003-2.621e+003 5.819e+001 1.400e+003-6.129e+001 1.083e+004-1.108e+003 1.238e+003-7.695e+002-2.683e+002 4.483e+002-1.073e+003 3.539e+002-1.482e+003-4.707e+002 8.656e+003
 2.250e+002 2.930e+000 1.200e+002 4.398e+003-1.268e+004 3.568e+002 4.558e+003-2.910e+002 4.730e+004-5.653e+003 7.249e+003-2.093e+003-1.358e+003 1.169e+003-3.462e+003 2.126e+003-9.300e+003-1.845e+003 3.049e+004
 2.380e+002 2.930e+000 9.600e+001 1.928e+004-5.857e+004 1.918e+003 2.365e+004 2.903e+002 1.905e+005-2.829e+004 4.263e+004-9.508e+003-6.694e+003 5.054e+003-1.416e+004 1.305e+004-6.756e+004-5.217e+003 6.222e+004
 2.500e+002 2.930e+000 9.600e+001 5.934e+005-1.811e+006 5.935e+004 7.445e+005 3.851e+004 5.647e+006-8.867e+005 1.245e+006-2.940e+005-2.076e+005 1.526e+005-4.096e+005 3.881e+005-2.242e+006-1.182e+005 1.213e+006
 2.630e+002 2.930e+000 9.300e+001 1.662e+004-4.870e+004 1.605e+003 1.947e+004 9.663e+002 1.485e+005-2.354e+004 2.945e+004-8.139e+003-5.463e+003 4.236e+003-1.111e+004 9.322e+003-5.432e+004-3.363e+003 4.277e+004
 2.750e+002 2.930e+000 1.110e+002 4.264e+003-1.124e+004 4.396e+002 4.441e+003 3.934e+002 3.354e+004-5.445e+003 6.677e+003-2.116e+003-1.473e+003 1.145e+003-2.806e+003 2.380e+003-1.062e+004-1.107e+003 1.404e+004
 2.880e+002 2.930e+000 8.400e+001 1.639e+003-3.950e+003 1.344e+002 1.539e+003 2.597e+002 1.447e+004-1.723e+003 1.683e+003-7.796e+002-7.327e+002 4.559e+002-1.335e+003 2.456e+002-1.827e+003-6.744e+002 1.484e+004
 3.000e+002 2.930e+000 4.800e+001 1.263e+003 3.059e+003-1.135e+002 4.273e+002-2.374e+003 4.057e+004 2.347e+003-2.115e+003-6.412e+002-2.925e+002 4.659e+002-7.808e+002 1.063e+003-1.492e+003-1.250e+003 1.600e+004
 3.130e+002 2.930e+000 4.800e+001 5.843e+002-7.850e+002 4.540e+001 4.150e+002-9.343e+001 4.157e+003-2.699e+002-5.157e+002-2.746e+002-1.071e+002 1.599e+002-3.630e+002-7.501e+001-4.721e+002-1.995e+002 5.793e+003
 3.250e+002 2.930e+000 6.600e+001 1.331e+003-1.804e+003 1.384e+002 1.440e+003 7.324e+002 5.251e+003-7.696e+002 7.166e+002-6.760e+002-5.888e+002 3.697e+002-7.564e+002-9.903e+001-2.099e+003 1.538e+002 3.122e+003
 3.380e+002 2.930e+000 8.400e+001 6.176e+003-6.414e+003 7.701e+002 6.316e+003 6.221e+003 1.740e+004-2.287e+003 4.304e+003-3.115e+003-4.042e+003 1.717e+003-3.223e+003-2.334e+003-8.083e+003 1.544e+003 1.577e+004
 3.500e+002 2.930e+000 9.000e+001 1.667e+005-1.537e+005 2.239e+004 1.847e+005 1.881e+005 3.720e+005-5.462e+004 1.572e+005-8.698e+004-1.186e+005 4.851e+004-9.017e+004-5.145e+004-2.321e+005 5.083e+004 2.365e+005
 3.630e+002 2.930e+000 7.500e+001 5.554e+003-5.363e+003 7.055e+002 6.708e+003 5.936e+003 1.467e+004-1.938e+003 5.854e+003-2.951e+003-3.934e+003 1.711e+003-3.843e+003-9.988e+002-6.190e+003 8.775e+002 1.832e+004
 3.750e+002 2.930e+000 7.200e+001 1.191e+003-1.358e+003 1.301e+002 1.403e+003 7.724e+002 4.893e+003-4.945e+002 5.473e+002-6.136e+002-6.365e+002 3.738e+002-1.022e+003-1.066e+002-3.922e+002-1.893e+002 9.137e+003
 3.880e+002 2.930e+000 5.100e+001 3.652e+002-4.446e+002 3.388e+001 5.431e+002 8.173e+001 2.776e+003-1.287e+002-1.273e+001-1.816e+002-1.418e+002 1.173e+002-4.201e+002 7.175e+001-1.810e+002-1.989e+002 4.549e+003
 4.000e+002 2.930e+000 6.600e+001 7.768e+002-3.269e+003 1.183e+002 1.011e+003-3.703e+002 2.161e+004-1.528e+003 1.736e+003-3.633e+002-5.130e+002 2.176e+002-7.418e+002 2.857e+002-4.489e+003-2.120e+002 6.563e+003
 4.130e+002 2.930e+000 9.000e+001 4.443e+002-7.322e+002 2.211e+001 2.803e+002-7.849e+002 7.478e+003-8.951e+001-8.312e+002-1.738e+002 2.838e+001 1.556e+002-7.439e+002-7.548e+001 2.267e+003-8.238e+002 1.542e+004
 4.250e+002 2.930e+000 6.600e+001 4.076e+002-3.415e+002-7.376e+000 4.126e+002-1.072e+003 6.688e+003 8.902e+001-1.948e+003-1.675e+002 2.825e+002 1.344e+002-6.107e+002 9.207e+001 1.444e+003-7.244e+002 1.189e+004
 4.380e+002 2.930e+000 7.800e+001 1.168e+003-7.192e+002-8.034e+001 1.429e+003-4.962e+003 2.556e+004 1.848e+002-5.711e+003-4.583e+002 1.889e+003 2.161e+002-7.052e+002 7.320e+002-3.697e+003-6.461e+002 7.136e+003
 4.500e+002 2.930e+000 9.600e+001 3.923e+004-1.804e+004-3.294e+003 5.137e+004-1.973e+005 1.008e+006 9.784e+003-2.418e+005-1.516e+004 7.747e+004 6.177e+003-1.693e+004 3.740e+004-2.120e+005-1.910e+004 1.098e+005
 4.630e+002 2.930e+000 1.050e+002 1.347e+003-1.065e+003-6.758e+001 1.359e+003-5.932e+003 3.126e+004 1.519e+002-6.432e+003-5.004e+002 2.035e+003 2.793e+002-1.066e+003 8.967e+002-2.744e+003-1.343e+003 1.838e+004
 4.750e+002 2.930e+000 8.100e+001 3.246e+002-5.736e+002-7.385e+000 3.290e+002-1.264e+003 9.699e+003-9.644e+000-1.744e+003-1.162e+002 3.036e+002 1.055e+002-5.569e+002 1.051e+002 6.214e+002-7.237e+002 1.188e+004
 4.880e+002 2.930e+000 6.900e+001 2.733e+002-6.526e+002-9.359e+000 3.716e+002-1.071e+003 9.758e+003-4.765e+001-1.326e+003-8.531e+001 1.880e+002 7.651e+001-4.805e+002-7.195e+001 2.038e+002-4.682e+002 9.353e+003
 5.000e+002 2.930e+000 6.000e+001 2.196e+003-4.698e+003 2.417e+002 3.725e+003 2.872e+003 2.712e+004-2.024e+003 1.270e+003-1.245e+003-2.561e+003 7.976e+002-2.219e+003-1.978e+003-1.351e+004 1.096e+003 1.957e+004
 5.130e+002 2.930e+000 9.600e+001 8.328e+002-1.992e+003-8.004e+000 1.052e+003-3.433e+003 2.259e+004-5.328e+002-3.496e+003-3.144e+002 1.142e+003 1.978e+002-9.198e+002 5.635e+002-3.276e+003-1.070e+003 1.631e+004
 5.250e+002 2.930e+000 9.600e+001 1.364e+003-3.385e+003-4.544e+001 2.089e+003-6.736e+003 4.484e+004-9.365e+002-6.859e+003-5.049e+002 2.496e+003 2.289e+002-9.990e+002 1.400e+003-1.144e+004-1.001e+003 1.192e+004
 5.380e+002 2.930e+000 9.600e+001 5.787e+003-1.590e+004-9.347e+001 8.227e+003-2.997e+004 2.023e+005-5.308e+003-2.230e+004-2.135e+003 1.118e+004 8.335e+002-3.210e+003 7.362e+003-6.012e+004-3.289e+003 2.866e+004
 5.500e+002 2.930e+000 9.600e+001 6.101e+005-1.702e+006-1.477e+004 9.625e+005-3.231e+006 2.189e+007-5.531e+005-2.828e+006-2.263e+005 1.239e+006 8.444e+004-3.378e+005 8.138e+005-6.998e+006-3.257e+005 2.614e+006
 5.630e+002 2.930e+000 1.200e+002 8.272e+003-2.241e+004-2.271e+002 1.276e+004-4.309e+004 2.895e+005-7.042e+003-3.769e+004-3.059e+003 1.644e+004 1.177e+003-4.667e+003 1.072e+004-9.072e+004-4.687e+003 4.061e+004
 5.750e+002 2.930e+000 9.000e+001 1.092e+003-2.902e+003-2.344e+001 1.575e+003-5.384e+003 3.627e+004-8.953e+002-4.312e+003-3.983e+002 1.974e+003 1.815e+002-7.847e+002 1.365e+003-1.072e+004-9.133e+002 1.070e+004
 5.880e+002 2.930e+000 9.000e+001 5.282e+002-1.363e+003-1.504e+001 6.304e+002-2.545e+003 1.750e+004-2.690e+002-2.708e+003-1.678e+002 7.696e+002 9.900e+001-4.875e+002 2.955e+002-2.136e+003-6.247e+002 9.520e+003
 6.000e+002 2.930e+000 1.050e+002 8.548e+002-3.353e+003-4.968e+000 2.479e+003-4.689e+003 4.263e+004-7.183e+002-1.493e+004-2.274e+002 1.091e+003 1.098e+002-8.941e+002 3.500e+001-9.771e+003-5.229e+002 1.703e+004
 6.130e+002 2.930e+000 7.200e+001 2.043e+002-5.237e+002 6.587e+000 7.449e+001-7.839e+002 5.541e+003-1.219e+002-3.433e+002-6.029e+001 1.324e+002 5.384e+001-2.560e+002 8.780e+000 6.371e+002-3.905e+002 6.352e+003
 6.250e+002 2.930e+000 6.000e+001 1.273e+002-3.810e+002 5.195e-002 1.285e+002-4.274e+002 3.649e+003-3.833e+001-5.773e+002-3.678e+001 1.210e+001 6.066e+001-3.813e+002-5.945e+001 1.168e+003-5.324e+002 9.031e+003
 6.380e+002 2.930e+000 6.600e+001 1.131e+002-3.027e+002 4.305e+000 4.979e+000-3.909e+002 4.595e+003 3.878e+001-6.858e+002-2.246e+001-9.404e+001 5.230e+001-2.814e+002-1.773e+002 1.951e+003-4.548e+002 8.018e+003
 6.500e+002 2.930e+000 6.600e+001 6.005e+003 2.140e+004 3.442e+002-4.376e+003 6.050e+004 7.383e+005 2.411e+004 1.593e+004-5.591e+003-5.695e+004 5.331e+003 5.010e+003-1.696e+004-2.009e+005 1.568e+004 6.233e+004
 6.630e+002 2.930e+000 5.400e+001 4.990e+001-7.596e+001-3.031e+000 3.600e+001-1.672e+002 2.666e+003 5.092e+001-3.149e+002-1.389e+001-4.369e+001 2.588e+001-1.276e+002-5.339e+001 3.254e+002-1.817e+002 3.351e+003
 6.750e+002 2.930e+000 5.400e+001 4.405e+001-6.690e+001-2.611e+000 6.754e+001-1.073e+002 1.056e+003 1.055e+000-1.437e+002-1.755e+001 1.737e+001 1.656e+001-7.881e+001 8.050e+000 1.095e+002-8.653e+001 1.420e+003
 6.880e+002 2.930e+000 3.900e+001 3.463e+001-7.054e+001 5.203e-001-9.124e+000-8.939e+001 6.500e+002-4.380e+000-5.049e+001-7.852e+000-1.205e+001 1.384e+001-7.118e+001-5.441e+001 4.673e+002-1.192e+002 2.202e+003
 7.000e+002 2.930e+000 6.600e+001 2.415e+002-9.422e+002 3.445e-001 4.327e+002-4.321e+002 5.670e+003-3.690e+002-3.589e+002-1.015e+002-3.727e-001 1.073e+002-5.971e+002-8.299e+001 3.046e+002-6.362e+002 1.091e+004
 7.130e+002 2.930e+000 5.100e+001 3.599e+001-8.294e+001-4.070e+000-3.567e+001-1.386e+002 1.315e+003 8.030e+001-2.681e+002 4.679e+000-1.191e+002 4.456e+001-3.061e+002-2.347e+002 2.410e+003-4.972e+002 8.669e+003
 7.250e+002 2.930e+000 5.100e+001 2.724e+001-5.852e+001-1.983e+000-2.349e+001-9.497e+001 8.018e+002 3.612e+001-2.019e+002 8.240e-001-4.992e+001 1.972e+001-1.399e+002-1.374e+002 1.174e+003-2.180e+002 4.125e+003
 7.380e+002 2.930e+000 4.200e+001 2.027e+001-4.631e+001 6.071e-001-4.295e+001-6.582e+001 6.165e+002 3.160e+001-1.460e+002 6.964e-001-4.407e+001 1.795e+001-1.096e+002-8.187e+001 9.646e+002-2.046e+002 3.490e+003
 7.500e+002 2.930e+000 9.300e+001 7.171e+002-1.183e+003-9.802e+001 7.097e+002-2.580e+003 1.262e+004 2.319e+001-2.316e+003-2.642e+002 9.416e+002 1.744e+002-5.613e+002 2.513e+002-4.369e+002-8.645e+002 1.090e+004
 7.630e+002 2.930e+000 5.400e+001 2.485e+001-6.874e+001-2.600e+000-5.478e+001-1.160e+002 1.325e+003 8.809e+001-1.516e+002 8.843e+000-1.507e+002 4.224e+001-2.818e+002-2.089e+002 2.605e+003-4.842e+002 7.984e+003
 7.750e+002 2.930e+000 5.400e+001 2.465e+001-6.516e+001 1.094e+000-4.901e+001-8.305e+001 9.138e+002 3.729e+001 3.019e+001 3.131e+000-9.784e+001 2.986e+001-1.880e+002-1.221e+002 1.646e+003-3.415e+002 5.638e+003
 7.880e+002 2.930e+000 8.400e+001 5.621e+001-1.043e+002-5.931e+000 7.137e+001-1.090e+002 9.373e+002 8.829e+000-1.341e+002-1.568e+001-3.273e+001 3.000e+001-1.790e+002-7.895e+001 8.677e+002-2.288e+002 3.889e+003
 8.000e+002 2.930e+000 9.300e+001 1.402e+002-4.810e+002 3.033e+000 4.494e+002-2.136e+002 2.827e+003-2.006e+002-6.726e+002-6.141e+001 3.300e+001 4.074e+001-2.748e+002-1.459e-001-1.438e+003-1.187e+002 3.871e+003
 8.130e+002 2.930e+000 4.500e+001 2.481e+001-4.904e+001-2.637e-001-2.082e+001-6.805e+001 6.652e+002 3.041e+001-7.129e+001-9.197e-001-6.170e+001 2.122e+001-1.309e+002-8.971e+001 1.137e+003-2.218e+002 3.728e+003
 8.250e+002 2.930e+000 5.100e+001 6.200e+001-1.050e+002 2.423e+000-3.194e+001-9.318e+001 9.750e+002 1.829e+001 3.050e+001-1.439e+001-1.003e+002 3.797e+001-1.844e+002-1.092e+002 1.674e+003-3.378e+002 5.292e+003
 8.380e+002 2.930e+000 9.300e+001 1.254e+002-4.181e+001-1.045e+001 1.653e+002-1.430e+002 1.671e+003 2.963e+001 4.992e+000-4.704e+001-6.132e+001 4.754e+001-2.346e+002-9.130e+001 8.928e+002-2.648e+002 4.664e+003
 8.500e+002 2.930e+000 8.100e+001 3.784e+003 4.233e+003-5.024e+002 6.402e+003 1.625e+003 1.939e+004 1.838e+003 7.080e+003-1.885e+003-1.877e+003 1.035e+003-3.617e+003-2.180e+003 4.552e+003 1.737e+002 1.482e+004
 8.630e+002 2.930e+000 4.500e+001 6.487e+001-3.245e+001-1.923e+000 4.581e+001-6.859e+001 9.521e+002 2.257e+001 3.345e+002-2.241e+001-9.556e+001 3.805e+001-2.010e+002-7.251e+001 1.303e+003-2.791e+002 4.475e+003
 8.750e+002 2.930e+000 6.300e+001 6.206e+001-1.465e+002 4.094e+000-2.054e+001-1.436e+002 1.338e+003-5.837e+000 1.450e+002-1.278e+001-9.015e+001 3.561e+001-1.829e+002-7.170e+001 1.471e+003-3.293e+002 5.052e+003
 8.880e+002 2.930e+000 8.700e+001 6.596e+001-1.639e+002 2.587e+000 3.471e+001-1.477e+002 1.474e+003-1.613e+001 3.070e+001-1.409e+001-6.393e+001 3.059e+001-1.700e+002-6.849e+001 8.523e+002-2.691e+002 4.550e+003
 9.000e+002 2.930e+000 4.200e+001 8.057e+001-2.272e+002 8.363e+000 6.494e+001-2.145e+002 1.784e+003-7.464e+001 2.391e+002-2.488e+001-2.519e+001 2.951e+001-1.546e+002 5.435e+001 2.114e+002-2.319e+002 3.694e+003
 9.130e+002 2.930e+000 7.200e+001 2.727e+002-4.779e+002 1.214e+001 3.622e+002-3.996e+002 2.441e+003-2.950e+002 1.236e+003-1.512e+002 1.520e+002 1.077e+002-3.834e+002 6.364e+002-2.120e+003-6.199e+002 8.194e+003
 9.250e+002 2.930e+000 5.100e+001 8.788e+001-2.775e+002 7.547e+000 1.755e+002-1.441e+002 1.425e+003-1.011e+002-3.170e+002-3.191e+001 3.908e+000 2.060e+001-1.071e+002-9.474e+000-4.205e+002-6.998e+001 1.881e+003
 9.380e+002 2.930e+000 1.260e+002 5.164e+002-1.486e+003 3.358e+001 1.230e+003-8.643e+002 6.744e+003-6.448e+002-9.118e+002-2.116e+002 1.760e+002 1.136e+002-6.618e+002 2.891e+002-3.684e+003-2.828e+002 7.318e+003
 9.500e+002 2.930e+000 9.600e+001 1.320e+004-3.774e+004 8.322e+002 3.399e+004-1.869e+004 1.391e+005-1.793e+004-2.426e+004-5.892e+003 5.724e+003 2.724e+003-1.588e+004 8.166e+003-1.086e+005-1.817e+003 9.813e+004
 9.630e+002 2.930e+000 8.700e+001 4.333e+002-1.169e+003 2.681e+001 1.033e+003-5.962e+002 4.445e+003-5.486e+002-3.322e+002-1.926e+002 1.505e+002 1.005e+002-5.564e+002 3.442e+002-2.973e+003-2.221e+002 4.893e+003
 9.750e+002 2.930e+000 8.700e+001 1.152e+002-3.173e+002 7.018e+000 2.312e+002-1.761e+002 1.513e+003-1.355e+002-1.482e+001-4.748e+001 1.592e+001 3.343e+001-1.744e+002 9.479e+001-5.165e+002-1.650e+002 2.828e+003
 9.880e+002 2.930e+000 8.100e+001 8.972e+001-1.991e+002 1.548e+001-8.370e+001-1.223e+002 1.239e+003-6.675e+001 2.678e+002-3.254e+001-5.696e+001 3.946e+001-1.069e+002 7.105e+001 6.016e+002-3.322e+002 4.823e+003
 1.000e+003 2.930e+000 3.930e+002 4.077e+002-1.382e+003 5.089e+000 9.394e+002-1.612e+003 1.511e+004-6.147e+002 1.522e+003-1.419e+002 5.445e+002 1.886e+002-1.366e+003 7.501e+002-1.116e+004-2.269e+003 4.860e+004
 1.130e+003 2.930e+000 7.560e+002 4.263e+002-2.254e+003-2.237e+001 3.166e+003-2.392e+003 3.426e+004-2.244e+003-6.033e+002-3.620e+002 2.515e+003 5.228e+002-4.248e+003 3.020e+003-4.698e+004-5.456e+003 1.038e+005
 1.250e+003 2.930e+000 5.850e+002 8.546e+002-2.028e+003 1.389e+002-4.508e+002-2.989e+003 1.993e+004-1.625e+003 1.152e+004-4.683e+002 1.352e+003 3.561e+002-8.666e+002 4.205e+003-1.983e+004-3.535e+003 4.918e+004
 1.380e+003 2.930e+000 6.450e+002 1.486e+002-5.650e+002 1.659e+001 5.726e+002-1.104e+003 1.339e+004-5.497e+002 2.761e+003-8.489e+001 6.373e+002 1.094e+002-9.735e+002 1.664e+003-1.987e+004-1.735e+003 4.280e+004
 1.500e+003 2.930e+000 6.000e+001 6.627e+001-3.036e+002-6.758e+000 4.918e+002-4.802e+002 5.338e+003-1.461e+002-1.025e+003-3.781e+001 2.853e+002 2.628e+001-2.991e+002 4.535e+002-6.062e+003-3.375e+002 8.454e+003
 1.630e+003 2.930e+000 7.200e+001 1.057e+002-5.658e+002-4.499e+000 8.416e+002-7.153e+002 8.077e+003-3.267e+002-1.369e+003-6.653e+001 4.769e+002 4.420e+001-5.203e+002 8.126e+002-1.031e+004-5.835e+002 1.424e+004
 1.750e+003 2.930e+000 4.800e+001 7.142e+002-3.947e+003-3.354e+001 6.093e+003-4.767e+003 5.375e+004-2.350e+003-9.105e+003-4.676e+002 3.310e+003 3.123e+002-3.755e+003 5.753e+003-7.219e+004-4.135e+003 1.003e+005
 1.880e+003 2.930e+000 7.200e+001 1.452e+003-7.466e+003-5.776e+001 1.049e+004-8.928e+003 9.378e+004-4.176e+003-1.377e+004-8.971e+002 5.833e+003 6.062e+002-6.459e+003 1.016e+004-1.167e+005-7.568e+003 1.659e+005
 2.000e+003 2.930e+000 7.200e+001 5.138e+003-2.894e+004-2.984e+002 3.959e+004-3.070e+004 3.515e+005-1.436e+004-6.523e+004-2.895e+003 1.895e+004 1.657e+003-2.038e+004 3.066e+004-4.116e+005-1.964e+004 4.954e+005
 2.130e+003 2.930e+000 4.800e+001 6.836e+002-4.004e+003-3.083e+001 5.208e+003-3.783e+003 4.522e+004-1.964e+003-7.831e+003-3.690e+002 2.228e+003 2.025e+002-2.627e+003 3.636e+003-5.161e+004-2.228e+003 6.062e+004
 2.250e+003 2.930e+000 7.200e+001 2.400e+002-1.222e+003-8.639e+000 1.635e+003-1.307e+003 1.353e+004-6.328e+002-2.326e+003-1.352e+002 7.826e+002 7.768e+001-8.706e+002 1.316e+003-1.570e+004-8.194e+002 1.890e+004
 2.380e+003 2.930e+000 7.200e+001 2.017e+002-9.096e+002 3.318e+001 4.667e+002-1.019e+003 9.377e+003-6.091e+002 2.471e+003-1.011e+002 3.622e+002 6.724e+001-4.642e+002 1.125e+003-7.877e+003-6.735e+002 1.088e+004
 2.500e+003 2.930e+000 4.800e+001 1.089e+002-4.852e+002 9.220e+000 4.029e+002-5.301e+002 4.798e+003-2.799e+002 2.013e+002-5.395e+001 2.192e+002 3.085e+001-2.581e+002 4.991e+002-4.209e+003-2.637e+002 4.692e+003
 2.630e+003 2.930e+000 7.200e+001 1.035e+002-4.307e+002-3.608e+000 5.812e+002-5.353e+002 4.635e+003-2.231e+002-7.358e+002-5.868e+001 3.199e+002 3.441e+001-3.134e+002 5.543e+002-5.366e+003-3.507e+002 6.605e+003
 2.750e+003 2.930e+000 7.200e+001 3.488e+001-1.328e+002 2.518e-001 1.666e+002-1.544e+002 1.256e+003-7.162e+001-1.937e+002-1.905e+001 8.482e+001 1.080e+001-9.147e+001 1.485e+002-1.362e+003-8.580e+001 1.587e+003
 2.880e+003 2.930e+000 4.800e+001 2.395e+001-9.261e+001-4.518e-001 1.207e+002-1.161e+002 9.432e+002-4.813e+001-1.490e+002-1.309e+001 6.584e+001 7.332e+000-6.427e+001 1.145e+002-1.047e+003-6.764e+001 1.231e+003
 3.000e+003 2.930e+000 6.900e+001 1.022e+002-3.191e+002 6.518e+000 2.991e+002-4.672e+002 3.231e+003-2.007e+002 2.548e+001-5.565e+001 2.450e+002 3.288e+001-1.997e+002 4.727e+002-3.333e+003-2.797e+002 3.936e+003
 3.130e+003 2.930e+000 6.900e+001 2.292e+001-7.367e+001-2.302e-001 1.002e+002-1.131e+002 8.365e+002-3.829e+001-1.492e+002-1.255e+001 6.409e+001 7.263e+000-5.449e+001 1.143e+002-9.376e+002-6.911e+001 1.135e+003
 3.250e+003 2.930e+000 4.800e+001 5.205e+001-1.681e+002-4.948e+000 2.866e+002-2.687e+002 1.959e+003-7.593e+001-5.666e+002-3.177e+001 1.812e+002 2.037e+001-1.484e+002 2.876e+002-2.446e+003-2.095e+002 3.290e+003
 3.380e+003 2.930e+000 7.200e+001 1.253e+002-3.116e+002 4.698e+000 4.237e+002-6.104e+002 3.833e+003-2.152e+002-2.030e+002-7.909e+001 3.754e+002 5.067e+001-2.941e+002 7.720e+002-4.900e+003-4.790e+002 6.362e+003
 3.500e+003 2.930e+000 7.200e+001 6.261e+002-2.127e+003-3.581e+001 3.248e+003-3.685e+003 2.911e+004-1.019e+003-5.849e+003-3.639e+002 2.271e+003 2.144e+002-1.659e+003 3.942e+003-3.449e+004-2.495e+003 4.215e+004
 3.630e+003 2.930e+000 4.800e+001 1.003e+003-1.742e+003 5.197e+001 2.348e+003-5.089e+003 2.904e+004-1.335e+003-9.846e+002-6.219e+002 3.073e+003 3.892e+002-1.782e+003 6.373e+003-3.670e+004-3.851e+003 4.656e+004
 3.750e+003 2.930e+000 6.900e+001 1.015e+002-2.182e+002 2.017e+000 3.197e+002-5.491e+002 3.552e+003-1.419e+002-3.516e+002-6.221e+001 3.349e+002 3.862e+001-2.067e+002 6.658e+002-4.426e+003-4.093e+002 5.610e+003
 3.880e+003 2.930e+000 7.200e+001 4.550e+002-9.943e+002 5.464e-001 1.582e+003-2.771e+003 1.927e+004-6.263e+002-2.301e+003-2.867e+002 1.751e+003 1.821e+002-9.973e+002 3.401e+003-2.445e+004-2.163e+003 3.150e+004
 4.000e+003 2.930e+000 4.800e+001 1.206e+002-1.954e+002 1.198e+001 1.972e+002-7.540e+002 5.110e+003-2.160e+002 4.283e+002-8.013e+001 4.738e+002 6.430e+001-2.095e+002 9.649e+002-6.299e+003-7.314e+002 9.361e+003
 4.130e+003 2.930e+000 7.200e+001 3.363e+002-6.639e+002 1.528e+000 1.115e+003-2.120e+003 1.472e+004-4.232e+002-1.866e+003-2.101e+002 1.321e+003 1.323e+002-7.070e+002 2.626e+003-1.880e+004-1.648e+003 2.442e+004
 4.250e+003 2.930e+000 7.200e+001 7.904e+001-1.223e+002 3.765e-001 2.119e+002-5.098e+002 3.536e+003-7.987e+001-3.868e+002-4.948e+001 3.202e+002 3.146e+001-1.372e+002 6.300e+002-4.471e+003-4.005e+002 5.772e+003
 4.380e+003 2.930e+000 4.800e+001 2.279e+001-4.410e+001 8.706e-002 6.797e+001-1.387e+002 9.473e+002-2.792e+001-8.030e+001-1.420e+001 8.660e+001 9.057e+000-4.316e+001 1.736e+002-1.209e+003-1.108e+002 1.590e+003
 4.500e+003 2.930e+000 7.200e+001 6.474e+001-1.230e+002 9.748e-001 1.896e+002-4.427e+002 3.327e+003-8.527e+001-2.386e+002-4.166e+001 2.841e+002 2.718e+001-1.310e+002 5.679e+002-4.314e+003-3.680e+002 5.685e+003
 4.630e+003 2.930e+000 7.200e+001 2.124e+001-3.890e+001 3.947e-001 5.956e+001-1.230e+002 8.144e+002-2.709e+001-4.961e+001-1.412e+001 8.190e+001 9.844e+000-4.357e+001 1.735e+002-1.142e+003-1.205e+002 1.701e+003
 4.750e+003 2.930e+000 4.800e+001 1.659e+001-2.572e+001 1.286e+000 3.317e+001-9.209e+001 5.918e+002-2.261e+001-2.026e+001-1.162e+001 6.713e+001 9.871e+000-3.944e+001 1.470e+002-9.651e+002-1.293e+002 1.932e+003
 4.880e+003 2.930e+000 7.200e+001 2.408e+001-4.435e+001-2.610e+000 1.300e+002-1.417e+002 9.932e+002-7.727e+000-5.703e+002-1.824e+001 1.209e+002 1.796e+001-8.317e+001 2.134e+002-1.646e+003-2.403e+002 3.725e+003
 5.000e+003 2.930e+000 6.600e+001 1.899e+001-1.973e+001 2.106e+000 2.892e+001-9.829e+001 5.507e+002-2.456e+001 1.844e+000-1.391e+001 7.178e+001 1.125e+001-4.333e+001 1.661e+002-9.330e+002-1.312e+002 1.741e+003
 5.130e+003 2.930e+000 4.500e+001 1.394e+001-1.793e+001 1.743e+000 2.981e+001-8.025e+001 5.458e+002-2.240e+001-3.181e+001-1.089e+001 6.323e+001 9.029e+000-4.006e+001 1.374e+002-9.212e+002-1.103e+002 1.607e+003
 5.250e+003 2.930e+000 6.900e+001 1.803e+001-1.329e+001 3.456e+000 1.217e+001-9.205e+001 4.998e+002-2.737e+001 4.702e+001-1.371e+001 6.921e+001 1.151e+001-4.191e+001 1.630e+002-8.786e+002-1.278e+002 1.608e+003
 5.380e+003 2.930e+000 6.900e+001 1.913e+001-1.158e+001 3.696e+000 1.105e+001-1.014e+002 6.009e+002-2.626e+001 8.593e+000-1.480e+001 7.906e+001 1.274e+001-4.319e+001 1.784e+002-1.037e+003-1.453e+002 1.886e+003
 5.500e+003 2.930e+000 3.900e+001 1.096e+001-3.307e+000 2.049e+000 4.249e+000-5.810e+001 3.329e+002-1.311e+001-1.349e+000-8.826e+000 4.736e+001 7.929e+000-2.412e+001 1.034e+002-5.881e+002-8.805e+001 1.092e+003
 5.630e+003 2.930e+000 6.900e+001 1.723e+001-1.446e+001 4.749e+000 1.607e+000-8.968e+001 5.306e+002-3.565e+001 1.187e+002-1.469e+001 7.426e+001 1.779e+001-7.006e+001 1.785e+002-1.001e+003-2.032e+002 2.700e+003
 5.750e+003 2.930e+000 7.200e+001 1.975e+001-2.116e+001 3.095e+000 3.274e+001-1.132e+002 7.371e+002-2.983e+001-7.069e+001-1.625e+001 9.700e+001 1.896e+001-7.618e+001 1.985e+002-1.313e+003-2.272e+002 3.150e+003
 5.880e+003 2.930e+000 4.800e+001 9.036e+000-8.839e+000 1.636e+000 1.327e+001-4.687e+001 2.772e+002-1.380e+001-3.191e+001-8.084e+000 4.570e+001 1.188e+001-4.839e+001 9.288e+001-5.797e+002-1.397e+002 1.918e+003
 6.000e+003 2.930e+000 7.200e+001 3.621e+001-5.989e+001 6.266e+000 3.363e+001-2.002e+002 1.245e+003-6.248e+001 1.191e+002-2.160e+001 1.135e+002 1.818e+001-7.333e+001 2.494e+002-1.489e+003-1.960e+002 2.486e+003
 6.130e+003 2.930e+000 7.200e+001 1.407e+001-1.211e+001 2.594e+000 6.937e+000-7.265e+001 4.038e+002-1.984e+001 3.062e+001-1.066e+001 5.605e+001 1.070e+001-2.980e+001 1.202e+002-6.697e+002-1.142e+002 1.338e+003
 6.250e+003 2.930e+000 4.800e+001 1.135e+001-1.509e+001-4.004e-001 3.763e+001-5.762e+001 3.257e+002-5.377e+000-1.452e+002-7.054e+000 4.076e+001 7.686e+000-3.098e+001 6.274e+001-4.215e+002-8.036e+001 1.014e+003
 6.380e+003 2.930e+000 6.900e+001 1.285e+001-1.389e+001 3.031e+000 6.408e+000-6.841e+001 3.909e+002-2.537e+001 6.519e+001-1.006e+001 5.221e+001 1.038e+001-3.384e+001 1.135e+002-6.390e+002-1.062e+002 1.235e+003
 6.500e+003 2.930e+000 7.200e+001 1.223e+001-1.125e+001 2.655e+000 3.832e+000-6.339e+001 3.501e+002-2.025e+001 4.655e+001-8.441e+000 4.361e+001 8.480e+000-2.742e+001 9.499e+001-5.210e+002-8.553e+001 9.755e+002
 6.630e+003 2.930e+000 4.800e+001 7.331e+000-8.120e+000 1.939e+000-2.442e+000-3.422e+001 1.779e+002-1.436e+001 5.999e+001-4.142e+000 2.028e+001 4.673e+000-1.645e+001 4.630e+001-2.524e+002-4.655e+001 5.428e+002
 6.750e+003 2.930e+000 7.200e+001 1.244e+001-1.032e+001 4.199e+000-1.655e+001-6.175e+001 3.209e+002-2.759e+001 1.587e+002-7.678e+000 3.562e+001 7.321e+000-2.372e+001 9.134e+001-4.514e+002-7.261e+001 8.134e+002
 6.880e+003 2.930e+000 6.600e+001 7.456e+000-6.291e+000 2.374e+000-1.123e+001-3.512e+001 1.796e+002-1.587e+001 9.923e+001-4.310e+000 1.975e+001 4.484e+000-1.236e+001 4.779e+001-2.352e+002-4.204e+001 4.468e+002
 7.000e+003 2.930e+000 4.200e+001 5.020e+000-3.938e+000 1.829e+000-8.941e+000-2.376e+001 1.195e+002-1.120e+001 7.102e+001-2.678e+000 1.191e+001 2.680e+000-8.547e+000 3.294e+001-1.565e+002-2.589e+001 2.869e+002
 7.130e+003 2.930e+000 6.300e+001 8.470e+000-7.189e+000 2.625e+000-1.333e+001-4.050e+001 2.083e+002-1.755e+001 1.204e+002-4.659e+000 2.109e+001 4.168e+000-1.250e+001 5.692e+001-2.762e+002-4.259e+001 4.881e+002
 7.250e+003 2.930e+000 5.400e+001 6.688e+000-6.498e+000 1.674e+000-7.819e+000-3.124e+001 1.617e+002-1.321e+001 8.907e+001-3.790e+000 1.807e+001 3.764e+000-9.692e+000 4.354e+001-2.200e+002-3.735e+001 4.087e+002
 7.380e+003 2.930e+000 4.200e+001 4.227e+000-3.558e+000 1.571e+000-9.222e+000-1.882e+001 9.235e+001-9.597e+000 6.773e+001-2.141e+000 9.077e+000 2.287e+000-7.399e+000 2.706e+001-1.248e+002-2.255e+001 2.577e+002
 7.500e+003 2.930e+000 6.600e+001 1.006e+001-9.194e+000 2.495e+000-1.143e+001-4.392e+001 2.097e+002-1.596e+001 1.012e+002-4.106e+000 1.747e+001 3.520e+000-1.123e+001 4.864e+001-2.269e+002-3.364e+001 3.835e+002
 7.630e+003 2.930e+000 6.900e+001 7.130e+000-5.509e+000 1.836e+000-1.121e+001-3.127e+001 1.496e+002-1.138e+001 8.178e+001-3.244e+000 1.446e+001 3.318e+000-8.301e+000 3.883e+001-1.820e+002-3.321e+001 3.810e+002
 7.750e+003 2.930e+000 4.800e+001 5.927e+000-4.335e+000 1.183e+000-6.137e+000-2.584e+001 1.227e+002-7.464e+000 4.810e+001-2.645e+000 1.157e+001 2.239e+000-5.451e+000 2.949e+001-1.363e+002-2.201e+001 2.481e+002
 7.880e+003 2.930e+000 6.900e+001 9.332e+000-9.231e+000 3.192e+000-1.561e+001-3.920e+001 1.901e+002-1.968e+001 1.243e+002-4.122e+000 1.547e+001 5.256e+000-1.940e+001 5.111e+001-2.325e+002-4.864e+001 5.767e+002
 8.000e+003 2.930e+000 7.200e+001 1.321e+001 5.385e-001 1.214e+000-1.277e+001-4.950e+001 2.051e+002-1.203e+000 2.318e+001-1.063e+001 3.828e+001 1.423e+001-5.308e+000 8.318e+001-3.171e+002-1.033e+002 8.309e+002
 8.130e+003 2.930e+000 4.200e+001 6.316e+000-8.382e+000 5.885e-001 6.296e+000-2.582e+001 1.258e+002-7.094e+000 9.002e+000-2.627e+000 1.159e+001 2.624e+000-1.156e+001 2.578e+001-1.401e+002-2.429e+001 3.081e+002
 8.250e+003 2.930e+000 7.200e+001 6.545e+000-4.469e+000 1.217e+000-8.313e+000-2.790e+001 1.321e+002-7.606e+000 5.163e+001-2.070e+000 9.931e+000 2.675e+000-9.437e+000 2.336e+001-1.195e+002-2.670e+001 3.353e+002
 8.380e+003 2.930e+000 7.200e+001 6.983e+000-6.766e+000 7.670e-001 3.594e+000-2.945e+001 1.458e+002-7.939e+000 1.643e+001-2.872e+000 1.413e+001 2.864e+000-1.211e+001 2.760e+001-1.575e+002-2.631e+001 3.171e+002
 8.500e+003 2.930e+000 4.800e+001 4.451e+000-3.844e+000 4.116e-001 3.103e+000-1.838e+001 8.417e+001-3.456e+000 6.686e-001-1.764e+000 7.503e+000 1.275e+000-5.071e+000 1.604e+001-7.520e+001-1.062e+001 1.220e+002
 8.630e+003 2.930e+000 7.200e+001 6.473e+000-3.584e+000 9.234e-001-2.511e+000-2.814e+001 1.335e+002-6.057e+000 2.708e+001-2.085e+000 9.353e+000 1.507e+000-5.141e+000 2.079e+001-1.029e+002-1.293e+001 1.521e+002
 8.750e+003 2.930e+000 7.200e+001 6.396e+000-5.411e+000 7.913e-001 1.252e-001-2.508e+001 1.116e+002-5.410e+000 1.559e+001-2.231e+000 9.024e+000 1.392e+000-4.256e+000 1.944e+001-8.702e+001-1.084e+001 1.145e+002
 8.880e+003 2.930e+000 4.800e+001 4.912e+000-5.509e+000 3.185e-001 6.024e+000-2.096e+001 9.929e+001-3.684e+000-5.479e+000-1.941e+000 8.250e+000 1.004e+000-4.249e+000 1.801e+001-8.726e+001-8.305e+000 9.705e+001
 9.000e+003 2.930e+000 6.900e+001 9.884e+000-8.718e+000 3.279e-001 1.384e+001-4.030e+001 1.792e+002-4.936e+000-2.683e+001-3.793e+000 1.552e+001 1.822e+000-7.737e+000 3.281e+001-1.510e+002-1.442e+001 1.613e+002
 9.130e+003 2.930e+000 5.700e+001 5.248e+000-6.092e+000 2.838e-001 8.092e+000-2.180e+001 1.027e+002-4.537e+000-7.060e+000-2.552e+000 1.102e+001 1.646e+000-6.655e+000 2.282e+001-1.123e+002-1.333e+001 1.443e+002
 9.250e+003 2.930e+000 4.800e+001 7.120e+000-7.264e+000 1.105e-001 1.376e+001-3.031e+001 1.409e+002-4.034e+000-2.879e+001-3.231e+000 1.405e+001 1.726e+000-7.590e+000 2.969e+001-1.461e+002-1.511e+001 1.784e+002
 9.380e+003 2.930e+000 7.200e+001 5.290e+000-6.320e+000 1.527e-001 9.419e+000-2.091e+001 9.885e+001-3.597e+000-1.624e+001-2.435e+000 9.750e+000 1.498e+000-6.039e+000 1.893e+001-9.411e+001-1.042e+001 1.211e+002
 9.500e+003 2.930e+000 6.600e+001 7.539e+000-9.959e+000 3.321e-001 1.499e+001-3.299e+001 1.643e+002-6.565e+000-2.314e+001-3.673e+000 1.653e+001 2.315e+000-1.044e+001 3.424e+001-1.795e+002-1.990e+001 2.345e+002
 9.630e+003 2.930e+000 4.500e+001 2.793e+000-2.132e+000 1.140e-001 2.989e+000-1.147e+001 5.620e+001-1.572e+000-4.425e+000-1.398e+000 6.409e+000 1.051e+000-2.841e+000 1.283e+001-6.527e+001-9.016e+000 9.882e+001
 9.750e+003 2.930e+000 6.600e+001 4.464e+000-7.100e+000 9.625e-002 1.215e+001-1.897e+001 9.904e+001-4.250e+000-2.369e+001-2.265e+000 1.047e+001 1.695e+000-8.546e+000 1.963e+001-1.136e+002-1.306e+001 1.631e+002
 9.880e+003 2.930e+000 6.600e+001 8.128e+000-1.102e+001-2.054e-001 2.118e+001-3.594e+001 1.844e+002-5.516e+000-3.720e+001-4.489e+000 2.099e+001 3.050e+000-1.228e+001 4.049e+001-2.229e+002-2.712e+001 3.091e+002
 1.000e+004 2.930e+000 3.450e+002 2.277e+001-2.674e+001-1.740e-001 5.184e+001-9.532e+001 4.703e+002-1.374e+001-1.016e+002-1.186e+001 5.345e+001 9.155e+000-3.452e+001 1.049e+002-5.533e+002-7.466e+001 8.226e+002
 1.130e+004 2.930e+000 6.120e+002 2.768e+001-1.965e+001 7.408e-001 4.435e+001-1.138e+002 5.306e+002-1.483e+001-9.519e+001-1.452e+001 6.723e+001 1.244e+001-4.038e+001 1.336e+002-6.559e+002-1.030e+002 1.076e+003
 1.250e+004 2.930e+000 6.030e+002 3.451e+001-1.676e+001 7.798e+000-1.089e+001-1.351e+002 5.653e+002-4.043e+001 1.219e+002-1.877e+001 7.623e+001 1.752e+001-4.965e+001 1.772e+002-7.428e+002-1.432e+002 1.407e+003
 1.380e+004 2.930e+000 6.120e+002 5.049e+001-3.797e+001 1.030e+001 8.823e-001-1.865e+002 7.448e+002-5.636e+001 1.375e+002-2.576e+001 9.390e+001 2.269e+001-7.404e+001 2.383e+002-9.312e+002-1.885e+002 1.933e+003
 1.500e+004 2.930e+000 5.730e+002 2.970e+001-2.203e+001 3.382e+000 2.327e+000-1.006e+002 3.803e+002-1.991e+001 5.307e+001-1.179e+001 4.203e+001 8.607e+000-2.150e+001 9.793e+001-3.620e+002-6.394e+001 6.055e+002
 1.630e+004 2.930e+000 5.400e+002 1.807e+001-1.012e+001 3.067e+000-3.712e+000-5.553e+001 1.916e+002-1.255e+001 2.858e+001-7.410e+000 2.466e+001 6.756e+000-1.578e+001 5.766e+001-1.946e+002-4.541e+001 4.053e+002
 1.750e+004 2.930e+000 3.810e+002 5.301e+000-5.737e+000 3.407e-001 8.023e+000-1.420e+001 5.478e+001-1.090e+000-4.681e+001-1.911e+000 8.926e+000 6.240e+000-2.511e+001 1.512e+001-8.177e+001-5.836e+001 7.282e+002
 1.880e+004 2.930e+000 3.600e+002 3.955e+000-5.135e+000-4.615e-001 1.468e+001-1.259e+001 5.692e+001-1.172e-001-4.765e+001-1.408e+000 6.699e+000 2.217e+000-1.056e+001 7.501e+000-5.440e+001-1.507e+001 1.959e+002
 2.000e+004 2.930e+000 4.770e+002 5.512e+000-6.151e+000 4.402e+000-5.419e+001-1.320e+001 5.037e+001 3.898e+000 6.834e+001 8.775e+000-2.406e+001 3.692e+001-1.414e+002-2.568e+001 1.272e+002-1.912e+002 1.556e+003
 2.130e+004 2.930e+000 1.740e+002 7.814e-001-4.026e-001-3.984e-002 7.973e-001-1.522e+000 5.423e+000 9.947e-002-2.043e+000-1.213e-001 5.881e-001 3.402e-001-7.089e-001 1.014e+000-4.045e+000-1.454e+000 1.167e+001
 2.250e+004 2.930e+000 1.680e+002 1.218e+000-9.949e-001-6.572e-002 1.699e+000-2.334e+000 6.634e+000-6.128e-002-1.722e+000-2.614e-001 6.666e-001 4.389e-001-1.014e+000 2.108e+000-6.019e+000-2.117e+000 1.764e+001
 2.380e+004 2.930e+000 3.930e+002 2.177e+000-1.275e+000 2.114e-001 7.891e+000-4.570e+000 1.361e+001-1.456e+000-1.202e+001-2.479e+000 6.336e+000 5.141e+000-1.831e+001 2.021e+001-5.471e+001-3.858e+001 3.733e+002
 2.500e+004 2.930e+000 2.130e+002 5.019e-001-5.638e-001 3.077e-002 2.197e-001-9.659e-001 3.668e+000-9.393e-002 3.179e-001-8.633e-002 3.302e-001 3.926e-001-9.070e-001 1.069e+000-3.387e+000-1.913e+000 1.606e+001
 2.630e+004 2.930e+000 1.650e+002 4.096e-001-7.850e-001-1.688e-002 9.165e-001-8.911e-001 5.689e+000-6.195e-001 1.835e+000-2.709e-001 8.594e-001 4.758e-001-1.053e+000 1.834e+000-7.297e+000-2.451e+000 1.776e+001
 2.750e+004 2.930e+000 1.830e+002 5.208e-001-1.142e+000 4.238e-002 9.940e-001-1.283e+000 1.015e+001-1.054e+000 3.920e+000-3.404e-001 8.066e-001 4.559e-001-1.244e+000 2.242e+000-8.870e+000-2.295e+000 1.822e+001
 2.880e+004 2.930e+000 2.160e+002 3.449e-001-1.013e+000-3.062e-002 9.904e-001-9.836e-001 8.567e+000-7.378e-001 1.016e+000-2.363e-001 1.181e+000 3.902e-001-9.258e-001 1.368e+000-9.258e+000-1.952e+000 1.491e+001
 3.000e+004 2.930e+000 2.850e+002 2.659e-001-2.574e-001-1.078e-002 1.063e+000-7.868e-001 5.746e+000-4.561e-001-1.808e+000-2.663e-001 1.332e+000 9.312e-001-2.715e+000 2.039e+000-1.146e+001-6.877e+000 6.671e+001
 3.130e+004 2.930e+000 2.490e+002 2.636e-001-2.059e-001-2.990e-004 5.605e-001-7.833e-001 4.907e+000-2.101e-001-1.346e+000-2.003e-001 9.268e-001 3.379e-001-7.514e-001 1.248e+000-6.307e+000-1.659e+000 1.355e+001
 3.250e+004 2.930e+000 2.130e+002 2.593e-001-1.289e-001 2.956e-003 4.791e-001-7.548e-001 4.298e+000-2.085e-001-1.059e+000-1.977e-001 8.360e-001 3.029e-001-5.425e-001 1.298e+000-5.839e+000-1.444e+000 1.092e+001
 3.380e+004 2.930e+000 8.700e+001 4.391e-002-1.962e-002-2.749e-003 2.890e-002-2.176e-002 1.326e+000-4.235e-002-3.110e-001-6.497e-003 2.561e-001 7.870e-002-1.311e-001 3.667e-002-1.485e+000-2.998e-001 1.975e+000
 3.500e+004 2.930e+000 1.140e+002 4.275e-002 3.721e-002 9.449e-003-4.201e-002 6.107e-002 1.145e+000-3.680e-002-3.285e-001 6.473e-003 2.082e-001 6.893e-002-1.516e-001-2.491e-002-1.297e+000-2.839e-001 2.228e+000
 3.630e+004 2.930e+000 9.600e+001 4.436e-002 1.543e-002 2.364e-004-2.177e-002 1.452e-002 5.526e-001-5.694e-003-1.749e-001 1.184e-003 9.927e-002 5.013e-002-6.892e-002-1.759e-002-5.527e-001-1.339e-001 9.511e-001
 3.750e+004 2.930e+000 7.800e+001 3.425e-002-1.006e-002-4.864e-003 5.552e-003 1.738e-002 1.649e-001-5.909e-003-5.940e-002 6.054e-003 4.951e-002 3.502e-002-3.364e-002-3.421e-002-2.174e-001-7.612e-002 4.477e-001
 3.880e+004 2.930e+000 8.100e+001 4.104e-002-3.716e-003 3.751e-003 1.557e-003-7.136e-003 5.184e-002-3.428e-003-1.206e-002-1.556e-003 1.313e-002 2.756e-002-3.156e-002 1.335e-002-3.501e-002-2.268e-002 1.424e-001
 4.000e+004 2.930e+000 1.110e+002 9.169e-002-1.296e-004 1.476e-002 3.540e-002-9.513e-002 2.007e-001-2.418e-002-2.262e-002-4.601e-002 7.614e-002 6.107e-002-8.750e-002 2.500e-001-4.046e-001-1.926e-001 1.166e+000
 4.130e+004 2.930e+000 5.400e+001 1.630e-002 3.048e-003 1.809e-003 1.727e-003-4.606e-003 2.170e-002-8.477e-004-2.052e-003-1.110e-003 5.584e-003 1.096e-002-2.145e-003 7.112e-003-1.419e-002-1.182e-002 6.474e-002
 4.250e+004 2.930e+000 5.400e+001 1.652e-002 2.582e-003 2.422e-003 1.043e-003-3.433e-003 3.712e-002 1.158e-003-3.622e-003-2.393e-003 6.457e-003 1.200e-002-7.401e-003 8.594e-003-2.100e-002-1.766e-002 8.162e-002
 4.380e+004 2.930e+000 6.900e+001 1.290e-002-1.643e-003-2.561e-004 4.654e-003-6.245e-003 2.150e-002 2.889e-004-6.254e-003-2.933e-003 5.520e-003 1.479e-002-1.025e-002 6.761e-003-1.290e-002-6.714e-003 6.654e-002
 4.500e+004 2.930e+000 7.200e+001 9.351e-003-2.793e-003-4.618e-004 6.580e-003-6.185e-004 2.507e-002 1.385e-003-4.557e-003 2.649e-004 8.275e-003 1.713e-002-6.508e-003-2.619e-004-1.791e-002-1.585e-002 6.846e-002
 4.630e+004 2.930e+000 5.700e+001 9.438e-003-4.726e-003-3.068e-004 8.923e-003-2.926e-003 1.954e-002-2.101e-003-7.129e-004-2.009e-003 3.886e-003 1.063e-002-7.272e-003 5.132e-003-1.323e-002-6.371e-003 6.340e-002
 4.750e+004 2.930e+000 2.940e+002 9.505e-001-2.399e-001 1.158e-001 7.959e-001-1.600e+000 2.976e+000-3.239e-001-6.450e-001-5.239e-001 9.036e-001 3.645e-001-8.217e-001 2.909e+000-5.307e+000-1.589e+000 1.019e+001
 4.880e+004 2.930e+000 1.650e+002 3.274e-001-7.337e-002 2.900e-002 2.580e-001-5.408e-001 1.035e+000-8.771e-002-2.250e-001-1.822e-001 3.225e-001 1.421e-001-2.511e-001 9.813e-001-1.807e+000-5.725e-001 3.503e+000
 5.000e+004 2.930e+000 7.200e+001 1.337e-002 3.790e-003 3.681e-003-4.814e-003-9.136e-003 2.744e-002-4.018e-003 1.022e-003-1.694e-003 6.187e-003 1.180e-002-1.190e-002 1.843e-002-2.812e-002-1.433e-002 8.945e-002
 5.130e+004 2.930e+000 6.600e+001 1.245e-002 3.422e-003 1.376e-003-7.328e-004-4.172e-003 2.315e-002-2.594e-003-4.033e-003-4.381e-005 5.235e-003 1.003e-002-8.508e-003 9.821e-003-2.352e-002-7.147e-003 6.580e-002
 5.250e+004 2.930e+000 8.700e+001 1.095e-002-3.212e-004 1.669e-004-4.694e-004-2.413e-003 2.217e-002 4.541e-004-3.893e-003-2.941e-003 6.291e-003 1.192e-002-7.243e-003 6.463e-003-1.593e-002-1.229e-002 6.354e-002
 5.380e+004 2.930e+000 2.010e+002 5.767e-001-4.511e-001-1.722e-002 7.172e-001-1.047e+000 2.404e+000-8.043e-002-7.572e-001-1.429e-001 2.948e-001 6.473e-002-1.776e-001 7.415e-001-2.003e+000-2.443e-001 2.179e+000
 5.500e+004 2.930e+000 8.400e+001 4.119e-002-7.618e-003 1.748e-003-3.073e-003-3.533e-002 5.915e-002-2.571e-004 5.150e-003-5.931e-003 1.138e-002 1.512e-002-1.113e-002 4.072e-002-5.526e-002-2.643e-002 1.920e-001
 5.630e+004 2.930e+000 2.010e+002 3.331e-001-8.224e-002 4.913e-002-2.164e-001-4.279e-001 6.463e-001-8.324e-002 3.351e-001-6.517e-002 8.285e-002 4.747e-002 4.710e-003 1.744e-001-1.895e-001-1.046e-001 5.328e-001
 5.750e+004 2.930e+000 7.500e+001 1.141e-002-7.040e-005-4.473e-004 2.876e-003-3.800e-003 1.402e-002 4.095e-004-6.277e-003-1.063e-003 4.021e-003 8.970e-003-7.301e-003 7.352e-003-1.043e-002-1.342e-002 7.524e-002
 5.880e+004 2.930e+000 9.000e+001 1.675e-002-6.418e-004 8.161e-004 4.863e-003-7.078e-003 1.869e-002 4.831e-005-1.024e-002-3.797e-003 6.453e-003 1.365e-002-1.414e-002 1.369e-002-2.308e-002-2.330e-002 1.087e-001
 6.000e+004 2.930e+000 7.500e+001 1.617e-002-6.535e-003-1.938e-003 4.033e-002-1.475e-002 4.233e-002-3.015e-003-4.003e-002-9.423e-003 1.845e-002 1.821e-002-3.343e-002 3.675e-002-9.405e-002-5.253e-002 3.553e-001
 6.130e+004 2.930e+000 5.700e+001 5.437e-003 5.284e-005 2.837e-004 3.764e-004-1.239e-003 6.182e-003-7.153e-004-1.121e-003-4.392e-004 1.400e-003 5.685e-003-3.919e-003 1.725e-003-4.786e-003-6.433e-003 2.495e-002
 6.250e+004 2.930e+000 8.700e+001 7.759e-003-1.733e-003 7.116e-005 3.545e-003-3.318e-003 1.486e-002 4.128e-004 3.597e-003-2.305e-003 2.729e-003 9.251e-003-3.474e-003 8.754e-003-1.347e-002-1.073e-002 7.153e-002
 6.380e+004 2.930e+000 1.650e+002 2.001e-001-5.412e-002-1.567e-003 4.282e-001-2.575e-001 3.905e-001-3.660e-002-3.779e-001-1.387e-001 1.873e-001 1.155e-001-3.124e-001 6.946e-001-1.065e+000-5.243e-001 3.628e+000
 6.500e+004 2.930e+000 1.050e+002 7.920e-003-2.979e-003-1.196e-003 7.548e-003-1.555e-003 1.270e-002-2.789e-003 5.300e-004-2.176e-003 3.519e-003 1.119e-002-1.429e-002 1.074e-002-2.143e-002-2.155e-002 1.257e-001
 6.630e+004 2.930e+000 1.110e+002 7.300e-003-4.506e-003-6.098e-004 9.434e-003-5.029e-003 2.073e-002-2.487e-003-3.121e-003-2.697e-003 3.433e-003 9.562e-003-1.588e-002 6.653e-003-2.204e-002-1.349e-002 1.026e-001
 6.750e+004 2.930e+000 1.050e+002 6.391e-003-1.077e-003-6.651e-004 5.473e-003-2.012e-003 8.118e-003-2.758e-004 1.284e-003-2.202e-003 2.543e-003 9.564e-003-1.226e-002 7.572e-003-9.159e-003-1.879e-002 9.875e-002
 6.880e+004 2.930e+000 1.020e+002 5.685e-003-2.433e-003 3.503e-003-2.457e-002-1.614e-003 1.377e-002 1.035e-002 2.252e-002 3.635e-003-1.934e-002 7.731e-002-2.364e-001-6.300e-003 1.069e-001-2.781e-001 1.840e+000
 7.000e+004 2.930e+000 4.800e+001 4.026e-003-1.924e-003-1.823e-004 2.435e-003-9.405e-004 5.132e-003-7.069e-006 2.387e-004-2.894e-004 1.229e-003 2.638e-003-9.640e-004 1.680e-003-4.888e-003-6.677e-004 8.807e-003
 7.130e+004 2.930e+000 5.400e+001 4.330e-003-1.452e-003-3.600e-004 2.616e-003-1.309e-003 4.334e-003-1.319e-004 1.207e-003-7.825e-004 4.939e-004 2.659e-003-8.813e-004 3.865e-003-3.850e-003-2.072e-003 1.490e-002
 7.250e+004 2.930e+000 6.900e+001 9.227e-003-4.198e-003-2.005e-004 1.259e-002-7.259e-003 1.543e-002-2.185e-003-4.766e-003-3.715e-003 4.134e-003 4.720e-003-6.368e-003 1.632e-002-2.353e-002-8.683e-003 6.779e-002
 7.380e+004 2.930e+000 3.000e+001 2.033e-003-1.020e-003-8.358e-005 1.544e-003-1.088e-003 4.880e-003-6.224e-004-2.325e-004-4.576e-004 8.437e-004 1.030e-003-5.816e-004 9.349e-004-3.257e-003-7.276e-004 4.650e-003
 7.500e+004 2.930e+000 4.200e+001 2.581e-003-1.254e-003-5.182e-005 9.657e-004-1.509e-003 5.026e-003-2.616e-004-2.279e-004-1.938e-004 3.965e-004 1.687e-003-7.973e-004 8.296e-004-2.732e-003-7.568e-005 4.557e-003
 7.630e+004 2.930e+000 3.600e+001 2.038e-003-1.402e-003 2.172e-004 9.534e-004-1.017e-003 6.071e-003-2.862e-004 2.233e-004 6.973e-005-5.170e-005 1.243e-003-9.260e-004 1.439e-003-2.471e-003 7.325e-004 3.814e-003
 7.750e+004 2.930e+000 3.900e+001 2.408e-003-1.592e-003-1.094e-004 1.842e-003-1.351e-003 4.869e-003-6.897e-004-2.224e-004-5.646e-004 6.945e-004 1.432e-003-8.062e-004 1.053e-003-3.764e-003-2.973e-004 6.198e-003
 7.880e+004 2.930e+000 3.000e+001 1.207e-003 1.268e-004 1.743e-004 3.599e-004-1.146e-004 3.046e-003 6.087e-004 0.000e+000-3.119e-004 3.924e-004 1.100e-003-1.515e-004 6.436e-004-1.949e-003-5.651e-004 3.688e-003
 8.000e+004 2.930e+000 7.500e+001 5.460e-003-2.892e-003-4.017e-005 5.212e-003-3.311e-003 8.567e-003-1.089e-003-4.246e-004-1.796e-003 2.325e-003 3.221e-003-3.301e-003 6.022e-003-1.049e-002-4.450e-003 2.570e-002
 8.130e+004 2.930e+000 2.700e+001 1.634e-003-9.552e-004-2.229e-004 8.513e-004-1.608e-004 2.331e-003-4.671e-004 2.121e-004-2.287e-004 7.893e-004 1.048e-003-3.998e-004 6.038e-004-2.331e-003-1.085e-003 4.027e-003
 8.250e+004 2.930e+000 4.800e+001 2.775e-003-1.287e-003-5.179e-005 1.814e-003-8.907e-004 2.695e-003-5.138e-004 0.000e+000-5.149e-004 4.594e-004 1.660e-003-1.514e-003 1.264e-003-2.488e-003-7.706e-004 6.015e-003
 8.380e+004 2.930e+000 4.800e+001 3.893e-003-1.711e-003 1.236e-004 1.952e-003-2.007e-003 4.501e-003-1.553e-003 0.000e+000-1.474e-003 1.236e-003 2.166e-003-2.299e-003 2.539e-003-4.910e-003-1.719e-003 7.767e-003
 8.500e+004 2.930e+000 6.300e+001 3.184e-003-1.126e-003-2.825e-004 1.854e-003-1.062e-003 3.425e-003-5.813e-004 0.000e+000-1.037e-003 9.425e-004 1.859e-003-1.213e-003 1.474e-003-3.830e-003-1.813e-003 7.861e-003
 8.630e+004 2.930e+000 3.300e+001 2.527e-003-9.847e-004-9.337e-005 1.443e-003-1.445e-003 2.787e-003-4.190e-004 0.000e+000-6.521e-004 8.497e-004 1.048e-003-6.032e-004 1.710e-003-2.785e-003-1.086e-003 4.575e-003
 8.750e+004 2.930e+000 6.300e+001 3.400e-003-1.405e-003 1.370e-005 2.334e-003-1.538e-003 3.911e-003-6.149e-004-1.959e-004-1.091e-003 9.917e-004 1.839e-003-1.455e-003 2.568e-003-4.693e-003-2.528e-003 1.193e-002
 8.880e+004 2.930e+000 6.600e+001 2.753e-003-7.050e-004 3.545e-004 9.458e-004-1.678e-003 3.865e-003-9.376e-004 5.778e-004-6.836e-004 6.498e-004 1.919e-003-1.944e-003 2.522e-003-3.868e-003-2.615e-003 1.217e-002
 9.000e+004 2.930e+000 9.600e+001 3.557e-003-1.090e-003 1.802e-004 2.362e-003-1.760e-003 4.377e-003-9.363e-004-3.807e-004-1.013e-003 1.010e-003 3.879e-003-5.465e-003 2.987e-003-4.562e-003-6.287e-003 3.005e-002
 9.130e+004 2.930e+000 1.320e+002 3.421e-003-7.771e-004 2.825e-004 2.497e-004-1.324e-003 3.004e-003-3.232e-004-1.891e-004-3.811e-004 5.460e-004 4.527e-003-6.964e-003 2.655e-003-3.001e-003-8.739e-003 4.708e-002
 9.250e+004 2.930e+000 1.170e+002 3.040e-003-1.033e-003 4.944e-004 1.298e-004-1.005e-003 2.970e-003-2.379e-004 1.864e-004-5.049e-004 4.756e-004 4.421e-003-6.158e-003 2.575e-003-2.969e-003-8.116e-003 3.987e-002
 9.380e+004 2.930e+000 9.600e+001 3.374e-003-1.311e-003 1.606e-004 2.005e-003-1.732e-003 4.383e-003-8.469e-004-1.835e-004-7.313e-004 8.506e-004 3.187e-003-3.751e-003 2.341e-003-4.932e-003-4.783e-003 2.484e-002
 9.500e+004 2.930e+000 1.020e+002 3.416e-003-1.063e-003 4.793e-004 8.157e-004-1.320e-003 3.422e-003-9.994e-004 0.000e+000-7.251e-004 5.916e-004 3.067e-003-4.202e-003 2.430e-003-4.680e-003-4.521e-003 2.777e-002
 9.630e+004 2.930e+000 0.000e+000 0.000e+000 0.000e+000 0.000e+000 0.000e+000 0.000e+000 0.000e+000 0.000e+000 0.000e+000 0.000e+000 0.000e+000 0.000e+000 0.000e+000 0.000e+000 0.000e+000 0.000e+000 0.000e+000
 9.750e+004 2.930e+000 0.000e+000 0.000e+000 0.000e+000 0.000e+000 0.000e+000 0.000e+000 0.000e+000 0.000e+000 0.000e+000 0.000e+000 0.000e+000 0.000e+000 0.000e+000 0.000e+000 0.000e+000 0.000e+000 0.000e+000
 9.880e+004 2.930e+000 0.000e+000 0.000e+000 0.000e+000 0.000e+000 0.000e+000 0.000e+000 0.000e+000 0.000e+000 0.000e+000 0.000e+000 0.000e+000 0.000e+000 0.000e+000 0.000e+000 0.000e+000 0.000e+000 0.000e+000
 1.000e+005 2.930e+000 0.000e+000 0.000e+000 0.000e+000 0.000e+000 0.000e+000 0.000e+000 0.000e+000 0.000e+000 0.000e+000 0.000e+000 0.000e+000 0.000e+000 0.000e+000 0.000e+000 0.000e+000 0.000e+000 0.000e+000
