 6.250e+000 2.930e+000 0.000e+000 0.000e+000 0.000e+000 0.000e+000 0.000e+000 0.000e+000 0.000e+000 0.000e+000 0.000e+000 0.000e+000 0.000e+000 0.000e+000 0.000e+000 0.000e+000 0.000e+000 0.000e+000 0.000e+000
 7.500e+000 2.930e+000 0.000e+000 0.000e+000 0.000e+000 0.000e+000 0.000e+000 0.000e+000 0.000e+000 0.000e+000 0.000e+000 0.000e+000 0.000e+000 0.000e+000 0.000e+000 0.000e+000 0.000e+000 0.000e+000 0.000e+000
 8.750e+000 2.930e+000 0.000e+000 0.000e+000 0.000e+000 0.000e+000 0.000e+000 0.000e+000 0.000e+000 0.000e+000 0.000e+000 0.000e+000 0.000e+000 0.000e+000 0.000e+000 0.000e+000 0.000e+000 0.000e+000 0.000e+000
 1.000e+001 2.930e+000 0.000e+000 0.000e+000 0.000e+000 0.000e+000 0.000e+000 0.000e+000 0.000e+000 0.000e+000 0.000e+000 0.000e+000 0.000e+000 0.000e+000 0.000e+000 0.000e+000 0.000e+000 0.000e+000 0.000e+000
 1.130e+001 2.930e+000 2.400e+001 7.438e+001-3.207e+003 7.021e+000 8.810e+001-6.153e+003 9.788e+005-1.200e+003-8.742e+004 2.340e+001-1.229e+003 1.284e+002 1.742e+003-1.269e+003 1.801e+005 1.510e+003 8.444e+004
 1.250e+001 2.930e+000 0.000e+000 0.000e+000 0.000e+000 0.000e+000 0.000e+000 0.000e+000 0.000e+000 0.000e+000 0.000e+000 0.000e+000 0.000e+000 0.000e+000 0.000e+000 0.000e+000 0.000e+000 0.000e+000 0.000e+000
 1.380e+001 2.930e+000 0.000e+000 0.000e+000 0.000e+000 0.000e+000 0.000e+000 0.000e+000 0.000e+000 0.000e+000 0.000e+000 0.000e+000 0.000e+000 0.000e+000 0.000e+000 0.000e+000 0.000e+000 0.000e+000 0.000e+000
 1.500e+001 2.930e+000 2.400e+001 1.002e+002-3.363e+003-2.309e+001-6.110e+002-7.720e+003 8.551e+005 1.214e+003-2.377e+004 2.286e+001-1.286e+003 1.616e+002 1.365e+003-1.382e+003 1.568e+005 1.803e+003 7.939e+004
 1.630e+001 2.930e+000 0.000e+000 0.000e+000 0.000e+000 0.000e+000 0.000e+000 0.000e+000 0.000e+000 0.000e+000 0.000e+000 0.000e+000 0.000e+000 0.000e+000 0.000e+000 0.000e+000 0.000e+000 0.000e+000 0.000e+000
 1.750e+001 2.930e+000 2.400e+001 6.138e+001-2.561e+003 1.968e+001-9.839e+001-4.949e+003 6.428e+005-1.822e+003-5.342e+004 2.995e+000-1.150e+003 7.432e+001 1.174e+003-1.319e+003 1.332e+005 7.025e+002 5.185e+004
 1.880e+001 2.930e+000 0.000e+000 0.000e+000 0.000e+000 0.000e+000 0.000e+000 0.000e+000 0.000e+000 0.000e+000 0.000e+000 0.000e+000 0.000e+000 0.000e+000 0.000e+000 0.000e+000 0.000e+000 0.000e+000 0.000e+000
 2.000e+001 2.930e+000 2.400e+001 5.824e+001-1.788e+003-2.074e+001-5.292e+002-4.719e+003 5.775e+005 1.500e+002-1.259e+004 8.923e+000-4.322e+002 9.770e+001 7.408e+002-8.150e+002 1.147e+005 1.223e+003 4.923e+004
 2.130e+001 2.930e+000 0.000e+000 0.000e+000 0.000e+000 0.000e+000 0.000e+000 0.000e+000 0.000e+000 0.000e+000 0.000e+000 0.000e+000 0.000e+000 0.000e+000 0.000e+000 0.000e+000 0.000e+000 0.000e+000 0.000e+000
 2.250e+001 2.930e+000 0.000e+000 0.000e+000 0.000e+000 0.000e+000 0.000e+000 0.000e+000 0.000e+000 0.000e+000 0.000e+000 0.000e+000 0.000e+000 0.000e+000 0.000e+000 0.000e+000 0.000e+000 0.000e+000 0.000e+000
 2.380e+001 2.930e+000 2.400e+001 5.450e+001-1.452e+003-6.895e+000-2.627e+002-4.296e+003 4.536e+005 2.358e+002-1.195e+004 1.528e+001-1.105e+003 6.523e+001 4.380e+002-7.385e+002 8.106e+004 5.727e+002 2.976e+004
 2.500e+001 2.930e+000 0.000e+000 0.000e+000 0.000e+000 0.000e+000 0.000e+000 0.000e+000 0.000e+000 0.000e+000 0.000e+000 0.000e+000 0.000e+000 0.000e+000 0.000e+000 0.000e+000 0.000e+000 0.000e+000 0.000e+000
 2.630e+001 2.930e+000 2.400e+001 4.019e+001-6.881e+002-8.537e+000-1.207e+002-3.290e+003 3.759e+005 1.246e+002-5.026e+003 1.142e+001-3.228e+002 5.852e+001 5.397e+002-4.890e+002 7.061e+004 5.615e+002 2.705e+004
 2.750e+001 2.930e+000 0.000e+000 0.000e+000 0.000e+000 0.000e+000 0.000e+000 0.000e+000 0.000e+000 0.000e+000 0.000e+000 0.000e+000 0.000e+000 0.000e+000 0.000e+000 0.000e+000 0.000e+000 0.000e+000 0.000e+000
 2.880e+001 2.930e+000 2.400e+001 3.735e+001-1.008e+003-1.163e+001-2.157e+002-2.428e+003 2.479e+005 6.316e+002-5.562e+003 8.578e+000-4.474e+002 4.078e+001 1.937e+002-4.146e+002 4.214e+004 3.535e+002 1.634e+004
 3.000e+001 2.930e+000 0.000e+000 0.000e+000 0.000e+000 0.000e+000 0.000e+000 0.000e+000 0.000e+000 0.000e+000 0.000e+000 0.000e+000 0.000e+000 0.000e+000 0.000e+000 0.000e+000 0.000e+000 0.000e+000 0.000e+000
 3.130e+001 2.930e+000 0.000e+000 0.000e+000 0.000e+000 0.000e+000 0.000e+000 0.000e+000 0.000e+000 0.000e+000 0.000e+000 0.000e+000 0.000e+000 0.000e+000 0.000e+000 0.000e+000 0.000e+000 0.000e+000 0.000e+000
 3.250e+001 2.930e+000 2.400e+001 3.887e+001-5.345e+002-1.181e+001-1.891e+002-2.444e+003 2.453e+005 2.915e+002 5.448e+002 2.711e+000 1.457e+002 2.600e+001 1.246e+002-4.012e+002 4.656e+004 3.075e+002 1.475e+004
 3.380e+001 2.930e+000 0.000e+000 0.000e+000 0.000e+000 0.000e+000 0.000e+000 0.000e+000 0.000e+000 0.000e+000 0.000e+000 0.000e+000 0.000e+000 0.000e+000 0.000e+000 0.000e+000 0.000e+000 0.000e+000 0.000e+000
 3.500e+001 2.930e+000 2.400e+001 3.334e+001-1.964e+002 1.372e+000 3.090e+001-1.803e+003 1.927e+005-6.150e+001-1.114e+004-4.210e-001-1.967e+002 2.343e+001 2.412e+002-3.762e+002 3.066e+004 1.978e+002 1.102e+004
 3.630e+001 2.930e+000 0.000e+000 0.000e+000 0.000e+000 0.000e+000 0.000e+000 0.000e+000 0.000e+000 0.000e+000 0.000e+000 0.000e+000 0.000e+000 0.000e+000 0.000e+000 0.000e+000 0.000e+000 0.000e+000 0.000e+000
 3.750e+001 2.930e+000 2.100e+001 6.464e+001 2.754e+002 1.003e+001 2.805e+002-2.482e+003 2.092e+005-7.262e+002-1.945e+004 2.814e+000-3.507e+001 2.636e+001 4.391e+002-5.652e+002 4.839e+004 3.294e+002 2.026e+004
 3.880e+001 2.930e+000 0.000e+000 0.000e+000 0.000e+000 0.000e+000 0.000e+000 0.000e+000 0.000e+000 0.000e+000 0.000e+000 0.000e+000 0.000e+000 0.000e+000 0.000e+000 0.000e+000 0.000e+000 0.000e+000 0.000e+000
 4.000e+001 2.930e+000 0.000e+000 0.000e+000 0.000e+000 0.000e+000 0.000e+000 0.000e+000 0.000e+000 0.000e+000 0.000e+000 0.000e+000 0.000e+000 0.000e+000 0.000e+000 0.000e+000 0.000e+000 0.000e+000 0.000e+000
 4.130e+001 2.930e+000 2.400e+001 8.982e+001-3.197e+002 5.327e+000 4.707e+001-3.875e+003 2.894e+005-6.125e+002-1.421e+004-3.143e+000 4.058e+002 3.817e+001 5.001e+002-9.496e+002 7.025e+004 5.570e+002 2.809e+004
 4.250e+001 2.930e+000 0.000e+000 0.000e+000 0.000e+000 0.000e+000 0.000e+000 0.000e+000 0.000e+000 0.000e+000 0.000e+000 0.000e+000 0.000e+000 0.000e+000 0.000e+000 0.000e+000 0.000e+000 0.000e+000 0.000e+000
 4.380e+001 2.930e+000 2.400e+001 1.485e+002-7.015e+001 1.440e+000 2.027e+002-6.167e+003 3.901e+005-7.529e+001-1.855e+004 1.217e+001-3.003e+002 1.279e+001 1.352e+002-1.277e+003 8.726e+004 7.941e+001 2.473e+004
 4.500e+001 2.930e+000 0.000e+000 0.000e+000 0.000e+000 0.000e+000 0.000e+000 0.000e+000 0.000e+000 0.000e+000 0.000e+000 0.000e+000 0.000e+000 0.000e+000 0.000e+000 0.000e+000 0.000e+000 0.000e+000 0.000e+000
 4.630e+001 2.930e+000 2.400e+001 4.850e+002 8.265e+002 2.113e+001 1.265e+003-1.644e+004 8.191e+005 3.256e+002-5.448e+004 5.871e+001-2.097e+003 2.400e+001 1.075e+002-3.628e+003 1.868e+005-3.947e+002 5.012e+004
 4.750e+001 2.930e+000 0.000e+000 0.000e+000 0.000e+000 0.000e+000 0.000e+000 0.000e+000 0.000e+000 0.000e+000 0.000e+000 0.000e+000 0.000e+000 0.000e+000 0.000e+000 0.000e+000 0.000e+000 0.000e+000 0.000e+000
 4.880e+001 2.930e+000 0.000e+000 0.000e+000 0.000e+000 0.000e+000 0.000e+000 0.000e+000 0.000e+000 0.000e+000 0.000e+000 0.000e+000 0.000e+000 0.000e+000 0.000e+000 0.000e+000 0.000e+000 0.000e+000 0.000e+000
 5.000e+001 2.930e+000 2.400e+001 2.193e+005-2.911e+006-8.066e+003-2.469e+005-6.714e+006 2.445e+008 5.248e+005-1.800e+007 2.082e+004-5.312e+005 2.295e+003-9.435e+004-1.925e+006 6.226e+007-1.737e+005 1.719e+007
 5.130e+001 2.930e+000 0.000e+000 0.000e+000 0.000e+000 0.000e+000 0.000e+000 0.000e+000 0.000e+000 0.000e+000 0.000e+000 0.000e+000 0.000e+000 0.000e+000 0.000e+000 0.000e+000 0.000e+000 0.000e+000 0.000e+000
 5.250e+001 2.930e+000 2.400e+001 4.693e+002 1.363e+003 5.196e+000 1.366e+003-1.734e+004 9.314e+005 7.682e+002-5.676e+004 3.463e+001-1.374e+003 1.069e+001-1.254e+002-4.022e+003 2.245e+005-3.314e+002 5.988e+004
 5.380e+001 2.930e+000 0.000e+000 0.000e+000 0.000e+000 0.000e+000 0.000e+000 0.000e+000 0.000e+000 0.000e+000 0.000e+000 0.000e+000 0.000e+000 0.000e+000 0.000e+000 0.000e+000 0.000e+000 0.000e+000 0.000e+000
 5.500e+001 2.930e+000 0.000e+000 0.000e+000 0.000e+000 0.000e+000 0.000e+000 0.000e+000 0.000e+000 0.000e+000 0.000e+000 0.000e+000 0.000e+000 0.000e+000 0.000e+000 0.000e+000 0.000e+000 0.000e+000 0.000e+000
 5.630e+001 2.930e+000 2.400e+001 9.767e+001 7.956e+001 2.326e+000 3.296e+002-3.998e+003 2.107e+005-6.181e+001-1.458e+004 8.269e+000-3.290e+002 7.840e+000 1.150e+002-9.771e+002 4.973e+004 1.047e+001 1.579e+004
 5.750e+001 2.930e+000 0.000e+000 0.000e+000 0.000e+000 0.000e+000 0.000e+000 0.000e+000 0.000e+000 0.000e+000 0.000e+000 0.000e+000 0.000e+000 0.000e+000 0.000e+000 0.000e+000 0.000e+000 0.000e+000 0.000e+000
 5.880e+001 2.930e+000 2.400e+001 4.788e+001-1.057e+002-2.866e-001 8.221e+001-1.596e+003 1.147e+005 5.682e+001-6.148e+003 6.707e+000-1.778e+002 7.962e+000 6.405e+001-2.990e+002 2.131e+004 4.436e+001 7.014e+003
 6.000e+001 2.930e+000 0.000e+000 0.000e+000 0.000e+000 0.000e+000 0.000e+000 0.000e+000 0.000e+000 0.000e+000 0.000e+000 0.000e+000 0.000e+000 0.000e+000 0.000e+000 0.000e+000 0.000e+000 0.000e+000 0.000e+000
 6.130e+001 2.930e+000 2.400e+001 5.480e+001 7.677e+001 4.018e+000 7.250e+001-1.409e+003 9.376e+004 4.214e+001-3.790e+003 1.728e+000-7.658e+001 9.032e+000 5.866e+001-3.243e+002 1.929e+004 6.298e+001 6.078e+003
 6.250e+001 2.930e+000 0.000e+000 0.000e+000 0.000e+000 0.000e+000 0.000e+000 0.000e+000 0.000e+000 0.000e+000 0.000e+000 0.000e+000 0.000e+000 0.000e+000 0.000e+000 0.000e+000 0.000e+000 0.000e+000 0.000e+000
 6.380e+001 2.930e+000 0.000e+000 0.000e+000 0.000e+000 0.000e+000 0.000e+000 0.000e+000 0.000e+000 0.000e+000 0.000e+000 0.000e+000 0.000e+000 0.000e+000 0.000e+000 0.000e+000 0.000e+000 0.000e+000 0.000e+000
 6.500e+001 2.930e+000 2.400e+001 2.377e+001-3.011e+002 2.182e+000 6.414e+001-1.008e+003 8.706e+004-4.980e+001-5.908e+003 6.655e+000-2.211e+002 1.184e+001 1.348e+002-1.839e+002 1.498e+004 9.524e+001 6.376e+003
 6.630e+001 2.930e+000 0.000e+000 0.000e+000 0.000e+000 0.000e+000 0.000e+000 0.000e+000 0.000e+000 0.000e+000 0.000e+000 0.000e+000 0.000e+000 0.000e+000 0.000e+000 0.000e+000 0.000e+000 0.000e+000 0.000e+000
 6.750e+001 2.930e+000 2.400e+001 2.456e+001-2.953e+002 1.969e-001-2.281e+001-1.218e+003 9.842e+004-5.958e+001-2.223e+003-1.006e+000 1.111e+002 6.024e+000 7.501e+001-2.724e+002 2.037e+004 8.170e+001 5.989e+003
 6.880e+001 2.930e+000 0.000e+000 0.000e+000 0.000e+000 0.000e+000 0.000e+000 0.000e+000 0.000e+000 0.000e+000 0.000e+000 0.000e+000 0.000e+000 0.000e+000 0.000e+000 0.000e+000 0.000e+000 0.000e+000 0.000e+000
 7.000e+001 2.930e+000 2.400e+001 1.356e+001-3.365e+001-4.089e-001-1.869e+001-7.087e+002 5.945e+004-7.897e+001-1.834e+002-2.340e+000 1.601e+002 8.833e+000 9.300e+001-1.794e+002 1.292e+004 1.328e+002 5.232e+003
 7.130e+001 2.930e+000 0.000e+000 0.000e+000 0.000e+000 0.000e+000 0.000e+000 0.000e+000 0.000e+000 0.000e+000 0.000e+000 0.000e+000 0.000e+000 0.000e+000 0.000e+000 0.000e+000 0.000e+000 0.000e+000 0.000e+000
 7.250e+001 2.930e+000 0.000e+000 0.000e+000 0.000e+000 0.000e+000 0.000e+000 0.000e+000 0.000e+000 0.000e+000 0.000e+000 0.000e+000 0.000e+000 0.000e+000 0.000e+000 0.000e+000 0.000e+000 0.000e+000 0.000e+000
 7.380e+001 2.930e+000 2.400e+001 9.459e+000-1.823e+002-5.376e-001-4.741e+001-5.797e+002 5.751e+004-1.666e+002-7.866e+002-3.492e+000 3.427e+002 1.460e+001 1.643e+002-1.567e+002 1.532e+004 2.456e+002 7.754e+003
 7.500e+001 2.930e+000 0.000e+000 0.000e+000 0.000e+000 0.000e+000 0.000e+000 0.000e+000 0.000e+000 0.000e+000 0.000e+000 0.000e+000 0.000e+000 0.000e+000 0.000e+000 0.000e+000 0.000e+000 0.000e+000 0.000e+000
 7.630e+001 2.930e+000 2.400e+001 1.077e+001-9.799e+001-4.039e-001 2.618e+001-5.940e+002 5.367e+004-1.209e+002-3.011e+003 2.630e+000-2.466e+001 1.099e+001 1.249e+002-6.767e+001 8.532e+003 1.234e+002 4.214e+003
 7.750e+001 2.930e+000 0.000e+000 0.000e+000 0.000e+000 0.000e+000 0.000e+000 0.000e+000 0.000e+000 0.000e+000 0.000e+000 0.000e+000 0.000e+000 0.000e+000 0.000e+000 0.000e+000 0.000e+000 0.000e+000 0.000e+000
 7.880e+001 2.930e+000 2.400e+001 9.563e+000-9.002e+001-8.597e-001 7.329e+000-5.272e+002 4.375e+004-4.746e+001-2.442e+003 1.451e+000-7.517e+001 7.557e+000 6.897e+001-8.209e+001 6.798e+003 7.580e+001 2.886e+003
 8.000e+001 2.930e+000 0.000e+000 0.000e+000 0.000e+000 0.000e+000 0.000e+000 0.000e+000 0.000e+000 0.000e+000 0.000e+000 0.000e+000 0.000e+000 0.000e+000 0.000e+000 0.000e+000 0.000e+000 0.000e+000 0.000e+000
 8.130e+001 2.930e+000 0.000e+000 0.000e+000 0.000e+000 0.000e+000 0.000e+000 0.000e+000 0.000e+000 0.000e+000 0.000e+000 0.000e+000 0.000e+000 0.000e+000 0.000e+000 0.000e+000 0.000e+000 0.000e+000 0.000e+000
 8.250e+001 2.930e+000 2.400e+001 5.549e+000 5.065e+000 5.977e-001 1.438e+001-3.125e+002 3.095e+004-5.818e+001-1.304e+003 8.701e-002-1.238e+001 6.202e+000 6.673e+001-6.628e+001 4.890e+003 8.494e+001 2.796e+003
 8.380e+001 2.930e+000 0.000e+000 0.000e+000 0.000e+000 0.000e+000 0.000e+000 0.000e+000 0.000e+000 0.000e+000 0.000e+000 0.000e+000 0.000e+000 0.000e+000 0.000e+000 0.000e+000 0.000e+000 0.000e+000 0.000e+000
 8.500e+001 2.930e+000 2.400e+001 4.913e+000-2.912e+001 2.537e-001 1.374e+001-3.188e+002 3.280e+004-1.632e+001-1.256e+003 8.168e-001-6.916e+001 6.217e+000 6.669e+001-4.139e+001 3.362e+003 7.179e+001 2.260e+003
 8.630e+001 2.930e+000 0.000e+000 0.000e+000 0.000e+000 0.000e+000 0.000e+000 0.000e+000 0.000e+000 0.000e+000 0.000e+000 0.000e+000 0.000e+000 0.000e+000 0.000e+000 0.000e+000 0.000e+000 0.000e+000 0.000e+000
 8.750e+001 2.930e+000 2.400e+001 5.749e+000-5.046e+001-3.160e-002 1.819e+000-2.816e+002 2.249e+004 2.633e+001-5.150e+002 4.225e-001-4.088e+001 2.972e+000 2.737e+001-5.040e+001 2.410e+003 2.956e+001 1.214e+003
 8.880e+001 2.930e+000 0.000e+000 0.000e+000 0.000e+000 0.000e+000 0.000e+000 0.000e+000 0.000e+000 0.000e+000 0.000e+000 0.000e+000 0.000e+000 0.000e+000 0.000e+000 0.000e+000 0.000e+000 0.000e+000 0.000e+000
 9.000e+001 2.930e+000 0.000e+000 0.000e+000 0.000e+000 0.000e+000 0.000e+000 0.000e+000 0.000e+000 0.000e+000 0.000e+000 0.000e+000 0.000e+000 0.000e+000 0.000e+000 0.000e+000 0.000e+000 0.000e+000 0.000e+000
 9.130e+001 2.930e+000 2.400e+001 5.236e+000-6.746e+001 5.391e-001 1.091e+001-3.213e+002 3.035e+004-1.508e+001-7.401e+002 1.208e+000-6.015e+001 4.112e+000 4.688e+001-4.597e+001 3.571e+003 3.760e+001 1.640e+003
 9.250e+001 2.930e+000 0.000e+000 0.000e+000 0.000e+000 0.000e+000 0.000e+000 0.000e+000 0.000e+000 0.000e+000 0.000e+000 0.000e+000 0.000e+000 0.000e+000 0.000e+000 0.000e+000 0.000e+000 0.000e+000 0.000e+000
 9.380e+001 2.930e+000 2.400e+001 3.641e+000-2.238e+001 3.670e-001 2.145e+001-2.280e+002 2.402e+004-2.734e+001-1.010e+003 1.561e+000-4.352e+001 3.251e+000 3.869e+001-2.033e+001 2.476e+003 2.549e+001 1.036e+003
 9.500e+001 2.930e+000 0.000e+000 0.000e+000 0.000e+000 0.000e+000 0.000e+000 0.000e+000 0.000e+000 0.000e+000 0.000e+000 0.000e+000 0.000e+000 0.000e+000 0.000e+000 0.000e+000 0.000e+000 0.000e+000 0.000e+000
 9.630e+001 2.930e+000 2.400e+001 3.218e+000-1.122e+001-2.230e-001 1.086e+000-1.734e+002 1.713e+004 1.005e+001-9.364e+001 8.272e-002-2.999e-001 5.937e-001 2.842e-001-1.850e+001 1.595e+003 4.540e+000 2.554e+002
 9.750e+001 2.930e+000 0.000e+000 0.000e+000 0.000e+000 0.000e+000 0.000e+000 0.000e+000 0.000e+000 0.000e+000 0.000e+000 0.000e+000 0.000e+000 0.000e+000 0.000e+000 0.000e+000 0.000e+000 0.000e+000 0.000e+000
 9.880e+001 2.930e+000 0.000e+000 0.000e+000 0.000e+000 0.000e+000 0.000e+000 0.000e+000 0.000e+000 0.000e+000 0.000e+000 0.000e+000 0.000e+000 0.000e+000 0.000e+000 0.000e+000 0.000e+000 0.000e+000 0.000e+000
 1.000e+002 2.930e+000 4.500e+001 1.035e+001 3.960e+002-8.172e-001 5.037e+001-1.962e+002 2.985e+004-2.060e+001-4.904e+002 1.025e+000-1.616e+001 7.198e+000-2.887e+001-1.411e+001 3.054e+003 4.933e+001 1.051e+003
 1.130e+002 2.930e+000 6.900e+001 8.790e+000-1.135e+002 7.208e-001 1.421e+001-5.753e+002 5.493e+004-8.324e+001-6.369e+002 1.143e+000 4.518e+001 1.016e+001 1.154e+002-7.604e+001 7.934e+003 1.164e+002 3.700e+003
 1.250e+002 2.930e+000 6.300e+001 8.814e+000-1.409e+002-3.083e-001-1.253e+001-5.676e+002 5.070e+004-1.027e+002-1.215e+003-2.265e-002 5.651e+001 1.349e+001 1.425e+002-7.762e+001 7.807e+003 1.629e+002 4.418e+003
 1.380e+002 2.930e+000 7.800e+001 1.659e+001-2.432e+002-2.487e+000-5.952e+001-1.006e+003 8.070e+004 5.789e+001 7.143e+002-1.788e+000 1.536e+002 1.226e+001 1.015e+002-1.531e+002 1.214e+004 1.684e+002 4.846e+003
 1.500e+002 2.930e+000 5.400e+001 6.329e+000-2.764e+002-3.179e-001-2.212e+001-3.894e+002 4.518e+004 6.281e+001 9.342e+001 9.137e-001-2.008e+001 1.222e+000 5.139e+000-3.441e+001 4.018e+003 6.884e+000 5.998e+002
 1.630e+002 2.930e+000 6.600e+001 9.236e+000-1.598e+002-1.339e-002-6.768e-001-5.664e+002 5.306e+004-1.107e+002-9.384e+002 1.523e+000 8.645e+001 1.280e+001 1.448e+002-5.389e+001 8.692e+003 1.726e+002 4.853e+003
 1.750e+002 2.930e+000 5.700e+001 1.092e+001-2.250e+002 1.710e+000 2.765e+001-5.738e+002 4.824e+004-1.509e+002-1.524e+003 2.661e+000 1.090e+002 3.449e+001 3.730e+002-7.072e+001 9.108e+003 4.262e+002 1.025e+004
 1.880e+002 2.930e+000 8.700e+001 4.204e+001-1.202e+003 1.979e+000-5.077e+001-1.663e+003 1.268e+005 9.883e+001-1.456e+003 8.429e+000-6.396e+001 3.724e+001 3.738e+002-1.854e+002 1.621e+004 4.090e+002 1.100e+004
 2.000e+002 2.930e+000 9.000e+001 2.008e+003-4.970e+004 1.750e+001-4.499e+003-5.560e+004 2.827e+006 9.865e+003 8.253e+003 4.232e+002-1.173e+004 1.239e+002-5.487e+002-4.710e+003 2.555e+005-5.906e+002 3.176e+004
 2.130e+002 2.930e+000 8.100e+001 6.208e+001-1.073e+003-1.603e+000 6.853e+000-3.205e+003 2.017e+005 2.001e+002-3.277e+003 1.404e+001-3.668e+002 3.222e+001 3.125e+002-2.515e+002 2.024e+004 3.120e+002 9.592e+003
 2.250e+002 2.930e+000 1.200e+002 9.736e+001-2.000e+003-1.502e+001-1.984e+002-5.968e+003 4.232e+005 9.733e+002 1.516e+003 1.114e+001-7.857e+001 4.334e+001 3.309e+002-5.660e+002 4.593e+004 4.482e+002 1.484e+004
 2.380e+002 2.930e+000 9.600e+001 3.543e+002-8.522e+003-6.240e+001-9.402e+002-2.117e+004 1.503e+006 4.371e+003 1.200e+003 3.533e+001-3.576e+002 4.738e+001-1.254e+002-2.297e+003 1.683e+005 3.383e+002 2.702e+004
 2.500e+002 2.930e+000 9.600e+001 1.325e+004-3.330e+005-2.642e+003-3.214e+004-7.592e+005 5.268e+007 2.076e+005-1.182e+005 2.175e+003-5.836e+004 9.363e+002-2.054e+004-7.842e+004 5.361e+006-5.900e+003 5.583e+005
 2.630e+002 2.930e+000 9.600e+001 2.236e+002-5.653e+003-4.441e+001-5.306e+002-1.211e+004 8.234e+005 3.244e+003-3.381e+003 3.469e+001-6.053e+002 3.731e+001-8.944e+001-1.288e+003 8.778e+004 1.787e+002 1.501e+004
 2.750e+002 2.930e+000 1.140e+002 5.267e+001-1.291e+003-5.361e+000-7.323e+001-2.738e+003 1.870e+005 3.931e+002-2.495e+003 8.745e+000-3.108e+001 3.459e+001 3.136e+002-3.239e+002 2.409e+004 3.303e+002 1.073e+004
 2.880e+002 2.930e+000 9.000e+001 4.477e+001-7.867e+002 1.754e+000 8.725e+000-2.670e+003 1.858e+005-1.126e+002-4.298e+003 6.405e+000-1.379e+001 3.646e+001 3.872e+002-3.539e+002 2.767e+004 3.771e+002 1.210e+004
 3.000e+002 2.930e+000 9.600e+001 1.592e+003-1.962e+004-9.345e+001-6.279e+002-9.821e+004 6.316e+006 8.338e+003-1.105e+005 2.193e+002-1.214e+004 6.818e+001-4.317e+002-1.217e+004 7.639e+005-1.244e+003 1.026e+005
 3.130e+002 2.930e+000 9.300e+001 8.165e+001-6.585e+002-2.475e+000 3.200e+001-4.450e+003 2.627e+005 1.403e+002-7.923e+003 6.465e+000-3.212e+002 2.510e+001 2.582e+002-6.995e+002 3.883e+004 2.574e+002 1.370e+004
 3.250e+002 2.930e+000 1.080e+002 5.000e+001-2.198e+002-4.247e+000 5.120e+001-2.389e+003 1.273e+005 1.850e+002-1.302e+003 4.444e+000 9.005e+001 4.278e+001 4.186e+002-2.698e+002 1.819e+004 4.477e+002 1.195e+004
 3.380e+002 2.930e+000 8.700e+001 9.759e+001-1.787e+002 6.091e-001 2.619e+002-3.314e+003 1.280e+005-1.349e+002-9.714e+003 9.557e+000-2.102e+002 1.783e+001 2.339e+002-3.103e+002 1.578e+004 1.704e+002 7.250e+003
 3.500e+002 2.930e+000 9.600e+001 2.584e+003-1.711e+004 2.876e+001 4.098e+003-7.264e+004 2.201e+006 4.946e+002-1.541e+005 1.794e+002-5.070e+003 4.304e+001 6.523e+002-6.145e+003 1.558e+005-7.456e+001 2.962e+004
 3.630e+002 2.930e+000 9.300e+001 1.078e+002-1.384e+003 1.807e+000 1.209e+002-3.545e+003 1.469e+005 5.811e+001-6.238e+003 1.517e+001-3.247e+002 3.034e+001 3.350e+002-2.825e+002 1.301e+004 2.791e+002 8.557e+003
 3.750e+002 2.930e+000 1.170e+002 4.825e+001-8.051e+002-3.433e+000-5.877e+001-2.042e+003 1.112e+005 4.201e+001-2.556e+002 3.743e+000 1.418e+002 2.919e+001 3.159e+002-2.109e+002 1.605e+004 3.224e+002 9.180e+003
 3.880e+002 2.930e+000 9.600e+001 3.321e+001-5.756e+002-2.035e+000-4.414e+001-1.648e+003 9.810e+004 4.635e+001-5.508e+002 2.621e+000 4.907e+001 2.461e+001 2.643e+002-1.854e+002 1.351e+004 2.615e+002 7.606e+003
 4.000e+002 2.930e+000 9.600e+001 7.024e+001-7.779e+002 5.026e+000 8.371e+001-4.598e+003 3.333e+005-3.467e+002-9.916e+003 6.898e+000-1.420e+002 2.860e+001 3.662e+002-6.422e+002 4.875e+004 2.748e+002 1.385e+004
 4.130e+002 2.930e+000 1.170e+002 3.452e+001-3.895e+002-1.748e+000 9.901e+000-1.748e+003 1.005e+005 2.579e+001-1.795e+003 5.359e+000-4.733e+001 2.366e+001 2.630e+002-1.839e+002 1.370e+004 2.414e+002 7.604e+003
 4.250e+002 2.930e+000 9.600e+001 3.895e+001-4.862e+002-2.496e+000 1.579e+000-1.976e+003 1.113e+005 9.033e+001-1.836e+003 6.233e+000-1.021e+002 2.657e+001 2.933e+002-2.017e+002 1.403e+004 2.527e+002 8.045e+003
 4.380e+002 2.930e+000 9.600e+001 8.325e+001-1.055e+003-1.961e+000 3.807e+001-4.219e+003 2.311e+005 2.551e+002-6.639e+003 1.433e+001-5.553e+002 2.075e+001 2.034e+002-4.663e+002 2.543e+004 1.255e+002 7.481e+003
 4.500e+002 2.930e+000 9.600e+001 1.536e+003-2.026e+004-1.854e+002-4.077e+002-7.519e+004 3.957e+006 1.319e+004-5.927e+004 3.165e+002-1.284e+004 1.113e+002-5.476e+002-6.126e+003 3.095e+005-9.313e+002 3.148e+004
 4.630e+002 2.930e+000 1.200e+002 1.421e+002-1.676e+003-7.403e+000 4.522e+001-7.272e+003 3.969e+005 5.306e+002-1.031e+004 2.183e+001-8.051e+002 3.165e+001 2.962e+002-7.905e+002 4.420e+004 2.026e+002 1.234e+004
 4.750e+002 2.930e+000 9.600e+001 8.454e+001-8.266e+002 1.184e-001 1.277e+002-4.352e+003 2.347e+005 6.815e+001-1.112e+004 1.324e+001-5.752e+002 1.936e+001 2.296e+002-5.274e+002 2.796e+004 1.060e+002 8.158e+003
 4.880e+002 2.930e+000 9.600e+001 1.121e+002-1.177e+003-1.306e+001-6.072e+001-5.768e+003 3.123e+005 7.164e+002-2.827e+003 1.130e+001-3.111e+002 1.956e+001 1.219e+002-6.289e+002 3.558e+004 1.347e+002 8.209e+003
 5.000e+002 2.930e+000 9.600e+001 1.741e+002-1.445e+003-4.003e+000 1.748e+002-9.136e+003 4.976e+005 3.027e+002-1.744e+004 2.190e+001-9.160e+002 2.778e+001 3.016e+002-1.121e+003 6.094e+004 1.376e+002 1.447e+004
 5.130e+002 2.930e+000 1.200e+002 3.118e+002-3.092e+003-1.721e+001 4.737e+001-1.567e+004 8.271e+005 1.140e+003-2.265e+004 3.229e+001-1.405e+003 2.409e+001 1.396e+002-2.025e+003 1.017e+005 1.860e+001 1.918e+004
 5.250e+002 2.930e+000 9.600e+001 6.365e+002-6.261e+003-5.000e+001-3.194e+001-3.181e+004 1.655e+006 3.093e+003-3.600e+004 6.539e+001-2.623e+003 3.126e+001-6.669e+001-3.951e+003 2.002e+005-1.774e+002 3.006e+004
 5.380e+002 2.930e+000 9.600e+001 2.959e+003-2.807e+004-1.469e+002 1.156e+003-1.468e+005 7.551e+006 1.039e+004-2.385e+005 3.290e+002-1.484e+004 6.077e+001-6.189e+002-1.918e+004 9.420e+005-2.005e+003 1.295e+005
 5.500e+002 2.930e+000 9.600e+001 1.018e+005-9.527e+005-6.350e+003 2.819e+004-5.009e+006 2.553e+008 4.194e+005-7.430e+006 1.147e+004-5.046e+005 1.701e+003-3.694e+004-6.462e+005 3.153e+007-7.440e+004 4.114e+006
 5.630e+002 2.930e+000 1.200e+002 3.638e+003-3.383e+004-2.206e+002 6.093e+002-1.775e+005 8.981e+006 1.411e+004-2.437e+005 3.685e+002-1.578e+004 7.496e+001-1.036e+003-2.309e+004 1.124e+006-2.105e+003 1.536e+005
 5.750e+002 2.930e+000 9.600e+001 5.145e+002-4.597e+003-2.586e+001 3.757e+002-2.467e+004 1.226e+006 1.830e+003-4.380e+004 7.136e+001-3.067e+003 2.906e+001 1.222e+002-2.994e+003 1.423e+005-2.365e+002 2.268e+004
 5.880e+002 2.930e+000 9.600e+001 2.328e+002-2.101e+003-1.461e+001 1.212e+002-1.106e+004 5.463e+005 9.344e+002-1.717e+004 3.001e+001-1.228e+003 1.483e+001 5.793e+001-1.310e+003 6.234e+004-6.335e+001 1.031e+004
 6.000e+002 2.930e+000 1.200e+002 1.985e+002-1.796e+003-1.506e+001-9.438e+001-9.333e+003 4.596e+005 7.823e+002-5.458e+003 1.378e+001-3.717e+002 2.425e+001 1.846e+002-1.202e+003 5.994e+004 1.722e+002 1.387e+004
 6.130e+002 2.930e+000 9.600e+001 9.243e+001-7.610e+002-6.877e-001 1.292e+002-4.285e+003 2.068e+005 1.084e+002-9.674e+003 1.350e+001-5.342e+002 1.561e+001 1.857e+002-5.287e+002 2.491e+004 7.312e+001 7.088e+003
 6.250e+002 2.930e+000 9.600e+001 7.548e+001-6.429e+002-2.951e+000 7.603e+001-3.433e+003 1.634e+005 1.860e+002-6.049e+003 1.054e+001-3.725e+002 1.263e+001 1.378e+002-3.808e+002 1.814e+004 6.873e+001 5.319e+003
 6.380e+002 2.930e+000 9.600e+001 1.066e+002-1.088e+003-4.021e+000 2.206e+002-4.633e+003 2.145e+005 3.561e+002-1.291e+004 2.103e+001-7.849e+002 2.001e+001 2.311e+002-4.173e+002 1.740e+004 8.843e+001 6.892e+003
 6.500e+002 2.930e+000 1.200e+002 3.149e+003-3.703e+004 7.303e+001 1.214e+004-1.294e+005 5.765e+006 5.587e+003-6.443e+005 7.292e+002-3.068e+004 1.880e+002 3.328e+003-1.250e+004 3.734e+005-2.418e+003 1.021e+005
 6.630e+002 2.930e+000 9.600e+001 5.715e+001-5.889e+002 4.044e-001 1.278e+002-2.440e+003 1.121e+005 2.970e+001-7.725e+003 7.666e+000-2.383e+002 1.478e+001 1.928e+002-3.087e+002 1.334e+004 1.173e+002 6.056e+003
 6.750e+002 2.930e+000 9.600e+001 2.927e+001-2.752e+002-2.884e+000-8.012e-001-1.256e+003 5.784e+004 1.152e+002-8.329e+002 2.815e+000-3.214e+001 1.174e+001 1.292e+002-1.358e+002 6.963e+003 1.120e+002 3.908e+003
 6.880e+002 2.930e+000 9.600e+001 2.437e+001-1.956e+002 2.207e+000 2.869e+001-1.082e+003 5.084e+004-1.311e+002-2.191e+003 4.137e-001 4.631e+001 1.471e+001 2.118e+002-1.952e+002 9.842e+003 1.609e+002 6.028e+003
 7.000e+002 2.930e+000 1.200e+002 7.093e+001-8.725e+002 2.217e-001 9.611e+001-2.895e+003 1.313e+005 3.391e+001-8.257e+003 7.256e+000-1.996e+002 1.607e+001 2.110e+002-4.135e+002 1.735e+004 1.299e+002 7.152e+003
 7.130e+002 2.930e+000 9.600e+001 1.319e+001-1.230e+002-1.064e+000 7.034e+000-5.608e+002 2.607e+004 1.466e+001-6.194e+002 1.683e+000-4.921e+000 1.092e+001 1.350e+002-5.464e+001 3.489e+003 1.121e+002 3.425e+003
 7.250e+002 2.930e+000 9.600e+001 1.423e+001-1.110e+002-4.467e-001-5.161e+001-5.518e+002 2.533e+004-8.585e+001 2.351e+002-2.675e+000 1.363e+002 1.588e+001 2.067e+002-1.371e+002 6.783e+003 2.113e+002 6.456e+003
 7.380e+002 2.930e+000 9.600e+001 1.023e+001-7.421e+001 2.570e-001 2.191e+000-4.305e+002 1.957e+004-4.451e+001-1.744e+002 3.378e-001 4.670e+001 1.078e+001 1.451e+002-6.721e+001 3.981e+003 1.173e+002 3.708e+003
 7.500e+002 2.930e+000 1.440e+002 6.116e+001-8.411e+002-1.043e+000 8.695e+001-2.053e+003 8.513e+004 1.145e+002-4.932e+003 9.885e+000-2.344e+002 1.509e+001 1.899e+002-1.935e+002 7.308e+003 1.174e+002 4.916e+003
 7.630e+002 2.930e+000 9.600e+001 9.076e+000-7.611e+001 6.645e-002-1.817e+001-3.869e+002 1.821e+004-6.286e+001 5.445e+002-1.096e+000 1.189e+002 1.302e+001 1.759e+002-7.117e+001 4.697e+003 1.542e+002 4.607e+003
 7.750e+002 2.930e+000 9.600e+001 7.667e+000-5.666e+001 5.554e-001-7.359e+000-3.217e+002 1.480e+004-6.837e+001 1.481e+002-6.088e-001 7.835e+001 1.090e+001 1.522e+002-6.058e+001 3.782e+003 1.235e+002 3.838e+003
 7.880e+002 2.930e+000 1.200e+002 8.176e+000-5.096e+001 6.413e-001 1.554e+001-3.271e+002 1.452e+004-5.875e+001-5.551e+002 1.011e+000 1.802e+001 1.044e+001 1.448e+002-4.692e+001 3.034e+003 1.102e+002 3.511e+003
 8.000e+002 2.930e+000 1.200e+002 9.046e+000-9.734e+001 2.049e-001-1.038e+001-3.893e+002 2.117e+004-6.208e+001-8.462e+001-2.853e-002 6.052e+001 1.121e+001 1.547e+002-6.384e+001 4.522e+003 1.278e+002 4.106e+003
 8.130e+002 2.930e+000 9.300e+001 6.070e+000-4.621e+001 3.983e-001-8.268e+000-2.450e+002 1.126e+004-5.221e+001 1.079e+002-5.923e-001 6.040e+001 7.897e+000 1.129e+002-4.757e+001 2.915e+003 9.388e+001 2.967e+003
 8.250e+002 2.930e+000 9.300e+001 6.667e+000-4.980e+001 9.583e-001-7.039e-002-2.767e+002 1.308e+004-8.060e+001-7.691e+001-4.724e-001 7.300e+001 9.438e+000 1.378e+002-5.899e+001 3.662e+003 1.088e+002 3.543e+003
 8.380e+002 2.930e+000 1.380e+002 1.191e+001-1.073e+002 3.936e-001 1.182e+001-5.928e+002 3.473e+004-1.065e+002-1.786e+003 3.966e-001 4.298e+001 1.137e+001 1.632e+002-8.594e+001 6.361e+003 1.309e+002 4.548e+003
 8.500e+002 2.930e+000 8.700e+001 5.422e+002-4.323e+003 1.071e+002 3.053e+003-3.568e+004 2.427e+006-7.193e+003-2.544e+005 3.453e+001-3.204e+003 3.420e+001 1.464e+003-5.573e+003 3.482e+005 3.980e+002 7.942e+004
 8.630e+002 2.930e+000 9.300e+001 6.964e+000-5.564e+001-3.996e-001-1.631e+001-3.014e+002 1.466e+004-1.587e+001 4.772e+002-7.477e-001 7.646e+001 7.705e+000 1.041e+002-4.829e+001 3.107e+003 9.403e+001 2.891e+003
 8.750e+002 2.930e+000 9.600e+001 6.245e+000-4.263e+001 2.089e-001 8.042e+000-2.669e+002 1.297e+004-4.918e+001-6.353e+002 4.254e-001 2.055e+001 5.869e+000 8.449e+001-3.824e+001 2.698e+003 6.891e+001 2.329e+003
 8.880e+002 2.930e+000 1.410e+002 7.620e+000-6.867e+001-1.094e+000-2.374e+001-3.126e+002 1.520e+004-1.457e+001 8.970e+002-6.278e-001 1.100e+002 1.093e+001 1.453e+002-3.976e+001 3.487e+003 1.343e+002 3.938e+003
 9.000e+002 2.930e+000 9.000e+001 5.612e+001-6.307e+002-3.520e+000-1.756e+002-1.702e+003 6.356e+004 8.373e+001 7.179e+002 2.176e+000 2.735e+001 6.269e+000 5.185e+001-3.347e+002 1.367e+004 7.605e+001 4.949e+003
 9.130e+002 2.930e+000 9.000e+001 1.242e+001-2.514e+002-7.934e-002-3.064e+001-3.965e+002 2.351e+004-1.326e+002-2.513e+003-4.798e-001 5.711e+001 1.007e+001 1.319e+002-1.066e+002 5.955e+003 1.330e+002 4.483e+003
 9.250e+002 2.930e+000 7.800e+001 6.703e+000-8.892e+001-1.937e+000-4.718e+001-2.154e+002 1.077e+004 2.000e+001 1.294e+003-1.123e+000 1.151e+002 7.878e+000 1.002e+002-4.196e+001 2.868e+003 1.077e+002 3.260e+003
 9.380e+002 2.930e+000 1.380e+002 1.417e+001-2.213e+002-4.011e+000-9.542e+001-5.075e+002 2.480e+004 7.022e+001 2.385e+003-8.844e-001 1.540e+002 8.674e+000 9.624e+001-5.504e+001 5.244e+003 1.220e+002 3.633e+003
 9.500e+002 2.930e+000 9.300e+001 7.306e+002-1.560e+004-2.204e+002-5.435e+003-2.543e+004 1.277e+006 6.770e+003 1.154e+005-1.372e+001 5.822e+003 8.650e+001-5.632e+002-3.060e+003 2.488e+005 2.153e+003 6.851e+004
 9.630e+002 2.930e+000 9.300e+001 6.724e+000-8.015e+001-2.128e+000-2.701e+001-2.522e+002 1.214e+004 3.286e+001 9.067e+002 2.265e-001 7.733e+001 8.101e+000 9.732e+001-1.527e+001 2.418e+003 1.007e+002 2.796e+003
 9.750e+002 2.930e+000 1.080e+002 5.860e+000-5.807e+001-8.559e-001-1.631e+001-2.203e+002 1.007e+004-1.055e+000 2.751e+002-2.569e-001 5.218e+001 5.575e+000 7.409e+001-3.006e+001 2.173e+003 7.058e+001 2.205e+003
 9.880e+002 2.930e+000 1.110e+002 8.770e+000-1.186e+002-1.955e+000-3.821e+001-3.102e+002 1.513e+004 2.656e+000 5.195e+002-1.809e-001 9.239e+001 9.335e+000 1.101e+002-4.384e+001 3.689e+003 1.233e+002 3.548e+003
 1.000e+003 2.930e+000 5.490e+002 4.573e+001-5.054e+002-1.497e+001-2.316e+002-1.509e+003 6.325e+004 4.091e+002 8.025e+003 5.944e-001 3.791e+002 3.754e+001 3.911e+002-8.320e+001 9.903e+003 4.552e+002 1.183e+004
 1.130e+003 2.930e+000 1.050e+003 6.765e+002-6.987e+003-2.441e+001-1.667e+003-2.529e+004 1.144e+006 1.115e+003 2.523e+004 6.691e+001-6.237e+002 6.043e+001 4.687e+001-2.444e+003 1.126e+005 2.689e+002 2.735e+004
 1.250e+003 2.930e+000 9.750e+002 3.727e+002-7.908e+003-3.720e+001-2.008e+003-1.437e+004 7.813e+005 1.695e+003 3.964e+004-5.056e+000 2.081e+003 5.358e+001-4.663e+001-1.956e+003 1.386e+005 9.078e+002 3.784e+004
 1.380e+003 2.930e+000 9.720e+002 6.291e+002-8.635e+003-6.280e+001-7.132e+002-1.992e+004 7.707e+005 2.929e+003-3.062e+004 7.820e+001-1.446e+003 2.979e+001-2.993e+002-3.877e+003 1.377e+005-2.650e+002 3.130e+004
 1.500e+003 2.930e+000 7.200e+001 1.448e+001-9.591e+001 7.489e-001 2.812e+001-6.235e+002 3.110e+004-5.258e+001-2.092e+003-7.843e-001 5.769e+001 4.755e-001-5.509e-001-8.986e+001 3.727e+003 1.043e+001 7.903e+002
 1.630e+003 2.930e+000 7.200e+001 9.464e+000-6.923e+001 1.478e+000 5.039e+001-5.401e+002 3.222e+004-1.016e+002-3.216e+003-1.667e+000 9.042e+001 6.522e-001-5.072e+000-3.446e+001 1.533e+003 1.530e+001 4.885e+002
 1.750e+003 2.930e+000 4.800e+001 3.979e+001-2.479e+002 7.526e+000 2.365e+002-2.321e+003 1.380e+005-4.894e+002-1.464e+004-7.447e+000 3.975e+002 3.003e+000-2.552e+001-1.118e+002 5.173e+003 6.847e+001 1.870e+003
 1.880e+003 2.930e+000 7.200e+001 8.344e+001-3.612e+002 1.857e+001 4.601e+002-4.746e+003 2.749e+005-1.135e+003-2.726e+004-1.417e+001 7.491e+002 7.080e+000-3.857e+001-2.037e+002 9.963e+003 1.402e+002 3.333e+003
 2.000e+003 2.930e+000 7.200e+001 1.146e+002-4.113e+002 2.344e+001 7.675e+002-5.985e+003 3.171e+005-1.306e+003-4.161e+004-2.031e+001 1.006e+003 8.799e+000-8.621e+001-2.711e+002 1.174e+004 2.112e+002 6.063e+003
 2.130e+003 2.930e+000 4.800e+001 3.304e+001-1.943e+002 6.040e+000 1.902e+002-1.773e+003 9.843e+004-3.631e+002-1.125e+004-5.917e+000 3.055e+002 2.492e+000-1.994e+001-1.042e+002 4.630e+003 5.739e+001 1.663e+003
 2.250e+003 2.930e+000 7.200e+001 6.496e+000-3.626e+001 9.105e-001 3.785e+001-3.191e+002 1.651e+004-5.247e+001-2.107e+003-8.420e-001 4.439e+001 4.495e-001-3.583e+000-1.781e+001 7.443e+002 1.077e+001 3.870e+002
 2.380e+003 2.930e+000 7.200e+001 2.630e+001-1.571e+002 4.051e+000 2.029e+002-1.243e+003 6.098e+004-2.112e+002-1.012e+004-2.825e+000 1.174e+002 1.032e+000-1.279e+001-6.294e+001 1.808e+003 3.916e+001 1.770e+003
 2.500e+003 2.930e+000 4.800e+001 2.318e+000-1.997e+001 3.676e-001 1.646e+001-1.113e+002 5.791e+003-2.189e+001-9.403e+002-2.944e-001 1.356e+001 1.612e-001-1.841e+000-7.008e+000 2.113e+002 4.615e+000 1.863e+002
 2.630e+003 2.930e+000 7.200e+001 4.909e+000-4.210e+001 3.351e-001 2.343e+001-2.062e+002 9.232e+003-2.064e+001-1.167e+003-6.797e-001 2.789e+001 1.904e-001-3.006e+000-1.420e+001 4.200e+002 4.640e+000 2.046e+002
 2.750e+003 2.930e+000 6.900e+001 1.814e+000-1.860e+001 9.341e-002 5.467e+000-6.000e+001 2.434e+003-4.023e+000-2.444e+002 1.168e-002 2.079e+000 8.737e-002-8.554e-002-2.886e+000 8.994e+001 1.642e+000 5.408e+001
 2.880e+003 2.930e+000 4.800e+001 7.241e-001-2.082e+000 1.157e-001 4.055e+000-2.919e+001 1.278e+003-5.581e+000-1.873e+002-6.357e-002 3.275e+000 5.682e-002-1.109e-002-2.122e+000 9.085e+001 1.332e+000 4.658e+001
 3.000e+003 2.930e+000 7.200e+001 4.524e+000 2.157e+001 1.310e+000 3.840e+001-1.506e+002 5.467e+003-4.758e+001-1.209e+003 4.133e-001-1.704e+000 5.963e-001 7.702e+000-1.259e+001 6.947e+002 1.222e+001 4.244e+002
 3.130e+003 2.930e+000 6.900e+001 1.355e+000 9.140e-001 3.212e-001 1.001e+001-5.357e+001 2.290e+003-1.379e+001-4.367e+002-7.485e-002 6.550e+000 1.882e-001-5.547e-001-1.919e+000 1.294e+002 4.140e+000 1.181e+002
 3.250e+003 2.930e+000 4.800e+001 1.853e+000 1.692e+001 7.366e-001 1.761e+001-5.238e+001 1.997e+003-2.958e+001-6.399e+002 6.537e-001-1.977e+000 8.497e-001 2.300e+000 9.256e+000 4.143e+001 1.505e+001 2.944e+002
 3.380e+003 2.930e+000 7.200e+001 2.660e+000-7.466e+000 3.931e-001 1.872e+001-1.172e+002 5.507e+003-2.004e+001-9.166e+002-4.634e-001 2.532e+001 3.004e-001-3.539e+000-4.194e+000 2.027e+002 5.595e+000 1.942e+002
 3.500e+003 2.930e+000 7.200e+001 6.329e+001 1.223e+002 1.689e+001 5.054e+002-2.574e+003 1.051e+005-6.751e+002-2.064e+004-6.724e+000 3.094e+002 5.315e+000-5.509e+001 1.297e+000 9.535e+002 1.360e+002 4.085e+003
 3.630e+003 2.930e+000 4.800e+001 2.043e+001 5.693e-001 4.883e+000 1.350e+002-8.144e+002 3.262e+004-1.952e+002-5.463e+003-2.217e+000 9.093e+001 1.474e+000-1.449e+001-5.160e+000 2.284e+002 3.386e+001 9.563e+002
 3.750e+003 2.930e+000 7.200e+001 6.201e+000-1.462e+001 1.159e+000 3.377e+001-2.301e+002 8.768e+003-4.543e+001-1.387e+003-5.092e-001 1.922e+001 3.521e-001-2.845e+000-8.095e+000 2.401e+002 8.291e+000 2.816e+002
 3.880e+003 2.930e+000 7.200e+001 1.927e+001-5.899e+001 3.449e+000 1.105e+002-7.130e+002 2.775e+004-1.426e+002-4.989e+003-1.685e+000 6.823e+001 1.136e+000-1.159e+001-3.989e+001 1.324e+003 3.312e+001 1.285e+003
 4.000e+003 2.930e+000 4.800e+001 5.380e+001-7.627e+002-1.934e+000-2.274e+001-1.619e+003 6.043e+004-2.893e+001-6.688e+003-5.601e+000 2.075e+002 8.924e-001-2.152e+001-4.774e+002 1.477e+004 5.715e+001 4.673e+003
 4.130e+003 2.930e+000 6.900e+001 1.679e+001-2.737e+001 3.299e+000 8.725e+001-6.032e+002 2.293e+004-1.316e+002-3.829e+003-1.675e+000 7.280e+001 1.213e+000-7.236e+000-4.504e+001 1.669e+003 3.053e+001 9.643e+002
 4.250e+003 2.930e+000 6.600e+001 8.199e+000-2.754e+001 7.270e-001 3.009e+001-2.817e+002 1.015e+004-2.950e+001-1.209e+003-4.071e-001 1.783e+001 2.742e-001-3.310e+000 1.370e+000-7.960e+001 6.316e+000 2.647e+002
 4.380e+003 2.930e+000 4.800e+001 1.206e+000-2.867e+000 2.109e-001 7.183e+000-4.352e+001 1.716e+003-9.056e+000-3.328e+002-7.804e-002 4.659e+000 1.261e-001-1.140e+000-1.152e+000 5.147e+001 2.928e+000 1.024e+002
 4.500e+003 2.930e+000 7.200e+001 5.477e+000-1.588e+001 8.790e-001 2.915e+001-1.906e+002 7.074e+003-3.452e+001-1.209e+003-3.199e-001 1.549e+001 3.528e-001-3.706e+000-3.311e+000 1.059e+002 8.320e+000 2.812e+002
 4.630e+003 2.930e+000 7.200e+001 2.414e+000-1.247e+001 2.698e-001 1.045e+001-8.169e+001 2.976e+003-1.113e+001-4.519e+002-1.424e-001 5.747e+000 1.474e-001-9.314e-001-5.064e+000 1.388e+002 3.146e+000 1.132e+002
 4.750e+003 2.930e+000 4.500e+001 7.815e-001-3.143e+000 7.885e-002 2.616e+000-2.528e+001 8.921e+002-3.421e+000-1.226e+002-1.807e-002 1.362e+000 7.702e-002-3.217e-001-1.742e+000 5.680e+001 1.248e+000 4.099e+001
 4.880e+003 2.930e+000 7.200e+001 7.223e-001-2.541e+000 1.135e-001 3.101e+000-2.423e+001 1.029e+003-5.616e+000-1.789e+002-4.243e-002 5.871e+000 2.231e-001-1.003e+000-1.066e+000 7.429e+001 3.232e+000 7.543e+001
 5.000e+003 2.930e+000 6.600e+001 6.764e-001-5.058e+000 1.150e-002 1.569e+000-2.175e+001 8.074e+002-1.516e+000-9.122e+001-7.253e-002 3.245e+000 7.526e-002-2.067e-001-2.019e+000 5.941e+001 1.143e+000 3.815e+001
 5.130e+003 2.930e+000 4.500e+001 6.226e-001-2.123e+000 4.346e-002 1.993e+000-1.983e+001 6.692e+002-1.698e+000-7.704e+001-2.809e-002 1.163e+000 4.887e-002-6.400e-002-2.799e-001 3.364e+000 6.998e-001 2.587e+001
 5.250e+003 2.930e+000 6.300e+001 3.944e-001-3.368e+000-2.021e-002 3.710e-001-1.092e+001 3.655e+002 2.822e-001-2.740e+001 1.816e-003 5.657e-001 7.802e-002 5.097e-002-7.990e-001 1.992e+001 9.295e-001 2.542e+001
 5.380e+003 2.930e+000 7.200e+001 7.993e-001-5.275e+000 6.261e-003 1.233e+000-2.335e+001 7.848e+002-1.083e+000-7.614e+001 7.536e-003 8.244e-001 1.096e-001 4.362e-002-1.076e+000 4.098e+001 1.887e+000 5.581e+001
 5.500e+003 2.930e+000 4.800e+001 4.564e-001-4.120e+000-2.190e-002-1.853e-001-1.190e+001 3.790e+002-1.581e-001-2.681e+001 2.299e-003 6.635e-001 9.914e-002-1.993e-002-1.292e+000 4.561e+001 1.637e+000 4.693e+001
 5.630e+003 2.930e+000 7.200e+001 1.449e+000-1.329e+001-1.191e-001 1.553e-001-3.934e+001 1.240e+003 3.454e+000-3.645e+001 1.106e-001-9.649e-001 1.587e-001 3.923e-001-1.407e+000 5.115e+001 2.195e+000 5.847e+001
 5.750e+003 2.930e+000 7.200e+001 1.287e+000-9.295e+000-4.792e-002 1.572e-001-3.470e+001 1.057e+003 6.121e-001-4.539e+001 6.089e-002-7.654e-001 1.533e-001 7.972e-001-9.463e-001 3.506e+001 2.412e+000 7.489e+001
 5.880e+003 2.930e+000 4.800e+001 1.318e+000-9.038e+000 8.779e-002 3.716e+000-3.670e+001 1.119e+003-3.041e+000-1.458e+002-3.366e-003 8.753e-002 9.597e-002 4.093e-001-2.821e+000 6.703e+001 1.948e+000 7.007e+001
 6.000e+003 2.930e+000 7.200e+001 3.383e+000-2.859e+001-1.444e-001-7.332e-001-9.375e+001 2.948e+003 1.547e-001-1.683e+002-1.925e-001 8.505e+000 2.547e-001-9.176e-002-1.254e+001 4.020e+002 5.790e+000 2.065e+002
 6.130e+003 2.930e+000 7.200e+001 1.984e+000-1.439e+001-4.955e-002 1.376e+000-5.420e+001 1.682e+003-1.366e+000-1.553e+002-1.449e-001 6.636e+000 2.112e-001-3.636e-001-7.912e+000 2.534e+002 4.279e+000 1.447e+002
 6.250e+003 2.930e+000 4.200e+001 6.092e-001-3.801e+000-2.545e-002 1.586e+000-1.642e+001 5.030e+002 7.918e-001-4.829e+001 8.219e-002-1.205e+000 1.303e-001 7.974e-001 1.823e-001 6.676e+000 1.891e+000 5.921e+001
 6.380e+003 2.930e+000 7.200e+001 9.991e-001-1.120e+000 1.384e-001 4.798e+000-2.785e+001 8.488e+002-4.349e+000-1.675e+002 4.732e-002-2.191e-001 1.836e-001-4.647e-001 1.792e+000-2.965e+001 3.307e+000 9.751e+001
 6.500e+003 2.930e+000 6.600e+001 6.663e-001-6.661e-001 8.063e-002 2.996e+000-1.727e+001 5.171e+002-2.329e+000-1.030e+002 8.437e-002-1.275e+000 1.937e-001 1.776e-001 1.222e+000-1.023e+001 2.807e+000 7.806e+001
 6.630e+003 2.930e+000 4.800e+001 6.452e-001-3.150e+000-2.340e-002 1.252e+000-1.864e+001 5.910e+002 5.593e-001-4.347e+001-5.339e-003 6.988e-001 9.711e-002 1.652e-001-6.184e-002 8.546e+000 1.166e+000 3.111e+001
 6.750e+003 2.930e+000 6.900e+001 7.089e-001-1.704e+000 1.523e-002 1.161e+000-1.821e+001 5.452e+002 3.361e-001-4.677e+001 1.224e-001-2.647e+000 1.673e-001 1.454e-001 2.035e+000-4.060e+001 2.009e+000 5.581e+001
 6.880e+003 2.930e+000 6.900e+001 5.349e-001-2.115e+000 4.539e-002 2.443e+000-1.477e+001 4.575e+002-7.542e-001-7.370e+001 7.844e-002-2.325e+000 2.219e-001 2.801e-001 5.884e-001-1.961e+001 2.376e+000 5.338e+001
 7.000e+003 2.930e+000 3.900e+001 4.182e-001-7.989e-001 2.827e-002 1.423e+000-1.218e+001 3.860e+002-2.744e-001-4.121e+001 6.059e-002-1.788e+000 9.681e-002 8.756e-002 1.038e+000-3.275e+001 9.653e-001 2.405e+001
 7.130e+003 2.930e+000 6.000e+001 3.713e-001-2.219e+000 3.644e-002 1.667e+000-9.944e+000 3.322e+002 5.610e-001-3.719e+001 1.573e-001-4.381e+000 2.149e-001 6.147e-001 1.427e+000-4.387e+001 2.146e+000 4.113e+001
 7.250e+003 2.930e+000 6.300e+001 3.962e-001-2.233e+000 3.779e-002 1.317e+000-1.045e+001 3.416e+002 8.938e-001-2.281e+001 1.504e-001-4.487e+000 2.776e-001 1.735e-001 1.097e+000-3.528e+001 2.511e+000 4.007e+001
 7.380e+003 2.930e+000 4.500e+001 4.357e-001-4.407e+000 5.503e-002 1.715e+000-1.180e+001 4.119e+002 2.099e+000-2.143e+001 2.324e-001-6.745e+000 3.095e-001 8.882e-001 1.718e+000-6.096e+001 2.713e+000 3.637e+001
 7.500e+003 2.930e+000 6.000e+001 6.827e-001-4.805e+000 9.961e-003 1.576e+000-1.983e+001 6.728e+002 4.225e+000-7.965e+000 3.923e-001-1.286e+001 5.255e-001 1.071e+000 3.618e+000-1.366e+002 4.964e+000 6.270e+001
 7.630e+003 2.930e+000 6.900e+001 1.524e+000-1.662e+001 9.886e-002 5.596e+000-4.543e+001 1.618e+003 1.147e+001-6.205e+001 1.072e+000-3.520e+001 1.205e+000 3.312e+000 7.612e+000-3.051e+002 1.016e+001 1.168e+002
 7.750e+003 2.930e+000 4.800e+001 1.386e+000-1.822e+001 2.137e-001 4.963e+000-3.846e+001 1.401e+003 1.166e+001 1.376e+000 1.030e+000-3.518e+001 1.431e+000 3.578e+000 8.101e+000-3.355e+002 1.392e+001 1.599e+002
 7.880e+003 2.930e+000 7.200e+001 2.146e+001-2.170e+002-7.535e-002 1.209e+001-5.723e+002 1.824e+004 1.287e+002 2.664e+002 7.535e+000-2.609e+002 1.166e+001 2.449e+001 9.840e+000-1.264e+003 1.166e+002 1.505e+003
 8.000e+003 2.930e+000 7.200e+001 1.171e+002-1.859e+003 2.884e+001 5.994e+002-3.414e+003 1.318e+005 1.217e+003-7.100e+002 1.176e+002-4.085e+003 1.541e+002 4.363e+002 9.385e+002-3.975e+004 1.444e+003 1.510e+004
 8.130e+003 2.930e+000 4.800e+001 4.398e+000-5.430e+001 7.007e-002 8.436e+000-1.260e+002 4.556e+003 5.399e+001 1.952e+002 3.188e+000-1.066e+002 4.447e+000 1.044e+001 2.275e+001-9.560e+002 4.132e+001 4.443e+002
 8.250e+003 2.930e+000 7.200e+001 2.024e+000-2.683e+001 2.685e-001 8.371e+000-5.671e+001 2.095e+003 2.510e+001 1.454e+001 1.825e+000-6.080e+001 2.738e+000 8.081e+000 1.307e+001-5.625e+002 2.453e+001 2.795e+002
 8.380e+003 2.930e+000 7.200e+001 9.768e-001-1.030e+001 6.907e-002 2.750e+000-2.480e+001 8.432e+002 9.228e+000 1.899e+001 6.097e-001-1.891e+001 9.422e-001 2.184e+000 4.602e+000-1.793e+002 8.235e+000 9.901e+001
 8.500e+003 2.930e+000 3.900e+001 2.783e-001-2.892e+000 6.132e-002 1.451e+000-7.107e+000 2.574e+002 1.738e+000-1.428e+001 1.972e-001-5.687e+000 2.662e-001 7.580e-001 1.244e+000-4.744e+001 2.188e+000 2.980e+001
 8.630e+003 2.930e+000 6.900e+001 7.734e-001-4.609e+000 1.483e-001 4.244e+000-1.911e+001 5.761e+002 1.072e+000-7.821e+001 2.112e-001-7.363e+000 4.762e-001 7.126e-001 7.647e-001-5.352e+001 4.322e+000 6.925e+001
 8.750e+003 2.930e+000 6.300e+001 4.526e-001-4.879e+000 7.587e-002 2.332e+000-9.542e+000 2.897e+002 1.305e+000-3.782e+001 1.790e-001-4.694e+000 3.219e-001 7.020e-001 7.169e-001-4.296e+001 2.690e+000 4.613e+001
 8.880e+003 2.930e+000 3.900e+001 1.883e-001-1.216e+000 4.503e-002 9.346e-001-3.390e+000 8.965e+001-5.937e-002-1.424e+001 5.410e-002-1.367e+000 1.232e-001 3.619e-001 3.821e-001-1.509e+001 1.011e+000 2.079e+001
 9.000e+003 2.930e+000 4.500e+001 3.250e-001-2.346e+000 2.575e-002 7.558e-001-6.015e+000 1.524e+002 6.881e-001-1.150e+001 8.554e-002-1.775e+000 1.801e-001 2.481e-001 4.736e-001-1.538e+001 1.477e+000 2.866e+001
 9.130e+003 2.930e+000 4.800e+001 2.375e-001-1.367e+000 1.900e-002 1.060e+000-4.478e+000 1.071e+002 3.910e-001-1.529e+001 7.194e-002-1.460e+000 1.755e-001 3.698e-001 6.051e-001-1.962e+001 1.143e+000 1.746e+001
 9.250e+003 2.930e+000 3.600e+001 1.340e-001-5.663e-001 2.122e-002 8.547e-001-2.721e+000 7.204e+001 2.075e-001-1.492e+001 3.933e-002-1.189e+000 1.101e-001 3.455e-001 1.000e+000-2.490e+001 9.794e-001 2.630e+001
 9.380e+003 2.930e+000 5.400e+001 3.020e-001-1.913e+000 2.747e-002 6.745e-001-6.043e+000 1.533e+002-8.335e-002-1.297e+001 7.359e-002-1.615e+000 1.041e-001 3.357e-001 6.306e-001-1.963e+001 6.141e-001 1.688e+001
 9.500e+003 2.930e+000 6.600e+001 2.914e-001-1.951e+000 1.295e-002 1.582e+000-5.692e+000 1.457e+002 5.000e-001-2.819e+001 8.476e-002-1.750e+000 1.646e-001 4.147e-001 1.001e+000-3.108e+001 1.361e+000 3.453e+001
 9.630e+003 2.930e+000 3.900e+001 3.347e-001-1.681e+000-1.526e-002 4.542e-001-6.096e+000 1.345e+002 7.552e-001-3.656e+000 3.326e-002-3.131e-001 8.004e-002 2.393e-001 7.137e-001-1.602e+001 4.099e-001 8.875e+000
 9.750e+003 2.930e+000 4.800e+001 2.035e-001-1.069e+000 4.499e-002 3.447e-001-3.474e+000 8.149e+001-4.467e-001-5.568e+000 1.639e-002-6.553e-001 9.541e-002 5.903e-002 6.721e-002-3.379e+000 5.424e-001 1.062e+001
 9.880e+003 2.930e+000 5.700e+001 6.110e-001-2.688e+000-2.686e-002 7.515e-001-1.293e+001 3.181e+002 1.148e+000-1.586e+001 5.533e-002-4.474e-001 9.905e-002 2.337e-001 7.123e-001-1.557e+001 6.205e-001 2.182e+001
 1.000e+004 2.930e+000 3.540e+002 9.725e+000-5.078e+001-2.856e-001 7.470e+000-2.056e+002 4.780e+003 6.288e+000-2.430e+002-1.829e-001 9.125e+000 7.421e-001 7.808e-001-1.605e+001 3.498e+002 6.345e+000 2.116e+002
 1.130e+004 2.930e+000 5.100e+002 1.124e+001-6.320e+001-9.940e-003 6.105e+000-2.302e+002 5.301e+003-2.339e+000-3.196e+002-4.895e-001 1.584e+001 9.792e-001 9.505e-001-2.984e+001 6.717e+002 1.025e+001 3.505e+002
 1.250e+004 2.930e+000 3.390e+002 1.300e+000-4.747e+000 1.521e-001 3.663e+000-2.007e+001 4.101e+002-2.156e+000-6.849e+001 1.727e-001-1.642e+000 5.753e-001 1.336e+000 1.542e+000-2.905e+001 3.852e+000 8.161e+001
 1.380e+004 2.930e+000 2.610e+002 6.705e-001-1.174e+000 1.324e-001 3.129e+000-8.738e+000 1.523e+002-2.068e+000-4.985e+001 1.033e-001-9.063e-001 4.469e-001 1.309e+000 1.001e+000-1.554e+001 3.488e+000 6.840e+001
 1.500e+004 2.930e+000 2.700e+002 6.906e-001-9.681e-001 1.535e-001 3.240e+000-8.797e+000 1.522e+002-2.631e+000-5.323e+001 1.057e-001-2.806e-001 4.799e-001 1.674e+000 5.387e-001 7.550e-001 3.930e+000 8.062e+001
 1.630e+004 2.930e+000 4.470e+002 3.116e+000-3.277e+001-4.728e+000-5.907e+001-6.508e+001 1.974e+003 8.637e+001 1.318e+003-2.473e+000 1.323e+002 1.529e+001 4.567e+001-1.482e+001 1.220e+003 1.650e+002 1.990e+003
 1.750e+004 2.930e+000 3.240e+002 2.456e+000-8.152e+000 3.033e-001 1.718e+001-2.640e+001 3.640e+002-1.412e+000-1.608e+002 9.503e-001-9.778e+000 9.787e-001 7.754e+000 1.392e+001-1.814e+002 1.381e+001 3.390e+002
 1.880e+004 2.930e+000 3.630e+002 4.872e+000-2.120e+001 4.082e-001 3.095e+001-5.059e+001 6.860e+002 2.680e-001-2.244e+002 1.682e+000-1.554e+001 1.577e+000 1.438e+001 2.758e+001-3.538e+002 2.437e+001 6.253e+002
 2.000e+004 2.930e+000 5.610e+002 7.047e+000-7.306e+001-3.791e+000-1.298e+002-9.920e+001 2.873e+003-1.325e+002-1.604e+002-8.481e+000 2.747e+002 4.775e+001 3.816e+002-1.187e+002 5.809e+003 8.194e+002 1.727e+004
 2.130e+004 2.930e+000 3.120e+002 1.235e+000-5.931e+000 6.377e-002 2.236e+000-1.300e+001 2.001e+002-1.809e+000-3.332e+001-2.521e-002 1.931e+000 6.254e-001 3.130e+000-8.698e-001 3.074e+001 6.940e+000 1.409e+002
 2.250e+004 2.930e+000 3.420e+002 1.478e+000-5.631e+000 1.193e-001 8.990e+000-1.597e+001 2.640e+002-1.953e+000-8.677e+001 8.172e-001-3.198e+000 1.936e+000 1.328e+001 1.084e+001-1.857e+001 3.008e+001 6.326e+002
 2.380e+004 2.930e+000 6.240e+002 3.168e+002-2.518e+003-2.186e+001-6.239e+002-5.021e+003 9.971e+004 1.570e+002 1.672e+003-2.381e+001 5.539e+002 3.870e+000-2.350e+001-1.034e+003 2.139e+004 1.240e+002 4.665e+003
 2.500e+004 2.930e+000 4.410e+002 4.548e+000-2.969e+001 6.603e-002 4.200e+000-6.171e+001 1.117e+003 1.810e+000-4.891e+001 5.163e-001-3.146e+000 6.395e-001 2.975e+000-2.709e-001 6.510e+001 7.534e+000 1.836e+002
 2.630e+004 2.930e+000 1.530e+002 1.593e-001-8.662e-001 1.053e-002-1.464e-001-1.786e+000 5.212e+001-2.477e-001-9.452e-001-8.065e-003-1.467e-002 8.259e-002 8.247e-002-3.762e-001 5.980e+000 1.026e-001 3.008e+000
 2.750e+004 2.930e+000 2.730e+002 9.231e-001-6.095e+000-8.962e-002-1.776e+000-1.376e+001 2.734e+002 5.432e-001 2.463e+000-1.414e-001 3.325e+000 1.696e-001-1.008e-001-3.620e+000 7.311e+001 9.825e-001 2.172e+001
 2.880e+004 2.930e+000 2.130e+002 3.009e-001-1.506e+000-8.583e-003-4.800e-001-3.735e+000 6.799e+001 2.134e-002 1.462e+000-2.369e-002 5.873e-001 9.760e-002 1.509e-002-8.981e-001 1.722e+001 2.278e-001 5.766e+000
 3.000e+004 2.930e+000 9.000e+001 5.159e-002-8.749e-002-3.207e-003-1.197e-001-2.539e-001 3.723e+000 4.695e-002 1.161e+000 3.870e-003 6.244e-002 4.709e-002 2.731e-002-2.317e-002 8.644e-001 8.067e-002 1.261e+000
 3.130e+004 2.930e+000 2.010e+002 3.103e+000-2.891e+001-5.262e-001-2.303e+001-2.052e+001 4.358e+002 5.723e+000-4.997e+001 2.502e-001 3.954e+000 1.960e-001-5.615e+000-2.018e+001 3.557e+002 2.629e+000 3.205e+002
 3.250e+004 2.930e+000 2.910e+002 5.722e+000-5.621e+001-1.119e+000-4.243e+001-4.006e+001 8.761e+002 1.079e+001-1.212e+002 3.136e-001 9.671e+000 3.538e-001-1.060e+001-4.071e+001 7.183e+002 6.649e+000 6.331e+002
 3.380e+004 2.930e+000 1.110e+002 4.274e-002-1.713e-001-6.666e-003-8.808e-002-1.735e-001 3.027e+000 3.332e-002-2.451e-001 2.886e-003 6.351e-002 4.000e-002 1.291e-003-1.086e-001 1.481e+000 9.115e-002 1.700e+000
 3.500e+004 2.930e+000 8.400e+001 2.734e-002-1.183e-001-1.647e-003-4.172e-002-1.011e-001 2.035e+000 2.690e-002-1.744e-001 5.310e-003 2.165e-002 2.709e-002-4.982e-003-5.027e-002 9.059e-001 2.292e-002 7.965e-001
 3.630e+004 2.930e+000 1.710e+002 2.766e-001-1.325e+000-6.556e-003 2.154e-001-4.183e+000 8.033e+001 4.189e-002-9.190e+000-1.261e-002 4.292e-001 5.706e-002-2.640e-002-8.672e-001 1.404e+001 1.181e-001 4.590e+000
 3.750e+004 2.930e+000 6.300e+001 2.042e-002-6.301e-002 8.034e-004-2.475e-003-1.124e-001 1.439e+000-7.651e-003-3.162e-001 1.610e-003 1.161e-002 1.619e-002 2.861e-003-6.616e-002 6.921e-001 1.774e-002 5.235e-001
 3.880e+004 2.930e+000 2.070e+002 1.376e-001-9.023e-001 6.149e-003-3.703e-002-1.559e+000 3.137e+001-3.459e-001-8.602e+000-2.661e-002 4.550e-001 6.760e-002 6.441e-002-1.047e+000 1.617e+001 3.514e-001 1.126e+001
 4.000e+004 2.930e+000 6.240e+002 1.359e+001-1.285e+002 1.086e-001-1.400e+000-2.221e+002 4.892e+003-3.755e+001-1.452e+003-3.754e+000 6.126e+001 1.224e+000 1.539e+000-1.547e+002 2.564e+003 4.356e+001 1.783e+003
 4.130e+004 2.930e+000 1.890e+002 1.061e-001-5.631e-001 1.125e-002 1.180e-001-1.277e+000 2.412e+001-2.581e-001-7.438e+000-1.802e-002 2.690e-001 4.233e-002 5.409e-002-8.282e-001 1.224e+001 2.267e-001 8.902e+000
 4.250e+004 2.930e+000 9.600e+001 2.582e-002-1.109e-001 9.264e-004 1.350e-003-1.741e-001 3.157e+000-8.133e-002-8.844e-001-2.947e-003 5.185e-002 2.140e-002 2.468e-002-1.137e-001 1.441e+000 5.202e-002 1.020e+000
 4.380e+004 2.930e+000 1.170e+002 3.142e-002-1.117e-001 2.374e-003 5.165e-003-1.923e-001 2.867e+000-2.331e-002-8.241e-001 3.088e-003 4.288e-003 2.307e-002 9.665e-003-1.127e-001 1.133e+000 2.237e-002 9.112e-001
 4.500e+004 2.930e+000 7.500e+001 1.848e-002-3.002e-002 2.763e-003 2.319e-002-1.257e-001 1.586e+000-2.731e-002-5.343e-001-3.007e-003 3.001e-002 1.845e-002 8.496e-003-8.076e-002 8.786e-001 2.163e-002 7.282e-001
 4.630e+004 2.930e+000 1.530e+002 5.059e-002-1.538e-001 5.827e-003 9.680e-002-4.567e-001 6.686e+000-1.184e-001-2.846e+000-5.980e-003 9.172e-002 3.134e-002 4.254e-002-3.496e-001 4.156e+000 1.066e-001 3.972e+000
 4.750e+004 2.930e+000 4.920e+002 6.092e+000-3.749e+001 1.799e+000 2.370e+001-8.593e+001 1.460e+003-3.457e+001-8.331e+002-1.443e+000 9.532e+000 9.668e-001 1.807e+001-7.981e+001 9.902e+002 2.630e+001 1.151e+003
 4.880e+004 2.930e+000 3.330e+002 2.040e+000-1.247e+001 6.722e-001 9.935e+000-2.838e+001 4.807e+002-1.199e+001-3.059e+002-3.928e-001 1.508e+000 3.641e-001 6.953e+000-2.659e+001 3.149e+002 8.673e+000 4.030e+002
 5.000e+004 2.930e+000 8.700e+001 1.469e-002-1.711e-002 1.525e-003 3.472e-002-7.017e-002 7.888e-001-2.387e-002-4.603e-001 2.393e-003-1.073e-002 1.393e-002 2.135e-002-4.399e-002 3.831e-001 7.880e-003 5.395e-001
 5.130e+004 2.930e+000 7.200e+001 8.435e-003-9.962e-003 1.242e-003 1.159e-002-2.925e-002 3.810e-001-1.891e-002-1.829e-001 7.836e-005 8.562e-003 1.176e-002 5.689e-003-1.424e-002 1.261e-001 1.222e-002 1.816e-001
 5.250e+004 2.930e+000 8.700e+001 1.097e-002-1.680e-003 1.380e-003 1.994e-002-3.864e-002 4.235e-001-1.338e-002-1.856e-001 4.920e-004-4.826e-003 1.285e-002 4.041e-003-6.243e-003 5.435e-002 8.477e-003 1.734e-001
 5.380e+004 2.930e+000 2.790e+002 1.414e+000-3.759e+000 1.777e-001 5.516e+000-1.203e+001 1.147e+002-4.393e-001-3.282e+001 4.090e-001-3.962e+000 1.767e-001 9.007e-001 5.588e+000-6.297e+001 2.356e+000 4.525e+001
 5.500e+004 2.930e+000 2.400e+002 2.954e-001-1.495e+000 6.927e-002 2.379e+000-4.200e+000 7.246e+001-1.153e+000-4.908e+001-1.690e-002-6.794e-002 4.830e-002 3.979e-001-2.293e+000 2.234e+001 7.761e-001 4.049e+001
 5.630e+004 2.930e+000 4.800e+002 2.756e+000-1.360e+001 7.589e-001 2.540e+001-4.361e+001 7.690e+002-1.307e+001-5.218e+002-1.768e-001-8.753e-001 2.815e-001 4.622e+000-2.263e+001 2.366e+002 8.616e+000 4.273e+002
 5.750e+004 2.930e+000 1.140e+002 1.412e-002-1.807e-002 2.772e-003 4.330e-002-8.038e-002 1.024e+000-2.390e-002-6.182e-001 1.043e-003-4.861e-003 1.407e-002 1.106e-002-3.423e-002 2.773e-001 1.469e-002 4.904e-001
 5.880e+004 2.930e+000 7.200e+001 7.190e-003-2.008e-003 1.157e-003 7.546e-003-1.481e-002 1.478e-001-4.941e-003-7.103e-002 8.543e-004 6.042e-003 6.784e-003-4.018e-004-3.941e-003 3.832e-002 6.780e-003 6.665e-002
 6.000e+004 2.930e+000 6.000e+001 4.514e-003-2.072e-003 1.693e-005 2.872e-003-6.737e-003 9.693e-002-5.312e-003-3.916e-002 2.103e-004-2.031e-004 6.736e-003 2.558e-003-2.668e-003 2.409e-002 4.618e-003 3.977e-002
 6.130e+004 2.930e+000 6.300e+001 5.407e-003-8.340e-004 9.171e-005 2.836e-003-6.173e-003 4.224e-002-2.429e-003-2.238e-002 6.007e-004 2.433e-003 5.772e-003-4.478e-004-1.009e-003 6.980e-003 3.037e-003 2.488e-002
 6.250e+004 2.930e+000 7.500e+001 6.554e-003-1.437e-002 4.916e-004 1.210e-002-2.740e-002 3.340e-001-4.004e-003-2.109e-001 3.018e-004-1.864e-003 5.646e-003 2.694e-003-1.794e-002 1.028e-001 1.963e-003 1.872e-001
 6.380e+004 2.930e+000 3.630e+002 9.836e-001-3.191e+000 3.025e-001 9.029e+000-1.350e+001 2.002e+002-4.459e+000-1.510e+002-6.783e-002-1.905e-002 1.283e-001 1.634e+000-7.295e+000 7.247e+001 3.355e+000 1.403e+002
 6.500e+004 2.930e+000 8.400e+001 1.487e-002-2.473e-002 3.242e-003 7.816e-002-1.118e-001 1.301e+000-3.837e-002-1.018e+000 1.149e-003-6.915e-003 7.484e-003 2.164e-002-5.849e-002 4.691e-001 2.993e-002 1.001e+000
 6.630e+004 2.930e+000 9.900e+001 5.503e-003-2.806e-003-1.669e-004 3.922e-003-9.016e-003 6.766e-002-2.765e-003-3.114e-002-8.064e-005-1.692e-003 5.516e-003 2.424e-003-4.763e-003 2.489e-002 3.162e-003 4.898e-002
 6.750e+004 2.930e+000 1.080e+002 6.155e-003-2.655e-004 6.227e-004 7.244e-004-2.702e-003 2.662e-002-3.267e-003-7.354e-003 1.093e-003 3.283e-003 1.053e-002 9.768e-003 1.788e-004 2.478e-002 1.504e-002 1.258e-001
 6.880e+004 2.930e+000 2.430e+002 2.638e-002 3.320e-002-1.784e-002 2.144e-001 1.445e-001 1.937e+000-3.974e-001 9.453e-003 7.661e-002 8.352e-001 4.757e-001 2.497e+000 9.485e-001 1.155e+001 5.201e+000 7.221e+001
 7.000e+004 2.930e+000 6.000e+001 3.419e-003-7.684e-004-2.226e-004 9.124e-004-1.584e-003 1.320e-002 1.590e-004-1.469e-003 1.016e-003-1.010e-004 3.793e-003 9.535e-004 9.898e-004-7.321e-004 2.022e-003 1.421e-002
 7.130e+004 2.930e+000 7.800e+001 7.505e-003-2.196e-002 2.327e-003 6.441e-002-6.112e-002 9.253e-001-2.692e-002-1.040e+000 8.144e-004-1.416e-002 6.172e-003 2.082e-002-3.384e-002 1.390e-001 3.006e-002 1.224e+000
 7.250e+004 2.930e+000 9.000e+001 1.486e-002-3.612e-002 2.751e-003 1.512e-001-1.305e-001 1.639e+000-3.321e-002-1.936e+000 1.461e-003-1.961e-002 6.046e-003 2.980e-002-5.613e-002 1.909e-001 3.947e-002 2.366e+000
 7.380e+004 2.930e+000 5.400e+001 2.226e-003-3.644e-004-1.127e-004 2.705e-004-1.341e-003 8.356e-003 6.271e-004-1.396e-003 8.635e-004-1.106e-003 2.650e-003 3.679e-004 1.602e-004-8.950e-007-1.005e-004 3.717e-003
 7.500e+004 2.930e+000 4.200e+001 2.186e-003 8.169e-005 4.105e-004 2.785e-006-5.698e-004 3.430e-003-5.841e-005-4.573e-004-6.191e-005 2.789e-004 2.086e-003-2.260e-004-1.309e-004-2.295e-004-4.247e-004 2.063e-003
 7.630e+004 2.930e+000 5.100e+001 1.668e-003-1.003e-003 7.288e-005 3.964e-004-1.184e-003 7.403e-003 5.183e-004-2.233e-004 4.551e-004-1.237e-004 2.265e-003 3.144e-004-6.034e-005 0.000e+000 2.261e-004 1.122e-003
 7.750e+004 2.930e+000 2.700e+001 9.278e-004-5.965e-004-1.406e-004-6.018e-005-1.712e-004 4.631e-003 3.820e-004 0.000e+000 9.734e-005 1.577e-004 8.990e-004-2.316e-004-9.872e-005 0.000e+000 4.038e-005 8.825e-004
 7.880e+004 2.930e+000 4.800e+001 1.333e-003-4.320e-004 1.139e-004 9.041e-005-1.696e-005 1.367e-002 7.240e-004-7.357e-003 2.801e-004 9.418e-006 1.968e-003-6.758e-004 3.129e-004-4.111e-003 6.216e-004 1.234e-002
 8.000e+004 2.930e+000 1.050e+002 8.596e-003-2.147e-002 6.611e-004 8.229e-002-7.558e-002 1.132e+000-8.491e-003-1.107e+000 5.912e-004-4.124e-003 3.994e-003 2.054e-003-5.891e-004-3.312e-001 1.024e-002 1.223e+000
 8.130e+004 2.930e+000 5.400e+001 1.934e-003-2.391e-004-3.074e-005 3.614e-005-7.776e-004 1.504e-002-4.770e-004-3.397e-003 1.626e-004-1.408e-004 1.782e-003 2.317e-004 2.227e-004-1.913e-003 1.083e-003 6.575e-003
 8.250e+004 2.930e+000 7.500e+001 2.266e-003-1.830e-003-9.225e-005 1.108e-003-3.417e-003 2.999e-002-7.311e-004-9.171e-003 4.207e-005 6.406e-004 2.641e-003-8.671e-005-9.905e-005 8.331e-004 9.588e-004 8.954e-003
 8.380e+004 2.930e+000 4.200e+001 1.167e-003-5.185e-005 4.687e-005-9.813e-005-5.097e-004 2.662e-003 1.470e-004 0.000e+000-1.262e-005-8.566e-006 8.892e-004 4.867e-004-3.113e-004 2.038e-004 1.556e-004 2.461e-003
 8.500e+004 2.930e+000 5.700e+001 1.428e-003-1.984e-004-1.199e-005 3.871e-004-5.916e-004 5.052e-003-2.293e-004 4.038e-004 1.243e-005-2.323e-004 1.831e-003 1.470e-003-6.371e-004 7.939e-007 5.796e-004 1.509e-002
 8.630e+004 2.930e+000 4.500e+001 1.314e-003-6.860e-004 1.828e-004 4.720e-004-6.833e-004 5.366e-003 3.393e-004-7.953e-004 1.831e-004-3.912e-004 1.682e-003 1.434e-003 1.921e-004-1.386e-003 1.499e-003 1.213e-002
 8.750e+004 2.930e+000 1.020e+002 3.426e-003-3.882e-004 5.017e-004 1.044e-002-1.487e-002 1.676e-001-5.568e-003-1.110e-001 5.138e-004 6.693e-005 3.184e-003 3.192e-003 5.003e-003-3.771e-002 1.092e-002 1.722e-001
 8.880e+004 2.930e+000 1.050e+002 2.896e-003-1.446e-004-1.903e-004 6.471e-003-6.713e-003 7.398e-002-2.952e-003-4.846e-002 1.079e-003-4.962e-004 5.107e-003 1.440e-002 7.237e-003-1.008e-002 1.882e-002 2.310e-001
 9.000e+004 2.930e+000 1.500e+002 3.833e-003-6.090e-004-2.879e-004 4.343e-003-6.545e-004 1.143e-002-1.678e-004 5.411e-004 1.760e-003 2.136e-004 7.157e-003 2.346e-002 1.300e-002 5.718e-003 3.888e-002 4.920e-001
 9.130e+004 2.930e+000 1.860e+002 4.135e-003-1.978e-004 3.305e-004 1.531e-002-1.274e-003 1.897e-002-1.796e-003-1.476e-002 2.604e-003 3.447e-006 9.381e-003 3.561e-002 1.666e-002 1.488e-002 4.879e-002 5.968e-001
 9.250e+004 2.930e+000 1.560e+002 4.062e-003-4.086e-004-6.491e-004 6.810e-003-1.225e-003 3.351e-002-2.292e-003 1.197e-002 2.218e-003 5.339e-003 1.018e-002 4.231e-002 2.067e-002 4.799e-002 6.037e-002 7.200e-001
 9.380e+004 2.930e+000 1.350e+002 3.529e-003-7.503e-004 1.856e-004 6.943e-003-1.396e-003 1.974e-002-6.775e-004 2.755e-003 1.459e-003 1.601e-003 6.608e-003 2.197e-002 1.094e-002 9.143e-003 3.707e-002 4.390e-001
 9.500e+004 2.930e+000 1.710e+002 5.193e-003-4.518e-003-1.261e-004 9.976e-003-8.224e-003 8.182e-002 6.399e-004-4.367e-003 2.049e-003-9.368e-004 8.269e-003 3.006e-002 1.792e-002-2.116e-002 4.936e-002 6.188e-001
 9.630e+004 2.930e+000 0.000e+000 0.000e+000 0.000e+000 0.000e+000 0.000e+000 0.000e+000 0.000e+000 0.000e+000 0.000e+000 0.000e+000 0.000e+000 0.000e+000 0.000e+000 0.000e+000 0.000e+000 0.000e+000 0.000e+000
 9.750e+004 2.930e+000 0.000e+000 0.000e+000 0.000e+000 0.000e+000 0.000e+000 0.000e+000 0.000e+000 0.000e+000 0.000e+000 0.000e+000 0.000e+000 0.000e+000 0.000e+000 0.000e+000 0.000e+000 0.000e+000 0.000e+000
 9.880e+004 2.930e+000 0.000e+000 0.000e+000 0.000e+000 0.000e+000 0.000e+000 0.000e+000 0.000e+000 0.000e+000 0.000e+000 0.000e+000 0.000e+000 0.000e+000 0.000e+000 0.000e+000 0.000e+000 0.000e+000 0.000e+000
 1.000e+005 2.930e+000 0.000e+000 0.000e+000 0.000e+000 0.000e+000 0.000e+000 0.000e+000 0.000e+000 0.000e+000 0.000e+000 0.000e+000 0.000e+000 0.000e+000 0.000e+000 0.000e+000 0.000e+000 0.000e+000 0.000e+000
