 6.250e+000 2.930e+000 0.000e+000 0.000e+000 0.000e+000 0.000e+000 0.000e+000 0.000e+000 0.000e+000 0.000e+000 0.000e+000 0.000e+000 0.000e+000 0.000e+000 0.000e+000 0.000e+000 0.000e+000 0.000e+000 0.000e+000
 7.500e+000 2.930e+000 0.000e+000 0.000e+000 0.000e+000 0.000e+000 0.000e+000 0.000e+000 0.000e+000 0.000e+000 0.000e+000 0.000e+000 0.000e+000 0.000e+000 0.000e+000 0.000e+000 0.000e+000 0.000e+000 0.000e+000
 8.750e+000 2.930e+000 0.000e+000 0.000e+000 0.000e+000 0.000e+000 0.000e+000 0.000e+000 0.000e+000 0.000e+000 0.000e+000 0.000e+000 0.000e+000 0.000e+000 0.000e+000 0.000e+000 0.000e+000 0.000e+000 0.000e+000
 1.000e+001 2.930e+000 0.000e+000 0.000e+000 0.000e+000 0.000e+000 0.000e+000 0.000e+000 0.000e+000 0.000e+000 0.000e+000 0.000e+000 0.000e+000 0.000e+000 0.000e+000 0.000e+000 0.000e+000 0.000e+000 0.000e+000
 1.130e+001 2.930e+000 2.400e+001 3.026e+001-1.010e+002 4.621e+000-1.044e+002-6.448e+002 6.869e+004 1.475e+002 3.348e+003-1.203e+001 1.163e+002 4.640e+001 4.621e+002-2.323e+002-3.207e+003 9.512e+002 3.868e+004
 1.250e+001 2.930e+000 0.000e+000 0.000e+000 0.000e+000 0.000e+000 0.000e+000 0.000e+000 0.000e+000 0.000e+000 0.000e+000 0.000e+000 0.000e+000 0.000e+000 0.000e+000 0.000e+000 0.000e+000 0.000e+000 0.000e+000
 1.380e+001 2.930e+000 0.000e+000 0.000e+000 0.000e+000 0.000e+000 0.000e+000 0.000e+000 0.000e+000 0.000e+000 0.000e+000 0.000e+000 0.000e+000 0.000e+000 0.000e+000 0.000e+000 0.000e+000 0.000e+000 0.000e+000
 1.500e+001 2.930e+000 2.400e+001 2.543e+001-2.455e+002 9.164e+000 1.046e+002-3.030e+002 3.645e+004-4.372e+001-4.158e+003-5.685e+000-1.239e+001 6.195e+001 5.872e+002-1.763e+002-3.090e+003 1.198e+003 3.701e+004
 1.630e+001 2.930e+000 0.000e+000 0.000e+000 0.000e+000 0.000e+000 0.000e+000 0.000e+000 0.000e+000 0.000e+000 0.000e+000 0.000e+000 0.000e+000 0.000e+000 0.000e+000 0.000e+000 0.000e+000 0.000e+000 0.000e+000
 1.750e+001 2.930e+000 2.400e+001 1.930e+001-2.577e+002 5.438e-001 2.082e+001-4.523e+002 3.267e+004 1.615e+002 3.246e+003 1.869e+000-1.012e+002 4.767e+001 4.600e+002 5.755e+001-3.637e+003 9.147e+002 2.945e+004
 1.880e+001 2.930e+000 0.000e+000 0.000e+000 0.000e+000 0.000e+000 0.000e+000 0.000e+000 0.000e+000 0.000e+000 0.000e+000 0.000e+000 0.000e+000 0.000e+000 0.000e+000 0.000e+000 0.000e+000 0.000e+000 0.000e+000
 2.000e+001 2.930e+000 2.400e+001 2.845e+001-1.541e+002 6.825e+000 5.392e+001-2.847e+002 2.088e+004 1.924e+002 8.829e+002-6.798e+000-8.954e+001 3.884e+001 4.607e+002-2.163e+002-2.234e+003 5.821e+002 2.182e+004
 2.130e+001 2.930e+000 0.000e+000 0.000e+000 0.000e+000 0.000e+000 0.000e+000 0.000e+000 0.000e+000 0.000e+000 0.000e+000 0.000e+000 0.000e+000 0.000e+000 0.000e+000 0.000e+000 0.000e+000 0.000e+000 0.000e+000
 2.250e+001 2.930e+000 0.000e+000 0.000e+000 0.000e+000 0.000e+000 0.000e+000 0.000e+000 0.000e+000 0.000e+000 0.000e+000 0.000e+000 0.000e+000 0.000e+000 0.000e+000 0.000e+000 0.000e+000 0.000e+000 0.000e+000
 2.380e+001 2.930e+000 2.400e+001 2.266e+001-1.165e+002 3.149e+000-8.981e+001-3.397e+002 1.694e+004 5.392e+001 1.768e+003-9.938e+000 4.853e+001 2.810e+001 2.502e+002-2.180e+002-7.023e+001 4.583e+002 1.415e+004
 2.500e+001 2.930e+000 0.000e+000 0.000e+000 0.000e+000 0.000e+000 0.000e+000 0.000e+000 0.000e+000 0.000e+000 0.000e+000 0.000e+000 0.000e+000 0.000e+000 0.000e+000 0.000e+000 0.000e+000 0.000e+000 0.000e+000
 2.630e+001 2.930e+000 2.400e+001 3.042e+001-2.301e+002 9.385e+000-3.678e+001-2.274e+002 1.235e+004 7.159e+001-1.040e+001-8.040e+000-9.485e+001 3.220e+001 3.699e+002-2.996e+002-9.156e+002 4.042e+002 1.446e+004
 2.750e+001 2.930e+000 0.000e+000 0.000e+000 0.000e+000 0.000e+000 0.000e+000 0.000e+000 0.000e+000 0.000e+000 0.000e+000 0.000e+000 0.000e+000 0.000e+000 0.000e+000 0.000e+000 0.000e+000 0.000e+000 0.000e+000
 2.880e+001 2.930e+000 2.400e+001 1.480e+001-9.403e+001 3.227e+000-1.678e+002-1.237e+002 9.608e+003 8.172e+001-2.528e+002-1.099e+001-9.275e+001 3.541e+001 4.112e+002-2.810e+002-1.929e+003 6.333e+002 2.275e+004
 3.000e+001 2.930e+000 0.000e+000 0.000e+000 0.000e+000 0.000e+000 0.000e+000 0.000e+000 0.000e+000 0.000e+000 0.000e+000 0.000e+000 0.000e+000 0.000e+000 0.000e+000 0.000e+000 0.000e+000 0.000e+000 0.000e+000
 3.130e+001 2.930e+000 0.000e+000 0.000e+000 0.000e+000 0.000e+000 0.000e+000 0.000e+000 0.000e+000 0.000e+000 0.000e+000 0.000e+000 0.000e+000 0.000e+000 0.000e+000 0.000e+000 0.000e+000 0.000e+000 0.000e+000
 3.250e+001 2.930e+000 2.400e+001 2.090e+001-1.209e+002-2.960e+000-2.131e+002-1.812e+002 7.577e+003 4.434e+001 3.405e+002-7.642e+000 5.666e+001 1.716e+001 2.096e+002-2.030e+002 2.980e+002 3.345e+002 1.617e+004
 3.380e+001 2.930e+000 0.000e+000 0.000e+000 0.000e+000 0.000e+000 0.000e+000 0.000e+000 0.000e+000 0.000e+000 0.000e+000 0.000e+000 0.000e+000 0.000e+000 0.000e+000 0.000e+000 0.000e+000 0.000e+000 0.000e+000
 3.500e+001 2.930e+000 2.400e+001 3.360e+001-2.143e+002-3.171e+000-2.126e+002-5.094e+002 2.090e+004 9.801e+001 1.256e+003-6.362e+000 4.287e+001 1.886e+001 4.712e+001-3.101e+002-4.916e+003 3.509e+002 2.559e+004
 3.630e+001 2.930e+000 0.000e+000 0.000e+000 0.000e+000 0.000e+000 0.000e+000 0.000e+000 0.000e+000 0.000e+000 0.000e+000 0.000e+000 0.000e+000 0.000e+000 0.000e+000 0.000e+000 0.000e+000 0.000e+000 0.000e+000
 3.750e+001 2.930e+000 2.400e+001 4.896e+001-1.649e+002-5.101e+000-3.831e+002-4.551e+002 1.025e+004 1.131e+002 1.866e+003-3.341e+000 2.338e+001 1.248e+001 6.375e+001-5.553e+002 5.986e+003 1.883e+002 1.334e+004
 3.880e+001 2.930e+000 0.000e+000 0.000e+000 0.000e+000 0.000e+000 0.000e+000 0.000e+000 0.000e+000 0.000e+000 0.000e+000 0.000e+000 0.000e+000 0.000e+000 0.000e+000 0.000e+000 0.000e+000 0.000e+000 0.000e+000
 4.000e+001 2.930e+000 0.000e+000 0.000e+000 0.000e+000 0.000e+000 0.000e+000 0.000e+000 0.000e+000 0.000e+000 0.000e+000 0.000e+000 0.000e+000 0.000e+000 0.000e+000 0.000e+000 0.000e+000 0.000e+000 0.000e+000
 4.130e+001 2.930e+000 2.400e+001 6.914e+001-2.158e+002-1.220e+001-7.528e+002-6.672e+002 1.179e+004 1.108e+002 6.134e+003-1.387e+001 1.441e+002 2.837e+001 2.466e+002-7.100e+002 8.943e+003 4.996e+002 3.195e+004
 4.250e+001 2.930e+000 0.000e+000 0.000e+000 0.000e+000 0.000e+000 0.000e+000 0.000e+000 0.000e+000 0.000e+000 0.000e+000 0.000e+000 0.000e+000 0.000e+000 0.000e+000 0.000e+000 0.000e+000 0.000e+000 0.000e+000
 4.380e+001 2.930e+000 2.400e+001 1.313e+002-3.888e+002-1.774e+001-1.389e+003-1.077e+003 1.481e+004 1.127e+002 8.166e+003-2.261e+001 2.462e+002 1.870e+001 1.160e+002-1.778e+003 2.226e+004 5.705e+002 5.313e+004
 4.500e+001 2.930e+000 0.000e+000 0.000e+000 0.000e+000 0.000e+000 0.000e+000 0.000e+000 0.000e+000 0.000e+000 0.000e+000 0.000e+000 0.000e+000 0.000e+000 0.000e+000 0.000e+000 0.000e+000 0.000e+000 0.000e+000
 4.630e+001 2.930e+000 2.400e+001 4.152e+002-1.247e+003-5.511e+001-4.388e+003-3.382e+003 3.916e+004 1.714e+002 2.233e+004-4.684e+001 3.735e+002 3.541e+001 7.529e+001-5.818e+003 7.111e+004 8.774e+002 1.605e+005
 4.750e+001 2.930e+000 0.000e+000 0.000e+000 0.000e+000 0.000e+000 0.000e+000 0.000e+000 0.000e+000 0.000e+000 0.000e+000 0.000e+000 0.000e+000 0.000e+000 0.000e+000 0.000e+000 0.000e+000 0.000e+000 0.000e+000
 4.880e+001 2.930e+000 0.000e+000 0.000e+000 0.000e+000 0.000e+000 0.000e+000 0.000e+000 0.000e+000 0.000e+000 0.000e+000 0.000e+000 0.000e+000 0.000e+000 0.000e+000 0.000e+000 0.000e+000 0.000e+000 0.000e+000
 5.000e+001 2.930e+000 2.400e+001 2.460e+005-1.125e+006-2.335e+004-2.668e+006-1.141e+006 1.046e+007 3.419e+004 5.444e+006-1.619e+004 1.824e+005 3.313e+003 3.201e+004-1.514e+006 1.923e+007 3.531e+005 3.828e+007
 5.130e+001 2.930e+000 0.000e+000 0.000e+000 0.000e+000 0.000e+000 0.000e+000 0.000e+000 0.000e+000 0.000e+000 0.000e+000 0.000e+000 0.000e+000 0.000e+000 0.000e+000 0.000e+000 0.000e+000 0.000e+000 0.000e+000
 5.250e+001 2.930e+000 2.400e+001 5.761e+002-1.574e+003-7.581e+001-5.434e+003-4.917e+003 5.197e+004 3.953e+002 2.688e+004-6.293e+001 6.299e+002 3.011e+001-2.132e+002-7.616e+003 8.800e+004 1.318e+003 1.742e+005
 5.380e+001 2.930e+000 0.000e+000 0.000e+000 0.000e+000 0.000e+000 0.000e+000 0.000e+000 0.000e+000 0.000e+000 0.000e+000 0.000e+000 0.000e+000 0.000e+000 0.000e+000 0.000e+000 0.000e+000 0.000e+000 0.000e+000
 5.500e+001 2.930e+000 0.000e+000 0.000e+000 0.000e+000 0.000e+000 0.000e+000 0.000e+000 0.000e+000 0.000e+000 0.000e+000 0.000e+000 0.000e+000 0.000e+000 0.000e+000 0.000e+000 0.000e+000 0.000e+000 0.000e+000
 5.630e+001 2.930e+000 2.400e+001 1.283e+002-3.697e+002-1.268e+001-1.202e+003-1.100e+003 1.250e+004 1.057e+002 5.180e+003-1.153e+001 1.016e+002 1.354e+001 4.073e+001-1.715e+003 1.808e+004 3.170e+002 4.015e+004
 5.750e+001 2.930e+000 0.000e+000 0.000e+000 0.000e+000 0.000e+000 0.000e+000 0.000e+000 0.000e+000 0.000e+000 0.000e+000 0.000e+000 0.000e+000 0.000e+000 0.000e+000 0.000e+000 0.000e+000 0.000e+000 0.000e+000
 5.880e+001 2.930e+000 2.400e+001 6.042e+001-1.160e+002-3.966e+000-4.003e+002-4.537e+002 5.239e+003 3.544e+001 1.700e+003-1.112e+000-2.666e+001 1.630e+001 6.005e+001-6.508e+002 5.108e+003 1.923e+002 1.482e+004
 6.000e+001 2.930e+000 0.000e+000 0.000e+000 0.000e+000 0.000e+000 0.000e+000 0.000e+000 0.000e+000 0.000e+000 0.000e+000 0.000e+000 0.000e+000 0.000e+000 0.000e+000 0.000e+000 0.000e+000 0.000e+000 0.000e+000
 6.130e+001 2.930e+000 2.400e+001 4.034e+001-1.477e+002-4.872e+000-2.836e+002-3.884e+002 5.739e+003 5.676e+001 1.284e+003-2.255e+000 3.226e+001 7.302e+000 3.851e+000-4.210e+002 4.727e+003 1.274e+002 9.659e+003
 6.250e+001 2.930e+000 0.000e+000 0.000e+000 0.000e+000 0.000e+000 0.000e+000 0.000e+000 0.000e+000 0.000e+000 0.000e+000 0.000e+000 0.000e+000 0.000e+000 0.000e+000 0.000e+000 0.000e+000 0.000e+000 0.000e+000
 6.380e+001 2.930e+000 0.000e+000 0.000e+000 0.000e+000 0.000e+000 0.000e+000 0.000e+000 0.000e+000 0.000e+000 0.000e+000 0.000e+000 0.000e+000 0.000e+000 0.000e+000 0.000e+000 0.000e+000 0.000e+000 0.000e+000
 6.500e+001 2.930e+000 2.400e+001 2.533e+001-6.992e+001-1.261e+000-1.122e+002-2.150e+002 3.788e+003 8.601e+001 8.343e+002-3.283e-001-4.493e+001 1.364e+001 5.793e+001-2.461e+002 1.166e+003 1.793e+002 6.568e+003
 6.630e+001 2.930e+000 0.000e+000 0.000e+000 0.000e+000 0.000e+000 0.000e+000 0.000e+000 0.000e+000 0.000e+000 0.000e+000 0.000e+000 0.000e+000 0.000e+000 0.000e+000 0.000e+000 0.000e+000 0.000e+000 0.000e+000
 6.750e+001 2.930e+000 2.400e+001 2.429e+001-5.736e+001-3.651e+000-1.619e+002-2.028e+002 2.956e+003 4.384e+001 8.102e+002-6.734e+000 3.760e+001 1.003e+001 6.554e+001-2.657e+002 1.600e+003 1.920e+002 6.856e+003
 6.880e+001 2.930e+000 0.000e+000 0.000e+000 0.000e+000 0.000e+000 0.000e+000 0.000e+000 0.000e+000 0.000e+000 0.000e+000 0.000e+000 0.000e+000 0.000e+000 0.000e+000 0.000e+000 0.000e+000 0.000e+000 0.000e+000
 7.000e+001 2.930e+000 2.400e+001 1.557e+001-3.576e+001-2.990e+000-1.169e+002-1.288e+002 2.821e+003 7.148e+001 1.034e+003-1.245e+000-1.418e+001 1.112e+001 6.949e+001-1.070e+002 3.902e+000 1.589e+002 4.581e+003
 7.130e+001 2.930e+000 0.000e+000 0.000e+000 0.000e+000 0.000e+000 0.000e+000 0.000e+000 0.000e+000 0.000e+000 0.000e+000 0.000e+000 0.000e+000 0.000e+000 0.000e+000 0.000e+000 0.000e+000 0.000e+000 0.000e+000
 7.250e+001 2.930e+000 0.000e+000 0.000e+000 0.000e+000 0.000e+000 0.000e+000 0.000e+000 0.000e+000 0.000e+000 0.000e+000 0.000e+000 0.000e+000 0.000e+000 0.000e+000 0.000e+000 0.000e+000 0.000e+000 0.000e+000
 7.380e+001 2.930e+000 2.400e+001 1.062e+001-2.848e+001 2.709e-001-5.407e+001-1.020e+002 2.521e+003 1.948e+001 2.247e+002-2.162e+000 2.843e+000 6.706e+000 3.859e+001-1.144e+002 6.518e+002 7.760e+001 2.892e+003
 7.500e+001 2.930e+000 0.000e+000 0.000e+000 0.000e+000 0.000e+000 0.000e+000 0.000e+000 0.000e+000 0.000e+000 0.000e+000 0.000e+000 0.000e+000 0.000e+000 0.000e+000 0.000e+000 0.000e+000 0.000e+000 0.000e+000
 7.630e+001 2.930e+000 2.400e+001 9.725e+000-4.278e+001-2.120e+000-3.788e+001-9.932e+001 2.932e+003 9.195e+001 6.807e+002 6.280e-001-3.820e+001 1.110e+001 7.848e+001-4.830e+001-7.456e+002 1.548e+002 3.872e+003
 7.750e+001 2.930e+000 0.000e+000 0.000e+000 0.000e+000 0.000e+000 0.000e+000 0.000e+000 0.000e+000 0.000e+000 0.000e+000 0.000e+000 0.000e+000 0.000e+000 0.000e+000 0.000e+000 0.000e+000 0.000e+000 0.000e+000
 7.880e+001 2.930e+000 2.400e+001 7.338e+000-1.057e+001-3.123e-001-2.617e+001-5.064e+001 9.954e+002 9.608e+000-3.468e+000-1.789e+000 1.593e+000 6.546e+000 2.981e+001-7.839e+001 3.607e+002 7.373e+001 1.859e+003
 8.000e+001 2.930e+000 0.000e+000 0.000e+000 0.000e+000 0.000e+000 0.000e+000 0.000e+000 0.000e+000 0.000e+000 0.000e+000 0.000e+000 0.000e+000 0.000e+000 0.000e+000 0.000e+000 0.000e+000 0.000e+000 0.000e+000
 8.130e+001 2.930e+000 0.000e+000 0.000e+000 0.000e+000 0.000e+000 0.000e+000 0.000e+000 0.000e+000 0.000e+000 0.000e+000 0.000e+000 0.000e+000 0.000e+000 0.000e+000 0.000e+000 0.000e+000 0.000e+000 0.000e+000
 8.250e+001 2.930e+000 2.400e+001 8.430e+000-2.518e+001 2.088e-001-2.203e+001-7.830e+001 1.351e+003 2.372e+001 2.408e+002-3.955e-001-1.353e+001 5.295e+000 3.472e+001-5.571e+001 1.605e+002 5.505e+001 1.408e+003
 8.380e+001 2.930e+000 0.000e+000 0.000e+000 0.000e+000 0.000e+000 0.000e+000 0.000e+000 0.000e+000 0.000e+000 0.000e+000 0.000e+000 0.000e+000 0.000e+000 0.000e+000 0.000e+000 0.000e+000 0.000e+000 0.000e+000
 8.500e+001 2.930e+000 2.400e+001 6.838e+000-6.141e+000-1.293e+000-3.208e+001-6.186e+001 1.334e+003 2.541e+001 2.357e+002-1.408e+000 1.426e+001 5.271e+000 4.180e+001-4.426e+001 1.356e+002 6.008e+001 1.615e+003
 8.630e+001 2.930e+000 0.000e+000 0.000e+000 0.000e+000 0.000e+000 0.000e+000 0.000e+000 0.000e+000 0.000e+000 0.000e+000 0.000e+000 0.000e+000 0.000e+000 0.000e+000 0.000e+000 0.000e+000 0.000e+000 0.000e+000
 8.750e+001 2.930e+000 2.400e+001 4.998e+000-1.537e+001-4.980e-001-2.404e+001-5.150e+001 1.508e+003 2.450e+001 9.677e+001-8.949e-001-2.959e+001 8.356e+000 5.948e+001-3.186e+001-5.307e+002 1.269e+002 2.778e+003
 8.880e+001 2.930e+000 0.000e+000 0.000e+000 0.000e+000 0.000e+000 0.000e+000 0.000e+000 0.000e+000 0.000e+000 0.000e+000 0.000e+000 0.000e+000 0.000e+000 0.000e+000 0.000e+000 0.000e+000 0.000e+000 0.000e+000
 9.000e+001 2.930e+000 0.000e+000 0.000e+000 0.000e+000 0.000e+000 0.000e+000 0.000e+000 0.000e+000 0.000e+000 0.000e+000 0.000e+000 0.000e+000 0.000e+000 0.000e+000 0.000e+000 0.000e+000 0.000e+000 0.000e+000
 9.130e+001 2.930e+000 2.400e+001 5.306e+000-2.361e+001 1.138e-001-8.107e+000-4.565e+001 1.133e+003 3.525e+000-1.601e+002-1.136e+000-8.566e+000 4.384e+000 2.701e+001-4.701e+001 2.115e+001 5.871e+001 1.317e+003
 9.250e+001 2.930e+000 0.000e+000 0.000e+000 0.000e+000 0.000e+000 0.000e+000 0.000e+000 0.000e+000 0.000e+000 0.000e+000 0.000e+000 0.000e+000 0.000e+000 0.000e+000 0.000e+000 0.000e+000 0.000e+000 0.000e+000
 9.380e+001 2.930e+000 2.400e+001 4.345e+000-1.154e+001 6.515e-002-2.005e+001-3.775e+001 9.716e+002-7.678e+000-9.072e+001-1.364e+000 2.568e+000 2.215e+000 1.267e+001-4.408e+001 2.107e+002 3.977e+001 1.092e+003
 9.500e+001 2.930e+000 0.000e+000 0.000e+000 0.000e+000 0.000e+000 0.000e+000 0.000e+000 0.000e+000 0.000e+000 0.000e+000 0.000e+000 0.000e+000 0.000e+000 0.000e+000 0.000e+000 0.000e+000 0.000e+000 0.000e+000
 9.630e+001 2.930e+000 2.400e+001 3.748e+000-2.872e+000-6.019e-002-1.509e+001-3.272e+001 7.775e+002-2.908e+000-2.270e+001-1.099e+000 1.224e+000 2.753e+000 1.245e+001-3.401e+001 9.364e+001 3.953e+001 8.854e+002
 9.750e+001 2.930e+000 0.000e+000 0.000e+000 0.000e+000 0.000e+000 0.000e+000 0.000e+000 0.000e+000 0.000e+000 0.000e+000 0.000e+000 0.000e+000 0.000e+000 0.000e+000 0.000e+000 0.000e+000 0.000e+000 0.000e+000
 9.880e+001 2.930e+000 0.000e+000 0.000e+000 0.000e+000 0.000e+000 0.000e+000 0.000e+000 0.000e+000 0.000e+000 0.000e+000 0.000e+000 0.000e+000 0.000e+000 0.000e+000 0.000e+000 0.000e+000 0.000e+000 0.000e+000
 1.000e+002 2.930e+000 4.200e+001 1.533e+001 1.866e+002 7.464e-001-4.155e+001-9.095e+001 4.568e+003-4.110e+001-4.260e+002-1.891e+000 8.304e+000 1.069e+001-1.215e+002 2.030e+001-2.777e+003 5.508e+001 4.545e+003
 1.130e+002 2.930e+000 5.100e+001 6.656e+000-2.892e+001-5.322e-001-2.607e-001-6.745e+001 1.899e+003 2.639e+001-2.166e+002-1.461e+000-2.150e+001 8.029e+000 5.145e+001-5.164e+001-5.977e+002 1.197e+002 2.801e+003
 1.250e+002 2.930e+000 6.300e+001 7.684e+000-3.730e+001-2.146e-001-5.130e+000-7.504e+001 2.219e+003 2.307e+001-4.422e+002-2.929e+000-2.115e+001 1.235e+001 9.408e+001-6.732e+001-5.375e+002 1.455e+002 3.095e+003
 1.380e+002 2.930e+000 8.700e+001 9.834e+000-4.873e+001-2.058e-001-1.933e+001-8.886e+001 2.549e+003-5.755e+000-6.703e+002-5.337e+000-4.581e+000 1.473e+001 9.043e+001-1.020e+002-2.354e+002 2.073e+002 3.997e+003
 1.500e+002 2.930e+000 6.600e+001 8.158e+000-7.256e+001-9.080e-003-2.626e+001-4.390e+001 2.053e+003-4.516e+001-9.729e+002-4.041e+000-2.418e+000 5.359e+000 3.485e+001-7.230e+001 2.652e+002 8.077e+001 1.790e+003
 1.630e+002 2.930e+000 8.100e+001 9.855e+000-7.437e+001-1.270e-001 7.054e+000-9.859e+001 3.385e+003 2.030e+001-8.854e+002-3.720e+000-3.630e+001 1.470e+001 1.053e+002-7.697e+001-1.043e+003 1.974e+002 4.093e+003
 1.750e+002 2.930e+000 8.400e+001 1.388e+001-8.201e+001-2.186e+000-2.374e+001-1.277e+002 3.520e+003 2.945e+001-7.456e+002-7.538e+000-2.004e+001 2.127e+001 1.399e+002-1.036e+002-1.001e+003 2.834e+002 5.395e+003
 1.880e+002 2.930e+000 1.080e+002 3.150e+001-2.270e+002-8.534e+000-7.361e+001-2.514e+002 5.895e+003 2.011e+001-1.204e+003-1.721e+001 8.531e+001 3.542e+001 1.563e+002-2.249e+002-4.356e+001 4.344e+002 7.195e+003
 2.000e+002 2.930e+000 9.600e+001 7.920e+002-5.889e+003-2.431e+002-1.722e+003-4.730e+003 7.468e+004-1.907e+003-3.349e+004-4.567e+002 4.453e+003 3.581e+002-6.502e+002-5.806e+003 4.596e+004 4.099e+003 5.041e+004
 2.130e+002 2.930e+000 8.700e+001 4.616e+001-4.437e+002-2.569e+000 2.216e+001-2.879e+002 7.858e+003-1.856e+002-4.464e+003-2.510e+001 1.347e+002 2.615e+001 6.454e+001-4.376e+002 1.292e+003 3.746e+002 6.901e+003
 2.250e+002 2.930e+000 1.200e+002 9.325e+001-9.370e+002-1.502e+001-1.310e+002-6.073e+002 1.568e+004-4.462e+002-8.910e+003-5.742e+001 4.265e+002 5.574e+001 6.550e+001-9.126e+002 5.411e+003 8.079e+002 1.336e+004
 2.380e+002 2.930e+000 9.600e+001 3.714e+002-4.030e+003-5.732e+001-3.911e+002-2.288e+003 5.986e+004-1.970e+003-3.833e+004-2.165e+002 1.907e+003 1.498e+002-2.438e+002-3.707e+003 2.610e+004 2.385e+003 4.041e+004
 2.500e+002 2.930e+000 9.600e+001 1.292e+004-1.413e+005-2.034e+003-1.757e+004-7.783e+004 2.021e+006-7.549e+004-1.382e+006-8.039e+003 7.090e+004 5.363e+003-1.046e+004-1.360e+005 1.014e+006 8.779e+004 1.461e+006
 2.630e+002 2.930e+000 9.600e+001 3.025e+002-3.119e+003-4.647e+001-3.343e+002-1.843e+003 4.491e+004-1.605e+003-2.877e+004-1.849e+002 1.590e+003 1.288e+002-2.051e+002-2.964e+003 2.087e+004 1.955e+003 3.112e+004
 2.750e+002 2.930e+000 1.200e+002 8.699e+001-7.913e+002-1.135e+001-5.480e+001-5.741e+002 1.276e+004-4.086e+002-7.589e+003-5.666e+001 4.230e+002 5.212e+001 1.549e+001-8.337e+002 4.688e+003 6.983e+002 1.068e+004
 2.880e+002 2.930e+000 9.600e+001 4.767e+001-3.697e+002-5.790e+000-1.516e+001-4.130e+002 7.633e+003-2.094e+002-3.584e+003-3.354e+001 3.082e+002 3.467e+001 2.050e+001-4.231e+002 3.083e+003 4.060e+002 5.643e+003
 3.000e+002 2.930e+000 9.300e+001 3.654e+002-2.618e+003 1.162e+001 6.789e+002-4.217e+003 6.929e+004-2.573e+003-3.757e+004-3.436e+002 3.898e+003 3.426e+002-4.325e+002-4.098e+003 4.171e+004 4.073e+003 5.059e+004
 3.130e+002 2.930e+000 9.300e+001 7.800e+001-6.715e+002 3.584e+000 5.766e+002-1.467e+003 3.867e+004-1.743e+002-4.320e+003-4.485e+000-2.822e+002 3.246e+001-3.638e+001 1.089e+003-3.678e+004 8.728e+002 4.915e+004
 3.250e+002 2.930e+000 1.200e+002 4.991e+001-3.520e+002-1.367e+001-6.432e+001-4.754e+002 7.873e+003-4.616e+001-1.566e+003-2.613e+001 3.315e+002 2.965e+001 2.841e+001-2.673e+002 2.407e+003 2.768e+002 3.686e+003
 3.380e+002 2.930e+000 9.600e+001 1.381e+002-1.082e+003-3.938e+001-1.076e+002-1.203e+003 1.999e+004-1.431e+002-5.706e+003-6.373e+001 8.609e+002 4.919e+001-1.438e+002-8.146e+002 7.521e+003 4.829e+002 6.161e+003
 3.500e+002 2.930e+000 9.600e+001 3.347e+003-2.790e+004-1.037e+003-3.209e+003-2.804e+004 4.687e+005-3.388e+003-1.368e+005-1.448e+003 2.081e+004 9.647e+002-4.664e+003-1.961e+004 1.912e+005 9.638e+003 1.201e+005
 3.630e+002 2.930e+000 9.600e+001 1.153e+002-1.002e+003-3.108e+001-5.753e+001-9.470e+002 1.716e+004-1.862e+002-5.382e+003-5.153e+001 6.900e+002 3.943e+001-1.132e+002-6.485e+002 5.414e+003 3.752e+002 5.127e+003
 3.750e+002 2.930e+000 1.170e+002 3.456e+001-2.823e+002-7.058e+000-1.413e+001-3.026e+002 5.570e+003-8.930e+001-1.606e+003-1.906e+001 2.249e+002 1.882e+001 5.776e-001-1.926e+002 1.464e+003 1.697e+002 2.179e+003
 3.880e+002 2.930e+000 8.400e+001 1.793e+001-1.460e+002-1.987e+000 7.883e+000-1.815e+002 3.490e+003-6.169e+001-9.157e+002-1.087e+001 1.246e+002 1.248e+001 1.122e+001-9.497e+001 6.560e+002 1.046e+002 1.243e+003
 4.000e+002 2.930e+000 9.600e+001 7.006e+001-4.643e+002 1.344e+001 3.113e+002-8.043e+002 1.282e+004-4.515e+002-6.500e+003-4.370e+001 4.197e+002 3.453e+001-1.009e+002-4.018e+002 2.504e+003 3.580e+002 4.511e+003
 4.130e+002 2.930e+000 1.110e+002 3.217e+001-2.455e+002 2.021e+000 5.643e+001-3.360e+002 5.873e+003-2.024e+002-2.398e+003-2.471e+001 2.348e+002 2.453e+001 6.599e+000-2.194e+002 1.519e+003 2.245e+002 2.624e+003
 4.250e+002 2.930e+000 9.300e+001 3.688e+001-2.873e+002 2.805e+000 7.207e+001-3.797e+002 6.560e+003-2.521e+002-2.943e+003-2.947e+001 2.715e+002 2.752e+001-1.122e+001-2.681e+002 1.895e+003 2.568e+002 2.799e+003
 4.380e+002 2.930e+000 9.600e+001 1.193e+002-9.354e+002 1.279e+001 2.140e+002-1.127e+003 1.847e+004-8.785e+002-1.021e+004-9.730e+001 8.082e+002 8.472e+001-3.820e+001-1.019e+003 7.589e+003 8.928e+002 9.923e+003
 4.500e+002 2.930e+000 9.600e+001 3.594e+003-2.876e+004 4.428e+002 6.035e+003-3.231e+004 5.214e+005-2.767e+004-3.190e+005-2.960e+003 2.306e+004 2.497e+003-8.695e+002-3.304e+004 2.482e+005 2.800e+004 3.150e+005
 4.630e+002 2.930e+000 1.170e+002 1.984e+002-1.473e+003 2.018e+001 3.394e+002-1.899e+003 2.979e+004-1.335e+003-1.474e+004-1.549e+002 1.318e+003 1.269e+002-7.983e+001-1.524e+003 1.151e+004 1.273e+003 1.361e+004
 4.750e+002 2.930e+000 9.300e+001 6.968e+001-4.905e+002 7.859e+000 1.666e+002-7.346e+002 1.160e+004-4.382e+002-4.935e+003-5.145e+001 4.798e+002 4.167e+001-5.483e+001-4.360e+002 3.161e+003 3.661e+002 3.668e+003
 4.880e+002 2.930e+000 9.600e+001 7.595e+001-5.186e+002 7.366e+000 1.639e+002-8.310e+002 1.302e+004-4.680e+002-4.881e+003-5.687e+001 5.694e+002 4.521e+001-7.001e+001-4.371e+002 3.442e+003 3.615e+002 3.300e+003
 5.000e+002 2.930e+000 9.600e+001 1.118e+002-7.733e+002 8.465e+000 2.375e+002-1.252e+003 1.978e+004-6.776e+002-7.027e+003-8.379e+001 8.712e+002 6.740e+001-1.128e+002-6.052e+002 4.878e+003 5.155e+002 4.569e+003
 5.130e+002 2.930e+000 1.200e+002 2.471e+002-1.933e+003 3.569e+001 1.171e+003-3.057e+003 5.687e+004-1.537e+003-1.846e+004-1.510e+002 1.248e+003 1.358e+002-4.130e+002-5.521e+002-1.275e+004 1.540e+003 3.730e+004
 5.250e+002 2.930e+000 9.600e+001 4.299e+002-3.000e+003 4.188e+001 1.109e+003-4.889e+003 7.748e+004-2.636e+003-2.760e+004-3.129e+002 3.200e+003 2.404e+002-5.452e+002-2.172e+003 1.495e+004 1.893e+003 1.964e+004
 5.380e+002 2.930e+000 9.600e+001 1.881e+003-1.324e+004 1.920e+002 5.192e+003-2.115e+004 3.312e+005-1.187e+004-1.294e+005-1.379e+003 1.416e+004 1.033e+003-2.769e+003-1.008e+004 7.673e+004 7.939e+003 6.871e+004
 5.500e+002 2.930e+000 9.600e+001 1.006e+005-7.113e+005 1.076e+004 2.827e+005-1.128e+006 1.766e+007-6.403e+005-7.016e+006-7.355e+004 7.481e+005 5.490e+004-1.484e+005-5.446e+005 4.104e+006 4.282e+005 3.741e+006
 5.630e+002 2.930e+000 1.200e+002 2.577e+003-1.811e+004 2.825e+002 7.183e+003-2.842e+004 4.410e+005-1.629e+004-1.748e+005-1.875e+003 1.869e+004 1.397e+003-3.721e+003-1.360e+004 9.942e+004 1.070e+004 9.218e+004
 5.750e+002 2.930e+000 9.600e+001 3.545e+002-2.488e+003 4.130e+001 9.872e+002-3.806e+003 5.848e+004-2.237e+003-2.348e+004-2.558e+002 2.456e+003 1.906e+002-4.906e+002-1.832e+003 1.265e+004 1.448e+003 1.248e+004
 5.880e+002 2.930e+000 9.600e+001 1.648e+002-1.146e+003 1.863e+001 4.371e+002-1.726e+003 2.626e+004-1.018e+003-1.038e+004-1.190e+002 1.118e+003 8.978e+001-2.103e+002-8.375e+002 5.632e+003 6.672e+002 5.665e+003
 6.000e+002 2.930e+000 1.140e+002 1.530e+002-1.076e+003 1.563e+001 3.704e+002-1.576e+003 2.515e+004-8.297e+002-8.275e+003-1.004e+002 9.681e+002 7.303e+001-1.657e+002-6.457e+002 3.936e+003 4.921e+002 4.114e+003
 6.130e+002 2.930e+000 9.600e+001 5.656e+001-3.808e+002 8.078e+000 1.433e+002-5.484e+002 8.186e+003-3.372e+002-3.222e+003-3.948e+001 3.396e+002 3.104e+001-5.340e+001-2.714e+002 1.619e+003 2.208e+002 1.874e+003
 6.250e+002 2.930e+000 9.600e+001 4.196e+001-2.880e+002 4.244e+000 9.052e+001-4.037e+002 6.059e+003-2.478e+002-2.236e+003-3.035e+001 2.652e+002 2.356e+001-3.731e+001-1.987e+002 1.247e+003 1.646e+002 1.418e+003
 6.380e+002 2.930e+000 9.600e+001 3.676e+001-2.614e+002 1.076e+000 2.191e+001-3.538e+002 5.526e+003-2.110e+002-1.414e+003-2.794e+001 2.684e+002 2.345e+001 2.266e+000-1.693e+002 1.508e+003 1.543e+002 1.305e+003
 6.500e+002 2.930e+000 1.200e+002 9.532e+002-9.268e+003-1.589e+002-4.133e+003-9.851e+003 1.928e+005-7.742e+003-2.103e+004-9.605e+002 1.151e+004 1.005e+003 3.171e+003-6.522e+003 1.086e+005 7.394e+003 6.533e+004
 6.630e+002 2.930e+000 9.300e+001 2.132e+001-1.443e+002 2.233e+000 2.666e+001-2.001e+002 3.000e+003-1.282e+002-9.923e+002-1.592e+001 1.376e+002 1.369e+001 3.615e+000-1.100e+002 8.655e+002 1.024e+002 9.692e+002
 6.750e+002 2.930e+000 9.600e+001 1.614e+001-1.048e+002 1.797e+000 3.045e+001-1.533e+002 2.256e+003-8.942e+001-7.612e+002-1.150e+001 9.821e+001 9.291e+000-7.294e+000-7.355e+001 4.552e+002 6.425e+001 5.951e+002
 6.880e+002 2.930e+000 9.300e+001 1.281e+001-8.361e+001 1.746e+000 3.026e+001-1.198e+002 1.789e+003-7.057e+001-6.336e+002-8.531e+000 6.717e+001 6.808e+000-5.641e+000-5.322e+001 2.327e+002 4.804e+001 5.019e+002
 7.000e+002 2.930e+000 1.200e+002 3.188e+001-2.531e+002 2.913e+000 4.923e+001-3.087e+002 5.260e+003-1.932e+002-1.684e+003-2.125e+001 1.850e+002 1.550e+001-1.321e+001-1.513e+002 1.013e+003 1.165e+002 1.079e+003
 7.130e+002 2.930e+000 9.300e+001 1.087e+001-6.353e+001 5.865e-001 9.767e+000-1.066e+002 1.564e+003-4.164e+001-1.905e+002-6.565e+000 5.648e+001 5.015e+000 2.431e-001-1.910e+001-4.513e+001 2.812e+001 4.631e+002
 7.250e+002 2.930e+000 9.600e+001 3.092e+001-2.887e+002 6.187e+000 2.820e+002-5.451e+002 1.335e+004-4.820e+001 1.843e+000 4.286e+000-2.208e+002 1.065e+001-2.151e+001 5.213e+002-1.433e+004 3.599e+002 1.786e+004
 7.380e+002 2.930e+000 8.700e+001 9.263e+000-7.812e+001 2.011e+000 6.171e+001-1.162e+002 2.603e+003-3.767e+001-3.527e+002-2.841e+000-1.478e+001 4.716e+000-5.558e+000 4.445e+001-2.085e+003 8.398e+001 3.035e+003
 7.500e+002 2.930e+000 1.290e+002 9.586e+001-6.706e+002-1.360e-001-8.583e+000-5.176e+002 7.872e+003-4.389e+002-5.277e+003-6.269e+001 3.373e+002 4.264e+001 7.006e+000-7.395e+002 3.742e+003 5.055e+002 6.380e+003
 7.630e+002 2.930e+000 8.100e+001 5.078e+000-3.091e+001 8.549e-001 1.437e+001-4.191e+001 6.473e+002-2.508e+001-2.602e+002-3.365e+000 1.980e+001 2.925e+000-1.609e+000-2.396e+001 1.847e+001 2.493e+001 3.386e+002
 7.750e+002 2.930e+000 9.300e+001 4.719e+000-3.106e+001 7.662e-001 1.381e+001-3.985e+001 6.435e+002-2.534e+001-2.517e+002-3.137e+000 1.932e+001 2.796e+000-2.253e+000-1.998e+001 5.317e+000 2.127e+001 2.616e+002
 7.880e+002 2.930e+000 1.020e+002 5.087e+000-3.029e+001 7.023e-001 1.400e+001-4.075e+001 6.034e+002-2.374e+001-2.349e+002-3.409e+000 2.254e+001 2.887e+000-2.913e+000-2.235e+001 3.742e+001 2.189e+001 2.551e+002
 8.000e+002 2.930e+000 9.600e+001 6.788e+000-5.262e+001 2.206e-001 2.586e+001-5.437e+001 1.023e+003-1.872e+001-2.754e+002-2.758e+000 2.253e+001 3.425e+000 9.016e-001-1.300e+001-2.007e+002 2.347e+001 4.471e+002
 8.130e+002 2.930e+000 7.800e+001 4.865e+000-3.330e+001 5.711e-002 1.590e+001-4.335e+001 7.228e+002-1.358e+001-1.977e+002-2.106e+000 1.932e+001 2.166e+000-1.291e+000-8.195e+000-8.677e+001 1.128e+001 1.991e+002
 8.250e+002 2.930e+000 8.700e+001 4.332e+000-2.728e+001 3.131e-001 9.662e+000-4.333e+001 7.437e+002-1.563e+001-1.539e+002-2.854e+000 2.735e+001 2.672e+000 1.040e-001-1.395e+001 6.075e+000 1.536e+001 1.906e+002
 8.380e+002 2.930e+000 1.140e+002 1.117e+001-5.401e+001-1.747e+000-6.981e+000-1.721e+002 3.401e+003 4.245e+000 2.162e+002-9.541e+000 1.643e+002 1.073e+001 1.751e+001-2.166e+001 1.877e+002 3.723e+001 3.938e+002
 8.500e+002 2.930e+000 9.000e+001 5.833e+002-2.616e+003-1.930e+002-1.416e+003-1.149e+004 2.393e+005 1.169e+003 2.388e+004-6.029e+002 1.278e+004 6.943e+002 1.166e+003-1.014e+003 2.602e+004 1.563e+003 5.875e+003
 8.630e+002 2.930e+000 6.900e+001 6.133e+000-3.383e+001-4.330e-001 6.138e+000-8.357e+001 1.521e+003-1.014e+001-6.673e+001-4.266e+000 6.320e+001 3.633e+000-3.969e-001-7.439e+000-1.083e+000 8.578e+000 9.966e+001
 8.750e+002 2.930e+000 7.500e+001 3.847e+000-2.407e+001 1.860e-001 9.584e+000-4.242e+001 7.515e+002-1.071e+001-1.084e+002-2.223e+000 2.282e+001 1.830e+000-1.453e+000-5.168e+000-7.682e+001 7.296e+000 1.216e+002
 8.880e+002 2.930e+000 1.050e+002 7.602e+000-6.795e+001 9.513e-001 4.065e+001-7.131e+001 1.547e+003-2.426e+001-3.634e+002-2.791e+000 1.586e+001 2.156e+000-7.450e+000-3.416e+000-4.930e+002 1.727e+001 4.886e+002
 9.000e+002 2.930e+000 7.500e+001 8.728e+001-8.503e+002 2.537e+001 6.991e+002-4.048e+002 1.070e+004-2.007e+002-2.513e+003-1.114e+001-1.835e+002 1.130e+001-8.392e+001 4.606e+001-7.164e+003 2.237e+002 6.220e+003
 9.130e+002 2.930e+000 9.300e+001 1.463e+001-1.555e+002 2.271e+000 1.221e+002-1.681e+002 4.052e+003-2.930e+001-9.402e+002-2.678e+000 3.340e+000 3.287e+000-7.004e+000 2.711e+001-1.966e+003 3.879e+001 1.625e+003
 9.250e+002 2.930e+000 7.800e+001 7.887e+000-7.748e+001 6.302e-001 5.745e+001-1.169e+002 2.743e+003-8.064e+000-2.945e+002-9.468e-001 1.072e+000 1.678e+000 8.058e-002 4.793e+001-1.573e+003 2.291e+001 1.337e+003
 9.380e+002 2.930e+000 1.440e+002 4.816e+001-4.571e+002 2.984e+000 3.293e+002-8.307e+002 1.984e+004-2.168e+001-6.295e+002 1.528e+000-1.136e+002 9.321e+000-1.927e+001 5.462e+002-1.470e+004 2.596e+002 1.518e+004
 9.500e+002 2.930e+000 9.600e+001 1.008e+003-1.018e+004-5.325e+001 7.062e+003-1.782e+004 4.198e+005-8.356e+002-6.608e+004-1.886e+002 3.850e+003 5.010e+001-8.898e+002 5.732e+003-1.745e+005-1.329e+003 8.492e+004
 9.630e+002 2.930e+000 9.000e+001 1.788e+001-1.652e+002 2.396e-001 1.149e+002-2.953e+002 6.709e+003-2.932e+001-1.126e+003-4.065e+000 6.162e+001 2.300e+000-1.399e+001 7.964e+001-2.652e+003-2.692e+000 1.492e+003
 9.750e+002 2.930e+000 9.900e+001 8.029e+000-6.984e+001 8.432e-001 5.036e+001-1.097e+002 2.440e+003-1.546e+001-4.365e+002-1.639e+000 1.245e+001 1.571e+000-3.047e+000 2.497e+001-1.032e+003 1.296e+001 7.640e+002
 9.880e+002 2.930e+000 9.000e+001 6.339e+000-6.877e+001 3.444e-001 5.687e+001-8.852e+001 2.285e+003 3.445e+000-5.017e+002-5.437e-001 1.686e+000 1.966e+000 1.141e+001 2.159e+001-1.210e+003 1.969e+001 1.095e+003
 1.000e+003 2.930e+000 4.380e+002 3.362e+001-4.609e+002 1.594e+000 4.146e+002-4.166e+002 1.401e+004 2.346e+001-4.947e+003-3.935e-001-4.090e+001 1.498e+001 1.110e+002 5.774e+001-9.146e+003 1.670e+002 1.051e+004
 1.130e+003 2.930e+000 8.700e+002 6.355e+002-8.427e+003-1.251e+002 7.189e+003-1.133e+004 3.315e+005 3.415e+003-8.448e+004 7.462e+001 1.021e+001 7.367e+001 2.460e+003 4.051e+003-1.801e+005-5.941e+002 1.436e+005
 1.250e+003 2.930e+000 7.860e+002 3.329e+002-3.569e+003-8.324e+001 3.065e+003-5.894e+003 2.839e+005 3.008e+003-6.881e+004-6.317e+001 3.703e+003 1.156e+002 3.847e+002 2.652e+003-1.496e+005-2.346e+003 1.100e+005
 1.380e+003 2.930e+000 9.270e+002 9.287e+002-8.645e+003-3.585e+002 6.589e+003-1.756e+004 4.528e+005 9.469e+003-4.927e+004 1.855e+002-1.072e+003 2.331e+002 5.752e+003 9.281e+003-2.621e+005-3.137e+002 1.624e+005
 1.500e+003 2.930e+000 4.500e+001 4.908e+000-2.294e+001-1.233e+000 1.932e+001-9.789e+001 2.711e+003 4.344e+001-2.931e+002-1.207e+000 2.471e+001 2.032e+000-2.003e+000 6.241e+000-3.066e+002 3.928e+000 4.501e+002
 1.630e+003 2.930e+000 5.700e+001 1.960e+000-1.390e+001-8.752e-001 4.443e+000-4.638e+001 1.343e+003 2.574e+001-4.689e+001 9.334e-002 3.773e+000 8.369e-001 3.756e+000 6.255e+000-2.304e+002 2.672e+000 3.078e+002
 1.750e+003 2.930e+000 4.500e+001 5.568e+000-2.015e+001-3.492e+000 1.333e+000-1.497e+002 4.429e+003 1.046e+002 1.024e+002 2.991e-001 3.317e+000 2.981e+000 1.968e+001 2.974e+001-8.652e+002 1.236e+001 6.407e+002
 1.880e+003 2.930e+000 6.900e+001 1.770e+001-4.215e+001-1.223e+001-2.353e+000-4.951e+002 1.461e+004 3.508e+002-1.019e+001-4.188e+000 1.510e+002 1.086e+001-3.473e+001-4.975e+001 1.201e+003 1.850e+001 7.836e+002
 2.000e+003 2.930e+000 7.200e+001 3.086e+001-8.016e+001-1.233e+001-5.467e+001-7.311e+002 1.829e+004 3.009e+002 1.416e+003-3.209e+000 1.102e+002 6.340e+000-1.172e+001-5.074e+001 1.239e+003 4.411e+001 8.563e+002
 2.130e+003 2.930e+000 3.600e+001 5.025e+000-3.818e+001-1.691e+000 8.838e-001-1.267e+002 3.916e+003 5.027e+001-2.148e+000-1.139e-001 1.876e+001 1.099e+000-2.658e-001-5.119e+000 8.414e+001 1.128e+001 4.645e+002
 2.250e+003 2.930e+000 5.100e+001 1.815e+000-1.149e+001-3.870e-001 5.882e+000-3.823e+001 1.173e+003 1.480e+001-5.188e+001 1.428e-001-2.345e+000 5.467e-001 6.446e+000 7.721e+000-3.745e+002 7.182e+000 4.171e+002
 2.380e+003 2.930e+000 6.600e+001 6.796e+000 3.789e+001-5.069e+000-3.680e+001-1.952e+002 7.237e+003 1.742e+002 8.720e+002-1.722e+000-9.104e+000 5.870e+000 3.394e+001 2.204e+001-1.202e+003 4.122e+001 6.851e+002
 2.500e+003 2.930e+000 2.700e+001 3.865e-001-2.333e+000-1.322e-001 6.421e-001-1.093e+001 5.759e+002 1.026e+001 4.735e+001 1.096e-001-6.275e+000 3.807e-001 2.903e+000 4.021e+000-1.961e+002 4.050e+000 1.215e+002
 2.630e+003 2.930e+000 5.100e+001 2.077e+000-1.148e+001-2.397e-001 7.545e+000-3.741e+001 9.118e+002 7.320e+000-8.048e+001 1.667e-001-4.620e+000 3.687e-001 1.734e+000 7.770e+000-2.848e+002 6.222e+000 2.831e+002
 2.750e+003 2.930e+000 4.500e+001 7.789e-001-4.720e+000-5.386e-002 2.216e+000-1.177e+001 2.666e+002 1.532e+000-7.817e+000 1.447e-001-2.810e+000 3.153e-001 6.614e-001 6.713e+000-1.507e+002 6.596e+000 2.003e+002
 2.880e+003 2.930e+000 4.200e+001 5.959e-001-5.032e+000 2.100e-002 3.555e+000-9.629e+000 2.304e+002-1.438e-003-2.759e+001 5.183e-002-4.503e-001 2.114e-001 9.582e-002 4.280e+000-1.011e+002 3.383e+000 1.144e+002
 3.000e+003 2.930e+000 7.200e+001 2.721e+000-2.704e+001 4.637e-001 1.144e+001-3.311e+001 8.055e+002-1.274e+001-2.011e+002-5.183e-001-2.505e+000 8.650e-001 1.368e-001 2.539e+000-2.014e+002 1.280e+001 3.124e+002
 3.130e+003 2.930e+000 6.000e+001 9.493e-001-6.232e+000 6.087e-003 2.293e+000-1.334e+001 2.629e+002 9.111e-001 1.373e+000 1.578e-001-3.425e+000 3.073e-001 7.438e-001 5.857e+000-1.247e+002 5.347e+000 1.627e+002
 3.250e+003 2.930e+000 4.500e+001 5.888e-001-3.692e+000 5.418e-002 3.367e+000-8.169e+000 2.394e+002 1.086e+000 1.963e+001 7.427e-002-7.089e+000 6.688e-001-7.960e-001 4.392e+000-1.937e+002 1.285e+001 2.928e+002
 3.380e+003 2.930e+000 6.000e+001 8.882e-001-6.758e+000-4.150e-002 3.443e+000-1.666e+001 4.334e+002 3.490e+000 2.361e+001 2.528e-001-3.699e+000 3.558e-001 1.710e+000 9.118e+000-2.069e+002 7.754e+000 2.376e+002
 3.500e+003 2.930e+000 6.600e+001 3.858e+000-1.120e+001-4.909e-001 3.452e-001-6.825e+001 1.357e+003 1.131e+001 8.262e+001-2.156e-001 4.132e+000 4.783e-001-6.709e-001-4.422e+000 1.445e+001 9.784e+000 2.978e+002
 3.630e+003 2.930e+000 4.500e+001 2.563e+000-1.049e+001-3.125e-001-2.313e+000-3.444e+001 5.863e+002 4.570e+000 6.677e+001-5.305e-001 4.991e+000 7.370e-001 1.887e+000-1.977e+000-5.986e+001 1.250e+001 2.779e+002
 3.750e+003 2.930e+000 6.600e+001 2.078e+000-1.582e+001-1.508e-001 6.625e+000-3.514e+001 8.009e+002 5.966e+000 4.039e+001 3.098e-001-5.968e+000 4.743e-001 2.194e+000 1.357e+001-3.554e+002 9.781e+000 3.435e+002
 3.880e+003 2.930e+000 6.900e+001 1.090e+001-9.336e+001-3.950e-001 4.801e+001-1.703e+002 3.829e+003 1.890e+001 1.255e+001 2.822e-001-7.154e+000 9.982e-001 5.611e+000 5.363e+001-1.523e+003 2.357e+001 1.154e+003
 4.000e+003 2.930e+000 4.800e+001 6.702e+001-8.776e+002-2.370e-001 4.623e+002-1.078e+003 2.911e+004 1.529e+002 1.226e+003 1.090e+001-1.770e+002 2.449e+000 7.788e+001 6.437e+002-1.659e+004 1.184e+002 9.825e+003
 4.130e+003 2.930e+000 7.200e+001 1.425e+001-3.392e+001-3.506e+000-4.062e+001-2.317e+002 4.914e+003 8.918e+001 1.707e+003-3.110e+000 4.085e+001 3.816e+000 1.446e+001-2.916e+001-2.666e+002 8.079e+001 2.203e+003
 4.250e+003 2.930e+000 6.600e+001 4.295e+000-2.882e+001-5.985e-001 9.397e+000-6.809e+001 1.528e+003 1.576e+001 1.101e+002-2.553e-001 7.025e+000 7.704e-001 4.138e+000 8.641e+000-3.266e+002 1.125e+001 3.783e+002
 4.380e+003 2.930e+000 4.200e+001 1.997e+000-1.507e+001 1.694e-001 1.357e+001-3.023e+001 7.067e+002 6.036e-001-7.335e+001 8.023e-002-2.767e+000 5.064e-001 8.015e-001 7.703e+000-2.748e+002 1.019e+001 3.203e+002
 4.500e+003 2.930e+000 6.300e+001 2.579e+000-2.172e+001-3.108e-002 1.405e+001-3.665e+001 9.597e+002 6.420e+000 6.321e+000 2.042e-001-1.131e+001 8.859e-001 1.326e+000 1.021e+001-4.825e+002 1.770e+001 5.023e+002
 4.630e+003 2.930e+000 6.900e+001 1.774e+000-1.784e+001 3.791e-002 1.148e+001-2.715e+001 6.839e+002 2.470e+000-4.661e+001 2.994e-001-4.986e+000 3.924e-001 2.829e+000 1.289e+001-3.605e+002 7.160e+000 2.914e+002
 4.750e+003 2.930e+000 3.900e+001 1.337e+000-9.805e+000-7.600e-002 6.738e+000-2.101e+001 4.388e+002 3.921e+000-1.893e+001 3.000e-001-4.421e+000 4.298e-001 2.770e+000 1.104e+001-2.454e+002 6.756e+000 2.079e+002
 4.880e+003 2.930e+000 6.000e+001 1.621e+000-1.466e+001-8.956e-002 1.148e+001-2.275e+001 5.095e+002 3.707e+000-5.430e+001 3.513e-001-4.802e+000 4.760e-001 2.484e+000 1.233e+001-2.979e+002 6.117e+000 2.674e+002
 5.000e+003 2.930e+000 5.700e+001 1.205e+000-1.083e+001 4.172e-002 6.207e+000-1.658e+001 3.743e+002 1.895e+000-7.074e+000 3.514e-001-6.951e+000 5.705e-001 3.079e+000 1.066e+001-2.421e+002 8.754e+000 2.313e+002
 5.130e+003 2.930e+000 4.500e+001 1.711e+000-2.153e+001 3.341e-001 1.564e+001-2.652e+001 7.299e+002-8.379e-001-7.662e+001 4.253e-001-1.271e+001 5.941e-001 2.522e+000 1.498e+001-4.630e+002 1.177e+001 3.574e+002
 5.250e+003 2.930e+000 6.300e+001 2.388e+000-2.469e+001 1.132e-001 1.586e+001-3.432e+001 8.184e+002 1.596e+000-5.261e+001 4.182e-001-8.772e+000 6.793e-001 3.528e+000 1.963e+001-4.924e+002 1.103e+001 3.836e+002
 5.380e+003 2.930e+000 6.600e+001 3.661e+000-3.673e+001 5.975e-002 2.041e+001-5.220e+001 1.175e+003 2.282e+000-6.775e+001 4.311e-001-8.009e+000 7.862e-001 4.838e+000 2.519e+001-6.052e+002 1.210e+001 4.455e+002
 5.500e+003 2.930e+000 4.500e+001 2.543e+000-2.726e+001-1.061e-002 1.535e+001-3.179e+001 7.549e+002 2.882e+000-4.259e+001 2.148e-001-3.860e+000 4.516e-001 3.745e+000 1.548e+001-4.062e+002 6.085e+000 2.849e+002
 5.630e+003 2.930e+000 6.900e+001 5.390e+000-5.208e+001 2.511e-001 3.072e+001-6.489e+001 1.458e+003 9.843e-001-1.589e+002 1.235e-001-1.204e+001 1.317e+000 9.069e+000 2.691e+001-8.106e+002 1.982e+001 6.814e+002
 5.750e+003 2.930e+000 6.900e+001 6.249e+000-5.736e+001 1.264e-001 3.244e+001-7.746e+001 1.671e+003 6.242e+000-9.360e+001 4.245e-001-1.362e+001 1.515e+000 1.130e+001 3.803e+001-9.474e+002 2.051e+001 7.271e+002
 5.880e+003 2.930e+000 4.500e+001 6.177e+000-5.493e+001 4.983e-001 3.124e+001-7.417e+001 1.579e+003-1.480e+000-1.249e+002-1.620e-001-1.095e+001 1.364e+000 6.973e+000 3.172e+001-8.717e+002 1.794e+001 6.571e+002
 6.000e+003 2.930e+000 7.200e+001 1.453e+001-1.429e+002 7.851e-001 8.414e+001-1.841e+002 4.139e+003 1.174e+001-2.764e+002 1.198e+000-3.667e+001 1.991e+000 1.852e+001 8.821e+001-2.319e+003 3.374e+001 1.532e+003
 6.130e+003 2.930e+000 7.200e+001 8.613e+000-7.083e+001 8.108e-002 3.041e+001-9.767e+001 2.041e+003 3.702e+000-6.412e+001-5.719e-001-5.991e+000 1.845e+000 1.234e+001 4.078e+001-1.034e+003 1.878e+001 7.713e+002
 6.250e+003 2.930e+000 4.800e+001 4.681e+000-3.220e+001 9.226e-002 1.479e+001-5.437e+001 1.102e+003 3.841e+000-8.321e+001-1.111e-001-1.146e+001 1.814e+000 1.372e+001 2.592e+001-6.785e+002 2.076e+001 6.392e+002
 6.380e+003 2.930e+000 6.300e+001 5.120e+000-4.569e+001 4.329e-001 3.135e+001-6.556e+001 1.437e+003 2.463e+000-1.670e+002 7.483e-001-1.909e+001 1.597e+000 9.320e+000 3.519e+001-8.973e+002 2.377e+001 7.492e+002
 6.500e+003 2.930e+000 6.600e+001 7.092e+000-4.816e+001 4.356e-001 1.968e+001-7.205e+001 1.327e+003-9.805e-002-5.906e+001-3.939e-001-1.064e+001 2.218e+000 1.278e+001 3.333e+001-7.535e+002 2.130e+001 6.624e+002
 6.630e+003 2.930e+000 4.500e+001 3.250e+000-2.513e+001-1.760e-001 9.550e+000-3.879e+001 7.804e+002 4.973e+000 2.006e+000 1.919e-001-4.967e+000 1.516e+000 9.431e+000 2.256e+001-4.576e+002 1.546e+001 4.445e+002
 6.750e+003 2.930e+000 6.600e+001 5.816e+000-3.922e+001-3.062e-001 1.596e+001-6.469e+001 1.143e+003 1.069e+001 2.174e+001 5.158e-001-1.159e+001 3.056e+000 1.869e+001 3.795e+001-7.061e+002 3.104e+001 7.424e+002
 6.880e+003 2.930e+000 6.900e+001 5.698e+000-3.775e+001-5.561e-002 1.741e+001-5.541e+001 9.203e+002 1.087e+001 3.440e+001 1.376e+000-1.830e+001 3.172e+000 1.793e+001 4.166e+001-6.397e+002 3.533e+001 7.291e+002
 7.000e+003 2.930e+000 4.800e+001 3.997e+000-2.454e+001-2.047e-001 4.564e+000-3.579e+001 5.505e+002 6.402e+000 7.393e+001 5.121e-001-8.185e+000 2.307e+000 1.312e+001 2.506e+001-3.410e+002 2.362e+001 4.574e+002
 7.130e+003 2.930e+000 6.600e+001 4.775e+000-2.761e+001-7.045e-001 5.305e+000-4.272e+001 6.267e+002 1.495e+001 1.199e+002 1.143e+000-1.180e+001 3.115e+000 1.974e+001 3.523e+001-4.511e+002 3.100e+001 5.827e+002
 7.250e+003 2.930e+000 7.200e+001 6.313e+000-3.585e+001-8.627e-001 1.421e+001-5.517e+001 7.662e+002 2.974e+001 1.859e+002 3.500e+000-3.306e+001 6.688e+000 3.635e+001 6.204e+001-7.306e+002 7.096e+001 1.093e+003
 7.380e+003 2.930e+000 4.800e+001 6.138e+000-3.210e+001-1.588e+000 5.721e+000-5.078e+001 6.355e+002 3.549e+001 2.835e+002 4.242e+000-3.139e+001 5.833e+000 3.128e+001 6.977e+001-6.701e+002 6.761e+001 1.041e+003
 7.500e+003 2.930e+000 7.200e+001 8.971e+000-4.460e+001-2.937e+000 6.045e+000-7.649e+001 9.506e+002 5.616e+001 4.287e+002 6.114e+000-4.215e+001 9.442e+000 5.767e+001 1.041e+002-9.992e+002 1.040e+002 1.634e+003
 7.630e+003 2.930e+000 7.200e+001 2.223e+001-1.084e+002-1.091e+001 2.046e+001-1.969e+002 2.345e+003 2.057e+002 1.323e+003 2.220e+001-1.500e+002 3.257e+001 1.962e+002 3.164e+002-2.993e+003 3.452e+002 4.954e+003
 7.750e+003 2.930e+000 4.800e+001 2.634e+001-1.406e+002-1.186e+001 2.772e+001-2.228e+002 2.701e+003 2.360e+002 1.603e+003 2.597e+001-1.613e+002 3.403e+001 1.961e+002 3.550e+002-3.217e+003 3.632e+002 5.091e+003
 7.880e+003 2.930e+000 7.200e+001 1.856e+002-9.820e+002-8.683e+001 2.161e+002-1.610e+003 1.994e+004 1.628e+003 1.080e+004 1.840e+002-1.111e+003 2.407e+002 1.408e+003 2.578e+003-2.345e+004 2.607e+003 3.750e+004
 8.000e+003 2.930e+000 7.200e+001 2.621e+003-1.274e+004-1.286e+003 2.550e+003-2.200e+004 2.476e+005 2.412e+004 1.595e+005 2.766e+003-1.693e+004 3.571e+003 2.105e+004 3.746e+004-3.268e+005 3.846e+004 5.396e+005
 8.130e+003 2.930e+000 4.800e+001 7.271e+001-3.882e+002-3.563e+001 7.556e+001-6.030e+002 7.209e+003 6.561e+002 4.438e+003 7.002e+001-3.891e+002 8.891e+001 5.514e+002 9.734e+002-8.501e+003 9.333e+002 1.342e+004
 8.250e+003 2.930e+000 7.200e+001 4.222e+001-2.177e+002-2.269e+001 3.735e+001-3.441e+002 3.979e+003 3.986e+002 2.638e+003 4.167e+001-2.253e+002 5.588e+001 3.561e+002 5.780e+002-4.948e+003 5.684e+002 8.155e+003
 8.380e+003 2.930e+000 7.200e+001 1.977e+001-1.025e+002-9.110e+000 2.782e+001-1.614e+002 1.897e+003 1.741e+002 1.089e+003 1.917e+001-1.115e+002 2.519e+001 1.569e+002 2.591e+002-2.308e+003 2.569e+002 3.668e+003
 8.500e+003 2.930e+000 4.800e+001 6.068e+000-3.161e+001-2.385e+000 6.154e+000-4.641e+001 5.356e+002 4.447e+001 3.073e+002 5.010e+000-2.733e+001 6.270e+000 3.711e+001 6.966e+001-5.857e+002 6.439e+001 9.139e+002
 8.630e+003 2.930e+000 7.200e+001 5.875e+000-3.226e+001-2.719e+000 6.372e+000-4.553e+001 5.790e+002 4.852e+001 3.033e+002 5.207e+000-2.941e+001 7.973e+000 4.712e+001 7.092e+001-6.376e+002 7.647e+001 1.064e+003
 8.750e+003 2.930e+000 7.200e+001 4.939e+000-2.466e+001-1.412e+000 8.753e+000-3.768e+001 4.328e+002 3.113e+001 1.819e+002 4.031e+000-2.689e+001 6.190e+000 3.378e+001 5.339e+001-4.906e+002 5.934e+001 8.052e+002
 8.880e+003 2.930e+000 4.800e+001 2.855e+000-1.466e+001-7.976e-001 5.960e+000-2.315e+001 2.802e+002 1.720e+001 9.514e+001 2.157e+000-1.504e+001 3.205e+000 1.917e+001 3.081e+001-3.040e+002 3.162e+001 4.665e+002
 9.000e+003 2.930e+000 7.200e+001 3.021e+000-1.768e+001-6.952e-001 8.141e+000-2.350e+001 3.178e+002 1.344e+001 4.547e+001 1.673e+000-1.275e+001 3.736e+000 2.077e+001 2.516e+001-2.869e+002 3.322e+001 4.768e+002
 9.130e+003 2.930e+000 7.200e+001 2.360e+000-1.256e+001-2.831e-001 3.069e+000-1.589e+001 1.949e+002 6.587e+000 3.908e+001 7.327e-001-6.525e+000 3.073e+000 1.742e+001 1.375e+001-1.498e+002 2.464e+001 3.386e+002
 9.250e+003 2.930e+000 4.800e+001 1.902e+000-9.938e+000 4.675e-003 3.283e+000-1.205e+001 1.434e+002 3.607e+000 1.342e+001 6.671e-001-7.589e+000 2.012e+000 1.027e+001 1.013e+001-1.148e+002 1.805e+001 2.351e+002
 9.380e+003 2.930e+000 7.200e+001 3.076e+000-1.810e+001-4.084e-001 2.660e+000-2.276e+001 3.262e+002 6.675e+000 3.355e+001 5.250e-001-6.955e+000 2.803e+000 1.461e+001 1.481e+001-1.970e+002 2.305e+001 3.258e+002
 9.500e+003 2.930e+000 6.600e+001 2.582e+000-1.577e+001 3.834e-001 6.639e+000-1.821e+001 2.510e+002-2.063e+000-3.253e+001 1.221e-001-7.520e+000 2.822e+000 1.277e+001 7.081e+000-1.317e+002 2.143e+001 2.729e+002
 9.630e+003 2.930e+000 3.900e+001 1.884e+000-1.355e+001 4.067e-001 6.008e+000-1.353e+001 2.415e+002-2.076e+000-3.727e+001-1.563e-001-3.642e+000 1.276e+000 5.875e+000 2.341e+000-1.027e+002 9.573e+000 1.420e+002
 9.750e+003 2.930e+000 6.900e+001 3.422e+000-2.064e+001-8.967e-002 2.384e+000-2.181e+001 3.074e+002 9.802e-001 1.466e+001-3.145e-001-1.769e+000 2.216e+000 1.157e+001 7.696e+000-1.247e+002 1.589e+001 2.313e+002
 9.880e+003 2.930e+000 5.700e+001 3.111e+000-2.144e+001 1.997e-001 6.371e+000-2.781e+001 4.990e+002-2.456e+000-3.769e+001-7.391e-001 6.419e-001 2.372e+000 1.166e+001 6.602e+000-1.993e+002 1.435e+001 2.611e+002
 1.000e+004 2.930e+000 2.910e+002 2.610e+001-1.928e+002-9.217e-001 9.181e+001-2.938e+002 6.154e+003 2.869e+001-5.917e+002-3.024e+000 1.127e+001 1.046e+001 7.392e+001 1.088e+002-3.033e+003 5.040e+001 2.368e+003
 1.130e+004 2.930e+000 5.280e+002 5.589e+001-4.086e+002 3.891e+000 1.760e+002-4.755e+002 9.251e+003-5.642e+001-1.506e+003-1.107e+001-1.742e+001 1.664e+001 8.763e+001 1.120e+002-4.270e+003 1.074e+002 3.674e+003
 1.250e+004 2.930e+000 5.580e+002 4.199e+001-2.791e+002 4.427e+000 3.570e+001-2.172e+002 3.166e+003-1.228e+002-5.560e+002-1.594e+001 3.172e+001 1.451e+001 3.746e+001-4.073e+001-3.113e+002 8.129e+001 9.506e+002
 1.380e+004 2.930e+000 5.670e+002 3.684e+001-2.432e+002 3.720e+000 3.846e+001-1.939e+002 2.754e+003-1.031e+002-4.829e+002-1.371e+001 3.138e+001 1.289e+001 3.441e+001-3.419e+001-3.015e+002 7.287e+001 8.762e+002
 1.500e+004 2.930e+000 5.250e+002 2.172e+001-1.361e+002 2.427e+000 2.673e+001-1.186e+002 1.705e+003-4.851e+001-3.377e+002-7.574e+000-2.075e+000 1.216e+001 5.062e+001-1.568e+001-4.477e+002 8.009e+001 1.073e+003
 1.630e+004 2.930e+000 6.300e+002 4.010e+001 7.627e+001-9.044e+001-3.866e+002-5.845e+002 1.390e+004 1.689e+003 2.997e+002 3.177e+001-1.644e+003 4.669e+002 3.576e+003 1.003e+003-2.649e+004 3.570e+003 5.528e+004
 1.750e+004 2.930e+000 5.310e+002 1.256e+001-6.812e+001 1.171e+000 6.093e+000-6.136e+001 8.468e+002-1.837e+001-9.817e+001-4.351e+000-6.326e-001 7.149e+000 3.988e+001-8.530e+000-3.149e+002 5.168e+001 9.100e+002
 1.880e+004 2.930e+000 4.650e+002 8.180e+000-4.459e+001 7.282e-001 1.404e-001-3.405e+001 5.594e+002-9.206e+000-9.263e+001-2.973e+000-7.363e+000 5.284e+000 3.390e+001-1.252e+001-3.137e+002 4.914e+001 9.703e+002
 2.000e+004 2.930e+000 5.070e+002 1.303e+001-1.483e+002 7.275e-001 2.524e+002-1.415e+002 3.757e+003 2.744e+002-9.473e+000 1.985e+001-3.042e+002 5.288e+001 5.782e+002 2.547e+002-7.164e+003 6.532e+002 1.480e+004
 2.130e+004 2.930e+000 4.020e+002 3.098e+000-1.992e+001 2.122e-001 6.496e+000-1.169e+001 2.139e+002-2.360e+000-2.454e+001-4.860e-001-1.868e+000 1.173e+000 5.752e+000 8.051e-001-1.077e+002 7.562e+000 1.653e+002
 2.250e+004 2.930e+000 4.830e+002 4.914e+000-3.608e+001 1.500e-001 1.384e+001-2.761e+001 6.042e+002-3.364e+000-3.756e+001-1.042e+000-1.056e+001 2.981e+000 1.480e+001 1.093e+001-5.213e+002 3.474e+001 8.688e+002
 2.380e+004 2.930e+000 6.330e+002 9.789e+002-7.790e+003-1.147e+002 3.641e+003-7.751e+003 1.236e+005-1.336e+003 9.433e+003-2.840e+002 3.146e+003 9.951e+001-4.603e+002 4.813e+003-6.749e+004-1.794e+003 3.792e+004
 2.500e+004 2.930e+000 5.790e+002 1.152e+001-8.741e+001-1.551e+000 4.037e+001-9.115e+001 1.502e+003-5.694e+000 1.283e+002-2.892e+000 2.767e+001 2.694e+000 9.851e+000 6.150e+001-9.895e+002-3.236e+000 8.979e+002
 2.630e+004 2.930e+000 2.670e+002 1.153e+000-7.067e+000-6.403e-002 2.529e+000-7.675e+000 1.348e+002-3.876e-001 9.438e+000-2.418e-001 2.389e+000 3.390e-001 1.138e+000 4.043e+000-6.012e+001-6.995e-001 4.282e+001
 2.750e+004 2.930e+000 3.270e+002 1.778e+000-1.721e+001-2.424e-001 1.312e+001-1.910e+001 4.398e+002 6.654e+000 2.368e+001 1.813e-001-1.169e+000 5.095e-001 7.280e+000 1.728e+001-3.844e+002 2.347e+000 3.581e+002
 2.880e+004 2.930e+000 2.730e+002 6.914e-001-4.700e+000-1.112e-001 2.599e+000-5.015e+000 9.716e+001 1.419e+000 1.115e+001-8.411e-002 6.995e-001 3.141e-001 2.198e+000 4.581e+000-8.202e+001-1.027e-002 7.983e+001
 3.000e+004 2.930e+000 2.220e+002 4.221e-001-2.497e+000 8.571e-002 8.709e-001-8.856e-001 2.382e+001-1.125e+000-1.061e+000-1.951e-001-5.938e-001 3.650e-001 2.287e-001 3.450e-001-1.307e+001 8.078e-001 1.486e+001
 3.130e+004 2.930e+000 5.220e+002 9.003e+001-6.806e+002 3.016e+001 2.819e+002-7.359e+001 5.284e+003-5.330e+002-6.255e+002-6.749e+001-1.786e+002 6.183e+001-1.900e+002-4.911e+001-2.187e+003 1.401e+002 1.072e+003
 3.250e+004 2.930e+000 5.910e+002 1.611e+002-1.298e+003 5.755e+001 5.754e+002-1.610e+002 1.072e+004-1.000e+003-1.052e+003-1.171e+002-3.549e+002 1.071e+002-3.938e+002-5.619e+001-4.715e+003 2.607e+002 2.324e+003
 3.380e+004 2.930e+000 4.500e+002 1.126e+000-9.108e+000 4.256e-001 5.275e+000-2.327e+000 9.444e+001-5.222e+000 2.627e+000-4.880e-001-3.357e+000 7.123e-001-2.535e+000 1.845e+000-6.263e+001 2.971e+000 5.716e+001
 3.500e+004 2.930e+000 4.050e+002 7.277e-001-6.995e+000 3.696e-001 5.790e+000-2.620e+000 1.073e+002-5.601e-001 1.319e+001-2.065e-002-6.181e+000 8.379e-001 6.929e-001 3.304e+000-1.153e+002 8.559e+000 1.539e+002
 3.630e+004 2.930e+000 3.780e+002 1.070e+000-1.108e+001 2.516e-001 9.305e+000-9.251e+000 2.430e+002 5.363e-001 2.230e+000 1.785e-001-5.869e+000 4.537e-001 6.801e-001 9.102e+000-2.202e+002 6.096e+000 2.202e+002
 3.750e+004 2.930e+000 4.140e+002 7.431e-001-6.711e+000 2.780e-001 4.568e+000-4.080e+000 1.017e+002-6.299e-001 3.237e+001 1.042e-001-4.101e+000 3.855e-001-1.221e+000 6.164e+000-9.707e+001 4.445e+000 1.157e+002
 3.880e+004 2.930e+000 5.850e+002 3.345e+000-3.182e+001 1.191e+000 1.851e+001-2.220e+001 4.886e+002-2.697e+000 1.980e+002 5.645e-001-1.692e+001 9.213e-001-8.402e+000 3.320e+001-4.398e+002 1.559e+001 4.996e+002
 4.000e+004 2.930e+000 6.480e+002 2.253e+002-2.216e+003 7.548e+001 1.221e+003-1.705e+003 3.476e+004-1.203e+002 1.553e+004 4.568e+001-1.093e+003 3.579e+001-5.919e+002 2.518e+003-3.115e+004 9.320e+002 3.495e+004
 4.130e+004 2.930e+000 5.790e+002 2.672e+000-2.456e+001 6.527e-001 1.218e+001-1.980e+001 3.997e+002 7.685e-001 1.941e+002 6.133e-001-1.139e+001 5.115e-001-4.530e+000 3.046e+001-3.639e+002 1.141e+001 4.396e+002
 4.250e+004 2.930e+000 4.800e+002 7.463e-001-6.005e+000 1.030e-001 2.352e+000-5.074e+000 9.701e+001 9.195e-001 5.419e+001 1.949e-001-2.405e+000 1.980e-001-4.401e-001 8.200e+000-8.680e+001 2.930e+000 1.156e+002
 4.380e+004 2.930e+000 5.130e+002 7.089e-001-5.491e+000 5.296e-002 1.645e+000-5.222e+000 9.391e+001 1.326e+000 5.541e+001 2.055e-001-2.166e+000 2.009e-001 9.643e-002 8.274e+000-8.590e+001 3.096e+000 1.229e+002
 4.500e+004 2.930e+000 5.310e+002 7.118e-001-4.946e+000 3.245e-003 2.067e-001-5.551e+000 8.920e+001 1.713e+000 6.588e+001 2.193e-001-2.147e+000 2.281e-001 3.838e-001 9.035e+000-8.339e+001 3.708e+000 1.373e+002
 4.630e+004 2.930e+000 6.030e+002 2.075e+000-1.390e+001-1.492e-001-2.625e+000-1.680e+001 2.394e+002 5.608e+000 2.218e+002 6.237e-001-4.132e+000 3.272e-001 1.566e+000 2.877e+001-2.244e+002 9.384e+000 4.263e+002
 4.750e+004 2.930e+000 6.480e+002 2.049e+002-1.354e+003-3.102e+001-5.116e+002-1.664e+003 2.246e+004 6.941e+002 2.347e+004 6.689e+001-3.387e+002 2.683e+001 2.766e+002 2.923e+003-2.037e+004 1.034e+003 4.303e+004
 4.880e+004 2.930e+000 6.240e+002 7.751e+001-5.001e+002-1.382e+001-2.432e+002-6.217e+002 8.224e+003 2.707e+002 9.005e+003 2.468e+001-1.092e+002 1.054e+001 1.181e+002 1.092e+003-7.203e+003 3.926e+002 1.618e+004
 5.000e+004 2.930e+000 5.910e+002 1.000e+000-5.927e+000-1.586e-001-2.948e+000-6.950e+000 9.033e+001 2.809e+000 9.887e+001 2.557e-001-8.690e-001 1.943e-001 1.400e+000 1.198e+001-7.177e+001 3.964e+000 1.715e+002
 5.130e+004 2.930e+000 4.860e+002 4.209e-001-2.261e+000-6.562e-002-1.292e+000-2.675e+000 3.396e+001 1.094e+000 3.643e+001 9.661e-002-2.861e-001 1.179e-001 5.919e-001 4.330e+000-2.448e+001 1.562e+000 6.195e+001
 5.250e+004 2.930e+000 4.560e+002 3.269e-001-1.767e+000-4.935e-002-1.007e+000-1.913e+000 2.556e+001 8.078e-001 2.611e+001 6.495e-002-1.986e-001 1.104e-001 5.578e-001 3.030e+000-1.675e+001 1.211e+000 4.555e+001
 5.380e+004 2.930e+000 5.160e+002 1.598e+000-1.286e+001-3.554e-002-6.035e-002-8.766e+000 1.592e+002-3.863e+000 3.424e+001-4.505e-001 2.423e+000 3.359e-001-5.876e-003 4.642e+000-3.457e+001 9.897e-001 5.630e+001
 5.500e+004 2.930e+000 6.090e+002 8.899e+000-5.330e+001-3.168e+000-5.821e+001-5.606e+001 6.788e+002 2.915e+001 9.323e+002 1.493e+000 9.493e+000 1.510e+000 2.395e+001 9.333e+001-2.447e+002 3.721e+001 1.382e+003
 5.630e+004 2.930e+000 6.210e+002 8.883e+001-5.312e+002-3.230e+001-6.039e+002-5.470e+002 6.553e+003 2.786e+002 9.132e+003 1.327e+001 1.113e+002 1.387e+001 2.391e+002 9.041e+002-1.962e+003 3.556e+002 1.333e+004
 5.750e+004 2.930e+000 5.460e+002 6.298e-001-3.470e+000-1.842e-001-3.629e+000-3.486e+000 4.214e+001 1.662e+000 5.505e+001 9.360e-002 5.273e-001 1.501e-001 1.376e+000 5.648e+000-1.326e+001 2.258e+000 8.235e+001
 5.880e+004 2.930e+000 3.660e+002 1.713e-001-8.789e-001-3.625e-002-7.066e-001-8.151e-001 1.001e+001 3.517e-001 1.135e+001 2.366e-002 7.845e-002 4.959e-002 2.441e-001 1.278e+000-3.273e+000 4.642e-001 1.627e+001
 6.000e+004 2.930e+000 2.910e+002 9.939e-002-4.399e-001-1.818e-002-3.252e-001-4.525e-001 5.226e+000 1.582e-001 4.923e+000 1.308e-002 2.224e-002 3.659e-002 1.134e-001 5.934e-001-1.831e+000 2.472e-001 7.412e+000
 6.130e+004 2.930e+000 2.670e+002 8.118e-002-3.626e-001-1.398e-002-2.731e-001-3.652e-001 4.101e+000 1.525e-001 4.290e+000 1.350e-002 8.805e-003 3.278e-002 8.316e-002 5.129e-001-1.331e+000 2.087e-001 6.040e+000
 6.250e+004 2.930e+000 4.890e+002 3.629e-001-2.112e+000-1.198e-001-2.021e+000-1.782e+000 2.344e+001 9.519e-001 2.907e+001 4.983e-002 5.224e-001 9.651e-002 7.957e-001 2.847e+000-2.394e+000 1.240e+000 3.916e+001
 6.380e+004 2.930e+000 6.210e+002 2.492e+001-1.649e+002-1.058e+001-1.753e+002-1.350e+002 1.827e+003 7.957e+001 2.413e+003 3.345e+000 5.199e+001 5.012e+000 7.032e+001 2.205e+002-3.403e+001 1.044e+002 3.195e+003
 6.500e+004 2.930e+000 4.800e+002 2.910e-001-1.693e+000-1.018e-001-1.774e+000-1.345e+000 1.841e+001 7.675e-001 2.310e+001 3.739e-002 4.236e-001 1.030e-001 8.801e-001 2.274e+000-9.465e-001 1.277e+000 3.772e+001
 6.630e+004 2.930e+000 2.670e+002 6.058e-002-2.736e-001-1.565e-002-2.307e-001-2.400e-001 2.813e+000 1.097e-001 3.171e+000 6.216e-003 6.507e-002 2.915e-002 1.387e-001 3.689e-001-4.754e-001 1.837e-001 5.250e+000
 6.750e+004 2.930e+000 1.950e+002 2.733e-002-9.912e-002-3.186e-003-3.952e-002-9.457e-002 1.181e+000 5.689e-002 7.841e-001 4.626e-003-3.002e-002 2.464e-002 1.040e-001 1.318e-001-7.720e-001 1.528e-001 2.884e+000
 6.880e+004 2.930e+000 3.090e+002 3.571e-002-1.803e-001 2.055e-002 1.027e-001-5.547e-002 8.337e+000 6.444e-001-1.360e+001-5.954e-003-2.113e+000 7.163e-001 6.582e+000-1.820e-001-2.536e+001 6.317e+000 1.196e+002
 7.000e+004 2.930e+000 2.040e+002 2.936e-002-1.117e-001-6.387e-003-1.057e-001-9.891e-002 1.044e+000 3.424e-002 1.013e+000 2.716e-003 1.725e-002 1.943e-002 9.966e-002 1.504e-001-1.338e-001 1.208e-001 3.143e+000
 7.130e+004 2.930e+000 4.530e+002 4.731e-001-2.903e+000-2.486e-001-4.881e+000-1.572e+000 2.432e+001 6.839e-001 3.512e+001-2.224e-002 1.670e+000 1.715e-001 1.956e+000 2.935e+000 2.112e+001 2.647e+000 7.443e+001
 7.250e+004 2.930e+000 3.990e+002 5.485e-001-3.524e+000-2.922e-001-5.865e+000-1.719e+000 2.909e+001 5.930e-001 3.860e+001-4.781e-002 2.075e+000 1.902e-001 2.272e+000 3.066e+000 2.893e+001 3.042e+000 8.477e+001
 7.380e+004 2.930e+000 1.740e+002 2.059e-002-9.017e-002-4.169e-003-6.627e-002-5.676e-002 7.468e-001 1.125e-002 4.816e-001 8.264e-004 1.723e-002 9.999e-003 3.912e-002 6.839e-002 1.425e-001 4.424e-002 1.332e+000
 7.500e+004 2.930e+000 1.170e+002 1.041e-002-3.353e-002 8.195e-005 6.543e-003-2.674e-002 3.053e-001 2.941e-003 6.568e-002 1.417e-003-4.607e-003 5.146e-003 3.347e-003 2.650e-002-1.220e-001 1.356e-002 2.725e-001
 7.630e+004 2.930e+000 1.380e+002 9.478e-003-3.032e-002-1.265e-003 8.105e-003-2.733e-002 2.800e-001 9.711e-003 6.852e-002 1.486e-003-4.720e-004 6.132e-003 1.164e-002 2.878e-002-1.650e-001 1.612e-002 3.189e-001
 7.750e+004 2.930e+000 1.260e+002 8.496e-003-2.014e-002-3.380e-004 8.486e-003-2.835e-002 2.300e-001 6.407e-003 3.400e-002 1.518e-003-6.112e-003 5.295e-003 1.055e-002 2.510e-002-1.490e-001 1.512e-002 2.618e-001
 7.880e+004 2.930e+000 1.380e+002 1.642e-002-9.102e-002-4.034e-003-8.661e-002-3.623e-002 8.497e-001-1.145e-002 6.763e-002-1.753e-003 3.296e-002 7.854e-003 2.920e-002 1.166e-002 7.281e-001 6.751e-002 1.606e+000
 8.000e+004 2.930e+000 3.990e+002 2.967e-001-2.822e+000-1.637e-001-3.546e+000-1.946e-001 2.888e+001-8.814e-001-3.579e+000-9.401e-002 1.684e+000 1.502e-001 9.907e-001-4.986e-001 3.579e+001 2.369e+000 4.884e+001
 8.130e+004 2.930e+000 1.890e+002 1.608e-002-8.441e-002-2.272e-003-4.374e-002-3.418e-002 8.373e-001-1.252e-002-5.906e-002-9.634e-004 1.833e-002 9.330e-003 2.995e-002 7.773e-003 4.127e-001 5.246e-002 1.136e+000
 8.250e+004 2.930e+000 1.260e+002 8.219e-003-2.876e-002 4.013e-004 1.730e-002-3.374e-002 4.407e-001 2.132e-003 2.563e-002 1.219e-003-6.451e-003 4.090e-003 6.169e-003 2.974e-002-2.966e-001 1.387e-002 3.400e-001
 8.380e+004 2.930e+000 1.260e+002 7.079e-003-2.051e-002 2.681e-004 1.056e-002-1.663e-002 1.860e-001 2.102e-003 2.417e-002 8.461e-004-2.246e-003 3.124e-003 4.499e-003 1.731e-002-1.214e-001 5.813e-003 1.722e-001
 8.500e+004 2.930e+000 1.170e+002 5.854e-003-1.361e-002-3.957e-004 7.176e-003-1.256e-002 1.190e-001 4.293e-003 2.463e-002 6.627e-004-2.066e-003 3.322e-003 8.411e-003 1.396e-002-8.886e-002 7.635e-003 1.616e-001
 8.630e+004 2.930e+000 1.020e+002 4.157e-003-1.119e-002-7.767e-005 9.697e-003-9.662e-003 1.162e-001 2.667e-003 7.143e-003 4.659e-004-2.771e-004 3.121e-003 7.869e-003 9.527e-003-8.448e-002 8.951e-003 1.647e-001
 8.750e+004 2.930e+000 2.880e+002 6.046e-002-7.126e-001-2.700e-004 2.442e-001-3.648e-001 1.273e+001-1.513e-001-4.543e+000-6.643e-003 4.009e-002 1.981e-002 8.063e-002-1.460e-001-1.828e+000 1.908e-001 4.921e+000
 8.880e+004 2.930e+000 2.940e+002 3.890e-002-3.948e-001 3.963e-003 2.249e-001-2.904e-001 7.883e+000-5.924e-002-2.555e+000 1.274e-003-3.924e-002 1.657e-002 9.407e-002-1.355e-002-2.153e+000 1.525e-001 3.895e+000
 9.000e+004 2.930e+000 1.770e+002 5.072e-003-9.654e-003-5.542e-005 7.354e-003-1.559e-002 1.569e-001 3.400e-003-1.484e-002 4.476e-004-5.359e-003 8.506e-003 3.531e-002 6.659e-003-1.116e-001 5.280e-002 7.650e-001
 9.130e+004 2.930e+000 2.460e+002 8.750e-003-1.971e-002 9.919e-004 1.870e-002-2.911e-002 3.108e-001 7.950e-003 5.654e-002 5.624e-004-5.311e-003 1.160e-002 5.499e-002 7.537e-003-2.261e-001 8.002e-002 1.330e+000
 9.250e+004 2.930e+000 2.700e+002 9.260e-003-1.972e-002 1.055e-003 2.247e-002-2.664e-002 3.262e-001 1.440e-002 4.553e-002 3.408e-005-1.089e-002 1.417e-002 7.001e-002 1.156e-002-3.683e-001 1.014e-001 1.726e+000
 9.380e+004 2.930e+000 2.010e+002 6.319e-003-1.142e-002 5.184e-004 8.447e-003-1.796e-002 1.788e-001 4.082e-003 3.886e-002-1.928e-004-8.698e-004 9.223e-003 4.252e-002 5.402e-003-1.158e-001 5.270e-002 8.143e-001
 9.500e+004 2.930e+000 2.940e+002 4.190e-002-3.420e-001 2.919e-004 2.114e-001-3.688e-001 7.063e+000 6.503e-002-9.792e-003 8.031e-003-8.282e-002 1.544e-002 1.235e-001 2.284e-001-4.201e+000 1.442e-001 4.400e+000
 9.630e+004 2.930e+000 0.000e+000 0.000e+000 0.000e+000 0.000e+000 0.000e+000 0.000e+000 0.000e+000 0.000e+000 0.000e+000 0.000e+000 0.000e+000 0.000e+000 0.000e+000 0.000e+000 0.000e+000 0.000e+000 0.000e+000
 9.750e+004 2.930e+000 0.000e+000 0.000e+000 0.000e+000 0.000e+000 0.000e+000 0.000e+000 0.000e+000 0.000e+000 0.000e+000 0.000e+000 0.000e+000 0.000e+000 0.000e+000 0.000e+000 0.000e+000 0.000e+000 0.000e+000
 9.880e+004 2.930e+000 0.000e+000 0.000e+000 0.000e+000 0.000e+000 0.000e+000 0.000e+000 0.000e+000 0.000e+000 0.000e+000 0.000e+000 0.000e+000 0.000e+000 0.000e+000 0.000e+000 0.000e+000 0.000e+000 0.000e+000
 1.000e+005 2.930e+000 0.000e+000 0.000e+000 0.000e+000 0.000e+000 0.000e+000 0.000e+000 0.000e+000 0.000e+000 0.000e+000 0.000e+000 0.000e+000 0.000e+000 0.000e+000 0.000e+000 0.000e+000 0.000e+000 0.000e+000
