 6.250e+000 2.930e+000 0.000e+000 0.000e+000 0.000e+000 0.000e+000 0.000e+000 0.000e+000 0.000e+000 0.000e+000 0.000e+000 0.000e+000 0.000e+000 0.000e+000 0.000e+000 0.000e+000 0.000e+000 0.000e+000 0.000e+000
 7.500e+000 2.930e+000 0.000e+000 0.000e+000 0.000e+000 0.000e+000 0.000e+000 0.000e+000 0.000e+000 0.000e+000 0.000e+000 0.000e+000 0.000e+000 0.000e+000 0.000e+000 0.000e+000 0.000e+000 0.000e+000 0.000e+000
 8.750e+000 2.930e+000 0.000e+000 0.000e+000 0.000e+000 0.000e+000 0.000e+000 0.000e+000 0.000e+000 0.000e+000 0.000e+000 0.000e+000 0.000e+000 0.000e+000 0.000e+000 0.000e+000 0.000e+000 0.000e+000 0.000e+000
 1.000e+001 2.930e+000 0.000e+000 0.000e+000 0.000e+000 0.000e+000 0.000e+000 0.000e+000 0.000e+000 0.000e+000 0.000e+000 0.000e+000 0.000e+000 0.000e+000 0.000e+000 0.000e+000 0.000e+000 0.000e+000 0.000e+000
 1.130e+001 2.930e+000 2.400e+001 4.774e+001 1.465e+002 4.205e+000-1.167e+002-4.833e+002 5.591e+004 4.242e+002 2.344e+003-1.180e+001-1.556e+002 5.296e+001 2.462e+002 3.946e+001-1.114e+004 2.197e+002 5.936e+003
 1.250e+001 2.930e+000 0.000e+000 0.000e+000 0.000e+000 0.000e+000 0.000e+000 0.000e+000 0.000e+000 0.000e+000 0.000e+000 0.000e+000 0.000e+000 0.000e+000 0.000e+000 0.000e+000 0.000e+000 0.000e+000 0.000e+000
 1.380e+001 2.930e+000 0.000e+000 0.000e+000 0.000e+000 0.000e+000 0.000e+000 0.000e+000 0.000e+000 0.000e+000 0.000e+000 0.000e+000 0.000e+000 0.000e+000 0.000e+000 0.000e+000 0.000e+000 0.000e+000 0.000e+000
 1.500e+001 2.930e+000 2.400e+001 7.035e+001-5.381e+002-1.015e+001-3.388e+000-1.168e+003 8.297e+004 2.841e+002 5.250e+003-1.282e+001-1.192e+001 2.496e+001 1.875e+002 3.638e+002-1.823e+004 7.245e+001 8.039e+003
 1.630e+001 2.930e+000 0.000e+000 0.000e+000 0.000e+000 0.000e+000 0.000e+000 0.000e+000 0.000e+000 0.000e+000 0.000e+000 0.000e+000 0.000e+000 0.000e+000 0.000e+000 0.000e+000 0.000e+000 0.000e+000 0.000e+000
 1.750e+001 2.930e+000 2.400e+001 5.298e+001-2.418e+002-7.770e+000-2.503e+001-1.166e+003 6.367e+004 4.716e+002 4.046e+003-5.606e+000-9.620e+001 3.961e+001 2.746e+002 3.307e+002-1.490e+004 1.697e+002 6.928e+003
 1.880e+001 2.930e+000 0.000e+000 0.000e+000 0.000e+000 0.000e+000 0.000e+000 0.000e+000 0.000e+000 0.000e+000 0.000e+000 0.000e+000 0.000e+000 0.000e+000 0.000e+000 0.000e+000 0.000e+000 0.000e+000 0.000e+000
 2.000e+001 2.930e+000 2.400e+001 8.524e+001-6.177e+002 1.527e+001 4.021e+001-1.025e+003 4.496e+004-2.725e+002-2.984e+002-2.740e+001-2.512e+002 4.548e+001 1.030e+002 9.901e+001-9.718e+003 1.955e+002 4.124e+003
 2.130e+001 2.930e+000 0.000e+000 0.000e+000 0.000e+000 0.000e+000 0.000e+000 0.000e+000 0.000e+000 0.000e+000 0.000e+000 0.000e+000 0.000e+000 0.000e+000 0.000e+000 0.000e+000 0.000e+000 0.000e+000 0.000e+000
 2.250e+001 2.930e+000 0.000e+000 0.000e+000 0.000e+000 0.000e+000 0.000e+000 0.000e+000 0.000e+000 0.000e+000 0.000e+000 0.000e+000 0.000e+000 0.000e+000 0.000e+000 0.000e+000 0.000e+000 0.000e+000 0.000e+000
 2.380e+001 2.930e+000 2.400e+001 5.274e+001-4.499e+002-6.189e+000 4.437e+001-6.755e+002 4.596e+004-9.884e+001 2.611e+002-1.160e+001-2.075e+002 2.298e+001 8.778e+001 1.685e+002-8.445e+003 8.668e+001 3.107e+003
 2.500e+001 2.930e+000 0.000e+000 0.000e+000 0.000e+000 0.000e+000 0.000e+000 0.000e+000 0.000e+000 0.000e+000 0.000e+000 0.000e+000 0.000e+000 0.000e+000 0.000e+000 0.000e+000 0.000e+000 0.000e+000 0.000e+000
 2.630e+001 2.930e+000 2.400e+001 7.420e+001-1.556e+002 1.004e+001-5.256e-001-7.461e+002 7.267e+004 1.958e+002 3.082e+003-1.678e+001-6.336e+002 2.644e+001 8.150e+001 1.980e+002-1.563e+004 1.996e+002 5.330e+003
 2.750e+001 2.930e+000 0.000e+000 0.000e+000 0.000e+000 0.000e+000 0.000e+000 0.000e+000 0.000e+000 0.000e+000 0.000e+000 0.000e+000 0.000e+000 0.000e+000 0.000e+000 0.000e+000 0.000e+000 0.000e+000 0.000e+000
 2.880e+001 2.930e+000 2.400e+001 5.490e+001 3.805e+002-1.018e-001-1.896e+002-6.673e+002 5.041e+004 2.195e+002 2.451e+003-1.539e+001-3.180e+002 3.067e+001 1.547e+002 8.073e+001-1.018e+004 1.646e+002 3.748e+003
 3.000e+001 2.930e+000 0.000e+000 0.000e+000 0.000e+000 0.000e+000 0.000e+000 0.000e+000 0.000e+000 0.000e+000 0.000e+000 0.000e+000 0.000e+000 0.000e+000 0.000e+000 0.000e+000 0.000e+000 0.000e+000 0.000e+000
 3.130e+001 2.930e+000 0.000e+000 0.000e+000 0.000e+000 0.000e+000 0.000e+000 0.000e+000 0.000e+000 0.000e+000 0.000e+000 0.000e+000 0.000e+000 0.000e+000 0.000e+000 0.000e+000 0.000e+000 0.000e+000 0.000e+000
 3.250e+001 2.930e+000 2.400e+001 8.608e+001-3.321e+002 5.251e-001-5.038e+001-1.033e+003 5.905e+004-3.947e+001 1.194e+003-1.408e+001-2.896e+002 1.944e+001 6.239e+001 2.244e+002-1.134e+004 8.291e+001 3.454e+003
 3.380e+001 2.930e+000 0.000e+000 0.000e+000 0.000e+000 0.000e+000 0.000e+000 0.000e+000 0.000e+000 0.000e+000 0.000e+000 0.000e+000 0.000e+000 0.000e+000 0.000e+000 0.000e+000 0.000e+000 0.000e+000 0.000e+000
 3.500e+001 2.930e+000 2.400e+001 1.076e+002 2.982e+002 4.378e+000-1.298e+002-7.368e+002 3.669e+004-5.045e+001-8.510e+002-2.009e+001-3.731e+002 2.760e+001 6.732e+001 1.877e+002-8.692e+003 1.227e+002 2.986e+003
 3.630e+001 2.930e+000 0.000e+000 0.000e+000 0.000e+000 0.000e+000 0.000e+000 0.000e+000 0.000e+000 0.000e+000 0.000e+000 0.000e+000 0.000e+000 0.000e+000 0.000e+000 0.000e+000 0.000e+000 0.000e+000 0.000e+000
 3.750e+001 2.930e+000 2.400e+001 1.461e+002 3.370e+002-1.245e+001-2.025e+002-1.015e+003 6.096e+004-1.217e+002 1.162e+003-2.483e+001-6.162e+002 2.887e+001 2.132e+001 3.242e+002-1.390e+004 1.744e+002 4.592e+003
 3.880e+001 2.930e+000 0.000e+000 0.000e+000 0.000e+000 0.000e+000 0.000e+000 0.000e+000 0.000e+000 0.000e+000 0.000e+000 0.000e+000 0.000e+000 0.000e+000 0.000e+000 0.000e+000 0.000e+000 0.000e+000 0.000e+000
 4.000e+001 2.930e+000 0.000e+000 0.000e+000 0.000e+000 0.000e+000 0.000e+000 0.000e+000 0.000e+000 0.000e+000 0.000e+000 0.000e+000 0.000e+000 0.000e+000 0.000e+000 0.000e+000 0.000e+000 0.000e+000 0.000e+000
 4.130e+001 2.930e+000 2.400e+001 5.654e+002-5.774e+002 4.439e+001-4.468e+002-6.968e+002 9.123e+004-5.037e+002 4.860e+003-1.370e+002-1.073e+003 7.381e+001 7.224e+000 2.792e+002-1.869e+004 2.341e+002 5.729e+003
 4.250e+001 2.930e+000 0.000e+000 0.000e+000 0.000e+000 0.000e+000 0.000e+000 0.000e+000 0.000e+000 0.000e+000 0.000e+000 0.000e+000 0.000e+000 0.000e+000 0.000e+000 0.000e+000 0.000e+000 0.000e+000 0.000e+000
 4.380e+001 2.930e+000 2.400e+001 1.053e+003-1.653e+003 3.384e+001-8.678e+002-2.746e+003 1.999e+005-1.056e+003 7.210e+003-2.473e+002-2.221e+003 1.153e+002 4.304e+000 1.257e+003-4.468e+004 3.420e+002 1.240e+004
 4.500e+001 2.930e+000 0.000e+000 0.000e+000 0.000e+000 0.000e+000 0.000e+000 0.000e+000 0.000e+000 0.000e+000 0.000e+000 0.000e+000 0.000e+000 0.000e+000 0.000e+000 0.000e+000 0.000e+000 0.000e+000 0.000e+000
 4.630e+001 2.930e+000 2.400e+001 1.653e+003 8.435e+003-1.243e+002-3.978e+003-1.089e+004 5.532e+005 7.836e+002 1.367e+004-2.604e+002-6.161e+003 1.812e+002 4.793e+002 3.400e+003-1.473e+005 1.491e+003 4.197e+004
 4.750e+001 2.930e+000 0.000e+000 0.000e+000 0.000e+000 0.000e+000 0.000e+000 0.000e+000 0.000e+000 0.000e+000 0.000e+000 0.000e+000 0.000e+000 0.000e+000 0.000e+000 0.000e+000 0.000e+000 0.000e+000 0.000e+000
 4.880e+001 2.930e+000 0.000e+000 0.000e+000 0.000e+000 0.000e+000 0.000e+000 0.000e+000 0.000e+000 0.000e+000 0.000e+000 0.000e+000 0.000e+000 0.000e+000 0.000e+000 0.000e+000 0.000e+000 0.000e+000 0.000e+000
 5.000e+001 2.930e+000 2.400e+001 1.912e+005 2.435e+006-8.295e+004-7.269e+005-3.541e+006 9.742e+007 1.171e+006 1.390e+006 2.895e+004-1.609e+006 4.083e+004 3.021e+005 9.482e+005-2.703e+007 4.630e+005 7.519e+006
 5.130e+001 2.930e+000 0.000e+000 0.000e+000 0.000e+000 0.000e+000 0.000e+000 0.000e+000 0.000e+000 0.000e+000 0.000e+000 0.000e+000 0.000e+000 0.000e+000 0.000e+000 0.000e+000 0.000e+000 0.000e+000 0.000e+000
 5.250e+001 2.930e+000 2.400e+001 9.833e+002 8.117e+003-1.108e+002-3.207e+003-5.713e+003 7.499e+005-6.789e+002 9.548e+003-1.274e+002-1.107e+004 2.257e+002-3.239e+001 1.759e+003-1.881e+005 2.671e+003 4.941e+004
 5.380e+001 2.930e+000 0.000e+000 0.000e+000 0.000e+000 0.000e+000 0.000e+000 0.000e+000 0.000e+000 0.000e+000 0.000e+000 0.000e+000 0.000e+000 0.000e+000 0.000e+000 0.000e+000 0.000e+000 0.000e+000 0.000e+000
 5.500e+001 2.930e+000 0.000e+000 0.000e+000 0.000e+000 0.000e+000 0.000e+000 0.000e+000 0.000e+000 0.000e+000 0.000e+000 0.000e+000 0.000e+000 0.000e+000 0.000e+000 0.000e+000 0.000e+000 0.000e+000 0.000e+000
 5.630e+001 2.930e+000 2.400e+001 4.822e+002 5.169e+002-1.898e+001-7.166e+002-1.561e+003 1.959e+005-5.558e+002 1.714e+003-1.030e+002-3.060e+003 9.037e+001 1.893e+001 6.169e+002-4.577e+004 6.784e+002 1.196e+004
 5.750e+001 2.930e+000 0.000e+000 0.000e+000 0.000e+000 0.000e+000 0.000e+000 0.000e+000 0.000e+000 0.000e+000 0.000e+000 0.000e+000 0.000e+000 0.000e+000 0.000e+000 0.000e+000 0.000e+000 0.000e+000 0.000e+000
 5.880e+001 2.930e+000 2.400e+001 4.796e+002-4.283e+002 3.679e+000-3.993e+002-3.563e+002 7.992e+004-3.128e+002 4.793e+002-1.175e+002-1.255e+003 5.971e+001 5.816e+001 3.056e+002-1.836e+004 2.654e+002 5.293e+003
 6.000e+001 2.930e+000 0.000e+000 0.000e+000 0.000e+000 0.000e+000 0.000e+000 0.000e+000 0.000e+000 0.000e+000 0.000e+000 0.000e+000 0.000e+000 0.000e+000 0.000e+000 0.000e+000 0.000e+000 0.000e+000 0.000e+000
 6.130e+001 2.930e+000 2.400e+001 1.390e+002 7.521e+002-2.120e+001-3.741e+002-6.415e+002 4.955e+004 9.844e+001 1.087e+003-2.875e+001-6.730e+002 2.693e+001 9.210e+001 2.385e+002-1.275e+004 1.895e+002 4.185e+003
 6.250e+001 2.930e+000 0.000e+000 0.000e+000 0.000e+000 0.000e+000 0.000e+000 0.000e+000 0.000e+000 0.000e+000 0.000e+000 0.000e+000 0.000e+000 0.000e+000 0.000e+000 0.000e+000 0.000e+000 0.000e+000 0.000e+000
 6.380e+001 2.930e+000 0.000e+000 0.000e+000 0.000e+000 0.000e+000 0.000e+000 0.000e+000 0.000e+000 0.000e+000 0.000e+000 0.000e+000 0.000e+000 0.000e+000 0.000e+000 0.000e+000 0.000e+000 0.000e+000 0.000e+000
 6.500e+001 2.930e+000 2.400e+001 7.761e+001 9.574e+001-8.946e-001-1.197e+002-8.298e+001 3.480e+004-9.900e+001-2.025e+002-2.147e+001-5.083e+002 2.148e+001 3.961e+001 1.534e+001-6.605e+003 1.131e+002 1.754e+003
 6.630e+001 2.930e+000 0.000e+000 0.000e+000 0.000e+000 0.000e+000 0.000e+000 0.000e+000 0.000e+000 0.000e+000 0.000e+000 0.000e+000 0.000e+000 0.000e+000 0.000e+000 0.000e+000 0.000e+000 0.000e+000 0.000e+000
 6.750e+001 2.930e+000 2.400e+001 5.900e+001 1.867e+002-7.308e+000-1.244e+002-5.204e+002 3.138e+004 8.516e+001 5.489e+002-1.424e+001-3.504e+002 1.851e+001 6.091e+001 1.195e+002-7.054e+003 9.602e+001 1.916e+003
 6.880e+001 2.930e+000 0.000e+000 0.000e+000 0.000e+000 0.000e+000 0.000e+000 0.000e+000 0.000e+000 0.000e+000 0.000e+000 0.000e+000 0.000e+000 0.000e+000 0.000e+000 0.000e+000 0.000e+000 0.000e+000 0.000e+000
 7.000e+001 2.930e+000 2.400e+001 4.688e+001 1.403e+002-6.166e+000-6.654e+001-1.941e+002 2.300e+004 5.825e+001-3.346e+002-1.417e+001-3.203e+002 2.206e+001 8.045e+001 4.342e+001-5.440e+003 1.215e+002 2.015e+003
 7.130e+001 2.930e+000 0.000e+000 0.000e+000 0.000e+000 0.000e+000 0.000e+000 0.000e+000 0.000e+000 0.000e+000 0.000e+000 0.000e+000 0.000e+000 0.000e+000 0.000e+000 0.000e+000 0.000e+000 0.000e+000 0.000e+000
 7.250e+001 2.930e+000 0.000e+000 0.000e+000 0.000e+000 0.000e+000 0.000e+000 0.000e+000 0.000e+000 0.000e+000 0.000e+000 0.000e+000 0.000e+000 0.000e+000 0.000e+000 0.000e+000 0.000e+000 0.000e+000 0.000e+000
 7.380e+001 2.930e+000 2.400e+001 4.650e+001-1.094e+002 6.887e-001-3.533e+001-2.180e+002 1.785e+004-8.612e+000 8.476e+002-1.866e+001-2.032e+002 1.855e+001 3.388e+001 3.657e+001-3.851e+003 7.858e+001 1.379e+003
 7.500e+001 2.930e+000 0.000e+000 0.000e+000 0.000e+000 0.000e+000 0.000e+000 0.000e+000 0.000e+000 0.000e+000 0.000e+000 0.000e+000 0.000e+000 0.000e+000 0.000e+000 0.000e+000 0.000e+000 0.000e+000 0.000e+000
 7.630e+001 2.930e+000 2.400e+001 5.357e+001-1.742e+002 2.307e+000-1.245e+001-1.031e+002 1.146e+004-9.866e+001 1.321e+002-2.040e+001-1.425e+002 1.573e+001 1.400e+001 2.298e+001-1.737e+003 2.056e+001 4.776e+002
 7.750e+001 2.930e+000 0.000e+000 0.000e+000 0.000e+000 0.000e+000 0.000e+000 0.000e+000 0.000e+000 0.000e+000 0.000e+000 0.000e+000 0.000e+000 0.000e+000 0.000e+000 0.000e+000 0.000e+000 0.000e+000 0.000e+000
 7.880e+001 2.930e+000 2.400e+001 2.411e+001-2.545e+001-1.758e+000-5.244e+001-6.439e+001 1.240e+004-3.474e+001 6.644e+002-1.104e+001-1.706e+002 1.353e+001 2.964e+001 1.221e+001-1.931e+003 4.960e+001 8.398e+002
 8.000e+001 2.930e+000 0.000e+000 0.000e+000 0.000e+000 0.000e+000 0.000e+000 0.000e+000 0.000e+000 0.000e+000 0.000e+000 0.000e+000 0.000e+000 0.000e+000 0.000e+000 0.000e+000 0.000e+000 0.000e+000 0.000e+000
 8.130e+001 2.930e+000 0.000e+000 0.000e+000 0.000e+000 0.000e+000 0.000e+000 0.000e+000 0.000e+000 0.000e+000 0.000e+000 0.000e+000 0.000e+000 0.000e+000 0.000e+000 0.000e+000 0.000e+000 0.000e+000 0.000e+000
 8.250e+001 2.930e+000 2.400e+001 3.310e+001-1.216e+002 5.351e-001-3.292e+001-8.231e+001 1.060e+004-9.098e+001 1.368e+002-1.523e+001-1.748e+002 1.561e+001 2.229e+001 2.292e+001-1.543e+003 3.857e+001 5.180e+002
 8.380e+001 2.930e+000 0.000e+000 0.000e+000 0.000e+000 0.000e+000 0.000e+000 0.000e+000 0.000e+000 0.000e+000 0.000e+000 0.000e+000 0.000e+000 0.000e+000 0.000e+000 0.000e+000 0.000e+000 0.000e+000 0.000e+000
 8.500e+001 2.930e+000 2.400e+001 2.852e+001-4.172e+001-1.424e+000-4.295e+001-1.974e+002 8.854e+003-5.439e+001 1.745e+002-1.285e+001-7.176e+001 1.378e+001 2.974e+001 3.303e+001-1.381e+003 2.574e+001 5.290e+002
 8.630e+001 2.930e+000 0.000e+000 0.000e+000 0.000e+000 0.000e+000 0.000e+000 0.000e+000 0.000e+000 0.000e+000 0.000e+000 0.000e+000 0.000e+000 0.000e+000 0.000e+000 0.000e+000 0.000e+000 0.000e+000 0.000e+000
 8.750e+001 2.930e+000 2.400e+001 2.160e+001-8.630e+001 1.299e+000-2.334e+001-1.324e+002 9.520e+003-7.923e+001 1.145e+002-1.145e+001-1.132e+002 1.236e+001 1.561e+001 8.414e+000-1.183e+003 2.262e+001 3.466e+002
 8.880e+001 2.930e+000 0.000e+000 0.000e+000 0.000e+000 0.000e+000 0.000e+000 0.000e+000 0.000e+000 0.000e+000 0.000e+000 0.000e+000 0.000e+000 0.000e+000 0.000e+000 0.000e+000 0.000e+000 0.000e+000 0.000e+000
 9.000e+001 2.930e+000 0.000e+000 0.000e+000 0.000e+000 0.000e+000 0.000e+000 0.000e+000 0.000e+000 0.000e+000 0.000e+000 0.000e+000 0.000e+000 0.000e+000 0.000e+000 0.000e+000 0.000e+000 0.000e+000 0.000e+000
 9.130e+001 2.930e+000 2.400e+001 2.340e+001-1.135e+002 2.883e+000-8.878e+000-1.392e+002 8.890e+003-8.052e+001-1.145e+002-1.160e+001-1.211e+002 1.267e+001 1.524e+001 1.696e+000-1.501e+003 3.647e+001 5.368e+002
 9.250e+001 2.930e+000 0.000e+000 0.000e+000 0.000e+000 0.000e+000 0.000e+000 0.000e+000 0.000e+000 0.000e+000 0.000e+000 0.000e+000 0.000e+000 0.000e+000 0.000e+000 0.000e+000 0.000e+000 0.000e+000 0.000e+000
 9.380e+001 2.930e+000 2.400e+001 1.726e+001-8.053e+001 1.344e+000-7.123e+000-1.101e+002 6.680e+003-8.952e+001-1.189e+002-9.020e+000-9.059e+001 1.119e+001 4.160e+000 1.258e+001-8.398e+002 1.786e+001 1.784e+002
 9.500e+001 2.930e+000 0.000e+000 0.000e+000 0.000e+000 0.000e+000 0.000e+000 0.000e+000 0.000e+000 0.000e+000 0.000e+000 0.000e+000 0.000e+000 0.000e+000 0.000e+000 0.000e+000 0.000e+000 0.000e+000 0.000e+000
 9.630e+001 2.930e+000 2.400e+001 1.760e+001-8.826e+001 1.206e+000-1.327e+001-8.255e+001 7.262e+003-8.538e+001-1.125e+002-1.056e+001-1.105e+002 1.269e+001 9.353e+000 2.556e+000-1.016e+003 2.661e+001 2.447e+002
 9.750e+001 2.930e+000 0.000e+000 0.000e+000 0.000e+000 0.000e+000 0.000e+000 0.000e+000 0.000e+000 0.000e+000 0.000e+000 0.000e+000 0.000e+000 0.000e+000 0.000e+000 0.000e+000 0.000e+000 0.000e+000 0.000e+000
 9.880e+001 2.930e+000 0.000e+000 0.000e+000 0.000e+000 0.000e+000 0.000e+000 0.000e+000 0.000e+000 0.000e+000 0.000e+000 0.000e+000 0.000e+000 0.000e+000 0.000e+000 0.000e+000 0.000e+000 0.000e+000 0.000e+000
 1.000e+002 2.930e+000 4.800e+001 9.462e+001 2.908e+002 1.245e+001-3.523e+001-3.263e+002 1.126e+004-2.462e+002-8.369e+001-6.033e+001 1.946e+002 6.452e+001-4.451e+001-3.202e+001-1.543e+003 4.159e+001 4.109e+002
 1.130e+002 2.930e+000 4.800e+001 4.174e+001-2.423e+002 5.129e+000-2.171e+001-1.398e+002 9.584e+003-1.971e+002 8.125e+001-2.863e+001-1.520e+002 2.965e+001 1.962e+001-1.019e+000-1.307e+003 4.464e+001 5.117e+002
 1.250e+002 2.930e+000 5.100e+001 4.819e+001-4.006e+002 1.175e+001 1.745e+000-2.857e+002 1.215e+004-3.147e+002-1.249e+002-3.096e+001-1.047e+002 3.179e+001 1.506e+001 5.169e+000-1.119e+003 3.350e+001 3.485e+002
 1.380e+002 2.930e+000 7.200e+001 7.216e+001-7.510e+002 2.047e+001 4.495e+001-3.865e+002 2.024e+004-5.571e+002-3.140e+002-4.494e+001-2.744e+002 4.814e+001-1.318e+001 2.831e+001-2.503e+003 6.266e+001 5.745e+002
 1.500e+002 2.930e+000 4.800e+001 6.050e+001-9.418e+002 2.547e+001 6.110e+001 1.525e+002 2.911e+004-1.968e+002-2.730e+002-3.270e+001-6.878e+002 4.523e+001 6.038e+000-2.112e+001-2.559e+003 7.917e+001 3.346e+002
 1.630e+002 2.930e+000 6.300e+001 8.846e+001-9.498e+002 3.054e+001 5.361e+001-3.936e+002 2.072e+004-7.022e+002-4.362e+002-5.628e+001-3.753e+002 6.132e+001-1.218e+001 1.160e+001-2.217e+003 7.254e+001 5.670e+002
 1.750e+002 2.930e+000 7.800e+001 1.671e+002-1.558e+003 4.842e+001 6.324e+001-7.174e+002 2.989e+004-1.140e+003-1.060e+002-1.054e+002-4.567e+002 1.091e+002-1.016e+001 4.097e+001-2.896e+003 9.727e+001 7.764e+002
 1.880e+002 2.930e+000 7.800e+001 4.081e+002-2.490e+003 5.802e+001-6.023e+001-2.451e+003 4.892e+004-1.585e+003 1.591e+003-2.127e+002 3.453e+001 1.716e+002 5.654e+001 4.061e+002-5.961e+003-2.648e+001 1.465e+003
 2.000e+002 2.930e+000 8.700e+001 7.518e+003-2.762e+003-1.637e+003-8.312e+003-6.070e+004 5.558e+005 1.226e+004 6.713e+004-2.270e+003 1.541e+004 1.275e+003 6.603e+003 1.707e+004-1.485e+005-2.526e+003 5.245e+004
 2.130e+002 2.930e+000 7.800e+001 6.168e+002-5.566e+003 2.162e+002 2.584e+002-2.488e+003 8.299e+004-4.177e+003-1.119e+003-3.575e+002-1.755e+003 3.730e+002-8.647e+001 1.971e+002-8.184e+003 2.868e+002 2.042e+003
 2.250e+002 2.930e+000 1.200e+002 1.800e+003-1.935e+004 8.657e+002 1.034e+003-3.803e+003 2.338e+005-1.581e+004-8.465e+003-1.297e+003-7.468e+003 1.418e+003-4.329e+002-5.263e+002-1.400e+004 1.113e+003 2.290e+003
 2.380e+002 2.930e+000 9.600e+001 7.839e+003-8.390e+004 3.930e+003 4.596e+003-1.473e+004 9.398e+005-6.797e+004-3.960e+004-5.677e+003-3.212e+004 6.151e+003-1.843e+003-2.890e+003-4.670e+004 4.572e+003 4.695e+003
 2.500e+002 2.930e+000 9.600e+001 2.238e+005-2.364e+006 1.125e+005 1.359e+005-4.076e+005 2.583e+007-1.908e+006-1.139e+006-1.617e+005-9.016e+005 1.743e+005-5.512e+004-8.453e+004-1.304e+006 1.308e+005 1.195e+005
 2.630e+002 2.930e+000 9.600e+001 6.720e+003-6.858e+004 3.293e+003 3.535e+003-1.235e+004 7.412e+005-5.484e+004-3.033e+004-4.820e+003-2.561e+004 5.145e+003-1.301e+003-2.298e+003-3.555e+004 3.548e+003 3.836e+003
 2.750e+002 2.930e+000 1.110e+002 1.572e+003-1.570e+004 7.467e+002 8.298e+002-3.788e+003 1.923e+005-1.206e+004-5.629e+003-1.065e+003-5.850e+003 1.146e+003-2.914e+002-3.102e+002-1.313e+004 8.206e+002 2.081e+003
 2.880e+002 2.930e+000 9.300e+001 6.314e+002-5.488e+003 2.156e+002 1.677e+002-3.930e+003 1.369e+005-3.249e+003 1.980e+003-3.447e+002-1.946e+003 3.800e+002 3.337e+001 4.264e+002-1.863e+004 3.421e+002 3.842e+003
 3.000e+002 2.930e+000 9.600e+001 2.488e+003-1.165e+004-3.433e+002-1.407e+003-6.230e+004 1.833e+006 1.200e+004 9.409e+004-2.703e+001-4.570e+003 3.598e+002 2.712e+003 1.288e+004-3.676e+005 1.698e+003 8.033e+004
 3.130e+002 2.930e+000 6.600e+001 1.724e+002-1.847e+003 4.592e+001 9.111e+001-1.412e+003 6.481e+004-8.287e+002 1.204e+003-8.696e+001-8.098e+002 1.270e+002 2.965e+001 1.982e+002-1.047e+004 1.954e+002 2.342e+003
 3.250e+002 2.930e+000 9.900e+001 1.692e+002-1.451e+003 1.629e+001-8.641e+000-4.454e+002 3.053e+004-1.460e+003-5.271e+002-1.201e+002-4.590e+002 2.052e+002-5.823e+001-1.287e+001-3.963e+003 2.722e+002 1.395e+003
 3.380e+002 2.930e+000 7.500e+001 1.471e+002-1.588e+003-7.726e+001-5.645e+001 7.268e+002 3.943e+004-4.277e+003-6.390e+003-2.087e+002-1.296e+003 6.667e+002-4.306e+002-3.600e+002-6.134e+003 1.179e+003 2.958e+003
 3.500e+002 2.930e+000 9.600e+001 2.411e+003-3.307e+004-2.867e+003-1.542e+003 3.189e+004 1.016e+006-1.371e+005-2.260e+005-5.994e+003-5.426e+004 2.260e+004-1.600e+004-1.318e+004-2.041e+005 4.393e+004 9.840e+004
 3.630e+002 2.930e+000 7.800e+001 1.355e+002-1.679e+003-5.099e+001 7.214e+000 7.825e+002 4.645e+004-4.975e+003-7.270e+003-2.586e+002-2.691e+003 8.752e+002-4.731e+002-4.138e+002-8.949e+003 1.640e+003 3.810e+003
 3.750e+002 2.930e+000 6.300e+001 5.135e+001-4.781e+002 4.191e+000 1.891e+001-8.548e+001 1.343e+004-8.346e+002-1.043e+003-5.616e+001-6.457e+002 1.682e+002-5.870e+001-4.342e+001-2.476e+003 3.090e+002 8.786e+002
 3.880e+002 2.930e+000 7.200e+001 6.204e+001-5.459e+002 1.316e+001 3.500e+001-5.565e+002 2.078e+004-4.836e+002-1.226e+002-3.352e+001-5.030e+002 9.007e+001-2.616e+001 7.251e+001-3.630e+003 1.754e+002 9.093e+002
 4.000e+002 2.930e+000 6.600e+001 3.829e+002-4.484e+003 1.324e+002 9.353e+002-7.364e+003 2.094e+005-2.986e+003-3.868e+003-3.713e+001-1.582e+003 1.037e+002-4.868e+002 1.300e+003-4.019e+004 4.233e+002 8.254e+003
 4.130e+002 2.930e+000 7.200e+001 7.541e+001-4.554e+002 1.335e+001 3.227e+001-1.380e+003 3.693e+004-1.986e+002 6.056e+002-5.431e+000-4.677e+002 4.116e+001-4.442e-001 2.672e+002-7.470e+003 1.357e+002 1.821e+003
 4.250e+002 2.930e+000 6.900e+001 1.111e+002-4.247e+002-3.389e+000-3.983e+001-2.301e+003 5.856e+004 2.514e+002 2.738e+003 7.170e+000-5.934e+002 3.468e+001 5.484e+001 4.938e+002-1.246e+004 1.690e+002 2.952e+003
 4.380e+002 2.930e+000 9.600e+001 5.110e+002-2.299e+003-4.512e+001-1.633e+002-1.186e+004 2.999e+005 1.586e+003 1.512e+004 7.223e+001-2.093e+003 5.480e+001 2.645e+002 2.537e+003-6.147e+004 5.314e+002 1.359e+004
 4.500e+002 2.930e+000 9.600e+001 2.645e+004-1.393e+005-2.061e+003-4.801e+003-6.317e+005 1.586e+007 7.260e+004 8.385e+005 4.339e+003-9.457e+004 9.817e+002 1.001e+004 1.373e+005-3.262e+006 2.328e+004 7.158e+005
 4.630e+002 2.930e+000 1.200e+002 7.443e+002-4.237e+003-2.909e+001-8.398e+001-1.732e+004 4.399e+005 1.421e+003 2.281e+004 9.326e+001-2.575e+003 5.130e+001 1.815e+002 3.638e+003-8.733e+004 6.143e+002 1.873e+004
 4.750e+002 2.930e+000 9.000e+001 1.250e+002-7.754e+002 1.767e+000-4.609e-001-2.696e+003 7.033e+004 1.162e+002 3.391e+003 5.631e+000-4.679e+002 2.242e+001 2.677e+001 5.571e+002-1.383e+004 1.134e+002 3.033e+003
 4.880e+002 2.930e+000 8.400e+001 7.743e+001-4.768e+002 1.797e+000-4.484e+000-1.576e+003 4.231e+004 7.989e+001 1.965e+003 9.673e-002-3.176e+002 1.961e+001 2.899e+001 3.183e+002-8.225e+003 8.467e+001 1.846e+003
 5.000e+002 2.930e+000 8.400e+001 1.307e+002-2.941e+003 3.781e+001 3.752e+002-2.675e+003 1.761e+005 4.477e+002 2.822e+003 2.429e+001-2.404e+003 5.182e+001 6.834e+001 4.980e+002-2.898e+004 4.047e+002 5.043e+003
 5.130e+002 2.930e+000 1.140e+002 1.315e+002-7.933e+002-2.621e+000-1.042e+001-2.760e+003 7.199e+004 2.290e+002 3.440e+003 7.398e+000-4.953e+002 2.155e+001 4.716e+001 5.481e+002-1.351e+004 1.204e+002 2.920e+003
 5.250e+002 2.930e+000 9.600e+001 2.168e+002-1.082e+003-1.865e+001-7.103e+001-4.738e+003 1.148e+005 6.357e+002 6.332e+003 2.558e+001-7.263e+002 2.167e+001 9.954e+001 9.575e+002-2.197e+004 1.881e+002 4.691e+003
 5.380e+002 2.930e+000 9.600e+001 8.433e+002-4.077e+003-9.002e+001-2.197e+002-1.898e+004 4.533e+005 2.732e+003 2.357e+004 1.254e+002-2.668e+003 4.558e+001 4.034e+002 3.860e+003-8.720e+004 6.622e+002 1.810e+004
 5.500e+002 2.930e+000 9.600e+001 1.968e+005-9.252e+005-2.286e+004-5.943e+004-4.404e+006 1.029e+008 6.601e+005 5.616e+006 3.146e+004-5.975e+005 7.746e+003 9.666e+004 9.122e+005-2.014e+007 1.529e+005 4.248e+006
 5.630e+002 2.930e+000 1.200e+002 1.440e+003-6.748e+003-1.616e+002-4.118e+002-3.167e+004 7.346e+005 4.655e+003 3.941e+004 2.131e+002-4.196e+003 6.708e+001 6.947e+002 6.486e+003-1.422e+005 1.076e+003 2.979e+004
 5.750e+002 2.930e+000 9.600e+001 1.908e+002-8.973e+002-1.669e+001-5.216e+001-3.971e+003 9.050e+004 5.173e+002 4.823e+003 2.099e+001-5.197e+002 1.492e+001 8.099e+001 7.973e+002-1.714e+004 1.317e+002 3.591e+003
 5.880e+002 2.930e+000 9.300e+001 9.069e+001-4.346e+002-5.440e+000-2.349e+001-1.796e+003 4.087e+004 1.991e+002 2.111e+003 6.454e+000-2.486e+002 1.082e+001 3.850e+001 3.478e+002-7.539e+003 6.466e+001 1.595e+003
 6.000e+002 2.930e+000 9.900e+001 6.040e+002-3.524e+003-6.542e+001-9.100e+002-1.357e+004 3.300e+005 1.941e+003 3.901e+004 6.782e+001-1.306e+003 2.600e+001 2.557e+002 3.116e+003-6.581e+004 5.040e+002 1.805e+004
 6.130e+002 2.930e+000 7.500e+001 3.395e+001-1.897e+002-4.284e-001-4.530e+000-5.797e+002 1.280e+004 3.530e+001 6.294e+002-1.994e-001-6.695e+001 5.195e+000 9.535e+000 1.075e+002-2.195e+003 1.586e+001 4.649e+002
 6.250e+002 2.930e+000 7.800e+001 2.474e+001-1.084e+002-6.604e-001-1.223e+001-4.077e+002 8.643e+003 2.788e+001 5.137e+002-1.538e+000-4.196e+001 5.594e+000 1.043e+001 7.274e+001-1.490e+003 1.558e+001 3.552e+002
 6.380e+002 2.930e+000 5.700e+001 1.697e+001-8.175e+001-5.404e-001-6.837e+000-2.475e+002 5.522e+003 5.577e+000 2.887e+002-2.322e+000-3.224e+001 5.160e+000 4.905e+000 4.354e+001-8.883e+002 9.791e+000 1.941e+002
 6.500e+002 2.930e+000 6.000e+001 1.289e+003-3.671e+004 1.227e+003 7.104e+003-5.274e+004 3.292e+006-4.102e+004-8.787e+004 3.568e+002-5.151e+004 1.336e+003-5.045e+003 7.389e+003-5.174e+005 9.202e+003 8.417e+004
 6.630e+002 2.930e+000 7.200e+001 1.738e+001-1.119e+002 6.910e-001 9.177e-001-2.916e+002 6.879e+003 3.455e+000 3.149e+002-4.250e-001-4.924e+001 3.819e+000 3.016e+000 5.209e+001-1.107e+003 1.094e+001 2.324e+002
 6.750e+002 2.930e+000 6.900e+001 1.405e+001-8.218e+001 6.771e-001-1.713e+000-1.988e+002 4.337e+003-6.927e+000 2.015e+002-2.359e+000-1.887e+001 3.951e+000 2.886e+000 3.130e+001-6.394e+002 4.433e+000 1.300e+002
 6.880e+002 2.930e+000 7.500e+001 1.175e+001-6.729e+001 6.365e-001-2.046e+000-1.709e+002 3.930e+003 3.761e+000 1.993e+002-1.492e+000-2.506e+001 3.516e+000 3.117e+000 2.877e+001-6.118e+002 5.553e+000 1.295e+002
 7.000e+002 2.930e+000 7.200e+001 3.490e+001-7.754e+002 2.905e+001 1.369e+002-4.963e+002 2.958e+004-3.231e+002-2.203e+003 1.357e+000-9.126e+002 3.778e+001 3.476e+001 1.075e+001-4.468e+003 1.716e+002 9.446e+002
 7.130e+002 2.930e+000 5.100e+001 6.054e+000-3.010e+001 2.592e-001 1.137e-002-8.202e+001 1.735e+003-6.856e-001 6.845e+001-9.470e-001-7.902e+000 1.961e+000 1.836e+000 1.459e+001-2.941e+002 3.603e+000 8.018e+001
 7.250e+002 2.930e+000 5.700e+001 6.110e+000-2.113e+001 1.122e-001-1.867e+000-7.656e+001 1.533e+003 3.994e+000 6.742e+001-1.672e+000 8.001e-001 2.303e+000 2.715e+000 1.235e+001-2.299e+002 7.156e-001 5.041e+001
 7.380e+002 2.930e+000 3.900e+001 3.257e+000-1.292e+001-7.327e-002 1.873e-001-4.410e+001 9.638e+002 2.806e+000 2.362e+001-7.402e-001-2.101e+000 1.191e+000 7.643e-001 7.108e+000-1.376e+002 7.724e-001 3.351e+001
 7.500e+002 2.930e+000 8.700e+001 1.383e+002 1.419e+001-6.725e+001-4.938e+001-1.822e+003 2.703e+004 9.199e+002 3.331e+002-5.288e+001 5.524e+002 6.379e+001 1.806e+002 3.087e+002-4.339e+003-7.501e+001 8.908e+002
 7.630e+002 2.930e+000 6.600e+001 7.089e+000-2.685e+001-2.103e-001-5.118e+000-7.628e+001 1.533e+003 3.270e+000 1.038e+002-2.642e+000-3.076e+000 3.868e+000 4.928e+000 1.148e+001-2.108e+002 2.165e+000 5.380e+001
 7.750e+002 2.930e+000 4.500e+001 3.062e+000-1.210e+001 1.640e-002-1.769e+000-3.617e+001 9.640e+002 3.020e+000 2.693e+001-9.497e-001-7.835e+000 1.855e+000 3.104e+000 4.861e+000-1.231e+002 1.414e+000 3.237e+001
 7.880e+002 2.930e+000 4.800e+001 6.012e+000-1.869e+001 1.081e+000-9.587e+000-4.855e+001 1.331e+003 1.936e+001 4.631e+001-2.901e+000-2.059e+001 6.186e+000 1.073e+001 1.090e+001-1.653e+002-3.447e+000 7.056e+001
 8.000e+002 2.930e+000 9.000e+001 4.568e+001-2.365e+002-5.554e+000-5.408e+001-5.112e+002 9.671e+003 3.825e+001 1.107e+003-2.237e+001 1.845e+002 2.287e+001 6.160e+001 1.224e+002-1.422e+003-4.294e+001 5.280e+002
 8.130e+002 2.930e+000 6.000e+001 6.569e+000-2.509e+001-3.072e-003-7.051e+000-6.722e+001 1.522e+003 5.104e+000 8.531e+001-2.609e+000-8.138e+000 3.931e+000 8.026e+000 1.100e+001-2.246e+002 4.017e+000 9.848e+001
 8.250e+002 2.930e+000 3.900e+001 8.235e+000-2.084e+001 9.902e-002-1.360e+001-7.152e+001 1.678e+003 1.670e+001 5.108e+001-3.599e+000-8.600e+000 4.893e+000 1.418e+001 9.550e+000-2.338e+002 1.490e+000 1.116e+002
 8.380e+002 2.930e+000 9.000e+001 3.964e+001 1.482e+002-5.610e+000-1.650e+002-1.881e+002 4.979e+003 2.336e+002 2.872e+002-3.161e+001-8.484e+000 3.633e+001 1.708e+002 5.949e+001-1.513e+003-5.335e+000 1.015e+003
 8.500e+002 2.930e+000 9.600e+001 1.114e+003 5.100e+003-6.331e+001-5.525e+003-1.006e+003 4.080e+004 5.363e+003-1.348e+002-1.071e+003-5.117e+001 1.085e+003 5.500e+003 8.262e+002-2.949e+004-3.601e+002 2.906e+004
 8.630e+002 2.930e+000 5.400e+001 2.644e+001 4.204e+001 2.658e-001-9.948e+001-6.701e+001 2.087e+003 7.243e+001 1.204e+002-2.123e+001-1.774e+001 2.234e+001 9.299e+001 1.446e+001-5.708e+002 2.120e+000 5.069e+002
 8.750e+002 2.930e+000 3.900e+001 7.881e+000-7.187e+000-9.644e-001-1.968e+001-6.768e+001 1.400e+003 2.308e+001 1.274e+002-3.449e+000-1.574e+000 4.354e+000 1.717e+001 1.071e+001-2.508e+002 5.738e+000 1.404e+002
 8.880e+002 2.930e+000 8.100e+001 1.239e+001-5.930e+001-1.844e+000-2.224e+001-1.283e+002 3.447e+003 2.637e+001 2.319e+002-4.198e+000-1.223e+001 7.829e+000 1.855e+001 1.430e+001-2.445e+002 1.144e+001 1.633e+002
 9.000e+002 2.930e+000 7.200e+001 4.643e+001-2.036e+002-1.913e+001-6.870e+001-7.566e+002 1.684e+004 3.470e+002 1.523e+003-2.952e+000-1.053e+002 3.175e+001 7.414e+001 1.134e+002-2.432e+003 9.545e+001 7.911e+002
 9.130e+002 2.930e+000 8.100e+001 3.575e+001-2.390e+002 2.220e+000-2.935e+001-3.374e+002 6.364e+003-1.049e+002-7.604e+002-1.484e+001 6.865e+001 1.510e+001 5.661e+001-9.796e+001 7.939e+002 1.017e+002 1.248e+003
 9.250e+002 2.930e+000 5.700e+001 1.451e+001-1.263e+002-3.792e+000-1.347e+001-1.788e+002 4.858e+003 6.180e+001 4.117e+002-1.571e+000 2.307e+001 4.792e+000 1.244e+001 2.650e+001-3.941e+002 9.680e+000 1.424e+002
 9.380e+002 2.930e+000 1.350e+002 7.537e+001-7.725e+002-3.250e+001-1.013e+002-1.025e+003 2.470e+004 5.299e+002 3.143e+003 7.564e+000 1.752e+002 2.502e+001 6.740e+001 1.729e+002-1.594e+003 9.126e+001 7.728e+002
 9.500e+002 2.930e+000 9.600e+001 1.322e+003-1.469e+004-7.070e+002-1.877e+003-1.765e+004 4.137e+005 1.178e+004 6.054e+004 2.317e+002 4.261e+003 4.723e+002 1.436e+003 3.307e+003-2.612e+004 1.803e+003 1.225e+004
 9.630e+002 2.930e+000 9.000e+001 4.682e+001-5.356e+002-2.089e+001-5.964e+001-6.254e+002 1.637e+004 3.772e+002 2.050e+003 8.387e+000 6.170e+001 2.050e+001 4.234e+001 1.185e+002-1.223e+003 7.876e+001 5.409e+002
 9.750e+002 2.930e+000 7.800e+001 1.124e+001-1.390e+002-1.544e+000-6.251e+000-1.730e+002 5.275e+003 7.601e+001 5.364e+002 1.733e+000-2.801e+001 4.897e+000 9.164e+000 2.984e+001-5.264e+002 2.311e+001 2.094e+002
 9.880e+002 2.930e+000 8.400e+001 8.563e+000-1.019e+002 1.476e+000 1.439e+001-1.025e+002 3.613e+003 2.507e+001 2.181e+002 1.882e-001-6.504e+001 7.922e+000 1.304e+001 1.486e+001-7.650e+002 5.145e+001 5.391e+002
 1.000e+003 2.930e+000 3.270e+002 1.125e+002-1.007e+003 4.705e+001-2.898e+001-1.241e+003 4.524e+004-1.023e+002-3.425e+003-4.528e+001-7.859e+002 1.349e+002 3.610e+002-2.718e+002-1.358e+003 5.728e+002 7.472e+003
 1.130e+003 2.930e+000 3.990e+002 8.745e+001-1.683e+003-6.879e+000-1.169e+002-1.282e+003 1.056e+005 1.538e+003-1.293e+004-1.132e+001 3.791e+002 9.769e+001 5.341e+001-4.006e+002 8.819e+003 6.943e+001 6.295e+003
 1.250e+003 2.930e+000 5.220e+002 3.399e+002 9.556e+002-1.878e+002-6.776e+002-5.369e+002 4.150e+004 1.404e+003 8.342e+002-4.914e+002-2.529e+003 1.053e+003 5.313e+002-1.110e+003-1.789e+003 2.323e+003 9.243e+003
 1.380e+003 2.930e+000 7.380e+002 1.628e+002-6.460e+002 2.409e+001-1.625e+002-2.548e+003 5.327e+004-6.576e+002-6.908e+002-1.101e+002 1.001e+003 1.389e+002 2.552e+002-4.032e+002 7.477e+003 3.317e+002 4.197e+003
 1.500e+003 2.930e+000 7.200e+001 3.799e+001-3.116e+002-2.862e+000-7.650e+000-9.295e+002 2.854e+004 2.925e+001-1.208e+003 7.159e+000-4.129e+002 3.129e+001 1.882e+002 5.368e+001-1.334e+003 1.019e+002 1.587e+003
 1.630e+003 2.930e+000 7.200e+001 5.044e+001-5.577e+002 6.771e+000-1.435e+002-1.023e+003 2.940e+004-3.262e+002 7.178e+002-1.697e+001 9.517e+001 2.034e+001 1.414e+002-1.114e+002 3.279e+003 6.684e+001 1.302e+003
 1.750e+003 2.930e+000 4.800e+001 3.171e+002-2.346e+003-3.902e+001-1.367e+003-5.987e+003 1.368e+005-2.703e+002 2.063e+004-1.428e+002 2.513e+003 1.058e+002 7.729e+002-3.796e+002 1.525e+004 4.815e+002 8.066e+003
 1.880e+003 2.930e+000 7.200e+001 5.864e+002-5.572e+003 6.318e+001-2.044e+003-9.600e+003 2.720e+005-3.529e+003-4.782e+003-3.126e+002 2.740e+001 5.063e+002 3.017e+003-1.747e+003 2.959e+004 1.899e+003 2.572e+004
 2.000e+003 2.930e+000 7.200e+001 1.150e+003-9.646e+003-2.383e+001-2.073e+003-2.641e+004 7.017e+005-2.396e+002 3.798e+004-1.022e+002 1.925e+003 4.271e+001 2.635e+002-1.019e+003 3.977e+004 2.134e+002 5.546e+003
 2.130e+003 2.930e+000 4.800e+001 1.809e+002-1.806e+003 9.969e+000-3.015e+002-4.041e+003 1.114e+005-3.325e+002 4.588e+003-1.395e+001 8.255e+001 8.304e+000 5.335e+001-1.839e+002 6.927e+003 8.658e+000 8.177e+002
 2.250e+003 2.930e+000 7.200e+001 5.637e+001-5.297e+002 1.708e+000-1.059e+002-1.197e+003 3.160e+004-7.092e+001 1.514e+003-5.386e+000 3.071e+001 5.431e+000 3.278e+001-5.379e+001 1.887e+003 1.882e+001 4.340e+002
 2.380e+003 2.930e+000 7.200e+001 5.255e+001-6.937e+002 2.734e+001-1.134e+002-6.838e+002 2.624e+004-7.011e+002-5.881e+003-3.439e+001-6.021e+002 9.728e+001 5.642e+002-3.164e+002 1.736e+003 4.411e+002 5.348e+003
 2.500e+003 2.930e+000 4.800e+001 2.023e+001-2.425e+002 9.001e+000-3.804e+001-2.742e+002 8.064e+003-2.442e+002-1.352e+003-1.179e+001-7.963e+001 2.364e+001 1.343e+002-1.086e+002 1.200e+003 1.087e+002 1.287e+003
 2.630e+003 2.930e+000 7.200e+001 2.546e+001-1.691e+002 5.568e-001-5.620e+001-4.341e+002 9.608e+003-4.183e+001 3.886e+002-7.313e+000 4.553e+001 7.919e+000 4.529e+001-3.936e+001 6.643e+002 3.358e+001 4.259e+002
 2.750e+003 2.930e+000 7.200e+001 1.032e+001-9.948e+001 1.547e+000-2.171e+001-1.618e+002 3.830e+003-4.849e+001 5.936e+000-3.004e+000 1.106e+001 2.825e+000 1.780e+001-2.622e+001 5.196e+002 1.132e+001 1.827e+002
 2.880e+003 2.930e+000 4.800e+001 7.869e+000-5.469e+001 3.229e-001-1.235e+001-1.410e+002 3.015e+003-1.039e+001 1.434e+002-1.042e+000 9.122e+000 8.341e-001 4.482e+000-8.494e+000 2.030e+002 3.161e+000 5.073e+001
 3.000e+003 2.930e+000 7.200e+001 2.910e+001-1.971e+002 1.414e-001-1.023e+002-3.867e+002 7.008e+003-8.865e+001 6.097e+002-1.310e+001 1.326e+002 9.267e+000 6.167e+001-8.406e+001 1.590e+003 5.531e+001 7.764e+002
 3.130e+003 2.930e+000 7.200e+001 7.190e+000-5.004e+001 5.771e-001-1.102e+001-1.214e+002 2.508e+003-1.697e+001 7.684e+001-1.352e+000 1.038e+001 1.202e+000 6.163e+000-1.286e+001 2.513e+002 5.622e+000 7.386e+001
 3.250e+003 2.930e+000 4.800e+001 6.992e+000-4.636e+001 6.025e-001-5.020e+000-1.224e+002 2.514e+003-1.156e+001 2.915e+001-5.096e-001 3.787e-001 7.412e-001 3.018e+000-8.768e+000 1.597e+002 3.402e+000 3.899e+001
 3.380e+003 2.930e+000 7.200e+001 1.936e+001-1.140e+002 5.180e-001-2.520e+001-3.332e+002 6.505e+003-2.088e+001 2.869e+002-2.329e+000 3.252e+001 7.461e-001 4.909e+000-2.428e+001 5.513e+002 3.894e+000 7.793e+001
 3.500e+003 2.930e+000 7.200e+001 2.145e+002-1.110e+003 2.947e-001-2.641e+002-3.989e+003 8.006e+004-9.310e+001 3.530e+003-1.728e+001 3.137e+002 1.943e+000 2.280e+001-2.651e+002 6.276e+003 2.299e+001 6.686e+002
 3.630e+003 2.930e+000 4.800e+001 1.685e+002-8.167e+002 6.488e+000-1.571e+002-2.766e+003 4.950e+004-1.981e+002 1.492e+003-1.915e+001 2.801e+002 2.678e+000 2.683e+001-2.237e+002 4.425e+003 2.061e+001 4.550e+002
 3.750e+003 2.930e+000 7.200e+001 3.389e+001-1.662e+002 1.134e+000-3.056e+001-5.870e+002 1.106e+004-3.802e+001 3.097e+002-3.703e+000 5.480e+001 9.596e-001 5.327e+000-4.190e+001 8.627e+002 6.091e+000 1.036e+002
 3.880e+003 2.930e+000 7.200e+001 6.886e+001-2.855e+002-4.523e-001-7.339e+001-1.193e+003 2.194e+004-3.385e+001 8.746e+002-1.007e+001 1.725e+002 2.627e+000 8.462e+000-9.481e+001 1.938e+003 2.417e+001 3.250e+002
 4.000e+003 2.930e+000 4.800e+001 2.721e+001-9.548e+001 1.166e+000-3.647e+001-5.065e+002 1.004e+004-2.572e+001 7.266e+002 4.738e+000-1.402e+002 1.176e+001-3.254e+001 4.425e+001-1.202e+003 1.120e+002 1.229e+003
 4.130e+003 2.930e+000 7.200e+001 4.721e+001-1.676e+002-2.706e+000-5.234e+001-8.461e+002 1.583e+004 3.495e+001 7.443e+002-3.937e+000 7.189e+001 1.980e+000 1.304e+000-5.197e+001 1.057e+003 1.943e+001 2.448e+002
 4.250e+003 2.930e+000 7.200e+001 1.812e+001-7.404e+001 2.162e+000-1.519e+000-3.213e+002 6.077e+003-4.638e+001-1.456e+002-1.912e+000 1.842e+001 1.400e+000 7.847e+000-3.547e+001 6.042e+002 8.815e+000 1.265e+002
 4.380e+003 2.930e+000 4.800e+001 1.004e+001-3.835e+001 3.311e-001-5.529e+000-1.785e+002 3.349e+003-8.191e+000 3.427e+001-6.479e-001 7.921e+000 3.574e-001 1.895e+000-1.464e+001 2.688e+002 2.388e+000 4.188e+001
 4.500e+003 2.930e+000 7.200e+001 2.764e+001-9.685e+001 7.639e-002-2.158e+001-5.058e+002 9.649e+003-7.270e+000 2.283e+002-1.664e+000 2.571e+001 6.646e-001 3.850e+000-4.088e+001 8.028e+002 5.270e+000 1.107e+002
 4.630e+003 2.930e+000 7.200e+001 4.542e+000-1.428e+001-7.351e-002-5.488e+000-7.578e+001 1.436e+003-4.087e-001 3.523e+000-6.495e-001-1.575e+000 1.519e+000 8.185e+000-7.037e+000 6.868e+001 8.581e+000 1.023e+002
 4.750e+003 2.930e+000 4.800e+001 3.024e+000-2.327e+000-8.205e-001-2.649e+001-2.313e+001 5.251e+002 3.975e+000-2.646e+001-3.807e+000-8.801e+000 9.486e+000 5.375e+001-1.758e+001-4.082e+001 5.184e+001 5.931e+002
 4.880e+003 2.930e+000 7.200e+001 5.796e+000-5.200e+001 3.395e+000-3.978e+001-2.801e+001 1.012e+003-1.033e+002-7.718e+002-9.373e+000-3.306e+001 2.311e+001 1.424e+002-7.430e+001 4.820e+002 1.281e+002 1.596e+003
 5.000e+003 2.930e+000 7.200e+001 1.521e+000-4.604e+000-2.575e-002-7.973e+000-1.522e+001 3.250e+002-2.903e+000-3.330e+001-1.401e+000-3.762e+000 3.530e+000 1.883e+001-8.014e+000 4.313e+000 1.929e+001 2.113e+002
 5.130e+003 2.930e+000 4.800e+001 1.294e+000 4.636e-001-7.176e-001-4.088e+000-2.498e+001 5.556e+002 1.491e+001 4.575e+001 5.046e-002-8.474e+000 1.269e+000 5.861e+000 2.731e+000-9.316e+001 6.446e+000 6.382e+001
 5.250e+003 2.930e+000 7.200e+001 7.689e-001-2.934e+000 2.632e-002-1.965e+000-1.028e+001 2.291e+002-1.880e-001-2.092e+001-3.349e-001-4.480e+000 1.506e+000 7.809e+000-2.222e+000-1.681e+001 8.054e+000 8.857e+001
 5.380e+003 2.930e+000 7.200e+001 1.854e+000-5.778e+000 1.917e-001-5.143e+000-2.526e+001 4.786e+002-4.266e+000-6.710e+000-1.051e+000 2.885e+000 2.001e+000 1.106e+001-8.405e+000 6.691e+001 1.161e+001 1.350e+002
 5.500e+003 2.930e+000 4.500e+001 1.107e+000-7.757e-001-1.510e-001-6.387e+000-1.100e+001 1.735e+002 2.118e+000 3.249e+001-1.098e+000 4.980e+000 1.870e+000 9.277e+000-6.218e+000 3.476e+001 1.021e+001 1.074e+002
 5.630e+003 2.930e+000 7.200e+001 1.545e+001-6.118e+001 2.956e+000-9.943e+001-1.030e+002 1.118e+003-9.840e+001 1.319e+001-2.049e+001 1.006e+002 3.121e+001 1.748e+002-1.372e+002 1.175e+003 1.802e+002 2.030e+003
 5.750e+003 2.930e+000 7.200e+001 1.223e+001-2.585e+001 1.826e-001-7.003e+001-1.140e+002 1.521e+003-2.787e+001 2.430e+002-1.290e+001 7.277e+001 1.947e+001 1.057e+002-7.840e+001 6.403e+002 1.107e+002 1.214e+003
 5.880e+003 2.930e+000 4.800e+001 1.102e+001-3.084e+001 1.343e+000-7.803e+001-5.129e+001 4.608e+002-5.273e+001 5.488e+000-1.715e+001 5.892e+001 2.928e+001 1.447e+002-1.029e+002 6.077e+002 1.621e+002 1.617e+003
 6.000e+003 2.930e+000 7.200e+001 2.341e+001-7.817e+001 3.187e+000-8.223e+001-2.423e+002 2.976e+003-8.972e+001 3.128e+002-1.797e+001 1.518e+002 1.725e+001 9.515e+001-1.322e+002 1.509e+003 1.051e+002 1.179e+003
 6.130e+003 2.930e+000 7.200e+001 3.454e+000-1.146e+001 4.166e-001-6.182e+000-4.485e+001 7.049e+002-8.825e+000-2.412e+000-1.477e+000 8.068e+000 2.101e+000 1.073e+001-1.359e+001 1.406e+002 1.215e+001 1.332e+002
 6.250e+003 2.930e+000 4.800e+001 9.895e+000-6.129e+001 5.543e+000-1.507e+001-8.939e+001 1.236e+003-1.026e+002-4.151e+002-8.519e+000 3.644e+001 1.138e+001 6.453e+001-8.437e+001 8.209e+002 6.924e+001 7.920e+002
 6.380e+003 2.930e+000 7.200e+001 3.046e+000-1.192e+001 6.455e-001-1.912e+000-4.005e+001 6.213e+002-1.174e+001-4.423e+001-9.449e-001 4.048e+000 1.409e+000 7.070e+000-1.075e+001 1.169e+002 7.706e+000 8.530e+001
 6.500e+003 2.930e+000 7.200e+001 2.466e+000-6.053e+000 2.668e-001-1.804e-001-3.607e+001 5.795e+002-4.432e+000-2.875e+001-1.914e-001-2.323e+000 7.675e-001 3.407e+000-4.376e+000 4.106e+001 3.823e+000 4.109e+001
 6.630e+003 2.930e+000 4.800e+001 2.768e+000-1.330e+001 9.404e-001-5.393e+000-2.534e+001 3.505e+002-1.848e+001-7.018e+001-2.149e+000 8.174e+000 3.047e+000 1.503e+001-1.885e+001 1.586e+002 1.844e+001 1.909e+002
 6.750e+003 2.930e+000 7.200e+001 1.969e+000-6.282e+000 2.782e-001-3.061e-001-2.579e+001 3.862e+002-4.708e+000-2.486e+001-4.228e-001 1.672e+000 7.271e-001 3.091e+000-5.251e+000 5.246e+001 4.074e+000 4.138e+001
 6.880e+003 2.930e+000 6.900e+001 1.600e+000-3.638e+000 2.901e-001-4.819e+000-1.437e+001 1.626e+002-5.366e+000 1.304e+001-1.273e+000 7.895e+000 1.657e+000 7.463e+000-9.203e+000 7.838e+001 9.240e+000 9.023e+001
 7.000e+003 2.930e+000 4.800e+001 4.539e-001-9.016e-001 2.260e-002-7.296e-001-5.084e+000 7.441e+001-3.663e-001-1.194e+000-1.688e-001-7.986e-002 4.489e-001 1.628e+000-1.261e+000 5.442e+000 2.240e+000 1.990e+001
 7.130e+003 2.930e+000 7.200e+001 1.456e+000-3.359e+000 1.865e-001-2.419e+000-1.637e+001 2.060e+002-3.539e+000 8.307e+000-6.513e-001 5.037e+000 7.810e-001 3.136e+000-5.314e+000 5.660e+001 4.103e+000 4.005e+001
 7.250e+003 2.930e+000 6.300e+001 8.165e-001-1.691e+000 9.811e-002-1.692e+000-8.169e+000 1.025e+002-1.864e+000 3.395e+000-4.374e-001 2.525e+000 6.711e-001 2.697e+000-3.419e+000 2.969e+001 3.525e+000 3.416e+001
 7.380e+003 2.930e+000 4.500e+001 4.591e-001-9.084e-001 4.975e-002-1.193e+000-4.157e+000 5.377e+001-1.130e+000-2.008e+000-3.512e-001 1.282e+000 6.930e-001 2.593e+000-2.214e+000 1.301e+001 3.545e+000 3.160e+001
 7.500e+003 2.930e+000 7.200e+001 2.000e+000-4.561e+000 2.322e-001-3.481e+000-2.081e+001 2.586e+002-4.846e+000-1.746e+000-9.153e-001 5.136e+000 1.232e+000 5.341e+000-8.234e+000 7.446e+001 7.196e+000 7.442e+001
 7.630e+003 2.930e+000 7.200e+001 1.048e+000-2.172e+000-7.349e-003-4.796e+000-7.015e+000 8.414e+001-2.109e+000 1.369e-001-1.054e+000 2.760e+000 1.991e+000 8.066e+000-7.122e+000 3.385e+001 1.197e+001 1.131e+002
 7.750e+003 2.930e+000 4.800e+001 1.011e+000-1.445e+000 2.037e-002-4.817e+000-7.799e+000 9.051e+001-1.188e+000 1.118e+001-9.625e-001 3.813e+000 1.615e+000 7.698e+000-6.285e+000 3.455e+001 9.333e+000 9.651e+001
 7.880e+003 2.930e+000 7.200e+001 2.491e+000 2.902e-002-2.764e-001-1.585e+001-1.303e+001 1.453e+002 2.294e+000 3.949e+001-3.031e+000 3.716e+000 6.387e+000 2.701e+001-1.794e+001 2.738e+001 3.662e+001 3.427e+002
 8.000e+003 2.930e+000 7.200e+001 4.444e+000-4.340e+000 1.288e+000-2.720e+000-2.929e+001 2.660e+002-1.294e+001-4.282e+001-4.028e+000 1.681e+001 5.857e+000 1.854e+001-3.197e+001 1.846e+002 3.648e+001 3.225e+002
 8.130e+003 2.930e+000 4.800e+001 2.056e+000-4.399e+000-7.345e-002-8.697e+000-1.627e+001 2.082e+002-1.713e+000 8.482e+000-1.758e+000 3.598e+000 3.428e+000 1.441e+001-1.186e+001 5.131e+001 2.017e+001 1.883e+002
 8.250e+003 2.930e+000 6.600e+001 1.719e+000-3.140e+000 1.756e-002-9.726e+000-9.977e+000 1.015e+002-4.554e+000 1.029e+001-2.116e+000 7.026e+000 3.640e+000 1.567e+001-1.292e+001 6.239e+001 2.171e+001 2.080e+002
 8.380e+003 2.930e+000 6.000e+001 2.058e+000-4.606e+000-7.567e-002-3.168e+000-2.400e+001 3.588e+002 8.050e-001-1.070e+001-4.758e-001-4.858e+000 2.097e+000 7.456e+000-4.825e+000 1.075e+001 1.012e+001 9.217e+001
 8.500e+003 2.930e+000 4.800e+001 1.513e+000-9.226e-001-3.069e-001-2.719e+000-1.584e+001 2.080e+002 3.329e+000 1.001e+001-5.519e-001 6.043e-001 1.164e+000 3.249e+000-2.327e+000 3.738e+000 5.086e+000 4.602e+001
 8.630e+003 2.930e+000 6.000e+001 1.076e+000-2.972e-001-2.433e-001-2.641e+000-9.097e+000 1.097e+002 2.148e+000 8.665e+000-7.292e-001 1.660e+000 1.519e+000 3.545e+000-2.099e+000 1.668e+000 5.476e+000 4.583e+001
 8.750e+003 2.930e+000 6.600e+001 2.670e+000-6.218e+000-5.130e-002-5.023e+000-2.613e+001 3.208e+002-1.900e-001 4.213e+001-1.105e+000 3.491e+000 1.956e+000 2.571e+000-2.911e+000 2.236e+001 5.106e+000 4.083e+001
 8.880e+003 2.930e+000 3.900e+001 1.121e+000 1.890e-001-3.296e-001-1.018e+000-9.841e+000 1.290e+002 4.295e+000 3.046e+000-7.411e-001-9.868e-001 2.154e+000 1.562e+000-1.149e+000-2.631e+000 3.705e+000 1.724e+001
 9.000e+003 2.930e+000 6.900e+001 3.827e+000-4.421e+000-6.080e-004-3.591e+000-2.839e+001 3.015e+002-6.437e-001 2.470e+001-3.048e+000 7.897e+000 5.466e+000 1.994e+000-8.283e+000 4.384e+001 1.138e+001 4.656e+001
 9.130e+003 2.930e+000 6.600e+001 2.723e+000-2.111e+000-1.282e-001-1.921e+000-1.299e+001 1.274e+002 3.472e-001-8.073e-001-3.318e+000 5.242e+000 6.242e+000 3.897e+000-5.813e+000 8.123e+000 1.120e+001 3.196e+001
 9.250e+003 2.930e+000 4.500e+001 3.680e+000-5.296e+000 1.386e-001-1.200e+000-3.175e+001 3.821e+002-3.201e+000-8.410e+000-2.209e+000 9.951e-001 4.853e+000 3.409e+000-4.063e+000 1.073e+001 7.817e+000 2.169e+001
 9.380e+003 2.930e+000 6.600e+001 1.987e+000-1.377e+000-6.124e-002-2.143e+000-9.054e+000 1.111e+002-4.944e-001-6.316e+000-2.502e+000-5.328e-001 5.674e+000 5.454e+000-4.267e+000-1.832e+000 9.981e+000 3.130e+001
 9.500e+003 2.930e+000 7.200e+001 4.225e+000-4.074e+000-2.068e-001-2.183e+000-3.167e+001 3.468e+002 2.306e-001 2.255e+000-3.046e+000 5.146e+000 5.690e+000 3.673e+000-5.141e+000 9.414e+000 1.006e+001 2.750e+001
 9.630e+003 2.930e+000 4.800e+001 1.111e+000-2.167e+000 2.485e-001-6.418e-001-8.096e+000 9.824e+001-3.719e+000-8.546e+000-8.226e-001-4.099e-001 2.019e+000 2.798e+000-2.670e+000 1.202e+001 4.059e+000 1.798e+001
 9.750e+003 2.930e+000 6.900e+001 1.219e+000-1.614e+000 9.226e-003-1.239e+000-8.650e+000 9.955e+001-5.218e-001-1.977e+000-8.753e-001 1.149e+000 1.710e+000 2.999e+000-2.693e+000 7.115e+000 4.550e+000 2.399e+001
 9.880e+003 2.930e+000 6.300e+001 1.997e+000-1.947e+000-3.205e-001-2.169e+000-2.125e+001 2.551e+002 3.409e+000 1.667e+001-4.040e-001 1.106e+000 9.389e-001 1.800e+000-6.344e-001-2.264e+000 2.890e+000 1.653e+001
 1.000e+004 2.930e+000 3.420e+002 9.524e+000-1.545e+001-3.498e-001-1.023e+001-9.359e+001 1.060e+003 6.366e-001 4.287e+001-2.313e+000 7.975e+000 4.977e+000 1.237e+001-1.153e+001 7.273e+001 1.925e+001 1.393e+002
 1.130e+004 2.930e+000 6.180e+002 1.253e+001-2.081e+001-9.983e-002-1.770e+001-1.147e+002 1.258e+003-4.168e+000 2.711e+001-4.219e+000 9.636e+000 1.086e+001 3.504e+001-2.323e+001 9.978e+001 4.951e+001 3.855e+002
 1.250e+004 2.930e+000 6.300e+002 8.208e+000-8.247e+000-1.570e+000-3.828e+001-5.013e+001 4.380e+002 4.058e+000 1.067e+002-7.156e+000 2.028e+001 1.654e+001 6.147e+001-3.412e+001 1.121e+002 8.405e+001 6.911e+002
 1.380e+004 2.930e+000 5.670e+002 1.394e+001-1.342e+001-3.301e+000-8.036e+001-7.815e+001 5.488e+002 7.088e+000 3.124e+002-1.458e+001 6.440e+001 2.417e+001 9.849e+001-6.646e+001 3.358e+002 1.275e+002 1.104e+003
 1.500e+004 2.930e+000 5.850e+002 7.466e+000-1.476e+001 4.850e-001-2.057e+001-4.816e+001 4.150e+002-1.228e+001 1.472e+001-5.091e+000 1.792e+001 9.855e+000 3.850e+001-3.164e+001 1.713e+002 4.966e+001 4.338e+002
 1.630e+004 2.930e+000 5.340e+002 4.170e+000-8.398e+000 7.362e-002-1.302e+001-2.347e+001 2.029e+002-4.039e+000 4.720e+000-2.685e+000 4.993e+000 6.477e+000 2.596e+001-1.632e+001 6.229e+001 3.175e+001 2.879e+002
 1.750e+004 2.930e+000 4.860e+002 1.109e+001-1.451e+001-1.576e-001-7.148e+001-3.444e+001 1.525e+002-1.612e+001 1.057e+002-1.679e+001 4.563e+001 3.142e+001 1.282e+002-9.136e+001 3.216e+002 1.694e+002 1.459e+003
 1.880e+004 2.930e+000 4.380e+002 3.331e+000-6.703e+000-6.144e-001-1.328e+001-1.426e+001 9.683e+001 3.088e+000 4.270e+001-2.109e+000 5.422e+000 5.855e+000 2.269e+001-9.681e+000 2.423e+001 2.976e+001 2.561e+002
 2.000e+004 2.930e+000 5.970e+002 4.017e+001-2.009e+002 1.030e+001 1.086e+002-2.805e+002 3.060e+003 6.880e+001-6.664e+002 2.399e+001-2.418e+002 2.993e+001 1.036e+002 1.711e+001-8.304e+002 9.209e+001 6.862e+002
 2.130e+004 2.930e+000 3.540e+002 1.229e+000-5.514e+000 2.748e-001 2.079e+000-7.019e+000 7.788e+001 1.670e+000-1.404e+001 5.242e-001-5.595e+000 1.072e+000 2.881e+000-2.554e-003-1.705e+001 2.691e+000 2.004e+001
 2.250e+004 2.930e+000 2.760e+002 2.526e-001-7.086e-001 1.467e-001 3.339e-001-5.338e-001 8.290e+000 4.993e-002-4.781e+000-2.022e-002-1.382e+000 8.089e-001 2.408e+000-7.369e-001-5.019e+000 2.661e+000 2.006e+001
 2.380e+004 2.930e+000 5.400e+002 7.328e+000-1.144e+001-4.322e-001-4.122e+001-2.013e+001 8.225e+001-1.287e+001 3.406e+001-9.770e+000 2.639e+001 1.510e+001 5.758e+001-5.156e+001 1.972e+002 7.967e+001 6.551e+002
 2.500e+004 2.930e+000 3.000e+002 2.408e-001-2.347e-001 6.733e-003-6.103e-001-4.322e-001 4.993e+000 3.072e-001 4.599e-001-1.554e-001-3.167e-001 7.494e-001 2.092e+000-7.801e-001-2.102e+000 2.794e+000 2.000e+001
 2.630e+004 2.930e+000 1.980e+002 9.167e-002-1.116e-001-1.354e-002-4.577e-002-1.963e-001 2.402e+000 2.243e-001 2.297e-001 7.717e-003-2.463e-001 2.228e-001 4.381e-001 3.292e-002-1.418e+000 6.237e-001 3.763e+000
 2.750e+004 2.930e+000 1.530e+002 7.182e-002-1.193e-001-1.145e-002-1.330e-001-1.435e-001 2.038e+000 1.574e-001 3.938e-001-7.484e-003-5.385e-002 1.970e-001 4.348e-001-2.436e-002-2.259e-001 5.696e-001 3.862e+000
 2.880e+004 2.930e+000 1.500e+002 7.039e-002-7.549e-002-2.687e-003-8.467e-002-1.075e-001 8.012e-001 3.089e-002 6.631e-002 1.832e-003-3.699e-002 1.289e-001 2.428e-001 1.059e-002-5.529e-002 2.682e-001 1.844e+000
 3.000e+004 2.930e+000 3.840e+002 1.388e+000-1.142e+000-2.829e-001-9.395e+000-3.657e+000 1.235e+001-9.227e-001 1.790e+001-2.179e+000 6.367e+000 4.109e+000 1.403e+001-1.032e+001 3.649e+001 2.055e+001 1.569e+002
 3.130e+004 2.930e+000 2.040e+002 1.195e-001-8.163e-002-1.546e-002-3.056e-001-3.516e-001 2.135e+000 7.631e-002 1.286e+000-6.485e-002 3.351e-001 1.764e-001 3.455e-001-2.517e-001 1.384e+000 4.916e-001 3.228e+000
 3.250e+004 2.930e+000 1.770e+002 1.337e-001-8.800e-002-2.456e-002-4.304e-001-4.789e-001 2.661e+000 1.055e-001 1.933e+000-8.802e-002 4.556e-001 1.943e-001 3.742e-001-3.450e-001 1.951e+000 6.075e-001 3.875e+000
 3.380e+004 2.930e+000 8.100e+001 2.509e-002-2.010e-002-8.834e-004-1.077e-002-3.120e-002 1.533e-001-8.137e-004 1.228e-002-3.919e-003 7.111e-003 3.354e-002 3.482e-002-1.790e-002 3.564e-002 4.539e-002 2.235e-001
 3.500e+004 2.930e+000 1.950e+002 8.766e-002-3.863e-002-1.703e-002-3.748e-001-1.435e-001 5.955e-001 4.362e-002 8.822e-001-7.991e-002 2.247e-001 2.290e-001 5.465e-001-2.941e-001 8.790e-001 7.635e-001 5.210e+000
 3.630e+004 2.930e+000 1.170e+002 3.089e-002-2.100e-002 1.564e-003-3.076e-002-3.340e-002 3.990e-001 2.460e-002 3.379e-002-1.182e-002-3.448e-002 7.163e-002 1.233e-001-2.286e-002-2.353e-001 1.736e-001 1.013e+000
 3.750e+004 2.930e+000 1.140e+002 2.985e-002-2.098e-002-5.786e-004-5.342e-003-3.065e-002 1.938e-001 7.751e-003-9.554e-003-2.774e-003-1.239e-002 4.251e-002 4.690e-002-2.057e-002-1.941e-002 6.839e-002 3.556e-001
 3.880e+004 2.930e+000 9.900e+001 2.028e-002-1.593e-002 2.935e-003-1.247e-002-2.302e-002 1.467e-001-6.560e-003 2.379e-003-6.259e-003 7.107e-003 3.719e-002 3.833e-002-2.196e-002 4.242e-002 6.955e-002 3.665e-001
 4.000e+004 2.930e+000 1.440e+002 4.294e-002-4.869e-002 1.595e-002-4.734e-003-7.052e-002 3.749e-001-5.351e-002-2.232e-001-1.826e-002 2.812e-003 7.757e-002 1.372e-001-1.143e-001 2.180e-001 1.664e-001 9.570e-001
 4.130e+004 2.930e+000 1.170e+002 2.477e-002-1.370e-002 1.779e-003-2.117e-002-2.540e-002 1.350e-001-2.075e-003 1.697e-002-7.265e-003 7.857e-003 4.998e-002 4.970e-002-3.862e-002 5.870e-002 9.302e-002 4.428e-001
 4.250e+004 2.930e+000 1.290e+002 2.150e-002-1.520e-002-2.124e-004-2.052e-002-2.157e-002 1.605e-001 2.679e-003 1.370e-002-8.188e-003 9.559e-003 5.217e-002 6.665e-002-3.441e-002 4.904e-002 1.111e-001 5.729e-001
 4.380e+004 2.930e+000 1.080e+002 1.932e-002-6.981e-003 1.064e-003-1.235e-002-1.484e-002 1.090e-001-3.800e-003-6.259e-003-4.518e-003 5.147e-003 3.250e-002 2.759e-002-2.162e-002 3.404e-002 5.823e-002 2.733e-001
 4.500e+004 2.930e+000 1.320e+002 1.976e-002-8.279e-003-1.636e-003-1.655e-002-1.840e-002 1.278e-001 1.952e-003 1.287e-002-7.157e-003 6.790e-003 3.422e-002 4.715e-002-1.814e-002 3.015e-002 5.014e-002 2.851e-001
 4.630e+004 2.930e+000 1.320e+002 2.039e-002-9.420e-003 3.621e-003-1.283e-002-2.221e-002 1.171e-001-7.602e-003 8.586e-003-9.726e-003 9.389e-003 4.291e-002 5.245e-002-3.445e-002 4.088e-002 8.259e-002 3.913e-001
 4.750e+004 2.930e+000 2.580e+002 3.014e-001-7.667e-001 1.045e-001 3.986e-002-1.155e+000 7.092e+000-7.542e-001-2.720e+000-1.177e-001 1.666e-001 1.574e-001 3.898e-001-8.920e-001 3.448e+000 5.045e-001 3.477e+000
 4.880e+004 2.930e+000 2.160e+002 1.198e-001-2.349e-001 3.518e-002-3.301e-002-3.888e-001 2.191e+000-2.473e-001-7.110e-001-5.558e-002 1.041e-001 1.007e-001 2.111e-001-3.579e-001 1.295e+000 2.840e-001 1.823e+000
 5.000e+004 2.930e+000 1.830e+002 2.868e-002-1.356e-002 4.152e-003-2.724e-002-2.096e-002 1.416e-001-1.899e-002-8.464e-003-1.475e-002 1.492e-002 5.987e-002 9.240e-002-6.187e-002 1.129e-001 1.128e-001 6.277e-001
 5.130e+004 2.930e+000 1.770e+002 2.670e-002-1.246e-002-3.264e-004-4.757e-002-2.057e-002 1.290e-001-1.626e-002 2.681e-002-1.537e-002 2.252e-002 6.013e-002 9.675e-002-5.302e-002 1.158e-001 1.434e-001 7.375e-001
 5.250e+004 2.930e+000 1.860e+002 2.992e-002-1.474e-002 3.104e-003-4.515e-002-3.201e-002 1.634e-001-2.300e-002 1.334e-002-1.679e-002 3.141e-002 5.845e-002 1.154e-001-6.229e-002 1.756e-001 1.429e-001 8.393e-001
 5.380e+004 2.930e+000 3.360e+002 7.598e-001-2.211e+000-1.348e-001-8.832e-001-3.742e+000 2.624e+001 8.826e-001 5.257e+000 2.817e-002 1.806e-001 1.417e-001 1.870e-001 1.827e-001 1.092e+000 4.824e-001 2.871e+000
 5.500e+004 2.930e+000 3.390e+002 6.834e-002-7.154e-002 1.567e-002-1.179e-001-7.814e-002 4.290e-001-1.069e-001-2.678e-001-6.075e-002 5.268e-002 1.547e-001 3.491e-001-2.945e-001 5.319e-001 5.264e-001 3.278e+000
 5.630e+004 2.930e+000 4.500e+002 3.833e-001-8.243e-001 3.204e-001-3.795e-001-4.155e-001 2.763e+000-1.770e+000-8.226e+000-5.948e-001-1.117e-001 1.414e+000 4.125e+000-3.617e+000 4.879e+000 6.059e+000 3.940e+001
 5.750e+004 2.930e+000 2.910e+002 4.273e-002-2.829e-002 6.304e-004-1.067e-001-4.635e-002 2.111e-001-4.063e-002 1.496e-002-3.728e-002 6.146e-002 9.979e-002 2.152e-001-1.600e-001 3.889e-001 3.160e-001 1.904e+000
 5.880e+004 2.930e+000 2.790e+002 3.368e-002-1.917e-002 3.401e-003-7.182e-002-3.304e-002 2.015e-001-4.157e-002-2.079e-002-2.864e-002 4.284e-002 9.134e-002 1.929e-001-1.181e-001 2.800e-001 2.635e-001 1.522e+000
 6.000e+004 2.930e+000 2.520e+002 3.483e-002-2.345e-002 9.424e-004-7.138e-002-3.662e-002 1.882e-001-2.582e-002 8.836e-003-2.906e-002 3.594e-002 7.845e-002 1.516e-001-1.083e-001 2.202e-001 2.305e-001 1.250e+000
 6.130e+004 2.930e+000 2.310e+002 2.506e-002-1.141e-002-6.329e-004-4.259e-002-2.505e-002 1.144e-001-1.532e-002 2.820e-003-1.716e-002 2.690e-002 5.665e-002 9.690e-002-6.751e-002 1.500e-001 1.492e-001 7.810e-001
 6.250e+004 2.930e+000 2.100e+002 2.368e-002-9.202e-003 3.240e-003-3.330e-002-1.908e-002 9.418e-002-1.796e-002-4.856e-003-1.531e-002 2.030e-002 4.594e-002 8.380e-002-6.589e-002 1.215e-001 1.230e-001 6.615e-001
 6.380e+004 2.930e+000 2.400e+002 1.028e-001-8.171e-002-2.795e-002-4.019e-001-2.889e-001 1.242e+000 2.744e-002 1.140e+000-7.876e-002 2.891e-001 1.146e-001 3.244e-001-2.437e-001 1.172e+000 4.129e-001 2.843e+000
 6.500e+004 2.930e+000 1.830e+002 1.917e-002-1.181e-002 1.199e-003-3.726e-002-1.872e-002 7.898e-002-1.132e-002 1.062e-002-1.240e-002 1.768e-002 3.177e-002 6.207e-002-5.351e-002 1.199e-001 8.660e-002 5.270e-001
 6.630e+004 2.930e+000 1.110e+002 1.098e-002-5.711e-003 7.844e-004-9.366e-003-1.141e-002 4.681e-002-1.643e-003 5.095e-003-4.161e-003 4.601e-003 1.423e-002 1.715e-002-1.802e-002 3.271e-002 2.830e-002 1.496e-001
 6.750e+004 2.930e+000 1.440e+002 1.049e-002-3.358e-003-6.382e-004-1.753e-002-1.156e-002 6.812e-002-3.040e-003 1.275e-002-6.712e-003 8.747e-003 2.081e-002 3.143e-002-2.209e-002 3.857e-002 5.320e-002 2.595e-001
 6.880e+004 2.930e+000 2.250e+002 1.889e-002-1.582e-002 1.367e-002-5.480e-002 2.395e-002 6.413e-001 1.361e-001-6.430e-001-2.609e-002-2.493e-001 1.991e-001 8.206e-001-1.626e-001-1.606e+000 7.207e-001 6.478e+000
 7.000e+004 2.930e+000 1.140e+002 7.658e-003-1.388e-003-1.607e-004-2.966e-003-5.610e-003 3.962e-002-1.498e-003 1.502e-003-1.403e-003 2.546e-003 1.004e-002 6.622e-003-5.148e-003 1.026e-002 1.104e-002 4.143e-002
 7.130e+004 2.930e+000 9.300e+001 4.737e-003-1.640e-003 1.792e-004-1.866e-003-2.522e-003 3.196e-002-3.019e-004 1.422e-003-9.661e-004 1.239e-003 4.632e-003 2.900e-003-2.147e-003 6.204e-003 3.895e-003 1.767e-002
 7.250e+004 2.930e+000 9.600e+001 5.922e-003-2.754e-003 4.326e-004-4.139e-003-7.685e-003 6.707e-002 4.393e-004 6.352e-003-9.797e-004 7.241e-004 4.903e-003 3.802e-003-4.211e-003 5.587e-003 4.155e-003 2.295e-002
 7.380e+004 2.930e+000 7.500e+001 3.931e-003-2.895e-003 9.390e-004 1.113e-004-3.654e-003 2.866e-002-2.485e-003-1.314e-003-5.254e-004-9.639e-004 4.745e-003 1.864e-003-9.679e-004-5.691e-005 2.180e-003 6.627e-003
 7.500e+004 2.930e+000 6.600e+001 3.227e-003-3.255e-003-3.448e-004-4.887e-004-1.910e-003 1.906e-002-8.145e-004-4.519e-004-2.288e-004 8.088e-004 2.420e-003 2.029e-004-4.875e-004 1.352e-003 1.114e-003 4.281e-003
 7.630e+004 2.930e+000 9.300e+001 3.171e-003-2.219e-003 1.169e-004-1.311e-004-2.696e-003 2.442e-002 1.061e-003-1.108e-003-6.469e-005-3.051e-004 3.696e-003 8.584e-004-6.830e-004 1.325e-003 1.106e-003 4.925e-003
 7.750e+004 2.930e+000 8.400e+001 2.879e-003-2.329e-003-4.747e-004-2.512e-004-3.343e-003 1.440e-002 3.877e-004-5.512e-005 1.477e-004 3.896e-004 2.811e-003 6.516e-004-7.420e-005 6.491e-004 1.231e-003 4.307e-003
 7.880e+004 2.930e+000 7.800e+001 2.282e-003-1.114e-003 1.284e-004 7.719e-005-2.809e-003 1.290e-002 7.897e-005 5.365e-004-1.094e-004 8.024e-004 3.095e-003 3.726e-004-2.650e-004 1.145e-006 9.664e-004 3.214e-003
 8.000e+004 2.930e+000 7.500e+001 1.695e-003-9.639e-004-1.417e-005-8.803e-004-1.977e-003 1.637e-002-1.018e-003 1.007e-003-4.802e-004 5.394e-004 2.968e-003 1.146e-003-5.789e-004 3.121e-003 1.582e-003 4.540e-003
 8.130e+004 2.930e+000 8.700e+001 2.927e-003-2.565e-003 2.071e-004-5.981e-005-1.787e-003 1.100e-002-2.622e-004-7.252e-004 2.068e-004-4.500e-005 2.901e-003 9.815e-004-7.747e-004 1.247e-003 9.441e-004 3.893e-003
 8.250e+004 2.930e+000 8.700e+001 2.149e-003-1.056e-003 4.379e-004-9.327e-005-1.141e-003 8.479e-003 1.234e-004 2.041e-004 1.558e-004-7.487e-004 2.542e-003 4.298e-004-1.908e-004-8.689e-007 1.087e-003 3.057e-003
 8.380e+004 2.930e+000 6.600e+001 1.861e-003-5.667e-004 1.286e-004-4.830e-005-1.242e-003 7.542e-003 3.731e-004-3.517e-004-4.837e-005-3.380e-004 1.419e-003 6.789e-004-3.468e-004 6.008e-007 1.031e-003 4.464e-003
 8.500e+004 2.930e+000 8.700e+001 1.968e-003-1.319e-003-1.307e-004-7.967e-004-1.402e-003 1.112e-002 1.295e-004 4.942e-004-2.702e-004 3.007e-004 2.093e-003 9.272e-004-6.327e-004 2.422e-003 1.289e-003 6.028e-003
 8.630e+004 2.930e+000 8.100e+001 1.853e-003-9.734e-004 1.273e-004-1.887e-004-1.472e-003 9.063e-003 1.236e-004 4.854e-004 4.120e-005 1.186e-004 2.139e-003 8.459e-004-4.418e-004 6.350e-004 1.782e-003 6.430e-003
 8.750e+004 2.930e+000 1.050e+002 2.378e-003-1.538e-003-3.883e-004-1.492e-003-2.375e-003 1.445e-002 1.114e-004-5.790e-004-2.516e-004 2.458e-005 2.832e-003 1.344e-003-7.202e-004 2.543e-003 1.969e-003 1.031e-002
 8.880e+004 2.930e+000 1.230e+002 2.257e-003-9.561e-004 2.479e-004 2.419e-004-1.722e-003 1.236e-002-3.293e-004-1.898e-003-2.270e-004-4.518e-004 3.672e-003 3.536e-003-1.493e-003-1.941e-004 4.374e-003 1.940e-002
 9.000e+004 2.930e+000 8.700e+001 2.158e-003-7.045e-004 1.503e-004-5.069e-004-2.051e-003 9.428e-003-1.184e-004 6.078e-004-3.925e-004 2.044e-004 2.581e-003 2.609e-003-1.797e-003 2.797e-003 4.823e-003 2.087e-002
 9.130e+004 2.930e+000 1.440e+002 2.480e-003-5.806e-004-2.276e-004-2.228e-003-1.477e-003 1.531e-002-2.478e-004-2.445e-003-1.103e-003 3.332e-004 5.418e-003 4.148e-003-4.098e-003 1.564e-003 1.344e-002 5.790e-002
 9.250e+004 2.930e+000 1.560e+002 3.384e-003-2.310e-003 4.325e-004 1.641e-004-2.920e-003 2.074e-002-6.888e-004-2.294e-003-9.389e-004 1.502e-004 5.875e-003 6.631e-003-4.249e-003 2.422e-004 1.429e-002 7.121e-002
 9.380e+004 2.930e+000 1.500e+002 2.926e-003-1.455e-003 2.621e-004-1.207e-003-2.202e-003 1.706e-002 5.948e-004 1.080e-003-9.072e-004-1.344e-004 5.456e-003 6.644e-003-4.312e-003 2.773e-004 1.207e-002 5.964e-002
 9.500e+004 2.930e+000 1.680e+002 3.715e-003-1.953e-003 1.513e-004-1.185e-003-3.170e-003 1.905e-002-7.834e-004-5.562e-003-1.108e-003-4.894e-004 5.695e-003 6.844e-003-4.736e-003 1.008e-003 1.065e-002 5.442e-002
 9.630e+004 2.930e+000 0.000e+000 0.000e+000 0.000e+000 0.000e+000 0.000e+000 0.000e+000 0.000e+000 0.000e+000 0.000e+000 0.000e+000 0.000e+000 0.000e+000 0.000e+000 0.000e+000 0.000e+000 0.000e+000 0.000e+000
 9.750e+004 2.930e+000 0.000e+000 0.000e+000 0.000e+000 0.000e+000 0.000e+000 0.000e+000 0.000e+000 0.000e+000 0.000e+000 0.000e+000 0.000e+000 0.000e+000 0.000e+000 0.000e+000 0.000e+000 0.000e+000 0.000e+000
 9.880e+004 2.930e+000 0.000e+000 0.000e+000 0.000e+000 0.000e+000 0.000e+000 0.000e+000 0.000e+000 0.000e+000 0.000e+000 0.000e+000 0.000e+000 0.000e+000 0.000e+000 0.000e+000 0.000e+000 0.000e+000 0.000e+000
 1.000e+005 2.930e+000 0.000e+000 0.000e+000 0.000e+000 0.000e+000 0.000e+000 0.000e+000 0.000e+000 0.000e+000 0.000e+000 0.000e+000 0.000e+000 0.000e+000 0.000e+000 0.000e+000 0.000e+000 0.000e+000 0.000e+000
