 6.250e+000 2.930e+000 0.000e+000 0.000e+000 0.000e+000 0.000e+000 0.000e+000 0.000e+000 0.000e+000 0.000e+000 0.000e+000 0.000e+000 0.000e+000 0.000e+000 0.000e+000 0.000e+000 0.000e+000 0.000e+000 0.000e+000
 7.500e+000 2.930e+000 0.000e+000 0.000e+000 0.000e+000 0.000e+000 0.000e+000 0.000e+000 0.000e+000 0.000e+000 0.000e+000 0.000e+000 0.000e+000 0.000e+000 0.000e+000 0.000e+000 0.000e+000 0.000e+000 0.000e+000
 8.750e+000 2.930e+000 0.000e+000 0.000e+000 0.000e+000 0.000e+000 0.000e+000 0.000e+000 0.000e+000 0.000e+000 0.000e+000 0.000e+000 0.000e+000 0.000e+000 0.000e+000 0.000e+000 0.000e+000 0.000e+000 0.000e+000
 1.000e+001 2.930e+000 0.000e+000 0.000e+000 0.000e+000 0.000e+000 0.000e+000 0.000e+000 0.000e+000 0.000e+000 0.000e+000 0.000e+000 0.000e+000 0.000e+000 0.000e+000 0.000e+000 0.000e+000 0.000e+000 0.000e+000
 1.130e+001 2.930e+000 2.100e+001 6.388e+001-4.152e+003 1.709e+001 9.701e+001-6.483e+003 1.489e+006-1.839e+003 9.418e+004-9.515e-001-6.886e+003 1.290e+002-1.425e+003 7.783e+002-6.506e+004-6.033e+002 3.917e+004
 1.250e+001 2.930e+000 0.000e+000 0.000e+000 0.000e+000 0.000e+000 0.000e+000 0.000e+000 0.000e+000 0.000e+000 0.000e+000 0.000e+000 0.000e+000 0.000e+000 0.000e+000 0.000e+000 0.000e+000 0.000e+000 0.000e+000
 1.380e+001 2.930e+000 0.000e+000 0.000e+000 0.000e+000 0.000e+000 0.000e+000 0.000e+000 0.000e+000 0.000e+000 0.000e+000 0.000e+000 0.000e+000 0.000e+000 0.000e+000 0.000e+000 0.000e+000 0.000e+000 0.000e+000
 1.500e+001 2.930e+000 2.100e+001 5.452e+001-4.088e+003 2.109e+001-4.279e+001-7.850e+003 1.779e+006-4.174e+003 8.183e+004 7.700e+000-2.472e+003 1.091e+002-7.779e+002 6.707e+002-1.181e+005-9.402e+002 2.789e+004
 1.630e+001 2.930e+000 0.000e+000 0.000e+000 0.000e+000 0.000e+000 0.000e+000 0.000e+000 0.000e+000 0.000e+000 0.000e+000 0.000e+000 0.000e+000 0.000e+000 0.000e+000 0.000e+000 0.000e+000 0.000e+000 0.000e+000
 1.750e+001 2.930e+000 2.100e+001 3.410e+001-1.909e+003-5.777e+000 1.605e+002-3.442e+003 6.460e+005-1.256e+003 2.472e+004-1.571e+001 1.417e+003 7.596e+001-7.320e+002 4.684e+002-6.858e+004-7.271e+002 2.365e+004
 1.880e+001 2.930e+000 0.000e+000 0.000e+000 0.000e+000 0.000e+000 0.000e+000 0.000e+000 0.000e+000 0.000e+000 0.000e+000 0.000e+000 0.000e+000 0.000e+000 0.000e+000 0.000e+000 0.000e+000 0.000e+000 0.000e+000
 2.000e+001 2.930e+000 2.100e+001 5.939e+001-4.410e+003-5.625e+000 3.127e+002-6.234e+003 1.094e+006-2.357e+001 1.946e+004-3.738e+000-9.665e+000 5.941e+001-5.336e+002 5.137e+002-8.160e+004-5.832e+002 1.942e+004
 2.130e+001 2.930e+000 0.000e+000 0.000e+000 0.000e+000 0.000e+000 0.000e+000 0.000e+000 0.000e+000 0.000e+000 0.000e+000 0.000e+000 0.000e+000 0.000e+000 0.000e+000 0.000e+000 0.000e+000 0.000e+000 0.000e+000
 2.250e+001 2.930e+000 0.000e+000 0.000e+000 0.000e+000 0.000e+000 0.000e+000 0.000e+000 0.000e+000 0.000e+000 0.000e+000 0.000e+000 0.000e+000 0.000e+000 0.000e+000 0.000e+000 0.000e+000 0.000e+000 0.000e+000
 2.380e+001 2.930e+000 2.100e+001 3.541e+001-1.841e+003-9.168e-001 1.610e+002-3.910e+003 6.575e+005-8.757e+002 1.476e+004-3.006e+000-1.086e+002 4.698e+001-4.661e+002 3.716e+002-6.021e+004-4.445e+002 1.447e+004
 2.500e+001 2.930e+000 0.000e+000 0.000e+000 0.000e+000 0.000e+000 0.000e+000 0.000e+000 0.000e+000 0.000e+000 0.000e+000 0.000e+000 0.000e+000 0.000e+000 0.000e+000 0.000e+000 0.000e+000 0.000e+000 0.000e+000
 2.630e+001 2.930e+000 2.100e+001 5.526e+001-2.355e+003-1.293e+001 1.815e+002-5.706e+003 8.957e+005 1.248e+003 1.409e+004 3.825e+000-8.623e+002 3.910e+001-3.089e+002 3.678e+002-5.283e+004-2.398e+002 1.101e+004
 2.750e+001 2.930e+000 0.000e+000 0.000e+000 0.000e+000 0.000e+000 0.000e+000 0.000e+000 0.000e+000 0.000e+000 0.000e+000 0.000e+000 0.000e+000 0.000e+000 0.000e+000 0.000e+000 0.000e+000 0.000e+000 0.000e+000
 2.880e+001 2.930e+000 2.100e+001 4.472e+001-1.859e+003 1.428e+000 4.227e+001-4.350e+003 6.824e+005-5.321e+002 1.435e+004 3.033e+000-6.317e+002 2.632e+001-2.771e+002 3.047e+002-4.675e+004-1.850e+002 8.381e+003
 3.000e+001 2.930e+000 0.000e+000 0.000e+000 0.000e+000 0.000e+000 0.000e+000 0.000e+000 0.000e+000 0.000e+000 0.000e+000 0.000e+000 0.000e+000 0.000e+000 0.000e+000 0.000e+000 0.000e+000 0.000e+000 0.000e+000
 3.130e+001 2.930e+000 0.000e+000 0.000e+000 0.000e+000 0.000e+000 0.000e+000 0.000e+000 0.000e+000 0.000e+000 0.000e+000 0.000e+000 0.000e+000 0.000e+000 0.000e+000 0.000e+000 0.000e+000 0.000e+000 0.000e+000
 3.250e+001 2.930e+000 2.100e+001 5.083e+001-1.858e+003 2.802e+000-8.741e+000-4.338e+003 6.988e+005-7.735e+001 2.485e+004 3.653e+000-1.278e+003 2.389e+001-2.540e+002 3.616e+002-4.041e+004-1.473e+002 8.207e+003
 3.380e+001 2.930e+000 0.000e+000 0.000e+000 0.000e+000 0.000e+000 0.000e+000 0.000e+000 0.000e+000 0.000e+000 0.000e+000 0.000e+000 0.000e+000 0.000e+000 0.000e+000 0.000e+000 0.000e+000 0.000e+000 0.000e+000
 3.500e+001 2.930e+000 2.100e+001 7.248e+001-2.304e+003-4.404e+000-4.307e+001-6.828e+003 9.565e+005 6.274e+002 1.672e+004 1.106e+001-6.779e+002 2.389e+001-2.251e+002 4.330e+002-5.625e+004-1.244e+002 8.545e+003
 3.630e+001 2.930e+000 0.000e+000 0.000e+000 0.000e+000 0.000e+000 0.000e+000 0.000e+000 0.000e+000 0.000e+000 0.000e+000 0.000e+000 0.000e+000 0.000e+000 0.000e+000 0.000e+000 0.000e+000 0.000e+000 0.000e+000
 3.750e+001 2.930e+000 2.100e+001 9.608e+001-2.662e+003-1.521e+000-1.802e+002-7.152e+003 7.952e+005 3.852e+002 2.649e+004 2.060e+001-1.384e+003 2.154e+001-2.213e+002 3.608e+002-3.978e+004-1.116e+002 7.996e+003
 3.880e+001 2.930e+000 0.000e+000 0.000e+000 0.000e+000 0.000e+000 0.000e+000 0.000e+000 0.000e+000 0.000e+000 0.000e+000 0.000e+000 0.000e+000 0.000e+000 0.000e+000 0.000e+000 0.000e+000 0.000e+000 0.000e+000
 4.000e+001 2.930e+000 0.000e+000 0.000e+000 0.000e+000 0.000e+000 0.000e+000 0.000e+000 0.000e+000 0.000e+000 0.000e+000 0.000e+000 0.000e+000 0.000e+000 0.000e+000 0.000e+000 0.000e+000 0.000e+000 0.000e+000
 4.130e+001 2.930e+000 2.100e+001 1.728e+002-5.135e+003-1.076e+001-1.221e+002-1.106e+004 1.397e+006 1.380e+003 3.310e+004 2.900e+001-1.029e+003 2.474e+001-1.905e+002 5.706e+002-7.923e+004-1.257e+002 1.100e+004
 4.250e+001 2.930e+000 0.000e+000 0.000e+000 0.000e+000 0.000e+000 0.000e+000 0.000e+000 0.000e+000 0.000e+000 0.000e+000 0.000e+000 0.000e+000 0.000e+000 0.000e+000 0.000e+000 0.000e+000 0.000e+000 0.000e+000
 4.380e+001 2.930e+000 2.100e+001 3.868e+002-6.566e+003-4.744e+000-7.515e+002-1.867e+004 1.733e+006 7.093e+002 8.397e+004 7.480e+001-3.634e+003 2.947e+001-3.435e+002 1.093e+003-8.812e+004 7.068e+001 1.242e+004
 4.500e+001 2.930e+000 0.000e+000 0.000e+000 0.000e+000 0.000e+000 0.000e+000 0.000e+000 0.000e+000 0.000e+000 0.000e+000 0.000e+000 0.000e+000 0.000e+000 0.000e+000 0.000e+000 0.000e+000 0.000e+000 0.000e+000
 4.630e+001 2.930e+000 2.100e+001 6.372e+003-3.655e+004-2.621e+002-7.415e+003-1.550e+005 5.878e+006 1.189e+004 2.873e+005 1.279e+003-2.626e+004 2.855e+002-1.380e+003 4.068e+003-2.015e+005 6.778e+002 2.843e+004
 4.750e+001 2.930e+000 0.000e+000 0.000e+000 0.000e+000 0.000e+000 0.000e+000 0.000e+000 0.000e+000 0.000e+000 0.000e+000 0.000e+000 0.000e+000 0.000e+000 0.000e+000 0.000e+000 0.000e+000 0.000e+000 0.000e+000
 4.880e+001 2.930e+000 0.000e+000 0.000e+000 0.000e+000 0.000e+000 0.000e+000 0.000e+000 0.000e+000 0.000e+000 0.000e+000 0.000e+000 0.000e+000 0.000e+000 0.000e+000 0.000e+000 0.000e+000 0.000e+000 0.000e+000
 5.000e+001 2.930e+000 2.100e+001 5.126e+005-1.289e+007-1.367e+004-4.834e+004-1.796e+007 9.561e+008 1.790e+006 4.475e+007 5.187e+004-1.480e+006 5.656e+003 4.074e+004 1.713e+006-5.884e+007 1.745e+005 5.736e+006
 5.130e+001 2.930e+000 0.000e+000 0.000e+000 0.000e+000 0.000e+000 0.000e+000 0.000e+000 0.000e+000 0.000e+000 0.000e+000 0.000e+000 0.000e+000 0.000e+000 0.000e+000 0.000e+000 0.000e+000 0.000e+000 0.000e+000
 5.250e+001 2.930e+000 2.100e+001 4.050e+003 9.291e+003-9.177e+001-8.128e+003-1.223e+005 5.813e+006 1.321e+002 3.112e+005 7.197e+002-1.884e+004 1.384e+002-1.381e+003 2.680e+003-2.718e+005 3.387e+002 3.597e+004
 5.380e+001 2.930e+000 0.000e+000 0.000e+000 0.000e+000 0.000e+000 0.000e+000 0.000e+000 0.000e+000 0.000e+000 0.000e+000 0.000e+000 0.000e+000 0.000e+000 0.000e+000 0.000e+000 0.000e+000 0.000e+000 0.000e+000
 5.500e+001 2.930e+000 0.000e+000 0.000e+000 0.000e+000 0.000e+000 0.000e+000 0.000e+000 0.000e+000 0.000e+000 0.000e+000 0.000e+000 0.000e+000 0.000e+000 0.000e+000 0.000e+000 0.000e+000 0.000e+000 0.000e+000
 5.630e+001 2.930e+000 2.100e+001 3.014e+002-2.652e+003-6.081e+000-4.447e+002-1.654e+004 1.451e+006 2.560e+002 4.921e+004 3.583e+001-1.224e+003 1.292e+001-1.340e+002 1.080e+003-9.766e+004 2.367e+000 1.060e+004
 5.750e+001 2.930e+000 0.000e+000 0.000e+000 0.000e+000 0.000e+000 0.000e+000 0.000e+000 0.000e+000 0.000e+000 0.000e+000 0.000e+000 0.000e+000 0.000e+000 0.000e+000 0.000e+000 0.000e+000 0.000e+000 0.000e+000
 5.880e+001 2.930e+000 2.100e+001 1.738e+002-2.508e+003 2.686e+000-2.678e+002-9.742e+003 9.303e+005-4.608e+002 4.276e+004 2.037e+001-1.356e+003 1.633e+001-2.189e+002 6.758e+002-5.507e+004-8.822e+001 8.639e+003
 6.000e+001 2.930e+000 0.000e+000 0.000e+000 0.000e+000 0.000e+000 0.000e+000 0.000e+000 0.000e+000 0.000e+000 0.000e+000 0.000e+000 0.000e+000 0.000e+000 0.000e+000 0.000e+000 0.000e+000 0.000e+000 0.000e+000
 6.130e+001 2.930e+000 2.100e+001 8.484e+001-1.868e+003-5.956e+000-1.075e+001-4.669e+003 4.328e+005 2.437e+002 1.588e+004 1.180e+001-8.687e+002 1.363e+001-1.270e+002 2.606e+002-2.037e+004-8.275e+001 4.330e+003
 6.250e+001 2.930e+000 0.000e+000 0.000e+000 0.000e+000 0.000e+000 0.000e+000 0.000e+000 0.000e+000 0.000e+000 0.000e+000 0.000e+000 0.000e+000 0.000e+000 0.000e+000 0.000e+000 0.000e+000 0.000e+000 0.000e+000
 6.380e+001 2.930e+000 0.000e+000 0.000e+000 0.000e+000 0.000e+000 0.000e+000 0.000e+000 0.000e+000 0.000e+000 0.000e+000 0.000e+000 0.000e+000 0.000e+000 0.000e+000 0.000e+000 0.000e+000 0.000e+000 0.000e+000
 6.500e+001 2.930e+000 2.100e+001 7.497e+001-1.235e+003-1.830e+000-1.480e+002-5.258e+003 4.745e+005 1.121e+002 1.894e+004 1.372e+001-9.035e+002 1.080e+001-1.115e+002 3.013e+002-2.614e+004-3.574e+001 4.001e+003
 6.630e+001 2.930e+000 0.000e+000 0.000e+000 0.000e+000 0.000e+000 0.000e+000 0.000e+000 0.000e+000 0.000e+000 0.000e+000 0.000e+000 0.000e+000 0.000e+000 0.000e+000 0.000e+000 0.000e+000 0.000e+000 0.000e+000
 6.750e+001 2.930e+000 2.100e+001 4.280e+001-1.232e+003-1.236e-001-5.040e+000-3.071e+003 3.545e+005 1.000e+002 8.790e+003 1.830e+000-1.258e+002 7.396e+000-7.771e+001 2.354e+002-2.141e+004-5.912e+001 3.282e+003
 6.880e+001 2.930e+000 0.000e+000 0.000e+000 0.000e+000 0.000e+000 0.000e+000 0.000e+000 0.000e+000 0.000e+000 0.000e+000 0.000e+000 0.000e+000 0.000e+000 0.000e+000 0.000e+000 0.000e+000 0.000e+000 0.000e+000
 7.000e+001 2.930e+000 2.100e+001 3.374e+001-8.708e+002-1.234e+000 2.818e+001-2.473e+003 2.861e+005 2.594e+001 4.600e+003 1.192e-001-1.810e+001 9.678e+000-9.374e+001 1.830e+002-1.739e+004-9.367e+001 3.203e+003
 7.130e+001 2.930e+000 0.000e+000 0.000e+000 0.000e+000 0.000e+000 0.000e+000 0.000e+000 0.000e+000 0.000e+000 0.000e+000 0.000e+000 0.000e+000 0.000e+000 0.000e+000 0.000e+000 0.000e+000 0.000e+000 0.000e+000
 7.250e+001 2.930e+000 0.000e+000 0.000e+000 0.000e+000 0.000e+000 0.000e+000 0.000e+000 0.000e+000 0.000e+000 0.000e+000 0.000e+000 0.000e+000 0.000e+000 0.000e+000 0.000e+000 0.000e+000 0.000e+000 0.000e+000
 7.380e+001 2.930e+000 2.100e+001 3.696e+001-8.464e+002-1.094e+000-3.092e+001-2.854e+003 2.972e+005-8.263e+001 1.051e+004 3.279e+000-3.167e+002 9.799e+000-1.039e+002 1.684e+002-1.603e+004-7.873e+001 3.135e+003
 7.500e+001 2.930e+000 0.000e+000 0.000e+000 0.000e+000 0.000e+000 0.000e+000 0.000e+000 0.000e+000 0.000e+000 0.000e+000 0.000e+000 0.000e+000 0.000e+000 0.000e+000 0.000e+000 0.000e+000 0.000e+000 0.000e+000
 7.630e+001 2.930e+000 2.100e+001 2.924e+001-5.838e+002-1.508e+000 9.524e+000-2.103e+003 2.105e+005 4.551e+001 4.686e+003 1.354e+000-1.899e+002 8.430e+000-8.027e+001 1.316e+002-1.199e+004-7.283e+001 2.514e+003
 7.750e+001 2.930e+000 0.000e+000 0.000e+000 0.000e+000 0.000e+000 0.000e+000 0.000e+000 0.000e+000 0.000e+000 0.000e+000 0.000e+000 0.000e+000 0.000e+000 0.000e+000 0.000e+000 0.000e+000 0.000e+000 0.000e+000
 7.880e+001 2.930e+000 2.100e+001 3.122e+001-7.921e+002-1.773e-001-1.305e+001-2.330e+003 2.442e+005-9.826e+001 7.197e+003 4.138e+000-3.138e+002 9.142e+000-9.084e+001 1.325e+002-1.268e+004-7.065e+001 2.556e+003
 8.000e+001 2.930e+000 0.000e+000 0.000e+000 0.000e+000 0.000e+000 0.000e+000 0.000e+000 0.000e+000 0.000e+000 0.000e+000 0.000e+000 0.000e+000 0.000e+000 0.000e+000 0.000e+000 0.000e+000 0.000e+000 0.000e+000
 8.130e+001 2.930e+000 0.000e+000 0.000e+000 0.000e+000 0.000e+000 0.000e+000 0.000e+000 0.000e+000 0.000e+000 0.000e+000 0.000e+000 0.000e+000 0.000e+000 0.000e+000 0.000e+000 0.000e+000 0.000e+000 0.000e+000
 8.250e+001 2.930e+000 2.100e+001 2.295e+001-4.732e+002-2.473e-001-1.116e+001-1.810e+003 1.956e+005-1.604e+002 4.177e+003 1.820e+000-5.342e+001 9.118e+000-1.034e+002 1.114e+002-1.394e+004-7.469e+001 2.746e+003
 8.380e+001 2.930e+000 0.000e+000 0.000e+000 0.000e+000 0.000e+000 0.000e+000 0.000e+000 0.000e+000 0.000e+000 0.000e+000 0.000e+000 0.000e+000 0.000e+000 0.000e+000 0.000e+000 0.000e+000 0.000e+000 0.000e+000
 8.500e+001 2.930e+000 2.100e+001 1.858e+001-3.943e+002 2.890e+000-6.236e+001-1.311e+003 1.406e+005-2.503e+002 7.172e+003 2.652e+000-1.608e+002 7.979e+000-9.782e+001 1.136e+002-9.884e+003-6.023e+001 2.390e+003
 8.630e+001 2.930e+000 0.000e+000 0.000e+000 0.000e+000 0.000e+000 0.000e+000 0.000e+000 0.000e+000 0.000e+000 0.000e+000 0.000e+000 0.000e+000 0.000e+000 0.000e+000 0.000e+000 0.000e+000 0.000e+000 0.000e+000
 8.750e+001 2.930e+000 2.100e+001 1.931e+001-4.628e+002-4.118e-001-3.618e+000-1.721e+003 1.909e+005 4.933e+000 3.196e+003 1.996e+000-1.277e+002 4.410e+000-4.457e+001 1.002e+002-1.089e+004-3.559e+001 1.645e+003
 8.880e+001 2.930e+000 0.000e+000 0.000e+000 0.000e+000 0.000e+000 0.000e+000 0.000e+000 0.000e+000 0.000e+000 0.000e+000 0.000e+000 0.000e+000 0.000e+000 0.000e+000 0.000e+000 0.000e+000 0.000e+000 0.000e+000
 9.000e+001 2.930e+000 0.000e+000 0.000e+000 0.000e+000 0.000e+000 0.000e+000 0.000e+000 0.000e+000 0.000e+000 0.000e+000 0.000e+000 0.000e+000 0.000e+000 0.000e+000 0.000e+000 0.000e+000 0.000e+000 0.000e+000
 9.130e+001 2.930e+000 2.100e+001 1.176e+001-2.322e+002-7.209e-001-2.033e+001-9.693e+002 1.125e+005 3.050e+001 3.350e+003 2.229e+000-1.220e+002 4.077e+000-3.748e+001 3.903e+001-4.918e+003-2.929e+001 1.009e+003
 9.250e+001 2.930e+000 0.000e+000 0.000e+000 0.000e+000 0.000e+000 0.000e+000 0.000e+000 0.000e+000 0.000e+000 0.000e+000 0.000e+000 0.000e+000 0.000e+000 0.000e+000 0.000e+000 0.000e+000 0.000e+000 0.000e+000
 9.380e+001 2.930e+000 2.100e+001 1.046e+001-2.156e+002-1.089e-001-1.634e+000-7.547e+002 8.579e+004-2.192e+001 1.768e+003 5.004e-001-4.400e+001 1.966e+000-1.920e+001 4.287e+001-4.313e+003-1.460e+001 6.380e+002
 9.500e+001 2.930e+000 0.000e+000 0.000e+000 0.000e+000 0.000e+000 0.000e+000 0.000e+000 0.000e+000 0.000e+000 0.000e+000 0.000e+000 0.000e+000 0.000e+000 0.000e+000 0.000e+000 0.000e+000 0.000e+000 0.000e+000
 9.630e+001 2.930e+000 2.100e+001 9.511e+000-9.324e+001 5.685e-002-5.797e+000-6.688e+002 7.211e+004 2.243e+001 9.081e+002 3.987e-001-2.976e+001 6.762e-001-5.625e+000 3.774e+001-3.243e+003-4.035e+000 3.121e+002
 9.750e+001 2.930e+000 0.000e+000 0.000e+000 0.000e+000 0.000e+000 0.000e+000 0.000e+000 0.000e+000 0.000e+000 0.000e+000 0.000e+000 0.000e+000 0.000e+000 0.000e+000 0.000e+000 0.000e+000 0.000e+000 0.000e+000
 9.880e+001 2.930e+000 0.000e+000 0.000e+000 0.000e+000 0.000e+000 0.000e+000 0.000e+000 0.000e+000 0.000e+000 0.000e+000 0.000e+000 0.000e+000 0.000e+000 0.000e+000 0.000e+000 0.000e+000 0.000e+000 0.000e+000
 1.000e+002 2.930e+000 4.500e+001 3.442e+001 1.559e+003 6.013e-001-8.102e+001-6.962e+002 1.361e+005-1.569e+002 2.207e+003 3.658e+000-1.477e+002 3.661e+000 3.247e+000-5.238e+000-4.945e+003-1.161e+001 4.528e+002
 1.130e+002 2.930e+000 6.000e+001 3.097e+001-6.684e+002 2.154e-002-2.587e+001-2.533e+003 2.636e+005 1.249e+002 4.355e+003 3.239e+000-1.955e+002 8.209e+000-7.806e+001 1.301e+002-1.139e+004-5.257e+001 1.999e+003
 1.250e+002 2.930e+000 7.200e+001 3.378e+001-6.994e+002-1.679e-001-4.329e+001-2.627e+003 2.816e+005-1.002e+002 6.723e+003 4.530e+000-2.025e+002 1.096e+001-1.145e+002 1.269e+002-1.411e+004-8.362e+001 2.943e+003
 1.380e+002 2.930e+000 7.200e+001 2.207e+001-4.478e+002 1.518e+000-1.470e+001-1.784e+003 1.936e+005-1.381e+002 4.253e+003 9.934e-001-1.347e+002 6.531e+000-6.603e+001 9.887e+001-9.072e+003-5.014e+001 1.634e+003
 1.500e+002 2.930e+000 4.500e+001 1.247e+001-5.134e+002 2.643e-001 2.960e+000-9.315e+002 1.176e+005-7.204e-001 1.774e+003 1.090e+000-6.268e+001 1.958e+000-2.017e+001 4.819e+001-5.525e+003-1.136e+001 6.870e+002
 1.630e+002 2.930e+000 5.700e+001 2.241e+001-4.758e+002-8.838e-001 2.761e+000-1.671e+003 1.710e+005-8.471e+000 2.035e+003 8.056e-001 6.457e+001 1.577e+001-1.743e+002 8.345e+001-9.835e+003-1.575e+002 4.338e+003
 1.750e+002 2.930e+000 6.900e+001 4.665e+001-1.153e+003 3.751e-001-3.426e+001-3.291e+003 3.157e+005-3.115e+002 1.092e+004 3.668e+000-2.531e+002 3.058e+001-3.075e+002 1.773e+002-1.714e+004-2.416e+002 6.854e+003
 1.880e+002 2.930e+000 8.400e+001 1.361e+002-1.772e+003 1.629e-001-9.745e+001-7.008e+003 4.737e+005 1.418e+001 9.578e+003 2.220e+001-7.938e+002 2.740e+001-2.012e+002 1.784e+002-1.648e+004-1.678e+002 4.681e+003
 2.000e+002 2.930e+000 8.400e+001 6.626e+003-7.602e+004-1.294e+002-2.216e+003-2.808e+005 1.297e+007 1.887e+004 1.635e+005 1.181e+003-4.772e+004 2.441e+002-5.643e+002 6.206e+003-2.528e+005 8.539e+002 1.372e+004
 2.130e+002 2.930e+000 8.100e+001 2.792e+002-4.903e+003-2.268e+001-2.782e+001-1.590e+004 1.075e+006 2.153e+003 8.132e+003 5.895e+001-2.785e+003 6.423e+001-3.079e+002 4.246e+002-3.085e+004-1.986e+002 8.178e+003
 2.250e+002 2.930e+000 1.050e+002 3.274e+002-6.352e+003-7.734e+000 1.216e+002-2.143e+004 1.593e+006 9.674e+002 1.333e+004 3.403e+001-1.891e+003 6.110e+001-4.405e+002 1.089e+003-8.098e+004-2.633e+002 1.356e+004
 2.380e+002 2.930e+000 8.400e+001 8.798e+002-1.345e+004-3.863e+001 4.262e+001-5.920e+004 4.282e+006 4.556e+003 4.030e+004 1.193e+002-7.206e+003 4.562e+001-2.169e+001 2.921e+003-2.001e+005 2.606e+002 1.334e+004
 2.500e+002 2.930e+000 8.400e+001 2.403e+004-2.949e+005-1.482e+003 6.237e+003-1.621e+006 1.148e+008 1.375e+005 5.926e+005 2.817e+003-1.699e+005 4.403e+002 5.943e+003 8.638e+004-5.933e+006 9.542e+003 3.164e+005
 2.630e+002 2.930e+000 8.400e+001 4.698e+002-2.949e+003-2.343e+001-1.939e+001-3.138e+004 2.189e+006 1.917e+003 1.200e+004 5.229e+001-3.361e+003 1.976e+001-4.030e+001 1.633e+003-1.105e+005 7.604e+001 8.344e+003
 2.750e+002 2.930e+000 8.400e+001 1.144e+002-4.445e+002-6.609e+000-2.276e+001-8.507e+003 7.128e+005 4.160e+002 3.979e+003 1.067e+001-7.354e+002 1.797e+001-1.636e+002 3.960e+002-3.254e+004-1.081e+002 5.086e+003
 2.880e+002 2.930e+000 8.400e+001 1.577e+002-3.760e+003-5.575e+000-4.599e+001-1.605e+004 1.866e+006 1.092e+003 1.475e+004 2.291e+001-2.179e+003 1.192e+001-7.667e+001 5.808e+002-6.256e+004 4.889e+000 4.445e+003
 3.000e+002 2.930e+000 8.400e+001 3.875e+003-1.526e+005-1.296e+002 2.699e+003-4.312e+005 5.418e+007 3.349e+004 4.240e+005 4.912e+002-4.960e+004 7.434e+001 8.566e+002 1.837e+004-2.162e+006 2.170e+003 9.147e+004
 3.130e+002 2.930e+000 8.100e+001 1.445e+002-5.187e+003-6.368e+000 1.762e+002-1.407e+004 1.758e+006 1.322e+003-3.939e+002 9.997e+000-6.207e+002 8.014e+000-2.792e+001 6.819e+002-7.973e+004-3.489e+001 5.768e+003
 3.250e+002 2.930e+000 8.400e+001 8.091e+001-1.835e+003 1.288e-001-1.565e+002-4.366e+003 4.775e+005-1.302e+002 1.152e+004 1.569e+001-6.558e+002 1.834e+001-2.372e+002 1.252e+002-2.155e+004-1.161e+002 5.390e+003
 3.380e+002 2.930e+000 7.200e+001 3.278e+002-2.968e+003-5.446e+000-7.557e+002-1.132e+004 5.038e+005 8.233e+002 2.444e+004 5.552e+001-1.689e+003 1.833e+001-2.206e+002 7.749e+001-1.083e+003-5.500e+001 3.926e+003
 3.500e+002 2.930e+000 8.400e+001 1.087e+004-1.088e+005-1.938e+002-2.826e+004-3.894e+005 1.528e+007 2.859e+004 1.029e+006 2.183e+003-7.589e+004 4.559e+002-5.808e+003 1.188e+003 2.197e+005 6.177e+002 7.837e+004
 3.630e+002 2.930e+000 8.400e+001 4.523e+002-5.896e+003-7.104e+000-9.614e+002-1.818e+004 8.750e+005 1.331e+003 4.248e+004 9.110e+001-3.453e+003 2.928e+001-3.161e+002 2.240e+002-2.408e+003-3.726e+001 4.985e+003
 3.750e+002 2.930e+000 9.300e+001 1.153e+002-1.893e+003-5.125e+000-1.514e+002-5.050e+003 3.033e+005 5.150e+002 6.505e+003 2.126e+001-6.941e+002 2.148e+001-2.365e+002 5.874e+001-4.741e+003-1.509e+002 4.849e+003
 3.880e+002 2.930e+000 6.000e+001 3.159e+001-6.096e+002 1.597e-001-2.335e+001-1.615e+003 1.350e+005-7.951e+001 2.816e+003 2.657e+000 1.386e+001 1.117e+001-1.362e+002 9.179e+001-8.259e+003-9.073e+001 3.040e+003
 4.000e+002 2.930e+000 7.500e+001 9.533e+001-3.918e+003-4.568e+000 2.381e+001-8.575e+003 1.057e+006 4.085e+002 1.265e+004 3.719e+000 2.261e+002 9.690e+000-8.852e+001 3.843e+002-4.457e+004-8.410e+001 4.084e+003
 4.130e+002 2.930e+000 9.600e+001 1.330e+002-3.754e+003-1.077e+001 9.049e+001-1.235e+004 1.325e+006 1.282e+003 4.294e+003 1.043e+001-5.133e+002 1.587e+001-3.488e+001 4.980e+002-5.322e+004-4.303e+001 3.811e+003
 4.250e+002 2.930e+000 6.000e+001 2.066e+001-4.916e+002 1.926e+000-1.281e+001-1.481e+003 1.387e+005-1.125e+002 2.213e+003 1.614e+000-1.446e+002 1.021e+001-7.580e+001 6.956e+001-6.180e+003-4.377e+001 1.599e+003
 4.380e+002 2.930e+000 6.000e+001 1.692e+001-4.052e+002 5.902e-001-1.188e+001-1.270e+003 1.241e+005 2.729e+001 1.498e+003 2.188e+000-1.189e+002 7.536e+000-5.678e+001 5.128e+001-4.525e+003-3.538e+001 1.458e+003
 4.500e+002 2.930e+000 7.800e+001 2.047e+002-9.526e+003-3.208e+001 3.120e+002-1.797e+004 2.166e+006 4.070e+003-3.414e+004 2.717e+001-2.765e+002 1.687e+001-5.985e+001 1.518e+002-4.290e+004-1.349e+002 5.189e+003
 4.630e+002 2.930e+000 1.050e+002 5.592e+001-1.772e+003-1.599e+000-5.571e+000-5.186e+003 5.830e+005 3.747e+002 5.760e+003 5.777e+000-4.235e+002 4.398e+000-2.603e+001 1.903e+002-1.929e+004-8.514e+000 1.490e+003
 4.750e+002 2.930e+000 8.400e+001 4.524e+001-1.300e+003-2.734e+000 1.404e+001-4.129e+003 4.467e+005 4.064e+002 3.018e+003 4.497e+000-3.025e+002 3.313e+000-7.933e+000 1.412e+002-1.450e+004-2.669e+000 9.159e+002
 4.880e+002 2.930e+000 8.400e+001 5.386e+001-1.287e+003-3.314e+000-6.363e-001-5.160e+003 5.536e+005 4.088e+002 4.826e+003 3.618e+000-2.081e+002 2.918e+000-1.399e+001 2.044e+002-2.113e+004-7.856e+000 1.452e+003
 5.000e+002 2.930e+000 7.500e+001 7.031e+001-2.259e+003-1.344e+000-2.160e+001-7.156e+003 9.141e+005 2.247e+002 1.623e+004 6.817e+000-5.713e+002 3.586e+000-1.799e+001 3.253e+002-3.813e+004 1.008e+001 2.309e+003
 5.130e+002 2.930e+000 1.050e+002 1.684e+002-5.511e+003-1.084e+001 9.304e+001-1.602e+004 1.754e+006 1.488e+003 1.344e+004 1.374e+001-9.112e+002 4.271e+000 3.390e+001 6.740e+002-6.893e+004 3.424e+001 3.271e+003
 5.250e+002 2.930e+000 8.400e+001 3.149e+002-9.229e+003-1.192e+001 6.080e+001-3.033e+004 3.220e+006 1.918e+003 3.529e+004 2.629e+001-2.193e+003 4.819e+000 3.848e+001 1.393e+003-1.364e+005 1.005e+002 6.641e+003
 5.380e+002 2.930e+000 8.400e+001 1.404e+003-3.926e+004-6.615e+001 1.334e+002-1.350e+005 1.410e+007 9.769e+003 1.567e+005 1.214e+002-9.789e+003 1.658e+001 2.705e+002 6.071e+003-5.885e+005 4.966e+002 2.689e+004
 5.500e+002 2.930e+000 8.400e+001 8.099e+004-2.189e+006-3.376e+003 6.951e+003-7.716e+006 7.944e+008 5.093e+005 9.022e+006 6.944e+003-5.701e+005 7.388e+002 1.549e+004 3.582e+005-3.432e+007 3.040e+004 1.586e+006
 5.630e+002 2.930e+000 1.050e+002 1.994e+003-5.255e+004-7.237e+001 6.384e+001-1.880e+005 1.912e+007 1.126e+004 2.211e+005 1.692e+002-1.401e+004 1.944e+001 2.968e+002 8.623e+003-8.156e+005 7.112e+002 3.784e+004
 5.750e+002 2.930e+000 8.400e+001 2.820e+002-7.155e+003-7.537e+000-1.822e+001-2.602e+004 2.592e+006 1.327e+003 3.106e+004 2.464e+001-2.067e+003 3.824e+000 1.270e+001 1.161e+003-1.071e+005 8.908e+001 5.208e+003
 5.880e+002 2.930e+000 8.400e+001 1.323e+002-3.230e+003-4.632e+000-3.505e+000-1.195e+004 1.169e+006 7.187e+002 1.256e+004 1.130e+001-9.060e+002 3.479e+000-1.118e+001 5.094e+002-4.593e+004 2.486e+001 2.575e+003
 6.000e+002 2.930e+000 1.050e+002 1.416e+002-3.316e+003-1.849e+000 7.296e+001-1.261e+004 1.214e+006 4.338e+002 6.888e+003 1.163e+001-9.769e+002 4.131e+000-3.077e+001 5.770e+002-5.369e+004 1.708e+001 3.539e+003
 6.130e+002 2.930e+000 8.400e+001 5.702e+001-1.378e+003-1.603e+000-1.918e+001-4.879e+003 4.601e+005 2.962e+002 6.059e+003 6.177e+000-4.889e+002 2.526e+000-1.850e+001 1.852e+002-1.545e+004 4.748e+000 1.091e+003
 6.250e+002 2.930e+000 8.400e+001 4.639e+001-1.071e+003-1.131e-001-2.737e+001-3.914e+003 3.629e+005 1.346e+002 5.624e+003 4.959e+000-3.858e+002 2.593e+000-2.101e+001 1.611e+002-1.322e+004 3.778e+000 9.992e+002
 6.380e+002 2.930e+000 8.400e+001 5.994e+001-1.546e+003 1.118e+000-1.028e+002-4.757e+003 4.244e+005 1.815e+002 1.262e+004 1.031e+001-8.347e+002 4.541e+000-4.747e+001 1.896e+002-1.242e+004 1.150e+001 1.413e+003
 6.500e+002 2.930e+000 1.050e+002 3.643e+003-1.148e+005 1.830e+002-1.632e+004-2.573e+005 2.182e+007 1.608e+004 1.425e+006 9.167e+002-7.047e+004 2.447e+002-4.608e+003 8.708e+003-1.003e+005 1.330e+003 9.544e+004
 6.630e+002 2.930e+000 8.400e+001 3.142e+001-8.035e+002 1.253e+000-6.373e+001-2.390e+003 2.107e+005 4.190e+001 6.829e+003 4.435e+000-3.564e+002 2.657e+000-3.876e+001 1.012e+002-5.971e+003-9.549e+000 1.114e+003
 6.750e+002 2.930e+000 7.800e+001 1.694e+001-4.065e+002-2.927e-001-1.790e+001-1.323e+003 1.204e+005 7.839e+001 2.215e+003 2.111e+000-1.524e+002 1.521e+000-1.823e+001 4.344e+001-3.107e+003-5.489e+000 5.208e+002
 6.880e+002 2.930e+000 8.400e+001 1.400e+001-2.899e+002-4.115e-001-6.515e-001-1.074e+003 9.415e+004 6.656e+001 7.416e+002 9.835e-001-5.761e+001 1.885e+000-1.971e+001 3.903e+001-3.043e+003-1.177e+001 5.612e+002
 7.000e+002 2.930e+000 1.050e+002 7.051e+001-1.902e+003-6.822e-001-1.195e+002-4.722e+003 3.781e+005 3.009e+002 1.414e+004 9.095e+000-5.716e+002 4.329e+000-5.174e+001 2.430e+002-1.304e+004 7.131e+000 1.894e+003
 7.130e+002 2.930e+000 7.800e+001 8.820e+000-1.779e+002 1.043e-001-5.239e-001-6.593e+002 5.611e+004 3.944e+000 4.439e+002 3.624e-001-1.814e+001 1.516e+000-1.911e+001 2.735e+001-2.094e+003-1.144e+001 5.009e+002
 7.250e+002 2.930e+000 7.800e+001 7.267e+000-1.364e+002-2.531e-001 3.958e+000-5.284e+002 4.582e+004 1.616e+001 1.212e+002 2.989e-001-1.802e+001 8.188e-001-9.313e+000 1.752e+001-1.428e+003-7.281e+000 2.746e+002
 7.380e+002 2.930e+000 8.100e+001 7.024e+000-8.803e+001 7.948e-003-2.339e+000-5.254e+002 4.573e+004 1.031e+001 2.044e+002 5.123e-001-2.481e+001 1.068e+000-1.382e+001 1.864e+001-1.467e+003-7.735e+000 3.664e+002
 7.500e+002 2.930e+000 1.200e+002 4.589e+001-1.753e+003-9.279e-001-9.258e+001-3.768e+003 3.917e+005 4.174e+002 1.205e+004 8.256e+000-6.566e+002 3.463e+000-4.107e+001 1.074e+002-4.726e+003 3.445e+000 1.041e+003
 7.630e+002 2.930e+000 8.400e+001 6.281e+000-1.029e+002-1.371e-001 2.324e+000-4.680e+002 3.958e+004 1.480e+001 8.365e+001 1.828e-001-1.197e+001 9.084e-001-1.139e+001 1.683e+001-1.257e+003-8.096e+000 3.171e+002
 7.750e+002 2.930e+000 7.500e+001 5.401e+000-9.058e+001 4.737e-002-3.752e+000-3.782e+002 3.076e+004 1.784e+000 4.484e+002 5.163e-001-3.234e+001 5.047e-001-6.095e+000 1.161e+001-8.340e+002-2.131e+000 1.449e+002
 7.880e+002 2.930e+000 9.900e+001 5.871e+000-1.163e+002-1.131e-001-6.552e-001-4.268e+002 3.720e+004 1.655e+001 3.137e+002 5.321e-001-3.466e+001 1.014e+000-1.200e+001 1.225e+001-9.181e+002-6.847e+000 3.027e+002
 8.000e+002 2.930e+000 8.400e+001 5.763e+000-1.418e+002 5.269e-002 3.469e+000-4.125e+002 3.956e+004-1.385e+001 2.058e+002 1.363e-001-5.608e+000 1.031e+000-1.449e+001 1.574e+001-1.411e+003-9.657e+000 4.028e+002
 8.130e+002 2.930e+000 8.100e+001 5.492e+000-1.216e+002-2.276e-001-4.280e+000-4.357e+002 4.301e+004 4.275e+001 1.980e+002 5.488e-001-3.346e+001 9.367e-001-1.337e+001 4.145e+000 2.368e+002-6.987e+000 3.603e+002
 8.250e+002 2.930e+000 6.600e+001 5.003e+000-1.259e+002 2.360e-001-4.873e+000-3.919e+002 3.801e+004-1.118e+001 8.570e+002 2.808e-001-2.613e+001 4.051e-001-6.423e+000 1.745e+001-1.261e+003-2.829e+000 2.042e+002
 8.380e+002 2.930e+000 1.200e+002 1.421e+001-5.205e+002 1.203e+000-2.652e+001-1.232e+003 1.401e+005-8.721e+001 5.799e+003 1.105e+000-1.476e+002 1.361e+000-2.204e+001 7.638e+001-6.153e+003-4.191e+000 8.544e+002
 8.500e+002 2.930e+000 7.500e+001 5.198e+002-2.473e+004 6.877e+001-1.667e+003-5.189e+004 6.563e+006-5.130e+003 3.511e+005 4.822e+001-8.098e+003 1.635e+001-7.234e+002 3.815e+003-3.174e+005 1.186e+002 3.530e+004
 8.630e+002 2.930e+000 7.200e+001 7.356e+000-2.346e+002 2.996e-001-5.959e+000-6.554e+002 7.419e+004-3.778e+001 1.858e+003 2.199e-001-2.538e+001 1.217e+000-1.940e+001 3.129e+001-3.010e+003-1.058e+001 5.639e+002
 8.750e+002 2.930e+000 7.200e+001 5.447e+000-1.415e+002-1.794e-001-3.486e+000-4.750e+002 5.171e+004 1.296e+001 9.042e+002 3.115e-001-2.275e+001 8.000e-001-9.704e+000 1.249e+001-9.857e+002-6.446e+000 3.118e+002
 8.880e+002 2.930e+000 1.200e+002 9.646e+000-3.150e+002-7.045e-001-1.304e+001-8.840e+002 1.114e+005 9.565e+001 1.087e+003 7.618e-001-3.753e+001 1.125e+000-1.917e+001-6.296e+000 2.748e+003-8.967e+000 7.779e+002
 9.000e+002 2.930e+000 6.900e+001 1.402e+001-4.543e+002-9.665e-001-1.186e+000-1.248e+003 1.417e+005 1.190e+002 5.130e+002 6.629e-001-4.749e-001 1.038e+000-1.376e+001 8.757e+000-4.822e+002-8.753e+000 6.795e+002
 9.130e+002 2.930e+000 6.300e+001 1.891e+001-9.792e+002-2.776e+000-4.838e+001-2.454e+003 4.444e+005 4.774e+002 1.826e+003 6.287e-001-9.582e+001 2.166e+000-6.289e+001-1.438e+002 3.182e+004-2.508e+001 3.446e+003
 9.250e+002 2.930e+000 6.600e+001 6.837e+000-1.902e+002-3.769e-001-3.359e+000-5.265e+002 5.608e+004 1.681e+001 9.259e+002 3.813e-001-2.956e+001 8.950e-001-1.067e+001 9.425e+000-4.733e+002-8.102e+000 3.142e+002
 9.380e+002 2.930e+000 1.260e+002 4.226e+001-1.680e+003-8.222e+000 2.474e+001-3.016e+003 3.006e+005 6.356e+002-2.884e+003 2.292e+000 2.250e+002 3.344e+000-2.278e+001-2.194e+001-6.483e+001-2.009e+001 5.519e+002
 9.500e+002 2.930e+000 8.400e+001 1.287e+003-5.577e+004-2.962e+002 9.881e+002-9.238e+004 9.189e+006 2.427e+004-1.390e+005 8.420e+001 7.596e+003 8.465e+001-4.091e+002-1.418e+003 4.416e+004-4.285e+002 6.296e+003
 9.630e+002 2.930e+000 7.800e+001 2.556e+001-1.028e+003-4.475e+000 1.167e+001-1.832e+003 1.840e+005 3.599e+002-1.624e+003 1.463e+000 1.027e+002 1.698e+000-1.246e+001-9.330e+000-1.863e+002-9.169e+000 2.880e+002
 9.750e+002 2.930e+000 9.900e+001 1.468e+001-4.315e+002-6.280e-001-1.479e+001-1.244e+003 1.348e+005 5.098e+001 2.188e+003 6.568e-001-2.850e+001 9.383e-001-1.319e+001 2.871e+001-2.326e+003-6.180e+000 4.177e+002
 9.880e+002 2.930e+000 9.300e+001 6.657e+000-2.057e+002 8.483e-002 3.878e+000-4.117e+002 4.395e+004 7.021e+000 1.227e+003-3.918e-001-2.267e+001 1.136e+000-1.816e+001 2.317e+001-5.589e+002-1.054e+001 5.134e+002
 1.000e+003 2.930e+000 3.990e+002 2.998e+001-4.976e+002-2.237e+000 4.568e+001-2.395e+003 2.656e+005 3.242e+002 1.737e+003-4.197e+000 1.636e+002 9.499e+000-1.433e+002 9.213e+001-2.440e+003-7.581e+001 3.870e+003
 1.130e+003 2.930e+000 8.100e+002 2.794e+002-1.201e+004-1.970e+001-1.559e+003-3.119e+004 4.417e+006 3.056e+003 1.847e+005 1.148e+001-6.624e+002 9.047e+000-2.289e+002-2.338e+002 1.426e+005 3.271e+001 2.042e+004
 1.250e+003 2.930e+000 7.320e+002 1.321e+002-3.573e+003-8.234e+000-4.494e+002-1.247e+004 1.779e+006 8.288e+002 5.220e+004-1.532e+000 5.215e+002 6.933e+000-6.239e+001-1.624e+002 8.827e+004 1.718e+001 1.156e+004
 1.380e+003 2.930e+000 6.270e+002 5.571e+001-7.933e+002-3.021e+000-3.556e+002-7.309e+003 1.330e+006 4.994e+002 6.832e+004 5.118e+000-6.726e+002 5.642e+000-9.447e+001-3.834e+002 7.932e+004-3.670e+001 9.973e+003
 1.500e+003 2.930e+000 6.000e+001 1.626e+001-4.934e+002 1.912e-001-5.373e+001-1.585e+003 1.795e+005-2.525e+001 6.187e+003-2.936e-001 2.458e+001 3.128e-002-3.261e-002 2.220e+001-2.697e+001-1.484e+000 3.019e+002
 1.630e+003 2.930e+000 6.600e+001 8.830e+000-4.773e+002 1.643e-001-4.874e+001-8.882e+002 1.199e+005-2.236e+001 5.725e+003-6.415e-002-3.136e+000 2.911e-002-3.521e-001 1.111e+001 1.704e+003-1.606e+000 3.483e+002
 1.750e+003 2.930e+000 4.800e+001 4.919e+001-2.554e+003 1.826e+000-2.556e+002-4.983e+003 6.428e+005-2.077e+002 2.907e+004-2.850e-001-6.460e+001 1.340e-001-1.866e+000 6.002e+001 7.263e+003-1.001e+001 1.462e+003
 1.880e+003 2.930e+000 7.200e+001 1.469e+002-7.105e+003 5.029e+000-8.234e+002-1.436e+004 1.784e+006-6.091e+002 8.489e+004-1.439e+000-9.061e+001 3.700e-001 3.195e+000 8.406e+001 3.225e+004-3.194e+001 4.919e+003
 2.000e+003 2.930e+000 7.200e+001 3.923e+002-1.843e+004 1.494e+001-2.168e+003-3.694e+004 4.458e+006-2.267e+003 2.339e+005-1.246e+001 3.828e+002 2.775e+000 2.390e+001 3.597e+002 6.751e+004-1.532e+002 1.518e+004
 2.130e+003 2.930e+000 4.800e+001 3.471e+001-1.640e+003 1.718e+000-2.085e+002-3.644e+003 4.773e+005-2.888e+002 2.449e+004-1.872e+000 1.353e+002 3.146e-001 9.870e+000 3.000e+001 6.910e+003-1.391e+001 1.427e+003
 2.250e+003 2.930e+000 7.200e+001 1.102e+001-4.535e+002 3.488e-001-5.684e+001-1.003e+003 1.163e+005-4.766e+001 5.822e+003-2.485e-001 8.299e+000 8.900e-002-5.029e-002 3.955e+000 1.995e+003-3.230e+000 4.141e+002
 2.380e+003 2.930e+000 6.600e+001 2.532e+001-1.096e+003 8.029e-001-1.740e+002-2.651e+003 3.351e+005-1.049e+002 1.825e+004-2.481e-001 9.025e+000 1.196e-001 1.843e+000-1.005e+001 8.737e+003-6.452e+000 1.280e+003
 2.500e+003 2.930e+000 4.800e+001 3.082e+000-1.458e+002 1.440e-001-1.851e+001-3.202e+002 4.296e+004-2.522e+001 2.207e+003-1.956e-001 1.703e+001 3.796e-002 9.381e-001 3.785e+000 6.018e+002-1.179e+000 1.387e+002
 2.630e+003 2.930e+000 7.200e+001 6.081e+000-2.135e+002 1.679e-001-3.074e+001-5.144e+002 5.270e+004-2.266e+001 2.747e+003-2.062e-001 1.229e+001 3.595e-002 7.463e-001 4.680e-001 1.083e+003-1.168e+000 1.870e+002
 2.750e+003 2.930e+000 6.300e+001 1.306e+000-4.436e+001 9.607e-002-7.529e+000-1.025e+002 1.063e+004-6.963e+000 6.015e+002 2.615e-002-3.035e+000 3.617e-002-5.000e-001-5.609e-002 2.820e+002-8.300e-001 6.527e+001
 2.880e+003 2.930e+000 4.800e+001 1.197e+000-4.021e+001 9.047e-002-7.345e+000-9.433e+001 9.466e+003-7.865e+000 6.491e+002 1.182e-002-3.073e+000 2.633e-002-2.550e-001 5.988e-001 1.993e+002-7.957e-001 6.082e+001
 3.000e+003 2.930e+000 6.900e+001 2.886e+000-5.291e+001 5.025e-001-3.453e+001-2.134e+002 2.025e+004-2.907e+001 2.407e+003 5.849e-001-3.842e+001 3.195e-001-8.518e+000-1.177e+000 7.762e+002-6.843e+000 4.782e+002
 3.130e+003 2.930e+000 6.600e+001 7.277e-001-1.958e+001 6.260e-002-4.391e+000-6.200e+001 6.323e+003-6.504e+000 3.948e+002-9.973e-003-2.016e-001 4.226e-002-4.088e-001-2.642e-001 1.440e+002-7.754e-001 5.098e+001
 3.250e+003 2.930e+000 4.800e+001 9.756e-001-2.036e+001 7.377e-002-1.276e+001-8.556e+001 8.351e+003-3.257e+000 1.108e+003 2.946e-001-2.766e+001 2.132e-001-6.016e+000-5.541e+000 7.291e+002-4.841e+000 3.128e+002
 3.380e+003 2.930e+000 6.900e+001 2.325e+000-8.626e+001 1.014e-001-1.076e+001-2.015e+002 2.149e+004-1.630e+001 1.088e+003-1.439e-001 1.112e+001 5.863e-002 1.437e-001 2.601e+000 1.527e+002-1.285e+000 8.562e+001
 3.500e+003 2.930e+000 7.200e+001 2.861e+001-7.274e+002 3.308e+000-1.970e+002-2.366e+003 2.150e+005-2.797e+002 1.660e+004-2.109e-001-6.417e+001 4.186e-001-6.878e-002 1.180e+001 4.055e+003-2.317e+001 1.382e+003
 3.630e+003 2.930e+000 4.800e+001 2.453e+001-9.376e+002 1.098e+000-1.887e+002-2.090e+003 2.145e+005-6.547e+001 1.519e+004 7.218e-001-1.014e+002 9.505e-002-4.723e+000-2.300e+001 9.201e+003-9.212e+000 1.490e+003
 3.750e+003 2.930e+000 7.200e+001 3.912e+000-1.333e+002 3.250e-001-3.006e+001-3.537e+002 3.735e+004-3.181e+001 2.665e+003-6.624e-002-4.036e+000 5.153e-002 6.439e-001-2.182e+000 1.249e+003-2.628e+000 2.544e+002
 3.880e+003 2.930e+000 7.200e+001 2.620e+001-7.972e+002 2.221e+000-1.970e+002-2.320e+003 2.350e+005-2.156e+002 1.660e+004-6.343e-001-9.336e+000 2.395e-001 6.296e+000-2.182e+001 7.775e+003-1.687e+001 1.581e+003
 4.000e+003 2.930e+000 4.800e+001 1.002e+001-3.615e+002 1.103e+000-1.344e+002-1.077e+003 1.308e+005-1.447e+002 1.525e+004-6.264e-001 3.007e+001 1.954e-001 8.279e+000 6.877e+000 4.138e+003-1.663e+001 2.012e+003
 4.130e+003 2.930e+000 7.200e+001 4.301e+001-1.350e+003 3.251e+000-3.734e+002-3.856e+003 3.926e+005-3.134e+002 3.257e+004-7.109e-001-3.234e+001 3.020e-001 7.664e+000-2.492e+001 1.382e+004-2.887e+001 3.326e+003
 4.250e+003 2.930e+000 7.200e+001 1.383e+001-5.002e+002 1.170e+000-1.074e+002-1.217e+003 1.262e+005-1.258e+002 9.229e+003-6.020e-001 1.117e+001 1.618e-001 5.016e+000-7.498e+000 4.516e+003-9.096e+000 8.732e+002
 4.380e+003 2.930e+000 4.800e+001 1.415e+000-4.607e+001 1.048e-001-1.304e+001-1.224e+002 1.236e+004-8.987e+000 1.093e+003 8.724e-003-3.900e+000 2.449e-002-5.348e-002-1.668e+000 5.818e+002-1.075e+000 1.375e+002
 4.500e+003 2.930e+000 7.200e+001 4.924e+000-1.570e+002 5.960e-001-5.262e+001-4.750e+002 5.170e+004-6.029e+001 5.027e+003-7.036e-002-1.105e+001 1.023e-001 8.884e-001-2.024e+000 1.854e+003-6.836e+000 6.001e+002
 4.630e+003 2.930e+000 7.200e+001 6.593e-001-1.978e+001 8.528e-002-7.047e+000-5.685e+001 5.826e+003-7.526e+000 6.285e+002 2.350e-002-3.655e+000 4.584e-002-2.330e-001-9.532e-001 3.088e+002-1.407e+000 1.077e+002
 4.750e+003 2.930e+000 4.800e+001 5.593e-001-1.533e+001 5.147e-002-6.080e+000-4.876e+001 4.866e+003-3.113e+000 5.093e+002 5.054e-002-5.569e+000 3.826e-002-6.228e-001-1.920e+000 3.412e+002-1.042e+000 9.765e+001
 4.880e+003 2.930e+000 6.900e+001 8.765e-001-2.712e+001 2.207e-002-6.040e+000-6.942e+001 6.567e+003-1.884e+000 3.839e+002 1.779e-002-1.475e+000 3.890e-002-2.333e-001-3.868e+000 5.029e+002-6.218e-001 8.438e+001
 5.000e+003 2.930e+000 6.900e+001 4.825e-001-1.479e+001 4.082e-002-4.736e+000-4.121e+001 4.262e+003-4.805e+000 4.097e+002-2.233e-002 1.140e+000 4.109e-002 1.541e-001-9.153e-001 2.537e+002-6.661e-001 7.301e+001
 5.130e+003 2.930e+000 4.800e+001 4.753e-001-1.395e+001 8.017e-002-5.261e+000-3.921e+001 3.787e+003-6.898e+000 4.594e+002-7.604e-003-1.251e+000 4.411e-002 3.850e-003 3.212e-001 1.438e+002-1.157e+000 7.596e+001
 5.250e+003 2.930e+000 6.300e+001 2.342e-001-7.299e+000 2.106e-002-2.676e+000-1.893e+001 1.893e+003-2.191e+000 2.221e+002 4.386e-003-4.357e-001 4.156e-002 6.415e-002-6.521e-001 1.434e+002-6.846e-001 5.588e+001
 5.380e+003 2.930e+000 6.300e+001 3.131e-001-9.400e+000 3.876e-002-3.707e+000-2.333e+001 2.254e+003-1.992e+000 2.608e+002 4.141e-002-3.380e+000 6.335e-002-3.859e-001-1.884e+000 2.810e+002-1.150e+000 8.664e+001
 5.500e+003 2.930e+000 3.900e+001 1.448e-001-3.438e+000 1.033e-002-1.645e+000-1.093e+001 1.046e+003-7.243e-001 1.192e+002 1.008e-002-1.117e+000 3.141e-002-1.731e-001-6.960e-001 1.087e+002-6.495e-001 4.553e+001
 5.630e+003 2.930e+000 6.600e+001 5.284e-001-1.288e+001 3.133e-002-4.086e+000-4.034e+001 4.172e+003-4.987e-001 1.825e+002 6.863e-002-5.082e+000 7.541e-002-8.894e-001-3.401e+000 3.522e+002-1.600e+000 9.991e+001
 5.750e+003 2.930e+000 4.200e+001 2.619e-001-3.129e+000 4.196e-002-2.853e+000-2.322e+001 2.572e+003-2.856e+000 2.381e+002 3.489e-002-3.852e+000 5.430e-002-4.608e-001-1.340e+000 1.655e+002-1.172e+000 6.401e+001
 5.880e+003 2.930e+000 4.800e+001 3.465e-001-8.071e+000 4.056e-002-2.649e+000-2.833e+001 2.715e+003-3.215e+000 1.902e+002 2.773e-002-2.694e+000 5.014e-002-1.838e-001-2.128e+000 2.496e+002-1.066e+000 6.244e+001
 6.000e+003 2.930e+000 6.900e+001 4.192e+000-2.613e+001-6.804e-001-4.319e+001-3.624e+002 3.256e+004 6.787e+001 3.216e+003 1.933e+000-1.685e+002 1.327e+000-4.881e+001-1.302e+002 1.172e+004-6.448e+001 5.222e+003
 6.130e+003 2.930e+000 6.900e+001 6.905e-001-1.251e+001 6.202e-002-6.835e+000-5.457e+001 4.761e+003-4.171e+000 4.814e+002 8.172e-002-6.909e+000 1.072e-001-9.227e-001-4.658e+000 5.110e+002-1.925e+000 1.460e+002
 6.250e+003 2.930e+000 3.000e+001 2.602e-001-3.017e+000-4.795e-003-1.758e+000-2.140e+001 2.296e+003 5.317e-001 6.481e+001 5.535e-002-2.666e+000 6.745e-002-1.263e+000-2.252e+000 1.666e+002-1.330e+000 7.935e+001
 6.380e+003 2.930e+000 4.800e+001 2.673e-001-4.332e+000 2.687e-002-1.967e+000-2.035e+001 1.968e+003-1.514e+000 1.485e+002 4.504e-002-4.093e+000 8.071e-002-4.861e-001-1.319e+000 1.510e+002-1.214e+000 4.915e+001
 6.500e+003 2.930e+000 5.100e+001 2.838e-001-4.856e+000 2.534e-002-2.271e+000-1.949e+001 1.668e+003-1.037e+000 1.163e+002 6.039e-002-3.876e+000 9.982e-002-7.188e-001-2.111e+000 2.134e+002-1.746e+000 7.623e+001
 6.630e+003 2.930e+000 3.900e+001 3.515e-001-6.419e+000 3.044e-002-3.338e+000-2.635e+001 2.306e+003-5.780e-001 1.817e+002 5.489e-002-3.940e+000 5.943e-002-7.047e-001-2.376e+000 2.580e+002-1.335e+000 8.113e+001
 6.750e+003 2.930e+000 5.100e+001 3.398e-001-5.728e+000 3.360e-002-2.684e+000-2.597e+001 2.223e+003-3.265e+000 2.179e+002 9.445e-003-1.247e+000 7.850e-002-3.268e-001-9.004e-001 1.370e+002-1.305e+000 6.373e+001
 6.880e+003 2.930e+000 5.100e+001 2.345e-001-3.281e+000 1.734e-002-1.948e+000-1.647e+001 1.347e+003-4.917e-001 1.324e+002 3.575e-002-2.706e+000 7.040e-002-6.817e-001-1.367e+000 1.584e+002-9.470e-001 6.181e+001
 7.000e+003 2.930e+000 3.600e+001 1.656e-001-2.450e+000 1.139e-002-1.178e+000-1.163e+001 9.821e+002-6.246e-001 1.067e+002 7.313e-003-1.193e+000 5.276e-002-3.724e-001-6.021e-001 9.052e+001-7.001e-001 4.345e+001
 7.130e+003 2.930e+000 5.100e+001 1.726e-001-1.477e+000 3.161e-002-1.475e+000-1.210e+001 1.012e+003-3.074e+000 1.341e+002 1.396e-002-1.681e+000 1.035e-001-5.926e-001-9.188e-001 1.102e+002-1.920e+000 7.615e+001
 7.250e+003 2.930e+000 4.800e+001 1.520e-001-1.678e+000 1.481e-002-9.105e-001-8.853e+000 7.009e+002-9.157e-001 8.635e+001 1.772e-002-2.919e+000 1.023e-001-9.227e-001-3.351e-001 8.948e+001-2.075e+000 8.000e+001
 7.380e+003 2.930e+000 3.300e+001 8.368e-002-7.599e-001 2.234e-002-1.166e+000-6.238e+000 6.904e+002-1.999e+000 1.171e+002 2.502e-002-2.964e+000 1.003e-001-6.786e-001-9.002e-001 1.398e+002-2.162e+000 8.687e+001
 7.500e+003 2.930e+000 3.000e+001 1.159e-001 2.322e+000 3.270e-002-9.568e-001-9.465e+000 1.207e+003-2.806e+000 8.790e+001 2.323e-002-1.861e+000 8.792e-002-5.330e-001-5.122e-001 7.429e+001-1.986e+000 8.157e+001
 7.630e+003 2.930e+000 5.100e+001 1.461e-001-9.962e-001 6.255e-002-2.287e+000-1.100e+001 1.390e+003-6.701e+000 3.517e+002 7.219e-002-1.411e+001 3.434e-001-3.002e+000-2.142e+000 4.515e+002-9.707e+000 3.576e+002
 7.750e+003 2.930e+000 4.200e+001 1.609e-001-7.339e-002-2.000e-003-1.466e+000-1.365e+001 1.890e+003-3.238e+000 4.014e+002 8.069e-002-1.768e+001 3.768e-001-4.311e+000-4.006e+000 7.451e+002-1.211e+001 5.264e+002
 7.880e+003 2.930e+000 6.900e+001 2.312e+000-1.486e+001 2.290e-001-2.032e+001-2.091e+002 2.298e+004-3.610e+001 3.330e+003 7.629e-001-1.381e+002 1.831e+000-2.470e+001-3.934e+001 5.961e+003-7.015e+001 3.219e+003
 8.000e+003 2.930e+000 7.200e+001 8.141e+000 2.192e+001 2.383e+000-2.429e+002-1.139e+003 1.809e+005-5.142e+002 4.622e+004 1.163e+001-2.048e+003 2.721e+001-3.400e+002-4.560e+002 7.705e+004-1.083e+003 4.768e+004
 8.130e+003 2.930e+000 4.800e+001 3.526e-001 7.108e+000-1.311e-001 1.949e+000-3.023e+001 4.138e+003 2.022e+000 5.284e+002 1.775e-001-4.013e+001 7.104e-001-9.233e+000-9.508e+000 1.586e+003-2.425e+001 1.041e+003
 8.250e+003 2.930e+000 6.000e+001 1.807e-001 1.494e-001 4.130e-002-2.145e+000-1.602e+001 2.235e+003-6.884e+000 5.106e+002 1.080e-001-2.295e+001 4.303e-001-4.600e+000-4.809e+000 8.864e+002-1.405e+001 5.988e+002
 8.380e+003 2.930e+000 5.700e+001 1.302e-001 6.457e-001 3.256e-002-1.020e+000-1.070e+001 1.588e+003-4.484e+000 2.430e+002 3.860e-002-1.143e+001 3.253e-001-3.550e+000-1.640e+000 3.617e+002-7.995e+000 3.066e+002
 8.500e+003 2.930e+000 3.900e+001 1.071e-001-9.821e-004 6.266e-003-5.464e-001-6.112e+000 5.335e+002-6.442e-001 6.581e+001 2.171e-002-1.512e+000 1.365e-001-1.268e+000-8.161e-001 9.610e+001-2.555e+000 1.061e+002
 8.630e+003 2.930e+000 4.800e+001 3.060e-001-5.042e+000 5.821e-002-3.689e+000-1.902e+001 1.574e+003-3.915e+000 2.767e+002 4.467e-002-5.413e+000 1.466e-001-1.720e+000-1.949e+000 2.539e+002-3.412e+000 1.656e+002
 8.750e+003 2.930e+000 3.900e+001 1.049e-001-7.390e-001-1.984e-003-8.174e-002-5.412e+000 4.547e+002-1.260e+000 4.643e+001-1.522e-002-8.731e-001 1.332e-001-1.116e+000-1.168e-001 5.013e+001-2.582e+000 8.304e+001
 8.880e+003 2.930e+000 4.200e+001 1.421e-001-1.706e+000 4.512e-003-8.182e-001-8.512e+000 6.526e+002-8.511e-001 7.100e+001-1.229e-002-5.648e-001 9.628e-002-6.517e-001-8.719e-001 1.114e+002-1.752e+000 7.459e+001
 9.000e+003 2.930e+000 4.800e+001 2.437e-001-5.814e+000 6.089e-002-2.273e+000-1.335e+001 1.031e+003-3.228e+000 1.295e+002-8.371e-003-2.194e+000 1.864e-001-1.543e+000-6.276e-001 1.718e+002-3.452e+000 1.340e+002
 9.130e+003 2.930e+000 3.300e+001 9.691e-002-1.524e+000 1.422e-002-3.989e-001-4.318e+000 2.988e+002-1.078e+000 2.479e+001-2.147e-002 7.676e-001 1.121e-001-9.931e-001 1.277e-001 2.899e+001-1.579e+000 5.649e+001
 9.250e+003 2.930e+000 3.300e+001 1.637e-001-2.939e+000 1.682e-002-1.356e+000-8.591e+000 6.142e+002-1.069e+000 5.563e+001-1.635e-002 1.210e-001 1.113e-001-1.022e+000-9.127e-001 1.046e+002-1.637e+000 7.662e+001
 9.380e+003 2.930e+000 3.600e+001 8.122e-002 6.223e-001 4.398e-003-7.105e-002-3.739e+000 3.904e+002 1.379e+000-1.047e+001-1.507e-002 8.921e-001 1.108e-001-1.515e+000 5.089e-002 4.055e+001-1.615e+000 6.340e+001
 9.500e+003 2.930e+000 4.800e+001 1.552e-001-2.670e+000 2.200e-002-1.577e-001-6.790e+000 5.027e+002-7.514e-001 2.183e+001-3.715e-003-1.354e+000 1.485e-001-1.527e+000-2.795e-001 6.877e+001-2.153e+000 7.627e+001
 9.630e+003 2.930e+000 4.200e+001 1.058e-001-1.307e+000 2.166e-002-5.637e-001-5.075e+000 3.480e+002-8.725e-001 3.319e+001 8.012e-003-1.392e+000 1.291e-001-1.062e+000-4.078e-001 5.674e+001-1.749e+000 5.425e+001
 9.750e+003 2.930e+000 3.900e+001 7.859e-002-8.540e-001-8.681e-003 2.030e-001-2.894e+000 2.542e+002 1.005e+000-4.597e+000-1.725e-002-1.197e+000 1.545e-001-1.546e+000 6.097e-002 5.525e+001-2.702e+000 8.292e+001
 9.880e+003 2.930e+000 4.800e+001 1.577e-001-2.330e+000 4.920e-002-1.147e+000-7.424e+000 5.729e+002-2.489e+000 9.419e+001 3.096e-002-4.646e+000 2.669e-001-2.234e+000-1.420e+000 1.750e+002-5.462e+000 1.850e+002
 1.000e+004 2.930e+000 2.550e+002 1.089e+000-7.813e+000 1.317e-001-7.153e+000-6.779e+001 6.222e+003-2.424e+001 1.297e+003 1.735e-001-4.586e+001 2.464e+000-2.429e+001-1.182e+001 1.663e+003-5.844e+001 1.957e+003
 1.130e+004 2.930e+000 4.350e+002 2.022e+000-1.527e+001-6.458e-002 6.374e+000-1.015e+002 6.854e+003-7.919e-001 2.966e+001-3.463e-001-1.563e+000 1.940e+000-2.117e+001-4.841e+000 8.114e+002-3.237e+001 1.098e+003
 1.250e+004 2.930e+000 3.420e+002 9.988e-001-8.427e+000-1.074e-001 8.236e+000-3.555e+001 2.244e+003-1.974e+000 3.081e+001-3.674e-001-1.378e+000 1.893e+000-2.238e+001 2.941e+000 2.266e+002-3.388e+001 1.060e+003
 1.380e+004 2.930e+000 3.030e+002 6.957e-001-8.304e+000 8.273e-002 4.372e+000-2.117e+001 1.243e+003-1.612e+001 2.082e+002-4.653e-001 7.433e+000 1.821e+000-1.759e+001 8.094e+000-1.913e+002-3.053e+001 8.146e+002
 1.500e+004 2.930e+000 2.490e+002 5.266e-001-3.547e+000-5.173e-002 7.004e+000-1.467e+001 7.580e+002-3.517e+000-5.129e+001-3.763e-001 7.952e+000 1.369e+000-1.564e+001 6.084e+000-1.308e+002-2.303e+001 6.778e+002
 1.630e+004 2.930e+000 3.420e+002 1.748e+000 5.859e+000-1.248e+000 4.151e+001-8.080e+001 4.979e+003 7.223e+001-1.794e+003-1.445e+000 5.205e+001 3.748e+000-5.540e+001-8.456e-001 7.059e+002-5.502e+001 1.846e+003
 1.750e+004 2.930e+000 2.880e+002 1.360e+000-1.505e+001-5.457e-002-1.033e+000-3.500e+001 1.441e+003 3.692e+000 1.755e+001 2.739e-001-1.217e+001 1.844e+000-2.031e+001-8.915e+000 4.082e+002-3.305e+001 9.403e+002
 1.880e+004 2.930e+000 3.090e+002 1.713e+000-2.432e+001-4.472e-003-1.189e+001-4.224e+001 1.717e+003 1.071e+001 7.687e+001 9.042e-001-2.537e+001 1.648e+000-1.702e+001-2.086e+001 8.017e+002-2.968e+001 8.496e+002
 2.000e+004 2.930e+000 4.410e+002 5.366e+000-7.589e+001-2.878e+000 1.967e+002-8.696e+001 2.973e+003-1.318e+002-1.013e+002-1.163e+001 2.275e+002 2.996e+001-3.553e+002 1.928e+002-6.052e+003-5.772e+002 1.557e+004
 2.130e+004 2.930e+000 2.070e+002 2.989e-001-2.967e+000 1.041e-001-6.450e+000-7.621e+000 4.159e+002 3.501e+000 1.656e+002 3.886e-001-2.049e+001 2.530e+000-2.822e+001-7.121e+000 4.883e+002-4.869e+001 1.322e+003
 2.250e+004 2.930e+000 1.740e+002 2.887e-001-2.341e+000-3.744e-003 9.015e-001-8.219e+000 3.799e+002-1.809e+000 7.448e+000-5.919e-002 2.125e+000 3.397e-001-2.464e+000 2.064e-001-6.057e+000-4.182e+000 1.009e+002
 2.380e+004 2.930e+000 4.350e+002 1.995e+001-2.141e+002 1.834e+000-1.265e+002-9.915e+002 5.216e+004-4.301e+001 3.247e+003 4.612e+000-2.520e+002 1.660e+000-4.550e+000-2.911e+002 1.602e+004-8.327e+001 5.218e+003
 2.500e+004 2.930e+000 1.740e+002 5.589e-001-6.666e+000 8.924e-002-4.562e+000-1.733e+001 7.705e+002 1.717e+000 4.899e+001 2.933e-001-1.012e+001 3.614e-001-2.611e+000-7.197e+000 3.219e+002-6.391e+000 1.837e+002
 2.630e+004 2.930e+000 1.410e+002 1.585e-001-4.484e-002 1.150e-003 3.387e-001-3.960e+000 5.066e+002 3.367e-001 6.687e+000-2.222e-002 1.084e+000 1.077e-001-5.484e-001-3.781e-001 8.560e+001-5.688e-001 3.228e+001
 2.750e+004 2.930e+000 1.260e+002 1.223e-001-7.526e-002-2.552e-003 2.266e-001-2.503e+000 8.178e+001 1.667e-001-6.689e+000-8.271e-003 3.440e-001 7.388e-002-2.465e-001-7.751e-001 2.334e+001-2.905e-001 1.523e+001
 2.880e+004 2.930e+000 6.000e+001 3.283e-002-6.046e-002 1.156e-003 3.802e-003-4.594e-001 1.556e+001 1.846e-002-1.157e+000 2.314e-004 9.172e-002 2.917e-002-3.447e-002-1.339e-001 3.401e+000-5.625e-002 2.136e+000
 3.000e+004 2.930e+000 1.080e+002 1.429e-001 5.984e-002 5.838e-004-1.347e-001-2.315e+000 5.348e+001 8.492e-002 3.883e+000 1.259e-002-1.534e-001 4.588e-002-4.927e-002-6.784e-001 1.459e+001-9.378e-002 5.553e+000
 3.130e+004 2.930e+000 1.860e+002 2.893e-001-6.143e+000 9.816e-003-1.178e-001-4.256e+000 2.502e+002 1.212e+000 6.283e+001 1.031e-001-2.874e+000 6.268e-001-4.043e+000 8.817e-001 3.236e+000-9.592e+000 2.296e+002
 3.250e+004 2.930e+000 1.830e+002 5.016e-001-1.319e+001-4.821e-002 1.795e+000-7.129e+000 5.220e+002 1.660e+000 1.035e+002 4.075e-002 1.055e+000 8.254e-002 7.384e-001 4.113e+000-1.126e+002-4.505e-002 5.394e+001
 3.380e+004 2.930e+000 5.400e+001 1.235e-002-7.242e-002 2.565e-003-1.829e-002-7.072e-002 3.774e+000 6.965e-002 2.044e-001 4.899e-003-4.293e-002 2.198e-002-4.808e-002-7.273e-003 5.063e-001-1.065e-002 4.273e-001
 3.500e+004 2.930e+000 4.200e+001 9.029e-003-2.505e-004-9.562e-005 3.836e-003-5.128e-002 1.969e+000-8.221e-003 1.274e-001 2.811e-004-3.887e-003 1.456e-002 2.364e-003-6.233e-003 3.719e-001-1.400e-002 3.318e-001
 3.630e+004 2.930e+000 1.050e+002 2.804e-002 9.494e-002 3.653e-003 9.422e-003-9.391e-002 1.464e+001-1.117e-001 6.067e+000 3.497e-004-3.934e-001 4.799e-002-1.698e-001-3.427e-002 7.650e+000-3.592e-001 9.216e+000
 3.750e+004 2.930e+000 1.020e+002 2.175e-002 4.587e-002 2.214e-003-4.921e-004-5.721e-002 4.987e+000 5.017e-002-7.436e-001 4.455e-004 4.955e-002 3.094e-002-6.855e-002 3.191e-002 7.289e-001-6.023e-002 1.198e+000
 3.880e+004 2.930e+000 7.500e+001 1.780e-002-3.503e-002 3.982e-003-2.153e-002-1.960e-001 9.928e+000-1.300e-001 1.281e+000-1.091e-003-1.566e-002 1.970e-002-3.961e-003-3.504e-003 1.140e+000-2.916e-002 6.622e-001
 4.000e+004 2.930e+000 2.970e+002 5.602e-001-1.296e+001 1.259e-001-6.018e+000-2.348e+001 1.409e+003-4.003e+000 2.243e+002 7.027e-002-5.892e+000 1.164e-001-2.842e-001-1.993e+000 2.449e+002-1.815e+000 8.140e+001
 4.130e+004 2.930e+000 9.300e+001 1.902e-002-9.481e-003 1.822e-003-2.797e-002-1.757e-001 6.898e+000-2.395e-002 8.845e-001 2.522e-003-3.894e-002 1.927e-002-6.018e-003-3.109e-002 1.038e+000-3.022e-002 5.202e-001
 4.250e+004 2.930e+000 7.500e+001 1.073e-002-3.645e-003 8.981e-004-6.915e-003-4.571e-002 5.352e+000 9.165e-002-6.287e-001 2.184e-003-3.730e-002 2.094e-002-4.206e-002-1.722e-003 1.120e+000-5.748e-002 7.736e-001
 4.380e+004 2.930e+000 7.200e+001 9.750e-003-2.511e-002 4.606e-004-8.361e-003-8.045e-003 2.269e+000-2.114e-002 1.642e-001 1.919e-003-7.102e-003 1.614e-002-2.045e-002 2.349e-003 2.122e-001-3.338e-002 4.489e-001
 4.500e+004 2.930e+000 4.800e+001 8.377e-003-2.163e-002 1.373e-003-3.620e-003-3.239e-002 1.556e+000 1.093e-002 4.676e-002 8.386e-004-3.548e-004 9.131e-003-4.371e-003-8.574e-003 1.460e-001-1.177e-002 1.090e-001
 4.630e+004 2.930e+000 8.400e+001 1.274e-002-2.128e-002 3.297e-003-5.398e-003-9.361e-002 3.423e+000-2.648e-002 7.592e-002-2.043e-004-1.007e-002 1.718e-002-1.296e-002-1.417e-003 3.451e-001-1.308e-002 2.399e-001
 4.750e+004 2.930e+000 2.550e+002 3.366e-001-6.881e+000 8.268e-002-1.208e+000-7.517e+000 3.438e+002-6.420e-001 4.327e+001 5.578e-002-3.193e+000 8.234e-002-4.058e-001 5.577e-001 1.436e+001-2.407e-001 6.912e+000
 4.880e+004 2.930e+000 1.320e+002 1.102e-001-2.768e+000 3.351e-002-4.586e-001-2.240e+000 1.343e+002-2.673e-001 2.372e+001 1.651e-002-1.332e+000 3.683e-002-2.347e-001 4.486e-001 2.951e+000-8.922e-002 4.576e+000
 5.000e+004 2.930e+000 6.000e+001 6.983e-003-5.278e-003 2.679e-003-1.268e-003-6.731e-004 4.207e-001 4.053e-003 1.722e-002 1.793e-003 8.050e-003 9.495e-003-3.962e-003 1.822e-003 4.793e-002 3.057e-003 4.595e-002
 5.130e+004 2.930e+000 5.400e+001 6.558e-003-3.175e-004-7.913e-004 7.067e-004-8.287e-003 2.177e-001 1.220e-003 1.606e-002 1.278e-003 8.805e-004 8.827e-003 1.397e-004 1.529e-003 1.588e-002-1.116e-004 3.666e-002
 5.250e+004 2.930e+000 6.900e+001 6.165e-003 6.501e-005 7.078e-004-1.147e-003-4.300e-003 5.845e-001-1.451e-003-9.076e-003 4.130e-004 4.134e-003 1.140e-002-3.102e-003 1.464e-003 7.739e-002-6.795e-003 1.134e-001
 5.380e+004 2.930e+000 2.010e+002 3.624e-001-5.444e+000-2.620e-003-4.964e-001-8.682e+000 3.080e+002 2.107e+000-1.955e+001 1.285e-001-3.159e+000 7.074e-002-2.112e-001-2.006e+000 5.921e+001-7.513e-001 1.288e+001
 5.500e+004 2.930e+000 7.200e+001 7.192e-003-1.080e-001 1.870e-003-6.228e-002-1.059e-001 1.803e+001-1.509e-001 5.834e+000 2.682e-004-1.365e-001 9.132e-003-3.868e-003 3.506e-003 4.868e+000-8.784e-002 3.278e+000
 5.630e+004 2.930e+000 1.050e+002 2.097e-002-2.620e-001 7.114e-003-4.319e-001-1.088e+000 9.009e+001-4.657e-001 2.940e+001 9.138e-003-7.718e-001 2.121e-002-1.132e-001-2.434e-001 2.726e+001-3.947e-001 1.807e+001
 5.750e+004 2.930e+000 5.100e+001 3.923e-003-2.869e-003 2.598e-004-1.784e-003-1.125e-002 3.998e-001-1.192e-002 6.409e-002 1.195e-004-9.857e-004 4.953e-003 1.369e-003-2.450e-003 7.558e-002-3.630e-003 4.126e-002
 5.880e+004 2.930e+000 6.300e+001 5.668e-003 4.757e-003-3.886e-004 3.617e-004-1.480e-002 2.708e-001 3.348e-003 2.317e-002-2.952e-004-1.242e-003 5.677e-003-5.389e-004-4.008e-003 4.572e-002-5.428e-004 2.432e-002
 6.000e+004 2.930e+000 4.500e+001 4.198e-003-9.604e-003 6.556e-004-1.462e-002-2.808e-002 1.063e+000 1.163e-002 2.010e-001 1.628e-003-4.206e-002 6.903e-003-1.816e-002-1.495e-002 6.904e-001-3.422e-002 6.141e-001
 6.130e+004 2.930e+000 5.400e+001 3.282e-003-5.209e-003 2.048e-004-6.882e-004-7.317e-003 1.694e-001 1.510e-003 1.039e-002 3.503e-004-2.311e-003 5.406e-003-1.486e-003-4.703e-004 1.345e-002 2.064e-003 8.964e-003
 6.250e+004 2.930e+000 6.000e+001 5.073e-003-6.130e-003 5.600e-004-1.480e-003-8.393e-004 2.169e-001 4.424e-003 1.805e-002 8.084e-004-6.295e-003 5.652e-003-2.739e-003 1.566e-003 3.552e-002-9.615e-004 1.748e-002
 6.380e+004 2.930e+000 1.020e+002 3.312e-002-2.560e-001 9.077e-003-3.966e-001-1.286e+000 6.364e+001-3.421e-001 1.726e+001 8.279e-003-4.457e-001 1.225e-002-5.365e-002-1.827e-001 1.257e+001-1.795e-001 7.231e+000
 6.500e+004 2.930e+000 3.000e+001 1.550e-003-2.364e-003-1.375e-004-9.422e-004-7.674e-003 1.727e-001-1.929e-003 2.176e-002 3.482e-006-2.829e-003 2.739e-003 1.170e-004-3.275e-004 2.278e-002-8.058e-004 9.534e-003
 6.630e+004 2.930e+000 7.800e+001 4.258e-003 2.799e-003 2.822e-004 1.661e-003-1.448e-002 4.743e-001 6.529e-004-3.586e-002 7.453e-004 1.664e-003 5.627e-003-2.161e-004-2.304e-003 8.312e-002 8.530e-004 2.987e-002
 6.750e+004 2.930e+000 5.100e+001 2.379e-003-2.966e-003 3.091e-004 2.644e-004-7.193e-004 9.000e-002 1.218e-004 9.618e-003 1.655e-004-2.265e-003 3.237e-003-1.246e-003 9.789e-004 7.862e-003-1.153e-003 1.671e-002
 6.880e+004 2.930e+000 1.500e+002 7.139e-003-5.221e-003 4.668e-003-2.968e-002-1.293e-002 1.296e+000-3.226e-001 4.468e+000-1.241e-003-1.613e-002 1.074e-001-8.236e-001 5.910e-002-2.434e+000-1.331e+000 2.481e+001
 7.000e+004 2.930e+000 5.100e+001 2.531e-003 1.513e-003 1.860e-005 4.235e-004 2.732e-003 1.917e-001-4.306e-003-6.629e-003 3.569e-004-1.022e-003 2.485e-003 6.521e-004 1.308e-003 3.011e-002-5.339e-004 1.471e-002
 7.130e+004 2.930e+000 5.700e+001 2.419e-003 1.175e-003-1.582e-005 5.880e-004-3.753e-004 9.186e-002 2.223e-003 1.433e-003-1.822e-004-2.833e-003 2.426e-003-2.118e-003 1.810e-005 1.823e-002-4.369e-004 1.583e-002
 7.250e+004 2.930e+000 6.300e+001 2.378e-003 4.781e-003 4.627e-004 8.724e-005-3.540e-003 2.400e-001-1.281e-003 2.115e-002 2.692e-004 3.182e-003 3.608e-003-1.649e-003-7.859e-004 5.470e-002-1.490e-003 5.083e-002
 7.380e+004 2.930e+000 6.900e+001 2.297e-003-8.846e-004 2.991e-004 2.101e-004-5.292e-003 2.018e-001 4.832e-003 1.622e-003 6.949e-004-5.963e-003 3.927e-003-1.146e-003-9.426e-004 3.892e-002-1.009e-003 1.415e-002
 7.500e+004 2.930e+000 3.600e+001 1.034e-003 5.281e-004-4.371e-005-2.460e-004-1.609e-003 2.603e-002 4.072e-004 2.285e-004 4.725e-004 7.648e-004 1.682e-003-2.795e-004-2.685e-005 1.825e-003 5.914e-005 2.283e-003
 7.630e+004 2.930e+000 5.700e+001 1.535e-003 9.538e-004 1.310e-004-1.754e-004-1.784e-003 8.424e-002 1.787e-003 2.407e-007 2.068e-004-2.078e-003 3.577e-003-1.118e-004 1.991e-004 1.281e-002-3.547e-004 6.300e-003
 7.750e+004 2.930e+000 4.800e+001 1.633e-003-6.492e-004 2.124e-004-1.197e-004-3.512e-003 1.480e-001-1.006e-003-4.832e-003 4.037e-004-4.337e-003 2.063e-003 6.799e-004-1.093e-003 3.522e-002-1.173e-003 1.211e-002
 7.880e+004 2.930e+000 5.100e+001 1.513e-003-3.614e-004-1.640e-004 3.172e-004-2.026e-003 9.394e-002 3.476e-003-2.624e-003 6.524e-005-1.306e-003 2.162e-003-4.352e-004 2.274e-004 8.963e-003-6.717e-004 3.932e-003
 8.000e+004 2.930e+000 4.800e+001 1.289e-003-1.107e-004 1.333e-006 1.012e-003-7.569e-004 8.903e-002 2.554e-003 4.065e-003 8.467e-005-5.575e-004 2.043e-003-1.332e-003 3.241e-004 1.437e-002-8.466e-004 1.071e-002
 8.130e+004 2.930e+000 4.200e+001 9.814e-004-1.039e-003 2.678e-004 1.103e-004-8.018e-004 3.771e-002-3.961e-004 2.116e-004-3.959e-005-2.563e-004 1.485e-003 3.346e-004-1.821e-004 4.626e-003-1.560e-004 2.736e-003
 8.250e+004 2.930e+000 6.600e+001 1.637e-003-9.971e-004 1.878e-005-1.860e-004-4.247e-003 1.416e-001 2.074e-003-4.390e-003 9.176e-006-1.649e-003 2.467e-003-1.668e-004-6.355e-004 2.548e-002-4.682e-004 9.175e-003
 8.380e+004 2.930e+000 5.700e+001 1.397e-003-3.051e-004 9.752e-005 2.867e-005-2.920e-003 6.668e-002-1.081e-003 2.064e-003 7.027e-005-4.974e-004 1.623e-003-1.275e-004-1.151e-004 7.786e-003-1.375e-004 6.353e-003
 8.500e+004 2.930e+000 5.400e+001 1.339e-003-1.617e-004-4.768e-005 3.475e-005-3.267e-003 5.605e-002 1.130e-003-1.412e-003 6.071e-005-5.848e-004 1.823e-003-1.139e-003 6.759e-005 6.257e-003-1.808e-003 1.532e-002
 8.630e+004 2.930e+000 5.700e+001 1.146e-003-1.423e-003-8.279e-005 3.164e-004 1.085e-004 6.090e-002 1.367e-003-1.193e-003 2.707e-005-9.795e-004 1.854e-003-1.876e-003-6.358e-004 7.535e-003-2.042e-003 2.927e-002
 8.750e+004 2.930e+000 9.300e+001 2.187e-003-9.551e-004-6.664e-005-3.594e-004-9.222e-004 1.028e-001 1.661e-003-5.584e-003 2.103e-004-1.740e-003 2.901e-003-6.954e-003 7.429e-004 2.247e-002-8.279e-003 1.423e-001
 8.880e+004 2.930e+000 1.080e+002 2.393e-003-1.420e-003-4.040e-004 3.775e-003-3.731e-003 1.150e-001 2.820e-003-3.033e-002 3.840e-004 2.219e-003 3.677e-003-1.292e-002-3.429e-003 2.142e-004-2.034e-002 3.036e-001
 9.000e+004 2.930e+000 1.290e+002 3.036e-003-2.716e-003-5.878e-004 5.091e-003-8.369e-003 3.002e-001 1.247e-002-1.750e-001 4.656e-004 1.084e-003 5.115e-003-2.489e-002-8.456e-003 8.626e-002-3.299e-002 5.666e-001
 9.130e+004 2.930e+000 1.560e+002 3.309e-003-5.294e-003 6.109e-005-5.968e-003-9.328e-003 3.289e-001 1.137e-002-1.311e-001 1.177e-003-2.132e-003 8.132e-003-4.248e-002-1.170e-002 1.457e-001-5.583e-002 9.177e-001
 9.250e+004 2.930e+000 2.190e+002 4.686e-003-1.373e-002-9.496e-004 4.046e-003-2.048e-002 6.969e-001 2.876e-002-3.833e-001 8.899e-004 3.603e-003 1.067e-002-5.986e-002-1.783e-002 1.791e-001-8.498e-002 1.515e+000
 9.380e+004 2.930e+000 1.380e+002 3.255e-003-7.261e-003-4.061e-005-4.325e-003-1.131e-002 3.933e-001 1.608e-002-1.044e-001 8.124e-004-1.241e-002 6.579e-003-3.206e-002-9.367e-003 2.089e-001-4.707e-002 7.587e-001
 9.500e+004 2.930e+000 1.140e+002 2.468e-003-5.636e-003 1.838e-004-7.863e-003-5.577e-003 1.824e-001 1.054e-002-4.107e-002 1.161e-003-9.460e-003 5.894e-003-2.597e-002-7.007e-003 1.727e-001-4.367e-002 7.047e-001
 9.630e+004 2.930e+000 0.000e+000 0.000e+000 0.000e+000 0.000e+000 0.000e+000 0.000e+000 0.000e+000 0.000e+000 0.000e+000 0.000e+000 0.000e+000 0.000e+000 0.000e+000 0.000e+000 0.000e+000 0.000e+000 0.000e+000
 9.750e+004 2.930e+000 0.000e+000 0.000e+000 0.000e+000 0.000e+000 0.000e+000 0.000e+000 0.000e+000 0.000e+000 0.000e+000 0.000e+000 0.000e+000 0.000e+000 0.000e+000 0.000e+000 0.000e+000 0.000e+000 0.000e+000
 9.880e+004 2.930e+000 0.000e+000 0.000e+000 0.000e+000 0.000e+000 0.000e+000 0.000e+000 0.000e+000 0.000e+000 0.000e+000 0.000e+000 0.000e+000 0.000e+000 0.000e+000 0.000e+000 0.000e+000 0.000e+000 0.000e+000
 1.000e+005 2.930e+000 0.000e+000 0.000e+000 0.000e+000 0.000e+000 0.000e+000 0.000e+000 0.000e+000 0.000e+000 0.000e+000 0.000e+000 0.000e+000 0.000e+000 0.000e+000 0.000e+000 0.000e+000 0.000e+000 0.000e+000
