 6.250e+000 2.930e+000 0.000e+000 0.000e+000 0.000e+000 0.000e+000 0.000e+000 0.000e+000 0.000e+000 0.000e+000 0.000e+000 0.000e+000 0.000e+000 0.000e+000 0.000e+000 0.000e+000 0.000e+000 0.000e+000 0.000e+000
 7.500e+000 2.930e+000 0.000e+000 0.000e+000 0.000e+000 0.000e+000 0.000e+000 0.000e+000 0.000e+000 0.000e+000 0.000e+000 0.000e+000 0.000e+000 0.000e+000 0.000e+000 0.000e+000 0.000e+000 0.000e+000 0.000e+000
 8.750e+000 2.930e+000 0.000e+000 0.000e+000 0.000e+000 0.000e+000 0.000e+000 0.000e+000 0.000e+000 0.000e+000 0.000e+000 0.000e+000 0.000e+000 0.000e+000 0.000e+000 0.000e+000 0.000e+000 0.000e+000 0.000e+000
 1.000e+001 2.930e+000 0.000e+000 0.000e+000 0.000e+000 0.000e+000 0.000e+000 0.000e+000 0.000e+000 0.000e+000 0.000e+000 0.000e+000 0.000e+000 0.000e+000 0.000e+000 0.000e+000 0.000e+000 0.000e+000 0.000e+000
 1.130e+001 2.930e+000 2.400e+001 5.790e+003 8.155e+003-8.440e+002-2.088e+003 1.955e+003 2.177e+005 1.577e+003 5.572e+003-1.169e+003-1.912e+003 9.267e+002 7.794e+002-8.123e+001-1.650e+004 7.391e+002 1.252e+004
 1.250e+001 2.930e+000 0.000e+000 0.000e+000 0.000e+000 0.000e+000 0.000e+000 0.000e+000 0.000e+000 0.000e+000 0.000e+000 0.000e+000 0.000e+000 0.000e+000 0.000e+000 0.000e+000 0.000e+000 0.000e+000 0.000e+000
 1.380e+001 2.930e+000 0.000e+000 0.000e+000 0.000e+000 0.000e+000 0.000e+000 0.000e+000 0.000e+000 0.000e+000 0.000e+000 0.000e+000 0.000e+000 0.000e+000 0.000e+000 0.000e+000 0.000e+000 0.000e+000 0.000e+000
 1.500e+001 2.930e+000 2.400e+001 5.396e+003 4.097e+003-5.656e+002-2.265e+003 1.622e+003 2.472e+005 3.431e+003 5.057e+003-1.194e+003 2.612e+003 2.488e+003 1.985e+003 1.446e+003-3.131e+004 6.792e+002 1.264e+004
 1.630e+001 2.930e+000 0.000e+000 0.000e+000 0.000e+000 0.000e+000 0.000e+000 0.000e+000 0.000e+000 0.000e+000 0.000e+000 0.000e+000 0.000e+000 0.000e+000 0.000e+000 0.000e+000 0.000e+000 0.000e+000 0.000e+000
 1.750e+001 2.930e+000 2.400e+001 5.392e+003 2.409e+002-4.928e+002-2.337e+003 3.376e+003 1.328e+005-4.103e+001 2.716e+003-9.945e+002-1.782e+003 5.231e+002 7.775e+002 3.752e+002-1.394e+004 6.047e+002 8.069e+003
 1.880e+001 2.930e+000 0.000e+000 0.000e+000 0.000e+000 0.000e+000 0.000e+000 0.000e+000 0.000e+000 0.000e+000 0.000e+000 0.000e+000 0.000e+000 0.000e+000 0.000e+000 0.000e+000 0.000e+000 0.000e+000 0.000e+000
 2.000e+001 2.930e+000 2.100e+001 3.952e+003 4.695e+003-3.622e+002-2.250e+003 1.399e+003 4.799e+004 7.216e+002-2.475e+003-9.087e+002-9.420e+002 5.048e+002 8.678e+002 6.606e+002-7.077e+003 2.982e+002 4.950e+003
 2.130e+001 2.930e+000 0.000e+000 0.000e+000 0.000e+000 0.000e+000 0.000e+000 0.000e+000 0.000e+000 0.000e+000 0.000e+000 0.000e+000 0.000e+000 0.000e+000 0.000e+000 0.000e+000 0.000e+000 0.000e+000 0.000e+000
 2.250e+001 2.930e+000 0.000e+000 0.000e+000 0.000e+000 0.000e+000 0.000e+000 0.000e+000 0.000e+000 0.000e+000 0.000e+000 0.000e+000 0.000e+000 0.000e+000 0.000e+000 0.000e+000 0.000e+000 0.000e+000 0.000e+000
 2.380e+001 2.930e+000 2.100e+001 5.606e+003 1.535e+003-1.890e+002-7.681e+002 3.236e+003 5.430e+004 9.161e+002-2.025e+003-6.796e+002-1.543e+003 4.812e+002 3.253e+002 2.698e+002-9.540e+003 3.719e+002 3.547e+003
 2.500e+001 2.930e+000 0.000e+000 0.000e+000 0.000e+000 0.000e+000 0.000e+000 0.000e+000 0.000e+000 0.000e+000 0.000e+000 0.000e+000 0.000e+000 0.000e+000 0.000e+000 0.000e+000 0.000e+000 0.000e+000 0.000e+000
 2.630e+001 2.930e+000 2.400e+001 7.725e+003 5.282e+003-4.230e+002-3.328e+003 8.007e+002 7.854e+004 2.087e+003-4.224e+003-1.963e+003-7.485e+002 1.107e+003 9.430e+002-1.974e+002-1.536e+004 4.342e+002 6.253e+003
 2.750e+001 2.930e+000 0.000e+000 0.000e+000 0.000e+000 0.000e+000 0.000e+000 0.000e+000 0.000e+000 0.000e+000 0.000e+000 0.000e+000 0.000e+000 0.000e+000 0.000e+000 0.000e+000 0.000e+000 0.000e+000 0.000e+000
 2.880e+001 2.930e+000 2.400e+001 8.934e+003 1.248e+004-7.556e+002-4.331e+003 3.755e+003 6.829e+004 2.274e+003-6.639e+003-2.096e+003-1.297e+003 1.085e+003 1.068e+003 6.330e+002-1.397e+004 3.060e+002 5.310e+003
 3.000e+001 2.930e+000 0.000e+000 0.000e+000 0.000e+000 0.000e+000 0.000e+000 0.000e+000 0.000e+000 0.000e+000 0.000e+000 0.000e+000 0.000e+000 0.000e+000 0.000e+000 0.000e+000 0.000e+000 0.000e+000 0.000e+000
 3.130e+001 2.930e+000 0.000e+000 0.000e+000 0.000e+000 0.000e+000 0.000e+000 0.000e+000 0.000e+000 0.000e+000 0.000e+000 0.000e+000 0.000e+000 0.000e+000 0.000e+000 0.000e+000 0.000e+000 0.000e+000 0.000e+000
 3.250e+001 2.930e+000 2.100e+001 1.011e+004 6.804e+003-7.971e+002-3.341e+003 2.789e+003 4.426e+004 1.111e+003-3.099e+003-1.541e+003-1.183e+003 7.220e+002 6.082e+002 2.386e+001-8.377e+003 2.302e+002 3.524e+003
 3.380e+001 2.930e+000 0.000e+000 0.000e+000 0.000e+000 0.000e+000 0.000e+000 0.000e+000 0.000e+000 0.000e+000 0.000e+000 0.000e+000 0.000e+000 0.000e+000 0.000e+000 0.000e+000 0.000e+000 0.000e+000 0.000e+000
 3.500e+001 2.930e+000 2.400e+001 1.687e+004 1.480e+004-2.215e+003-8.838e+003 1.432e+004 8.173e+004 3.591e+003-7.351e+003-4.909e+003-5.028e+003 2.986e+003 2.410e+003-2.278e+003-1.996e+004 1.800e+003 9.037e+003
 3.630e+001 2.930e+000 0.000e+000 0.000e+000 0.000e+000 0.000e+000 0.000e+000 0.000e+000 0.000e+000 0.000e+000 0.000e+000 0.000e+000 0.000e+000 0.000e+000 0.000e+000 0.000e+000 0.000e+000 0.000e+000 0.000e+000
 3.750e+001 2.930e+000 2.400e+001 2.982e+004 2.886e+004-3.195e+003-1.250e+004 1.185e+004 9.156e+004 8.174e+003-4.906e+003-9.489e+003-6.102e+003 6.095e+003 4.632e+003-6.280e+002-2.391e+004 2.170e+003 9.271e+003
 3.880e+001 2.930e+000 0.000e+000 0.000e+000 0.000e+000 0.000e+000 0.000e+000 0.000e+000 0.000e+000 0.000e+000 0.000e+000 0.000e+000 0.000e+000 0.000e+000 0.000e+000 0.000e+000 0.000e+000 0.000e+000 0.000e+000
 4.000e+001 2.930e+000 0.000e+000 0.000e+000 0.000e+000 0.000e+000 0.000e+000 0.000e+000 0.000e+000 0.000e+000 0.000e+000 0.000e+000 0.000e+000 0.000e+000 0.000e+000 0.000e+000 0.000e+000 0.000e+000 0.000e+000
 4.130e+001 2.930e+000 2.400e+001 5.588e+004 5.975e+004-6.182e+003-2.281e+004 2.361e+004 1.308e+005 1.979e+004-1.389e+004-1.780e+004-1.122e+004 1.089e+004 7.821e+003 1.015e+003-3.331e+004 1.809e+003 1.301e+004
 4.250e+001 2.930e+000 0.000e+000 0.000e+000 0.000e+000 0.000e+000 0.000e+000 0.000e+000 0.000e+000 0.000e+000 0.000e+000 0.000e+000 0.000e+000 0.000e+000 0.000e+000 0.000e+000 0.000e+000 0.000e+000 0.000e+000
 4.380e+001 2.930e+000 2.400e+001 1.534e+005 1.564e+005-3.277e+004-6.979e+004 3.782e+004 2.530e+005 6.723e+004-2.222e+004-6.078e+004-3.178e+004 4.715e+004 3.143e+004 1.838e+003-8.811e+004 1.052e+004 3.755e+004
 4.500e+001 2.930e+000 0.000e+000 0.000e+000 0.000e+000 0.000e+000 0.000e+000 0.000e+000 0.000e+000 0.000e+000 0.000e+000 0.000e+000 0.000e+000 0.000e+000 0.000e+000 0.000e+000 0.000e+000 0.000e+000 0.000e+000
 4.630e+001 2.930e+000 2.400e+001 2.949e+005 2.599e+005-2.799e+004-1.229e+005 1.716e+005 4.204e+005 5.058e+004-4.656e+004-4.867e+004-3.132e+004 4.019e+004 2.603e+004-2.575e+004-1.441e+005 1.159e+004 6.006e+004
 4.750e+001 2.930e+000 0.000e+000 0.000e+000 0.000e+000 0.000e+000 0.000e+000 0.000e+000 0.000e+000 0.000e+000 0.000e+000 0.000e+000 0.000e+000 0.000e+000 0.000e+000 0.000e+000 0.000e+000 0.000e+000 0.000e+000
 4.880e+001 2.930e+000 0.000e+000 0.000e+000 0.000e+000 0.000e+000 0.000e+000 0.000e+000 0.000e+000 0.000e+000 0.000e+000 0.000e+000 0.000e+000 0.000e+000 0.000e+000 0.000e+000 0.000e+000 0.000e+000 0.000e+000
 5.000e+001 2.930e+000 2.400e+001 1.904e+008 1.449e+008-4.623e+006-5.701e+007 3.820e+007 1.182e+008 1.979e+007-1.623e+007-2.716e+007-9.010e+006 4.028e+006 8.273e+006 6.330e+006-4.216e+007 4.874e+005 1.731e+007
 5.130e+001 2.930e+000 0.000e+000 0.000e+000 0.000e+000 0.000e+000 0.000e+000 0.000e+000 0.000e+000 0.000e+000 0.000e+000 0.000e+000 0.000e+000 0.000e+000 0.000e+000 0.000e+000 0.000e+000 0.000e+000 0.000e+000
 5.250e+001 2.930e+000 2.400e+001 2.903e+005 2.536e+005 6.611e+003-1.150e+005 2.509e+005 5.376e+005 6.645e+004-5.218e+004-4.372e+004-2.498e+004 2.365e+004 2.725e+004-5.304e+004-1.712e+005 4.439e+003 6.347e+004
 5.380e+001 2.930e+000 0.000e+000 0.000e+000 0.000e+000 0.000e+000 0.000e+000 0.000e+000 0.000e+000 0.000e+000 0.000e+000 0.000e+000 0.000e+000 0.000e+000 0.000e+000 0.000e+000 0.000e+000 0.000e+000 0.000e+000
 5.500e+001 2.930e+000 0.000e+000 0.000e+000 0.000e+000 0.000e+000 0.000e+000 0.000e+000 0.000e+000 0.000e+000 0.000e+000 0.000e+000 0.000e+000 0.000e+000 0.000e+000 0.000e+000 0.000e+000 0.000e+000 0.000e+000
 5.630e+001 2.930e+000 2.400e+001 9.130e+004 8.418e+004-6.100e+003-3.519e+004 5.441e+004 1.791e+005 2.587e+004-1.112e+004-1.497e+004-1.121e+004 1.307e+004 1.211e+004-9.086e+003-5.804e+004 3.453e+003 2.201e+004
 5.750e+001 2.930e+000 0.000e+000 0.000e+000 0.000e+000 0.000e+000 0.000e+000 0.000e+000 0.000e+000 0.000e+000 0.000e+000 0.000e+000 0.000e+000 0.000e+000 0.000e+000 0.000e+000 0.000e+000 0.000e+000 0.000e+000
 5.880e+001 2.930e+000 2.400e+001 5.641e+004 4.360e+004-4.912e+003-1.926e+004 2.832e+004 8.639e+004 1.125e+004-5.408e+003-1.249e+004-7.368e+003 6.297e+003 5.336e+003-5.633e+003-2.572e+004 2.454e+003 9.894e+003
 6.000e+001 2.930e+000 0.000e+000 0.000e+000 0.000e+000 0.000e+000 0.000e+000 0.000e+000 0.000e+000 0.000e+000 0.000e+000 0.000e+000 0.000e+000 0.000e+000 0.000e+000 0.000e+000 0.000e+000 0.000e+000 0.000e+000
 6.130e+001 2.930e+000 2.400e+001 3.594e+004 2.103e+004-2.761e+003-1.162e+004 1.116e+004 5.505e+004 7.912e+003-1.534e+003-8.945e+003-2.241e+003 4.454e+003 4.201e+003-3.847e+003-1.611e+004 1.576e+003 7.001e+003
 6.250e+001 2.930e+000 0.000e+000 0.000e+000 0.000e+000 0.000e+000 0.000e+000 0.000e+000 0.000e+000 0.000e+000 0.000e+000 0.000e+000 0.000e+000 0.000e+000 0.000e+000 0.000e+000 0.000e+000 0.000e+000 0.000e+000
 6.380e+001 2.930e+000 0.000e+000 0.000e+000 0.000e+000 0.000e+000 0.000e+000 0.000e+000 0.000e+000 0.000e+000 0.000e+000 0.000e+000 0.000e+000 0.000e+000 0.000e+000 0.000e+000 0.000e+000 0.000e+000 0.000e+000
 6.500e+001 2.930e+000 2.400e+001 2.280e+004 1.201e+004-1.477e+003-5.974e+003 6.490e+003 3.382e+004 4.120e+003-1.515e+003-5.301e+003-1.545e+003 2.489e+003 1.867e+003-1.555e+003-8.058e+003 9.887e+002 3.465e+003
 6.630e+001 2.930e+000 0.000e+000 0.000e+000 0.000e+000 0.000e+000 0.000e+000 0.000e+000 0.000e+000 0.000e+000 0.000e+000 0.000e+000 0.000e+000 0.000e+000 0.000e+000 0.000e+000 0.000e+000 0.000e+000 0.000e+000
 6.750e+001 2.930e+000 2.400e+001 1.273e+004 3.109e+003-3.333e+002-1.943e+003 5.467e+003 3.297e+004 1.494e+003 4.967e+002-2.314e+003 3.857e+002 1.142e+003 7.938e+002-1.149e+003-5.464e+003 3.469e+002 2.174e+003
 6.880e+001 2.930e+000 0.000e+000 0.000e+000 0.000e+000 0.000e+000 0.000e+000 0.000e+000 0.000e+000 0.000e+000 0.000e+000 0.000e+000 0.000e+000 0.000e+000 0.000e+000 0.000e+000 0.000e+000 0.000e+000 0.000e+000
 7.000e+001 2.930e+000 2.400e+001 1.271e+004 5.413e+003-1.128e+003-2.429e+003 4.349e+003 2.552e+004 1.224e+003-1.057e+003-2.008e+003-8.974e+002 8.248e+002 6.894e+002 1.976e+002-4.054e+003 2.742e+002 1.818e+003
 7.130e+001 2.930e+000 0.000e+000 0.000e+000 0.000e+000 0.000e+000 0.000e+000 0.000e+000 0.000e+000 0.000e+000 0.000e+000 0.000e+000 0.000e+000 0.000e+000 0.000e+000 0.000e+000 0.000e+000 0.000e+000 0.000e+000
 7.250e+001 2.930e+000 0.000e+000 0.000e+000 0.000e+000 0.000e+000 0.000e+000 0.000e+000 0.000e+000 0.000e+000 0.000e+000 0.000e+000 0.000e+000 0.000e+000 0.000e+000 0.000e+000 0.000e+000 0.000e+000 0.000e+000
 7.380e+001 2.930e+000 2.400e+001 9.271e+003 3.466e+003-7.393e+002-2.476e+003 3.361e+003 2.285e+004 5.612e+002-2.397e+002-1.755e+003-2.978e+002 8.112e+002 6.019e+002-6.573e+002-4.649e+003 3.869e+002 1.877e+003
 7.500e+001 2.930e+000 0.000e+000 0.000e+000 0.000e+000 0.000e+000 0.000e+000 0.000e+000 0.000e+000 0.000e+000 0.000e+000 0.000e+000 0.000e+000 0.000e+000 0.000e+000 0.000e+000 0.000e+000 0.000e+000 0.000e+000
 7.630e+001 2.930e+000 2.100e+001 5.840e+003 3.737e+003 9.854e+001-1.402e+003 1.748e+003 1.599e+004 1.116e+003 2.449e+002-1.145e+003-4.262e+002 5.031e+002 4.866e+002-8.500e+002-3.007e+003 2.302e+002 1.163e+003
 7.750e+001 2.930e+000 0.000e+000 0.000e+000 0.000e+000 0.000e+000 0.000e+000 0.000e+000 0.000e+000 0.000e+000 0.000e+000 0.000e+000 0.000e+000 0.000e+000 0.000e+000 0.000e+000 0.000e+000 0.000e+000 0.000e+000
 7.880e+001 2.930e+000 2.100e+001 4.990e+003 1.376e+003-3.823e+002-1.245e+003 2.605e+003 1.468e+004 5.278e+002-1.526e+002-9.765e+002-4.390e+002 5.006e+002 3.557e+002-6.227e+002-2.341e+003 2.570e+002 1.013e+003
 8.000e+001 2.930e+000 0.000e+000 0.000e+000 0.000e+000 0.000e+000 0.000e+000 0.000e+000 0.000e+000 0.000e+000 0.000e+000 0.000e+000 0.000e+000 0.000e+000 0.000e+000 0.000e+000 0.000e+000 0.000e+000 0.000e+000
 8.130e+001 2.930e+000 0.000e+000 0.000e+000 0.000e+000 0.000e+000 0.000e+000 0.000e+000 0.000e+000 0.000e+000 0.000e+000 0.000e+000 0.000e+000 0.000e+000 0.000e+000 0.000e+000 0.000e+000 0.000e+000 0.000e+000
 8.250e+001 2.930e+000 2.400e+001 6.572e+003 2.177e+003-8.656e+001-4.471e+002-1.699e+003 1.621e+004 2.053e+002-4.281e+002-1.092e+003 8.666e+002 3.961e+002 1.205e+002-4.264e+001-2.157e+003 1.249e+002 1.010e+003
 8.380e+001 2.930e+000 0.000e+000 0.000e+000 0.000e+000 0.000e+000 0.000e+000 0.000e+000 0.000e+000 0.000e+000 0.000e+000 0.000e+000 0.000e+000 0.000e+000 0.000e+000 0.000e+000 0.000e+000 0.000e+000 0.000e+000
 8.500e+001 2.930e+000 2.400e+001 4.462e+003 1.455e+003-1.438e+002-4.523e+002 1.487e+003 1.362e+004 7.155e+002-9.687e+000-8.980e+002-2.772e+002 5.026e+002 3.719e+002-1.757e+002-2.002e+003 9.945e+001 9.784e+002
 8.630e+001 2.930e+000 0.000e+000 0.000e+000 0.000e+000 0.000e+000 0.000e+000 0.000e+000 0.000e+000 0.000e+000 0.000e+000 0.000e+000 0.000e+000 0.000e+000 0.000e+000 0.000e+000 0.000e+000 0.000e+000 0.000e+000
 8.750e+001 2.930e+000 2.400e+001 4.049e+003 8.268e+002-1.257e+002-5.412e+002 1.322e+003 1.029e+004 1.134e+002-2.809e+001-5.938e+002-1.647e+002 2.363e+002 1.366e+002-3.124e+002-1.327e+003 1.210e+002 7.523e+002
 8.880e+001 2.930e+000 0.000e+000 0.000e+000 0.000e+000 0.000e+000 0.000e+000 0.000e+000 0.000e+000 0.000e+000 0.000e+000 0.000e+000 0.000e+000 0.000e+000 0.000e+000 0.000e+000 0.000e+000 0.000e+000 0.000e+000
 9.000e+001 2.930e+000 0.000e+000 0.000e+000 0.000e+000 0.000e+000 0.000e+000 0.000e+000 0.000e+000 0.000e+000 0.000e+000 0.000e+000 0.000e+000 0.000e+000 0.000e+000 0.000e+000 0.000e+000 0.000e+000 0.000e+000
 9.130e+001 2.930e+000 2.400e+001 4.121e+003 8.733e+002-5.448e+001-5.629e+002 5.952e+002 9.452e+003 1.174e+002 2.991e+002-4.689e+002 2.082e+002 1.749e+002 1.780e+002 1.134e+002-1.148e+003 2.595e+001 6.616e+002
 9.250e+001 2.930e+000 0.000e+000 0.000e+000 0.000e+000 0.000e+000 0.000e+000 0.000e+000 0.000e+000 0.000e+000 0.000e+000 0.000e+000 0.000e+000 0.000e+000 0.000e+000 0.000e+000 0.000e+000 0.000e+000 0.000e+000
 9.380e+001 2.930e+000 2.400e+001 3.411e+003 4.866e+002 2.566e+001-3.073e+002 3.942e+002 8.162e+003-8.416e-002 7.609e+001-2.011e+002 2.300e+000 6.152e+001 6.293e+001-1.331e+002-9.862e+002 2.072e+001 3.336e+002
 9.500e+001 2.930e+000 0.000e+000 0.000e+000 0.000e+000 0.000e+000 0.000e+000 0.000e+000 0.000e+000 0.000e+000 0.000e+000 0.000e+000 0.000e+000 0.000e+000 0.000e+000 0.000e+000 0.000e+000 0.000e+000 0.000e+000
 9.630e+001 2.930e+000 2.400e+001 3.867e+003 1.215e+003-9.752e+001-2.533e+002 1.104e+003 6.813e+003 2.833e+002 3.405e+001-2.039e+002-1.785e+002 8.451e+001 6.574e+001-6.842e+001-1.058e+003 4.936e+001 4.058e+002
 9.750e+001 2.930e+000 0.000e+000 0.000e+000 0.000e+000 0.000e+000 0.000e+000 0.000e+000 0.000e+000 0.000e+000 0.000e+000 0.000e+000 0.000e+000 0.000e+000 0.000e+000 0.000e+000 0.000e+000 0.000e+000 0.000e+000
 9.880e+001 2.930e+000 0.000e+000 0.000e+000 0.000e+000 0.000e+000 0.000e+000 0.000e+000 0.000e+000 0.000e+000 0.000e+000 0.000e+000 0.000e+000 0.000e+000 0.000e+000 0.000e+000 0.000e+000 0.000e+000 0.000e+000
 1.000e+002 2.930e+000 3.000e+001 6.165e+004 6.845e+003-3.083e+003-2.971e+003-7.000e+003 1.105e+004 5.044e+002 5.123e+002-1.270e+003-7.676e+002 4.442e+002 6.510e+001 7.489e+002-1.553e+003 3.057e+002 5.448e+002
 1.130e+002 2.930e+000 4.500e+001 5.013e+003 1.409e+003-7.742e+001-3.954e+002 1.705e+003 1.097e+004 3.364e+002 1.824e+002-4.156e+002-1.224e+002 1.515e+002 2.094e+002 1.947e+002-1.346e+003 6.675e+001 8.576e+002
 1.250e+002 2.930e+000 2.700e+001 3.467e+003-1.315e+002 1.329e+001-1.964e+002 1.489e+002 6.239e+003 4.991e+001 1.824e+002-1.892e+002 8.146e+001 1.414e+002 1.564e+002-2.255e+002-6.076e+002 3.907e+001 5.350e+002
 1.380e+002 2.930e+000 4.500e+001 1.134e+004-6.258e+002-7.714e+001-3.585e+002 3.795e+002 1.006e+004 1.210e+002 4.221e+002-3.445e+002-4.666e+001 1.034e+002 1.243e+002 1.749e+001-1.055e+003 4.314e+001 5.421e+002
 1.500e+002 2.930e+000 3.300e+001 4.318e+004 1.351e+004 3.143e+002-4.208e+003-1.672e+004 2.039e+004 3.005e+002 1.860e+003-1.067e+003 7.677e+002 1.198e+002 2.298e+002 2.216e+003-3.754e+003-1.107e+002 1.173e+003
 1.630e+002 2.930e+000 4.800e+001 1.145e+004-1.054e+003-1.196e+002 9.095e+002 1.268e+003 1.321e+004 6.877e+002 9.010e+002 6.608e+001 1.627e+002 3.122e+002 5.060e+002 6.047e+002-2.558e+003 5.660e+001 1.482e+003
 1.750e+002 2.930e+000 3.300e+001 9.262e+003-2.545e+003-4.517e+001-1.582e+002-4.857e+002 1.647e+004 9.239e+002 8.463e+002-1.493e+002 9.330e+001 3.051e+002 5.260e+002 1.870e+002-2.598e+003 1.098e+002 1.342e+003
 1.880e+002 2.930e+000 6.000e+001 7.928e+004-4.752e+004 5.949e+002 8.651e+003 6.897e+002 6.361e+004 2.153e+003 4.773e+003 1.457e+003 4.851e+002 5.478e+002 1.158e+003 1.943e+003-1.176e+004 1.894e+002 4.441e+003
 2.000e+002 2.930e+000 9.300e+001 5.978e+006-4.986e+006 4.243e+004 1.149e+006 3.358e+004 4.602e+006 1.673e+005 2.134e+005 1.888e+005-2.795e+004 9.703e+003 4.012e+004 2.176e+005-1.049e+006 1.398e+004 2.540e+005
 2.130e+002 2.930e+000 6.600e+001 6.875e+004-5.091e+004-5.783e+002 1.263e+004-2.467e+003 8.942e+004 1.224e+003 1.667e+003 2.546e+003-2.035e+003 1.122e+003 1.650e+003 4.446e+003-1.615e+004 5.248e+002 5.869e+003
 2.250e+002 2.930e+000 6.000e+001 3.841e+004 2.958e+003-2.978e+003 6.623e+003 4.998e+003 3.423e+004-2.589e+003 2.514e+003 4.613e+003 3.636e+002 2.369e+003 2.850e+003 2.527e+003-9.635e+002-1.441e+002 4.912e+003
 2.380e+002 2.930e+000 8.100e+001 1.740e+005 1.038e+005-2.179e+004 3.552e+004 6.738e+004 1.562e+005-4.183e+004 1.599e+004 3.655e+004 3.573e+003 1.724e+004 1.485e+004 8.699e+003 2.728e+004-4.033e+003 1.610e+004
 2.500e+002 2.930e+000 9.600e+001 6.306e+006 4.129e+006-6.331e+005 1.696e+006 2.869e+006 4.796e+006-1.787e+006 1.032e+006 1.825e+006 5.166e+005 7.777e+005 6.480e+005-9.762e+004 1.271e+006-2.576e+005 6.334e+005
 2.630e+002 2.930e+000 9.600e+001 1.768e+005 4.080e+004-1.182e+004 4.357e+004 7.271e+004 1.228e+005-2.297e+004 2.592e+004 3.937e+004 1.550e+004 1.610e+004 1.572e+004-5.955e+003 4.023e+003-5.323e+003 2.064e+004
 2.750e+002 2.930e+000 1.020e+002 9.611e+004-3.201e+004-1.783e+003 1.691e+004 1.759e+004 8.292e+004 2.079e+003 9.036e+003 9.058e+003 4.775e+003 4.189e+003 5.644e+003-2.703e+003-1.603e+004-8.220e+002 1.077e+004
 2.880e+002 2.930e+000 8.100e+001 2.782e+005-1.877e+005 1.066e+003 3.459e+004 7.392e+003 1.835e+005 6.414e+003 5.864e+003 4.459e+003 1.816e+003 1.998e+003 3.722e+003-2.378e+003-3.701e+004-7.799e+001 1.161e+004
 3.000e+002 2.930e+000 9.600e+001 8.100e+006-5.247e+006-2.830e+004 5.436e+005-1.603e+003 3.656e+006-8.513e+004 4.033e+004-1.414e+005 2.093e+004 5.864e+003-4.137e+003 4.770e+004-3.982e+005-2.256e+003 5.128e+004
 3.130e+002 2.930e+000 9.600e+001 2.263e+005-8.051e+004-1.265e+003-8.068e+003 1.920e+004 1.695e+005 1.202e+004 4.669e+002-1.407e+004-3.339e+003 4.422e+003 7.608e+003-5.338e+003-4.221e+004 1.794e+003 1.758e+004
 3.250e+002 2.930e+000 1.200e+002 8.127e+004 6.289e+004 1.707e+003-3.539e+004 4.266e+004 2.988e+005 5.046e+004 1.979e+001-2.057e+004-1.558e+004 1.184e+004 2.269e+004-1.740e+004-1.160e+005 6.758e+003 4.976e+004
 3.380e+002 2.930e+000 9.600e+001 1.734e+005 3.651e+005 5.917e+003-1.581e+005 1.611e+005 1.204e+006 2.346e+005-1.273e+004-8.617e+004-8.215e+004 5.277e+004 9.968e+004-6.387e+004-4.985e+005 3.191e+004 2.092e+005
 3.500e+002 2.930e+000 9.600e+001 5.056e+006 1.142e+007-9.794e+004-4.863e+006 3.937e+006 3.294e+007 6.685e+006-6.738e+005-2.640e+006-2.572e+006 1.562e+006 2.848e+006-1.413e+006-1.374e+007 9.382e+005 5.758e+006
 3.630e+002 2.930e+000 9.600e+001 1.879e+005 3.648e+005-1.161e+004-1.526e+005 1.102e+005 1.025e+006 1.988e+005-2.667e+004-8.026e+004-8.455e+004 4.701e+004 8.475e+004-3.331e+004-4.168e+005 2.967e+004 1.728e+005
 3.750e+002 2.930e+000 1.200e+002 8.617e+004 9.430e+004-4.595e+003-3.953e+004 3.176e+004 2.470e+005 4.260e+004-7.299e+003-1.969e+004-1.987e+004 1.036e+004 1.839e+004-7.586e+003-9.311e+004 6.628e+003 3.820e+004
 3.880e+002 2.930e+000 9.300e+001 1.325e+005 2.587e+004-1.656e+003-1.302e+004 1.056e+004 8.570e+004 1.173e+004-2.966e+003-4.546e+003-6.428e+003 3.007e+003 5.236e+003-4.095e+003-2.829e+004 2.031e+003 1.144e+004
 4.000e+002 2.930e+000 8.700e+001 2.815e+006-1.020e+005 6.375e+004 7.055e+004-1.880e+005 8.694e+004 5.054e+003-9.470e+003 6.012e+004-1.032e+004 5.382e+003 7.448e+003-8.232e+004-1.660e+004 9.308e+002 1.260e+004
 4.130e+002 2.930e+000 9.300e+001 7.180e+004 7.438e+003 2.014e+003 2.122e+002-1.033e+004 5.462e+004 3.213e+003-2.108e+003 1.078e+003-3.120e+003 1.461e+003 2.299e+003-1.914e+003-1.155e+004 7.818e+002 4.911e+003
 4.250e+002 2.930e+000 7.500e+001 4.064e+004 1.438e+004 2.178e+002-5.594e+003-8.438e+002 3.847e+004 2.523e+003 1.011e+002-2.459e+003-1.102e+003 8.143e+002 1.410e+003-1.454e+003-8.351e+003 3.840e+002 3.298e+003
 4.380e+002 2.930e+000 7.200e+001 1.420e+005 2.581e+004 1.022e+003-1.608e+004-1.982e+004 3.990e+004 2.173e+003 2.885e+003-6.949e+003 6.853e+002 8.706e+002 1.677e+003-1.594e+003-8.219e+003 1.056e+002 3.992e+003
 4.500e+002 2.930e+000 9.000e+001 5.199e+006 8.835e+005 1.167e+005-4.614e+005-1.496e+006 7.187e+005 3.317e+003 1.473e+005-1.938e+005 8.127e+004 1.179e+004 2.093e+004-2.127e+004-9.514e+004-1.010e+004 4.904e+004
 4.630e+002 2.930e+000 6.600e+001 1.445e+005 2.889e+004 3.914e+003-1.230e+004-5.958e+004 6.805e+004-1.308e+003 5.774e+003-4.328e+003 2.549e+003 5.980e+002 7.515e+002 1.157e+003-6.415e+003-3.252e+002 2.185e+003
 4.750e+002 2.930e+000 5.700e+001 3.329e+004 1.643e+004 1.509e+003-2.872e+003-2.045e+004 5.090e+004-1.090e+003 3.049e+003-1.453e+002 8.483e+002 3.106e+002 3.023e+002-2.883e+002-4.260e+003-9.668e+001 1.189e+003
 4.880e+002 2.930e+000 4.800e+001 2.809e+004 6.812e+003 1.742e+003 1.830e+002-9.253e+003 5.080e+004-8.282e+002 2.796e+003 4.674e+002 6.761e+002 4.259e+002 5.603e+002-1.709e+003-4.559e+003-2.192e+000 1.647e+003
 5.000e+002 2.930e+000 8.700e+001 6.601e+005-2.862e+005 5.432e+004 1.230e+005 8.524e+004 4.582e+005 4.110e+004-1.828e+004 3.450e+004-3.092e+004 1.131e+004 2.352e+004-7.690e+004-1.495e+005 1.065e+004 6.513e+004
 5.130e+002 2.930e+000 6.900e+001 2.454e+004-1.861e+004 1.996e+003 2.496e+003-2.589e+004 2.175e+005-2.933e+003 8.395e+003-6.888e+001 1.425e+003 5.230e+002 5.101e+002 3.810e+002-2.355e+004-1.187e+002 4.449e+003
 5.250e+002 2.930e+000 6.900e+001 8.145e+003 1.177e+003 1.091e+003-2.514e+003-4.410e+004 5.228e+005-9.464e+003 2.719e+004-9.427e+002 9.925e+003 6.265e+002-3.658e+001 3.667e+003-5.153e+004-1.406e+003 7.313e+003
 5.380e+002 2.930e+000 8.400e+001 1.800e+004 1.600e+004 4.608e+003-1.351e+004-2.035e+005 3.018e+006-6.063e+004 1.703e+005-4.689e+003 7.035e+004 3.452e+003-1.233e+003 1.936e+004-3.043e+005-1.057e+004 4.206e+004
 5.500e+002 2.930e+000 9.600e+001 6.313e+005-9.435e+005 1.562e+005-4.279e+005-8.404e+006 1.296e+008-2.997e+006 7.728e+006-2.623e+005 3.475e+006 1.736e+005-7.765e+004 9.325e+005-1.312e+007-5.335e+005 1.822e+006
 5.630e+002 2.930e+000 1.080e+002 2.633e+004-5.921e+004 2.389e+003-8.129e+003-2.245e+005 3.802e+006-7.243e+004 2.188e+005-7.396e+003 9.233e+004 4.171e+003-1.350e+003 2.760e+004-3.889e+005-1.368e+004 5.375e+004
 5.750e+002 2.930e+000 8.400e+001 1.214e+004-2.726e+004 7.689e+001 1.008e+003-3.207e+004 5.171e+005-6.689e+003 2.740e+004-1.044e+003 9.898e+003 4.431e+002 1.014e+001 4.837e+003-5.494e+004-1.406e+003 7.705e+003
 5.880e+002 2.930e+000 7.500e+001 3.279e+004-3.928e+004-1.767e+002 2.904e+003-3.053e+004 2.195e+005-1.335e+003 1.166e+004-6.701e+002 3.579e+003 1.736e+002 1.368e+002 5.235e+003-2.484e+004-4.659e+002 3.682e+003
 6.000e+002 2.930e+000 9.600e+001 1.848e+006-9.387e+003-5.715e+003 4.128e+004-2.696e+005 1.950e+005-2.263e+002 1.745e+003 1.840e+004-3.778e+002 4.472e+002 8.811e+002 5.764e+004-2.753e+004 1.522e+002 6.180e+003
 6.130e+002 2.930e+000 5.700e+001 1.405e+004 8.357e+003-5.715e+001-1.084e+003-4.972e+003 5.601e+004-2.113e+002 1.980e+003-4.630e+001 7.056e+002 7.608e+001 9.724e+001 9.077e+002-7.103e+003-9.088e+001 1.294e+003
 6.250e+002 2.930e+000 5.700e+001 3.768e+003 2.269e+003 2.323e+001-3.522e+002-1.075e+003 4.879e+004 4.833e+001 1.460e+003-2.498e+001 7.034e+002 1.186e+002 2.004e+002 1.949e+002-7.247e+003-8.545e+001 1.550e+003
 6.380e+002 2.930e+000 6.300e+001 2.465e+003 1.829e+003-1.035e+002-3.285e+002-1.421e+003 1.254e+005 4.836e+003 1.770e+003-2.500e+001 4.224e+002 4.473e+002 1.583e+003 3.670e+002-2.915e+004 3.092e+001 7.742e+003
 6.500e+002 2.930e+000 1.080e+002 8.302e+004-3.502e+005 3.573e+004 1.073e+005 6.412e+005 1.103e+007 7.578e+005 3.020e+005 2.583e+004 1.092e+005 5.788e+004 2.260e+005-1.702e+005-3.148e+006-7.649e+003 9.184e+005
 6.630e+002 2.930e+000 6.900e+001 1.996e+003-3.119e+002 3.676e+002 5.015e+002 7.992e+003 9.806e+004 4.402e+003 5.460e+003 1.109e+002 1.908e+003 3.695e+002 1.418e+003-2.153e+003-2.503e+004-2.101e+002 7.154e+003
 6.750e+002 2.930e+000 5.400e+001 1.400e+003 7.173e+002 1.660e+002-1.112e+002 2.175e+003 2.259e+004 7.722e+002 1.525e+003-3.552e+001 4.598e+002 9.567e+001 2.997e+002-7.599e+002-5.253e+003-2.859e+001 1.595e+003
 6.880e+002 2.930e+000 4.800e+001 2.235e+003 1.317e+003 8.387e+001-3.260e+002 1.932e+003 1.611e+004 2.358e+002 7.999e+002-6.050e+001 2.180e+002 3.706e+001 8.802e+001-5.005e+002-3.107e+003-2.625e+001 7.559e+002
 7.000e+002 2.930e+000 3.000e+001 2.033e+005 1.969e+004-2.704e+003-8.392e+003 1.264e+003 1.108e+004 1.276e+003-2.525e+003-3.361e+003-6.050e+002 4.467e+002 1.183e+003 8.942e+003-3.835e+003-2.852e+002 3.599e+003
 7.130e+002 2.930e+000 3.000e+001 8.108e+002-1.105e+002-1.966e+001-1.484e+001-2.400e+002 4.255e+003 1.180e+002 4.246e+002-2.139e+001 4.849e+001 2.480e+001 5.591e+001 6.900e+001-8.435e+002 1.269e+001 2.943e+002
 7.250e+002 2.930e+000 4.200e+001 5.656e+002 1.894e+002 5.353e+000-1.814e+001 1.320e+001 6.286e+003 5.795e+001 5.437e+002 3.573e+000 1.218e+002 1.768e+001 3.047e+001-1.815e+001-1.001e+003-1.515e+001 2.765e+002
 7.380e+002 2.930e+000 5.400e+001 1.111e+003 4.414e+002 7.160e+000-1.421e+002-9.520e+002 6.987e+003 1.481e+001 3.079e+002-3.748e+001 7.279e+001 1.943e+001 2.328e+001 1.494e+002-1.161e+003-5.836e+000 3.038e+002
 7.500e+002 2.930e+000 6.600e+001 2.118e+005 7.945e+004 6.850e+003-1.906e+004-4.209e+004 5.382e+004 5.300e+002 9.624e+003-4.240e+003 4.023e+003 4.313e+002 1.026e+003-1.134e+004-8.145e+003-4.587e+002 3.533e+003
 7.630e+002 2.930e+000 4.500e+001 1.059e+003 4.181e+002-1.429e+001-1.558e+002 1.368e+002 4.416e+003 7.345e+001 2.217e+002-4.268e+001 1.743e+001 1.588e+001 3.048e+001 4.119e-001-8.853e+002 4.298e+000 2.478e+002
 7.750e+002 2.930e+000 3.300e+001 4.454e+002 5.854e+000 5.320e+000-2.622e+001 1.762e+002 2.156e+003 9.842e+000 1.435e+002-1.779e+001 1.073e+001 1.056e+001 1.336e+001 2.796e+000-3.694e+002-2.147e+000 1.193e+002
 7.880e+002 2.930e+000 3.600e+001 2.184e+003 2.670e+002 3.570e+000-1.567e+002 6.044e+002 3.101e+003 6.981e+001 1.157e+002-5.869e+001 1.487e+001 1.583e+001 3.360e+001-4.899e+001-7.278e+002-1.480e+000 2.553e+002
 8.000e+002 2.930e+000 5.700e+001 4.964e+005 5.441e+004 5.318e+003-1.675e+004 7.973e+004 2.926e+004 1.882e+003 1.602e+002-5.675e+003-3.101e+002 1.993e+002 6.664e+002-2.620e+004-8.968e+003 1.280e+002 2.951e+003
 8.130e+002 2.930e+000 5.100e+001 1.529e+003 7.798e+002 1.772e+001-2.234e+002 4.461e+002 3.881e+003 4.673e+001 3.108e+002-4.072e+001 2.146e+001 1.403e+001 2.166e+001-1.423e+002-7.885e+002 2.070e+000 2.486e+002
 8.250e+002 2.930e+000 3.000e+001 7.709e+002 8.627e+002-8.672e+000-3.417e+002-1.737e+002 3.203e+003 1.549e+002 2.262e+002-7.244e+001 9.439e+001 2.623e+001 6.955e+001 1.381e+001-8.884e+002-1.324e+001 3.272e+002
 8.380e+002 2.930e+000 7.500e+001 4.677e+003 1.178e+004 3.450e+002-3.816e+003 1.349e+003 4.249e+004 2.694e+003 1.081e+003-8.411e+002 8.731e+002 2.456e+002 9.078e+002-7.467e+002-1.315e+004-2.050e+002 4.245e+003
 8.500e+002 2.930e+000 7.500e+001 3.367e+005 1.105e+006 5.345e+004-3.259e+005 2.651e+005 4.051e+006 2.997e+005 1.667e+005-7.500e+004 1.269e+005 2.663e+004 9.661e+004-1.239e+005-1.222e+006-2.575e+004 3.778e+005
 8.630e+002 2.930e+000 3.300e+001 4.299e+002 8.528e+002 1.223e+001-2.277e+002 5.519e+001 5.482e+003 1.117e+002 3.088e+002-3.329e+001 9.685e+001 1.734e+001 4.992e+001-5.314e+001-1.346e+003-1.327e+001 4.095e+002
 8.750e+002 2.930e+000 3.000e+001 3.364e+002 7.060e+002 1.049e+001-1.980e+002 2.438e+002 5.193e+003 1.051e+002 1.052e+002-2.630e+001 8.084e+001 1.562e+001 3.989e+001-7.025e+001-1.241e+003-1.728e+001 3.609e+002
 8.880e+002 2.930e+000 6.000e+001 1.655e+003 5.134e+002-1.894e-001-2.231e+002 4.830e+002 7.033e+003 2.482e+002 1.428e+002-5.069e+001 7.742e+001 2.891e+001 9.627e+001-1.359e+002-1.967e+003-8.571e+000 6.581e+002
 9.000e+002 2.930e+000 3.600e+001 1.511e+005 9.937e+003 6.987e+002-2.891e+003 4.546e+004 2.864e+004 3.971e+002-1.074e+003-2.882e+002-1.999e+002 4.660e+001 1.607e+002-8.837e+003-5.552e+003 2.134e+001 1.367e+003
 9.130e+002 2.930e+000 3.600e+001 1.271e+003 3.940e+003 5.565e+001-1.558e+003-5.497e+002 2.915e+004 1.305e+003 1.519e+003-2.407e+002 3.651e+002 1.019e+002 5.197e+002 6.644e+001-1.075e+004-7.522e+001 4.160e+003
 9.250e+002 2.930e+000 5.400e+001 7.193e+002 2.018e+003 5.929e+001-7.820e+002 5.800e+002 1.245e+004 6.000e+002 4.710e+002-1.240e+002 2.691e+002 7.434e+001 2.651e+002-2.458e+002-4.247e+003-6.660e+001 1.668e+003
 9.380e+002 2.930e+000 9.000e+001 5.294e+003 8.387e+003-7.648e+002-4.003e+003-6.657e+003 3.487e+004 3.601e+003 2.359e+003-1.119e+003 3.954e+002 4.816e+002 1.541e+003 2.158e+003-1.338e+004 1.400e+002 5.653e+003
 9.500e+002 2.930e+000 8.100e+001 2.938e+005 4.183e+005-5.912e+004-2.384e+005-4.607e+005 1.547e+006 2.276e+005 1.787e+005-7.788e+004 3.491e+004 3.587e+004 1.019e+005 1.408e+005-6.493e+005 1.302e+004 2.985e+005
 9.630e+002 2.930e+000 4.500e+001 2.640e+003 5.053e+003-2.485e+002-2.292e+003-2.973e+003 1.730e+004 1.423e+003 7.636e+002-5.202e+002 1.869e+002 1.630e+002 6.275e+002 1.048e+003-6.769e+003 7.974e+000 2.872e+003
 9.750e+002 2.930e+000 4.500e+001 1.232e+003 2.050e+003-8.237e+001-7.813e+002-7.229e+002 6.166e+003 2.732e+002-2.277e+001-9.296e+001-5.993e+001 2.952e+001 1.125e+002 2.719e+002-2.149e+003 2.382e+001 8.579e+002
 9.880e+002 2.930e+000 6.600e+001 3.251e+003 4.455e+003-5.065e+001-1.601e+003-4.407e+002 1.350e+004 5.977e+002-2.189e+002-2.088e+002 4.550e+001 6.111e+001 2.487e+002 2.690e+002-4.574e+003-2.342e+001 1.742e+003
 1.000e+003 2.930e+000 1.080e+002 1.584e+005 1.066e+005 3.483e+003-2.892e+004 3.535e+003 1.259e+005 4.371e+003 1.378e+003-3.997e+003 1.580e+003 3.467e+002 1.612e+003-5.288e+003-3.934e+004-1.444e+002 1.368e+004
 1.130e+003 2.930e+000 2.220e+002 5.866e+004 6.951e+004-5.720e+003-2.095e+004-8.693e+004 4.953e+005 2.077e+004-2.629e+004-1.051e+002-1.305e+004 1.369e+003 8.944e+003 3.781e+004-1.917e+005 3.941e+003 7.643e+004
 1.250e+003 2.930e+000 2.310e+002 2.786e+004 4.211e+003-2.406e+002-1.185e+003-1.877e+004 6.470e+005 1.273e+004 1.831e+004-1.251e+001 2.123e+003 3.345e+002 3.412e+003 3.640e+003-1.680e+005-1.595e+002 4.475e+004
 1.380e+003 2.930e+000 1.590e+002 2.198e+004-5.589e+003 1.208e+002 2.604e+003 1.225e+004 7.672e+004 7.598e+002 3.014e+003 2.031e+002-7.936e+001 2.882e+001 2.684e+002-2.714e+003-2.438e+004 7.540e+001 8.161e+003
 1.500e+003 2.930e+000 6.000e+001 1.451e+003 5.381e+003-8.870e+001-1.400e+003-1.077e+003 9.497e+004 1.987e+003-1.711e+003-1.403e+002-9.150e+002 5.839e+001 5.856e+002 5.346e+002-2.722e+004 2.336e+002 7.997e+003
 1.630e+003 2.930e+000 4.800e+001 2.135e+003 4.797e+003-5.633e+001-1.792e+003 4.645e+003 9.496e+004 9.399e+002-4.823e+003-1.087e+002-1.509e+003 3.716e+001 3.801e+002-1.183e+003-3.008e+004 4.336e+002 9.808e+003
 1.750e+003 2.930e+000 4.800e+001 5.532e+003 5.298e+004-5.679e+002-1.839e+004 2.806e+004 7.789e+005 7.595e+003-4.130e+004-9.745e+002-1.242e+004 2.794e+002 3.088e+003-6.056e+003-2.480e+005 3.555e+003 8.123e+004
 1.880e+003 2.930e+000 6.600e+001 5.112e+003 1.595e+004-2.084e+002-7.070e+003 3.645e+004 5.827e+005 1.771e+003-3.571e+004-8.419e+002-1.229e+004 2.787e+002 1.276e+003-9.621e+003-1.726e+005 3.535e+003 5.356e+004
 2.000e+003 2.930e+000 7.200e+001 7.254e+003 3.923e+004-1.481e+003-1.586e+004 6.423e+004 1.240e+006-9.029e+003-8.874e+004-1.217e+003-3.145e+004 9.210e+002-3.085e+002-1.562e+004-3.597e+005 9.819e+003 1.109e+005
 2.130e+003 2.930e+000 3.900e+001 3.332e+003 1.078e+004-4.658e+002-4.229e+003 1.459e+004 2.319e+005-2.934e+003-1.821e+004-3.033e+002-6.186e+003 2.149e+002-3.208e+002-3.283e+003-6.506e+004 1.978e+003 1.973e+004
 2.250e+003 2.930e+000 4.800e+001 9.849e+002 2.055e+003-7.264e+001-7.292e+002 2.084e+003 4.574e+004-7.603e+002-3.475e+003-2.269e+001-1.108e+003 4.625e+001-1.121e+002-4.189e+002-1.231e+004 3.603e+002 3.602e+003
 2.380e+003 2.930e+000 4.200e+001 4.912e+002 7.882e+002-6.297e+001-4.336e+002 1.750e+003 6.869e+004-1.370e+003-5.858e+003-4.136e+001-1.079e+003 5.834e+001-2.537e+002-4.026e+002-1.882e+004 4.306e+002 5.773e+003
 2.500e+003 2.930e+000 3.000e+001 2.309e+002-1.040e+002-1.646e+001-1.792e+001 1.721e+001 3.938e+003-1.351e+002-2.866e+002-1.438e+001-4.369e+001 1.119e+001-1.607e+001 1.293e+001-8.697e+002 2.655e+001 2.434e+002
 2.630e+003 2.930e+000 3.000e+001 1.762e+002-1.793e+002-4.502e+000 1.998e+001 1.974e+002 7.370e+003-1.656e+002-5.031e+002-1.056e+001-1.071e+002 7.027e+000-3.114e+001-5.804e+001-1.841e+003 3.952e+001 5.021e+002
 2.750e+003 2.930e+000 2.700e+001 1.004e+002 5.937e+001-4.066e+000-2.525e+001 5.562e+001 3.378e+003-7.101e+001-1.532e+002-3.320e+000-4.431e+000 3.512e+000-1.470e+001-6.179e+000-8.591e+002 4.909e+000 2.317e+002
 2.880e+003 2.930e+000 3.000e+001 1.006e+002-2.424e+001-3.089e+000-1.110e+001 2.189e+002 3.369e+003-4.983e+001-2.068e+002-5.146e+000-3.971e+001 2.481e+000-8.150e+000-5.673e+001-8.830e+002 1.384e+001 2.505e+002
 3.000e+003 2.930e+000 3.900e+001 9.448e+001-5.803e+001-9.875e-001 1.479e+001-3.324e+001 5.722e+003-6.078e+001-3.199e+002-5.067e+000-2.767e+001 2.529e+000-1.677e+001 9.238e+000-1.815e+003 1.256e+001 6.018e+002
 3.130e+003 2.930e+000 4.200e+001 1.222e+002-2.295e+001-5.903e-001-1.923e+001 2.294e+002 2.970e+003-1.522e+001-2.412e+002-9.704e+000-7.812e+001 3.920e+000 4.925e+000-7.020e+001-8.539e+002 2.484e+001 2.735e+002
 3.250e+003 2.930e+000 2.700e+001 6.557e+001 1.590e+002-3.595e+000-5.440e+001-6.026e+001 3.702e+003 4.452e+001-1.626e+002-4.285e+000-5.276e+001 2.208e+000 1.779e+001 2.391e+001-1.137e+003 1.478e+001 3.614e+002
 3.380e+003 2.930e+000 4.200e+001 1.999e+002 7.543e+002 3.250e+000-2.796e+002 7.736e+002 1.428e+004 8.096e+001-7.292e+002-2.024e+001-1.110e+002 5.582e+000 3.770e+001-2.035e+002-4.270e+003 3.135e+001 1.331e+003
 3.500e+003 2.930e+000 6.600e+001 1.556e+003 7.485e+003-2.735e+002-3.492e+003 1.450e+004 1.965e+005-1.024e+003-1.721e+004-3.762e+002-5.329e+003 1.628e+002 1.942e+002-3.593e+003-5.729e+004 1.649e+003 1.826e+004
 3.630e+003 2.930e+000 4.200e+001 1.531e+003 1.078e+004 1.419e+001-3.842e+003 3.322e+003 9.347e+004 2.174e+003-3.126e+003-3.106e+002-5.526e+002 7.018e+001 7.870e+002-7.791e+002-3.168e+004 1.203e+002 1.090e+004
 3.750e+003 2.930e+000 4.500e+001 2.279e+002 6.489e+002 1.267e+000-2.298e+002 6.271e+001 1.114e+004 1.346e+002-4.598e+002-2.028e+001-8.095e+001 6.794e+000 5.569e+001-1.071e+001-3.562e+003 2.227e+001 1.180e+003
 3.880e+003 2.930e+000 3.600e+001 3.099e+002 2.688e+003 5.159e+000-9.954e+002 2.691e+003 6.394e+004 6.221e+002-3.145e+003-5.370e+001-5.901e+002 1.651e+001 2.381e+002-7.372e+002-2.042e+004 1.612e+002 6.703e+003
 4.000e+003 2.930e+000 2.700e+001 1.849e+002 7.978e+002-3.191e+000-3.039e+002 2.899e+002 1.854e+004 1.850e+002-1.046e+003-1.861e+001-1.550e+002 4.957e+000 7.711e+001-6.869e+001-6.135e+003 4.327e+001 2.137e+003
 4.130e+003 2.930e+000 5.100e+001 5.235e+002 4.450e+003-3.908e+000-1.702e+003 7.256e+003 1.812e+005 6.972e+002-7.745e+003-7.407e+001-1.327e+003 1.398e+001 2.773e+002-2.080e+003-5.661e+004 3.853e+002 1.803e+004
 4.250e+003 2.930e+000 6.600e+001 3.477e+002 3.830e+003-6.021e+001-1.342e+003 8.150e+002 7.875e+004 1.091e+003-4.433e+003-6.209e+001-1.110e+003 3.684e+001 4.451e+002-2.390e+001-2.664e+004 3.163e+002 9.297e+003
 4.380e+003 2.930e+000 3.900e+001 1.857e+002 1.657e+003-1.481e+001-5.306e+002-2.934e+002 3.195e+004 2.823e+002-1.407e+003-1.457e+001-2.267e+002 5.030e+000 1.034e+002 1.669e+002-1.038e+004 6.149e+001 3.436e+003
 4.500e+003 2.930e+000 5.400e+001 2.216e+002 9.623e+002 8.142e-001-3.716e+002 5.215e+002 2.542e+004 2.251e+002-1.365e+003-2.640e+001-3.077e+002 8.058e+000 9.590e+001-1.446e+002-8.313e+003 8.931e+001 2.808e+003
 4.630e+003 2.930e+000 3.000e+001 4.829e+001 2.256e+002-8.504e-001-8.010e+001 9.692e+001 6.109e+003 6.628e+001-2.674e+002-3.518e+000-4.048e+001 1.412e+000 2.458e+001-2.192e+001-2.017e+003 1.067e+001 6.810e+002
 4.750e+003 2.930e+000 4.200e+001 4.046e+001 2.858e+002-2.783e+000-9.179e+001-4.961e+001 1.293e+004 1.591e+002-5.229e+002-2.522e+000-8.686e+001 3.138e+000 5.728e+001 2.833e+001-4.256e+003 2.268e+001 1.428e+003
 4.880e+003 2.930e+000 6.300e+001 5.581e+001 2.037e+002-1.303e+000-9.985e+001 3.888e+002 1.464e+004 9.245e+001-1.148e+003-9.185e+000-2.393e+002 5.153e+000 4.997e+001-1.097e+002-4.695e+003 7.010e+001 1.602e+003
 5.000e+003 2.930e+000 5.700e+001 4.161e+001 1.262e+002-1.786e+000-3.994e+001-9.461e+001 3.048e+003 3.416e+001-1.744e+002-1.132e+000-3.250e+001 1.092e+000 1.427e+001 3.749e+001-1.041e+003 9.445e+000 3.701e+002
 5.130e+003 2.930e+000 3.000e+001 2.986e+001 3.149e+000 8.053e-001-1.891e+001 1.638e+002 2.490e+003 1.467e+001-2.462e+002-4.419e+000-5.797e+001 1.774e+000 1.189e+001-5.946e+001-8.837e+002 1.970e+001 3.435e+002
 5.250e+003 2.930e+000 3.600e+001 1.840e+001 3.884e+001-1.702e+000-1.878e+001-6.015e+000 6.681e+002 1.997e+001-2.436e+001-2.105e+000-9.260e+000 1.303e+000 9.282e+000 4.892e+000-2.636e+002 3.726e+000 1.108e+002
 5.380e+003 2.930e+000 4.800e+001 5.135e+001 1.608e+002-8.047e-001-7.516e+001 1.708e+002 3.041e+003 6.160e+001-1.719e+002-1.052e+001-7.613e+001 3.869e+000 2.883e+001-6.185e+001-1.150e+003 2.673e+001 4.522e+002
 5.500e+003 2.930e+000 4.200e+001 3.130e+001 6.056e+001-2.288e-002-2.717e+001 5.278e+001 8.153e+002 2.476e+001-2.828e+001-3.524e+000-1.731e+001 1.789e+000 1.159e+001-1.983e+001-3.342e+002 7.581e+000 1.458e+002
 5.630e+003 2.930e+000 6.900e+001 8.339e+001 6.724e+002-5.690e+000-2.688e+002 3.128e+002 1.019e+004 2.357e+002-3.663e+002-2.280e+001-1.977e+002 9.965e+000 9.796e+001-9.455e+001-3.867e+003 6.808e+001 1.496e+003
 5.750e+003 2.930e+000 6.300e+001 9.936e+001 3.106e+002 1.915e+000-1.558e+002 5.992e+002 6.619e+003 1.144e+002-4.328e+002-2.454e+001-1.873e+002 8.126e+000 5.578e+001-2.018e+002-2.438e+003 6.302e+001 9.397e+002
 5.880e+003 2.930e+000 3.900e+001 5.894e+001 8.724e+001 3.304e+000-6.522e+001 3.143e+002 2.468e+003 3.775e+001-2.533e+002-1.275e+001-8.630e+001 4.285e+000 2.432e+001-1.126e+002-9.379e+002 3.033e+001 3.920e+002
 6.000e+003 2.930e+000 6.300e+001 1.111e+002 2.327e+002-7.091e+000-1.561e+002 6.227e+002 1.034e+004 1.169e+002-7.701e+002-3.265e+001-3.163e+002 1.459e+001 7.290e+001-2.012e+002-3.768e+003 1.098e+002 1.458e+003
 6.130e+003 2.930e+000 3.600e+001 2.908e+001 4.910e+001-1.010e-001-2.605e+001 6.440e+001 1.051e+003 3.199e+000-7.698e+001-3.548e+000-1.568e+001 1.098e+000 4.213e+000-2.020e+001-3.318e+002 6.383e+000 1.247e+002
 6.250e+003 2.930e+000 3.600e+001 1.159e+001 1.934e+001-9.556e-001-1.084e+001 4.580e+001 1.028e+003-1.341e+000-9.921e+001-1.898e+000-3.317e+001 1.918e+000 4.702e+000-1.051e+001-3.139e+002 1.091e+001 1.154e+002
 6.380e+003 2.930e+000 2.400e+001 8.434e+000-2.453e+001 5.579e-001 8.807e+000-4.943e+000 7.680e+002-4.427e+000-3.799e+001-4.583e-001-7.568e+000 3.701e-001-7.049e-001 4.565e-001-2.316e+002 3.583e+000 8.045e+001
 6.500e+003 2.930e+000 3.000e+001 9.268e+000 4.779e+001-5.546e-001-1.920e+001 8.732e+000 6.096e+002 9.732e+000-3.437e+001-1.272e+000-8.985e+000 5.844e-001 4.867e+000-1.606e+000-2.289e+002 3.208e+000 9.195e+001
 6.630e+003 2.930e+000 3.900e+001 9.308e+000 2.619e+001 2.974e-001-8.587e+000 4.856e+001 1.515e+003 1.917e+001-1.876e+001-4.978e-001 2.147e+000 6.699e-001 7.633e+000-1.384e+001-5.208e+002-2.470e-001 1.890e+002
 6.750e+003 2.930e+000 3.600e+001 1.105e+001 5.249e+001-1.991e-001-1.882e+001 2.762e+001 1.081e+003 1.308e+001-4.996e+001-1.016e+000-9.548e+000 4.924e-001 5.756e+000-5.536e+000-3.750e+002 3.483e+000 1.414e+002
 6.880e+003 2.930e+000 3.900e+001 1.179e+001 7.429e+001 6.233e-001-2.864e+001 3.194e+001 1.514e+003 3.807e+001-3.027e+001-2.054e+000-2.124e+000 1.422e+000 1.447e+001-1.058e+001-5.378e+002 1.084e+000 2.008e+002
 7.000e+003 2.930e+000 3.000e+001 6.841e+000 3.740e+001 1.923e-001-1.458e+001 3.538e+001 8.511e+002 1.459e+001-4.180e+001-9.891e-001-9.535e+000 5.438e-001 6.306e+000-1.076e+001-3.022e+002 3.307e+000 1.159e+002
 7.130e+003 2.930e+000 6.000e+001 1.717e+001 1.244e+002 6.454e-001-4.782e+001 3.895e+001 1.624e+003 4.036e+001-5.207e+001-3.624e+000-3.931e+000 1.437e+000 1.618e+001-1.206e+001-6.030e+002 1.285e+000 2.363e+002
 7.250e+003 2.930e+000 3.900e+001 7.479e+000 9.711e+000 3.752e-001-4.763e+000 1.580e+001 4.760e+002 8.845e+000-3.307e+001-3.828e-001-4.913e+000 5.024e-001 4.459e+000-5.911e+000-1.763e+002 1.904e+000 7.688e+001
 7.380e+003 2.930e+000 3.000e+001 8.516e+000 4.227e+001 7.904e-001-1.677e+001 5.412e+001 9.969e+002 1.718e+001-4.120e+001-9.731e-001-3.595e+000 5.129e-001 6.883e+000-1.706e+001-3.508e+002 1.299e+000 1.330e+002
 7.500e+003 2.930e+000 3.600e+001 2.085e+001 1.666e+002 1.364e+000-6.388e+001 4.304e+001 2.232e+003 5.711e+001-6.183e+001-4.566e+000 1.312e+000 1.761e+000 2.219e+001-1.260e+001-8.438e+002-1.141e+000 3.292e+002
 7.630e+003 2.930e+000 3.300e+001 5.776e+000 3.912e+001 5.612e-002-1.388e+001 2.581e+000 4.561e+002 9.765e+000-2.174e+001-1.058e+000-5.720e-001 6.024e-001 4.627e+000-1.821e-001-1.619e+002 1.127e+000 6.995e+001
 7.750e+003 2.930e+000 3.900e+001 1.019e+001 4.066e+001-3.535e-001-1.840e+001 4.512e+000 4.905e+002 8.511e+000-4.618e+001-1.203e+000-5.160e+000 7.287e-001 5.843e+000 1.709e+000-1.981e+002 2.938e+000 1.012e+002
 7.880e+003 2.930e+000 5.100e+001 1.465e+001 6.912e+001-8.323e-001-3.914e+001 7.445e+001 1.714e+003 1.625e+001-2.696e+002-2.869e+000-4.502e+001 2.236e+000 1.671e+001-1.639e+001-6.863e+002 1.845e+001 3.469e+002
 8.000e+003 2.930e+000 6.000e+001 1.611e+001 7.925e+001-2.386e+000-7.751e+001 1.594e+002 5.747e+003-1.022e+001-1.453e+003-9.295e+000-2.681e+002 1.539e+001 7.126e+001-6.245e+001-2.692e+003 1.379e+002 1.695e+003
 8.130e+003 2.930e+000 3.900e+001 1.173e+001 5.023e+001-5.475e-001-3.102e+001 2.794e+001 6.528e+002 1.645e+001-8.739e+001-3.545e+000-1.594e+001 1.902e+000 1.257e+001-8.963e+000-3.006e+002 7.770e+000 1.684e+002
 8.250e+003 2.930e+000 4.200e+001 7.626e+000 4.947e+001 1.707e-001-2.029e+001 4.119e+000 6.129e+002 1.356e+001-3.416e+001-1.316e+000 3.200e-001 9.903e-001 7.695e+000 4.442e-001-2.476e+002 1.089e+000 1.195e+002
 8.380e+003 2.930e+000 4.200e+001 7.702e+000 5.769e+001 5.600e-001-2.373e+001 1.912e+001 1.271e+003 2.761e+001-3.438e+001-1.699e+000 9.576e-001 1.245e+000 1.264e+001-7.091e+000-4.859e+002 7.017e-001 2.026e+002
 8.500e+003 2.930e+000 2.700e+001 3.327e+000 3.318e+001 1.470e-001-1.377e+001-7.968e+000 7.270e+002 2.106e+001 9.330e+000-1.286e+000 8.755e+000 1.016e+000 9.066e+000 2.732e+000-2.752e+002-2.303e+000 1.127e+002
 8.630e+003 2.930e+000 3.600e+001 7.170e+000 5.734e+001 5.664e-001-2.444e+001 3.533e+001 1.725e+003 3.184e+001-8.217e+001-1.367e+000-2.441e+000 8.944e-001 1.337e+001-1.049e+001-6.587e+002 7.507e-002 2.638e+002
 8.750e+003 2.930e+000 3.000e+001 4.458e+000 2.040e+001 9.807e-001-7.722e+000 1.823e+001 3.147e+002 1.184e+001 1.353e+001-6.788e-001 3.003e+000 8.690e-001 6.267e+000-8.414e+000-1.284e+002 3.128e-001 6.259e+001
 8.880e+003 2.930e+000 3.300e+001 4.927e+000 3.966e+001 1.042e+000-1.477e+001 2.340e+000 7.358e+002 1.464e+001 2.511e+001-8.618e-001 1.665e+001 9.193e-001 6.821e+000-2.727e+000-2.690e+002-4.792e+000 1.082e+002
 9.000e+003 2.930e+000 3.900e+001 1.056e+001 6.241e+001 1.398e+000-2.576e+001 3.825e+001 1.269e+003 2.714e+001-7.415e+000-1.213e+000 8.929e+000 1.064e+000 1.220e+001-1.417e+001-5.003e+002-2.419e+000 2.106e+002
 9.130e+003 2.930e+000 4.200e+001 8.720e+000 5.228e+001 1.087e+000-2.136e+001 3.211e+001 7.965e+002 2.018e+001 7.941e+000-1.239e+000 5.665e+000 9.330e-001 9.667e+000-1.317e+001-3.201e+002-6.325e-001 1.431e+002
 9.250e+003 2.930e+000 3.300e+001 6.550e+000 5.833e+001 3.945e-001-2.277e+001 2.468e+001 1.121e+003 1.119e+001-5.261e+001-5.150e-001 1.572e+000 3.454e-001 5.153e+000-6.101e+000-4.267e+002-1.799e-001 1.770e+002
 9.380e+003 2.930e+000 3.000e+001 8.935e+000 3.562e+001 8.731e-001-1.468e+001 3.375e+001 4.621e+002 1.089e+001 3.792e+000-9.590e-001 6.694e-001 5.687e-001 5.486e+000-1.388e+001-1.855e+002 6.459e-001 8.261e+001
 9.500e+003 2.930e+000 3.900e+001 7.049e+000 3.489e+001 2.040e-001-1.410e+001 2.806e+001 6.608e+002 1.151e+001-1.658e+001-6.137e-001-2.518e+000 5.477e-001 5.876e+000-8.867e+000-2.538e+002 1.597e+000 1.092e+002
 9.630e+003 2.930e+000 3.000e+001 9.321e+000 3.666e+001 5.291e-001-1.611e+001 3.369e+001 5.463e+002 1.053e+001-1.876e+001-1.181e+000-1.621e+000 5.005e-001 4.802e+000-1.190e+001-2.038e+002 1.102e+000 8.385e+001
 9.750e+003 2.930e+000 3.600e+001 8.650e+000 2.660e+001 3.862e-001-1.208e+001 3.266e+001 5.664e+002 1.160e+001-2.344e+001-4.623e-001-1.845e+000 6.179e-001 6.181e+000-1.076e+001-2.299e+002 1.324e+000 1.057e+002
 9.880e+003 2.930e+000 4.800e+001 2.319e+001 1.477e+002 2.472e-001-6.538e+001 8.540e+001 1.795e+003 3.862e+001-1.056e+002-4.302e+000-1.879e+001 1.728e+000 1.933e+001-2.702e+001-7.328e+002 6.876e+000 3.211e+002
 1.000e+004 2.930e+000 2.490e+002 9.485e+001 5.635e+002 5.886e+000-2.516e+002 4.341e+002 8.936e+003 2.338e+002-3.936e+002-1.884e+001-8.534e+001 1.012e+001 1.119e+002-1.529e+002-3.717e+003 3.423e+001 1.650e+003
 1.130e+004 2.930e+000 2.970e+002 4.915e+001 2.151e+002 8.037e-001-9.564e+001 2.804e+002 4.117e+003 3.681e+001-2.500e+002-4.144e+000-2.952e+001 2.837e+000 2.465e+001-8.794e+001-1.503e+003 1.755e+001 6.588e+002
 1.250e+004 2.930e+000 2.250e+002 1.073e+001 6.495e+001-3.838e-001-2.469e+001 5.373e+001 1.241e+003-9.636e-001-9.741e+001 1.036e-001-3.225e+000 1.413e+000 6.675e+000-1.033e+001-3.960e+002 7.801e+000 2.090e+002
 1.380e+004 2.930e+000 2.550e+002 1.784e+001 1.112e+002 3.031e-002-4.582e+001 1.270e+002 2.603e+003 5.351e+000-1.790e+002-1.388e-001-4.164e+000 1.129e+000 7.155e+000-3.389e+001-8.898e+002 5.894e+000 3.733e+002
 1.500e+004 2.930e+000 2.730e+002 2.480e+001 1.513e+002-1.620e-002-6.673e+001 1.842e+002 3.280e+003 8.869e+000-2.338e+002-1.049e+000-9.422e+000 1.307e+000 9.228e+000-5.381e+001-1.155e+003 8.400e+000 4.844e+002
 1.630e+004 2.930e+000 2.460e+002 1.207e+001 6.360e+001 3.601e-002-2.757e+001 8.314e+001 1.341e+003 6.076e+000-7.960e+001-4.066e-001-4.588e+000 1.211e+000 7.472e+000-2.439e+001-4.824e+002 6.981e+000 2.403e+002
 1.750e+004 2.930e+000 2.340e+002 2.368e+000 9.670e+000 9.484e-002-3.897e+000 1.048e+001 3.366e+002 7.419e+000 1.131e+001-1.381e-001-1.811e+000 8.926e-001 6.603e+000-3.709e+000-1.466e+002 4.144e+000 1.021e+002
 1.880e+004 2.930e+000 2.760e+002 2.513e+000 1.160e+001 3.584e-002-5.546e+000 7.629e+000 3.024e+002 7.475e+000-2.341e+001-3.521e-001-8.669e+000 1.275e+000 8.654e+000-3.756e+000-1.682e+002 8.075e+000 1.391e+002
 2.000e+004 2.930e+000 4.380e+002 5.467e+000 1.912e+001 5.885e+000 2.967e+001 4.097e+001 7.875e+002 6.551e+001 5.995e+002 1.627e+000 6.298e+001 3.119e+001 1.793e+002-3.169e+001-2.283e+002 1.365e+002 1.682e+003
 2.130e+004 2.930e+000 2.610e+002 7.427e-001 1.060e+000 2.048e-001-2.405e-001 1.725e+000 5.671e+001 6.401e+000 2.379e+000-1.777e-001-4.834e+000 2.409e+000 1.448e+001-2.405e+000-7.197e+001 1.240e+001 1.608e+002
 2.250e+004 2.930e+000 2.070e+002 4.952e-001 1.504e+000 7.323e-003-6.130e-001 1.493e+000 3.781e+001 1.965e-001-5.790e+000-1.433e-002-8.146e-001 3.545e-001 1.761e+000-4.946e-001-1.626e+001 1.600e+000 2.380e+001
 2.380e+004 2.930e+000 2.460e+002 3.588e+000 1.905e+001 2.463e-001-1.418e+001 5.284e+001 1.251e+003 1.562e+001-1.398e+002-1.416e+000-2.825e+001 1.082e+000 1.096e+001-2.144e+001-5.594e+002 1.185e+001 2.761e+002
 2.500e+004 2.930e+000 1.560e+002 1.835e-001 3.159e-001-1.436e-003-2.875e-001 6.951e-001 2.004e+001-1.002e-001-6.276e+000-1.124e-002-4.681e-001 1.350e-001 5.879e-001-2.113e-001-7.078e+000 6.403e-001 9.573e+000
 2.630e+004 2.930e+000 6.900e+001 5.446e-002 3.632e-001-2.826e-003-6.344e-002 1.997e-002 1.148e+001-1.303e-001-8.681e-001 4.112e-003-1.764e-001 4.003e-002 7.270e-002 1.054e-002-1.908e+000 1.417e-001 1.395e+000
 2.750e+004 2.930e+000 4.500e+001 3.436e-002 7.587e-002-6.715e-005-4.486e-002 2.108e-001 1.388e+001 1.170e-001-8.851e-001-1.399e-003-1.082e-001 2.042e-002 7.390e-002-5.357e-002-3.300e+000 6.411e-002 1.268e+000
 2.880e+004 2.930e+000 9.000e+001 1.210e-001 2.492e-001 9.867e-002 2.640e-001 7.548e-001 1.188e+001 1.293e+000 5.904e+000-2.793e-002-3.389e-002 2.967e-001 1.910e+000-8.971e-001-1.078e+001 1.376e+000 2.059e+001
 3.000e+004 2.930e+000 1.050e+002 1.364e-001 9.024e-001-7.786e-003-4.074e-001 6.779e-001 2.189e+001 1.103e-002-2.250e+000-7.339e-003-3.006e-001 3.047e-002 6.235e-002-1.687e-001-8.425e+000 1.433e-001 3.777e+000
 3.130e+004 2.930e+000 1.290e+002 2.961e-001 3.349e+000-2.909e-002-1.470e+000 2.710e+000 9.557e+001 1.921e-001-7.678e+000-3.678e-002-1.087e+000 4.954e-002 1.876e-001-7.299e-001-3.600e+001 4.314e-001 1.462e+001
 3.250e+004 2.930e+000 1.500e+002 5.976e-001 6.298e+000-6.041e-002-2.839e+000 6.120e+000 1.733e+002 3.411e-001-1.341e+001-8.469e-002-2.066e+000 5.736e-002 3.131e-001-1.825e+000-6.542e+001 7.680e-001 2.607e+001
 3.380e+004 2.930e+000 1.020e+002 6.322e-002 2.431e-001-4.231e-003-9.907e-002 2.048e-001 7.047e+000 7.654e-002-2.545e-001-1.483e-003-7.827e-002 2.259e-002 7.004e-002-3.623e-002-2.802e+000 6.324e-002 1.551e+000
 3.500e+004 2.930e+000 7.500e+001 2.077e-002 5.511e-002 2.739e-004-2.071e-002 5.752e-002 1.406e+000 4.033e-002-4.515e-002-1.005e-003-3.929e-002 1.514e-002 3.033e-002-1.091e-002-5.176e-001 2.383e-002 3.220e-001
 3.630e+004 2.930e+000 6.600e+001 1.845e-002 1.179e-001-1.307e-003-4.717e-002 5.956e-002 2.993e+000 4.166e-002-9.587e-002-8.761e-004-4.352e-002 1.013e-002 2.764e-002-1.057e-002-1.209e+000 3.091e-002 6.511e-001
 3.750e+004 2.930e+000 6.300e+001 2.486e-002 1.019e-001-3.554e-003-3.979e-002 7.894e-002 1.681e+000-1.423e-002-1.576e-001-4.371e-003-5.599e-002 1.102e-002 4.661e-003-2.013e-002-6.436e-001 2.538e-002 3.297e-001
 3.880e+004 2.930e+000 6.300e+001 1.660e-002 3.465e-002-1.361e-005-1.231e-002 3.273e-002 6.785e-001 3.553e-003-4.704e-002-2.906e-004-1.611e-002 7.096e-003 5.657e-003-9.244e-003-2.266e-001 9.734e-003 1.201e-001
 4.000e+004 2.930e+000 1.440e+002 2.851e-001 1.413e+000-7.107e-003-1.135e+000 3.642e+000 6.648e+001 2.313e-001-9.306e+000-6.055e-002-1.026e+000 3.991e-002 2.552e-001-1.416e+000-2.950e+001 4.313e-001 1.455e+001
 4.130e+004 2.930e+000 6.300e+001 1.149e-002 2.397e-002 5.148e-004-9.817e-003 2.149e-002 4.445e-001 7.602e-004-3.892e-002-8.405e-004 1.586e-004 7.831e-003 9.455e-003-4.632e-003-1.508e-001 4.571e-003 1.012e-001
 4.250e+004 2.930e+000 9.900e+001 1.832e-002 5.702e-002-1.859e-003-1.832e-002 5.380e-002 1.772e+000-1.212e-002-9.652e-002 6.024e-004-3.942e-002 1.350e-002-5.754e-004-1.683e-002-6.750e-001 1.793e-002 3.312e-001
 4.380e+004 2.930e+000 8.100e+001 1.149e-002 1.793e-002 2.544e-004-7.546e-003 1.262e-002 2.815e-001 9.553e-003-1.060e-002-2.708e-004-7.638e-003 9.998e-003 1.017e-002-2.272e-003-7.962e-002 3.288e-003 6.542e-002
 4.500e+004 2.930e+000 5.700e+001 7.516e-003 1.859e-002-2.651e-004-6.919e-003 9.398e-003 2.516e-001 1.865e-003-3.453e-002-2.510e-004-2.171e-003 4.521e-003 3.367e-003 4.266e-004-6.362e-002 1.563e-003 5.364e-002
 4.630e+004 2.930e+000 7.200e+001 1.771e-002 5.036e-002-4.159e-005-2.344e-002 6.085e-002 8.025e-001 1.241e-002-6.265e-002-1.777e-003-2.358e-002 6.030e-003 9.458e-003-1.854e-002-2.957e-001 1.018e-002 1.422e-001
 4.750e+004 2.930e+000 2.310e+002 2.856e+000 1.733e+001-1.624e-001-1.033e+001 2.586e+001 4.073e+002 1.697e+000-3.769e+001-4.825e-001-6.314e+000 1.344e-001 1.363e+000-1.023e+001-1.863e+002 2.739e+000 8.886e+001
 4.880e+004 2.930e+000 1.440e+002 9.468e-001 5.117e+000-7.875e-002-3.082e+000 7.932e+000 1.285e+002 1.712e-001-1.192e+001-1.413e-001-2.147e+000 5.177e-002 2.806e-001-3.127e+000-5.852e+001 9.648e-001 2.782e+001
 5.000e+004 2.930e+000 7.200e+001 9.988e-003 1.284e-002-5.050e-004-5.105e-003 2.678e-002 3.860e-001-1.893e-003-1.439e-002-9.770e-004-4.092e-003 4.578e-003 1.671e-004-9.641e-003-1.415e-001 1.318e-003 6.480e-002
 5.130e+004 2.930e+000 7.500e+001 9.443e-003 1.209e-002 2.392e-004-1.304e-003 1.927e-002 2.205e-001 9.259e-004-2.628e-003-4.908e-004-9.441e-003 4.798e-003 6.731e-004-4.514e-003-5.511e-002 3.718e-003 2.371e-002
 5.250e+004 2.930e+000 6.300e+001 7.278e-003 6.016e-003-4.875e-004-9.347e-004 3.667e-003 1.128e-001 1.827e-003-5.227e-003-2.393e-004-3.930e-003 4.020e-003 6.853e-004 1.602e-003-2.478e-002 1.602e-003 1.173e-002
 5.380e+004 2.930e+000 9.000e+001 2.902e-002 1.535e-001-2.607e-004-9.445e-002 2.984e-001 5.679e+000 2.642e-002-5.346e-001-4.113e-003-6.542e-002 5.256e-003 1.911e-002-1.181e-001-2.525e+000 2.727e-002 1.199e+000
 5.500e+004 2.930e+000 9.300e+001 8.479e-002 5.892e-001-4.857e-003-3.248e-001 6.426e-001 1.282e+001 6.055e-002-1.240e+000-1.159e-002-1.731e-001 9.747e-003 4.441e-002-2.326e-001-5.770e+000 7.180e-002 2.735e+000
 5.630e+004 2.930e+000 1.920e+002 1.411e+000 9.117e+000-1.053e-001-5.403e+000 1.366e+001 2.284e+002 8.666e-001-2.072e+001-2.612e-001-3.873e+000 9.013e-002 7.514e-001-5.406e+000-1.043e+002 1.696e+000 4.960e+001
 5.750e+004 2.930e+000 5.700e+001 7.912e-003 8.891e-003-6.405e-007-1.394e-003 8.727e-003 1.221e-001 9.288e-004-8.707e-004 2.406e-004-1.987e-003 3.233e-003 4.953e-004-2.235e-003-3.245e-002 1.295e-003 1.458e-002
 5.880e+004 2.930e+000 5.700e+001 5.346e-003 3.602e-003-2.383e-004-3.557e-004 2.326e-003 5.884e-002 3.462e-003 2.838e-006-4.816e-004-1.959e-003 2.484e-003 4.310e-004-7.840e-005-1.020e-002 6.840e-004 4.665e-003
 6.000e+004 2.930e+000 3.900e+001 4.433e-003 3.530e-003 0.000e+000-1.117e-003 5.699e-003 5.023e-002 1.079e-003 3.331e-006 0.000e+000-1.211e-003 9.938e-004 4.272e-004-8.261e-004-1.113e-002 6.769e-004 4.570e-003
 6.130e+004 2.930e+000 5.400e+001 3.996e-003 1.317e-004-2.401e-004 1.103e-004 9.865e-003 7.677e-002-3.783e-004-1.686e-003-2.445e-004-8.769e-004 2.249e-003 1.459e-004-1.272e-003-1.228e-002 2.247e-004 4.467e-003
 6.250e+004 2.930e+000 6.300e+001 6.148e-003 1.588e-002-7.220e-004-5.176e-003 1.286e-002 1.892e-001 1.086e-003-8.130e-003-7.390e-004-4.599e-003 2.006e-003 1.878e-004-3.957e-003-6.415e-002 1.747e-003 2.783e-002
 6.380e+004 2.930e+000 1.170e+002 5.041e-001 3.530e+000-3.606e-002-2.043e+000 5.121e+000 8.294e+001 3.625e-001-5.953e+000-1.006e-001-1.393e+000 3.044e-002 2.735e-001-2.182e+000-3.946e+001 6.377e-001 1.922e+001
 6.500e+004 2.930e+000 4.500e+001 4.283e-003 6.372e-004 0.000e+000-6.072e-004 1.413e-002 1.233e-001 1.218e-004-7.682e-003 0.000e+000-2.076e-003 7.573e-004 3.477e-004-3.779e-003-4.399e-002 1.005e-003 2.094e-002
 6.630e+004 2.930e+000 3.900e+001 3.107e-003 3.009e-003 0.000e+000-1.092e-003 5.172e-003 5.473e-002 2.544e-003-7.830e-004 0.000e+000-1.996e-003 1.266e-003 1.057e-003-7.822e-004-1.454e-002 1.139e-003 5.968e-003
 6.750e+004 2.930e+000 3.600e+001 3.598e-003-9.347e-005 4.229e-006 6.969e-004 5.334e-003 3.508e-002 4.234e-004 2.479e-004-2.466e-004-2.468e-003 1.268e-003 3.527e-004-7.394e-004-6.356e-003 9.874e-004 2.797e-003
 6.880e+004 2.930e+000 3.900e+001 4.096e-003 6.233e-004 0.000e+000-5.341e-004 4.576e-003 2.677e-002 5.642e-004-1.002e-003 0.000e+000-8.367e-004 5.089e-004 2.824e-004-8.244e-004-4.255e-003 4.187e-004 1.502e-003
 7.000e+004 2.930e+000 1.800e+001 1.692e-003 7.110e-004 0.000e+000-2.664e-004 3.308e-003 1.907e-002 2.819e-004-7.380e-004 0.000e+000-4.129e-004 2.551e-004 1.410e-004-4.073e-004-2.206e-003 2.065e-004 7.349e-004
 7.130e+004 2.930e+000 6.900e+001 1.237e-002 3.989e-002 0.000e+000-2.245e-002 7.078e-002 9.777e-001-9.111e-004-8.108e-002 0.000e+000 8.789e-004 5.106e-004-3.455e-004-2.563e-002-4.188e-001-6.253e-005 1.928e-001
 7.250e+004 2.930e+000 5.400e+001 2.141e-002 1.546e-001-2.384e-004-8.782e-002 1.992e-001 3.889e+000-2.974e-005-3.195e-001-5.041e-004-7.258e-003 5.113e-004 6.317e-004-7.790e-002-1.800e+000 3.476e-003 8.643e-001
 7.380e+004 2.930e+000 3.600e+001 3.902e-003-6.386e-004 0.000e+000 1.326e-004 2.448e-003 2.517e-002 0.000e+000-4.663e-004 0.000e+000 0.000e+000 0.000e+000 0.000e+000 1.980e-004-4.427e-003 0.000e+000 1.630e-003
 7.500e+004 2.930e+000 2.700e+001 2.688e-003-7.171e-004 0.000e+000 4.031e-004 2.067e-004 1.234e-002 0.000e+000-9.149e-004 0.000e+000 0.000e+000 0.000e+000 0.000e+000 5.845e-004-2.058e-003 0.000e+000 1.144e-003
 7.630e+004 2.930e+000 2.100e+001 2.201e-003 6.933e-004 6.374e-006 0.000e+000 1.805e-003 9.230e-003 6.724e-004 0.000e+000-2.500e-004-1.003e-004 5.113e-004 1.932e-004 0.000e+000-1.130e-003-1.430e-004 4.519e-004
 7.750e+004 2.930e+000 2.700e+001 3.906e-003 1.657e-003 0.000e+000-1.357e-004 5.117e-003 1.355e-002 0.000e+000-2.228e-004 0.000e+000 0.000e+000 0.000e+000 0.000e+000-1.896e-004-6.683e-004 0.000e+000 2.228e-004
 7.880e+004 2.930e+000 3.000e+001 2.937e-003 1.415e-002-5.198e-004 1.349e-003 1.112e-002 4.585e-001-2.294e-002-1.390e-001 7.355e-004-1.968e-003 2.295e-003 7.765e-003 7.317e-003 1.352e-001 7.708e-003 8.965e-002
 8.000e+004 2.930e+000 6.000e+001 8.080e-003 3.567e-002 0.000e+000-1.824e-002 4.174e-002 8.168e-001 0.000e+000-2.233e-002 0.000e+000 0.000e+000 0.000e+000 0.000e+000-1.815e-002-3.831e-001 0.000e+000 1.848e-001
 8.130e+004 2.930e+000 2.400e+001 2.686e-003 2.364e-003 0.000e+000-4.553e-004 3.901e-003 1.562e-002 0.000e+000-2.135e-004 0.000e+000 0.000e+000 0.000e+000 0.000e+000-2.268e-004-2.755e-003 0.000e+000 1.272e-003
 8.250e+004 2.930e+000 2.100e+001 2.681e-003 1.349e-003 0.000e+000-2.739e-004 4.353e-003 1.350e-002 0.000e+000-6.249e-004 0.000e+000 0.000e+000 0.000e+000 0.000e+000-3.579e-004-1.250e-003 0.000e+000 4.166e-004
 8.380e+004 2.930e+000 1.800e+001 2.434e-003 1.546e-003 0.000e+000 0.000e+000 1.619e-003 6.743e-003 0.000e+000 0.000e+000 0.000e+000 0.000e+000 0.000e+000 0.000e+000 0.000e+000 0.000e+000 0.000e+000 0.000e+000
 8.500e+004 2.930e+000 3.000e+001 3.639e-003 2.955e-003 0.000e+000-5.507e-004 4.436e-003 1.798e-002 0.000e+000 4.822e-012 0.000e+000 0.000e+000 0.000e+000 0.000e+000-6.939e-004-2.022e-003 0.000e+000 1.011e-003
 8.630e+004 2.930e+000 2.400e+001 2.658e-003 1.271e-003 0.000e+000 1.386e-004 1.220e-003 1.032e-002 0.000e+000 0.000e+000 0.000e+000 0.000e+000 0.000e+000 0.000e+000 1.710e-004-1.789e-003 0.000e+000 1.592e-003
 8.750e+004 2.930e+000 3.600e+001 4.330e-003 9.898e-003 0.000e+000-4.138e-003 1.742e-002 3.066e-001 0.000e+000 1.756e-003 0.000e+000 0.000e+000 0.000e+000 0.000e+000-6.711e-003-1.383e-001 0.000e+000 6.669e-002
 8.880e+004 2.930e+000 9.600e+001 1.676e-003 4.156e-003 0.000e+000-1.830e-003 3.260e-003 1.659e-001 0.000e+000 4.647e-003 0.000e+000 0.000e+000 0.000e+000 0.000e+000-1.839e-003-6.745e-002 0.000e+000 4.355e-002
 9.000e+004 2.930e+000 2.400e+001 2.617e-003 1.598e-003 0.000e+000-1.041e-003 2.841e-003 1.470e-002 0.000e+000 5.723e-004 0.000e+000 0.000e+000 0.000e+000 0.000e+000-2.294e-004-3.440e-003 0.000e+000 7.443e-003
 9.130e+004 2.930e+000 3.600e+001 4.256e-003 4.804e-003 0.000e+000 2.547e-004 6.427e-003 2.455e-002 4.649e-004 3.746e-003 0.000e+000 4.383e-004 2.424e-004-2.663e-005-1.625e-003-2.822e-003 9.032e-004 1.443e-002
 9.250e+004 2.930e+000 2.700e+001 3.050e-003 4.159e-003 0.000e+000-9.747e-004 4.957e-003 1.817e-002 0.000e+000 5.571e-004 0.000e+000 0.000e+000 2.398e-004 1.407e-004-1.089e-003-3.340e-003 4.515e-004 6.873e-003
 9.380e+004 2.930e+000 3.000e+001 3.025e-003 1.503e-003 0.000e+000-2.909e-004 2.257e-003 1.096e-002 1.484e-004 1.825e-004 0.000e+000 1.458e-004 2.375e-004 5.885e-004-1.332e-005-2.009e-003 5.264e-006 4.379e-003
 9.500e+004 2.930e+000 2.700e+001 2.771e-003 3.563e-003 0.000e+000-8.234e-004 5.320e-003 7.512e-002 0.000e+000-2.491e-006 0.000e+000 0.000e+000 0.000e+000 0.000e+000-1.182e-003-3.090e-002 0.000e+000 1.743e-002
 9.630e+004 2.930e+000 0.000e+000 0.000e+000 0.000e+000 0.000e+000 0.000e+000 0.000e+000 0.000e+000 0.000e+000 0.000e+000 0.000e+000 0.000e+000 0.000e+000 0.000e+000 0.000e+000 0.000e+000 0.000e+000 0.000e+000
 9.750e+004 2.930e+000 0.000e+000 0.000e+000 0.000e+000 0.000e+000 0.000e+000 0.000e+000 0.000e+000 0.000e+000 0.000e+000 0.000e+000 0.000e+000 0.000e+000 0.000e+000 0.000e+000 0.000e+000 0.000e+000 0.000e+000
 9.880e+004 2.930e+000 0.000e+000 0.000e+000 0.000e+000 0.000e+000 0.000e+000 0.000e+000 0.000e+000 0.000e+000 0.000e+000 0.000e+000 0.000e+000 0.000e+000 0.000e+000 0.000e+000 0.000e+000 0.000e+000 0.000e+000
 1.000e+005 2.930e+000 0.000e+000 0.000e+000 0.000e+000 0.000e+000 0.000e+000 0.000e+000 0.000e+000 0.000e+000 0.000e+000 0.000e+000 0.000e+000 0.000e+000 0.000e+000 0.000e+000 0.000e+000 0.000e+000 0.000e+000
