 6.250e+000 2.930e+000 0.000e+000 0.000e+000 0.000e+000 0.000e+000 0.000e+000 0.000e+000 0.000e+000 0.000e+000 0.000e+000 0.000e+000 0.000e+000 0.000e+000 0.000e+000 0.000e+000 0.000e+000 0.000e+000 0.000e+000
 7.500e+000 2.930e+000 0.000e+000 0.000e+000 0.000e+000 0.000e+000 0.000e+000 0.000e+000 0.000e+000 0.000e+000 0.000e+000 0.000e+000 0.000e+000 0.000e+000 0.000e+000 0.000e+000 0.000e+000 0.000e+000 0.000e+000
 8.750e+000 2.930e+000 0.000e+000 0.000e+000 0.000e+000 0.000e+000 0.000e+000 0.000e+000 0.000e+000 0.000e+000 0.000e+000 0.000e+000 0.000e+000 0.000e+000 0.000e+000 0.000e+000 0.000e+000 0.000e+000 0.000e+000
 1.000e+001 2.930e+000 0.000e+000 0.000e+000 0.000e+000 0.000e+000 0.000e+000 0.000e+000 0.000e+000 0.000e+000 0.000e+000 0.000e+000 0.000e+000 0.000e+000 0.000e+000 0.000e+000 0.000e+000 0.000e+000 0.000e+000
 1.130e+001 2.930e+000 2.100e+001 7.930e+002 1.109e+003-2.611e+001 8.639e+002 3.981e+001 3.062e+004-5.430e+002-1.896e+003 2.721e+002-3.147e+002 1.944e+002 5.867e+002-8.567e+002 4.472e+003 6.865e+001 1.063e+004
 1.250e+001 2.930e+000 0.000e+000 0.000e+000 0.000e+000 0.000e+000 0.000e+000 0.000e+000 0.000e+000 0.000e+000 0.000e+000 0.000e+000 0.000e+000 0.000e+000 0.000e+000 0.000e+000 0.000e+000 0.000e+000 0.000e+000
 1.380e+001 2.930e+000 0.000e+000 0.000e+000 0.000e+000 0.000e+000 0.000e+000 0.000e+000 0.000e+000 0.000e+000 0.000e+000 0.000e+000 0.000e+000 0.000e+000 0.000e+000 0.000e+000 0.000e+000 0.000e+000 0.000e+000
 1.500e+001 2.930e+000 2.400e+001 1.184e+003-7.007e+001-5.241e+001 2.479e+002 5.829e+002 2.197e+004-4.265e+002 1.217e+003 4.399e+002 5.815e+002 2.652e+002 9.822e+002 4.746e+002 7.510e+003 5.881e+002 1.704e+004
 1.630e+001 2.930e+000 0.000e+000 0.000e+000 0.000e+000 0.000e+000 0.000e+000 0.000e+000 0.000e+000 0.000e+000 0.000e+000 0.000e+000 0.000e+000 0.000e+000 0.000e+000 0.000e+000 0.000e+000 0.000e+000 0.000e+000
 1.750e+001 2.930e+000 2.400e+001 1.298e+003-7.353e+001-2.231e+001 4.213e-001-4.666e+002 1.153e+004 1.405e+002 5.307e+002 5.390e+002-2.347e+002 2.863e+002 5.989e+002 1.886e+002 5.931e+002 5.175e+002 1.348e+004
 1.880e+001 2.930e+000 0.000e+000 0.000e+000 0.000e+000 0.000e+000 0.000e+000 0.000e+000 0.000e+000 0.000e+000 0.000e+000 0.000e+000 0.000e+000 0.000e+000 0.000e+000 0.000e+000 0.000e+000 0.000e+000 0.000e+000
 2.000e+001 2.930e+000 2.400e+001 1.743e+003 1.166e+003-1.069e+002 1.188e+002 2.149e+002 1.011e+004-5.074e+002 1.070e+002 6.575e+002-4.615e+001 3.324e+002 6.789e+002-1.214e+002 2.354e+003 4.904e+002 1.256e+004
 2.130e+001 2.930e+000 0.000e+000 0.000e+000 0.000e+000 0.000e+000 0.000e+000 0.000e+000 0.000e+000 0.000e+000 0.000e+000 0.000e+000 0.000e+000 0.000e+000 0.000e+000 0.000e+000 0.000e+000 0.000e+000 0.000e+000
 2.250e+001 2.930e+000 0.000e+000 0.000e+000 0.000e+000 0.000e+000 0.000e+000 0.000e+000 0.000e+000 0.000e+000 0.000e+000 0.000e+000 0.000e+000 0.000e+000 0.000e+000 0.000e+000 0.000e+000 0.000e+000 0.000e+000
 2.380e+001 2.930e+000 2.400e+001 2.062e+003-1.892e+002-1.294e+002-8.056e+002-5.023e+002 9.025e+003 1.987e+002 1.920e+003 8.564e+002-1.455e+002 4.303e+002-2.427e+001 4.188e+002 1.311e+003 5.967e+002 7.890e+003
 2.500e+001 2.930e+000 0.000e+000 0.000e+000 0.000e+000 0.000e+000 0.000e+000 0.000e+000 0.000e+000 0.000e+000 0.000e+000 0.000e+000 0.000e+000 0.000e+000 0.000e+000 0.000e+000 0.000e+000 0.000e+000 0.000e+000
 2.630e+001 2.930e+000 2.400e+001 2.222e+003 4.006e+002-1.138e+002-6.210e+002-6.525e+002 4.797e+003-1.883e+002 2.289e-005 8.223e+002-2.024e+002 3.664e+002 3.174e+002-2.982e+002 1.925e+003 2.829e+002 1.218e+004
 2.750e+001 2.930e+000 0.000e+000 0.000e+000 0.000e+000 0.000e+000 0.000e+000 0.000e+000 0.000e+000 0.000e+000 0.000e+000 0.000e+000 0.000e+000 0.000e+000 0.000e+000 0.000e+000 0.000e+000 0.000e+000 0.000e+000
 2.880e+001 2.930e+000 2.100e+001 2.378e+003 1.510e+003-9.077e+001 1.099e+003 3.681e+002 6.405e+003-5.698e+002 2.023e+003 1.015e+003 1.668e+002 4.874e+002 7.381e+002 3.118e+002 1.601e+003 3.534e+002 5.871e+003
 3.000e+001 2.930e+000 0.000e+000 0.000e+000 0.000e+000 0.000e+000 0.000e+000 0.000e+000 0.000e+000 0.000e+000 0.000e+000 0.000e+000 0.000e+000 0.000e+000 0.000e+000 0.000e+000 0.000e+000 0.000e+000 0.000e+000
 3.130e+001 2.930e+000 0.000e+000 0.000e+000 0.000e+000 0.000e+000 0.000e+000 0.000e+000 0.000e+000 0.000e+000 0.000e+000 0.000e+000 0.000e+000 0.000e+000 0.000e+000 0.000e+000 0.000e+000 0.000e+000 0.000e+000
 3.250e+001 2.930e+000 2.400e+001 3.982e+003 1.143e+002-2.332e+002 2.697e+002-2.164e+002 4.188e+003 9.179e+001 2.562e+003 1.640e+003 9.086e+001 7.774e+002 9.003e+002 7.338e+002 8.343e+002 9.494e+002 1.576e+004
 3.380e+001 2.930e+000 0.000e+000 0.000e+000 0.000e+000 0.000e+000 0.000e+000 0.000e+000 0.000e+000 0.000e+000 0.000e+000 0.000e+000 0.000e+000 0.000e+000 0.000e+000 0.000e+000 0.000e+000 0.000e+000 0.000e+000
 3.500e+001 2.930e+000 2.400e+001 6.208e+003 2.039e+003-1.587e+002 2.392e+003-1.006e+003 4.862e+003-9.956e+002 2.084e+003 2.584e+003-2.591e+002 1.140e+003 1.316e+003-3.344e+003 3.395e+003-1.258e+003 1.083e+004
 3.630e+001 2.930e+000 0.000e+000 0.000e+000 0.000e+000 0.000e+000 0.000e+000 0.000e+000 0.000e+000 0.000e+000 0.000e+000 0.000e+000 0.000e+000 0.000e+000 0.000e+000 0.000e+000 0.000e+000 0.000e+000 0.000e+000
 3.750e+001 2.930e+000 2.400e+001 3.582e+004 1.273e+004-1.312e+003 1.448e+004-7.330e+003 1.278e+004-5.831e+003 8.284e+002 1.653e+004-3.669e+003 7.790e+003 6.976e+003-5.979e+003 7.643e+003-3.082e+003 1.335e+004
 3.880e+001 2.930e+000 0.000e+000 0.000e+000 0.000e+000 0.000e+000 0.000e+000 0.000e+000 0.000e+000 0.000e+000 0.000e+000 0.000e+000 0.000e+000 0.000e+000 0.000e+000 0.000e+000 0.000e+000 0.000e+000 0.000e+000
 4.000e+001 2.930e+000 0.000e+000 0.000e+000 0.000e+000 0.000e+000 0.000e+000 0.000e+000 0.000e+000 0.000e+000 0.000e+000 0.000e+000 0.000e+000 0.000e+000 0.000e+000 0.000e+000 0.000e+000 0.000e+000 0.000e+000
 4.130e+001 2.930e+000 2.400e+001 6.151e+004 2.996e+004-3.151e+003 2.365e+004-9.986e+003 2.463e+004-1.406e+004-9.565e+002 2.885e+004-6.064e+003 1.384e+004 1.128e+004-6.022e+003 1.465e+004-3.792e+003 1.641e+004
 4.250e+001 2.930e+000 0.000e+000 0.000e+000 0.000e+000 0.000e+000 0.000e+000 0.000e+000 0.000e+000 0.000e+000 0.000e+000 0.000e+000 0.000e+000 0.000e+000 0.000e+000 0.000e+000 0.000e+000 0.000e+000 0.000e+000
 4.380e+001 2.930e+000 2.100e+001 3.887e+004 1.585e+004-1.399e+003 1.491e+004-1.249e+004 1.859e+004-7.759e+003-2.516e+003 1.761e+004-5.702e+003 8.295e+003 7.174e+003-5.337e+003 1.056e+004-2.651e+003 1.056e+004
 4.500e+001 2.930e+000 0.000e+000 0.000e+000 0.000e+000 0.000e+000 0.000e+000 0.000e+000 0.000e+000 0.000e+000 0.000e+000 0.000e+000 0.000e+000 0.000e+000 0.000e+000 0.000e+000 0.000e+000 0.000e+000 0.000e+000
 4.630e+001 2.930e+000 2.400e+001 8.525e+004 3.112e+004-3.446e+003 2.415e+004-2.820e+004 4.572e+004-1.627e+004-7.492e+002 3.711e+004-1.116e+004 1.727e+004 1.206e+004-1.247e+004 2.300e+004-5.796e+003 1.494e+004
 4.750e+001 2.930e+000 0.000e+000 0.000e+000 0.000e+000 0.000e+000 0.000e+000 0.000e+000 0.000e+000 0.000e+000 0.000e+000 0.000e+000 0.000e+000 0.000e+000 0.000e+000 0.000e+000 0.000e+000 0.000e+000 0.000e+000
 4.880e+001 2.930e+000 0.000e+000 0.000e+000 0.000e+000 0.000e+000 0.000e+000 0.000e+000 0.000e+000 0.000e+000 0.000e+000 0.000e+000 0.000e+000 0.000e+000 0.000e+000 0.000e+000 0.000e+000 0.000e+000 0.000e+000
 5.000e+001 2.930e+000 2.400e+001 1.193e+007-6.454e+006-3.169e+005-1.887e+006-4.112e+006 4.941e+006 1.580e+006-3.355e+004 2.705e+006-7.648e+005 6.282e+005-4.603e+005-1.262e+006 1.464e+006-2.374e+005 4.369e+005
 5.130e+001 2.930e+000 0.000e+000 0.000e+000 0.000e+000 0.000e+000 0.000e+000 0.000e+000 0.000e+000 0.000e+000 0.000e+000 0.000e+000 0.000e+000 0.000e+000 0.000e+000 0.000e+000 0.000e+000 0.000e+000 0.000e+000
 5.250e+001 2.930e+000 2.400e+001 5.881e+004 1.245e+004-1.830e+003 1.500e+004-2.269e+004 4.002e+004-7.862e+003-1.665e+002 2.248e+004-7.301e+003 9.360e+003 7.248e+003-1.051e+004 1.841e+004-4.207e+003 1.204e+004
 5.380e+001 2.930e+000 0.000e+000 0.000e+000 0.000e+000 0.000e+000 0.000e+000 0.000e+000 0.000e+000 0.000e+000 0.000e+000 0.000e+000 0.000e+000 0.000e+000 0.000e+000 0.000e+000 0.000e+000 0.000e+000 0.000e+000
 5.500e+001 2.930e+000 0.000e+000 0.000e+000 0.000e+000 0.000e+000 0.000e+000 0.000e+000 0.000e+000 0.000e+000 0.000e+000 0.000e+000 0.000e+000 0.000e+000 0.000e+000 0.000e+000 0.000e+000 0.000e+000 0.000e+000
 5.630e+001 2.930e+000 2.400e+001 1.591e+004 1.286e+003-7.073e+002 2.443e+003-4.237e+003 8.068e+003-1.057e+003 7.689e+002 6.137e+003-1.318e+003 2.609e+003 1.444e+003-2.650e+003 3.504e+003-8.703e+002 4.574e+003
 5.750e+001 2.930e+000 0.000e+000 0.000e+000 0.000e+000 0.000e+000 0.000e+000 0.000e+000 0.000e+000 0.000e+000 0.000e+000 0.000e+000 0.000e+000 0.000e+000 0.000e+000 0.000e+000 0.000e+000 0.000e+000 0.000e+000
 5.880e+001 2.930e+000 2.400e+001 2.563e+004 1.062e+004-1.045e+003 7.546e+003-4.457e+003 1.186e+004-4.984e+003 2.552e+003 1.132e+004-2.111e+003 5.146e+003 3.526e+003-4.882e+003 5.197e+003-2.374e+003 6.991e+003
 6.000e+001 2.930e+000 0.000e+000 0.000e+000 0.000e+000 0.000e+000 0.000e+000 0.000e+000 0.000e+000 0.000e+000 0.000e+000 0.000e+000 0.000e+000 0.000e+000 0.000e+000 0.000e+000 0.000e+000 0.000e+000 0.000e+000
 6.130e+001 2.930e+000 2.400e+001 2.765e+004 1.429e+004-1.154e+003 9.333e+003-8.847e+003 1.439e+004-6.423e+003 5.752e+002 1.254e+004-4.514e+003 5.823e+003 4.374e+003-5.109e+003 8.209e+003-2.492e+003 9.400e+003
 6.250e+001 2.930e+000 0.000e+000 0.000e+000 0.000e+000 0.000e+000 0.000e+000 0.000e+000 0.000e+000 0.000e+000 0.000e+000 0.000e+000 0.000e+000 0.000e+000 0.000e+000 0.000e+000 0.000e+000 0.000e+000 0.000e+000
 6.380e+001 2.930e+000 0.000e+000 0.000e+000 0.000e+000 0.000e+000 0.000e+000 0.000e+000 0.000e+000 0.000e+000 0.000e+000 0.000e+000 0.000e+000 0.000e+000 0.000e+000 0.000e+000 0.000e+000 0.000e+000 0.000e+000
 6.500e+001 2.930e+000 2.400e+001 4.355e+003 1.422e+003-1.740e+002 1.043e+003-2.188e+003 3.971e+003-6.348e+002 1.830e+002 1.821e+003-9.739e+002 8.453e+002 7.492e+002-1.062e+003 1.652e+003-4.887e+001 7.355e+003
 6.630e+001 2.930e+000 0.000e+000 0.000e+000 0.000e+000 0.000e+000 0.000e+000 0.000e+000 0.000e+000 0.000e+000 0.000e+000 0.000e+000 0.000e+000 0.000e+000 0.000e+000 0.000e+000 0.000e+000 0.000e+000 0.000e+000
 6.750e+001 2.930e+000 2.400e+001 3.062e+003 1.227e+003-1.270e+002 1.010e+003-1.219e+003 3.200e+003-5.818e+002-6.026e+002 1.297e+003-5.825e+002 5.910e+002 5.843e+002-5.346e+002 9.690e+002-1.551e+002 3.155e+003
 6.880e+001 2.930e+000 0.000e+000 0.000e+000 0.000e+000 0.000e+000 0.000e+000 0.000e+000 0.000e+000 0.000e+000 0.000e+000 0.000e+000 0.000e+000 0.000e+000 0.000e+000 0.000e+000 0.000e+000 0.000e+000 0.000e+000
 7.000e+001 2.930e+000 2.400e+001 1.644e+003 4.906e+002-8.522e+001 2.366e+002-4.971e+002 2.267e+003-2.658e+002-6.633e+002 6.312e+002-2.938e+002 2.752e+002 2.550e+002-6.739e+002 5.072e+002-1.536e+002 3.917e+003
 7.130e+001 2.930e+000 0.000e+000 0.000e+000 0.000e+000 0.000e+000 0.000e+000 0.000e+000 0.000e+000 0.000e+000 0.000e+000 0.000e+000 0.000e+000 0.000e+000 0.000e+000 0.000e+000 0.000e+000 0.000e+000 0.000e+000
 7.250e+001 2.930e+000 0.000e+000 0.000e+000 0.000e+000 0.000e+000 0.000e+000 0.000e+000 0.000e+000 0.000e+000 0.000e+000 0.000e+000 0.000e+000 0.000e+000 0.000e+000 0.000e+000 0.000e+000 0.000e+000 0.000e+000
 7.380e+001 2.930e+000 2.400e+001 1.182e+003 2.750e+002-3.105e+001 6.312e+002-2.491e+002 2.525e+003-1.256e+002-8.241e+001 4.915e+002-1.986e+002 2.368e+002 4.167e+002-3.385e+002 5.057e+002-1.800e+001 3.360e+003
 7.500e+001 2.930e+000 0.000e+000 0.000e+000 0.000e+000 0.000e+000 0.000e+000 0.000e+000 0.000e+000 0.000e+000 0.000e+000 0.000e+000 0.000e+000 0.000e+000 0.000e+000 0.000e+000 0.000e+000 0.000e+000 0.000e+000
 7.630e+001 2.930e+000 2.400e+001 1.476e+003 4.581e+002-8.307e+001 6.794e+002-3.481e+002 1.837e+003-1.752e+002-1.945e+002 6.489e+002-1.925e+002 3.137e+002 5.074e+002 1.787e+002 3.458e+002 1.553e+002 4.077e+003
 7.750e+001 2.930e+000 0.000e+000 0.000e+000 0.000e+000 0.000e+000 0.000e+000 0.000e+000 0.000e+000 0.000e+000 0.000e+000 0.000e+000 0.000e+000 0.000e+000 0.000e+000 0.000e+000 0.000e+000 0.000e+000 0.000e+000
 7.880e+001 2.930e+000 2.400e+001 9.847e+002 4.694e+002-5.195e+001-7.210e+001-4.349e+002 3.038e+003-1.773e+002-9.018e+001 3.962e+002-2.999e+002 2.020e+002 2.189e+002-8.779e+001-3.017e+002 1.891e+002 3.964e+003
 8.000e+001 2.930e+000 0.000e+000 0.000e+000 0.000e+000 0.000e+000 0.000e+000 0.000e+000 0.000e+000 0.000e+000 0.000e+000 0.000e+000 0.000e+000 0.000e+000 0.000e+000 0.000e+000 0.000e+000 0.000e+000 0.000e+000
 8.130e+001 2.930e+000 0.000e+000 0.000e+000 0.000e+000 0.000e+000 0.000e+000 0.000e+000 0.000e+000 0.000e+000 0.000e+000 0.000e+000 0.000e+000 0.000e+000 0.000e+000 0.000e+000 0.000e+000 0.000e+000 0.000e+000
 8.250e+001 2.930e+000 2.400e+001 7.220e+002 4.363e+002-4.292e+001 3.896e+001-1.157e+002 1.522e+003-2.084e+002-5.351e+001 2.811e+002-9.214e+001 1.340e+002 1.172e+002-1.020e+002 2.074e+002 7.329e+001 2.127e+003
 8.380e+001 2.930e+000 0.000e+000 0.000e+000 0.000e+000 0.000e+000 0.000e+000 0.000e+000 0.000e+000 0.000e+000 0.000e+000 0.000e+000 0.000e+000 0.000e+000 0.000e+000 0.000e+000 0.000e+000 0.000e+000 0.000e+000
 8.500e+001 2.930e+000 2.100e+001 3.741e+002 1.714e+002-1.229e+001-3.656e+001-2.206e+002 1.498e+003-5.858e+001 2.809e+002 1.304e+002-1.070e+002 6.327e+001 9.735e+001-1.539e+002 4.262e+002 4.723e+001 2.296e+003
 8.630e+001 2.930e+000 0.000e+000 0.000e+000 0.000e+000 0.000e+000 0.000e+000 0.000e+000 0.000e+000 0.000e+000 0.000e+000 0.000e+000 0.000e+000 0.000e+000 0.000e+000 0.000e+000 0.000e+000 0.000e+000 0.000e+000
 8.750e+001 2.930e+000 2.400e+001 5.748e+002 3.627e+002-1.941e+001 2.985e+002-2.960e+002 2.016e+003-1.551e+002-1.530e+002 2.429e+002-1.576e+002 1.128e+002 1.710e+002-3.237e+001 3.590e+002 7.376e+000 9.552e+002
 8.880e+001 2.930e+000 0.000e+000 0.000e+000 0.000e+000 0.000e+000 0.000e+000 0.000e+000 0.000e+000 0.000e+000 0.000e+000 0.000e+000 0.000e+000 0.000e+000 0.000e+000 0.000e+000 0.000e+000 0.000e+000 0.000e+000
 9.000e+001 2.930e+000 0.000e+000 0.000e+000 0.000e+000 0.000e+000 0.000e+000 0.000e+000 0.000e+000 0.000e+000 0.000e+000 0.000e+000 0.000e+000 0.000e+000 0.000e+000 0.000e+000 0.000e+000 0.000e+000 0.000e+000
 9.130e+001 2.930e+000 2.400e+001 3.212e+002 1.021e+002-5.005e+000 1.784e+002-8.153e+001 1.163e+003-7.126e+001 2.115e+001 1.322e+002-3.899e+001 6.177e+001 1.090e+002-1.497e+002 6.706e+002-2.612e+001 1.402e+003
 9.250e+001 2.930e+000 0.000e+000 0.000e+000 0.000e+000 0.000e+000 0.000e+000 0.000e+000 0.000e+000 0.000e+000 0.000e+000 0.000e+000 0.000e+000 0.000e+000 0.000e+000 0.000e+000 0.000e+000 0.000e+000 0.000e+000
 9.380e+001 2.930e+000 2.400e+001 2.515e+002 1.090e+002 1.133e+000 8.311e+001-6.135e+001 1.147e+003-3.823e+001 9.364e+001 9.342e+001-3.459e+001 4.180e+001 6.414e+001-6.292e+001 2.078e+002 7.642e+000 8.106e+002
 9.500e+001 2.930e+000 0.000e+000 0.000e+000 0.000e+000 0.000e+000 0.000e+000 0.000e+000 0.000e+000 0.000e+000 0.000e+000 0.000e+000 0.000e+000 0.000e+000 0.000e+000 0.000e+000 0.000e+000 0.000e+000 0.000e+000
 9.630e+001 2.930e+000 2.100e+001 3.275e+002 1.412e+002-1.170e+001 9.913e+001-1.588e+002 9.137e+002-5.211e+001 1.703e+001 1.346e+002-8.686e+001 6.064e+001 5.300e+001-5.635e+001 1.249e+002-1.952e+001 2.526e+002
 9.750e+001 2.930e+000 0.000e+000 0.000e+000 0.000e+000 0.000e+000 0.000e+000 0.000e+000 0.000e+000 0.000e+000 0.000e+000 0.000e+000 0.000e+000 0.000e+000 0.000e+000 0.000e+000 0.000e+000 0.000e+000 0.000e+000
 9.880e+001 2.930e+000 0.000e+000 0.000e+000 0.000e+000 0.000e+000 0.000e+000 0.000e+000 0.000e+000 0.000e+000 0.000e+000 0.000e+000 0.000e+000 0.000e+000 0.000e+000 0.000e+000 0.000e+000 0.000e+000 0.000e+000
 1.000e+002 2.930e+000 4.500e+001 8.665e+002 2.589e+002-5.538e+001 1.129e+002 3.143e+002 1.952e+003-1.682e+002-5.030e+001 3.571e+002 1.453e+002 1.738e+002 6.435e+001 2.484e+002 7.051e+002 1.453e+002 6.790e+002
 1.130e+002 2.930e+000 4.500e+001 3.347e+002 1.848e+002 2.407e-001 2.903e+002 8.291e+001 1.906e+003-1.015e+002-2.212e+002 1.363e+002 1.617e+000 6.567e+001 1.905e+002-1.068e+001 7.276e+002 6.346e+001 1.937e+003
 1.250e+002 2.930e+000 5.100e+001 3.563e+002 3.821e+002-2.014e+001 1.797e+002 3.076e+001 2.750e+003-1.406e+002-1.314e+002 1.461e+002-7.160e+001 8.014e+001 2.214e+002 1.654e+002 2.254e+002 2.024e+002 3.218e+003
 1.380e+002 2.930e+000 5.400e+001 3.167e+002 4.890e+002-2.041e+001 9.297e+001-5.517e+000 2.525e+003-1.935e+002-2.302e+002 1.300e+002-9.699e+001 6.739e+001 1.392e+002 3.068e+001-3.905e+001 9.014e+001 1.905e+003
 1.500e+002 2.930e+000 3.600e+001 3.513e+002 7.993e+002 3.620e+000 3.063e+002-1.388e+002 3.661e+003-5.042e+002 1.809e+002 1.887e+002-8.560e+001 1.134e+002 2.073e+002-1.074e+002 1.304e+003-7.061e+001 6.762e+002
 1.630e+002 2.930e+000 3.600e+001 2.456e+002 3.517e+002-1.057e+001 1.812e+002 2.286e+001 1.484e+003-1.602e+002-1.296e+002 1.080e+002-2.798e+001 6.123e+001 2.188e+002 2.738e+001 4.686e+002 1.543e+002 3.866e+003
 1.750e+002 2.930e+000 4.200e+001 5.464e+002 6.385e+002-1.807e+001 4.711e+002 6.265e+001 2.614e+003-2.903e+002-5.254e+002 2.468e+002-5.874e+001 1.291e+002 3.806e+002 8.233e+001 6.872e+002 1.711e+002 4.112e+003
 1.880e+002 2.930e+000 4.500e+001 1.355e+003 1.050e+003-4.117e+001 8.749e+002 6.214e+002 3.273e+003-4.822e+002-1.539e+002 6.257e+002 2.025e+002 3.062e+002 5.292e+002 3.311e+002 1.244e+003 2.585e+002 3.531e+003
 2.000e+002 2.930e+000 4.200e+001 6.668e+004-3.190e+004-6.500e+002 6.034e+003 1.728e+004 3.056e+004 1.562e+004-3.327e+003 3.254e+004 8.565e+003 1.592e+004 3.051e+003-7.322e+003-1.984e+003-3.411e+003 8.540e+003
 2.130e+002 2.930e+000 4.200e+001 1.669e+003 2.399e+003-8.246e+001 1.521e+003-2.249e+002 7.176e+003-1.069e+003-1.862e+003 8.162e+002-3.448e+002 4.364e+002 1.035e+003 7.629e+002 2.665e+003 5.831e+002 8.560e+003
 2.250e+002 2.930e+000 1.080e+002 6.819e+003 1.470e+004-5.757e+002 5.553e+003-1.949e+003 3.839e+004-6.337e+003-6.708e+003 3.108e+003-2.364e+003 1.523e+003 3.162e+003 2.226e+003 1.118e+004 1.024e+003 1.615e+004
 2.380e+002 2.930e+000 9.600e+001 3.023e+004 6.958e+004-2.598e+003 3.024e+004-1.050e+004 1.705e+005-3.107e+004-3.825e+004 1.399e+004-1.116e+004 6.758e+003 1.540e+004 1.164e+004 6.541e+004 3.197e+003 4.433e+004
 2.500e+002 2.930e+000 9.600e+001 1.031e+006 2.461e+006-9.646e+004 9.878e+005-4.051e+005 6.110e+006-1.086e+006-1.320e+006 4.729e+005-4.203e+005 2.264e+005 4.899e+005 3.894e+005 2.203e+006 8.647e+004 1.101e+006
 2.630e+002 2.930e+000 9.600e+001 2.241e+004 5.054e+004-2.014e+003 2.031e+004-9.283e+003 1.234e+005-2.220e+004-2.729e+004 1.030e+004-9.081e+003 4.973e+003 1.042e+004 8.206e+003 4.191e+004 2.328e+003 2.936e+004
 2.750e+002 2.930e+000 1.050e+002 5.734e+003 1.178e+004-4.685e+002 4.998e+003-2.228e+003 2.918e+004-5.094e+003-5.944e+003 2.604e+003-2.182e+003 1.263e+003 2.729e+003 1.484e+003 8.944e+003 6.031e+002 1.186e+004
 2.880e+002 2.930e+000 6.300e+001 1.675e+003 3.283e+003-1.138e+002 1.669e+003-4.182e+002 9.770e+003-1.346e+003 2.161e+002 7.517e+002-4.839e+002 3.642e+002 8.655e+002-1.777e+001 3.294e+003 6.675e+001 5.395e+003
 3.000e+002 2.930e+000 8.400e+001 6.515e+003 1.122e+004 8.198e+001 1.032e+004 1.725e+004 9.491e+004-3.610e+003 2.110e+004 2.679e+003 6.608e+003 1.160e+003 4.183e+003 5.919e+003 3.896e+004 2.821e+003 2.972e+004
 3.130e+002 2.930e+000 4.800e+001 1.827e+003 3.375e+003-1.324e+002 1.712e+003-3.186e+002 8.591e+003-1.372e+003-2.844e+002 7.874e+002-4.412e+002 3.694e+002 8.951e+002 1.325e+001 3.303e+003 8.436e+001 5.800e+003
 3.250e+002 2.930e+000 9.300e+001 5.739e+003 8.091e+003-3.847e+002 5.789e+003-2.498e+003 1.602e+004-3.368e+003-1.443e+003 2.588e+003-1.793e+003 1.219e+003 2.731e+003-8.200e+002 8.181e+003-5.265e+002 1.071e+004
 3.380e+002 2.930e+000 9.300e+001 2.628e+004 3.334e+004-1.848e+003 2.459e+004-1.348e+004 5.251e+004-1.401e+004-4.614e+003 1.184e+004-8.490e+003 5.486e+003 1.080e+004-6.351e+003 3.491e+004-4.376e+003 2.961e+004
 3.500e+002 2.930e+000 9.600e+001 7.297e+005 9.172e+005-5.278e+004 6.781e+005-3.815e+005 1.370e+006-3.848e+005-1.269e+005 3.283e+005-2.384e+005 1.516e+005 2.921e+005-1.820e+005 9.513e+005-1.308e+005 6.820e+005
 3.630e+002 2.930e+000 9.300e+001 2.390e+004 2.984e+004-1.698e+003 2.131e+004-1.123e+004 4.773e+004-1.247e+004-2.922e+003 1.073e+004-7.285e+003 4.965e+003 9.333e+003-5.533e+003 2.991e+004-3.774e+003 2.530e+004
 3.750e+002 2.930e+000 7.800e+001 4.440e+003 5.950e+003-3.358e+002 3.606e+003-1.702e+003 1.167e+004-2.447e+003-5.837e+002 1.972e+003-1.278e+003 9.160e+002 1.649e+003-6.083e+002 5.491e+003-4.274e+002 5.773e+003
 3.880e+002 2.930e+000 5.400e+001 1.432e+003 2.309e+003-1.029e+002 1.532e+003-3.120e+002 5.946e+003-9.666e+002-3.002e+002 6.420e+002-3.581e+002 3.120e+002 8.106e+002 1.620e+001 2.724e+003 6.996e+001 5.219e+003
 4.000e+002 2.930e+000 4.800e+001 1.346e+003 3.915e+003-1.455e+002 1.450e+003-8.863e+002 1.741e+004-1.477e+003-6.823e+002 5.737e+002-9.605e+002 2.717e+002 6.369e+002-1.926e+002 4.833e+003-1.984e+002 2.870e+003
 4.130e+002 2.930e+000 5.700e+001 7.035e+002 1.556e+003-4.048e+001 8.167e+002 5.146e+002 7.233e+003-5.717e+002 9.050e+002 2.849e+002 4.122e+001 1.269e+002 3.499e+002 1.185e+001 2.317e+003 1.027e+001 2.177e+003
 4.250e+002 2.930e+000 6.000e+001 7.666e+002 1.634e+003-1.845e+001 8.995e+002 1.546e+003 1.038e+004-5.411e+002 1.786e+003 2.812e+002 4.489e+002 1.132e+002 3.454e+002 1.539e+002 3.122e+003 8.315e+001 2.466e+003
 4.380e+002 2.930e+000 8.400e+001 2.425e+003 5.504e+003-1.290e+000 3.359e+003 7.173e+003 3.916e+004-1.804e+003 7.336e+003 8.748e+002 2.451e+003 3.421e+002 1.315e+003 1.639e+003 1.286e+004 8.263e+002 1.013e+004
 4.500e+002 2.930e+000 9.600e+001 6.588e+004 1.427e+005 1.936e+002 8.474e+004 1.948e+005 8.989e+005-4.997e+004 1.767e+005 2.347e+004 6.945e+004 8.400e+003 3.015e+004 3.438e+004 2.883e+005 1.261e+004 1.319e+005
 4.630e+002 2.930e+000 1.110e+002 3.343e+003 6.488e+003-2.578e+001 3.664e+003 7.787e+003 3.568e+004-2.348e+003 6.019e+003 1.259e+003 2.729e+003 5.036e+002 1.543e+003 1.501e+003 1.048e+004 7.812e+002 9.182e+003
 4.750e+002 2.930e+000 7.800e+001 1.034e+003 1.957e+003 1.710e+000 1.285e+003 2.326e+003 1.128e+004-6.840e+002 2.174e+003 3.969e+002 8.148e+002 1.733e+002 6.396e+002 3.913e+002 3.083e+003 3.574e+002 5.636e+003
 4.880e+002 2.930e+000 8.100e+001 1.355e+003 2.421e+003-1.436e+001 1.363e+003 3.156e+003 1.476e+004-8.981e+002 2.628e+003 5.325e+002 1.170e+003 2.200e+002 5.719e+002 6.720e+002 4.818e+003 3.449e+002 3.847e+003
 5.000e+002 2.930e+000 8.400e+001 1.144e+004 2.362e+004-8.401e+002 1.568e+004-1.864e+003 6.994e+004-1.024e+004 7.326e+002 5.253e+003-3.178e+003 2.514e+003 7.049e+003-2.321e+003 3.783e+004-2.263e+003 2.594e+004
 5.130e+002 2.930e+000 1.020e+002 2.926e+003 8.876e+003-8.559e+001 4.042e+003 8.768e+003 6.474e+004-3.097e+003 5.279e+003 1.026e+003 2.517e+003 3.935e+002 1.568e+003 2.258e+003 2.153e+004 8.175e+002 1.199e+004
 5.250e+002 2.930e+000 9.600e+001 5.808e+003 1.629e+004-2.175e+001 7.717e+003 2.152e+004 1.339e+005-5.330e+003 1.480e+004 1.930e+003 6.856e+003 6.650e+002 2.657e+003 4.886e+003 4.140e+004 1.711e+003 1.776e+004
 5.380e+002 2.930e+000 9.600e+001 2.575e+004 6.899e+004-8.092e+001 3.284e+004 1.017e+005 5.988e+005-2.318e+004 6.097e+004 8.609e+003 3.345e+004 2.905e+003 1.111e+004 2.584e+004 1.925e+005 8.630e+003 7.126e+004
 5.500e+002 2.930e+000 9.600e+001 1.158e+006 2.939e+006 3.351e+003 1.464e+006 4.590e+006 2.575e+007-9.682e+005 3.017e+006 3.872e+005 1.539e+006 1.296e+005 4.862e+005 1.098e+006 8.084e+006 3.707e+005 2.897e+006
 5.630e+002 2.930e+000 1.200e+002 3.626e+004 8.591e+004 1.442e+002 4.342e+004 1.411e+005 7.613e+005-2.818e+004 8.916e+004 1.219e+004 4.749e+004 4.126e+003 1.454e+004 3.382e+004 2.356e+005 1.169e+004 8.703e+004
 5.750e+002 2.930e+000 9.600e+001 5.610e+003 1.232e+004 1.422e+001 6.322e+003 2.031e+004 1.036e+005-4.122e+003 1.201e+004 1.924e+003 6.900e+003 6.769e+002 2.246e+003 4.907e+003 3.221e+004 1.839e+003 1.440e+004
 5.880e+002 2.930e+000 9.300e+001 2.628e+003 5.151e+003 1.625e+001 2.799e+003 9.121e+003 4.435e+004-1.656e+003 5.986e+003 9.071e+002 3.092e+003 3.284e+002 1.031e+003 1.977e+003 1.250e+004 8.296e+002 7.043e+003
 6.000e+002 2.930e+000 1.050e+002 2.297e+003 6.298e+003-4.130e+001 3.640e+003 8.077e+003 5.648e+004-2.093e+003 7.768e+003 7.689e+002 2.267e+003 2.800e+002 1.252e+003 1.974e+003 2.151e+004 5.801e+002 1.195e+004
 6.130e+002 2.930e+000 8.700e+001 1.009e+003 1.547e+003 1.329e+001 9.007e+002 3.581e+003 1.813e+004-4.067e+002 2.072e+003 3.413e+002 1.136e+003 1.245e+002 3.009e+002 8.973e+002 5.098e+003 3.524e+002 2.602e+003
 6.250e+002 2.930e+000 8.100e+001 7.310e+002 8.545e+002 1.179e+001 6.095e+002 2.396e+003 1.207e+004-2.219e+002 1.380e+003 2.553e+002 7.664e+002 1.009e+002 2.490e+002 6.073e+002 3.774e+003 3.024e+002 3.259e+003
 6.380e+002 2.930e+000 6.300e+001 6.430e+002-9.752e+001 2.765e+001 2.960e+002 1.867e+003 1.007e+004 1.904e+002 1.022e+003 2.440e+002 5.426e+002 1.047e+002 1.021e+002 5.903e+002 2.416e+003 2.599e+002 1.692e+003
 6.500e+002 2.930e+000 6.300e+001 9.025e+003-6.094e+004 1.705e+003-1.239e+004 1.297e+004 5.910e+005 3.736e+004 6.887e+004 4.771e+003-9.240e+003 3.030e+003-9.772e+003 1.021e+004 1.482e+005 2.006e+003 4.755e+004
 6.630e+002 2.930e+000 3.600e+001 2.037e+002 2.270e+002 3.390e+000 1.328e+002 5.858e+002 3.814e+003-4.740e+001 1.347e+002 6.947e+001 1.372e+002 3.148e+001 9.073e+001 6.280e+001 6.844e+002 7.318e+001 1.414e+003
 6.750e+002 2.930e+000 5.400e+001 2.007e+002 2.777e+002-1.688e+000 1.552e+002 4.909e+002 2.847e+003-7.294e+001 3.330e+002 7.778e+001 1.438e+002 3.986e+001 1.035e+002 1.855e+002 7.176e+002 1.655e+002 1.967e+003
 6.880e+002 2.930e+000 5.100e+001 1.787e+002 3.587e+002-2.413e+000 1.400e+002 4.094e+002 2.581e+003-1.056e+002 2.562e+002 5.956e+001 9.106e+001 2.741e+001 9.091e+001 8.247e+000 3.172e+002 6.836e+001 1.451e+003
 7.000e+002 2.930e+000 6.900e+001 1.140e+003 3.449e+003-4.086e+001 1.716e+003 1.528e+003 1.397e+004-1.556e+003 4.965e+002 4.985e+002 4.946e+002 2.281e+002 8.154e+002 5.940e+002 6.238e+003 2.693e+002 4.292e+003
 7.130e+002 2.930e+000 4.200e+001 9.987e+001 1.760e+002-7.573e-001 7.626e+001 2.565e+002 1.266e+003-4.996e+001 1.302e+002 3.194e+001 6.571e+001 1.392e+001 4.664e+001 2.248e+001 1.468e+002 4.168e+001 6.689e+002
 7.250e+002 2.930e+000 5.100e+001 1.153e+002 1.839e+002-1.508e+000 8.094e+001 2.448e+002 1.145e+003-6.143e+001 1.392e+002 4.209e+001 8.018e+001 1.932e+001 5.283e+001 5.558e+001 2.936e+002 6.672e+001 9.601e+002
 7.380e+002 2.930e+000 5.700e+001 1.061e+002 1.589e+002 6.406e-001 1.129e+002 2.314e+002 1.079e+003-4.689e+001 2.084e+002 3.833e+001 7.201e+001 1.732e+001 5.686e+001 3.813e+001 2.749e+002 4.859e+001 7.367e+002
 7.500e+002 2.930e+000 8.700e+001 1.532e+003 3.228e+003-1.671e+001 1.176e+003 1.965e+003 1.196e+004-1.199e+003 9.914e+002 4.918e+002 6.477e+002 1.860e+002 4.551e+002 2.944e+002 3.728e+003 1.182e+002 2.256e+003
 7.630e+002 2.930e+000 5.100e+001 8.056e+001 1.157e+002 2.095e-001 6.571e+001 1.914e+002 8.313e+002-3.277e+001 9.523e+001 2.671e+001 5.507e+001 1.070e+001 3.001e+001 3.415e+001 1.978e+002 2.520e+001 3.562e+002
 7.750e+002 2.930e+000 4.500e+001 6.627e+001 8.913e+001 5.943e-001 6.997e+001 1.376e+002 5.951e+002-2.259e+001 1.106e+002 2.406e+001 3.886e+001 1.344e+001 5.392e+001 2.745e+001 9.185e+001 5.920e+001 9.055e+002
 7.880e+002 2.930e+000 6.900e+001 1.332e+002 1.963e+002 3.798e+000 1.719e+002 2.638e+002 1.149e+003-6.124e+001 2.203e+002 5.108e+001 9.108e+001 2.481e+001 8.717e+001 5.136e+001 3.833e+002 6.078e+001 8.682e+002
 8.000e+002 2.930e+000 9.000e+001 5.602e+002 1.191e+003-2.485e+001 1.253e+003 5.165e+002 4.274e+003-5.464e+002 8.682e+002 2.387e+002 1.353e+002 1.155e+002 6.020e+002 1.219e+002 3.358e+003 4.768e+001 4.461e+003
 8.130e+002 2.930e+000 5.400e+001 7.780e+001 1.174e+002-1.776e+000 7.458e+001 1.430e+002 6.862e+002-3.270e+001 1.702e+002 2.682e+001 3.652e+001 1.236e+001 3.972e+001 1.946e+001 1.379e+002 3.555e+001 6.257e+002
 8.250e+002 2.930e+000 5.100e+001 1.342e+002 1.524e+002-2.578e+000 8.949e+001 1.696e+002 5.997e+002-5.977e+001 1.582e+001 5.455e+001 5.484e+001 2.609e+001 5.852e+001 7.474e+001 1.734e+002 6.535e+001 7.103e+002
 8.380e+002 2.930e+000 9.900e+001 3.079e+002 2.463e+002 1.888e+001 2.741e+002 4.177e+002 1.473e+003-7.055e+001 2.991e+002 1.261e+002 1.735e+002 6.772e+001 1.575e+002 8.808e+001 5.357e+002 9.602e+001 1.660e+003
 8.500e+002 2.930e+000 6.000e+001 1.989e+004-2.913e+003 1.047e+003 2.144e+004 1.840e+004 2.852e+004 2.266e+003 2.036e+004 8.463e+003 7.232e+003 3.681e+003 9.301e+003-3.665e+003-6.372e+003-3.783e+002 2.502e+004
 8.630e+002 2.930e+000 5.100e+001 1.591e+002 2.278e+002-5.513e+000 1.729e+002 1.801e+002 9.240e+002-9.306e+001 4.473e+001 6.652e+001 4.806e+001 3.061e+001 8.560e+001 9.352e+001 3.933e+002 4.830e+001 5.847e+002
 8.750e+002 2.930e+000 5.400e+001 8.997e+001 1.449e+002-1.992e+000 1.132e+002 1.124e+002 7.215e+002-5.152e+001 9.721e+001 3.583e+001 2.723e+001 1.638e+001 5.052e+001 3.773e+001 3.034e+002 2.404e+001 4.265e+002
 8.880e+002 2.930e+000 6.900e+001 8.288e+001 1.593e+002-2.506e+000 1.054e+002 1.278e+002 9.334e+002-7.043e+001-2.015e+001 3.175e+001 3.386e+001 1.595e+001 6.596e+001 6.545e+001 5.616e+002 4.302e+001 9.853e+002
 9.000e+002 2.930e+000 4.500e+001 1.116e+002 2.010e+002-2.533e+000 1.836e+002 1.619e+002 8.587e+002-8.734e+001-5.072e-001 4.616e+001 5.585e+001 2.287e+001 1.049e+002 9.383e+001 6.092e+002 7.763e+001 1.362e+003
 9.130e+002 2.930e+000 4.200e+001 3.449e+002 4.622e+002-9.734e+000 3.920e+002 3.630e+002 1.296e+003-2.309e+002-3.009e+002 1.635e+002 1.578e+002 8.173e+001 2.264e+002 4.607e+002 1.315e+003 2.669e+002 2.579e+003
 9.250e+002 2.930e+000 5.100e+001 1.943e+002 3.332e+002-1.065e+001 2.541e+002 1.818e+002 9.725e+002-1.495e+002-1.022e+002 8.533e+001 4.867e+001 4.364e+001 1.518e+002 1.999e+002 6.450e+002 1.347e+002 1.638e+003
 9.380e+002 2.930e+000 1.080e+002 5.252e+002 1.210e+003-2.213e+001 8.256e+002 5.100e+002 4.509e+003-5.341e+002 4.415e+002 2.073e+002 1.292e+002 9.383e+001 3.844e+002 1.660e+002 2.644e+003 7.837e+001 2.772e+003
 9.500e+002 2.930e+000 8.400e+001 2.955e+004 5.968e+004-2.239e+003 3.573e+004 2.156e+004 1.447e+005-2.514e+004 7.348e+003 1.167e+004 3.826e+003 4.792e+003 1.481e+004 9.231e+003 8.401e+004 9.276e+002 5.098e+004
 9.630e+002 2.930e+000 5.100e+001 2.096e+002 4.297e+002-1.353e+001 2.397e+002 2.907e+002 1.530e+003-1.711e+002 1.779e+002 7.624e+001 6.970e+001 3.011e+001 9.868e+001 8.159e+001 6.739e+002 2.733e+001 6.468e+002
 9.750e+002 2.930e+000 6.600e+001 1.109e+002 1.815e+002-9.060e+000 4.298e+001 1.274e+002 7.050e+002-7.567e+001-5.451e+001 4.317e+001 2.320e+001 2.000e+001 3.113e+001 7.604e+001 2.002e+002 5.035e+001 5.752e+002
 9.880e+002 2.930e+000 6.600e+001 8.651e+001 7.542e+001-6.141e+000 1.095e+001 7.037e+001 5.473e+002-4.054e+001 9.521e+001 3.094e+001 1.465e+001 1.966e+001 3.338e+001 9.316e+001 2.035e+002 9.125e+001 1.284e+003
 1.000e+003 2.930e+000 3.060e+002 1.062e+003 1.721e+003-2.394e+001 1.521e+003 2.517e+003 1.576e+004-9.900e+002-6.640e+002 3.993e+002 1.255e+003 2.084e+002 1.178e+003 1.722e+003 1.903e+004 1.579e+003 3.785e+004
 1.130e+003 2.930e+000 6.210e+002 6.666e+002 1.423e+003-4.851e+001 2.094e+003 2.840e+003 3.611e+004-1.674e+003 1.587e+003 3.763e+002 2.476e+003 3.230e+002 2.762e+003 4.073e+003 5.382e+004 3.971e+003 8.899e+004
 1.250e+003 2.930e+000 5.130e+002 7.886e+002 5.122e+001-6.774e+001-7.881e+002 9.495e+002 8.677e+003-2.265e+002-2.018e+003 4.174e+002 7.024e+002 2.654e+002-1.950e+001 1.976e+003 1.393e+004 1.714e+003 2.869e+004
 1.380e+003 2.930e+000 5.430e+002 4.351e+002 1.060e+003 4.419e+000 1.510e+003 1.901e+003 1.742e+004-6.224e+002 5.407e+002 2.099e+002 1.230e+003 1.472e+002 1.092e+003 2.323e+003 2.391e+004 1.826e+003 3.920e+004
 1.500e+003 2.930e+000 5.400e+001 8.581e+001 3.025e+002 1.325e+001 4.271e+002 1.122e+002 5.118e+003-2.147e+002-2.445e+002 2.340e+001 1.580e+002 2.003e+001 2.778e+002 4.962e+001 5.316e+003 2.040e+002 6.620e+003
 1.630e+003 2.930e+000 6.600e+001 9.749e+001 2.444e+002-6.473e-001 2.912e+002 2.758e+002 1.331e+004-5.625e+002 1.765e+003 2.244e+001 6.015e+002 5.510e+001 7.313e+002 2.943e+002 1.512e+004 6.541e+002 1.842e+004
 1.750e+003 2.930e+000 4.800e+001 1.929e+002 1.628e+003 2.668e+000 2.494e+003 2.071e+003 7.083e+004-3.149e+003 1.442e+004 1.870e+002 3.929e+003 3.670e+002 4.740e+003 2.227e+003 8.828e+004 4.392e+003 1.155e+005
 1.880e+003 2.930e+000 5.700e+001 5.442e+002 3.536e+003 2.569e+001 5.000e+003 3.542e+003 1.413e+005-7.242e+003 1.516e+004 3.212e+002 6.488e+003 7.087e+002 8.721e+003 2.831e+003 1.542e+005 6.841e+003 1.793e+005
 2.000e+003 2.930e+000 7.200e+001 6.232e+002 4.858e+003 6.858e+001 5.357e+003 1.688e+003 2.031e+005-1.002e+004 2.138e+004 3.631e+002 8.510e+003 8.795e+002 1.166e+004 1.296e+003 2.180e+005 8.126e+003 2.369e+005
 2.130e+003 2.930e+000 4.800e+001 2.816e+002 1.946e+003 5.093e+001 2.089e+003 3.961e+002 4.690e+004-2.595e+003 4.591e+003 1.252e+002 1.893e+003 2.306e+002 2.921e+003 2.216e+002 4.959e+004 1.758e+003 5.305e+004
 2.250e+003 2.930e+000 7.200e+001 2.170e+002-8.731e+000-1.262e+001 3.360e+001 1.584e+002 1.660e+004-9.671e+002 1.544e+003 1.069e+001 7.336e+002 9.153e+001 1.069e+003 1.899e+002 1.727e+004 6.793e+002 1.833e+004
 2.380e+003 2.930e+000 6.300e+001 1.478e+002 7.844e+002-2.786e+001 4.975e+002 7.110e+002 1.405e+004-1.068e+003-2.810e+003 9.239e+001 5.511e+002 1.112e+002 8.745e+002 8.513e+002 1.255e+004 7.981e+002 1.319e+004
 2.500e+003 2.930e+000 4.800e+001 4.529e+001 1.387e+002 1.920e+000 1.077e+002 7.820e+001 4.345e+003-2.773e+002-7.966e+001 1.345e+001 1.942e+002 2.872e+001 2.727e+002 1.086e+002 4.249e+003 2.166e+002 4.578e+003
 2.630e+003 2.930e+000 6.900e+001 3.936e+001 1.155e+002-6.696e-001 1.259e+002 1.129e+002 4.329e+003-2.709e+002 1.426e+002 1.471e+001 2.727e+002 3.589e+001 3.168e+002 1.316e+002 4.891e+003 3.105e+002 5.678e+003
 2.750e+003 2.930e+000 6.600e+001 2.631e+001 7.240e+001 3.500e+000 7.321e+001-1.003e+001 1.852e+003-9.852e+001 6.439e+001 3.195e+000 9.480e+001 1.061e+001 1.040e+002-1.138e+001 1.896e+003 9.581e+001 1.993e+003
 2.880e+003 2.930e+000 3.900e+001 1.178e+001 5.536e+000-2.157e-001 6.383e+000 1.192e+001 6.029e+002-3.191e+001 3.692e+001 6.081e-001 3.291e+001 3.808e+000 3.317e+001 5.877e+000 6.012e+002 3.298e+001 6.519e+002
 3.000e+003 2.930e+000 5.700e+001 2.004e+001 4.448e+001 4.115e+000 7.850e+001 8.913e+000 1.061e+003-6.995e+001-2.740e+002 3.931e+000 6.295e+001 9.972e+000 5.846e+001 3.325e+001 1.147e+003 1.067e+002 1.696e+003
 3.130e+003 2.930e+000 6.600e+001 1.086e+001 1.509e+001 3.848e-001 1.701e+001 4.796e+000 9.019e+002-5.238e+001 5.876e-001 1.409e+000 5.484e+001 7.097e+000 5.085e+001 5.385e+000 9.345e+002 6.047e+001 1.051e+003
 3.250e+003 2.930e+000 4.500e+001 1.353e+001 2.157e+001 7.172e-001 1.505e+001 1.231e+001 7.441e+002-4.027e+001 7.051e+001 2.245e+000 5.152e+001 6.084e+000 4.678e+001 7.831e+000 7.749e+002 5.152e+001 8.758e+002
 3.380e+003 2.930e+000 6.900e+001 4.076e+001 1.323e+002 4.297e+000 1.489e+002 1.201e+002 4.821e+003-2.653e+002 1.460e+002 2.105e+001 3.684e+002 4.471e+001 3.082e+002 1.550e+002 5.486e+003 4.198e+002 6.334e+003
 3.500e+003 2.930e+000 7.200e+001 6.058e+001-7.854e+002-6.439e+001-8.451e+002 3.447e+002 4.306e+004-1.928e+003 4.769e+003-9.532e+000 2.782e+003 2.682e+002 2.434e+003 4.910e+002 4.772e+004 2.877e+003 5.354e+004
 3.630e+003 2.930e+000 4.800e+001 1.929e+001 2.935e+002 1.255e+000 2.906e+002 4.303e+002 3.781e+004-2.172e+003-1.868e+003 5.652e+001 3.320e+003 4.199e+002 2.205e+003 4.955e+002 4.156e+004 3.766e+003 4.595e+004
 3.750e+003 2.930e+000 6.900e+001 3.078e+001-9.383e+000-7.113e+000-6.366e+000 1.222e+002 4.900e+003-2.389e+002 1.228e+002 7.536e+000 3.696e+002 4.114e+001 2.708e+002 1.314e+002 5.500e+003 4.154e+002 6.298e+003
 3.880e+003 2.930e+000 7.200e+001 1.503e+002 1.043e+003 2.794e+001 1.131e+003 1.047e+003 3.285e+004-1.408e+003 9.429e+002 1.269e+002 2.321e+003 2.269e+002 1.636e+003 1.139e+003 3.699e+004 2.583e+003 4.192e+004
 4.000e+003 2.930e+000 4.800e+001 9.155e+001-2.160e+001-2.505e+001-5.239e+001 4.992e+002 5.220e+003-2.507e+002-3.599e+002 3.425e+001 3.593e+002 4.426e+001 2.210e+002 5.425e+002 5.506e+003 4.714e+002 6.706e+003
 4.130e+003 2.930e+000 7.200e+001 1.131e+002 6.568e+002 3.489e+001 7.760e+002 3.074e+002 1.157e+004-4.689e+002 3.911e+002 4.765e+001 8.006e+002 7.535e+001 5.493e+002 3.142e+002 1.295e+004 8.886e+002 1.467e+004
 4.250e+003 2.930e+000 6.900e+001 4.474e+001-7.492e+001-6.530e+000-5.731e+001 8.387e+001 3.693e+003-1.222e+002-3.808e+001 4.909e+000 2.477e+002 2.152e+001 1.312e+002 8.276e+001 4.060e+003 2.793e+002 4.591e+003
 4.380e+003 2.930e+000 4.500e+001 2.917e+001-9.972e+001-1.190e+001-1.045e+002 1.468e+002 1.952e+003-7.078e+001-1.325e+001 5.832e+000 1.305e+002 1.166e+001 7.780e+001 1.613e+002 2.206e+003 1.511e+002 2.576e+003
 4.500e+003 2.930e+000 6.900e+001 4.128e+001 1.992e+002 2.025e+000 2.158e+002 3.281e+002 7.241e+003-2.428e+002 1.798e+002 3.007e+001 4.792e+002 4.036e+001 2.839e+002 3.652e+002 8.197e+003 5.396e+002 9.389e+003
 4.630e+003 2.930e+000 6.600e+001 8.095e+000 8.918e+000-1.332e+000 1.162e+001 4.146e+001 6.135e+002-2.480e+001 3.546e+001 3.109e+000 3.973e+001 3.974e+000 2.940e+001 4.416e+001 6.724e+002 4.492e+001 7.793e+002
 4.750e+003 2.930e+000 4.200e+001 3.377e+000 9.523e+000 3.963e-001 1.002e+001-5.203e-001 3.947e+002-6.629e+000 9.357e+001 6.678e-001 1.980e+001 2.049e+000 1.115e+001 4.288e+000 3.678e+002 2.949e+001 5.689e+002
 4.880e+003 2.930e+000 5.700e+001 3.048e+000-3.402e-001-4.220e-001-2.614e+000 3.640e+000 1.949e+002-2.425e+000 5.339e+001 1.363e+000 1.286e+001 3.735e+000 4.638e+000 1.708e+001 2.260e+002 4.579e+001 6.627e+002
 5.000e+003 2.930e+000 6.300e+001 3.802e+000 1.262e+001 3.774e-001 1.530e+001 9.765e+000 3.056e+002-6.590e+000 1.115e+002 9.511e-001 1.851e+001 2.430e+000 1.825e+001 7.484e+000 3.448e+002 3.615e+001 7.484e+002
 5.130e+003 2.930e+000 4.500e+001 1.401e+000 7.528e+000 3.427e-001 1.024e+001 2.156e+000 3.780e+002-1.584e+001 1.012e+002 5.105e-001 2.092e+001 2.502e+000 2.812e+001 3.090e-001 5.105e+002 3.279e+001 8.686e+002
 5.250e+003 2.930e+000 6.000e+001 3.630e+000 4.385e+000-4.764e-002 9.693e+000 1.389e+001 2.504e+002-8.232e+000 8.980e+001 1.405e+000 2.275e+001 3.661e+000 2.564e+001 2.070e+001 4.007e+002 5.319e+001 1.029e+003
 5.380e+003 2.930e+000 5.100e+001 3.258e+000 8.972e+000 6.262e-001 1.577e+001 3.403e+000 4.598e+002-2.130e+001 1.043e+002 9.763e-001 2.658e+001 4.866e+000 4.160e+001 3.159e+000 6.068e+002 5.944e+001 1.254e+003
 5.500e+003 2.930e+000 3.900e+001 1.001e+000 5.078e+000 1.202e-001 5.966e+000 3.006e+000 1.937e+002-6.213e+000 7.525e+001 3.641e-001 1.572e+001 3.291e+000 2.011e+001 1.561e+000 3.007e+002 4.534e+001 8.356e+002
 5.630e+003 2.930e+000 6.000e+001 1.766e+000-4.197e+000 4.804e-001 3.490e+000-8.259e-001 5.048e+002-3.257e+001-6.581e+001-1.252e-001 4.179e+001 1.199e+001 6.621e+001-1.764e+000 7.864e+002 1.470e+002 2.278e+003
 5.750e+003 2.930e+000 6.600e+001 2.131e+000 1.039e+000-5.087e-001 1.238e+000 9.772e+000 6.294e+002-1.432e+001 2.901e+002 8.150e-001 5.967e+001 1.156e+001 6.227e+001 1.239e+001 9.624e+002 1.482e+002 2.400e+003
 5.880e+003 2.930e+000 3.900e+001 1.175e+000-1.299e+000-1.941e-001-5.878e+000-1.964e+000 2.864e+002-2.743e+000 1.945e+002-7.146e-001 3.968e+001 8.340e+000 4.097e+001-8.782e+000 5.623e+002 1.099e+002 1.683e+003
 6.000e+003 2.930e+000 6.900e+001 3.258e+000 1.430e+001-8.068e-002 1.173e+001 1.284e+001 1.044e+003-6.592e+001-6.226e+001 1.128e+000 8.018e+001 1.763e+001 1.014e+002 8.918e+000 1.380e+003 1.956e+002 2.914e+003
 6.130e+003 2.930e+000 6.600e+001 4.781e+000 1.800e+001-1.605e-001 1.613e+001 2.228e+001 4.757e+002-2.432e+001 3.652e+001 2.825e+000 5.233e+001 1.144e+001 5.718e+001 3.114e+001 7.633e+002 1.333e+002 1.887e+003
 6.250e+003 2.930e+000 4.500e+001 4.559e+000 2.030e+001 8.463e-001 3.079e+001 2.751e+001 3.892e+002-1.190e+000 2.593e+002 8.997e-001 2.878e+001 6.367e+000 3.006e+001 2.487e+000 4.085e+002 7.837e+001 1.207e+003
 6.380e+003 2.930e+000 6.600e+001 9.063e+000 2.221e+001-2.203e-001 3.381e+001 5.203e+001 6.778e+002-2.094e+001 2.193e+002 4.363e+000 7.383e+001 1.387e+001 6.923e+001 5.078e+001 1.030e+003 1.628e+002 2.331e+003
 6.500e+003 2.930e+000 6.600e+001 7.059e+000 1.629e+001-1.191e-001 1.343e+001 1.820e+001 3.560e+002-1.449e+001 8.716e+001 1.928e+000 5.000e+001 1.257e+001 5.376e+001 1.836e+001 6.596e+002 1.446e+002 1.928e+003
 6.630e+003 2.930e+000 4.800e+001 4.703e+000 1.591e+001-6.878e-001 1.725e+001 4.046e+001 6.427e+002-2.198e+001 1.046e+002 1.670e+000 4.101e+001 7.638e+000 3.838e+001 2.345e+001 6.580e+002 8.512e+001 1.239e+003
 6.750e+003 2.930e+000 6.600e+001 6.017e+000-8.712e+000-1.691e+000-6.669e+000 2.074e+001 3.144e+002-1.382e+001 5.525e+001 1.706e+000 4.108e+001 8.708e+000 3.943e+001 2.750e+001 5.292e+002 9.614e+001 1.267e+003
 6.880e+003 2.930e+000 7.200e+001 7.376e+000 3.430e+001 1.941e+000 4.651e+001 3.758e+001 7.615e+002-2.189e+001 1.824e+002 3.050e+000 7.923e+001 1.307e+001 5.963e+001 2.846e+001 1.018e+003 1.428e+002 1.890e+003
 7.000e+003 2.930e+000 4.500e+001 3.002e+000-3.393e+000-9.194e-001-5.621e+000 1.052e+001 1.758e+002-7.911e+000 4.142e+001 6.469e-001 3.021e+001 8.402e+000 3.208e+001 1.062e+001 3.671e+002 9.175e+001 1.143e+003
 7.130e+003 2.930e+000 7.200e+001 5.081e+000 2.290e+001 9.998e-001 2.440e+001 2.660e+001 4.349e+002-1.558e+001 6.545e+001 2.927e+000 5.962e+001 1.471e+001 5.784e+001 2.978e+001 7.332e+002 1.638e+002 2.073e+003
 7.250e+003 2.930e+000 6.600e+001 3.953e+000 3.378e+000-1.003e+000 1.717e+000 1.890e+001 2.462e+002-1.136e+001 7.357e+001 1.777e+000 4.283e+001 1.260e+001 5.106e+001 2.335e+001 5.128e+002 1.335e+002 1.651e+003
 7.380e+003 2.930e+000 3.600e+001 2.716e+000 6.896e-001-2.150e-001 3.081e+000 1.078e+001 9.773e+001-3.619e+000 4.280e+001 5.455e-001 1.741e+001 5.421e+000 2.250e+001 7.686e+000 2.087e+002 5.837e+001 7.350e+002
 7.500e+003 2.930e+000 6.300e+001 4.770e+000 7.354e+000-9.772e-001-7.898e-001 2.627e+001 2.772e+002-1.150e+001 1.823e+001 2.578e+000 3.984e+001 1.046e+001 3.843e+001 3.338e+001 4.823e+002 1.128e+002 1.379e+003
 7.630e+003 2.930e+000 6.300e+001 1.870e+000 2.323e+000 3.177e-001 3.351e+000 4.436e+000 1.493e+002-6.773e+000 5.771e+001-4.031e-002 3.728e+001 1.260e+001 4.366e+001-1.538e+000 4.376e+002 1.372e+002 1.669e+003
 7.750e+003 2.930e+000 4.500e+001 8.791e-001 2.991e-001-2.341e-001-1.991e-001 6.595e+000 2.197e+002-1.169e+001 1.772e+001 6.592e-001 4.070e+001 1.177e+001 4.301e+001 9.295e+000 5.173e+002 1.302e+002 1.620e+003
 7.880e+003 2.930e+000 5.700e+001 1.127e+000 8.213e-001-5.932e-002 9.343e-001 1.733e+000 1.712e+002-9.372e+000 6.641e+001 4.167e-001 4.391e+001 1.642e+001 5.837e+001 4.790e+000 5.073e+002 1.698e+002 2.010e+003
 8.000e+003 2.930e+000 6.300e+001 2.251e+000-2.516e+000 2.017e-001 2.201e+000 1.206e+001 2.215e+002 3.469e+000 1.140e+002 2.867e+000 5.854e+001 1.993e+001 4.436e+001 2.112e+001 5.622e+002 1.861e+002 1.967e+003
 8.130e+003 2.930e+000 4.200e+001 1.571e+000 3.396e+000-2.288e-001 5.460e+000 7.875e+000 1.285e+002-6.809e+000 2.922e+001 1.145e+000 2.118e+001 7.116e+000 2.777e+001 1.317e+001 2.732e+002 7.399e+001 9.076e+002
 8.250e+003 2.930e+000 5.400e+001 1.338e+000-1.472e+000 2.008e-001 2.713e+000 1.022e+000 9.052e+001-6.960e+000 2.320e+001 3.474e-001 2.586e+001 1.111e+001 3.880e+001 3.167e+000 2.957e+002 1.152e+002 1.351e+003
 8.380e+003 2.930e+000 6.600e+001 3.030e+000 8.396e+000 3.013e-001 1.220e+001 1.691e+001 2.530e+002-8.667e+000 8.952e+001 1.555e+000 4.179e+001 1.312e+001 4.419e+001 1.490e+001 4.807e+002 1.361e+002 1.605e+003
 8.500e+003 2.930e+000 4.800e+001 1.606e+000-1.316e+000-2.028e-001 7.420e-001 4.264e+000 6.952e+001-6.283e+000-3.615e-001 5.201e-001 1.629e+001 7.546e+000 2.560e+001 6.949e+000 1.864e+002 7.430e+001 8.313e+002
 8.630e+003 2.930e+000 6.000e+001 2.053e+000 7.614e+000 6.471e-002 3.922e+000 3.548e+000 1.371e+002-1.079e+001-1.231e+001 8.330e-001 1.990e+001 6.921e+000 2.438e+001 4.958e+000 2.360e+002 6.663e+001 7.544e+002
 8.750e+003 2.930e+000 6.600e+001 3.190e+000 6.533e-001-2.807e-001 5.296e+000 1.512e+001 1.352e+002-7.015e+000 1.763e+001 1.133e+000 1.713e+001 5.939e+000 2.031e+001 1.136e+001 1.885e+002 5.349e+001 5.770e+002
 8.880e+003 2.930e+000 4.500e+001 3.457e+000-3.958e-001-9.186e-001-6.264e-002 1.437e+001 9.060e+001-7.522e+000-1.615e+001 1.613e+000 1.066e+001 3.058e+000 1.227e+001 1.727e+001 1.240e+002 2.736e+001 3.143e+002
 9.000e+003 2.930e+000 6.600e+001 7.259e+000 1.439e+001 4.470e-001 1.718e+001 2.591e+001 2.097e+002-5.746e+000 5.936e+001 2.249e+000 2.372e+001 5.665e+000 2.109e+001 1.705e+001 2.416e+002 5.124e+001 5.633e+002
 9.130e+003 2.930e+000 6.900e+001 3.568e+000 4.315e-001-8.047e-001 1.613e+000 1.577e+001 1.148e+002-6.100e+000 8.436e+000 1.543e+000 1.238e+001 4.090e+000 1.445e+001 1.543e+001 1.265e+002 3.421e+001 3.575e+002
 9.250e+003 2.930e+000 4.500e+001 2.183e+000 4.800e+000 3.396e-001 6.474e+000 6.436e+000 6.260e+001-2.378e+000 9.035e+000 6.691e-001 6.421e+000 1.888e+000 6.742e+000 3.944e+000 6.912e+001 1.677e+001 1.849e+002
 9.380e+003 2.930e+000 6.600e+001 2.449e+000 1.899e+000 1.171e-001 5.002e+000 9.823e+000 8.698e+001-4.283e+000 3.835e-001 9.177e-001 9.285e+000 3.247e+000 1.139e+001 8.611e+000 1.028e+002 2.636e+001 2.680e+002
 9.500e+003 2.930e+000 6.600e+001 2.183e+000-1.177e+000-4.577e-001-1.736e+000 7.637e+000 7.711e+001-3.706e+000-3.273e+000 7.048e-001 7.314e+000 1.724e+000 6.244e+000 6.868e+000 8.182e+001 1.335e+001 1.412e+002
 9.630e+003 2.930e+000 4.500e+001 9.215e-001 2.792e+000 2.065e-001 3.834e+000 5.453e+000 8.250e+001-2.676e+000 5.314e+000 6.052e-001 8.272e+000 2.042e+000 7.860e+000 4.964e+000 8.767e+001 1.604e+001 1.671e+002
 9.750e+003 2.930e+000 5.700e+001 8.559e-001-2.050e+000-2.324e-001-1.945e+000 3.337e+000 7.705e+001-2.295e+000-9.492e-001 2.654e-001 6.149e+000 1.629e+000 5.379e+000 3.109e+000 7.186e+001 1.317e+001 1.363e+002
 9.880e+003 2.930e+000 6.000e+001 1.064e+000 2.931e+000 1.207e-001 3.057e+000 3.273e+000 8.973e+001-4.521e+000 1.071e+001 3.789e-001 1.042e+001 2.412e+000 1.043e+001 2.280e+000 1.120e+002 1.907e+001 2.086e+002
 1.000e+004 2.930e+000 3.150e+002 1.167e+001 9.572e+000-7.821e-001 1.608e+001 4.166e+001 6.831e+002-2.364e+001 1.127e+002 4.764e+000 5.974e+001 1.086e+001 5.103e+001 3.978e+001 6.866e+002 8.438e+001 9.997e+002
 1.130e+004 2.930e+000 5.700e+002 1.642e+001 2.192e+001-1.397e-001 3.270e+001 6.961e+001 7.892e+002-1.740e+001 1.995e+002 6.892e+000 7.656e+001 1.551e+001 6.774e+001 6.528e+001 8.515e+002 1.319e+002 1.555e+003
 1.250e+004 2.930e+000 5.520e+002 5.276e+000 4.577e+000-6.186e-001 3.511e+000 1.996e+001 3.978e+002-9.111e+000 1.044e+002 2.381e+000 4.856e+001 1.464e+001 5.190e+001 2.319e+001 5.170e+002 1.315e+002 1.522e+003
 1.380e+004 2.930e+000 5.250e+002 5.829e+000 8.562e+000-3.974e-001 1.011e+001 2.553e+001 4.246e+002-5.503e+000 2.072e+002 3.057e+000 6.336e+001 1.915e+001 6.230e+001 2.780e+001 7.073e+002 1.971e+002 2.398e+003
 1.500e+004 2.930e+000 5.100e+002 7.165e+000 8.200e+000 1.068e-001 1.562e+001 2.943e+001 4.559e+002 3.691e-001 2.879e+002 3.331e+000 7.662e+001 2.277e+001 6.616e+001 2.992e+001 8.050e+002 2.345e+002 2.756e+003
 1.630e+004 2.930e+000 4.290e+002 2.937e+000 2.174e+000-2.432e-001 4.082e+000 1.205e+001 2.431e+002-1.922e-001 1.603e+002 1.630e+000 6.565e+001 2.885e+001 5.891e+001 1.439e+001 6.807e+002 2.931e+002 3.203e+003
 1.750e+004 2.930e+000 3.870e+002 6.357e-001 2.316e-002-5.926e-002 7.372e-001 1.601e+000 3.279e+002 4.834e+000 3.125e+002 7.138e-001 1.387e+002 6.429e+001 1.232e+002 6.593e+000 1.386e+003 6.350e+002 6.575e+003
 1.880e+004 2.930e+000 3.780e+002 4.254e-001 3.356e-001-1.175e-002 6.942e-001 9.856e-001 2.785e+002 1.434e+001 3.712e+002 2.065e-001 1.184e+002 5.439e+001 1.054e+002 1.289e+000 1.155e+003 5.351e+002 5.529e+003
 2.000e+004 2.930e+000 5.280e+002 7.551e-001 7.916e-001-1.508e+000-1.300e+001 1.733e+000 1.822e+002 9.123e+000 1.480e+002-6.421e-001 5.672e+001 7.162e+001 2.250e+002 2.693e+000 6.053e+002 5.686e+002 5.624e+003
 2.130e+004 2.930e+000 2.640e+002 9.093e-002-4.633e-003-2.614e-002-3.546e-001 3.880e-002 1.088e+002 1.133e+001 1.816e+002-9.730e-003 5.232e+001 2.738e+001 4.009e+001-1.022e-001 4.762e+002 2.549e+002 2.457e+003
 2.250e+004 2.930e+000 2.190e+002 6.069e-002-5.513e-002-4.633e-002-3.495e-001 5.593e-002 8.589e+001 1.284e+001 1.631e+002 9.924e-003 4.510e+001 2.646e+001 2.910e+001 1.264e-001 3.863e+002 2.328e+002 2.102e+003
 2.380e+004 2.930e+000 3.840e+002 4.885e-001-5.049e-002-7.682e-002 1.225e+000 1.347e+000 8.447e+001 1.188e+001 1.627e+002 8.475e-001 5.016e+001 3.352e+001 4.314e+001 6.407e+000 4.013e+002 2.747e+002 2.339e+003
 2.500e+004 2.930e+000 2.100e+002 4.798e-002-6.859e-002-4.197e-002-3.567e-001 2.787e-002 4.620e+001 5.253e+000 7.226e+001 1.480e-002 3.035e+001 2.149e+001 2.223e+001 1.674e-001 2.350e+002 1.690e+002 1.363e+003
 2.630e+004 2.930e+000 1.440e+002 2.188e-002 5.414e-002 4.309e-003 4.804e-002-9.029e-002 9.380e+001 2.691e+000 2.320e+001 8.853e-003 1.217e+001 8.384e+000 8.748e+000 4.817e-002 8.300e+001 6.157e+001 4.701e+002
 2.750e+004 2.930e+000 1.740e+002 3.046e-002-6.840e-003-1.328e-003-1.598e-002 5.601e-002 7.613e+000 1.828e-001 3.361e+000 1.653e-002 3.673e+000 2.404e+000 1.679e+000 5.917e-002 2.487e+001 1.602e+001 1.148e+002
 2.880e+004 2.930e+000 2.340e+002 6.956e-002 6.722e-002-5.189e-002 1.205e-001 1.392e-001 2.467e+000-7.711e-001-2.970e+000 1.228e-001 1.047e+000 1.450e+000 3.675e+000 9.346e-001 8.914e+000 8.038e+000 6.274e+001
 3.000e+004 2.930e+000 1.680e+002 3.834e-002 1.632e-002 1.909e-002 1.619e-001 7.010e-002 8.454e-001 1.200e-001 1.138e+000 4.903e-002 3.308e-001 4.324e-001 3.337e-001 2.912e-001 2.111e+000 2.528e+000 1.793e+001
 3.130e+004 2.930e+000 2.040e+002 5.558e-002 3.665e-002 1.024e-002 2.012e-001 1.638e-001 1.928e+000 1.211e-003 1.541e+000 5.517e-002 4.788e-001 3.330e-001 6.798e-001 3.148e-001 3.435e+000 2.237e+000 2.337e+001
 3.250e+004 2.930e+000 2.040e+002 7.323e-002 7.153e-002 8.314e-003 2.785e-001 2.883e-001 3.488e+000 9.415e-002 4.207e+000 6.703e-002 9.771e-001 5.997e-001 1.543e+000 4.128e-001 7.371e+000 4.624e+000 4.730e+001
 3.380e+004 2.930e+000 1.560e+002 1.477e-002 7.382e-003-2.922e-003-2.023e-002 2.040e-002 9.343e-001 2.212e-001 3.696e+000 1.770e-003 5.517e-001 6.110e-001 1.398e+000 1.336e-002 4.578e+000 5.315e+000 5.564e+001
 3.500e+004 2.930e+000 1.470e+002 1.324e-002 1.087e-002 1.241e-003 3.579e-003 1.523e-002 8.485e-001 2.647e-001 3.749e+000 2.706e-003 5.782e-001 6.603e-001 1.258e+000 1.527e-002 4.802e+000 5.924e+000 6.083e+001
 3.630e+004 2.930e+000 1.680e+002 1.446e-002 4.944e-003 1.935e-004-1.106e-002 1.791e-002 6.445e-001 2.547e-001 3.165e+000 3.474e-003 4.050e-001 6.125e-001 9.710e-001 1.847e-003 3.257e+000 5.450e+000 5.539e+001
 3.750e+004 2.930e+000 1.740e+002 1.137e-002-1.843e-003-1.779e-003-1.223e-002 6.354e-003 4.187e-001 1.786e-001 2.066e+000 3.607e-003 2.975e-001 5.705e-001 6.773e-001 1.640e-002 2.388e+000 4.837e+000 4.690e+001
 3.880e+004 2.930e+000 1.590e+002 1.099e-002 4.698e-003 2.530e-004 2.431e-003 7.062e-003 2.567e-001 1.163e-001 1.202e+000-5.861e-004 2.141e-001 5.721e-001 3.083e-001-6.038e-003 1.736e+000 4.719e+000 4.281e+001
 4.000e+004 2.930e+000 1.890e+002 3.149e-002 1.879e-002-8.323e-003 3.609e-002 9.170e-002 7.617e-001-3.079e-002 4.964e-001 2.613e-002 2.837e-001 5.478e-001 2.477e-001 1.436e-001 2.098e+000 4.141e+000 3.614e+001
 4.130e+004 2.930e+000 1.290e+002 7.548e-003 2.891e-004-5.989e-004-8.639e-003 6.090e-003 1.305e-001-1.820e-002-1.795e-001 1.925e-003 1.329e-001 4.415e-001-1.237e-001 5.416e-003 1.003e+000 3.307e+000 2.742e+001
 4.250e+004 2.930e+000 1.560e+002 6.994e-003 1.260e-003-2.421e-003-1.593e-002 7.289e-003 1.252e-001-4.747e-002-3.993e-001 2.902e-004 8.480e-002 3.754e-001-4.639e-002-7.654e-003 6.278e-001 2.732e+000 2.218e+001
 4.380e+004 2.930e+000 1.140e+002 3.533e-003-1.985e-003-3.761e-003-3.431e-002-5.211e-004 7.677e-002-4.111e-002-3.464e-001-5.576e-004 4.850e-002 3.099e-001-4.735e-002-1.998e-003 3.309e-001 2.156e+000 1.664e+001
 4.500e+004 2.930e+000 1.350e+002 5.374e-003 1.386e-004 2.826e-004 2.474e-004 1.483e-003 7.577e-002-4.339e-002-2.841e-001-4.321e-005 2.918e-002 2.358e-001-1.769e-002-2.209e-003 1.459e-001 1.466e+000 1.078e+001
 4.630e+004 2.930e+000 1.260e+002 6.234e-003 6.483e-004-1.310e-003-5.165e-003 4.187e-003 7.102e-002-4.324e-002-2.990e-001 2.501e-003 1.563e-002 1.733e-001-5.275e-002 7.311e-003 5.637e-002 1.191e+000 9.835e+000
 4.750e+004 2.930e+000 2.580e+002 3.058e-001 3.360e-001-1.177e-003 1.132e+000 1.286e+000 9.579e+000-4.446e-001 4.997e+000 2.330e-001 1.651e+000 4.439e-001 1.475e+000 1.565e+000 1.286e+001 2.763e+000 2.696e+001
 4.880e+004 2.930e+000 1.620e+002 8.190e-002 4.193e-002-4.866e-003 2.281e-001 2.948e-001 2.340e+000-1.176e-001 1.107e+000 5.438e-002 4.033e-001 1.693e-001 3.687e-001 3.545e-001 3.086e+000 1.024e+000 9.171e+000
 5.000e+004 2.930e+000 1.050e+002 3.534e-003 1.156e-003 3.304e-004 2.245e-003 2.414e-004 4.627e-002 1.515e-003-6.730e-003 1.111e-003-1.809e-002 7.135e-002 3.534e-002 4.996e-003-1.945e-001 4.536e-001 4.129e+000
 5.130e+004 2.930e+000 1.110e+002 4.101e-003-1.884e-004-8.057e-004-5.940e-003 1.867e-003 3.939e-002 3.418e-003 2.860e-002-5.722e-004-8.190e-003 5.015e-002 1.949e-002-7.200e-003-1.387e-001 3.330e-001 3.478e+000
 5.250e+004 2.930e+000 9.900e+001 3.109e-003 2.077e-004 7.742e-004 3.340e-003 1.515e-003 3.956e-002 7.625e-003 7.036e-002 1.200e-003-5.565e-003 4.083e-002 4.105e-002 4.280e-003-1.335e-001 2.471e-001 2.700e+000
 5.380e+004 2.930e+000 1.830e+002 8.215e-002 1.232e-001 5.932e-003 1.798e-001 2.610e-001 2.079e+000-1.768e-002 8.074e-001 2.914e-002 1.926e-001 7.529e-002 1.498e-001 1.607e-001 1.546e+000 4.714e-001 4.896e+000
 5.500e+004 2.930e+000 1.140e+002 7.910e-003 4.890e-003-3.854e-004 5.556e-003 5.649e-003 7.192e-002 1.651e-002 1.923e-001 2.351e-003 4.471e-003 5.788e-002 9.176e-002 1.697e-002-5.819e-002 4.704e-001 5.075e+000
 5.630e+004 2.930e+000 2.040e+002 9.409e-002 7.744e-002-5.908e-003 2.927e-001 4.080e-001 3.676e+000-1.144e-001 2.212e+000 4.276e-002 3.743e-001 1.051e-001 4.168e-001 3.627e-001 3.703e+000 7.224e-001 9.677e+000
 5.750e+004 2.930e+000 1.200e+002 3.363e-003-5.755e-005 1.094e-004 5.982e-003 2.217e-003 3.103e-002 2.624e-002 2.675e-001 1.504e-003 3.403e-003 7.967e-002 2.336e-002 1.167e-002 1.327e-002 6.938e-001 7.245e+000
 5.880e+004 2.930e+000 8.100e+001 1.739e-003 3.881e-005 1.250e-003 8.469e-003 6.439e-004 1.602e-002 1.482e-002 1.562e-001 8.530e-004 4.825e-003 6.276e-002-2.955e-002 4.744e-003 2.561e-002 5.891e-001 6.547e+000
 6.000e+004 2.930e+000 1.410e+002 4.217e-003 3.502e-003 2.199e-003 2.446e-002 8.195e-003 6.655e-002 7.449e-003 1.508e-001 3.902e-003 2.339e-002 5.881e-002-1.069e-002 2.284e-002 1.418e-001 4.640e-001 5.112e+000
 6.130e+004 2.930e+000 1.260e+002 2.467e-003 2.924e-004 8.090e-004 9.776e-003 1.068e-003 1.843e-002 8.911e-003 6.907e-002 5.042e-004 6.819e-003 5.703e-002-8.744e-002-2.713e-005 4.523e-002 4.561e-001 4.894e+000
 6.250e+004 2.930e+000 1.320e+002 2.408e-003 3.881e-004 1.340e-004-1.792e-004 6.083e-004 2.386e-002 9.058e-003 7.730e-002 8.936e-004 1.367e-002 6.697e-002-1.288e-001 4.141e-003 1.067e-001 4.848e-001 4.633e+000
 6.380e+004 2.930e+000 1.920e+002 4.550e-002 4.328e-002 3.332e-003 2.458e-001 1.980e-001 1.384e+000-5.233e-002 1.197e+000 5.662e-002 3.751e-001 1.734e-001 2.465e-001 2.877e-001 2.260e+000 9.324e-001 7.948e+000
 6.500e+004 2.930e+000 1.440e+002 5.134e-003 4.900e-004-5.371e-004-1.905e-003 2.253e-003 1.584e-002 3.875e-003 3.507e-002 1.189e-003 4.268e-003 5.504e-002-1.313e-001 5.919e-003 4.513e-002 3.358e-001 2.927e+000
 6.630e+004 2.930e+000 1.440e+002 2.281e-003 3.029e-005-6.657e-005-7.574e-004 4.775e-004 1.241e-002 3.731e-003 5.522e-003 6.773e-004 6.676e-003 5.457e-002-1.023e-001 2.895e-003 4.657e-002 2.865e-001 2.203e+000
 6.750e+004 2.930e+000 1.410e+002 1.600e-003-5.477e-004 4.361e-004 1.662e-003 1.480e-004 1.320e-002 1.013e-003 1.965e-003-1.421e-004 4.871e-003 3.812e-002-1.034e-001 1.315e-003 2.794e-002 1.739e-001 1.472e+000
 6.880e+004 2.930e+000 1.980e+002 2.879e-003 1.244e-003-4.125e-003-6.786e-003 7.350e-004 2.097e-002 3.489e-003-5.905e-002 3.464e-003-1.438e-002 2.613e-001 9.123e-001 3.098e-002-8.238e-002 1.227e+000 1.013e+001
 7.000e+004 2.930e+000 1.020e+002 1.190e-003 4.719e-004-4.571e-004-1.582e-003 7.298e-004 8.333e-003 5.988e-004 2.628e-004 2.955e-004 2.408e-003 1.418e-002-4.345e-002-2.358e-005 1.694e-002 4.729e-002 4.500e-001
 7.130e+004 2.930e+000 9.900e+001 1.723e-003 1.087e-003 3.239e-004 4.694e-004 9.365e-004 1.249e-002-1.018e-003 2.374e-003 5.259e-004 3.249e-003 1.332e-002-2.413e-002 1.240e-003 1.271e-002 2.614e-002 2.105e-001
 7.250e+004 2.930e+000 7.500e+001 3.010e-003 1.977e-003-6.689e-004 1.023e-002 9.007e-003 5.759e-002-4.727e-003 4.358e-002 2.049e-003 1.251e-002 8.838e-003 1.129e-002 1.349e-002 8.333e-002 1.791e-002 2.266e-001
 7.380e+004 2.930e+000 5.400e+001 8.271e-004 2.724e-004 3.645e-004-1.094e-004 8.283e-004 5.585e-003 6.663e-004-6.973e-004 1.967e-004 1.006e-003 4.539e-003-3.030e-003 1.020e-004 4.427e-003 3.698e-003 3.272e-002
 7.500e+004 2.930e+000 4.800e+001 6.564e-004 1.566e-005-4.005e-005-2.118e-004 2.980e-004 2.749e-003 1.322e-004-2.301e-004 9.337e-005 4.442e-004 2.864e-003 1.192e-003 3.720e-004 1.145e-003 2.169e-003 1.235e-002
 7.630e+004 2.930e+000 3.900e+001 4.025e-004 3.873e-004-1.051e-005 3.578e-004 2.316e-004 4.049e-003-8.705e-004 4.494e-004 2.641e-004 7.633e-004 2.435e-003 1.722e-003 7.881e-005 2.248e-003-2.666e-005 1.214e-002
 7.750e+004 2.930e+000 3.900e+001 3.688e-004 4.354e-005 1.906e-004 1.254e-004 2.781e-004 1.770e-003 1.946e-005-6.637e-004 6.160e-005 3.321e-004 4.297e-003 4.831e-003 8.961e-005 1.989e-003 2.761e-003 2.801e-002
 7.880e+004 2.930e+000 6.000e+001 1.022e-003 6.034e-004 5.869e-005 1.882e-004 8.575e-004 5.014e-003-2.270e-004 2.387e-003 1.976e-004 1.680e-003 3.181e-003 4.514e-003 1.814e-004 2.836e-003 4.305e-004 2.439e-002
 8.000e+004 2.930e+000 7.500e+001 8.238e-004 4.236e-004 1.188e-004 1.894e-003 1.139e-003 9.444e-003-3.463e-004 4.083e-003 4.710e-004 2.821e-003 6.630e-003 1.329e-002 2.018e-003 1.181e-002 9.027e-003 7.360e-002
 8.130e+004 2.930e+000 7.200e+001 3.431e-004 7.939e-005-1.151e-005 1.254e-004 2.155e-004 5.896e-003-1.702e-003 1.262e-003 7.189e-006 1.085e-003 4.907e-003 1.514e-002 1.854e-004 7.171e-003 5.485e-003 8.540e-002
 8.250e+004 2.930e+000 7.200e+001 8.564e-004 6.234e-004-4.176e-005 3.459e-004 6.106e-004 5.193e-003-9.226e-004-1.172e-007 1.411e-004 8.232e-004 3.102e-003 4.789e-003 6.288e-005 3.528e-003 4.211e-003 2.793e-002
 8.380e+004 2.930e+000 8.100e+001 6.658e-004 2.277e-004 2.472e-005 2.578e-004 2.762e-004 4.299e-003-1.002e-003-4.081e-004 1.646e-004 9.175e-004 3.775e-003 7.377e-003-3.479e-004 5.302e-003 7.008e-003 5.993e-002
 8.500e+004 2.930e+000 9.300e+001 4.486e-004 2.837e-004 3.063e-006 1.867e-004 1.639e-004 4.636e-003-1.619e-003-3.037e-003 1.374e-004 8.446e-004 5.471e-003 1.027e-002-6.613e-005 6.865e-003 7.121e-003 6.649e-002
 8.630e+004 2.930e+000 7.200e+001 4.974e-004 3.745e-005-2.214e-004-1.930e-004 3.707e-004 4.973e-003-8.424e-004-9.962e-004 3.948e-006 1.039e-003 3.271e-003 4.890e-003 7.105e-006 4.577e-003 6.906e-003 3.658e-002
 8.750e+004 2.930e+000 8.400e+001 5.774e-004 1.694e-004 2.609e-005 1.473e-004 1.393e-004 4.311e-003-2.716e-004 1.385e-003-1.380e-005 1.472e-003 3.589e-003 4.732e-003 2.877e-004 5.080e-003 8.609e-003 5.876e-002
 8.880e+004 2.930e+000 9.900e+001 5.742e-004 3.219e-004 2.083e-004 6.677e-004 1.199e-004 5.800e-003-8.132e-004-3.922e-004 8.716e-005 1.300e-003 4.200e-003 5.238e-003-3.391e-004 7.721e-003 8.426e-003 6.367e-002
 9.000e+004 2.930e+000 1.110e+002 5.254e-004 1.951e-004-1.840e-005 7.408e-004 2.115e-004 5.143e-003-1.257e-003-1.529e-003 2.169e-004 8.149e-004 4.452e-003 6.742e-003 8.768e-004 4.193e-003 7.538e-003 4.646e-002
 9.130e+004 2.930e+000 1.650e+002 1.438e-003 6.698e-004-1.285e-004 2.926e-004 6.860e-004 5.447e-003-7.781e-004-1.124e-003 2.861e-004 8.815e-004 6.945e-003 1.442e-002 2.293e-003 5.257e-003 1.110e-002 9.405e-002
 9.250e+004 2.930e+000 1.200e+002 5.658e-004 2.949e-004-1.902e-005-2.374e-005 2.874e-004 3.707e-003-1.515e-004-7.420e-004 3.487e-005 1.757e-004 5.269e-003 1.015e-002 7.048e-004 1.482e-003 1.125e-002 8.251e-002
 9.380e+004 2.930e+000 1.290e+002 6.141e-004 3.187e-004-1.070e-005 4.200e-004 3.913e-004 5.673e-003-1.161e-003-9.238e-004 3.139e-006 7.817e-004 4.444e-003 9.032e-003 2.762e-004 3.841e-003 6.820e-003 6.228e-002
 9.500e+004 2.930e+000 1.200e+002 9.039e-004 1.878e-004-6.933e-005 1.397e-003 2.653e-004 4.681e-003-7.789e-004 1.441e-003 4.715e-004 7.216e-004 3.619e-003 7.224e-003 1.529e-003 3.960e-003 8.022e-003 5.527e-002
 9.630e+004 2.930e+000 0.000e+000 0.000e+000 0.000e+000 0.000e+000 0.000e+000 0.000e+000 0.000e+000 0.000e+000 0.000e+000 0.000e+000 0.000e+000 0.000e+000 0.000e+000 0.000e+000 0.000e+000 0.000e+000 0.000e+000
 9.750e+004 2.930e+000 0.000e+000 0.000e+000 0.000e+000 0.000e+000 0.000e+000 0.000e+000 0.000e+000 0.000e+000 0.000e+000 0.000e+000 0.000e+000 0.000e+000 0.000e+000 0.000e+000 0.000e+000 0.000e+000 0.000e+000
 9.880e+004 2.930e+000 0.000e+000 0.000e+000 0.000e+000 0.000e+000 0.000e+000 0.000e+000 0.000e+000 0.000e+000 0.000e+000 0.000e+000 0.000e+000 0.000e+000 0.000e+000 0.000e+000 0.000e+000 0.000e+000 0.000e+000
 1.000e+005 2.930e+000 0.000e+000 0.000e+000 0.000e+000 0.000e+000 0.000e+000 0.000e+000 0.000e+000 0.000e+000 0.000e+000 0.000e+000 0.000e+000 0.000e+000 0.000e+000 0.000e+000 0.000e+000 0.000e+000 0.000e+000
