 6.250e+000 2.930e+000 0.000e+000 0.000e+000 0.000e+000 0.000e+000 0.000e+000 0.000e+000 0.000e+000 0.000e+000 0.000e+000 0.000e+000 0.000e+000 0.000e+000 0.000e+000 0.000e+000 0.000e+000 0.000e+000 0.000e+000
 7.500e+000 2.930e+000 0.000e+000 0.000e+000 0.000e+000 0.000e+000 0.000e+000 0.000e+000 0.000e+000 0.000e+000 0.000e+000 0.000e+000 0.000e+000 0.000e+000 0.000e+000 0.000e+000 0.000e+000 0.000e+000 0.000e+000
 8.750e+000 2.930e+000 0.000e+000 0.000e+000 0.000e+000 0.000e+000 0.000e+000 0.000e+000 0.000e+000 0.000e+000 0.000e+000 0.000e+000 0.000e+000 0.000e+000 0.000e+000 0.000e+000 0.000e+000 0.000e+000 0.000e+000
 1.000e+001 2.930e+000 0.000e+000 0.000e+000 0.000e+000 0.000e+000 0.000e+000 0.000e+000 0.000e+000 0.000e+000 0.000e+000 0.000e+000 0.000e+000 0.000e+000 0.000e+000 0.000e+000 0.000e+000 0.000e+000 0.000e+000
 1.130e+001 2.930e+000 2.400e+001 4.828e+002 5.435e+002 3.031e+001-8.063e+002-3.379e+002 3.828e+005-1.091e+003 9.341e+004 1.226e+002 1.075e+003 8.136e+001-1.096e+003 8.709e+002-4.963e+004-2.054e+002 4.884e+005
 1.250e+001 2.930e+000 0.000e+000 0.000e+000 0.000e+000 0.000e+000 0.000e+000 0.000e+000 0.000e+000 0.000e+000 0.000e+000 0.000e+000 0.000e+000 0.000e+000 0.000e+000 0.000e+000 0.000e+000 0.000e+000 0.000e+000
 1.380e+001 2.930e+000 0.000e+000 0.000e+000 0.000e+000 0.000e+000 0.000e+000 0.000e+000 0.000e+000 0.000e+000 0.000e+000 0.000e+000 0.000e+000 0.000e+000 0.000e+000 0.000e+000 0.000e+000 0.000e+000 0.000e+000
 1.500e+001 2.930e+000 2.400e+001 1.953e+002-1.327e+003-2.339e+001 5.441e+002-1.444e+003 1.932e+005-6.194e+002-1.427e+004 9.297e+000 9.360e+002 4.122e+001-7.022e+002 2.839e+002-6.282e+004-4.010e+002 2.622e+005
 1.630e+001 2.930e+000 0.000e+000 0.000e+000 0.000e+000 0.000e+000 0.000e+000 0.000e+000 0.000e+000 0.000e+000 0.000e+000 0.000e+000 0.000e+000 0.000e+000 0.000e+000 0.000e+000 0.000e+000 0.000e+000 0.000e+000
 1.750e+001 2.930e+000 2.400e+001 1.331e+002-1.003e+003-4.254e+000 1.279e+002-2.436e+003 2.038e+005 9.499e+001 2.193e+004 3.107e+000 7.392e+002 4.771e+001-8.938e+002 6.939e+002-2.730e+004 1.547e+001 1.650e+005
 1.880e+001 2.930e+000 0.000e+000 0.000e+000 0.000e+000 0.000e+000 0.000e+000 0.000e+000 0.000e+000 0.000e+000 0.000e+000 0.000e+000 0.000e+000 0.000e+000 0.000e+000 0.000e+000 0.000e+000 0.000e+000 0.000e+000
 2.000e+001 2.930e+000 2.400e+001 1.665e+002-1.436e+003 1.392e+001 2.869e+002-1.662e+003 9.968e+004-1.206e+002 3.278e+003 1.521e+001 3.662e+001 3.582e+001-3.987e+002 5.603e+002-3.670e+004-3.239e+002 1.131e+005
 2.130e+001 2.930e+000 0.000e+000 0.000e+000 0.000e+000 0.000e+000 0.000e+000 0.000e+000 0.000e+000 0.000e+000 0.000e+000 0.000e+000 0.000e+000 0.000e+000 0.000e+000 0.000e+000 0.000e+000 0.000e+000 0.000e+000
 2.250e+001 2.930e+000 0.000e+000 0.000e+000 0.000e+000 0.000e+000 0.000e+000 0.000e+000 0.000e+000 0.000e+000 0.000e+000 0.000e+000 0.000e+000 0.000e+000 0.000e+000 0.000e+000 0.000e+000 0.000e+000 0.000e+000
 2.380e+001 2.930e+000 2.400e+001 1.709e+002-1.056e+003 1.176e+001 6.169e+002-1.857e+003 9.902e+004-2.260e+002 1.492e+004-9.708e+000-1.520e+002 2.450e+001-1.629e+002 5.270e+002-2.011e+004 6.786e+001 6.415e+004
 2.500e+001 2.930e+000 0.000e+000 0.000e+000 0.000e+000 0.000e+000 0.000e+000 0.000e+000 0.000e+000 0.000e+000 0.000e+000 0.000e+000 0.000e+000 0.000e+000 0.000e+000 0.000e+000 0.000e+000 0.000e+000 0.000e+000
 2.630e+001 2.930e+000 2.100e+001 1.729e+002-1.901e+003-1.581e+001 5.724e+002-1.964e+003 9.120e+004 1.719e+002 6.149e+003-7.042e+000 3.662e+002 1.536e+001 3.603e+001 5.373e+002-3.708e+004-2.749e+002 6.280e+004
 2.750e+001 2.930e+000 0.000e+000 0.000e+000 0.000e+000 0.000e+000 0.000e+000 0.000e+000 0.000e+000 0.000e+000 0.000e+000 0.000e+000 0.000e+000 0.000e+000 0.000e+000 0.000e+000 0.000e+000 0.000e+000 0.000e+000
 2.880e+001 2.930e+000 2.400e+001 1.980e+002-2.146e+003-1.719e+000 1.204e+003-2.022e+003 8.801e+004-3.130e+002-3.465e+002-3.039e+001 8.326e+001 1.998e+001-2.541e+002 8.729e+002-3.107e+004 2.246e+001 5.142e+004
 3.000e+001 2.930e+000 0.000e+000 0.000e+000 0.000e+000 0.000e+000 0.000e+000 0.000e+000 0.000e+000 0.000e+000 0.000e+000 0.000e+000 0.000e+000 0.000e+000 0.000e+000 0.000e+000 0.000e+000 0.000e+000 0.000e+000
 3.130e+001 2.930e+000 0.000e+000 0.000e+000 0.000e+000 0.000e+000 0.000e+000 0.000e+000 0.000e+000 0.000e+000 0.000e+000 0.000e+000 0.000e+000 0.000e+000 0.000e+000 0.000e+000 0.000e+000 0.000e+000 0.000e+000
 3.250e+001 2.930e+000 2.400e+001 2.165e+002-2.060e+003-5.207e+000 1.485e+003-3.134e+003 1.139e+005-6.869e+001-3.737e+003-1.986e+001 2.178e+002 2.027e+001-1.076e+002 8.227e+002-3.873e+004 7.197e+001 4.614e+004
 3.380e+001 2.930e+000 0.000e+000 0.000e+000 0.000e+000 0.000e+000 0.000e+000 0.000e+000 0.000e+000 0.000e+000 0.000e+000 0.000e+000 0.000e+000 0.000e+000 0.000e+000 0.000e+000 0.000e+000 0.000e+000 0.000e+000
 3.500e+001 2.930e+000 2.400e+001 2.846e+002-5.059e+003-1.174e+001 2.215e+002-3.152e+003 3.049e+005-7.921e+002 2.168e+004-4.441e+001 1.300e+002 2.906e+001-1.385e+002 1.381e+003 6.518e+004-4.389e+002 1.089e+005
 3.630e+001 2.930e+000 0.000e+000 0.000e+000 0.000e+000 0.000e+000 0.000e+000 0.000e+000 0.000e+000 0.000e+000 0.000e+000 0.000e+000 0.000e+000 0.000e+000 0.000e+000 0.000e+000 0.000e+000 0.000e+000 0.000e+000
 3.750e+001 2.930e+000 2.400e+001 5.535e+002-5.739e+003-1.358e+001 2.424e+003-4.083e+003 1.554e+005-7.116e+002 8.903e+003-1.043e+002 4.768e+002 4.209e+001-2.268e+002 2.064e+003-6.118e+004-2.129e+002 4.442e+004
 3.880e+001 2.930e+000 0.000e+000 0.000e+000 0.000e+000 0.000e+000 0.000e+000 0.000e+000 0.000e+000 0.000e+000 0.000e+000 0.000e+000 0.000e+000 0.000e+000 0.000e+000 0.000e+000 0.000e+000 0.000e+000 0.000e+000
 4.000e+001 2.930e+000 0.000e+000 0.000e+000 0.000e+000 0.000e+000 0.000e+000 0.000e+000 0.000e+000 0.000e+000 0.000e+000 0.000e+000 0.000e+000 0.000e+000 0.000e+000 0.000e+000 0.000e+000 0.000e+000 0.000e+000
 4.130e+001 2.930e+000 2.400e+001 8.573e+002-9.855e+003-4.405e+001 5.104e+003-1.045e+004 2.800e+005-6.641e+002-1.258e+004-1.168e+002 1.400e+003 5.642e+001-5.671e+002 3.774e+003-1.179e+005-4.625e+002 6.810e+004
 4.250e+001 2.930e+000 0.000e+000 0.000e+000 0.000e+000 0.000e+000 0.000e+000 0.000e+000 0.000e+000 0.000e+000 0.000e+000 0.000e+000 0.000e+000 0.000e+000 0.000e+000 0.000e+000 0.000e+000 0.000e+000 0.000e+000
 4.380e+001 2.930e+000 2.400e+001 1.568e+003-1.701e+004-6.414e+001 9.739e+003-1.649e+004 4.203e+005-2.598e+003-2.020e+004-2.373e+002 2.428e+003 1.046e+002-1.449e+003 7.728e+003-2.147e+005-1.013e+003 1.240e+005
 4.500e+001 2.930e+000 0.000e+000 0.000e+000 0.000e+000 0.000e+000 0.000e+000 0.000e+000 0.000e+000 0.000e+000 0.000e+000 0.000e+000 0.000e+000 0.000e+000 0.000e+000 0.000e+000 0.000e+000 0.000e+000 0.000e+000
 4.630e+001 2.930e+000 2.400e+001 5.664e+003-6.507e+004-1.276e+002 3.655e+004-6.623e+004 1.565e+006-8.738e+003-8.308e+004-7.625e+002 9.020e+003 3.201e+002-5.352e+003 3.022e+004-7.944e+005-3.798e+003 4.189e+005
 4.750e+001 2.930e+000 0.000e+000 0.000e+000 0.000e+000 0.000e+000 0.000e+000 0.000e+000 0.000e+000 0.000e+000 0.000e+000 0.000e+000 0.000e+000 0.000e+000 0.000e+000 0.000e+000 0.000e+000 0.000e+000 0.000e+000
 4.880e+001 2.930e+000 0.000e+000 0.000e+000 0.000e+000 0.000e+000 0.000e+000 0.000e+000 0.000e+000 0.000e+000 0.000e+000 0.000e+000 0.000e+000 0.000e+000 0.000e+000 0.000e+000 0.000e+000 0.000e+000 0.000e+000
 5.000e+001 2.930e+000 2.400e+001 2.236e+006-2.303e+007 4.785e+004 1.211e+007-8.844e+006 2.722e+008-2.896e+006-1.252e+007-2.629e+005 5.441e+005 3.241e+004-1.498e+006 3.436e+006-1.383e+008-1.442e+005 7.090e+007
 5.130e+001 2.930e+000 0.000e+000 0.000e+000 0.000e+000 0.000e+000 0.000e+000 0.000e+000 0.000e+000 0.000e+000 0.000e+000 0.000e+000 0.000e+000 0.000e+000 0.000e+000 0.000e+000 0.000e+000 0.000e+000 0.000e+000
 5.250e+001 2.930e+000 2.400e+001 6.742e+003-7.919e+004 1.234e+001 4.311e+004-8.409e+004 2.017e+006-8.381e+003-8.466e+004-6.244e+002 6.725e+003 1.808e+002-4.820e+003 3.793e+004-9.924e+005-3.199e+003 5.013e+005
 5.380e+001 2.930e+000 0.000e+000 0.000e+000 0.000e+000 0.000e+000 0.000e+000 0.000e+000 0.000e+000 0.000e+000 0.000e+000 0.000e+000 0.000e+000 0.000e+000 0.000e+000 0.000e+000 0.000e+000 0.000e+000 0.000e+000
 5.500e+001 2.930e+000 0.000e+000 0.000e+000 0.000e+000 0.000e+000 0.000e+000 0.000e+000 0.000e+000 0.000e+000 0.000e+000 0.000e+000 0.000e+000 0.000e+000 0.000e+000 0.000e+000 0.000e+000 0.000e+000 0.000e+000
 5.630e+001 2.930e+000 2.400e+001 1.822e+003-1.938e+004-6.061e+001 1.034e+004-2.075e+004 4.690e+005-1.387e+003-1.850e+004-1.695e+002 2.258e+003 6.647e+001-9.267e+002 8.913e+003-2.186e+005-1.184e+003 1.088e+005
 5.750e+001 2.930e+000 0.000e+000 0.000e+000 0.000e+000 0.000e+000 0.000e+000 0.000e+000 0.000e+000 0.000e+000 0.000e+000 0.000e+000 0.000e+000 0.000e+000 0.000e+000 0.000e+000 0.000e+000 0.000e+000 0.000e+000
 5.880e+001 2.930e+000 2.400e+001 7.716e+002-7.667e+003-1.617e+001 4.203e+003-9.822e+003 2.231e+005-6.781e+002-8.086e+003-6.830e+001 6.537e+002 4.466e+001-4.709e+002 4.377e+003-1.019e+005-5.078e+002 5.421e+004
 6.000e+001 2.930e+000 0.000e+000 0.000e+000 0.000e+000 0.000e+000 0.000e+000 0.000e+000 0.000e+000 0.000e+000 0.000e+000 0.000e+000 0.000e+000 0.000e+000 0.000e+000 0.000e+000 0.000e+000 0.000e+000 0.000e+000
 6.130e+001 2.930e+000 2.400e+001 4.392e+002-4.871e+003-1.827e+001 2.393e+003-4.525e+003 1.363e+005-4.690e+002-2.823e+003-4.889e+001 3.091e+002 3.265e+001-2.634e+002 2.082e+003-5.744e+004-3.737e+002 3.015e+004
 6.250e+001 2.930e+000 0.000e+000 0.000e+000 0.000e+000 0.000e+000 0.000e+000 0.000e+000 0.000e+000 0.000e+000 0.000e+000 0.000e+000 0.000e+000 0.000e+000 0.000e+000 0.000e+000 0.000e+000 0.000e+000 0.000e+000
 6.380e+001 2.930e+000 0.000e+000 0.000e+000 0.000e+000 0.000e+000 0.000e+000 0.000e+000 0.000e+000 0.000e+000 0.000e+000 0.000e+000 0.000e+000 0.000e+000 0.000e+000 0.000e+000 0.000e+000 0.000e+000 0.000e+000
 6.500e+001 2.930e+000 2.400e+001 2.676e+002-2.740e+003-1.185e+001 1.478e+003-2.228e+003 6.778e+004-2.658e+002-2.184e+003-3.034e+001 3.114e+002 2.424e+001-1.637e+002 9.716e+002-3.009e+004-3.118e+002 1.888e+004
 6.630e+001 2.930e+000 0.000e+000 0.000e+000 0.000e+000 0.000e+000 0.000e+000 0.000e+000 0.000e+000 0.000e+000 0.000e+000 0.000e+000 0.000e+000 0.000e+000 0.000e+000 0.000e+000 0.000e+000 0.000e+000 0.000e+000
 6.750e+001 2.930e+000 2.400e+001 2.150e+002-1.856e+003-7.224e+000 9.509e+002-2.190e+003 5.563e+004-2.132e+002-1.193e+003-2.228e+001 6.916e+001 1.873e+001-1.855e+002 8.241e+002-2.173e+004-1.921e+002 1.422e+004
 6.880e+001 2.930e+000 0.000e+000 0.000e+000 0.000e+000 0.000e+000 0.000e+000 0.000e+000 0.000e+000 0.000e+000 0.000e+000 0.000e+000 0.000e+000 0.000e+000 0.000e+000 0.000e+000 0.000e+000 0.000e+000 0.000e+000
 7.000e+001 2.930e+000 2.400e+001 1.613e+002-9.581e+002-9.025e-002 5.826e+002-1.535e+003 3.604e+004-2.426e+002 8.077e+002-2.246e+001 1.457e+002 1.292e+001-1.683e+002 7.132e+002-1.512e+004-1.785e+002 1.044e+004
 7.130e+001 2.930e+000 0.000e+000 0.000e+000 0.000e+000 0.000e+000 0.000e+000 0.000e+000 0.000e+000 0.000e+000 0.000e+000 0.000e+000 0.000e+000 0.000e+000 0.000e+000 0.000e+000 0.000e+000 0.000e+000 0.000e+000
 7.250e+001 2.930e+000 0.000e+000 0.000e+000 0.000e+000 0.000e+000 0.000e+000 0.000e+000 0.000e+000 0.000e+000 0.000e+000 0.000e+000 0.000e+000 0.000e+000 0.000e+000 0.000e+000 0.000e+000 0.000e+000 0.000e+000
 7.380e+001 2.930e+000 2.400e+001 9.627e+001-8.479e+002 7.813e-001 4.875e+002-1.151e+003 3.282e+004-1.758e+002 2.210e+003-1.099e+001 4.085e+001 1.345e+001-1.538e+002 6.037e+002-1.488e+004-1.597e+002 1.053e+004
 7.500e+001 2.930e+000 0.000e+000 0.000e+000 0.000e+000 0.000e+000 0.000e+000 0.000e+000 0.000e+000 0.000e+000 0.000e+000 0.000e+000 0.000e+000 0.000e+000 0.000e+000 0.000e+000 0.000e+000 0.000e+000 0.000e+000
 7.630e+001 2.930e+000 2.400e+001 9.485e+001-6.966e+002-1.054e+000 3.283e+002-1.041e+003 2.729e+004-5.619e+001 7.131e+002-1.013e+001 9.551e+001 7.755e+000-8.322e+001 3.508e+002-8.017e+003-8.753e+001 5.745e+003
 7.750e+001 2.930e+000 0.000e+000 0.000e+000 0.000e+000 0.000e+000 0.000e+000 0.000e+000 0.000e+000 0.000e+000 0.000e+000 0.000e+000 0.000e+000 0.000e+000 0.000e+000 0.000e+000 0.000e+000 0.000e+000 0.000e+000
 7.880e+001 2.930e+000 2.400e+001 7.503e+001-5.415e+002 9.794e-001 2.137e+002-8.194e+002 1.876e+004-4.131e+001 1.901e+003-4.845e+000 4.217e+001 6.910e+000-7.862e+001 3.960e+002-7.280e+003-1.009e+002 6.302e+003
 8.000e+001 2.930e+000 0.000e+000 0.000e+000 0.000e+000 0.000e+000 0.000e+000 0.000e+000 0.000e+000 0.000e+000 0.000e+000 0.000e+000 0.000e+000 0.000e+000 0.000e+000 0.000e+000 0.000e+000 0.000e+000 0.000e+000
 8.130e+001 2.930e+000 0.000e+000 0.000e+000 0.000e+000 0.000e+000 0.000e+000 0.000e+000 0.000e+000 0.000e+000 0.000e+000 0.000e+000 0.000e+000 0.000e+000 0.000e+000 0.000e+000 0.000e+000 0.000e+000 0.000e+000
 8.250e+001 2.930e+000 2.400e+001 6.299e+001-3.237e+002-1.432e+000 2.263e+002-6.772e+002 1.728e+004-3.990e+001 9.699e+002-4.439e+000 2.187e+001 3.614e+000-6.461e+001 2.807e+002-5.428e+003-4.594e+001 4.729e+003
 8.380e+001 2.930e+000 0.000e+000 0.000e+000 0.000e+000 0.000e+000 0.000e+000 0.000e+000 0.000e+000 0.000e+000 0.000e+000 0.000e+000 0.000e+000 0.000e+000 0.000e+000 0.000e+000 0.000e+000 0.000e+000 0.000e+000
 8.500e+001 2.930e+000 2.400e+001 4.467e+001-3.153e+002 1.932e+000 1.425e+002-4.869e+002 1.640e+004-6.291e+001 2.109e+003-3.329e+000-5.206e+001 5.174e+000-4.854e+001 1.869e+002-4.427e+003-4.437e+001 3.575e+003
 8.630e+001 2.930e+000 0.000e+000 0.000e+000 0.000e+000 0.000e+000 0.000e+000 0.000e+000 0.000e+000 0.000e+000 0.000e+000 0.000e+000 0.000e+000 0.000e+000 0.000e+000 0.000e+000 0.000e+000 0.000e+000 0.000e+000
 8.750e+001 2.930e+000 2.400e+001 4.222e+001-1.994e+002 7.960e-001 1.604e+002-5.578e+002 1.554e+004-5.627e+001 3.715e+002-3.710e+000 1.412e+000 4.039e+000-6.410e+001 2.084e+002-4.726e+003-4.259e+001 3.833e+003
 8.880e+001 2.930e+000 0.000e+000 0.000e+000 0.000e+000 0.000e+000 0.000e+000 0.000e+000 0.000e+000 0.000e+000 0.000e+000 0.000e+000 0.000e+000 0.000e+000 0.000e+000 0.000e+000 0.000e+000 0.000e+000 0.000e+000
 9.000e+001 2.930e+000 0.000e+000 0.000e+000 0.000e+000 0.000e+000 0.000e+000 0.000e+000 0.000e+000 0.000e+000 0.000e+000 0.000e+000 0.000e+000 0.000e+000 0.000e+000 0.000e+000 0.000e+000 0.000e+000 0.000e+000
 9.130e+001 2.930e+000 2.400e+001 3.471e+001-1.794e+002 1.116e+000 1.090e+002-5.230e+002 1.433e+004-7.560e+001 1.100e+003-4.148e+000-2.055e+000 4.030e+000-7.085e+001 1.989e+002-4.392e+003-4.056e+001 3.583e+003
 9.250e+001 2.930e+000 0.000e+000 0.000e+000 0.000e+000 0.000e+000 0.000e+000 0.000e+000 0.000e+000 0.000e+000 0.000e+000 0.000e+000 0.000e+000 0.000e+000 0.000e+000 0.000e+000 0.000e+000 0.000e+000 0.000e+000
 9.380e+001 2.930e+000 2.400e+001 3.336e+001-1.904e+002 8.982e-001 1.051e+002-3.195e+002 8.364e+003-5.061e+001 1.226e+003-3.539e+000-1.064e+001 2.655e+000-5.059e+001 1.690e+002-2.821e+003-3.693e+001 3.169e+003
 9.500e+001 2.930e+000 0.000e+000 0.000e+000 0.000e+000 0.000e+000 0.000e+000 0.000e+000 0.000e+000 0.000e+000 0.000e+000 0.000e+000 0.000e+000 0.000e+000 0.000e+000 0.000e+000 0.000e+000 0.000e+000 0.000e+000
 9.630e+001 2.930e+000 2.400e+001 2.745e+001-1.631e+002 1.617e+000 6.380e+001-3.301e+002 9.254e+003-4.219e+001 1.518e+003-1.110e+000-3.915e+001 1.564e+000-3.227e+001 1.404e+002-1.938e+003-2.293e+001 2.892e+003
 9.750e+001 2.930e+000 0.000e+000 0.000e+000 0.000e+000 0.000e+000 0.000e+000 0.000e+000 0.000e+000 0.000e+000 0.000e+000 0.000e+000 0.000e+000 0.000e+000 0.000e+000 0.000e+000 0.000e+000 0.000e+000 0.000e+000
 9.880e+001 2.930e+000 0.000e+000 0.000e+000 0.000e+000 0.000e+000 0.000e+000 0.000e+000 0.000e+000 0.000e+000 0.000e+000 0.000e+000 0.000e+000 0.000e+000 0.000e+000 0.000e+000 0.000e+000 0.000e+000 0.000e+000
 1.000e+002 2.930e+000 4.500e+001 1.210e+002 1.791e+003-3.988e-001 6.608e+002-5.546e+002 5.317e+004-6.677e+002 1.017e+004 1.175e+001-8.187e+001 1.557e+001 5.319e+002 2.616e+000 2.748e+004-3.274e+002 3.344e+004
 1.130e+002 2.930e+000 4.500e+001 2.808e+001-2.405e+002 2.083e+000 8.613e+000-4.037e+002 1.621e+004-1.139e+002 5.145e+003-1.836e+000-6.771e+001 3.649e+000-6.866e+001 1.310e+002-2.245e+003-1.003e+002 6.024e+003
 1.250e+002 2.930e+000 4.800e+001 2.639e+001-2.284e+002 1.827e+000 3.934e+001-3.640e+002 1.540e+004-7.254e+001 3.556e+003-1.063e+000-6.128e+001 3.763e+000-4.866e+001 1.508e+002-3.338e+003-5.433e+001 3.650e+003
 1.380e+002 2.930e+000 6.000e+001 2.664e+001-2.296e+002 3.509e+000 3.081e+001-4.075e+002 1.848e+004-1.502e+002 4.873e+003-4.002e+000-4.910e+001 4.845e+000-8.736e+001 2.020e+002-4.565e+003-8.034e+001 4.439e+003
 1.500e+002 2.930e+000 4.800e+001 4.232e+001-6.675e+002 5.410e+000 2.758e+002-1.398e+002 2.299e+004-3.393e+002 6.841e+003-1.558e+001-2.048e+002 1.153e+001-2.216e+002 2.330e+002-7.555e+003-4.984e+001 5.703e+003
 1.630e+002 2.930e+000 6.300e+001 2.014e+001-2.621e+002 2.642e+000 1.106e+001-3.819e+002 2.169e+004-8.571e+001 4.264e+003-1.182e+000-6.343e+001 2.198e+000-3.999e+001 1.649e+002-4.762e+003-2.084e+001 2.780e+003
 1.750e+002 2.930e+000 4.200e+001 1.406e+001-1.876e+002 2.444e+000-6.313e+000-2.821e+002 1.708e+004-9.656e+001 4.241e+003-1.365e+000-7.118e+001 2.867e+000-5.061e+001 1.280e+002-4.391e+003-1.981e+001 2.795e+003
 1.880e+002 2.930e+000 6.300e+001 3.051e+001-5.108e+002 7.438e-001-2.967e+001-8.723e+002 4.589e+004-5.139e+001 9.852e+003-1.272e+000-6.913e+001 5.748e+000-2.770e+001 3.728e+002-1.253e+004-3.465e+001 6.685e+003
 2.000e+002 2.930e+000 8.400e+001 8.061e+002-9.202e+003-2.900e+002-2.804e+002-2.319e+004 8.276e+005 9.358e+003 1.014e+005 8.782e+001 2.491e+002 1.491e+002 2.532e+003 7.571e+003-2.294e+005 9.360e+002 7.893e+004
 2.130e+002 2.930e+000 8.400e+001 8.266e+001-1.738e+003 1.118e+001 1.670e+001-2.311e+003 1.230e+005-2.979e+002 2.481e+004 3.865e+000-6.237e+002 1.203e+001-2.462e+002 9.371e+002-3.030e+004 4.026e+001 1.410e+004
 2.250e+002 2.930e+000 1.170e+002 1.492e+002-4.083e+003 4.867e+001 1.904e+002-4.389e+003 2.796e+005-1.328e+003 6.126e+004 7.113e+000-1.994e+003 2.809e+001-8.511e+002 2.081e+003-7.531e+004 2.097e+002 3.550e+004
 2.380e+002 2.930e+000 9.600e+001 5.522e+002-1.748e+004 2.514e+002 1.141e+003-1.693e+004 1.146e+006-6.610e+003 2.554e+005 3.559e+001-9.936e+003 1.369e+002-4.133e+003 8.584e+003-3.220e+005 1.298e+003 1.495e+005
 2.500e+002 2.930e+000 9.600e+001 1.424e+004-4.804e+005 7.302e+003 3.516e+004-4.635e+005 3.146e+007-1.873e+005 7.015e+006 1.491e+003-2.961e+005 4.037e+003-1.210e+005 2.411e+005-9.088e+006 4.326e+004 4.201e+006
 2.630e+002 2.930e+000 9.600e+001 3.997e+002-1.343e+004 2.019e+002 1.140e+003-1.306e+004 9.069e+005-5.042e+003 1.952e+005 4.700e+001-8.724e+003 1.204e+002-3.386e+003 6.699e+003-2.644e+005 1.427e+003 1.206e+005
 2.750e+002 2.930e+000 1.050e+002 9.829e+001-2.734e+003 3.846e+001 2.007e+002-3.039e+003 1.948e+005-9.652e+002 3.921e+004 9.401e+000-1.714e+003 2.638e+001-6.482e+002 1.422e+003-5.563e+004 2.618e+002 2.559e+004
 2.880e+002 2.930e+000 7.200e+001 3.977e+001-8.343e+002 8.669e+000-8.792e+000-1.360e+003 7.651e+004-2.410e+002 1.433e+004 1.601e+000-3.871e+002 7.870e+000-1.579e+002 5.512e+002-2.175e+004 1.402e+001 1.126e+004
 3.000e+002 2.930e+000 8.700e+001 4.396e+002-3.728e+003-9.371e+001-1.167e+003-1.412e+004 5.249e+005 2.209e+003 7.935e+004-1.262e+002 4.558e+003 8.369e+001 1.262e+003 4.319e+003-1.389e+005-1.124e+003 5.957e+004
 3.130e+002 2.930e+000 8.400e+001 5.796e+002-3.219e+003 2.351e+001-3.283e+003-1.437e+004 3.884e+005 5.402e+002 2.932e+004 2.184e+002-5.883e+003 1.239e+002-7.590e+002-1.108e+004 2.943e+005-5.313e+003 2.732e+005
 3.250e+002 2.930e+000 7.500e+001 6.974e+001-5.494e+002-1.017e+001-1.091e+002-1.380e+003 3.841e+004 6.332e+001 5.165e+003-1.676e+001 2.123e+002 1.853e+001 2.203e+001 1.162e+002-1.680e+003-1.009e+002 5.334e+003
 3.380e+002 2.930e+000 7.800e+001 2.901e+002-1.339e+003-1.007e+002 1.213e+002-4.092e+003 7.406e+004 8.062e+002 3.386e+003-1.333e+002 2.205e+003 1.059e+002 1.611e+002 7.785e+002-1.302e+004-3.984e+002 3.786e+003
 3.500e+002 2.930e+000 9.600e+001 9.572e+003-5.053e+004-3.354e+003 9.083e+003-1.314e+005 2.098e+006 2.147e+004 2.757e+004-4.675e+003 8.159e+004 3.488e+003 5.345e+003 2.821e+004-4.410e+005-1.693e+004 9.558e+004
 3.630e+002 2.930e+000 8.100e+001 3.448e+002-2.121e+003-1.082e+002 3.215e+002-4.687e+003 8.324e+004 5.403e+002 2.717e+003-1.539e+002 2.731e+003 1.118e+002 1.386e+002 9.875e+002-1.681e+004-5.708e+002 4.458e+003
 3.750e+002 2.930e+000 9.000e+001 8.849e+001-8.121e+002-2.218e+001 7.815e+001-1.309e+003 3.208e+004 3.614e+001 2.781e+003-3.379e+001 6.415e+002 2.363e+001 3.620e+001 3.259e+002-6.283e+003-1.491e+002 2.139e+003
 3.880e+002 2.930e+000 5.100e+001 3.321e+001-2.917e+002-6.501e+000-1.292e+001-6.592e+002 1.763e+004 4.783e+001 2.104e+003-9.695e+000 2.358e+002 6.114e+000 3.259e+001 1.546e+002-3.169e+003-5.011e+001 1.248e+003
 4.000e+002 2.930e+000 7.500e+001 2.137e+002-1.623e+003-9.896e+000-9.662e+002-6.589e+003 2.273e+005-7.673e+001 4.523e+004-4.395e+001 1.373e+003 1.283e+001 2.588e+002 1.692e+003-4.728e+004-3.243e+002 1.991e+004
 4.130e+002 2.930e+000 9.000e+001 4.782e+001-4.135e+002-4.934e+000-7.546e+001-1.090e+003 3.329e+004-2.189e+001 4.995e+003-1.537e+001 3.697e+002 8.111e+000 4.891e+001 2.743e+002-5.570e+003-9.702e+001 2.893e+003
 4.250e+002 2.930e+000 8.700e+001 5.068e+001-4.214e+002-6.573e+000-9.901e+001-1.103e+003 3.131e+004 6.003e+000 5.492e+003-1.592e+001 3.963e+002 8.644e+000 6.691e+001 2.875e+002-6.325e+003-9.819e+001 2.919e+003
 4.380e+002 2.930e+000 9.600e+001 1.526e+002-1.124e+003-2.612e+001-3.980e+002-3.590e+003 9.692e+004 1.827e+002 1.913e+004-5.970e+001 1.595e+003 3.120e+001 3.627e+002 1.179e+003-2.567e+004-4.178e+002 1.138e+004
 4.500e+002 2.930e+000 9.600e+001 6.001e+003-3.334e+004-1.291e+003-1.954e+004-1.461e+005 3.755e+006 1.625e+004 7.701e+005-2.762e+003 7.434e+004 1.560e+003 2.043e+004 5.297e+004-1.183e+006-2.023e+004 5.328e+005
 4.630e+002 2.930e+000 9.300e+001 1.319e+002-7.890e+002-2.863e+001-3.873e+002-3.232e+003 9.147e+004 4.422e+002 1.680e+004-5.221e+001 1.487e+003 3.126e+001 4.270e+002 1.142e+003-2.797e+004-4.063e+002 1.250e+004
 4.750e+002 2.930e+000 7.200e+001 2.245e+001-2.193e+002-2.707e+000-7.080e+001-5.709e+002 2.010e+004 2.738e+001 3.793e+003-6.238e+000 1.830e+002 3.873e+000 5.127e+001 1.755e+002-4.529e+003-5.200e+001 2.208e+003
 4.880e+002 2.930e+000 8.700e+001 1.967e+001-2.713e+002-9.777e-001-5.794e+001-5.284e+002 2.151e+004-1.413e+001 3.818e+003-4.089e+000 1.175e+002 2.571e+000 2.790e+001 1.396e+002-3.546e+003-3.757e+001 1.866e+003
 5.000e+002 2.930e+000 8.100e+001 4.562e+001-7.139e+002-4.573e+000-7.030e+001-1.092e+003 4.248e+004-1.272e+002 7.852e+003-1.322e+001 4.009e+002 8.698e+000 5.851e+001 3.109e+002-7.521e+003-1.351e+002 3.849e+003
 5.130e+002 2.930e+000 9.300e+001 2.966e+002-1.956e+003 1.201e+001-1.474e+003-6.239e+003 1.533e+005 2.292e+002 1.280e+004 1.034e+002-2.101e+003 5.892e+001-3.445e+002-4.156e+003 9.069e+004-2.278e+003 9.451e+004
 5.250e+002 2.930e+000 9.600e+001 3.015e+002-2.587e+003 1.200e+001-1.638e+003-7.040e+003 2.013e+005-7.899e+001 3.117e+004 7.758e+001-1.507e+003 5.574e+001-2.845e+002-2.920e+003 6.686e+004-2.076e+003 8.391e+004
 5.380e+002 2.930e+000 9.600e+001 5.004e+002-7.437e+003-1.409e+001-1.518e+003-1.369e+004 4.902e+005-1.030e+003 9.109e+004-9.615e+001 2.848e+003 2.140e+001 3.893e+002 3.272e+003-6.790e+004-6.258e+002 2.758e+004
 5.500e+002 2.930e+000 9.600e+001 1.438e+005-2.046e+006-5.089e+003-4.404e+005-3.856e+006 1.326e+008-2.860e+005 2.536e+007-2.969e+004 8.689e+005 6.319e+003 1.247e+005 9.517e+005-1.926e+007-1.810e+005 7.651e+006
 5.630e+002 2.930e+000 1.200e+002 9.316e+002-1.270e+004-3.659e+001-2.777e+003-2.478e+004 8.399e+005-1.576e+003 1.567e+005-1.869e+002 5.474e+003 4.092e+001 7.983e+002 6.016e+003-1.223e+005-1.116e+003 4.831e+004
 5.750e+002 2.930e+000 9.600e+001 1.189e+002-1.485e+003-4.767e+000-3.188e+002-3.091e+003 1.021e+005-1.516e+002 1.773e+004-2.191e+001 6.364e+002 5.568e+000 8.945e+001 7.101e+002-1.517e+004-1.344e+002 5.840e+003
 5.880e+002 2.930e+000 9.600e+001 5.534e+001-6.375e+002-2.446e+000-1.477e+002-1.408e+003 4.554e+004-4.886e+001 7.782e+003-9.632e+000 2.742e+002 2.762e+000 4.279e+001 3.224e+002-6.929e+003-6.018e+001 2.784e+003
 6.000e+002 2.930e+000 6.600e+001 1.450e+002-1.599e+003-1.061e+001-3.420e+002-1.853e+003 6.008e+004-5.241e+001 8.637e+003-3.145e+001 4.156e+002 1.124e+001 1.222e+002 4.218e+002-2.752e+003-7.919e+001 2.857e+003
 6.130e+002 2.930e+000 7.200e+001 3.779e+001-4.545e+002 4.808e+000-9.585e+001-5.571e+002 1.605e+004-1.362e+002 2.864e+003-8.231e+000 4.277e+001 4.648e+000 1.118e+001 1.159e+002-6.839e+002-5.314e+001 1.178e+003
 6.250e+002 2.930e+000 8.400e+001 1.753e+001-1.997e+002-4.901e-001-3.548e+001-3.463e+002 1.072e+004-2.833e+001 1.788e+003-3.174e+000 6.269e+001 1.192e+000 6.164e+000 7.685e+001-1.104e+003-2.122e+001 8.581e+002
 6.380e+002 2.930e+000 6.600e+001 1.527e+001-1.717e+002-8.327e-001-2.224e+001-2.427e+002 7.405e+003-1.934e+001 1.030e+003-2.677e+000 4.796e+001 1.239e+000 7.796e+000 4.697e+001-7.381e+002-1.832e+001 6.321e+002
 6.500e+002 2.930e+000 1.080e+002 4.958e+003-8.491e+004-8.205e+002 2.517e+003-6.010e+004 2.191e+006-2.124e+004 3.810e+005-1.820e+003 3.607e+004 8.073e+002 3.034e+003 2.396e+004-3.345e+005-9.247e+003 1.184e+005
 6.630e+002 2.930e+000 7.200e+001 1.427e+001-1.579e+002-2.857e-001-3.145e+001-2.995e+002 9.492e+003-2.500e+001 1.409e+003-3.193e+000 6.711e+001 1.230e+000 1.053e+001 6.474e+001-1.177e+003-1.759e+001 6.069e+002
 6.750e+002 2.930e+000 8.400e+001 1.191e+001-1.385e+002-2.868e-001-1.551e+001-2.254e+002 7.071e+003-7.933e+000 7.266e+002-1.388e+000 3.313e+001 7.528e-001 4.094e+000 2.902e+001-5.774e+002-9.047e+000 3.756e+002
 6.880e+002 2.930e+000 7.500e+001 9.802e+000-1.072e+002-2.283e-001-1.227e+001-1.843e+002 5.397e+003-1.019e+001 5.314e+002-1.431e+000 3.055e+001 6.358e-001 3.641e+000 2.569e+001-4.505e+002-8.449e+000 3.230e+002
 7.000e+002 2.930e+000 9.600e+001 3.475e+001-4.767e+002-6.205e+000-1.206e+001-7.009e+002 2.287e+004 1.460e+001 2.460e+003-9.853e+000 2.933e+002 5.688e+000 4.102e+001 1.605e+002-3.400e+003-6.215e+001 1.376e+003
 7.130e+002 2.930e+000 7.200e+001 7.943e+000-8.103e+001-2.714e-001-2.746e+000-1.277e+002 3.518e+003 8.943e-002-3.528e+001-7.670e-001 1.558e+001 9.686e-001 8.538e-002-9.042e+000 1.051e+002-1.859e+001 7.710e+002
 7.250e+002 2.930e+000 9.000e+001 3.106e+002-1.831e+003 1.972e+001-1.754e+003-5.642e+003 1.146e+005 5.676e+002-6.776e+002 1.637e+002-3.106e+003 9.339e+001-5.789e+002-5.716e+003 1.143e+005-3.269e+003 1.193e+005
 7.380e+002 2.930e+000 7.800e+001 1.476e+001-1.424e+002 9.534e-001-5.767e+001-2.357e+002 6.219e+003-4.619e+001 1.114e+003-3.453e-001-2.423e+001 3.589e+000-7.954e+000-5.391e+001 1.566e+003-7.190e+001 2.216e+003
 7.500e+002 2.930e+000 1.440e+002 7.087e+002-9.481e+003 1.649e+001-7.863e+001-7.580e+003 2.117e+005-5.593e+003 2.856e+004-4.034e+002 4.017e+003 2.367e+002-2.523e+001 2.013e+003-2.009e+004-1.225e+003 7.641e+003
 7.630e+002 2.930e+000 5.100e+001 6.367e+000-6.566e+001 4.701e-001-1.212e+001-8.906e+001 2.478e+003-2.804e+001 3.579e+002-2.029e+000 1.327e+001 1.494e+000 5.455e-001 9.801e+000 4.953e+000-8.695e+000 1.585e+002
 7.750e+002 2.930e+000 6.000e+001 4.283e+000-6.002e+001 6.178e-001-1.018e+001-6.476e+001 2.483e+003-1.842e+001 2.627e+002-7.426e-001-4.956e+000 8.659e-001 1.660e+000 5.665e+000 9.015e+001-8.194e+000 1.727e+002
 7.880e+002 2.930e+000 8.100e+001 5.869e+000-8.280e+001 6.718e-001-1.559e+001-8.441e+001 3.402e+003-1.394e+001 3.374e+002-5.478e-001-9.630e+000 8.436e-001 1.467e+000 5.435e+000 1.517e+002-9.123e+000 2.233e+002
 8.000e+002 2.930e+000 8.700e+001 3.447e+001-3.587e+002 4.666e+000-1.126e+002-3.007e+002 9.104e+003-9.828e+001 9.267e+002-6.469e+000-1.347e+001 5.304e+000 3.004e+001-3.575e+001 1.875e+003-5.350e+001 1.518e+003
 8.130e+002 2.930e+000 5.400e+001 1.380e+001-1.510e+002 4.225e-001-2.217e+001-1.671e+002 5.028e+003-9.722e+000 7.637e+001-2.507e-001-1.107e+001 1.272e+000 2.867e+000-3.064e+001 6.651e+002-1.781e+001 5.329e+002
 8.250e+002 2.930e+000 6.900e+001 6.796e+000-1.363e+002 2.031e+000-3.098e+001-1.074e+002 6.935e+003-5.921e+000 2.865e+002 1.361e-001-6.526e+001 1.985e+000 5.031e+000-1.279e+001 9.051e+002-2.223e+001 5.221e+002
 8.380e+002 2.930e+000 1.050e+002 2.307e+001-7.692e+002 9.047e+000-1.054e+002-4.296e+002 4.531e+004 9.610e+001 9.087e+001 4.057e+000-5.254e+002 9.823e+000-3.486e+000-5.878e+001 5.398e+003-9.074e+001 1.622e+003
 8.500e+002 2.930e+000 9.000e+001 3.742e+002-1.931e+004 1.882e+002-1.550e+003-9.814e+003 1.316e+006 6.050e+003 1.271e+003 1.944e+002-1.560e+004 2.229e+002-3.777e+002-6.870e+002 9.652e+004-1.200e+003 8.539e+003
 8.630e+002 2.930e+000 6.600e+001 1.587e+001-5.009e+002 4.176e+000-6.710e+001-4.073e+002 3.418e+004 4.409e+001 1.157e+003 1.550e+000-2.532e+002 4.227e+000 1.472e+000-9.241e+000 2.320e+003-2.744e+001 4.912e+002
 8.750e+002 2.930e+000 6.600e+001 1.093e+001-1.815e+002 1.997e+000-5.734e+001-2.060e+002 1.002e+004-4.309e+001 9.196e+002-2.193e+000-1.902e+001 2.160e+000 1.514e+001-5.623e-001 9.880e+002-1.905e+001 5.087e+002
 8.880e+002 2.930e+000 1.260e+002 3.329e+001-3.499e+002 7.215e+000-1.996e+002-3.528e+002 1.232e+004-1.590e+002 2.185e+003-9.813e+000 1.169e+000 7.655e+000 6.769e+001-1.163e+001 2.660e+003-7.592e+001 2.171e+003
 9.000e+002 2.930e+000 9.600e+001 7.543e+002-6.247e+003 2.016e+002-4.250e+003-3.642e+003 7.889e+004-2.935e+003 2.222e+004-2.285e+002-5.671e+002 1.284e+002 1.293e+003 3.986e+001 3.545e+004-1.187e+003 2.477e+004
 9.130e+002 2.930e+000 8.400e+001 1.019e+002-1.207e+003 3.587e+001-6.671e+002-9.436e+002 2.822e+004-9.216e+002 6.651e+003-4.873e+001 2.870e+001 4.281e+001 3.375e+002 5.197e+000 8.334e+003-2.867e+002 5.198e+003
 9.250e+002 2.930e+000 7.800e+001 4.308e+001-5.342e+002 8.059e+000-2.819e+002-7.533e+002 2.335e+004-2.599e+002 3.241e+003-4.906e-001-1.330e+002 1.277e+001 4.705e+001-2.982e+002 9.389e+003-2.361e+002 7.434e+003
 9.380e+002 2.930e+000 1.410e+002 3.526e+002-3.432e+003 4.121e+001-2.027e+003-6.100e+003 1.614e+005-1.398e+003 1.932e+004 5.174e+001-1.363e+003 1.203e+002 1.388e+002-3.782e+003 8.780e+004-2.656e+003 8.607e+004
 9.500e+002 2.930e+000 9.600e+001 2.829e+003-5.378e+004 8.429e+002-2.692e+004-5.604e+004 2.141e+006-4.474e+004 5.332e+005-1.471e+003 1.295e+004 1.031e+003 1.406e+004 5.476e+001 5.123e+005-8.173e+003 2.585e+005
 9.630e+002 2.930e+000 9.600e+001 1.069e+002-2.022e+003 2.983e+001-1.002e+003-2.091e+003 8.146e+004-1.608e+003 1.961e+004-5.234e+001 4.544e+002 3.732e+001 5.060e+002-1.344e+001 1.960e+004-3.049e+002 1.006e+004
 9.750e+002 2.930e+000 1.110e+002 3.030e+001-5.321e+002 8.285e+000-2.647e+002-5.099e+002 2.057e+004-3.754e+002 4.647e+003-1.161e+001 5.499e+001 9.361e+000 1.207e+002-5.916e+000 5.303e+003-9.234e+001 2.897e+003
 9.880e+002 2.930e+000 1.140e+002 2.877e+001-5.263e+002 1.033e+001-2.895e+002-4.432e+002 1.840e+004-3.923e+002 4.516e+003-1.148e+001-3.685e+001 1.430e+001 1.252e+002-8.378e+000 6.087e+003-1.671e+002 4.131e+003
 1.000e+003 2.930e+000 4.980e+002 2.576e+002-2.740e+003 5.027e+001-1.914e+003-4.175e+003 1.197e+005-2.217e+003 3.190e+004-1.059e+002 1.073e+003 8.737e+001 8.727e+002-5.070e+002 3.249e+004-5.991e+002 2.392e+004
 1.130e+003 2.930e+000 9.180e+002 5.656e+003-6.515e+004 2.169e+003-3.937e+004-7.963e+004 2.029e+006-5.835e+004 3.699e+005-2.127e+003 4.581e+003 2.096e+003 2.542e+004-2.082e+004 7.756e+005-1.051e+004 4.319e+005
 1.250e+003 2.930e+000 6.450e+002 1.779e+003-2.213e+004-3.506e+002-9.061e+003-1.634e+003 1.336e+006-1.710e+004 3.289e+005-3.804e+002 1.511e+004 6.871e+002 9.347e+003 1.848e+003 3.254e+005-2.259e+003 2.056e+005
 1.380e+003 2.930e+000 8.910e+002 1.089e+004-8.992e+004 3.505e+003-5.184e+004-1.724e+005 3.822e+006-8.093e+004 3.994e+005-2.339e+003 1.120e+004 1.894e+003 3.292e+004-6.085e+004 1.478e+006-5.469e+003 6.472e+005
 1.500e+003 2.930e+000 4.200e+001 2.215e+001-3.690e+002-5.242e-001-1.449e+002-4.567e+002 2.384e+004 1.313e+002 2.313e+003 9.521e-001-9.946e+001 9.273e+000-4.417e-001-9.736e+001 5.136e+003-4.355e+001 2.438e+003
 1.630e+003 2.930e+000 5.700e+001 1.767e+001-2.046e+002-2.547e+000-7.574e+001-4.443e+002 1.614e+004 1.258e+002 1.407e+003 4.478e+000-1.014e+002 6.680e+000-5.798e+000-8.711e+001 3.299e+003-3.834e+001 1.559e+003
 1.750e+003 2.930e+000 3.300e+001 5.998e+001-6.024e+002-1.516e+001-2.682e+002-1.472e+003 4.730e+004 5.359e+002 5.191e+003 1.387e+001-2.635e+002 1.355e+001-9.304e+001-1.916e+002 7.914e+003-1.236e+001 2.619e+003
 1.880e+003 2.930e+000 5.700e+001 3.577e+001-1.048e+003-2.314e+001-1.454e+002-1.173e+003 8.005e+004 1.208e+003 5.510e+003 1.394e+001 2.457e+002 3.452e+001-1.543e+001-3.429e+001 5.356e+003 1.508e+000 2.155e+003
 2.000e+003 2.930e+000 5.400e+001 3.804e+001-3.213e+002-1.174e+001-1.190e+002-1.081e+003 3.817e+004 5.575e+002 1.875e+003 1.441e+001-3.701e+002 1.997e+001-6.225e+001-1.832e+002 5.683e+003-5.696e+001 2.099e+003
 2.130e+003 2.930e+000 2.700e+001 9.283e+000-1.312e+002-1.575e+000-2.679e+001-1.175e+002 7.161e+003 9.683e+000 7.495e+002 1.254e+000-2.813e+001 5.097e+000 7.713e+000-3.650e+001 1.530e+003-2.873e+001 9.782e+002
 2.250e+003 2.930e+000 4.200e+001 5.197e+000-5.650e+001 6.924e-001-3.201e+001-8.699e+001 3.545e+003-1.072e+001 3.523e+002 1.706e+000-5.553e+001 3.669e+000 5.221e+000-4.620e+001 1.575e+003-5.113e+001 1.197e+003
 2.380e+003 2.930e+000 5.700e+001 2.529e+001-2.171e+002-1.377e+001-5.148e+001-7.414e+002 2.719e+004 5.858e+002 1.098e+003 1.024e+001-2.049e+002 1.873e+001-5.298e+001-8.809e+001 2.697e+003-4.682e+001 1.399e+003
 2.500e+003 2.930e+000 2.400e+001 2.323e+000-1.620e+001 6.052e-001-2.025e+001-5.051e+001 1.429e+003-7.662e+000 2.804e+002 1.055e+000-3.360e+001 2.053e+000-1.044e+000-2.714e+001 7.721e+002-3.061e+001 6.789e+002
 2.630e+003 2.930e+000 4.800e+001 6.642e+000-4.842e+001 9.140e-002-3.521e+001-1.264e+002 3.424e+003 2.227e+001 3.035e+002 3.227e+000-7.049e+001 4.983e+000-1.230e+001-6.793e+001 1.604e+003-5.673e+001 1.287e+003
 2.750e+003 2.930e+000 5.400e+001 5.863e+000-3.278e+001-5.980e-001-1.494e+001-7.874e+001 2.304e+003 3.554e+001-2.397e+002 3.006e+000-5.676e+001 4.357e+000-1.304e+001-6.343e+001 1.336e+003-6.731e+001 1.328e+003
 2.880e+003 2.930e+000 3.900e+001 1.839e+000-1.258e+001-8.264e-002-6.641e+000-2.987e+001 9.089e+002 1.152e+001-8.206e+001 1.124e+000-2.107e+001 2.009e+000-6.476e+000-2.419e+001 5.463e+002-2.987e+001 5.760e+002
 3.000e+003 2.930e+000 6.600e+001 7.280e+000-4.668e+001 1.469e+000-4.381e+001-1.007e+002 3.574e+003 6.235e+000 2.798e+002 3.427e+000-9.385e+001 5.904e+000-1.179e+001-6.849e+001 2.118e+003-9.818e+001 1.948e+003
 3.130e+003 2.930e+000 5.700e+001 5.431e+000-3.740e+001 1.322e-001-2.037e+001-7.025e+001 1.785e+003 1.983e+001-1.232e+002 3.716e+000-6.191e+001 4.834e+000-1.162e+001-6.644e+001 1.256e+003-7.266e+001 1.314e+003
 3.250e+003 2.930e+000 4.200e+001 6.586e+000-5.254e+001 1.422e+000-4.354e+001-8.323e+001 1.967e+003-9.082e+000 1.076e+002 3.569e-001-2.919e+001 2.683e+000 7.871e+000-4.931e+001 1.170e+003-3.671e+001 9.724e+002
 3.380e+003 2.930e+000 5.400e+001 6.253e+000-4.397e+001 7.143e-001-3.143e+001-9.722e+001 2.906e+003 2.128e+001-8.695e+001 3.351e+000-6.991e+001 4.435e+000-1.089e+001-6.625e+001 1.452e+003-6.653e+001 1.249e+003
 3.500e+003 2.930e+000 3.300e+001 2.096e+000-2.114e+001 6.897e-002-1.178e+001-6.567e+001 3.909e+003 5.724e+001 1.686e+001 2.628e+000-1.250e+002 6.527e+000-3.666e+000-2.429e+001 7.189e+002-4.071e+001 5.612e+002
 3.630e+003 2.930e+000 2.700e+001 4.224e+000-3.666e+001 3.100e-001-2.095e+001-6.413e+001 1.633e+003 7.946e+000-1.468e+000 2.275e+000-4.497e+001 2.519e+000-4.053e+000-4.447e+001 9.336e+002-3.581e+001 7.472e+002
 3.750e+003 2.930e+000 6.300e+001 8.649e+000-1.221e+002 1.160e+000-4.643e+001-1.383e+002 4.450e+003 1.133e+001-2.054e+002 2.237e+000-6.892e+001 5.229e+000 3.206e+000-7.088e+001 1.889e+003-6.063e+001 1.244e+003
 3.880e+003 2.930e+000 6.000e+001 4.958e+001-6.467e+002 1.600e+000-2.832e+002-7.490e+002 2.146e+004-5.704e+001 7.252e+002-5.255e+000 1.598e+001 1.050e+001 5.858e+001-2.556e+002 7.544e+003-5.706e+001 3.774e+003
 4.000e+003 2.930e+000 4.800e+001 4.237e+002-5.721e+003 1.845e+001-2.147e+003-6.138e+003 1.676e+005-7.658e+002-1.526e+003-3.574e+001 2.304e+002 1.034e+001 2.996e+002-2.421e+003 6.430e+004 6.693e+001 2.523e+004
 4.130e+003 2.930e+000 3.300e+001 2.237e+001-3.097e+002 6.953e-001-9.168e+001-3.694e+002 1.319e+004 8.265e+001-9.438e+002 2.920e+000-1.449e+002 7.558e+000 1.411e+001-1.518e+002 3.509e+003-5.051e+001 1.816e+003
 4.250e+003 2.930e+000 3.300e+001 6.717e+000-8.139e+001 5.103e-001-3.317e+001-9.151e+001 3.093e+003 1.667e+001-3.159e+002 1.072e+000-3.735e+001 3.433e+000 1.748e+000-5.476e+001 1.144e+003-3.637e+001 9.453e+002
 4.380e+003 2.930e+000 3.900e+001 6.840e+000-7.745e+001-3.704e-001-2.129e+001-1.001e+002 2.874e+003 3.765e+001-4.718e+002 3.065e+000-5.683e+001 4.174e+000-1.445e+001-6.979e+001 1.343e+003-5.179e+001 1.006e+003
 4.500e+003 2.930e+000 4.800e+001 8.477e+000-7.661e+001-2.155e-001-3.989e+001-1.205e+002 2.935e+003 2.355e+001-1.283e+002 8.660e-001-3.859e+001 6.048e+000 2.746e+000-6.371e+001 1.392e+003-4.437e+001 1.030e+003
 4.630e+003 2.930e+000 6.600e+001 1.387e+001-1.257e+002 2.445e-001-6.010e+001-2.024e+002 4.510e+003 3.378e+001-2.765e+002 4.438e+000-7.694e+001 5.038e+000-1.858e+001-1.288e+002 2.565e+003-7.421e+001 1.826e+003
 4.750e+003 2.930e+000 4.200e+001 6.161e+000-4.933e+001-1.559e-001-1.916e+001-8.488e+001 1.898e+003 1.731e+001-1.011e+002 3.100e+000-4.865e+001 5.652e+000-1.683e+001-5.787e+001 1.045e+003-6.448e+001 9.675e+002
 4.880e+003 2.930e+000 7.200e+001 1.832e+001-1.905e+002-2.211e+000-6.445e+001-3.036e+002 7.516e+003 6.552e+001-2.641e+002 4.682e+000-5.346e+001 7.962e+000-4.114e+001-1.459e+002 3.143e+003-8.755e+001 1.992e+003
 5.000e+003 2.930e+000 6.600e+001 1.312e+001-1.125e+002-3.428e-002-5.755e+001-2.108e+002 4.960e+003 3.407e+001-3.834e+001 5.968e+000-1.050e+002 7.794e+000-3.139e+001-1.320e+002 2.779e+003-1.060e+002 2.073e+003
 5.130e+003 2.930e+000 4.500e+001 7.807e+000-7.907e+001 7.911e-001-4.345e+001-1.212e+002 3.063e+003 9.708e+000 4.712e+001 2.561e+000-5.659e+001 3.270e+000-1.153e+001-6.655e+001 1.619e+003-4.735e+001 1.057e+003
 5.250e+003 2.930e+000 6.900e+001 1.762e+001-1.768e+002-5.062e-001-7.669e+001-2.733e+002 6.688e+003 2.326e+001 5.079e+001 5.438e+000-8.967e+001 9.799e+000-3.067e+001-1.518e+002 3.323e+003-1.138e+002 2.317e+003
 5.380e+003 2.930e+000 6.300e+001 1.781e+001-1.781e+002-2.483e+000-6.590e+001-2.658e+002 6.316e+003 7.047e+001-3.382e+002 6.054e+000-7.188e+001 8.534e+000-4.425e+001-1.584e+002 3.190e+003-9.709e+001 2.175e+003
 5.500e+003 2.930e+000 4.800e+001 1.823e+001-2.086e+002 1.135e-001-9.441e+001-2.744e+002 7.002e+003 2.422e+001 2.689e+001 4.179e+000-8.718e+001 6.888e+000-2.511e+001-1.426e+002 3.497e+003-8.634e+001 2.133e+003
 5.630e+003 2.930e+000 6.900e+001 2.248e+001-2.356e+002 3.996e-001-1.094e+002-3.469e+002 8.543e+003 1.891e+001 4.470e+001 5.411e+000-1.044e+002 9.804e+000-2.380e+001-1.817e+002 4.198e+003-1.147e+002 2.666e+003
 5.750e+003 2.930e+000 6.900e+001 2.574e+001-2.793e+002-2.021e+000-1.104e+002-3.840e+002 9.572e+003 2.471e+001 1.075e+002 4.802e+000-9.091e+001 1.517e+001-4.276e+001-1.905e+002 4.473e+003-1.471e+002 2.985e+003
 5.880e+003 2.930e+000 4.800e+001 2.468e+001-2.629e+002 1.057e+000-1.221e+002-3.643e+002 8.725e+003 9.563e+000 1.586e+002 4.019e+000-9.999e+001 9.324e+000-2.069e+001-1.754e+002 4.226e+003-1.112e+002 2.602e+003
 6.000e+003 2.930e+000 7.200e+001 3.873e+001-4.045e+002-3.345e-002-2.025e+002-5.863e+002 1.414e+004 4.844e+001 4.573e+002 1.028e+001-1.907e+002 1.732e+001-5.575e+001-3.046e+002 7.155e+003-1.989e+002 4.540e+003
 6.130e+003 2.930e+000 6.900e+001 3.069e+001-3.170e+002-9.874e-001-1.441e+002-4.571e+002 1.089e+004 3.116e+001 2.667e+002 4.947e+000-9.168e+001 1.355e+001-4.102e+001-2.194e+002 5.108e+003-1.313e+002 3.146e+003
 6.250e+003 2.930e+000 4.800e+001 1.868e+001-1.529e+002-2.703e+000-6.485e+001-2.792e+002 5.964e+003 9.110e+001-2.546e+002 1.058e+001-1.508e+002 1.678e+001-7.212e+001-1.902e+002 3.587e+003-1.770e+002 2.854e+003
 6.380e+003 2.930e+000 7.200e+001 2.253e+001-1.946e+002-2.351e+000-9.043e+001-3.563e+002 8.070e+003 8.150e+001-5.586e+000 1.155e+001-2.016e+002 2.391e+001-8.262e+001-2.260e+002 4.770e+003-2.449e+002 3.812e+003
 6.500e+003 2.930e+000 7.200e+001 2.263e+001-1.630e+002-6.422e+000-5.585e+001-3.222e+002 6.387e+003 1.776e+002-6.981e+002 1.642e+001-2.090e+002 2.537e+001-1.188e+002-2.510e+002 4.253e+003-2.568e+002 3.710e+003
 6.630e+003 2.930e+000 4.500e+001 1.552e+001-1.111e+002-4.731e+000-3.826e+001-2.192e+002 4.269e+003 1.243e+002-5.188e+002 1.070e+001-1.341e+002 1.745e+001-8.674e+001-1.740e+002 2.940e+003-1.744e+002 2.620e+003
 6.750e+003 2.930e+000 7.200e+001 3.196e+001-2.130e+002-6.946e+000-1.099e+002-4.798e+002 9.420e+003 2.367e+002-4.965e+002 2.595e+001-3.935e+002 3.916e+001-1.825e+002-3.833e+002 6.991e+003-4.096e+002 5.985e+003
 6.880e+003 2.930e+000 7.200e+001 3.308e+001-2.012e+002-8.800e+000-1.011e+002-4.835e+002 8.910e+003 3.066e+002-9.101e+002 3.424e+001-4.808e+002 5.221e+001-2.330e+002-4.438e+002 7.469e+003-5.356e+002 7.104e+003
 7.000e+003 2.930e+000 4.800e+001 1.758e+001-9.989e+001-6.660e+000-3.591e+001-2.400e+002 4.250e+003 1.789e+002-6.213e+002 1.980e+001-2.597e+002 3.293e+001-1.333e+002-2.347e+002 3.676e+003-3.148e+002 3.751e+003
 7.130e+003 2.930e+000 7.200e+001 4.178e+001-2.188e+002-1.817e+001-6.416e+001-5.551e+002 9.053e+003 4.686e+002-1.901e+003 4.606e+001-5.435e+002 6.755e+001-3.235e+002-5.605e+002 8.062e+003-6.516e+002 8.123e+003
 7.250e+003 2.930e+000 7.200e+001 6.698e+001-3.141e+002-2.749e+001-1.230e+002-9.279e+002 1.508e+004 7.513e+002-2.558e+003 8.335e+001-1.050e+003 1.236e+002-5.522e+002-9.558e+002 1.415e+004-1.201e+003 1.440e+004
 7.380e+003 2.930e+000 4.800e+001 7.405e+001-3.556e+002-3.634e+001-1.069e+002-9.856e+002 1.535e+004 9.401e+002-3.637e+003 9.274e+001-1.084e+003 1.400e+002-6.629e+002-1.054e+003 1.485e+004-1.310e+003 1.554e+004
 7.500e+003 2.930e+000 7.200e+001 1.085e+002-4.425e+002-5.293e+001-1.363e+002-1.428e+003 2.109e+004 1.239e+003-4.287e+003 1.354e+002-1.589e+003 2.026e+002-9.203e+002-1.525e+003 2.091e+004-1.893e+003 2.208e+004
 7.630e+003 2.930e+000 7.200e+001 2.706e+002-9.059e+002-1.535e+002-2.046e+002-3.618e+003 5.253e+004 3.174e+003-9.773e+003 3.324e+002-4.000e+003 5.057e+002-2.404e+003-3.763e+003 5.171e+004-4.585e+003 5.320e+004
 7.750e+003 2.930e+000 4.800e+001 4.370e+002-1.831e+003-2.131e+002-6.604e+002-5.653e+003 8.216e+004 5.130e+003-1.673e+004 5.568e+002-6.398e+003 8.285e+002-3.839e+003-6.048e+003 8.207e+004-7.500e+003 8.589e+004
 7.880e+003 2.930e+000 7.200e+001 2.849e+003-1.179e+004-1.470e+003-3.974e+003-3.677e+004 5.271e+005 3.323e+004-1.067e+005 3.566e+003-4.012e+004 5.349e+003-2.514e+004-3.900e+004 5.213e+005-4.760e+004 5.452e+005
 8.000e+003 2.930e+000 7.200e+001 4.323e+004-1.700e+005-2.259e+004-5.911e+004-5.464e+005 7.579e+006 5.004e+005-1.565e+006 5.479e+004-6.037e+005 8.140e+004-3.826e+005-5.888e+005 7.675e+006-7.162e+005 8.105e+006
 8.130e+003 2.930e+000 4.800e+001 1.037e+003-4.299e+003-5.005e+002-1.805e+003-1.314e+004 1.855e+005 1.174e+004-3.441e+004 1.306e+003-1.453e+004 1.908e+003-9.001e+003-1.389e+004 1.841e+005-1.676e+004 1.902e+005
 8.250e+003 2.930e+000 7.200e+001 7.200e+002-2.422e+003-3.800e+002-9.337e+002-8.849e+003 1.191e+005 7.674e+003-2.023e+004 8.780e+002-9.650e+003 1.287e+003-6.209e+003-9.501e+003 1.212e+005-1.120e+004 1.276e+005
 8.380e+003 2.930e+000 7.200e+001 2.586e+002-9.974e+002-1.287e+002-4.198e+002-3.132e+003 4.235e+004 2.805e+003-7.808e+003 3.192e+002-3.407e+003 4.655e+002-2.213e+003-3.361e+003 4.274e+004-3.992e+003 4.489e+004
 8.500e+003 2.930e+000 4.800e+001 7.848e+001-3.244e+002-3.870e+001-1.380e+002-9.093e+002 1.218e+004 8.535e+002-2.433e+003 9.490e+001-9.614e+002 1.376e+002-6.619e+002-9.745e+002 1.213e+004-1.139e+003 1.265e+004
 8.630e+003 2.930e+000 7.200e+001 8.376e+001-3.673e+002-4.476e+001-1.506e+002-1.048e+003 1.532e+004 1.052e+003-3.033e+003 1.066e+002-1.168e+003 1.663e+002-8.079e+002-1.110e+003 1.497e+004-1.383e+003 1.550e+004
 8.750e+003 2.930e+000 7.200e+001 6.585e+001-2.655e+002-3.253e+001-1.293e+002-7.942e+002 1.091e+004 7.347e+002-1.807e+003 8.270e+001-8.847e+002 1.237e+002-5.877e+002-8.354e+002 1.082e+004-1.015e+003 1.117e+004
 8.880e+003 2.930e+000 4.800e+001 3.331e+001-1.323e+002-1.756e+001-5.899e+001-3.968e+002 5.437e+003 3.766e+002-9.788e+002 4.144e+001-4.315e+002 6.271e+001-3.036e+002-4.257e+002 5.400e+003-5.117e+002 5.679e+003
 9.000e+003 2.930e+000 7.200e+001 3.202e+001-1.398e+002-1.571e+001-7.129e+001-3.690e+002 5.075e+003 3.542e+002-8.748e+002 3.874e+001-3.879e+002 5.743e+001-2.874e+002-3.914e+002 4.956e+003-4.577e+002 5.142e+003
 9.130e+003 2.930e+000 7.200e+001 2.307e+001-9.598e+001-1.108e+001-4.957e+001-2.629e+002 3.621e+003 2.540e+002-6.376e+002 2.799e+001-2.827e+002 4.197e+001-2.050e+002-2.787e+002 3.549e+003-3.337e+002 3.698e+003
 9.250e+003 2.930e+000 4.800e+001 1.623e+001-5.537e+001-7.720e+000-3.188e+001-1.800e+002 2.331e+003 1.574e+002-2.965e+002 1.964e+001-2.004e+002 2.908e+001-1.374e+002-1.938e+002 2.369e+003-2.312e+002 2.515e+003
 9.380e+003 2.930e+000 7.200e+001 2.486e+001-1.122e+002-1.197e+001-6.181e+001-2.880e+002 4.085e+003 2.825e+002-6.340e+002 3.042e+001-3.077e+002 4.579e+001-2.329e+002-3.029e+002 3.946e+003-3.584e+002 4.053e+003
 9.500e+003 2.930e+000 7.200e+001 1.887e+001-7.842e+001-1.021e+001-3.867e+001-2.336e+002 3.476e+003 2.308e+002-5.249e+002 2.269e+001-2.524e+002 3.583e+001-1.890e+002-2.407e+002 3.353e+003-2.904e+002 3.413e+003
 9.630e+003 2.930e+000 4.800e+001 8.348e+000-3.552e+001-3.769e+000-1.761e+001-9.169e+001 1.351e+003 7.887e+001-1.854e+002 9.211e+000-8.445e+001 1.391e+001-6.573e+001-9.181e+001 1.165e+003-1.028e+002 1.158e+003
 9.750e+003 2.930e+000 7.200e+001 1.396e+001-5.239e+001-6.654e+000-3.373e+001-1.755e+002 2.677e+003 1.532e+002-2.154e+002 1.676e+001-1.951e+002 2.575e+001-1.313e+002-1.728e+002 2.465e+003-2.079e+002 2.413e+003
 9.880e+003 2.930e+000 6.600e+001 1.362e+001-6.079e+001-5.498e+000-3.726e+001-1.567e+002 2.380e+003 1.221e+002-1.988e+002 1.481e+001-1.484e+002 2.265e+001-1.087e+002-1.539e+002 2.067e+003-1.734e+002 2.025e+003
 1.000e+004 2.930e+000 3.330e+002 7.742e+001-4.542e+002-2.527e+001-2.407e+002-1.121e+003 2.121e+004 4.972e+002-4.175e+002 4.405e+001-4.130e+002 8.254e+001-4.306e+002-7.754e+002 1.309e+004-5.627e+002 9.885e+003
 1.130e+004 2.930e+000 5.700e+002 6.963e+001-4.295e+002-2.832e+001-2.322e+002-9.954e+002 1.965e+004 6.742e+002-8.900e+002 4.392e+001-4.566e+002 9.179e+001-5.780e+002-7.304e+002 1.331e+004-6.158e+002 1.089e+004
 1.250e+004 2.930e+000 6.390e+002 2.831e+001-1.310e+002-1.820e+001-8.235e+001-3.822e+002 8.514e+003 5.283e+002-3.936e+002 3.025e+001-5.197e+002 8.478e+001-5.354e+002-3.564e+002 7.970e+003-6.190e+002 8.403e+003
 1.380e+004 2.930e+000 6.390e+002 1.418e+001-1.310e+001-1.351e+001 6.439e+000-1.718e+002 6.092e+003 4.670e+002-3.496e+002 1.380e+001-4.365e+002 7.473e+001-5.042e+002-1.852e+002 6.451e+003-5.315e+002 7.388e+003
 1.500e+004 2.930e+000 6.240e+002 1.418e+001 1.061e+002-1.687e+001 1.499e+002-7.761e+001 8.578e+003 7.020e+002-4.067e+001-3.260e+000-6.901e+002 1.215e+002-8.757e+002-9.652e+001 1.016e+004-8.676e+002 1.271e+004
 1.630e+004 2.930e+000 6.480e+002 5.890e+002 1.794e+004-1.483e+003 2.228e+004 2.744e+002 5.864e+005 4.887e+004 3.517e+004-1.523e+003-4.875e+004 8.151e+003-6.350e+004-8.335e+002 7.249e+005-5.747e+004 9.004e+005
 1.750e+004 2.930e+000 6.030e+002 1.030e+001 8.164e+000-1.692e+000 4.487e+001-1.902e+001 2.632e+003 1.635e+002 1.819e+002-4.783e+000-1.623e+002 3.285e+001-2.461e+002 1.285e+001 2.500e+003-2.100e+002 3.362e+003
 1.880e+004 2.930e+000 5.340e+002 8.417e+000-1.712e+001-7.388e-001 2.354e+001-3.165e+001 1.150e+003 3.973e+001-6.889e+000-3.113e+000-2.967e+001 1.386e+001-9.712e+001 1.064e+001 5.735e+002-8.273e+001 1.278e+003
 2.000e+004 2.930e+000 5.760e+002 2.085e+001-6.003e+001 4.136e+001-6.000e+002-3.999e+001 2.921e+003 3.265e+002-5.642e+003 2.955e+001 4.092e+002 4.911e+002-3.892e+003 4.309e+001 6.856e+002-3.651e+003 5.893e+004
 2.130e+004 2.930e+000 5.790e+002 1.170e+001-4.153e+000 1.205e+000 3.849e+001-2.844e+001 8.392e+002 8.098e+000-2.158e+002-6.848e+000 2.849e+001 1.883e+001-1.378e+002 4.356e+001-7.859e+001-1.157e+002 1.833e+003
 2.250e+004 2.930e+000 5.190e+002 2.929e+001 5.009e+001-2.059e+000 9.622e+001-5.535e+001 6.884e+002 6.331e+001-2.694e+002-1.413e+001 1.083e+001 1.255e+001-8.808e+001 1.730e+001 5.349e+002-4.123e+001 8.676e+002
 2.380e+004 2.930e+000 6.150e+002 1.231e+004 4.083e+004-3.597e+003 6.317e+004-6.150e+004 4.489e+005 3.943e+004-2.220e+005-6.342e+003 1.951e+004 4.370e+003-4.135e+004-2.832e+004 3.577e+005-4.231e+003 3.976e+005
 2.500e+004 2.930e+000 6.000e+002 1.343e+002 5.944e+002-4.412e+001 7.553e+002-7.393e+002 8.019e+003 6.318e+002-2.548e+003-6.816e+001 1.540e+002 5.895e+001-6.059e+002-4.021e+002 6.642e+003-9.774e+001 6.719e+003
 2.630e+004 2.930e+000 5.010e+002 1.238e+001 7.875e+001-3.548e+000 8.742e+001-4.692e+001 1.791e+003 9.466e+001-2.744e+002-7.453e+000 1.094e+000 8.997e+000-8.857e+001-2.068e+001 1.164e+003-2.628e+001 1.069e+003
 2.750e+004 2.930e+000 4.800e+002 1.199e+001 3.136e+001-2.000e+000 5.706e+001-6.808e+001 2.147e+003 8.799e+001-2.529e+002-6.307e+000-2.273e+000 8.138e+000-8.348e+001-2.283e+001 1.381e+003-2.599e+001 1.207e+003
 2.880e+004 2.930e+000 5.520e+002 8.231e+000 8.158e+001-1.374e-001 6.885e+001-2.841e+000 1.639e+003 1.112e+002-2.811e+002-6.873e+000-8.990e+000 9.745e+000-9.416e+001 1.449e+001 1.259e+003-3.246e+001 1.133e+003
 3.000e+004 2.930e+000 5.970e+002 1.247e+001 1.478e+002 3.241e+000 1.065e+002 6.077e+001 2.676e+003 1.948e+002-4.474e+002-1.186e+001-2.489e+001 1.621e+001-1.542e+002 7.023e+001 2.031e+003-5.887e+001 1.763e+003
 3.130e+004 2.930e+000 6.480e+002 1.773e+003 2.016e+004 8.300e+002 1.337e+004 1.327e+004 3.306e+005 2.640e+004-5.743e+004-1.766e+003-3.770e+003 2.162e+003-1.990e+004 1.380e+004 2.566e+005-7.569e+003 2.101e+005
 3.250e+004 2.930e+000 6.480e+002 3.258e+003 3.688e+004 1.617e+003 2.376e+004 2.560e+004 6.215e+005 4.883e+004-1.087e+005-3.175e+003-6.596e+003 3.921e+003-3.626e+004 2.596e+004 4.746e+005-1.368e+004 3.835e+005
 3.380e+004 2.930e+000 6.120e+002 1.869e+001 1.775e+002 1.087e+001 8.433e+001 1.533e+002 3.236e+003 2.386e+002-5.838e+002-1.342e+001-6.972e+000 1.953e+001-1.582e+002 1.228e+002 1.981e+003-5.861e+001 1.532e+003
 3.500e+004 2.930e+000 6.120e+002 1.123e+001 8.320e+001 8.035e+000 1.180e+001 1.004e+002 1.774e+003 1.235e+002-4.417e+002-3.956e+000 2.637e+001 1.310e+001-8.999e+001 5.763e+001 7.663e+002-4.406e+001 8.594e+002
 3.630e+004 2.930e+000 4.320e+002 8.828e+000 3.179e+001 4.770e+000-9.251e-001 5.577e+001 1.524e+003 6.736e+001-1.818e+002-2.227e+000 1.368e+001 5.004e+000-2.966e+001 2.200e+001 5.882e+002-8.914e+000 3.333e+002
 3.750e+004 2.930e+000 5.640e+002 1.217e+001 6.634e+001 7.099e+000 6.326e+000 1.171e+002 1.647e+003 8.467e+001-1.480e+002-1.525e+000 2.667e+001 5.797e+000-2.754e+001 3.138e+001 3.817e+002-5.485e+000 1.765e+002
 3.880e+004 2.930e+000 6.330e+002 5.772e+001 2.622e+002 3.322e+001 8.904e+000 5.692e+002 7.019e+003 3.430e+002-4.826e+002-9.597e-001 1.481e+002 2.143e+001-7.694e+001 1.079e+002 1.150e+003-5.931e+000 3.639e+002
 4.000e+004 2.930e+000 6.480e+002 5.363e+003 2.049e+004 2.977e+003-7.360e+001 5.424e+004 6.280e+005 2.923e+004-3.295e+004 2.530e+002 1.402e+004 1.687e+003-4.692e+003 8.145e+003 8.231e+004 2.256e+002 1.431e+004
 4.130e+004 2.930e+000 6.120e+002 5.573e+001 1.766e+002 2.793e+001-2.974e+000 5.720e+002 6.602e+003 2.740e+002-2.058e+002 6.365e+000 1.595e+002 1.669e+001-3.151e+001 3.840e+001 4.111e+002-4.883e+000 1.556e+002
 4.250e+004 2.930e+000 6.000e+002 1.528e+001 3.801e+001 6.076e+000 3.588e+000 1.572e+002 1.820e+003 5.955e+001 3.396e+001 2.560e+000 4.259e+001 3.673e+000-2.746e+000-6.915e-001 1.678e+001-1.432e+000 4.496e+001
 4.380e+004 2.930e+000 5.160e+002 1.135e+001 2.637e+001 3.473e+000 8.184e+000 1.153e+002 1.353e+003 3.297e+001 1.120e+002 1.933e+000 2.812e+001 1.903e+000 1.443e+000-7.669e+000-3.812e+001-2.563e-001 4.527e+001
 4.500e+004 2.930e+000 5.970e+002 1.471e+001 3.195e+001 3.514e+000 2.151e+001 1.554e+002 1.807e+003 3.277e+001 2.720e+002 2.834e+000 3.773e+001 1.908e+000 5.630e+000-1.573e+001-1.056e+002 2.705e-001 8.713e+001
 4.630e+004 2.930e+000 6.390e+002 4.731e+001 1.064e+002 9.296e+000 1.089e+002 5.236e+002 6.152e+003 8.317e+001 1.388e+003 9.709e+000 1.282e+002 4.382e+000 3.393e+001-7.427e+001-5.558e+002 3.857e+000 4.211e+002
 4.750e+004 2.930e+000 6.480e+002 5.848e+003 1.232e+004 9.972e+002 1.665e+004 6.614e+004 7.743e+005 8.475e+003 2.111e+005 1.339e+003 1.726e+004 4.808e+002 5.630e+003-1.085e+004-8.753e+004 3.347e+002 6.803e+004
 4.880e+004 2.930e+000 6.240e+002 2.056e+003 3.789e+003 3.155e+002 6.205e+003 2.369e+004 2.801e+005 2.766e+003 7.842e+004 4.765e+002 6.075e+003 1.611e+002 2.001e+003-3.790e+003-3.216e+004 6.303e+001 2.596e+004
 5.000e+004 2.930e+000 6.300e+002 2.523e+001 3.749e+001 3.119e+000 7.052e+001 2.873e+002 3.420e+003 2.851e+001 8.865e+002 5.474e+000 6.641e+001 1.964e+000 1.861e+001-4.239e+001-3.647e+002-1.865e+000 3.043e+002
 5.130e+004 2.930e+000 6.120e+002 1.009e+001 1.438e+001 9.564e-001 2.867e+001 1.141e+002 1.396e+003 8.433e+000 3.708e+002 2.071e+000 2.427e+001 8.167e-001 6.347e+000-1.723e+001-1.437e+002-1.877e+000 1.396e+002
 5.250e+004 2.930e+000 5.700e+002 7.156e+000 5.053e+000 5.113e-001 2.182e+001 8.205e+001 1.042e+003 5.066e+000 2.803e+002 1.363e+000 1.585e+001 5.394e-001 4.132e+000-1.131e+001-9.884e+001-1.349e+000 1.095e+002
 5.380e+004 2.930e+000 4.830e+002 7.228e+000-3.029e+000 2.986e-001 2.453e+001 8.393e+001 1.227e+003 3.372e+000 3.120e+002 1.476e+000 1.969e+001 5.479e-001 5.097e+000-1.130e+001-1.268e+002-1.935e+000 1.230e+002
 5.500e+004 2.930e+000 6.390e+002 2.459e+002-1.162e+002 3.295e+000 1.023e+003 3.192e+003 4.161e+004 7.418e+001 1.310e+004 6.492e+001 8.415e+002 1.772e+001 2.723e+002-4.222e+002-5.953e+003-1.005e+002 5.042e+003
 5.630e+004 2.930e+000 6.240e+002 2.746e+003-1.655e+003 1.918e+001 1.186e+004 3.585e+004 4.693e+005 6.915e+002 1.521e+005 7.271e+002 9.484e+003 1.939e+002 3.163e+003-4.565e+003-6.673e+004-1.133e+003 5.900e+004
 5.750e+004 2.930e+000 6.360e+002 1.563e+001-1.513e+001-1.032e-002 5.717e+001 1.986e+002 2.620e+003 3.681e+000 7.260e+002 3.966e+000 5.008e+001 1.237e+000 1.372e+001-2.331e+001-3.458e+002-6.840e+000 2.676e+002
 5.880e+004 2.930e+000 5.700e+002 4.439e+000-4.758e+000 4.970e-003 1.344e+001 5.320e+001 7.031e+002 1.379e+000 1.707e+002 1.059e+000 1.248e+001 4.027e-001 2.824e+000-5.896e+000-8.052e+001-1.732e+000 6.274e+001
 6.000e+004 2.930e+000 5.040e+002 2.430e+000-3.566e+000 2.025e-002 6.693e+000 2.883e+001 3.975e+002 1.119e+000 8.633e+001 5.647e-001 6.615e+000 2.507e-001 1.338e+000-2.901e+000-3.889e+001-9.307e-001 3.235e+001
 6.130e+004 2.930e+000 5.010e+002 1.971e+000-2.768e+000-2.215e-002 5.775e+000 2.346e+001 3.332e+002 3.382e-001 7.880e+001 4.706e-001 5.436e+000 2.221e-001 1.108e+000-2.552e+000-3.551e+001-1.023e+000 3.141e+001
 6.250e+004 2.930e+000 5.970e+002 7.951e+000-1.576e+001-3.279e-001 3.162e+001 1.123e+002 1.698e+003-1.557e-001 4.451e+002 2.400e+000 3.457e+001 8.981e-001 8.754e+000-1.160e+001-2.250e+002-5.433e+000 1.603e+002
 6.380e+004 2.930e+000 6.240e+002 6.761e+002-1.184e+003-5.526e+001 3.146e+003 1.010e+004 1.532e+005-3.746e+002 4.477e+004 2.583e+002 3.957e+003 1.036e+002 1.094e+003-1.306e+003-2.502e+004-7.582e+002 1.721e+004
 6.500e+004 2.930e+000 5.700e+002 6.910e+000-1.017e+001-5.006e-001 2.700e+001 9.976e+001 1.536e+003-3.631e+000 3.893e+002 2.505e+000 3.738e+001 1.117e+000 8.442e+000-1.327e+001-2.284e+002-7.286e+000 1.491e+002
 6.630e+004 2.930e+000 3.930e+002 1.368e+000-8.990e-001-9.995e-002 4.423e+000 1.798e+001 2.716e+002-1.019e+000 6.401e+001 4.734e-001 6.308e+000 2.620e-001 1.205e+000-2.682e+000-3.732e+001-1.549e+000 2.666e+001
 6.750e+004 2.930e+000 2.760e+002 4.224e-001-3.424e-001-2.050e-002 9.984e-001 4.758e+000 7.165e+001-1.357e-001 1.422e+001 1.311e-001 1.510e+000 8.877e-002 2.115e-001-7.104e-001-8.557e+000-3.876e-001 7.235e+000
 6.880e+004 2.930e+000 3.120e+002 3.713e-001-5.445e-002 1.160e-002 1.382e+000 3.904e+000 6.616e+001-6.298e-001 1.118e+001 8.268e-002 1.777e+000 3.700e-001-3.375e+000-3.180e-001-1.645e+001-1.379e+000 5.921e+001
 7.000e+004 2.930e+000 3.120e+002 6.222e-001-1.130e+000-6.046e-002 2.377e+000 9.436e+000 1.795e+002-7.906e-001 4.500e+001 2.183e-001 3.406e+000 1.408e-001 6.833e-001-8.650e-001-1.750e+001-7.600e-001 1.696e+001
 7.130e+004 2.930e+000 5.400e+002 1.322e+001-4.011e+001-2.474e+000 8.315e+001 2.612e+002 5.411e+003-3.210e+001 1.634e+003 5.934e+000 1.256e+002 3.289e+000 3.408e+001-1.663e+001-5.841e+002-2.392e+001 5.691e+002
 7.250e+004 2.930e+000 5.340e+002 1.955e+001-6.515e+001-3.419e+000 1.274e+002 3.916e+002 8.201e+003-4.140e+001 2.540e+003 8.759e+000 1.881e+002 4.725e+000 5.391e+001-1.608e+001-7.552e+002-3.054e+001 8.727e+002
 7.380e+004 2.930e+000 2.460e+002 3.705e-001-8.921e-001-4.160e-002 1.477e+000 6.201e+000 1.350e+002-5.728e-001 3.233e+001 1.460e-001 2.717e+000 1.023e-001 5.781e-001-2.719e-001-8.256e+000-4.641e-001 1.082e+001
 7.500e+004 2.930e+000 1.620e+002 7.403e-002 2.483e-002-1.880e-003 4.395e-002 6.145e-001 1.148e+001-7.054e-002 1.349e+000 2.546e-002 1.999e-001 2.609e-002-1.026e-002-8.200e-002-3.901e-001-8.820e-002 1.212e+000
 7.630e+004 2.930e+000 1.410e+002 5.797e-002-7.903e-003-5.354e-004-1.644e-003 4.299e-001 8.821e+000-3.364e-002 6.523e-001 2.100e-002 1.423e-001 2.531e-002-2.743e-002-6.762e-002-2.477e-001-6.922e-002 7.420e-001
 7.750e+004 2.930e+000 1.170e+002 3.955e-002-2.628e-002-6.262e-004-1.271e-002 2.389e-001 5.480e+000 4.941e-003 2.656e-001 1.421e-002 7.220e-002 2.167e-002-4.437e-002-3.373e-002 9.495e-004-5.867e-002 5.525e-001
 7.880e+004 2.930e+000 2.190e+002 3.377e-001-2.247e+000-9.241e-002 1.771e+000 8.022e+000 2.683e+002-1.441e+000 5.928e+001 1.996e-001 6.177e+000 1.969e-001 1.270e+000 2.915e-001-4.871e+000-5.392e-001 1.545e+001
 8.000e+004 2.930e+000 5.280e+002 9.977e+000-9.686e+001-4.067e+000 6.761e+001 3.088e+002 1.082e+004-5.003e+001 2.363e+003 8.150e+000 2.974e+002 8.616e+000 6.429e+001 2.041e+001-1.802e+001-1.167e+001 5.293e+002
 8.130e+004 2.930e+000 1.320e+002 1.463e-001-1.420e+000-3.338e-002 5.709e-001 3.355e+000 1.493e+002-7.750e-001 2.917e+001 8.350e-002 2.957e+000 1.121e-001 3.644e-001 3.202e-001-2.357e+000-2.286e-001 8.661e+000
 8.250e+004 2.930e+000 9.900e+001 2.632e-002-3.996e-002-1.099e-003-2.916e-002 7.016e-002 4.059e+000-7.363e-003 2.707e-001 1.164e-002 2.360e-002 1.695e-002-3.379e-002-3.439e-002 2.916e-001-5.235e-002 5.615e-001
 8.380e+004 2.930e+000 1.080e+002 2.556e-002 3.248e-002-8.076e-004-2.748e-002 1.106e-001 3.568e+000 2.949e-003 1.844e-001 1.013e-002 1.424e-002 1.562e-002-4.561e-002-3.520e-002-8.146e-002-4.776e-002 5.121e-001
 8.500e+004 2.930e+000 1.050e+002 2.232e-002 9.028e-003-5.046e-004-1.477e-002 7.187e-002 2.743e+000 1.172e-002 4.039e-002 8.128e-003 7.002e-003 1.354e-002-3.000e-002-2.217e-002 1.610e-001-4.239e-002 4.035e-001
 8.630e+004 2.930e+000 1.320e+002 2.851e-002-3.886e-002-7.179e-004-3.379e-002 1.781e-001 7.165e+000 2.808e-002-7.948e-002 1.470e-002 1.919e-001 2.266e-002-3.495e-002-3.471e-002-2.028e-002-4.039e-002 4.577e-001
 8.750e+004 2.930e+000 2.100e+002 7.566e-001-1.776e+001-6.617e-001-1.345e+000 1.735e+001 1.368e+003-9.354e+000 4.492e+001 6.981e-001 4.638e+001 1.886e+000 3.180e-001 1.270e+000 3.212e+001 6.284e-001 1.408e+001
 8.880e+004 2.930e+000 1.800e+002 3.929e-001-7.121e+000-2.432e-001-1.217e+000 5.029e+000 5.473e+002-5.071e+000 8.341e+000 2.821e-001 1.835e+001 8.482e-001-7.416e-001 3.773e-001 7.655e+000 8.105e-002 8.873e+000
 9.000e+004 2.930e+000 9.000e+001 2.355e-002 8.591e-002-5.087e-004-2.059e-002 1.228e-001 3.017e+000-3.674e-002 3.811e-002 7.705e-003 3.667e-002 1.345e-002-3.512e-002-2.722e-002-1.519e-001-3.809e-002 4.386e-001
 9.130e+004 2.930e+000 9.000e+001 1.466e-002 5.328e-002 5.236e-004-2.107e-002 5.426e-002 1.448e+000-2.527e-002 3.775e-002 5.528e-003 1.433e-002 1.139e-002-3.669e-002-2.080e-002-1.881e-001-3.581e-002 4.886e-001
 9.250e+004 2.930e+000 1.140e+002 2.229e-002 3.922e-002-2.368e-004-2.349e-002 6.566e-002 1.668e+000-4.293e-003 5.551e-002 6.637e-003 1.054e-002 1.271e-002-4.821e-002-2.937e-002-1.903e-002-5.014e-002 5.559e-001
 9.380e+004 2.930e+000 6.600e+001 1.606e-002 3.819e-002 4.659e-004-3.086e-002 2.655e-002 9.856e-001 4.478e-003-1.814e-002 6.604e-003 7.326e-003 9.976e-003-3.500e-002-2.767e-002-5.480e-002-3.862e-002 3.654e-001
 9.500e+004 2.930e+000 2.040e+002 6.508e-001-7.744e+000-3.373e-002-1.128e+000-7.084e+000 3.134e+002-3.228e+000-2.782e+000 3.681e-003 4.240e+000 2.491e-001-7.480e-001-1.021e+000 8.017e+000-4.799e-001 8.126e+000
 9.630e+004 2.930e+000 0.000e+000 0.000e+000 0.000e+000 0.000e+000 0.000e+000 0.000e+000 0.000e+000 0.000e+000 0.000e+000 0.000e+000 0.000e+000 0.000e+000 0.000e+000 0.000e+000 0.000e+000 0.000e+000 0.000e+000
 9.750e+004 2.930e+000 0.000e+000 0.000e+000 0.000e+000 0.000e+000 0.000e+000 0.000e+000 0.000e+000 0.000e+000 0.000e+000 0.000e+000 0.000e+000 0.000e+000 0.000e+000 0.000e+000 0.000e+000 0.000e+000 0.000e+000
 9.880e+004 2.930e+000 0.000e+000 0.000e+000 0.000e+000 0.000e+000 0.000e+000 0.000e+000 0.000e+000 0.000e+000 0.000e+000 0.000e+000 0.000e+000 0.000e+000 0.000e+000 0.000e+000 0.000e+000 0.000e+000 0.000e+000
 1.000e+005 2.930e+000 0.000e+000 0.000e+000 0.000e+000 0.000e+000 0.000e+000 0.000e+000 0.000e+000 0.000e+000 0.000e+000 0.000e+000 0.000e+000 0.000e+000 0.000e+000 0.000e+000 0.000e+000 0.000e+000 0.000e+000
