 6.250e+000 2.930e+000 0.000e+000 0.000e+000 0.000e+000 0.000e+000 0.000e+000 0.000e+000 0.000e+000 0.000e+000 0.000e+000 0.000e+000 0.000e+000 0.000e+000 0.000e+000 0.000e+000 0.000e+000 0.000e+000 0.000e+000
 7.500e+000 2.930e+000 0.000e+000 0.000e+000 0.000e+000 0.000e+000 0.000e+000 0.000e+000 0.000e+000 0.000e+000 0.000e+000 0.000e+000 0.000e+000 0.000e+000 0.000e+000 0.000e+000 0.000e+000 0.000e+000 0.000e+000
 8.750e+000 2.930e+000 0.000e+000 0.000e+000 0.000e+000 0.000e+000 0.000e+000 0.000e+000 0.000e+000 0.000e+000 0.000e+000 0.000e+000 0.000e+000 0.000e+000 0.000e+000 0.000e+000 0.000e+000 0.000e+000 0.000e+000
 1.000e+001 2.930e+000 0.000e+000 0.000e+000 0.000e+000 0.000e+000 0.000e+000 0.000e+000 0.000e+000 0.000e+000 0.000e+000 0.000e+000 0.000e+000 0.000e+000 0.000e+000 0.000e+000 0.000e+000 0.000e+000 0.000e+000
 1.130e+001 2.930e+000 2.400e+001 1.665e+002 6.828e+001-1.836e+001-3.500e+002-1.124e+003 1.010e+005-2.531e+002 2.645e+003 5.086e+001-7.780e+001 7.449e+001-2.744e+002-9.169e+001 2.842e+004-1.559e+002 1.796e+004
 1.250e+001 2.930e+000 0.000e+000 0.000e+000 0.000e+000 0.000e+000 0.000e+000 0.000e+000 0.000e+000 0.000e+000 0.000e+000 0.000e+000 0.000e+000 0.000e+000 0.000e+000 0.000e+000 0.000e+000 0.000e+000 0.000e+000
 1.380e+001 2.930e+000 0.000e+000 0.000e+000 0.000e+000 0.000e+000 0.000e+000 0.000e+000 0.000e+000 0.000e+000 0.000e+000 0.000e+000 0.000e+000 0.000e+000 0.000e+000 0.000e+000 0.000e+000 0.000e+000 0.000e+000
 1.500e+001 2.930e+000 2.400e+001 2.760e+002-1.226e+002 1.279e+000 2.783e+002 3.813e+002 6.538e+004-3.518e+002 4.308e+003 1.249e+001-2.182e+002 5.779e+001-8.523e+001-6.550e+001 1.899e+004-2.701e+002 1.186e+004
 1.630e+001 2.930e+000 0.000e+000 0.000e+000 0.000e+000 0.000e+000 0.000e+000 0.000e+000 0.000e+000 0.000e+000 0.000e+000 0.000e+000 0.000e+000 0.000e+000 0.000e+000 0.000e+000 0.000e+000 0.000e+000 0.000e+000
 1.750e+001 2.930e+000 2.400e+001 9.603e+001-3.963e+002-1.538e+001-7.466e+001-1.869e+002 6.109e+004 2.160e+001 8.334e+003 3.726e+001 6.156e+001 6.161e+001-2.905e+002-8.757e+001 1.505e+004-6.613e+001 1.014e+004
 1.880e+001 2.930e+000 0.000e+000 0.000e+000 0.000e+000 0.000e+000 0.000e+000 0.000e+000 0.000e+000 0.000e+000 0.000e+000 0.000e+000 0.000e+000 0.000e+000 0.000e+000 0.000e+000 0.000e+000 0.000e+000 0.000e+000
 2.000e+001 2.930e+000 2.400e+001 1.524e+002 2.234e+002-2.957e+001 2.385e+002-4.211e+002 4.449e+004-1.427e+002-1.191e+003 8.250e+001 1.708e+002 1.021e+002-2.858e+002-4.033e+002 1.243e+004-4.929e+002 1.129e+004
 2.130e+001 2.930e+000 0.000e+000 0.000e+000 0.000e+000 0.000e+000 0.000e+000 0.000e+000 0.000e+000 0.000e+000 0.000e+000 0.000e+000 0.000e+000 0.000e+000 0.000e+000 0.000e+000 0.000e+000 0.000e+000 0.000e+000
 2.250e+001 2.930e+000 0.000e+000 0.000e+000 0.000e+000 0.000e+000 0.000e+000 0.000e+000 0.000e+000 0.000e+000 0.000e+000 0.000e+000 0.000e+000 0.000e+000 0.000e+000 0.000e+000 0.000e+000 0.000e+000 0.000e+000
 2.380e+001 2.930e+000 2.100e+001 7.877e+001 3.286e+001-3.414e+000-4.243e+000-2.789e+002 2.537e+004 8.660e+001 1.744e+003 3.401e+001 2.567e+001 4.598e+001-1.404e+002-1.465e+002 9.563e+003-8.284e+001 7.082e+003
 2.500e+001 2.930e+000 0.000e+000 0.000e+000 0.000e+000 0.000e+000 0.000e+000 0.000e+000 0.000e+000 0.000e+000 0.000e+000 0.000e+000 0.000e+000 0.000e+000 0.000e+000 0.000e+000 0.000e+000 0.000e+000 0.000e+000
 2.630e+001 2.930e+000 1.800e+001 1.130e+002 5.139e+001-1.768e+001 5.856e+001-5.539e+002 2.051e+004 1.827e+002 2.071e+003 4.521e+001-1.778e+002 4.315e+001-1.364e+002-2.483e+002 9.063e+003-9.500e+001 6.971e+003
 2.750e+001 2.930e+000 0.000e+000 0.000e+000 0.000e+000 0.000e+000 0.000e+000 0.000e+000 0.000e+000 0.000e+000 0.000e+000 0.000e+000 0.000e+000 0.000e+000 0.000e+000 0.000e+000 0.000e+000 0.000e+000 0.000e+000
 2.880e+001 2.930e+000 2.100e+001 1.392e+002 1.092e+002-5.166e+000 3.401e+002-1.237e+002 2.822e+004-3.969e+001 3.427e+003 7.273e+001-1.757e+002 6.364e+001 6.729e+001-3.862e+001 1.082e+004-1.493e+002 8.100e+003
 3.000e+001 2.930e+000 0.000e+000 0.000e+000 0.000e+000 0.000e+000 0.000e+000 0.000e+000 0.000e+000 0.000e+000 0.000e+000 0.000e+000 0.000e+000 0.000e+000 0.000e+000 0.000e+000 0.000e+000 0.000e+000 0.000e+000
 3.130e+001 2.930e+000 0.000e+000 0.000e+000 0.000e+000 0.000e+000 0.000e+000 0.000e+000 0.000e+000 0.000e+000 0.000e+000 0.000e+000 0.000e+000 0.000e+000 0.000e+000 0.000e+000 0.000e+000 0.000e+000 0.000e+000
 3.250e+001 2.930e+000 2.400e+001 2.385e+002-6.010e+002 1.105e+000-2.948e+002-9.082e+002 4.180e+004 3.668e+002 3.022e+003 1.339e+002-2.855e+002 1.098e+002-1.743e+002-2.217e+002 1.480e+004-8.231e+001 7.177e+003
 3.380e+001 2.930e+000 0.000e+000 0.000e+000 0.000e+000 0.000e+000 0.000e+000 0.000e+000 0.000e+000 0.000e+000 0.000e+000 0.000e+000 0.000e+000 0.000e+000 0.000e+000 0.000e+000 0.000e+000 0.000e+000 0.000e+000
 3.500e+001 2.930e+000 2.400e+001 4.567e+002-2.719e+002-2.095e+001 6.910e+001 7.120e+001 4.461e+004-1.295e+002 3.808e+003 2.604e+002 2.993e+002 1.844e+002 7.317e+001 1.763e+002 1.937e+004 1.273e+002 1.065e+004
 3.630e+001 2.930e+000 0.000e+000 0.000e+000 0.000e+000 0.000e+000 0.000e+000 0.000e+000 0.000e+000 0.000e+000 0.000e+000 0.000e+000 0.000e+000 0.000e+000 0.000e+000 0.000e+000 0.000e+000 0.000e+000 0.000e+000
 3.750e+001 2.930e+000 2.400e+001 8.151e+002-6.622e+002-1.340e+002-3.408e+002 1.153e+003 4.845e+004 3.762e+002 1.729e+003 4.839e+002 1.128e+003 3.637e+002-4.924e+002 2.183e+002 2.168e+004 3.328e+002 1.325e+004
 3.880e+001 2.930e+000 0.000e+000 0.000e+000 0.000e+000 0.000e+000 0.000e+000 0.000e+000 0.000e+000 0.000e+000 0.000e+000 0.000e+000 0.000e+000 0.000e+000 0.000e+000 0.000e+000 0.000e+000 0.000e+000 0.000e+000
 4.000e+001 2.930e+000 0.000e+000 0.000e+000 0.000e+000 0.000e+000 0.000e+000 0.000e+000 0.000e+000 0.000e+000 0.000e+000 0.000e+000 0.000e+000 0.000e+000 0.000e+000 0.000e+000 0.000e+000 0.000e+000 0.000e+000
 4.130e+001 2.930e+000 2.400e+001 2.881e+003-4.979e+003-1.275e+002-3.487e+003 2.471e+003 9.539e+004 3.456e+003 3.893e+003 1.733e+003 2.199e+003 1.115e+003-2.414e+003 1.679e+003 4.839e+004 1.449e+003 2.663e+004
 4.250e+001 2.930e+000 0.000e+000 0.000e+000 0.000e+000 0.000e+000 0.000e+000 0.000e+000 0.000e+000 0.000e+000 0.000e+000 0.000e+000 0.000e+000 0.000e+000 0.000e+000 0.000e+000 0.000e+000 0.000e+000 0.000e+000
 4.380e+001 2.930e+000 2.400e+001 8.491e+003-1.116e+004-6.453e+002-7.751e+003 1.031e+004 1.854e+005 7.190e+003 9.408e+003 4.885e+003 7.331e+003 2.940e+003-4.945e+003 5.020e+003 9.514e+004 3.852e+003 5.213e+004
 4.500e+001 2.930e+000 0.000e+000 0.000e+000 0.000e+000 0.000e+000 0.000e+000 0.000e+000 0.000e+000 0.000e+000 0.000e+000 0.000e+000 0.000e+000 0.000e+000 0.000e+000 0.000e+000 0.000e+000 0.000e+000 0.000e+000
 4.630e+001 2.930e+000 2.400e+001 5.584e+003 7.725e+003-2.945e+002 2.989e+003 7.247e+003 4.462e+005 1.664e+003 3.713e+004 3.022e+003 2.821e+003 1.861e+003-1.625e+003 2.140e+003 2.208e+005 1.230e+003 1.140e+005
 4.750e+001 2.930e+000 0.000e+000 0.000e+000 0.000e+000 0.000e+000 0.000e+000 0.000e+000 0.000e+000 0.000e+000 0.000e+000 0.000e+000 0.000e+000 0.000e+000 0.000e+000 0.000e+000 0.000e+000 0.000e+000 0.000e+000
 4.880e+001 2.930e+000 0.000e+000 0.000e+000 0.000e+000 0.000e+000 0.000e+000 0.000e+000 0.000e+000 0.000e+000 0.000e+000 0.000e+000 0.000e+000 0.000e+000 0.000e+000 0.000e+000 0.000e+000 0.000e+000 0.000e+000
 5.000e+001 2.930e+000 2.400e+001 2.291e+005 2.862e+006-4.070e+004 1.195e+006-2.477e+006 6.527e+007-5.059e+004 6.088e+006 4.237e+004-9.579e+005 1.596e+004-6.515e+004-1.503e+006 3.258e+007-4.827e+005 1.683e+007
 5.130e+001 2.930e+000 0.000e+000 0.000e+000 0.000e+000 0.000e+000 0.000e+000 0.000e+000 0.000e+000 0.000e+000 0.000e+000 0.000e+000 0.000e+000 0.000e+000 0.000e+000 0.000e+000 0.000e+000 0.000e+000 0.000e+000
 5.250e+001 2.930e+000 2.400e+001 2.955e+003 2.161e+004-2.756e+002 9.520e+003 9.925e+002 5.768e+005-5.484e+003 5.194e+004 1.385e+003-2.095e+003 8.033e+002 1.862e+003-1.764e+003 2.752e+005-1.547e+003 1.373e+005
 5.380e+001 2.930e+000 0.000e+000 0.000e+000 0.000e+000 0.000e+000 0.000e+000 0.000e+000 0.000e+000 0.000e+000 0.000e+000 0.000e+000 0.000e+000 0.000e+000 0.000e+000 0.000e+000 0.000e+000 0.000e+000 0.000e+000
 5.500e+001 2.930e+000 0.000e+000 0.000e+000 0.000e+000 0.000e+000 0.000e+000 0.000e+000 0.000e+000 0.000e+000 0.000e+000 0.000e+000 0.000e+000 0.000e+000 0.000e+000 0.000e+000 0.000e+000 0.000e+000 0.000e+000
 5.630e+001 2.930e+000 1.800e+001 2.196e+003-3.027e+002-1.828e+002-7.306e+002 2.979e+002 1.011e+005 1.272e+003 9.241e+003 1.204e+003-3.058e+001 7.020e+002-9.937e+002-9.641e+001 4.995e+004 1.268e+001 2.627e+004
 5.750e+001 2.930e+000 0.000e+000 0.000e+000 0.000e+000 0.000e+000 0.000e+000 0.000e+000 0.000e+000 0.000e+000 0.000e+000 0.000e+000 0.000e+000 0.000e+000 0.000e+000 0.000e+000 0.000e+000 0.000e+000 0.000e+000
 5.880e+001 2.930e+000 2.400e+001 2.338e+003-2.212e+003-2.060e+002-1.922e+003 3.529e+003 6.845e+004 1.035e+003 5.361e+003 1.315e+003 2.021e+003 8.012e+002-1.074e+003 1.671e+003 3.152e+004 1.043e+003 1.680e+004
 6.000e+001 2.930e+000 0.000e+000 0.000e+000 0.000e+000 0.000e+000 0.000e+000 0.000e+000 0.000e+000 0.000e+000 0.000e+000 0.000e+000 0.000e+000 0.000e+000 0.000e+000 0.000e+000 0.000e+000 0.000e+000 0.000e+000
 6.130e+001 2.930e+000 2.100e+001 5.380e+002-1.348e+003 1.270e+001-8.011e+002 1.366e+002 3.925e+004 9.754e+002 2.372e+003 2.659e+002 4.076e+001 1.603e+002-5.526e+002 2.503e+002 1.794e+004 9.275e+001 9.507e+003
 6.250e+001 2.930e+000 0.000e+000 0.000e+000 0.000e+000 0.000e+000 0.000e+000 0.000e+000 0.000e+000 0.000e+000 0.000e+000 0.000e+000 0.000e+000 0.000e+000 0.000e+000 0.000e+000 0.000e+000 0.000e+000 0.000e+000
 6.380e+001 2.930e+000 0.000e+000 0.000e+000 0.000e+000 0.000e+000 0.000e+000 0.000e+000 0.000e+000 0.000e+000 0.000e+000 0.000e+000 0.000e+000 0.000e+000 0.000e+000 0.000e+000 0.000e+000 0.000e+000 0.000e+000
 6.500e+001 2.930e+000 2.100e+001 2.821e+002 5.080e+001-3.034e+001-3.391e+001 1.791e+002 2.199e+004-8.418e+000 1.843e+003 1.420e+002 1.107e+002 9.892e+001-1.607e+001 7.751e+000 8.696e+003-9.474e-002 4.010e+003
 6.630e+001 2.930e+000 0.000e+000 0.000e+000 0.000e+000 0.000e+000 0.000e+000 0.000e+000 0.000e+000 0.000e+000 0.000e+000 0.000e+000 0.000e+000 0.000e+000 0.000e+000 0.000e+000 0.000e+000 0.000e+000 0.000e+000
 6.750e+001 2.930e+000 2.100e+001 2.226e+002 1.437e+002-8.774e+000-1.684e+000 3.256e+002 1.511e+004-3.241e+000 7.451e+002 1.052e+002 1.674e+002 7.042e+001-5.011e+001 1.163e+002 6.449e+003 6.072e+001 3.514e+003
 6.880e+001 2.930e+000 0.000e+000 0.000e+000 0.000e+000 0.000e+000 0.000e+000 0.000e+000 0.000e+000 0.000e+000 0.000e+000 0.000e+000 0.000e+000 0.000e+000 0.000e+000 0.000e+000 0.000e+000 0.000e+000 0.000e+000
 7.000e+001 2.930e+000 2.400e+001 1.708e+002-7.893e+001 3.400e-001-7.162e+001 3.274e+002 1.426e+004 1.249e+002 8.701e+002 8.667e+001 1.841e+002 6.409e+001-1.073e+002 1.194e+002 5.829e+003 4.212e+001 3.094e+003
 7.130e+001 2.930e+000 0.000e+000 0.000e+000 0.000e+000 0.000e+000 0.000e+000 0.000e+000 0.000e+000 0.000e+000 0.000e+000 0.000e+000 0.000e+000 0.000e+000 0.000e+000 0.000e+000 0.000e+000 0.000e+000 0.000e+000
 7.250e+001 2.930e+000 0.000e+000 0.000e+000 0.000e+000 0.000e+000 0.000e+000 0.000e+000 0.000e+000 0.000e+000 0.000e+000 0.000e+000 0.000e+000 0.000e+000 0.000e+000 0.000e+000 0.000e+000 0.000e+000 0.000e+000
 7.380e+001 2.930e+000 2.400e+001 1.461e+002 4.250e+001-1.051e+001 1.226e+001-5.985e+001 1.912e+004 1.284e+001 1.768e+003 7.724e+001-2.807e+001 5.587e+001-4.888e+001-3.085e+001 7.784e+003-1.571e+001 4.000e+003
 7.500e+001 2.930e+000 0.000e+000 0.000e+000 0.000e+000 0.000e+000 0.000e+000 0.000e+000 0.000e+000 0.000e+000 0.000e+000 0.000e+000 0.000e+000 0.000e+000 0.000e+000 0.000e+000 0.000e+000 0.000e+000 0.000e+000
 7.630e+001 2.930e+000 2.100e+001 1.073e+002-1.558e+002 4.876e+000-9.127e+001-2.312e+002 9.220e+003 1.637e+002 4.466e+002 5.095e+001-9.297e+001 3.776e+001-1.296e+002-2.706e+001 3.742e+003 5.727e+000 2.121e+003
 7.750e+001 2.930e+000 0.000e+000 0.000e+000 0.000e+000 0.000e+000 0.000e+000 0.000e+000 0.000e+000 0.000e+000 0.000e+000 0.000e+000 0.000e+000 0.000e+000 0.000e+000 0.000e+000 0.000e+000 0.000e+000 0.000e+000
 7.880e+001 2.930e+000 2.400e+001 9.926e+001-1.656e+002-2.531e+000-1.636e+002 1.322e+002 1.011e+004 9.973e+001 3.468e+001 5.329e+001 9.834e+001 3.973e+001-1.297e+002 5.927e+001 3.763e+003 3.793e+001 2.171e+003
 8.000e+001 2.930e+000 0.000e+000 0.000e+000 0.000e+000 0.000e+000 0.000e+000 0.000e+000 0.000e+000 0.000e+000 0.000e+000 0.000e+000 0.000e+000 0.000e+000 0.000e+000 0.000e+000 0.000e+000 0.000e+000 0.000e+000
 8.130e+001 2.930e+000 0.000e+000 0.000e+000 0.000e+000 0.000e+000 0.000e+000 0.000e+000 0.000e+000 0.000e+000 0.000e+000 0.000e+000 0.000e+000 0.000e+000 0.000e+000 0.000e+000 0.000e+000 0.000e+000 0.000e+000
 8.250e+001 2.930e+000 2.400e+001 8.878e+001-8.506e+001-1.119e+001-2.865e+001-2.281e+001 7.150e+003 1.588e+001 5.284e+002 3.878e+001-4.042e+000 2.694e+001-3.164e+001 1.974e+001 2.803e+003-1.325e+000 1.672e+003
 8.380e+001 2.930e+000 0.000e+000 0.000e+000 0.000e+000 0.000e+000 0.000e+000 0.000e+000 0.000e+000 0.000e+000 0.000e+000 0.000e+000 0.000e+000 0.000e+000 0.000e+000 0.000e+000 0.000e+000 0.000e+000 0.000e+000
 8.500e+001 2.930e+000 2.100e+001 8.137e+001-1.240e+002 2.910e-002-4.166e+001 1.207e+002 8.312e+003 5.490e+001-7.104e+001 4.272e+001 1.121e+002 3.039e+001-3.980e+001 1.967e+001 3.029e+003 1.958e+001 1.460e+003
 8.630e+001 2.930e+000 0.000e+000 0.000e+000 0.000e+000 0.000e+000 0.000e+000 0.000e+000 0.000e+000 0.000e+000 0.000e+000 0.000e+000 0.000e+000 0.000e+000 0.000e+000 0.000e+000 0.000e+000 0.000e+000 0.000e+000
 8.750e+001 2.930e+000 2.400e+001 5.914e+001-2.774e+001 2.711e+000-3.930e+001-1.410e+002 7.548e+003-1.580e+001-3.746e+001 3.296e+001-4.511e+001 2.615e+001-2.912e+001-3.747e+001 2.397e+003-1.282e+001 1.177e+003
 8.880e+001 2.930e+000 0.000e+000 0.000e+000 0.000e+000 0.000e+000 0.000e+000 0.000e+000 0.000e+000 0.000e+000 0.000e+000 0.000e+000 0.000e+000 0.000e+000 0.000e+000 0.000e+000 0.000e+000 0.000e+000 0.000e+000
 9.000e+001 2.930e+000 0.000e+000 0.000e+000 0.000e+000 0.000e+000 0.000e+000 0.000e+000 0.000e+000 0.000e+000 0.000e+000 0.000e+000 0.000e+000 0.000e+000 0.000e+000 0.000e+000 0.000e+000 0.000e+000 0.000e+000
 9.130e+001 2.930e+000 2.400e+001 8.682e+001-1.847e+002-1.280e-001-8.150e+001 1.179e+001 7.670e+003 2.340e+001 2.628e+002 3.654e+001 5.781e+001 2.272e+001-2.703e+001 1.647e+001 2.646e+003 1.899e+001 1.112e+003
 9.250e+001 2.930e+000 0.000e+000 0.000e+000 0.000e+000 0.000e+000 0.000e+000 0.000e+000 0.000e+000 0.000e+000 0.000e+000 0.000e+000 0.000e+000 0.000e+000 0.000e+000 0.000e+000 0.000e+000 0.000e+000 0.000e+000
 9.380e+001 2.930e+000 2.400e+001 3.890e+001-2.633e+001 2.727e+000-1.235e+001 7.560e+001 6.596e+003-5.336e+001-5.853e+001 1.744e+001 5.540e+001 1.255e+001 6.012e+000 1.657e+001 2.318e+003 1.937e+001 9.628e+002
 9.500e+001 2.930e+000 0.000e+000 0.000e+000 0.000e+000 0.000e+000 0.000e+000 0.000e+000 0.000e+000 0.000e+000 0.000e+000 0.000e+000 0.000e+000 0.000e+000 0.000e+000 0.000e+000 0.000e+000 0.000e+000 0.000e+000
 9.630e+001 2.930e+000 2.100e+001 3.655e+001-1.197e+002-2.586e-001-4.985e+001-1.340e+001 4.938e+003 9.474e+000 9.648e+001 1.519e+001 2.252e+001 1.044e+001-1.074e+001 1.208e+000 1.805e+003 1.761e+001 7.208e+002
 9.750e+001 2.930e+000 0.000e+000 0.000e+000 0.000e+000 0.000e+000 0.000e+000 0.000e+000 0.000e+000 0.000e+000 0.000e+000 0.000e+000 0.000e+000 0.000e+000 0.000e+000 0.000e+000 0.000e+000 0.000e+000 0.000e+000
 9.880e+001 2.930e+000 0.000e+000 0.000e+000 0.000e+000 0.000e+000 0.000e+000 0.000e+000 0.000e+000 0.000e+000 0.000e+000 0.000e+000 0.000e+000 0.000e+000 0.000e+000 0.000e+000 0.000e+000 0.000e+000 0.000e+000
 1.000e+002 2.930e+000 3.300e+001 9.583e+001-4.408e+001-1.527e+000-9.813e+000-1.935e+002 6.768e+003 2.685e+001-1.332e+002 4.278e+001 2.024e+001 3.532e+001-2.335e+001-1.150e+002 2.477e+003-2.601e+001 1.042e+003
 1.130e+002 2.930e+000 3.300e+001 3.518e+001-1.817e+002-1.427e+000-7.602e+001-4.939e+001 6.386e+003-2.040e+001 1.618e+002 8.816e+000 2.924e+001 7.587e+000-1.411e+000-1.135e+001 2.309e+003 1.134e+001 1.003e+003
 1.250e+002 2.930e+000 4.500e+001 4.450e+001-2.682e+002 1.791e+000-1.196e+002-1.364e+002 1.230e+004-1.249e+002-6.543e+000 1.297e+001 4.289e+001 1.428e+001 4.886e+000-3.790e+001 3.938e+003 1.693e+001 1.733e+003
 1.380e+002 2.930e+000 4.800e+001 6.255e+001-4.636e+002 3.206e+000-1.652e+002-1.939e+002 9.422e+003-2.595e+001-3.182e+002 1.089e+001-3.032e+001 9.779e+000-6.705e+000-9.108e+001 3.110e+003-1.584e+000 1.250e+003
 1.500e+002 2.930e+000 5.700e+001 1.557e+002-1.648e+003-1.019e+001-6.298e+002 1.672e+002 2.877e+004 6.239e+002 4.440e+002 7.286e+001 3.223e+002 5.899e+001-2.596e+002 1.166e+002 1.067e+004 1.948e+002 4.232e+003
 1.630e+002 2.930e+000 5.100e+001 9.377e+001-7.368e+002 1.564e+000-2.897e+002-2.957e+002 1.478e+004-5.948e+001-3.127e+002 1.844e+001 1.068e+001 1.589e+001 2.225e+000-1.191e+002 5.493e+003 1.584e+001 2.266e+003
 1.750e+002 2.930e+000 5.700e+001 1.723e+002-1.227e+003 3.054e+000-4.789e+002-6.719e+002 2.173e+004-4.622e+001-5.203e+002 3.987e+001-1.018e+002 2.945e+001-1.570e+001-2.476e+002 7.835e+003-2.079e+001 3.148e+003
 1.880e+002 2.930e+000 6.600e+001 5.366e+002-1.834e+003 2.963e+001-9.143e+002-2.472e+003 3.773e+004-1.731e+002 2.657e+001 1.983e+002-8.295e+002 1.149e+002-1.010e+002-7.900e+002 1.337e+004-2.194e+002 5.341e+003
 2.000e+002 2.930e+000 6.300e+001 1.383e+004 3.688e+003 1.151e+002-7.770e+003-3.964e+004 1.761e+005-3.694e+003 1.875e+004 6.874e+003-1.924e+004 3.513e+003-3.358e+003-8.216e+003 4.329e+004-3.848e+003 1.808e+004
 2.130e+002 2.930e+000 8.400e+001 7.163e+002-5.285e+003-8.809e+001-2.063e+003-9.484e+002 8.902e+004-6.574e+002-4.763e+003 1.294e+002 8.746e+002 1.125e+002 5.415e+001-6.616e+002 3.206e+004 3.370e+002 1.269e+004
 2.250e+002 2.930e+000 1.080e+002 1.274e+003-1.669e+004-2.612e+001-5.935e+003-5.891e+003 2.861e+005-2.868e+003-1.276e+004-1.236e+002 1.295e+003 7.555e+001 9.110e+002-2.845e+003 1.043e+005 6.316e+002 3.953e+004
 2.380e+002 2.930e+000 9.600e+001 5.416e+003-7.624e+004-3.796e+001-2.708e+004-2.986e+004 1.285e+006-1.304e+004-6.536e+004-7.944e+002 5.604e+003 2.397e+002 4.405e+003-1.500e+004 4.787e+005 2.749e+003 1.825e+005
 2.500e+002 2.930e+000 9.600e+001 1.488e+005-2.088e+006 1.376e+003-7.364e+005-8.899e+005 3.506e+007-3.554e+005-1.781e+006-2.280e+004 1.250e+005 5.616e+003 1.238e+005-4.389e+005 1.308e+007 6.434e+004 4.978e+006
 2.630e+002 2.930e+000 9.600e+001 4.923e+003-6.707e+004 2.077e+001-2.365e+004-2.955e+004 1.123e+006-1.108e+004-5.530e+004-6.923e+002 4.194e+003 1.982e+002 3.791e+003-1.432e+004 4.181e+005 2.113e+003 1.592e+005
 2.750e+002 2.930e+000 1.200e+002 1.278e+003-1.584e+004-2.412e+001-5.658e+003-7.189e+003 2.733e+005-2.521e+003-1.222e+004-9.958e+001 1.290e+003 9.398e+001 7.522e+002-3.386e+003 1.007e+005 6.088e+002 3.839e+004
 2.880e+002 2.930e+000 6.300e+001 3.239e+002-4.263e+003-1.921e+001-1.536e+003-1.840e+003 9.669e+004-9.581e+002-2.877e+003-1.918e+001 7.681e+002 4.188e+001 3.103e+002-8.088e+002 3.581e+004 3.276e+002 1.371e+004
 3.000e+002 2.930e+000 7.800e+001 8.423e+002-3.101e+003 1.362e+002-2.114e+003-2.118e+004 8.523e+005-7.219e+003 2.956e+004 3.066e+001 1.373e+003 1.435e+002 2.477e+003-7.630e+003 3.035e+005 2.726e+002 1.104e+005
 3.130e+002 2.930e+000 4.500e+001 1.798e+002-1.245e+003-3.675e+001-5.707e+002-3.092e+002 3.492e+004-2.669e+002-7.406e+002 4.389e+001 4.059e+002 4.930e+001 2.124e+001-1.483e+002 1.278e+004 1.923e+002 5.135e+003
 3.250e+002 2.930e+000 8.100e+001 5.531e+002-2.438e+003-2.324e+002-1.562e+003 1.691e+003 3.369e+004-4.081e+002-3.710e+003 2.562e+002 1.885e+003 2.726e+002-2.824e+002 5.239e+002 1.402e+004 9.987e+002 7.167e+003
 3.380e+002 2.930e+000 8.400e+001 2.389e+003-7.115e+003-1.233e+003-6.266e+003 1.253e+004 1.062e+005-3.292e+003-2.212e+004 1.355e+003 1.098e+004 1.464e+003-1.152e+003 4.183e+003 4.716e+004 5.772e+003 2.641e+004
 3.500e+002 2.930e+000 9.600e+001 7.968e+004-2.371e+005-4.471e+004-2.183e+005 4.492e+005 3.294e+006-1.156e+005-7.858e+005 4.674e+004 3.952e+005 5.282e+004-4.302e+004 1.503e+005 1.516e+006 2.103e+005 8.889e+005
 3.630e+002 2.930e+000 9.300e+001 2.734e+003-8.952e+003-1.547e+003-7.638e+003 1.481e+004 1.255e+005-3.834e+003-2.687e+004 1.594e+003 1.382e+004 1.857e+003-1.619e+003 4.699e+003 5.564e+004 7.160e+003 3.146e+004
 3.750e+002 2.930e+000 9.000e+001 5.003e+002-2.574e+003-2.893e+002-1.681e+003 2.511e+003 3.812e+004-6.607e+002-5.010e+003 2.563e+002 2.857e+003 3.349e+002-3.115e+002 7.082e+002 1.600e+004 1.379e+003 8.194e+003
 3.880e+002 2.930e+000 6.600e+001 1.599e+002-1.093e+003-8.420e+001-5.957e+002 3.414e+002 1.935e+004-7.126e+001-1.291e+003 6.936e+001 8.271e+002 9.791e+001-1.190e+002 6.933e+001 8.011e+003 3.930e+002 3.812e+003
 4.000e+002 2.930e+000 7.200e+001 4.747e+002-5.522e+003-1.132e+002-1.851e+003-6.911e+003 2.227e+005 1.055e+003-8.768e+003 4.875e+001 1.552e+003 8.716e+001-5.396e+002-2.630e+003 7.888e+004 5.783e+002 2.879e+004
 4.130e+002 2.930e+000 6.900e+001 1.170e+002-7.232e+002-3.316e+001-3.775e+002-5.722e+002 1.569e+004 1.414e+002 4.315e+001 4.325e+001 8.182e+001 4.578e+001-1.283e+002-2.183e+002 5.959e+003 7.243e+001 2.565e+003
 4.250e+002 2.930e+000 5.700e+001 1.051e+002-5.054e+002-1.247e+001-3.203e+002-9.619e+002 1.839e+004 8.719e+001 1.024e+003 4.095e+001-2.480e+002 3.202e+001-1.011e+002-3.376e+002 6.921e+003-5.934e+001 2.911e+003
 4.380e+002 2.930e+000 7.500e+001 3.768e+002-1.629e+003 8.448e+000-1.023e+003-5.123e+003 8.818e+004 1.122e+002 5.857e+003 1.330e+002-1.733e+003 6.630e+001-2.272e+002-1.775e+003 3.208e+004-5.981e+002 1.246e+004
 4.500e+002 2.930e+000 9.600e+001 3.033e+004-1.143e+005 3.224e+003-7.527e+004-4.840e+005 8.178e+006-1.247e+004 5.599e+005 1.044e+004-1.785e+005 3.971e+003-7.776e+003-1.700e+005 3.005e+006-6.640e+004 1.143e+006
 4.630e+002 2.930e+000 1.050e+002 6.072e+002-2.236e+003 5.722e+001-1.446e+003-9.055e+003 1.548e+005-4.422e+002 9.788e+003 2.082e+002-3.201e+003 9.840e+001-1.084e+002-3.180e+003 5.623e+004-1.183e+003 2.135e+004
 4.750e+002 2.930e+000 6.300e+001 8.923e+001-3.661e+002 3.039e+000-2.186e+002-1.067e+003 1.926e+004-4.987e+001 1.025e+003 3.253e+001-3.517e+002 2.160e+001-3.010e+001-3.786e+002 6.970e+003-1.292e+002 2.684e+003
 4.880e+002 2.930e+000 4.500e+001 3.628e+001-1.585e+002-6.890e-001-8.899e+001-3.745e+002 7.543e+003-1.174e+001 2.185e+002 1.341e+001-9.735e+001 1.042e+001-1.657e+001-1.390e+002 2.808e+003-3.278e+001 1.141e+003
 5.000e+002 2.930e+000 4.500e+001 5.603e+002-7.686e+003-1.403e+002-3.675e+003 9.899e+002 1.201e+005 3.515e+003-1.958e+002 2.862e+002 2.638e+003 1.932e+002-1.710e+003 4.904e+002 5.615e+004 1.256e+003 2.647e+004
 5.130e+002 2.930e+000 4.500e+001 3.128e+001-2.070e+002-5.630e-001-1.112e+002-3.733e+002 8.510e+003 1.718e+001 4.444e+002 1.019e+001-8.891e+001 7.853e+000-2.592e+001-1.293e+002 3.183e+003-3.207e+001 1.347e+003
 5.250e+002 2.930e+000 5.400e+001 7.115e+001-3.898e+002 3.654e-001-2.011e+002-9.782e+002 1.855e+004 5.223e+001 7.517e+002 2.207e+001-2.854e+002 1.229e+001-4.528e+001-3.535e+002 6.995e+003-1.015e+002 2.754e+003
 5.380e+002 2.930e+000 9.600e+001 3.445e+002-1.934e+003 8.401e+000-1.027e+003-5.252e+003 9.664e+004 3.635e+002 4.808e+003 1.095e+002-1.672e+003 4.376e+001-2.513e+002-1.926e+003 3.702e+004-6.214e+002 1.464e+004
 5.500e+002 2.930e+000 9.600e+001 4.147e+005-2.286e+006 1.442e+004-1.213e+006-6.413e+006 1.118e+008 5.020e+005 5.679e+006 1.315e+005-2.112e+006 4.225e+004-3.021e+005-2.372e+006 4.337e+007-7.939e+005 1.711e+007
 5.630e+002 2.930e+000 1.080e+002 6.458e+002-3.701e+003 1.176e+001-1.851e+003-9.633e+003 1.698e+005 8.525e+002 7.223e+003 1.965e+002-2.951e+003 6.798e+001-4.795e+002-3.530e+003 6.493e+004-1.087e+003 2.535e+004
 5.750e+002 2.930e+000 8.400e+001 8.084e+001-4.529e+002 2.668e-001-2.237e+002-1.092e+003 1.966e+004 8.224e+001 7.902e+002 2.314e+001-2.959e+002 1.107e+001-5.763e+001-3.939e+002 7.349e+003-1.070e+002 2.882e+003
 5.880e+002 2.930e+000 6.300e+001 3.976e+001-2.122e+002-1.588e-001-1.096e+002-4.515e+002 7.594e+003 4.331e+001 3.058e+002 1.188e+001-1.225e+002 6.584e+000-3.333e+001-1.708e+002 2.987e+003-4.653e+001 1.273e+003
 6.000e+002 2.930e+000 6.300e+001 4.223e+002-3.687e+003 5.362e+001-2.556e+003-7.475e+003 1.678e+005-2.752e+002 2.739e+004 8.557e+001-1.949e+003 2.947e+001-2.343e+002-2.105e+003 6.053e+004-7.576e+002 2.656e+004
 6.130e+002 2.930e+000 4.500e+001 1.422e+001-7.986e+001 2.630e-001-3.521e+001-1.341e+002 2.686e+003 8.412e+000-2.131e+001 4.127e+000-3.497e+001 3.236e+000-9.598e+000-5.333e+001 1.085e+003-1.402e+001 4.912e+002
 6.250e+002 2.930e+000 5.100e+001 1.078e+001-5.836e+001-5.752e-001-2.872e+001-1.123e+002 3.267e+003-3.477e+000 3.097e+001 3.262e+000-1.580e+001 3.049e+000-4.471e+000-4.469e+001 1.215e+003-5.257e+000 4.877e+002
 6.380e+002 2.930e+000 4.500e+001 9.788e+000-7.275e+001-1.920e+000-3.735e+001-8.100e+001 5.867e+003 5.163e+000-1.461e+002 4.866e+000 2.560e+001 7.264e+000-1.501e+001-3.336e+001 2.245e+003 1.328e+001 9.115e+002
 6.500e+002 2.930e+000 5.400e+001 1.491e+002 1.211e+004 1.355e+002 4.495e+003-5.047e+003 2.960e+006-3.705e+004-3.881e+004 1.691e+002 2.267e+004 6.927e+002 1.351e+004-1.703e+003 1.112e+006 9.027e+003 4.185e+005
 6.630e+002 2.930e+000 4.500e+001 6.731e+000-2.659e+001-6.760e-001-1.858e+001-3.154e+001 5.297e+003-3.611e+001-1.610e+002 2.514e+000 4.307e+001 3.413e+000 3.368e+000-1.322e+001 2.006e+003 1.616e+001 8.362e+002
 6.750e+002 2.930e+000 4.500e+001 7.719e+000-4.068e+001-2.370e-001-1.911e+001-7.633e+001 2.257e+003-5.389e+000 3.996e+001 2.004e+000-5.282e+000 1.875e+000-9.470e-001-2.909e+001 8.130e+002-3.813e+000 3.294e+002
 6.880e+002 2.930e+000 3.600e+001 3.579e+000-2.521e+001-4.349e-001-1.078e+001-2.526e+001 9.014e+002 1.545e+000-1.247e+001 6.416e-001 3.013e+000 1.215e+000-2.757e+000-1.095e+001 3.525e+002 1.165e+000 1.617e+002
 7.000e+002 2.930e+000 5.400e+001 1.064e+002-1.186e+003-1.108e+000-5.441e+002-8.281e+002 2.062e+004 5.607e+002-3.041e+002 5.031e+001-3.722e+002 2.663e+001-2.615e+002-4.043e+002 9.565e+003-1.847e+002 4.494e+003
 7.130e+002 2.930e+000 3.600e+001 3.788e+000-2.939e+001-4.155e-001-1.234e+001-1.612e+001 5.797e+002 1.023e+001-2.191e+001 1.229e+000 3.076e+000 1.418e+000-6.145e+000-8.260e+000 2.258e+002-9.974e-001 1.183e+002
 7.250e+002 2.930e+000 3.900e+001 4.150e+000-3.199e+001-5.905e-001-1.494e+001-2.853e+001 7.900e+002 9.359e+000 2.115e+001 9.711e-001 2.515e+000 1.064e+000-4.811e+000-1.116e+001 3.119e+002 1.017e+000 1.614e+002
 7.380e+002 2.930e+000 4.800e+001 5.031e+000-3.293e+001-1.287e-003-1.643e+001-3.506e+001 7.160e+002 1.368e+001 5.580e+000 2.465e+000-1.276e+001 2.808e+000-9.471e+000-1.477e+001 3.130e+002-6.009e+000 1.744e+002
 7.500e+002 2.930e+000 1.110e+002 2.644e+002-7.214e+002 4.542e+001-2.994e+002-2.322e+003 2.577e+004-6.914e+001-1.431e+002 1.259e+002-1.158e+003 7.350e+001 1.381e+001-9.628e+002 1.103e+004-4.802e+002 5.054e+003
 7.630e+002 2.930e+000 4.800e+001 5.810e+000-3.203e+001-3.859e-001-1.536e+001-5.180e+001 9.601e+002 1.148e+001 6.730e+000 2.162e+000-1.331e+001 1.770e+000-7.593e+000-2.414e+001 4.134e+002-5.882e+000 2.045e+002
 7.750e+002 2.930e+000 3.300e+001 4.194e+000-3.057e+001-4.405e-001-1.401e+001-3.168e+001 6.896e+002 1.367e+001 2.129e+001 1.511e+000-5.882e+000 1.176e+000-7.155e+000-1.196e+001 2.794e+002-1.589e+000 1.348e+002
 7.880e+002 2.930e+000 3.600e+001 5.851e+000-3.604e+001 1.232e+000-2.664e+001-4.633e+001 9.838e+002 1.400e+001 8.125e+001 5.440e+000-4.305e+001 9.831e+000-2.396e+001-2.106e+001 4.479e+002-2.932e+001 2.702e+002
 8.000e+002 2.930e+000 8.400e+001 3.570e+001-2.475e+002 1.441e+001-1.489e+002-4.453e+002 9.041e+003-1.333e+002 8.946e+002 8.659e+000-1.935e+002 1.900e+001-8.042e+000-1.340e+002 3.726e+003-1.065e+002 2.105e+003
 8.130e+002 2.930e+000 4.200e+001 4.026e+000-2.696e+001-4.874e-002-1.411e+001-3.054e+001 9.380e+002 9.686e+000-1.503e+000 1.197e+000-1.454e+001 1.521e+000-6.344e+000-1.329e+001 4.370e+002-1.020e+001 2.807e+002
 8.250e+002 2.930e+000 3.900e+001 1.332e+001-8.315e+001-4.731e-001-4.710e+001-8.851e+001 1.740e+003 5.571e+001-3.294e+001 7.555e+000-5.390e+001 7.362e+000-3.416e+001-4.824e+001 8.573e+002-3.199e+001 4.890e+002
 8.380e+002 2.930e+000 6.600e+001 3.143e+001 2.279e+000-1.025e+001-4.579e+001-3.502e+002 6.599e+003 9.634e+001 2.463e+002 1.214e+001-1.529e+002 1.289e+001-4.904e+001-1.346e+002 3.068e+003-5.946e+001 1.830e+003
 8.500e+002 2.930e+000 7.800e+001 9.428e+002 5.192e+003-4.264e+002 1.234e+003-7.630e+003 1.187e+005 1.751e+003-4.093e+003 2.959e+002-4.854e+003 3.144e+002-2.914e+002-1.531e+003 3.001e+004-1.129e+003 8.998e+003
 8.630e+002 2.930e+000 3.600e+001 2.290e+001 2.466e+001-5.196e+000-1.624e+000-2.216e+002 3.094e+003 3.814e+001 3.319e+001 5.611e+000-5.953e+001 4.567e+000-1.078e+001-5.748e+001 9.061e+002-1.745e+001 3.213e+002
 8.750e+002 2.930e+000 3.600e+001 1.237e+001-4.567e+001-7.279e-001-3.470e+001-9.608e+001 1.786e+003 1.277e+001 8.390e+001 3.677e+000-2.734e+001 2.169e+000-1.065e+001-3.861e+001 7.746e+002-1.265e+001 4.122e+002
 8.880e+002 2.930e+000 9.000e+001 2.014e+001-1.220e+002-5.740e+000-6.841e+001-1.722e+002 5.133e+003 4.672e+001-5.751e+001 6.478e+000-8.452e+000 9.345e+000-4.052e+001-9.602e+001 2.873e+003-1.512e+001 1.895e+003
 9.000e+002 2.930e+000 4.200e+001 1.881e+001-1.275e+002-1.568e+000-8.270e+001-1.798e+002 3.524e+003 2.498e+001 1.602e+001 5.097e+000-1.502e+001 7.560e+000-3.525e+001-1.065e+002 1.997e+003-3.100e+001 1.494e+003
 9.130e+002 2.930e+000 6.900e+001 9.412e+001-6.071e+002-1.297e+001-3.027e+002-4.803e+002 8.361e+003 4.292e+002-2.182e+003 5.279e+001-1.824e+002 3.679e+001-2.683e+002-4.944e+002 6.189e+003-2.879e+002 6.064e+003
 9.250e+002 2.930e+000 4.500e+001 2.689e+001-2.702e+002-5.702e+000-1.414e+002-1.492e+002 4.600e+003 1.143e+002-2.679e+002 9.417e+000 2.175e+001 6.799e+000-6.774e+001-1.003e+002 2.422e+003-6.048e+000 1.484e+003
 9.380e+002 2.930e+000 1.290e+002 1.602e+002-1.731e+003-4.324e+001-1.004e+003-9.000e+002 2.832e+004 5.491e+002-9.764e+001 3.242e+001 3.189e+002 2.325e+001-3.391e+002-5.354e+002 1.610e+004 1.613e+002 9.591e+003
 9.500e+002 2.930e+000 9.600e+001 4.444e+003-4.527e+004-1.500e+003-2.714e+004-2.140e+004 5.774e+005 1.530e+004-1.012e+004 8.143e+002 1.147e+004 6.855e+002-9.626e+003-1.372e+004 3.472e+005 6.622e+003 2.115e+005
 9.630e+002 2.930e+000 9.600e+001 1.562e+002-1.522e+003-5.123e+001-8.891e+002-7.643e+002 2.021e+004 5.092e+002-2.537e+002 2.883e+001 3.929e+002 2.586e+001-3.190e+002-4.636e+002 1.153e+004 2.079e+002 6.995e+003
 9.750e+002 2.930e+000 9.300e+001 4.363e+001-4.298e+002-1.167e+001-2.335e+002-2.596e+002 6.716e+003 1.337e+002 2.362e+002 8.258e+000 7.531e+001 7.712e+000-7.746e+001-1.318e+002 3.456e+003 2.498e+001 2.138e+003
 9.880e+002 2.930e+000 8.100e+001 2.253e+001-1.858e+002-5.068e+000-1.031e+002-1.712e+002 4.242e+003 7.901e+001 3.228e+001 6.894e+000-1.011e+001 5.907e+000-5.459e+001-1.115e+002 2.636e+003-2.717e+001 2.002e+003
 1.000e+003 2.930e+000 3.660e+002 1.429e+002-1.061e+003 3.626e+001-7.317e+002-1.632e+003 3.464e+004 1.730e+002-2.304e+002 9.630e+001-1.281e+003 2.651e+002-9.626e+002-9.242e+002 2.449e+004-1.246e+003 2.786e+004
 1.130e+003 2.930e+000 5.190e+002 2.679e+002-2.383e+003-1.059e+001-1.864e+003-4.510e+003 1.112e+005 4.434e+003-8.056e+003 4.691e+002-8.051e+003 9.592e+002-3.859e+003-4.065e+003 9.836e+004-7.353e+003 9.342e+004
 1.250e+003 2.930e+000 4.110e+002 2.014e+002-7.668e+002 6.161e+000 5.674e+002-1.210e+003 3.171e+004 8.476e+002-6.814e+003 1.820e+002-9.625e+002 2.204e+002 1.774e+002-1.656e+003 2.756e+004-1.492e+003 3.909e+004
 1.380e+003 2.930e+000 6.750e+002 1.028e+002-1.147e+003-3.519e+001-7.711e+002-2.129e+003 7.392e+004 1.430e+003-7.990e+003 7.433e+001-2.225e+002 1.975e+002-1.575e+003-1.988e+003 6.080e+004-9.931e+002 5.703e+004
 1.500e+003 2.930e+000 7.200e+001 4.540e+001-3.835e+002 1.617e+000-2.675e+002-1.024e+003 2.887e+004 2.244e+002-7.056e+002 1.175e+001-2.083e+002 1.937e+001-2.860e+002-6.255e+002 1.898e+004-2.202e+002 1.425e+004
 1.630e+003 2.930e+000 7.200e+001 8.058e+001-9.028e+002 2.869e-001-8.587e+002-1.680e+003 4.609e+004 6.144e+002 3.689e+003 5.297e+001-1.072e+003 4.045e+001-6.284e+002-1.223e+003 3.569e+004-8.331e+002 2.901e+004
 1.750e+003 2.930e+000 4.800e+001 5.495e+002-6.184e+003-1.039e+001-6.081e+003-1.081e+004 2.834e+005 4.626e+003 2.642e+004 3.939e+002-7.533e+003 2.955e+002-4.634e+003-8.205e+003 2.296e+005-5.826e+003 1.914e+005
 1.880e+003 2.930e+000 7.200e+001 8.460e+002-9.313e+003-2.827e+001-8.425e+003-1.605e+004 4.165e+005 6.566e+003 2.108e+004 5.575e+002-9.255e+003 5.020e+002-7.160e+003-1.182e+004 3.128e+005-8.092e+003 2.636e+005
 2.000e+003 2.930e+000 7.200e+001 2.154e+003-2.569e+004-2.045e+001-2.119e+004-4.330e+004 1.194e+006 1.444e+004 7.821e+004 1.193e+003-2.373e+004 6.696e+002-1.196e+004-2.935e+004 8.535e+005-1.614e+004 6.167e+005
 2.130e+003 2.930e+000 4.800e+001 4.719e+002-5.726e+003-8.504e+000-4.664e+003-9.162e+003 2.498e+005 3.284e+003 1.508e+004 2.592e+002-4.919e+003 1.443e+002-2.671e+003-6.245e+003 1.793e+005-3.358e+003 1.299e+005
 2.250e+003 2.930e+000 7.200e+001 1.220e+002-1.411e+003-4.901e+000-1.128e+003-2.250e+003 5.851e+004 8.805e+002 2.687e+003 6.887e+001-1.199e+003 4.117e+001-7.130e+002-1.566e+003 4.223e+004-8.494e+002 3.101e+004
 2.380e+003 2.930e+000 7.200e+001 1.230e+002-1.557e+003-4.274e+001-5.734e+002-2.233e+003 6.150e+004 1.229e+003-1.014e+004 4.100e+001-7.370e+001 5.458e+001-9.251e+002-1.596e+003 3.512e+004-5.318e+002 2.643e+004
 2.500e+003 2.930e+000 4.800e+001 4.397e+001-4.821e+002-9.430e+000-2.314e+002-7.292e+002 1.792e+004 3.251e+002-1.937e+003 1.676e+001-1.169e+002 1.785e+001-2.660e+002-4.964e+002 1.040e+004-2.012e+002 7.863e+003
 2.630e+003 2.930e+000 7.200e+001 3.780e+001-3.314e+002-8.157e-001-2.635e+002-6.164e+002 1.330e+004 1.840e+002 5.577e+002 1.987e+001-3.087e+002 1.224e+001-1.611e+002-4.258e+002 9.399e+003-2.301e+002 6.999e+003
 2.750e+003 2.930e+000 7.200e+001 1.649e+001-1.516e+002-1.325e+000-1.111e+002-2.526e+002 5.361e+003 1.077e+002-3.378e+001 9.515e+000-1.309e+002 6.102e+000-8.357e+001-1.872e+002 3.943e+003-1.016e+002 2.990e+003
 2.880e+003 2.930e+000 4.800e+001 9.782e+000-8.305e+001-3.272e-001-6.652e+001-1.499e+002 3.066e+003 4.879e+001 1.465e+002 5.236e+000-7.611e+001 3.056e+000-4.041e+001-1.031e+002 2.182e+003-5.407e+001 1.599e+003
 3.000e+003 2.930e+000 6.900e+001 3.139e+001-2.705e+002-5.736e+000-1.824e+002-4.687e+002 9.476e+003 2.639e+002-8.437e+002 2.115e+001-2.565e+002 1.876e+001-2.203e+002-4.107e+002 7.682e+003-2.759e+002 6.977e+003
 3.130e+003 2.930e+000 7.200e+001 1.051e+001-8.118e+001-4.760e-001-6.101e+001-1.559e+002 3.029e+003 5.035e+001 5.330e+001 5.576e+000-7.795e+001 3.390e+000-4.012e+001-1.100e+002 2.163e+003-5.862e+001 1.607e+003
 3.250e+003 2.930e+000 4.800e+001 9.458e+000-5.739e+001 6.376e-001-5.148e+001-1.408e+002 2.510e+003 1.956e+001 1.937e+002 4.689e+000-7.056e+001 3.333e+000-2.525e+001-9.102e+001 1.691e+003-5.523e+001 1.275e+003
 3.380e+003 2.930e+000 7.200e+001 3.925e+001-2.121e+002-1.261e+000-1.798e+002-5.647e+002 9.456e+003 1.392e+002 3.513e+002 2.293e+001-3.224e+002 1.369e+001-1.180e+002-4.206e+002 7.144e+003-2.418e+002 5.450e+003
 3.500e+003 2.930e+000 7.200e+001 2.603e+002-1.419e+003 3.222e+000-1.336e+003-4.374e+003 8.161e+004 7.512e+002 5.371e+003 1.490e+002-2.521e+003 8.572e+001-7.225e+002-3.148e+003 6.042e+004-1.822e+003 4.513e+004
 3.630e+003 2.930e+000 4.800e+001 4.293e+002-1.774e+003-2.617e+001-1.400e+003-5.962e+003 9.044e+004 1.387e+003 9.781e+002 2.493e+002-3.355e+003 1.467e+002-1.083e+003-4.493e+003 6.841e+004-2.528e+003 5.181e+004
 3.750e+003 2.930e+000 7.200e+001 6.486e+001-2.775e+002-1.853e+000-2.485e+002-9.986e+002 1.677e+004 1.870e+002 6.902e+002 3.761e+001-5.708e+002 2.217e+001-1.640e+002-7.412e+002 1.262e+004-4.258e+002 9.584e+003
 3.880e+003 2.930e+000 7.200e+001 1.418e+002-5.864e+002-4.364e+000-5.469e+002-2.303e+003 4.023e+004 4.201e+002 1.761e+003 8.510e+001-1.365e+003 5.245e+001-3.783e+002-1.740e+003 3.083e+004-1.042e+003 2.388e+004
 4.000e+003 2.930e+000 4.800e+001 6.628e+001-2.422e+002-8.457e+000-1.549e+002-1.097e+003 1.919e+004 2.815e+002-3.304e+002 3.572e+001-5.381e+002 3.108e+001-1.581e+002-7.788e+002 1.327e+004-5.132e+002 1.084e+004
 4.130e+003 2.930e+000 7.200e+001 1.965e+002-7.499e+002-4.345e+000-7.320e+002-3.291e+003 5.809e+004 5.266e+002 2.764e+003 1.185e+002-1.966e+003 7.251e+001-4.973e+002-2.486e+003 4.450e+004-1.493e+003 3.439e+004
 4.250e+003 2.930e+000 7.200e+001 4.705e+001-1.534e+002 3.484e-001-1.572e+002-7.789e+002 1.351e+004 8.464e+001 7.574e+002 2.711e+001-4.497e+002 1.627e+001-9.168e+001-5.624e+002 9.928e+003-3.317e+002 7.449e+003
 4.380e+003 2.930e+000 4.800e+001 1.697e+001-5.280e+001-2.545e-001-4.805e+001-2.815e+002 4.888e+003 3.426e+001 1.480e+002 9.561e+000-1.571e+002 5.543e+000-3.122e+001-2.070e+002 3.623e+003-1.167e+002 2.711e+003
 4.500e+003 2.930e+000 7.200e+001 3.708e+001-1.212e+002-1.116e+000-1.193e+002-6.587e+002 1.218e+004 9.387e+001 4.626e+002 2.252e+001-3.959e+002 1.408e+001-9.062e+001-5.055e+002 9.435e+003-3.063e+002 7.386e+003
 4.630e+003 2.930e+000 7.200e+001 8.432e+000-2.561e+001-4.083e-001-2.805e+001-1.395e+002 2.442e+003 2.563e+001 1.033e+002 5.654e+000-9.175e+001 4.412e+000-3.029e+001-1.140e+002 2.025e+003-8.040e+001 1.782e+003
 4.750e+003 2.930e+000 4.800e+001 9.328e+000-3.089e+001-4.492e-001-6.483e+001-1.477e+002 2.485e+003 4.098e+001 4.920e+002 1.011e+001-1.587e+002 1.266e+001-9.229e+001-1.607e+002 2.794e+003-1.882e+002 3.543e+003
 4.880e+003 2.930e+000 7.200e+001 7.012e+000-1.537e+001 4.952e+000-1.045e+002-1.018e+002 1.583e+003-5.682e+001 1.280e+003 8.522e+000-1.220e+002 1.875e+001-1.070e+002-7.944e+001 1.280e+003-2.108e+002 3.087e+003
 5.000e+003 2.930e+000 6.900e+001 2.993e+000-1.154e+001 2.380e-001-1.881e+001-4.348e+001 7.149e+002 5.064e+000 1.470e+002 2.353e+000-3.525e+001 3.564e+000-2.483e+001-3.478e+001 6.055e+002-4.589e+001 8.198e+002
 5.130e+003 2.930e+000 4.500e+001 4.280e+000-2.698e+001 3.798e-001-3.669e+001-7.521e+001 1.523e+003 1.547e+001 2.573e+002 3.526e+000-6.363e+001 3.344e+000-2.750e+001-6.095e+001 1.316e+003-5.680e+001 1.246e+003
 5.250e+003 2.930e+000 6.900e+001 1.961e+000-1.075e+001 2.762e-001-1.605e+001-2.553e+001 4.162e+002 4.332e+000 1.032e+002 1.491e+000-2.083e+001 1.675e+000-1.298e+001-1.967e+001 3.595e+002-2.166e+001 4.116e+002
 5.380e+003 2.930e+000 6.600e+001 1.639e+000-1.137e+001-6.160e-002-1.278e+001-2.700e+001 6.136e+002 1.061e+001 4.368e+001 1.354e+000-2.077e+001 1.607e+000-1.477e+001-2.377e+001 5.376e+002-2.269e+001 5.464e+002
 5.500e+003 2.930e+000 4.800e+001 9.427e-001-7.914e+000-6.804e-002-8.564e+000-1.475e+001 3.449e+002 8.462e+000 2.272e+001 7.496e-001-1.175e+001 1.057e+000-1.178e+001-1.297e+001 3.268e+002-1.430e+001 3.711e+002
 5.630e+003 2.930e+000 7.200e+001 3.086e+000-2.488e+001-2.465e+000-9.273e+000-4.702e+001 9.911e+002 6.048e+001-4.495e+002 2.954e+000-1.338e+001 9.313e+000-9.399e+001-6.329e+001 9.816e+002-8.582e+001 1.862e+003
 5.750e+003 2.930e+000 7.200e+001 4.846e+000-2.546e+001-1.203e+000-3.558e+001-7.421e+001 1.376e+003 4.795e+001 1.181e+001 5.669e+000-6.964e+001 1.015e+001-8.649e+001-8.841e+001 1.528e+003-1.144e+002 2.212e+003
 5.880e+003 2.930e+000 4.800e+001 3.267e+000-1.183e+001-2.833e-001-1.985e+001-4.996e+001 8.513e+002 1.520e+001 5.506e+001 3.277e+000-3.842e+001 8.557e+000-6.002e+001-5.057e+001 7.782e+002-8.747e+001 1.448e+003
 6.000e+003 2.930e+000 7.200e+001 1.936e+001-8.493e+001-7.082e+000-4.067e+001-2.864e+002 4.735e+003 1.675e+002-9.375e+002 1.369e+001-1.338e+002 2.758e+001-2.447e+002-2.845e+002 4.170e+003-2.932e+002 5.860e+003
 6.130e+003 2.930e+000 7.200e+001 5.383e+000-1.533e+001 1.835e-001-3.128e+001-7.699e+001 1.184e+003 1.384e+001 1.839e+002 4.734e+000-6.258e+001 7.626e+000-5.265e+001-6.994e+001 1.094e+003-8.858e+001 1.534e+003
 6.250e+003 2.930e+000 4.800e+001 3.037e+000-2.774e+000 2.001e+000-9.953e+000-4.430e+001 6.762e+002-2.727e+001 7.922e+001 2.122e-004 4.590e+000 4.203e+000-2.199e+001-1.231e+000 4.245e+000-2.798e+001 3.850e+002
 6.380e+003 2.930e+000 7.200e+001 4.213e+000-1.462e+001-1.141e-001-1.554e+001-5.952e+001 9.162e+002 9.813e+000 6.261e+001 2.314e+000-3.109e+001 1.929e+000-1.397e+001-4.299e+001 6.715e+002-2.767e+001 5.774e+002
 6.500e+003 2.930e+000 7.200e+001 4.670e+000-9.984e+000 3.400e-002-1.598e+001-6.407e+001 9.220e+002 6.150e+000 1.076e+002 3.248e+000-4.333e+001 2.845e+000-1.382e+001-5.109e+001 7.397e+002-3.903e+001 6.669e+002
 6.630e+003 2.930e+000 4.800e+001 1.682e+000-3.595e+000 3.636e-001-6.256e+000-2.239e+001 3.185e+002-4.122e+000 6.275e+001 7.543e-001-9.891e+000 1.801e+000-9.863e+000-1.106e+001 1.572e+002-1.789e+001 2.721e+002
 6.750e+003 2.930e+000 7.200e+001 2.270e+000-5.277e+000-3.110e-001-3.224e+000-2.939e+001 4.065e+002 6.990e+000-1.530e+001 1.264e+000-1.507e+001 1.119e+000-7.405e+000-2.319e+001 3.150e+002-1.467e+001 2.857e+002
 6.880e+003 2.930e+000 6.600e+001 8.860e-001-1.929e+000-2.904e-002-3.268e+000-1.032e+001 1.396e+002 2.190e+000 1.117e+001 6.430e-001-6.950e+000 9.702e-001-6.303e+000-9.112e+000 1.234e+002-1.010e+001 1.729e+002
 7.000e+003 2.930e+000 4.200e+001 6.644e-001-9.993e-001-1.205e-001-4.787e-001-8.077e+000 1.065e+002 2.260e+000-3.739e+000 3.945e-001-4.740e+000 5.364e-001-3.316e+000-6.907e+000 9.190e+001-6.208e+000 1.101e+002
 7.130e+003 2.930e+000 6.600e+001 1.188e+000-2.007e+000-3.330e-001 1.201e-001-1.429e+001 1.879e+002 5.652e+000-2.533e+001 6.392e-001-7.195e+000 9.243e-001-6.976e+000-1.264e+001 1.669e+002-1.025e+001 2.010e+002
 7.250e+003 2.930e+000 6.900e+001 6.228e-001-1.414e+000-1.764e-001-1.254e+000-6.956e+000 9.486e+001 3.276e+000-5.665e+000 4.688e-001-4.379e+000 9.090e-001-6.226e+000-7.012e+000 9.056e+001-8.071e+000 1.412e+002
 7.380e+003 2.930e+000 4.200e+001 4.311e-001-6.831e-001-7.615e-002-4.372e-001-5.165e+000 6.866e+001 1.416e+000-4.316e+000 2.472e-001-2.426e+000 4.302e-001-3.086e+000-4.401e+000 5.529e+001-4.184e+000 8.081e+001
 7.500e+003 2.930e+000 7.200e+001 1.735e+000-2.447e+000-3.160e-001-1.836e+000-2.058e+001 2.633e+002 5.398e+000-8.315e+000 1.040e+000-1.128e+001 1.355e+000-9.209e+000-1.714e+001 2.146e+002-1.495e+001 2.675e+002
 7.630e+003 2.930e+000 6.900e+001 9.202e-001-1.685e+000-2.387e-001-3.299e+000-1.029e+001 1.317e+002 4.206e+000 1.224e+001 9.287e-001-9.163e+000 1.898e+000-1.298e+001-1.262e+001 1.522e+002-1.803e+001 2.954e+002
 7.750e+003 2.930e+000 4.800e+001 8.994e-001-1.552e+000-1.800e-001-3.549e+000-1.029e+001 1.339e+002 4.615e+000 7.188e+000 9.225e-001-9.414e+000 1.805e+000-1.278e+001-1.168e+001 1.509e+002-1.733e+001 2.828e+002
 7.880e+003 2.930e+000 6.600e+001 3.465e+000-1.034e+001-1.190e+000-1.796e+001-4.171e+001 5.664e+002 2.553e+001 4.445e+001 3.680e+000-3.714e+001 5.976e+000-4.870e+001-5.493e+001 7.139e+002-6.135e+001 1.136e+003
 8.000e+003 2.930e+000 6.000e+001 4.742e+000 5.780e+000-8.269e-001 2.036e+000-3.826e+001 3.638e+002 1.353e+000 6.531e+001 6.158e+000-4.803e+001 1.000e+001-2.136e+001-6.680e+001 6.008e+002-9.613e+001 1.216e+003
 8.130e+003 2.930e+000 4.500e+001 2.842e+000-8.617e+000 7.050e-003-1.686e+001-3.101e+001 3.789e+002 7.298e+000 7.615e+001 2.457e+000-2.462e+001 3.528e+000-2.541e+001-3.074e+001 3.830e+002-3.541e+001 5.986e+002
 8.250e+003 2.930e+000 7.200e+001 1.697e+000-4.036e+000-3.481e-001-1.101e+001-1.744e+001 2.027e+002 8.627e+000 4.479e+001 1.991e+000-1.804e+001 3.845e+000-3.039e+001-2.346e+001 2.684e+002-3.560e+001 6.087e+002
 8.380e+003 2.930e+000 7.200e+001 3.135e+000-7.025e+000-5.040e-002-1.229e+001-3.376e+001 3.976e+002 5.983e+000 4.996e+001 2.212e+000-2.243e+001 2.874e+000-1.986e+001-2.879e+001 3.449e+002-3.018e+001 5.020e+002
 8.500e+003 2.930e+000 4.800e+001 1.829e+000-4.305e+000 8.684e-003-6.976e+000-2.062e+001 2.513e+002 2.616e+000 3.487e+001 9.811e-001-9.970e+000 1.231e+000-9.576e+000-1.374e+001 1.719e+002-1.207e+001 2.224e+002
 8.630e+003 2.930e+000 7.200e+001 2.097e+000-3.075e+000-4.450e-001-2.945e+000-2.422e+001 3.023e+002 7.679e+000-1.072e+001 1.151e+000-1.137e+001 1.662e+000-1.299e+001-1.978e+001 2.398e+002-1.666e+001 3.142e+002
 8.750e+003 2.930e+000 7.200e+001 1.910e+000-3.767e+000-1.923e-001-5.283e+000-1.882e+001 2.023e+002 4.301e+000 1.601e+001 1.194e+000-1.097e+001 1.289e+000-9.234e+000-1.669e+001 1.783e+002-1.335e+001 2.369e+002
 8.880e+003 2.930e+000 4.800e+001 1.658e+000-2.930e+000-8.080e-002-3.662e+000-1.857e+001 2.211e+002 2.408e+000 1.593e+001 8.432e-001-8.995e+000 7.485e-001-4.763e+000-1.290e+001 1.540e+002-8.728e+000 1.552e+002
 9.000e+003 2.930e+000 6.900e+001 3.677e+000-6.326e+000-1.059e-001-3.429e+000-4.126e+001 4.934e+002 4.509e+000-2.030e+001 1.219e+000-1.250e+001 1.071e+000-7.526e+000-2.545e+001 3.087e+002-1.285e+001 2.842e+002
 9.130e+003 2.930e+000 7.200e+001 1.886e+000-3.509e+000-1.213e-001-5.100e+000-2.045e+001 2.405e+002 3.622e+000 2.010e+001 1.022e+000-1.057e+001 1.064e+000-8.137e+000-1.671e+001 2.016e+002-1.328e+001 2.681e+002
 9.250e+003 2.930e+000 4.800e+001 3.534e+000-5.011e+000-1.032e-002-4.610e+000-3.977e+001 4.643e+002 1.688e+000 2.144e+001 1.270e+000-1.392e+001 8.134e-001-4.345e+000-2.268e+001 2.631e+002-1.107e+001 2.112e+002
 9.380e+003 2.930e+000 6.900e+001 1.479e+000-2.973e+000-4.398e-002-4.124e+000-1.495e+001 1.699e+002 2.096e+000 2.203e+001 7.636e-001-7.547e+000 7.116e-001-5.057e+000-1.038e+001 1.213e+002-8.576e+000 1.693e+002
 9.500e+003 2.930e+000 7.200e+001 3.904e+000-7.219e+000-1.649e-002-8.608e+000-4.299e+001 5.027e+002 3.863e+000 3.464e+001 1.904e+000-2.077e+001 1.239e+000-6.830e+000-3.100e+001 3.692e+002-1.809e+001 3.430e+002
 9.630e+003 2.930e+000 4.500e+001 1.133e+000-1.195e+000-3.853e-002-2.469e+000-1.158e+001 1.346e+002 1.366e+000 9.264e+000 6.004e-001-5.683e+000 5.207e-001-3.758e+000-8.930e+000 1.056e+002-6.097e+000 1.348e+002
 9.750e+003 2.930e+000 6.600e+001 1.556e+000-3.373e+000-1.647e-001-4.795e+000-1.615e+001 1.886e+002 3.581e+000 1.732e+001 8.751e-001-8.612e+000 8.082e-001-6.641e+000-1.418e+001 1.667e+002-1.007e+001 2.144e+002
 9.880e+003 2.930e+000 6.900e+001 3.975e+000-7.635e+000-1.984e-001-1.175e+001-4.371e+001 5.166e+002 6.968e+000 6.454e+001 2.222e+000-2.434e+001 1.489e+000-1.003e+001-3.395e+001 4.170e+002-2.018e+001 3.745e+002
 1.000e+004 2.930e+000 3.300e+002 1.188e+001-1.764e+001-1.370e-001-1.500e+001-1.265e+002 1.459e+003 9.001e+000 2.663e+001 5.149e+000-5.444e+001 3.279e+000-1.271e+001-8.653e+001 1.009e+003-4.328e+001 8.130e+002
 1.130e+004 2.930e+000 6.150e+002 1.806e+001-1.782e+001-7.670e-001-3.362e+001-1.766e+002 1.819e+003 1.846e+001 1.737e+002 9.514e+000-9.085e+001 7.760e+000-4.190e+001-1.389e+002 1.442e+003-8.856e+001 1.472e+003
 1.250e+004 2.930e+000 6.180e+002 7.470e+000-8.197e+000-1.395e-001-2.000e+001-6.501e+001 6.261e+002 9.550e+000 6.854e+001 4.597e+000-3.761e+001 7.511e+000-5.080e+001-5.736e+001 5.646e+002-7.079e+001 1.183e+003
 1.380e+004 2.930e+000 6.000e+002 1.001e+001-1.135e+001 1.605e+000-6.003e+001-8.368e+001 7.548e+002-1.781e+000 3.924e+002 7.616e+000-6.495e+001 1.279e+001-9.032e+001-7.206e+001 7.169e+002-1.184e+002 1.884e+003
 1.500e+004 2.930e+000 5.880e+002 9.010e+000-1.201e+001-8.453e-001-2.356e+001-7.397e+001 6.621e+002 1.575e+001 8.597e+001 5.830e+000-4.669e+001 7.667e+000-4.986e+001-7.568e+001 6.853e+002-7.765e+001 1.244e+003
 1.630e+004 2.930e+000 5.340e+002 4.383e+000-5.414e+000 2.102e-001-1.293e+001-3.263e+001 2.794e+002 1.362e+000 5.986e+001 2.685e+000-2.001e+001 4.254e+000-2.331e+001-3.026e+001 2.597e+002-3.798e+001 5.798e+002
 1.750e+004 2.930e+000 4.350e+002 4.069e+000-5.674e+000 2.913e-001-4.900e+001-2.579e+001 1.923e+002 4.911e+000 2.894e+002 6.650e+000-4.836e+001 1.633e+001-1.127e+002-6.677e+001 5.446e+002-1.645e+002 2.515e+003
 1.880e+004 2.930e+000 3.630e+002 1.913e+000-5.297e+000 5.986e-001-1.274e+001-9.872e+000 7.864e+001-2.164e+000 8.087e+001 9.395e-001-7.968e+000 3.001e+000-1.879e+001-5.891e+000 7.723e+001-2.587e+001 4.080e+002
 2.000e+004 2.930e+000 5.760e+002 8.442e+001-3.574e+002 4.644e+000-1.939e+001-6.373e+002 6.388e+003-4.733e+002-2.256e+002-9.770e+001 7.274e+002 1.326e+002-2.320e+001-1.117e+002 8.517e+002 3.452e+001 8.420e+002
 2.130e+004 2.930e+000 2.940e+002 1.575e+000-6.186e+000 8.095e-002-7.259e-001-1.024e+001 1.044e+002-6.973e+000-1.144e+000-1.230e+000 1.048e+001 2.444e+000 1.472e-001-1.473e+000 1.414e+001 1.212e+000 8.407e+000
 2.250e+004 2.930e+000 1.470e+002 1.386e-001-2.124e-001 5.719e-003-1.145e-001-4.187e-001 3.026e+000-9.543e-003-5.569e-002 1.198e-002 7.389e-002 1.657e-001-2.641e-001-2.706e-001 1.597e+000-2.185e-001 3.075e+000
 2.380e+004 2.930e+000 4.200e+002 3.007e+000-4.450e+000 3.864e-001-3.456e+001-1.464e+001 8.581e+001 5.655e+000 1.167e+002 5.237e+000-2.778e+001 1.061e+001-6.162e+001-4.456e+001 2.872e+002-9.260e+001 1.206e+003
 2.500e+004 2.930e+000 2.130e+002 3.059e-001-7.103e-001-3.998e-002-2.434e-002-1.089e+000 7.901e+000 6.347e-002-2.098e+000-1.268e-002 3.624e-001 3.602e-001-1.334e+000-7.896e-001 3.238e+000-1.358e+000 1.803e+001
 2.630e+004 2.930e+000 9.600e+001 4.845e-002-3.684e-002-3.362e-003-2.345e-002-8.603e-002 5.692e-001 1.130e-003 3.831e-002 8.116e-003-1.523e-002 5.220e-002-9.975e-002-6.725e-002 4.217e-001-9.674e-002 1.332e+000
 2.750e+004 2.930e+000 2.490e+002 2.225e+000-6.718e+000 5.401e-001-8.710e+000-1.123e+001 8.103e+001-1.036e+000 3.186e+001 6.094e-001-4.750e+000 5.307e-001-1.696e+000-4.878e+000 5.272e+001-4.449e+000 5.741e+001
 2.880e+004 2.930e+000 2.910e+002 1.972e-001-1.452e-001 6.419e-002-9.977e-001-5.448e-001 3.701e+000-2.195e-001 4.625e+000 1.560e-001-7.556e-001 5.152e-001-1.599e+000-1.057e+000 6.205e+000-3.329e+000 3.426e+001
 3.000e+004 2.930e+000 4.680e+002 5.653e-001-3.559e-001 2.063e-001-7.654e+000-2.587e+000 1.685e+001-4.236e-001 4.084e+001 1.157e+000-7.063e+000 3.614e+000-1.794e+001-9.506e+000 6.364e+001-3.165e+001 3.866e+002
 3.130e+004 2.930e+000 3.480e+002 3.004e-001-1.779e-001 7.768e-002-2.189e+000-9.972e-001 6.026e+000-5.833e-002 9.096e+000 3.948e-001-1.867e+000 1.113e+000-4.332e+000-2.488e+000 1.450e+001-6.861e+000 7.158e+001
 3.250e+004 2.930e+000 1.980e+002 1.982e-001-1.768e-001 5.508e-002-9.822e-001-8.909e-001 5.932e+000-1.171e-001 4.323e+000 1.778e-001-1.062e+000 3.027e-001-8.271e-001-1.389e+000 9.569e+000-2.162e+000 2.258e+001
 3.380e+004 2.930e+000 1.020e+002 3.127e-002-1.174e-002 2.077e-003-1.780e-002-2.791e-002 2.374e-001-8.276e-003 9.751e-002 1.226e-002-4.013e-002 5.117e-002-4.173e-002-5.419e-002 2.745e-001-1.379e-001 9.771e-001
 3.500e+004 2.930e+000 1.680e+002 5.650e-002 1.121e-004 3.569e-003-1.718e-001-6.035e-002 3.728e-001-1.062e-003 6.023e-001 4.324e-002-1.196e-001 1.661e-001-4.219e-001-3.012e-001 1.036e+000-8.980e-001 8.542e+000
 3.630e+004 2.930e+000 1.080e+002 3.163e-002-2.282e-002 3.704e-003-3.834e-002-4.305e-002 3.064e-001-1.622e-002 9.296e-002 8.249e-003-1.188e-002 5.215e-002-8.955e-002-3.381e-002 1.143e-001-1.296e-001 1.127e+000
 3.750e+004 2.930e+000 9.300e+001 2.347e-002-1.626e-002 6.502e-003-2.990e-002-2.284e-002 1.382e-001-1.271e-003 2.980e-002 6.224e-003-1.681e-002 3.435e-002-2.273e-002-2.585e-002 1.350e-001-7.235e-002 4.848e-001
 3.880e+004 2.930e+000 7.200e+001 1.411e-002 3.012e-003 2.122e-004-6.449e-004-7.977e-003 7.430e-002-1.560e-003 5.040e-002 3.676e-003-1.117e-002 2.678e-002-3.135e-002-1.211e-002 8.218e-002-4.586e-002 3.904e-001
 4.000e+004 2.930e+000 1.290e+002 4.827e-002-2.761e-002-1.485e-002 1.319e-002-1.074e-001 5.583e-001 6.744e-002-1.425e-001 2.112e-002-7.070e-002 5.665e-002-1.196e-001-1.835e-001 8.047e-001-2.182e-001 2.006e+000
 4.130e+004 2.930e+000 1.050e+002 1.997e-002-5.162e-003 4.804e-003-4.447e-002-1.537e-002 7.459e-002 2.099e-003 7.912e-002 8.184e-003-1.834e-002 4.406e-002-8.428e-002-3.378e-002 1.191e-001-9.568e-002 7.991e-001
 4.250e+004 2.930e+000 9.300e+001 1.436e-002-4.036e-003 6.883e-004-1.101e-002-1.042e-002 6.464e-002 3.845e-003 3.760e-002 4.523e-003-1.689e-002 2.843e-002-3.551e-002-2.013e-002 8.397e-002-6.982e-002 5.108e-001
 4.380e+004 2.930e+000 9.600e+001 1.455e-002-5.995e-003 3.327e-003-1.907e-002-4.527e-003 7.182e-002-1.436e-003 4.100e-002 4.295e-003-8.427e-003 2.617e-002-3.195e-002-1.009e-002 5.853e-002-5.149e-002 3.823e-001
 4.500e+004 2.930e+000 9.000e+001 1.149e-002 5.056e-003-4.995e-004 4.347e-003-3.687e-003 4.193e-002 7.969e-006 2.772e-002-1.046e-004-9.515e-003 1.903e-002-2.055e-002-7.071e-003 5.069e-002-5.425e-002 4.013e-001
 4.630e+004 2.930e+000 1.530e+002 2.328e-002-3.189e-003 2.171e-003-1.035e-002-1.613e-002 1.095e-001 1.242e-003 7.004e-002 8.077e-003-1.838e-002 4.500e-002-6.383e-002-2.313e-002 1.310e-001-1.083e-001 8.665e-001
 4.750e+004 2.930e+000 3.000e+002 5.478e-001-6.694e-001-1.321e-001 1.741e-002-2.464e+000 1.293e+001 1.049e+000-4.104e+000 3.157e-001-1.311e+000 2.824e-001-8.873e-001-3.113e+000 1.499e+001-1.998e+000 2.031e+001
 4.880e+004 2.930e+000 2.190e+002 1.968e-001-2.230e-001-4.140e-002-6.191e-002-7.901e-001 4.039e+000 3.372e-001-1.156e+000 1.077e-001-4.298e-001 1.273e-001-3.819e-001-1.058e+000 4.957e+000-7.409e-001 7.641e+000
 5.000e+004 2.930e+000 1.080e+002 1.355e-002-3.475e-003-6.842e-004-7.772e-003-9.252e-003 6.590e-002 1.920e-003 4.015e-002 4.457e-003-1.194e-002 2.572e-002-4.403e-002-2.678e-002 7.457e-002-6.258e-002 5.105e-001
 5.130e+004 2.930e+000 1.080e+002 1.106e-002-3.945e-003-1.157e-004-2.216e-002-8.447e-003 4.644e-002-3.110e-004 4.140e-002 4.708e-003-9.083e-003 2.173e-002-4.727e-002-2.557e-002 7.487e-002-6.782e-002 5.844e-001
 5.250e+004 2.930e+000 1.560e+002 2.011e-002-1.025e-003 2.359e-003-4.488e-002-1.479e-002 8.629e-002-3.048e-003 1.443e-001 1.146e-002-2.389e-002 3.794e-002-1.144e-001-5.782e-002 1.817e-001-1.666e-001 1.768e+000
 5.380e+004 2.930e+000 3.030e+002 6.903e-001-1.671e+000 8.576e-002-1.601e+000-3.125e+000 1.909e+001-2.567e-002 4.214e+000 1.668e-001-9.554e-001 1.313e-001-4.310e-001-1.400e+000 1.033e+001-8.713e-001 1.005e+001
 5.500e+004 2.930e+000 3.060e+002 4.964e-002-2.234e-002-9.587e-003-3.017e-002-8.255e-002 4.096e-001 1.878e-002 1.515e-001 2.701e-002-7.773e-002 1.433e-001-5.017e-001-2.851e-001 8.754e-001-8.759e-001 9.201e+000
 5.630e+004 2.930e+000 4.020e+002 1.448e-001-2.016e-001-1.980e-001 1.519e+000-3.621e-001 1.656e+000 6.491e-001-6.939e+000 4.761e-002 2.433e-001 5.144e-001-2.502e+000-1.458e+000 1.403e+000-4.105e+000 4.893e+001
 5.750e+004 2.930e+000 2.610e+002 2.675e-002-1.913e-003 4.053e-003-9.316e-002-2.686e-002 1.627e-001-2.060e-002 4.160e-001 1.603e-002-6.270e-002 7.550e-002-2.283e-001-9.356e-002 4.273e-001-4.157e-001 4.093e+000
 5.880e+004 2.930e+000 1.920e+002 1.630e-002-1.860e-003 3.494e-003-6.141e-002-1.607e-002 9.410e-002-1.123e-002 2.398e-001 1.035e-002-3.298e-002 4.872e-002-1.433e-001-5.565e-002 2.394e-001-2.537e-001 2.644e+000
 6.000e+004 2.930e+000 2.010e+002 3.322e-002-3.485e-002 5.421e-003-1.339e-001-7.904e-002 4.159e-001 3.464e-003 3.521e-001 2.314e-002-8.993e-002 5.669e-002-1.777e-001-1.093e-001 6.021e-001-2.704e-001 2.697e+000
 6.130e+004 2.930e+000 1.350e+002 1.021e-002-5.612e-003 2.651e-004-3.478e-002-6.801e-003 5.008e-002 5.123e-003 3.955e-002 5.741e-003-9.959e-003 2.582e-002-9.621e-002-3.546e-002 1.159e-001-9.526e-002 1.109e+000
 6.250e+004 2.930e+000 2.070e+002 1.717e-002-6.806e-003-2.272e-003-4.387e-002-6.422e-003 7.833e-002 1.137e-002-1.717e-002 1.173e-002 4.181e-003 5.263e-002-1.924e-001-6.397e-002 8.161e-002-1.678e-001 1.769e+000
 6.380e+004 2.930e+000 3.630e+002 1.610e-001-1.197e-001 2.014e-002-7.953e-001-5.162e-001 2.214e+000 1.350e-002 2.163e+000 1.480e-001-5.054e-001 2.361e-001-9.393e-001-8.748e-001 3.523e+000-1.294e+000 1.235e+001
 6.500e+004 2.930e+000 3.420e+002 2.554e-002-1.919e-004-1.344e-004-7.731e-002-7.438e-003 6.443e-002-1.096e-002 6.380e-002 2.187e-002-4.275e-003 1.019e-001-3.293e-001-1.093e-001 1.495e-002-4.461e-001 3.753e+000
 6.630e+004 2.930e+000 3.120e+002 2.283e-002-1.287e-003 2.027e-003-6.276e-002-4.746e-003 4.948e-002-9.634e-003 6.188e-002 1.589e-002-3.067e-003 7.730e-002-2.465e-001-7.695e-002-5.522e-003-3.381e-001 2.835e+000
 6.750e+004 2.930e+000 3.300e+002 2.163e-002-9.969e-004 1.908e-003-9.461e-002-7.629e-003 5.993e-002-1.547e-002 1.593e-001 2.066e-002-1.543e-002 9.347e-002-3.283e-001-1.037e-001 4.346e-002-4.580e-001 4.094e+000
 6.880e+004 2.930e+000 1.380e+002 7.137e-003-5.408e-003-4.848e-003 1.029e-002-5.798e-004 8.783e-002-3.703e-002-2.477e-002 1.962e-003 5.339e-002 8.229e-002-2.291e-001-2.318e-002-2.746e-001-2.634e-001 1.709e+000
 7.000e+004 2.930e+000 8.700e+001 5.453e-003-2.495e-003 4.285e-004-5.068e-003-4.504e-003 1.809e-002-3.451e-004 2.932e-003 1.144e-003-1.013e-003 4.982e-003-2.304e-003-4.850e-003 1.054e-002-7.342e-003 5.472e-002
 7.130e+004 2.930e+000 7.500e+001 3.765e-003-1.454e-003 7.025e-004-1.518e-003-4.008e-003 1.632e-002 8.035e-004 2.881e-003 4.134e-004-2.227e-003 4.963e-003-3.629e-003-4.110e-003 1.488e-002-4.185e-003 3.193e-002
 7.250e+004 2.930e+000 9.000e+001 7.332e-003-3.754e-003 7.041e-005-6.051e-003-1.213e-002 4.399e-002 1.838e-003 6.669e-003 3.133e-003-7.059e-003 7.023e-003-5.250e-003-1.260e-002 4.069e-002-9.790e-003 6.158e-002
 7.380e+004 2.930e+000 6.000e+001 1.555e-003-1.046e-003 9.106e-005-7.425e-004-1.244e-003 1.045e-002-2.980e-004 2.764e-007 1.339e-004-6.951e-004 2.410e-003-3.722e-004-1.088e-003 6.040e-003-9.004e-004 1.116e-002
 7.500e+004 2.930e+000 7.200e+001 2.773e-003-7.835e-004-3.412e-004-8.474e-004-8.107e-004 7.790e-003 8.803e-004 1.381e-003 5.950e-005-6.289e-004 2.417e-003-1.573e-003-1.181e-003 5.264e-003-5.954e-004 1.166e-002
 7.630e+004 2.930e+000 8.700e+001 3.619e-003-1.373e-003-1.053e-004-9.716e-004-9.681e-004 1.033e-002 3.032e-004 8.945e-004 4.278e-004-7.894e-005 2.976e-003-2.724e-005-2.338e-004 5.170e-003-6.189e-004 8.319e-003
 7.750e+004 2.930e+000 5.700e+001 1.652e-003-5.808e-004-1.731e-004-1.185e-003-1.053e-003 4.651e-003 3.858e-004 2.228e-004 2.744e-004 1.587e-004 2.083e-003-1.117e-003-3.542e-004 2.211e-003-7.975e-005 5.746e-003
 7.880e+004 2.930e+000 7.800e+001 1.886e-003-1.037e-003 1.277e-004-9.267e-004-7.405e-004 6.970e-003 3.659e-004-2.197e-004 2.937e-004-1.673e-004 2.954e-003-1.501e-003-2.671e-004 3.262e-003-9.253e-004 8.047e-003
 8.000e+004 2.930e+000 9.300e+001 4.222e-003-2.990e-003 8.330e-005-3.423e-003-4.466e-003 1.607e-002 1.268e-003 1.715e-003 5.266e-004-1.040e-003 3.194e-003-2.402e-003-3.092e-003 1.158e-002-2.239e-003 2.143e-002
 8.130e+004 2.930e+000 8.400e+001 2.693e-003-1.424e-003 1.262e-004-6.626e-004-1.395e-003 8.455e-003 4.055e-004 4.241e-004 3.162e-004-6.557e-004 2.016e-003-7.235e-004-4.264e-004 4.646e-003-7.066e-004 8.227e-003
 8.250e+004 2.930e+000 9.600e+001 2.216e-003-1.354e-003-1.171e-004-1.294e-003-1.717e-003 1.061e-002 6.101e-004 6.238e-004 2.774e-004-3.533e-004 2.808e-003-7.207e-004-9.509e-004 5.608e-003-2.021e-003 1.100e-002
 8.380e+004 2.930e+000 5.700e+001 1.441e-003-7.598e-004-2.683e-004-1.745e-004-1.271e-003 5.942e-003 6.794e-004-1.027e-003 1.258e-004 1.606e-004 1.568e-003-1.019e-003-1.248e-003 4.305e-003-5.246e-004 8.400e-003
 8.500e+004 2.930e+000 9.300e+001 2.272e-003-8.331e-004-2.888e-005-9.386e-004-1.070e-003 9.677e-003 8.266e-004-4.044e-004 9.183e-005-5.811e-004 2.432e-003-1.972e-003-6.607e-004 5.847e-003-2.308e-003 1.452e-002
 8.630e+004 2.930e+000 8.700e+001 2.088e-003-1.224e-003-8.599e-005-6.820e-004-1.501e-003 6.959e-003 7.485e-004-9.973e-004 3.808e-004-3.835e-004 2.358e-003-1.444e-003-1.165e-003 3.581e-003-1.812e-003 1.431e-002
 8.750e+004 2.930e+000 1.110e+002 2.183e-003-6.421e-004-8.264e-005 1.060e-004-2.204e-003 1.214e-002 9.906e-004 1.872e-004 2.867e-004-9.009e-004 2.782e-003-3.519e-003-1.600e-003 7.443e-003-2.786e-003 2.273e-002
 8.880e+004 2.930e+000 1.110e+002 2.437e-003-5.865e-004-1.651e-004 2.397e-004-9.090e-004 5.980e-003-2.821e-005 5.793e-004 2.530e-004-8.136e-004 3.683e-003-3.268e-003-1.169e-003 2.900e-003-4.635e-003 2.819e-002
 9.000e+004 2.930e+000 1.260e+002 2.213e-003-1.651e-003-3.362e-004-1.059e-003-1.463e-003 8.570e-003 6.266e-004-1.334e-003 8.077e-004-7.163e-004 4.305e-003-6.596e-003-2.576e-003 6.273e-003-7.277e-003 4.948e-002
 9.130e+004 2.930e+000 1.470e+002 2.635e-003-1.345e-003 3.373e-005-9.564e-004-1.798e-003 1.034e-002-5.935e-005 3.819e-004 4.676e-004-4.957e-004 5.061e-003-8.388e-003-2.137e-003 2.071e-003-9.295e-003 6.127e-002
 9.250e+004 2.930e+000 1.590e+002 3.465e-003-2.057e-003-2.092e-004-1.670e-003-3.387e-003 1.575e-002 6.684e-004-2.589e-003 7.817e-004-3.437e-004 6.038e-003-1.084e-002-3.274e-003 4.269e-003-1.062e-002 6.396e-002
 9.380e+004 2.930e+000 1.140e+002 2.156e-003-1.139e-003-6.166e-005-1.228e-003-1.160e-003 8.793e-003 2.783e-005-1.727e-004 2.411e-004-1.119e-004 3.874e-003-5.571e-003-9.900e-004 4.401e-003-6.554e-003 4.135e-002
 9.500e+004 2.930e+000 9.000e+001 1.860e-003-1.074e-003-2.618e-004-6.976e-004-1.021e-003 7.032e-003 3.870e-004-5.430e-004 4.925e-004-9.330e-005 3.267e-003-6.176e-003-2.405e-003 1.803e-003-5.939e-003 3.666e-002
 9.630e+004 2.930e+000 0.000e+000 0.000e+000 0.000e+000 0.000e+000 0.000e+000 0.000e+000 0.000e+000 0.000e+000 0.000e+000 0.000e+000 0.000e+000 0.000e+000 0.000e+000 0.000e+000 0.000e+000 0.000e+000 0.000e+000
 9.750e+004 2.930e+000 0.000e+000 0.000e+000 0.000e+000 0.000e+000 0.000e+000 0.000e+000 0.000e+000 0.000e+000 0.000e+000 0.000e+000 0.000e+000 0.000e+000 0.000e+000 0.000e+000 0.000e+000 0.000e+000 0.000e+000
 9.880e+004 2.930e+000 0.000e+000 0.000e+000 0.000e+000 0.000e+000 0.000e+000 0.000e+000 0.000e+000 0.000e+000 0.000e+000 0.000e+000 0.000e+000 0.000e+000 0.000e+000 0.000e+000 0.000e+000 0.000e+000 0.000e+000
 1.000e+005 2.930e+000 0.000e+000 0.000e+000 0.000e+000 0.000e+000 0.000e+000 0.000e+000 0.000e+000 0.000e+000 0.000e+000 0.000e+000 0.000e+000 0.000e+000 0.000e+000 0.000e+000 0.000e+000 0.000e+000 0.000e+000
