 6.250e+000 2.930e+000 0.000e+000 0.000e+000 0.000e+000 0.000e+000 0.000e+000 0.000e+000 0.000e+000 0.000e+000 0.000e+000 0.000e+000 0.000e+000 0.000e+000 0.000e+000 0.000e+000 0.000e+000 0.000e+000 0.000e+000
 7.500e+000 2.930e+000 0.000e+000 0.000e+000 0.000e+000 0.000e+000 0.000e+000 0.000e+000 0.000e+000 0.000e+000 0.000e+000 0.000e+000 0.000e+000 0.000e+000 0.000e+000 0.000e+000 0.000e+000 0.000e+000 0.000e+000
 8.750e+000 2.930e+000 0.000e+000 0.000e+000 0.000e+000 0.000e+000 0.000e+000 0.000e+000 0.000e+000 0.000e+000 0.000e+000 0.000e+000 0.000e+000 0.000e+000 0.000e+000 0.000e+000 0.000e+000 0.000e+000 0.000e+000
 1.000e+001 2.930e+000 0.000e+000 0.000e+000 0.000e+000 0.000e+000 0.000e+000 0.000e+000 0.000e+000 0.000e+000 0.000e+000 0.000e+000 0.000e+000 0.000e+000 0.000e+000 0.000e+000 0.000e+000 0.000e+000 0.000e+000
 1.130e+001 2.930e+000 2.400e+001 3.395e+001-8.061e+002-9.429e-001 1.059e+001-1.001e+003 2.318e+005 8.268e+002 0.000e+000 1.739e+001-6.079e+002 8.267e+001 3.266e+001 1.168e+002-1.171e+004 2.537e+002 4.682e+003
 1.250e+001 2.930e+000 0.000e+000 0.000e+000 0.000e+000 0.000e+000 0.000e+000 0.000e+000 0.000e+000 0.000e+000 0.000e+000 0.000e+000 0.000e+000 0.000e+000 0.000e+000 0.000e+000 0.000e+000 0.000e+000 0.000e+000
 1.380e+001 2.930e+000 0.000e+000 0.000e+000 0.000e+000 0.000e+000 0.000e+000 0.000e+000 0.000e+000 0.000e+000 0.000e+000 0.000e+000 0.000e+000 0.000e+000 0.000e+000 0.000e+000 0.000e+000 0.000e+000 0.000e+000
 1.500e+001 2.930e+000 2.400e+001 6.443e+001-1.049e+003-2.373e+001 2.931e+001-2.988e+003 3.465e+005 2.035e+003-5.619e+003 1.905e+001-1.200e+003 5.348e+001 2.554e+002 1.299e+002-2.060e+004 1.854e+002 5.619e+003
 1.630e+001 2.930e+000 0.000e+000 0.000e+000 0.000e+000 0.000e+000 0.000e+000 0.000e+000 0.000e+000 0.000e+000 0.000e+000 0.000e+000 0.000e+000 0.000e+000 0.000e+000 0.000e+000 0.000e+000 0.000e+000 0.000e+000
 1.750e+001 2.930e+000 2.400e+001 6.401e+001-7.569e+002-9.085e+000 1.031e+001-3.033e+003 3.012e+005 4.218e+002 0.000e+000 4.720e+000-8.108e+002 5.597e+001 1.366e+002 4.315e+001-1.093e+004 3.134e+002 4.682e+003
 1.880e+001 2.930e+000 0.000e+000 0.000e+000 0.000e+000 0.000e+000 0.000e+000 0.000e+000 0.000e+000 0.000e+000 0.000e+000 0.000e+000 0.000e+000 0.000e+000 0.000e+000 0.000e+000 0.000e+000 0.000e+000 0.000e+000
 2.000e+001 2.930e+000 2.400e+001 9.868e+001-1.634e+003-1.028e+001 0.000e+000-3.737e+003 2.809e+005-5.531e+001 0.000e+000 9.377e+000-9.311e+001 3.092e+001 0.000e+000 0.000e+000 0.000e+000 0.000e+000 0.000e+000
 2.130e+001 2.930e+000 0.000e+000 0.000e+000 0.000e+000 0.000e+000 0.000e+000 0.000e+000 0.000e+000 0.000e+000 0.000e+000 0.000e+000 0.000e+000 0.000e+000 0.000e+000 0.000e+000 0.000e+000 0.000e+000 0.000e+000
 2.250e+001 2.930e+000 0.000e+000 0.000e+000 0.000e+000 0.000e+000 0.000e+000 0.000e+000 0.000e+000 0.000e+000 0.000e+000 0.000e+000 0.000e+000 0.000e+000 0.000e+000 0.000e+000 0.000e+000 0.000e+000 0.000e+000
 2.380e+001 2.930e+000 2.400e+001 8.143e+001-9.148e+002 4.005e+000 5.157e+001-2.220e+003 2.084e+005 2.410e+002-1.171e+003 1.800e+001-1.932e+002 2.811e+001 6.215e+001 1.636e+001-4.682e+003 8.507e+001 1.171e+003
 2.500e+001 2.930e+000 0.000e+000 0.000e+000 0.000e+000 0.000e+000 0.000e+000 0.000e+000 0.000e+000 0.000e+000 0.000e+000 0.000e+000 0.000e+000 0.000e+000 0.000e+000 0.000e+000 0.000e+000 0.000e+000 0.000e+000
 2.630e+001 2.930e+000 2.400e+001 1.046e+002-4.935e+002-1.210e+001 5.928e+001-3.261e+003 2.341e+005 5.019e+002-1.040e+003 1.678e+001-8.588e+002 3.817e+001 1.060e+002 1.550e+002-8.324e+003 1.592e+002 3.121e+003
 2.750e+001 2.930e+000 0.000e+000 0.000e+000 0.000e+000 0.000e+000 0.000e+000 0.000e+000 0.000e+000 0.000e+000 0.000e+000 0.000e+000 0.000e+000 0.000e+000 0.000e+000 0.000e+000 0.000e+000 0.000e+000 0.000e+000
 2.880e+001 2.930e+000 2.400e+001 1.217e+002-4.110e+002 5.706e+000 8.790e+001-3.210e+003 2.032e+005-3.968e+002 1.203e-004 2.516e+001-1.023e+003 2.291e+001 1.067e+002 1.401e+002-1.873e+003 6.121e+001 1.873e+003
 3.000e+001 2.930e+000 0.000e+000 0.000e+000 0.000e+000 0.000e+000 0.000e+000 0.000e+000 0.000e+000 0.000e+000 0.000e+000 0.000e+000 0.000e+000 0.000e+000 0.000e+000 0.000e+000 0.000e+000 0.000e+000 0.000e+000
 3.130e+001 2.930e+000 0.000e+000 0.000e+000 0.000e+000 0.000e+000 0.000e+000 0.000e+000 0.000e+000 0.000e+000 0.000e+000 0.000e+000 0.000e+000 0.000e+000 0.000e+000 0.000e+000 0.000e+000 0.000e+000 0.000e+000
 3.250e+001 2.930e+000 2.400e+001 1.287e+002-7.093e+002 1.414e+001 2.017e+002-2.951e+003 1.345e+005 1.310e+002-5.959e+003 2.390e+001-8.182e+002 4.048e+001 3.113e+002 1.072e+002-8.513e+003 1.226e+002 5.959e+003
 3.380e+001 2.930e+000 0.000e+000 0.000e+000 0.000e+000 0.000e+000 0.000e+000 0.000e+000 0.000e+000 0.000e+000 0.000e+000 0.000e+000 0.000e+000 0.000e+000 0.000e+000 0.000e+000 0.000e+000 0.000e+000 0.000e+000
 3.500e+001 2.930e+000 2.400e+001 2.725e+002-8.625e+002 1.516e+001 1.956e+002-5.258e+003 2.638e+005 1.766e+002-3.902e+003 5.281e+001-9.169e+002 2.972e+001 9.097e+001 1.126e+002-9.364e+003 3.842e+001 2.341e+003
 3.630e+001 2.930e+000 0.000e+000 0.000e+000 0.000e+000 0.000e+000 0.000e+000 0.000e+000 0.000e+000 0.000e+000 0.000e+000 0.000e+000 0.000e+000 0.000e+000 0.000e+000 0.000e+000 0.000e+000 0.000e+000 0.000e+000
 3.750e+001 2.930e+000 2.400e+001 3.856e+002 6.669e+002 3.518e+001 4.395e+002-4.515e+003 2.312e+005-8.246e+002-4.322e+003 9.730e+001 3.505e+001 6.101e+001 1.758e+002 4.167e+002-7.203e+003 2.735e+002 5.042e+003
 3.880e+001 2.930e+000 0.000e+000 0.000e+000 0.000e+000 0.000e+000 0.000e+000 0.000e+000 0.000e+000 0.000e+000 0.000e+000 0.000e+000 0.000e+000 0.000e+000 0.000e+000 0.000e+000 0.000e+000 0.000e+000 0.000e+000
 4.000e+001 2.930e+000 0.000e+000 0.000e+000 0.000e+000 0.000e+000 0.000e+000 0.000e+000 0.000e+000 0.000e+000 0.000e+000 0.000e+000 0.000e+000 0.000e+000 0.000e+000 0.000e+000 0.000e+000 0.000e+000 0.000e+000
 4.130e+001 2.930e+000 2.100e+001 9.088e+002-1.993e+003 7.915e+001 8.738e+002-9.904e+003 3.331e+005-3.356e+002-2.007e+004 2.000e+002-2.329e+003 7.291e+001 1.743e+002 1.244e+003-4.548e+004 3.988e+002 1.070e+004
 4.250e+001 2.930e+000 0.000e+000 0.000e+000 0.000e+000 0.000e+000 0.000e+000 0.000e+000 0.000e+000 0.000e+000 0.000e+000 0.000e+000 0.000e+000 0.000e+000 0.000e+000 0.000e+000 0.000e+000 0.000e+000 0.000e+000
 4.380e+001 2.930e+000 2.400e+001 2.766e+003-7.003e+002 2.595e+002 2.416e+003-2.376e+004 5.962e+005-2.104e+003-3.434e+004 7.133e+002-4.001e+003 2.646e+002 2.348e+002 4.029e+003-8.740e+004 9.848e+002 1.935e+004
 4.500e+001 2.930e+000 0.000e+000 0.000e+000 0.000e+000 0.000e+000 0.000e+000 0.000e+000 0.000e+000 0.000e+000 0.000e+000 0.000e+000 0.000e+000 0.000e+000 0.000e+000 0.000e+000 0.000e+000 0.000e+000 0.000e+000
 4.630e+001 2.930e+000 2.400e+001 3.829e+003-4.007e+002 3.279e+002 5.784e+003-7.908e+004 2.099e+006-4.725e+003-1.545e+005 4.748e+002-7.745e+003 1.188e+002-4.476e+002 1.613e+004-4.138e+005 1.990e+003 9.833e+004
 4.750e+001 2.930e+000 0.000e+000 0.000e+000 0.000e+000 0.000e+000 0.000e+000 0.000e+000 0.000e+000 0.000e+000 0.000e+000 0.000e+000 0.000e+000 0.000e+000 0.000e+000 0.000e+000 0.000e+000 0.000e+000 0.000e+000
 4.880e+001 2.930e+000 0.000e+000 0.000e+000 0.000e+000 0.000e+000 0.000e+000 0.000e+000 0.000e+000 0.000e+000 0.000e+000 0.000e+000 0.000e+000 0.000e+000 0.000e+000 0.000e+000 0.000e+000 0.000e+000 0.000e+000
 5.000e+001 2.930e+000 2.400e+001 1.604e+006-1.312e+007 6.136e+004 5.559e+006-2.612e+007 5.362e+008 2.311e+005-4.924e+007 1.501e+005-2.971e+006 1.662e+004 3.270e+005 5.040e+006-1.277e+008 6.845e+005 3.512e+007
 5.130e+001 2.930e+000 0.000e+000 0.000e+000 0.000e+000 0.000e+000 0.000e+000 0.000e+000 0.000e+000 0.000e+000 0.000e+000 0.000e+000 0.000e+000 0.000e+000 0.000e+000 0.000e+000 0.000e+000 0.000e+000 0.000e+000
 5.250e+001 2.930e+000 2.400e+001 4.076e+003-1.102e+004 2.049e+002 9.606e+003-9.344e+004 2.534e+006-1.981e+003-1.842e+005 5.559e+002-1.213e+004 1.062e+002 6.039e+002 1.866e+004-5.254e+005 2.797e+003 1.285e+005
 5.380e+001 2.930e+000 0.000e+000 0.000e+000 0.000e+000 0.000e+000 0.000e+000 0.000e+000 0.000e+000 0.000e+000 0.000e+000 0.000e+000 0.000e+000 0.000e+000 0.000e+000 0.000e+000 0.000e+000 0.000e+000 0.000e+000
 5.500e+001 2.930e+000 0.000e+000 0.000e+000 0.000e+000 0.000e+000 0.000e+000 0.000e+000 0.000e+000 0.000e+000 0.000e+000 0.000e+000 0.000e+000 0.000e+000 0.000e+000 0.000e+000 0.000e+000 0.000e+000 0.000e+000
 5.630e+001 2.930e+000 2.400e+001 1.150e+003 5.502e+002 8.700e+001 1.209e+003-1.915e+004 5.318e+005-5.197e+002-3.056e+004 1.702e+002-2.074e+003 4.933e+001 9.545e+001 3.446e+003-8.773e+004 4.684e+002 1.971e+004
 5.750e+001 2.930e+000 0.000e+000 0.000e+000 0.000e+000 0.000e+000 0.000e+000 0.000e+000 0.000e+000 0.000e+000 0.000e+000 0.000e+000 0.000e+000 0.000e+000 0.000e+000 0.000e+000 0.000e+000 0.000e+000 0.000e+000
 5.880e+001 2.930e+000 2.400e+001 5.896e+002-1.382e+003 3.608e+001 5.544e+002-9.443e+003 2.964e+005-4.565e+001-1.077e+004 8.128e+001-1.173e+003 2.961e+001 1.187e+002 1.273e+003-3.465e+004 2.318e+002 7.492e+003
 6.000e+001 2.930e+000 0.000e+000 0.000e+000 0.000e+000 0.000e+000 0.000e+000 0.000e+000 0.000e+000 0.000e+000 0.000e+000 0.000e+000 0.000e+000 0.000e+000 0.000e+000 0.000e+000 0.000e+000 0.000e+000 0.000e+000
 6.130e+001 2.930e+000 2.400e+001 3.311e+002-1.014e+003 2.674e+001 2.851e+002-6.384e+003 2.042e+005-4.997e+002-3.121e+003 5.059e+001-7.593e+002 1.931e+001 2.430e+001 6.172e+002-1.695e+004 1.206e+002 3.567e+003
 6.250e+001 2.930e+000 0.000e+000 0.000e+000 0.000e+000 0.000e+000 0.000e+000 0.000e+000 0.000e+000 0.000e+000 0.000e+000 0.000e+000 0.000e+000 0.000e+000 0.000e+000 0.000e+000 0.000e+000 0.000e+000 0.000e+000
 6.380e+001 2.930e+000 0.000e+000 0.000e+000 0.000e+000 0.000e+000 0.000e+000 0.000e+000 0.000e+000 0.000e+000 0.000e+000 0.000e+000 0.000e+000 0.000e+000 0.000e+000 0.000e+000 0.000e+000 0.000e+000 0.000e+000
 6.500e+001 2.930e+000 2.400e+001 2.519e+002-9.878e+002 2.718e+001 1.774e+002-3.903e+003 1.311e+005-2.604e+002-2.128e+003 2.838e+001-6.648e+002 2.030e+001 1.549e+001 4.077e+002-1.362e+004 1.553e+002 3.405e+003
 6.630e+001 2.930e+000 0.000e+000 0.000e+000 0.000e+000 0.000e+000 0.000e+000 0.000e+000 0.000e+000 0.000e+000 0.000e+000 0.000e+000 0.000e+000 0.000e+000 0.000e+000 0.000e+000 0.000e+000 0.000e+000 0.000e+000
 6.750e+001 2.930e+000 2.400e+001 1.352e+002 1.738e+002 1.012e+001 8.097e+001-1.910e+003 6.229e+004-2.763e+002-2.850e+003 1.919e+001-3.617e+002 1.273e+001 3.967e+001 1.375e+002-3.664e+003 7.396e+001 1.221e+003
 6.880e+001 2.930e+000 0.000e+000 0.000e+000 0.000e+000 0.000e+000 0.000e+000 0.000e+000 0.000e+000 0.000e+000 0.000e+000 0.000e+000 0.000e+000 0.000e+000 0.000e+000 0.000e+000 0.000e+000 0.000e+000 0.000e+000
 7.000e+001 2.930e+000 2.400e+001 9.192e+001-2.310e+002 2.565e+000 6.797e+001-1.798e+003 7.062e+004-2.596e+002-2.731e+003 1.516e+001-3.812e+002 1.398e+001 2.197e+001 8.011e+001-3.512e+003 1.062e+002 1.561e+003
 7.130e+001 2.930e+000 0.000e+000 0.000e+000 0.000e+000 0.000e+000 0.000e+000 0.000e+000 0.000e+000 0.000e+000 0.000e+000 0.000e+000 0.000e+000 0.000e+000 0.000e+000 0.000e+000 0.000e+000 0.000e+000 0.000e+000
 7.250e+001 2.930e+000 0.000e+000 0.000e+000 0.000e+000 0.000e+000 0.000e+000 0.000e+000 0.000e+000 0.000e+000 0.000e+000 0.000e+000 0.000e+000 0.000e+000 0.000e+000 0.000e+000 0.000e+000 0.000e+000 0.000e+000
 7.380e+001 2.930e+000 2.100e+001 5.948e+001-7.576e+001-2.163e+000-2.363e+000-1.025e+003 4.757e+004-1.381e+002 3.746e+002 7.714e+000 3.731e+001 1.517e+001 4.491e+001 2.617e+001 0.000e+000 6.531e+000 3.746e+002
 7.500e+001 2.930e+000 0.000e+000 0.000e+000 0.000e+000 0.000e+000 0.000e+000 0.000e+000 0.000e+000 0.000e+000 0.000e+000 0.000e+000 0.000e+000 0.000e+000 0.000e+000 0.000e+000 0.000e+000 0.000e+000 0.000e+000
 7.630e+001 2.930e+000 2.100e+001 5.775e+001 2.070e+001 8.411e-001 2.170e+000-1.067e+003 5.475e+004-1.435e+002-2.521e+003 1.071e+001-3.116e+002 1.151e+001 3.488e+001 9.847e+001-2.521e+003 6.458e+001 1.081e+003
 7.750e+001 2.930e+000 0.000e+000 0.000e+000 0.000e+000 0.000e+000 0.000e+000 0.000e+000 0.000e+000 0.000e+000 0.000e+000 0.000e+000 0.000e+000 0.000e+000 0.000e+000 0.000e+000 0.000e+000 0.000e+000 0.000e+000
 7.880e+001 2.930e+000 2.400e+001 4.007e+001-1.175e+002 5.513e+000 0.000e+000-7.946e+002 4.370e+004-1.818e+002 0.000e+000 5.823e+000-1.045e+002 1.139e+001 0.000e+000 0.000e+000 0.000e+000 0.000e+000 0.000e+000
 8.000e+001 2.930e+000 0.000e+000 0.000e+000 0.000e+000 0.000e+000 0.000e+000 0.000e+000 0.000e+000 0.000e+000 0.000e+000 0.000e+000 0.000e+000 0.000e+000 0.000e+000 0.000e+000 0.000e+000 0.000e+000 0.000e+000
 8.130e+001 2.930e+000 0.000e+000 0.000e+000 0.000e+000 0.000e+000 0.000e+000 0.000e+000 0.000e+000 0.000e+000 0.000e+000 0.000e+000 0.000e+000 0.000e+000 0.000e+000 0.000e+000 0.000e+000 0.000e+000 0.000e+000
 8.250e+001 2.930e+000 2.400e+001 3.194e+001-1.349e+002-6.637e-001 1.602e+000-4.242e+002 2.508e+004 6.015e+001 0.000e+000 5.037e+000-3.333e+001 1.095e+001 3.314e+001 1.402e+001-6.689e+002 1.280e+001 3.344e+002
 8.380e+001 2.930e+000 0.000e+000 0.000e+000 0.000e+000 0.000e+000 0.000e+000 0.000e+000 0.000e+000 0.000e+000 0.000e+000 0.000e+000 0.000e+000 0.000e+000 0.000e+000 0.000e+000 0.000e+000 0.000e+000 0.000e+000
 8.500e+001 2.930e+000 2.400e+001 4.576e+001-6.918e+001 6.668e-001 4.475e+001-5.482e+002 3.100e+004-8.732e+001-2.583e+003 1.135e+001-1.673e+002 1.064e+001 6.612e+001 2.904e+001-1.292e+003 7.623e+001 1.615e+003
 8.630e+001 2.930e+000 0.000e+000 0.000e+000 0.000e+000 0.000e+000 0.000e+000 0.000e+000 0.000e+000 0.000e+000 0.000e+000 0.000e+000 0.000e+000 0.000e+000 0.000e+000 0.000e+000 0.000e+000 0.000e+000 0.000e+000
 8.750e+001 2.930e+000 1.800e+001 2.959e+001 6.825e+001 1.228e+000 2.652e+001-5.335e+002 2.684e+004-2.001e+002-1.249e+003 6.461e+000-7.595e+001 8.575e+000 4.736e+001 5.490e+001-1.561e+003 3.297e+001 9.364e+002
 8.880e+001 2.930e+000 0.000e+000 0.000e+000 0.000e+000 0.000e+000 0.000e+000 0.000e+000 0.000e+000 0.000e+000 0.000e+000 0.000e+000 0.000e+000 0.000e+000 0.000e+000 0.000e+000 0.000e+000 0.000e+000 0.000e+000
 9.000e+001 2.930e+000 0.000e+000 0.000e+000 0.000e+000 0.000e+000 0.000e+000 0.000e+000 0.000e+000 0.000e+000 0.000e+000 0.000e+000 0.000e+000 0.000e+000 0.000e+000 0.000e+000 0.000e+000 0.000e+000 0.000e+000
 9.130e+001 2.930e+000 2.400e+001 2.492e+001-6.313e-001-1.297e+000-1.214e+000-4.150e+002 2.779e+004 2.446e+001 0.000e+000 4.888e+000-7.966e+001 7.812e+000 5.054e+001 2.357e+001-3.021e+002 2.069e+001 6.042e+002
 9.250e+001 2.930e+000 0.000e+000 0.000e+000 0.000e+000 0.000e+000 0.000e+000 0.000e+000 0.000e+000 0.000e+000 0.000e+000 0.000e+000 0.000e+000 0.000e+000 0.000e+000 0.000e+000 0.000e+000 0.000e+000 0.000e+000
 9.380e+001 2.930e+000 2.400e+001 2.038e+001-3.659e+001 3.944e-001 8.754e+000-3.703e+002 2.722e+004-9.614e+001-1.171e+003 3.125e+000-3.418e+001 3.900e+000 1.852e+001 1.598e+001 0.000e+000 1.717e+001 2.926e+002
 9.500e+001 2.930e+000 0.000e+000 0.000e+000 0.000e+000 0.000e+000 0.000e+000 0.000e+000 0.000e+000 0.000e+000 0.000e+000 0.000e+000 0.000e+000 0.000e+000 0.000e+000 0.000e+000 0.000e+000 0.000e+000 0.000e+000
 9.630e+001 2.930e+000 2.400e+001 1.765e+001-3.429e+000 1.258e+000 0.000e+000-3.770e+002 2.157e+004-3.652e+001 0.000e+000 2.123e+000-4.593e+001 1.154e+000 0.000e+000 0.000e+000 0.000e+000 0.000e+000 0.000e+000
 9.750e+001 2.930e+000 0.000e+000 0.000e+000 0.000e+000 0.000e+000 0.000e+000 0.000e+000 0.000e+000 0.000e+000 0.000e+000 0.000e+000 0.000e+000 0.000e+000 0.000e+000 0.000e+000 0.000e+000 0.000e+000 0.000e+000
 9.880e+001 2.930e+000 0.000e+000 0.000e+000 0.000e+000 0.000e+000 0.000e+000 0.000e+000 0.000e+000 0.000e+000 0.000e+000 0.000e+000 0.000e+000 0.000e+000 0.000e+000 0.000e+000 0.000e+000 0.000e+000 0.000e+000
 1.000e+002 2.930e+000 4.800e+001 6.488e+001 1.069e+003 1.552e+000-1.941e+001-4.795e+002 5.258e+004-2.089e+002 0.000e+000 9.286e+000-1.119e+002 1.035e+001-1.041e+001 1.412e+000-7.804e+002 2.813e+001 2.601e+002
 1.130e+002 2.930e+000 5.100e+001 3.387e+001-8.466e+001 1.406e+000 2.757e+001-8.696e+002 4.794e+004-1.644e+002-1.190e+003 6.957e+000-1.938e+002 1.026e+001 4.646e+001 1.295e+001-3.796e+001 4.173e+001 7.213e+002
 1.250e+002 2.930e+000 4.200e+001 2.628e+001-3.598e+001 1.315e+000 1.724e+001-6.239e+002 3.876e+004-7.657e+001-8.918e+002 6.936e+000-1.716e+002 7.824e+000 3.711e+001 1.801e+001-6.689e+002 4.032e+001 6.689e+002
 1.380e+002 2.930e+000 4.200e+001 1.426e+002 1.895e+002 1.801e+001 1.139e+001-1.636e+003 4.755e+004-3.171e+002-5.977e+002 3.465e+001-2.845e+002 1.813e+001 1.152e+001-5.655e-001 0.000e+000 1.313e+001 1.992e+002
 1.500e+002 2.930e+000 5.400e+001 3.350e+001-1.960e+002 1.406e+000 0.000e+000-8.546e+002 5.246e+004 3.819e+001 0.000e+000 5.744e+000-1.860e+002 1.884e+000 0.000e+000 0.000e+000 0.000e+000 0.000e+000 0.000e+000
 1.630e+002 2.930e+000 4.800e+001 3.344e+001-3.715e+001 2.058e-001 2.727e+001-9.276e+002 4.324e+004 1.860e+001-8.214e+002 7.946e+000-1.936e+002 6.831e+000 2.179e+001 3.461e+001-1.174e+003 2.902e+001 4.988e+002
 1.750e+002 2.930e+000 4.500e+001 4.178e+001 8.778e+001-3.095e-001-1.133e+001-8.168e+002 3.985e+004-5.293e+001 8.128e+002 9.034e+000-1.282e+002 1.387e+001 7.027e+001 5.112e+001-4.762e+002 4.800e+001 9.605e+002
 1.880e+002 2.930e+000 5.700e+001 1.063e+002 1.009e+003 2.954e+000 5.784e+001-2.251e+003 1.029e+005-5.991e+002-2.778e+003 3.765e+001-7.411e+002 3.644e+001 1.354e+002 1.799e+002-5.497e+003 1.521e+002 2.482e+003
 2.000e+002 2.930e+000 9.300e+001 5.394e+003 1.130e+005 4.110e+002-1.338e+004-1.701e+005 8.024e+006-4.854e+004-5.169e+004 1.660e+003-4.354e+004 5.703e+002-5.848e+003 2.276e+004-1.041e+006 6.100e+003 1.425e+005
 2.130e+002 2.930e+000 7.800e+001 3.298e+002 4.789e+003 1.233e+001-2.765e+001-1.086e+004 5.026e+005-1.631e+003-5.846e+003 6.992e+001-1.911e+003 3.256e+001 4.225e+001 5.498e+002-2.332e+004 2.014e+002 4.145e+003
 2.250e+002 2.930e+000 1.020e+002 5.168e+002 7.199e+003-2.190e+001-3.421e+002-1.690e+004 7.381e+005-4.093e+002 3.211e+003 8.577e+001-3.019e+003 3.529e+001 1.044e+002 8.937e+002-3.970e+004 2.579e+002 6.069e+003
 2.380e+002 2.930e+000 9.600e+001 1.706e+003 3.111e+004-1.227e+002-2.668e+003-5.581e+004 2.518e+006-6.895e+002 2.493e+004 2.569e+002-1.070e+004 6.160e+001-5.553e+001 3.506e+003-1.738e+005 8.320e+002 1.710e+004
 2.500e+002 2.930e+000 9.600e+001 5.288e+004 1.096e+006-4.055e+003-1.221e+005-1.660e+006 7.615e+007-3.786e+004 1.158e+006 7.963e+003-3.325e+005 1.531e+003-8.174e+003 1.315e+005-6.831e+006 2.912e+004 6.393e+005
 2.630e+002 2.930e+000 6.900e+001 9.179e+002 1.871e+004-6.062e+001-1.315e+003-2.608e+004 1.216e+006-6.971e+002 2.056e+004 1.214e+002-4.670e+003 2.778e+001-6.824e+001 1.022e+003-6.342e+004 2.619e+002 5.917e+003
 2.750e+002 2.930e+000 6.300e+001 2.021e+002 2.382e+003-4.071e+000 1.088e+001-6.020e+003 2.978e+005-2.496e+002 4.082e+002 3.554e+001-1.262e+003 1.120e+001 2.675e+001 1.374e+002-7.894e+003 5.617e+001 1.491e+003
 2.880e+002 2.930e+000 7.500e+001 2.112e+002-2.293e+003 1.041e+001 3.789e+002-1.044e+004 7.812e+005-2.471e+002-2.717e+003 3.947e+001-2.253e+003 1.431e+001 4.355e+001 9.519e+002-7.386e+004 2.428e+002 9.332e+003
 3.000e+002 2.930e+000 9.600e+001 4.096e+003-7.433e+004 8.137e+001 9.322e+003-3.262e+005 2.798e+007 4.903e+003 1.536e+004 6.361e+002-5.181e+004 1.090e+002 6.825e+002 4.055e+004-3.474e+006 6.524e+003 4.366e+005
 3.130e+002 2.930e+000 5.700e+001 1.788e+002-2.063e+003 3.303e+000 2.313e+002-7.846e+003 6.333e+005 4.602e+002 3.619e+003 3.353e+001-1.345e+003 1.019e+001 6.772e+001 7.287e+002-5.996e+004 1.411e+002 7.183e+003
 3.250e+002 2.930e+000 5.700e+001 2.614e+002-3.658e+003 1.434e+001 4.583e+002-3.192e+003 1.613e+005 8.436e+002 3.202e+003 6.249e+001-8.959e+002 1.853e+001 1.198e+002 4.307e+002-1.854e+004 1.401e+002 3.603e+003
 3.380e+002 2.930e+000 8.100e+001 1.685e+003-2.162e+004 1.435e+002 4.577e+003-1.338e+004 4.839e+005 3.919e+003 6.610e+003 3.853e+002-4.810e+003 1.042e+002 8.089e+002 3.152e+003-9.115e+004 1.134e+003 2.078e+004
 3.500e+002 2.930e+000 9.600e+001 5.449e+004-6.845e+005 4.702e+003 1.914e+005-4.913e+005 1.335e+007 1.165e+005-1.623e+005 1.264e+004-1.722e+005 3.344e+003 3.379e+004 1.236e+005-3.552e+006 4.515e+004 9.601e+005
 3.630e+002 2.930e+000 9.000e+001 1.793e+003-1.934e+004 1.470e+002 4.432e+003-1.790e+004 4.595e+005 2.950e+003-6.658e+003 4.022e+002-5.494e+003 1.066e+002 7.840e+002 3.115e+003-8.420e+004 1.081e+003 1.884e+004
 3.750e+002 2.930e+000 6.600e+001 2.706e+002-2.400e+003 2.075e+001 2.705e+002-3.686e+003 1.097e+005 3.036e+002 1.043e+003 5.970e+001-9.675e+002 1.706e+001 5.703e+001 2.837e+002-8.607e+003 1.010e+002 1.913e+003
 3.880e+002 2.930e+000 5.400e+001 8.716e+001-8.621e+002 6.460e+000 2.380e+001-1.470e+003 5.842e+004 1.251e+002 1.273e+003 1.977e+001-3.989e+002 7.226e+000 7.428e+000 8.415e+001-3.117e+003 2.813e+001 5.670e+002
 4.000e+002 2.930e+000 5.400e+001 5.899e+002 6.957e+003-6.927e+000-1.624e+002-9.243e+003 2.936e+005-1.785e+003-1.360e+003 1.503e+002-2.389e+003 4.106e+001-3.062e+001 4.328e+002-1.205e+004 1.153e+002 1.233e+003
 4.130e+002 2.930e+000 5.100e+001 8.865e+001 3.303e+002 5.282e+000 1.936e+001-1.646e+003 6.506e+004-1.975e+002-1.319e+002 2.001e+001-3.511e+002 6.338e+000 6.825e+000 2.027e+001-5.935e+002 1.136e+001 1.978e+002
 4.250e+002 2.930e+000 4.500e+001 4.236e+001-3.652e+001 2.194e+000 1.444e+000-1.038e+003 5.112e+004-3.693e+001 3.840e+002 8.594e+000-1.705e+002 3.109e+000 5.943e+000 3.186e+000-3.207e+002 3.517e+000 1.278e+002
 4.380e+002 2.930e+000 4.800e+001 3.473e+001-2.914e+002 9.237e-001 6.411e+000-1.046e+003 7.386e+004-1.169e+000 9.968e+002 7.778e+000-1.590e+002 3.931e+000 8.146e+000 4.960e+001-2.925e+003 9.652e+000 4.358e+002
 4.500e+002 2.930e+000 8.100e+001 4.155e+002-6.380e+003-3.973e+001 6.044e+002-2.798e+004 2.206e+006 4.563e+003 2.393e+004 8.881e+001-5.018e+003 2.835e+001 5.827e+002 3.676e+003-2.831e+005 7.242e+002 3.855e+004
 4.630e+002 2.930e+000 6.600e+001 6.934e+001 1.708e+002-8.626e-001 2.994e+000-3.823e+003 2.692e+005 3.180e+001 4.557e+002 1.260e+001-7.143e+002 3.702e+000 5.917e+000 3.020e+002-1.955e+004 6.723e+001 2.258e+003
 4.750e+002 2.930e+000 6.000e+001 3.901e+001 9.801e+001 1.167e+000-1.311e+001-2.418e+003 2.026e+005-1.135e+002 8.097e+002 5.199e+000-3.030e+002 2.027e+000-4.632e-001 1.652e+002-1.162e+004 2.214e+001 1.323e+003
 4.880e+002 2.930e+000 6.000e+001 3.532e+001 4.076e+001 1.455e+000-2.446e+001-2.486e+003 2.632e+005-1.002e+002 2.410e+003 4.856e+000-2.720e+002 1.671e+000-5.037e+000 1.646e+002-1.731e+004 1.855e+001 1.912e+003
 5.000e+002 2.930e+000 5.700e+001 6.192e+002-2.577e+003 1.001e+002 1.209e+003-1.333e+004 5.047e+005-1.308e+003-1.318e+004 1.506e+002-3.402e+003 5.520e+001 1.641e+001 1.882e+003-6.128e+004 6.527e+002 1.040e+004
 5.130e+002 2.930e+000 1.200e+002 3.208e+002 8.832e+002 3.474e+001 1.004e+002-2.016e+004 1.404e+006-2.387e+003-7.079e+003 5.382e+001-3.170e+003 1.482e+001-1.748e+002 1.813e+003-1.246e+005 3.153e+002 1.325e+004
 5.250e+002 2.930e+000 9.600e+001 4.507e+002 4.413e+002 4.322e+001 9.846e+001-3.412e+004 2.681e+006-3.411e+003-9.518e+003 6.916e+001-5.159e+003 1.624e+001-3.172e+002 3.482e+003-2.733e+005 5.453e+002 2.926e+004
 5.380e+002 2.930e+000 9.600e+001 1.843e+003-6.970e+002 1.781e+002 7.498e+002-1.486e+005 1.211e+007-1.442e+004-5.153e+004 2.855e+002-2.292e+004 6.316e+001-1.494e+003 1.655e+004-1.349e+006 2.624e+003 1.518e+005
 5.500e+002 2.930e+000 9.600e+001 8.841e+004-1.934e+005 8.919e+003 5.825e+004-7.335e+006 6.109e+008-7.154e+005-2.839e+006 1.360e+004-1.145e+006 3.008e+003-8.113e+004 8.869e+005-7.396e+007 1.419e+005 8.971e+006
 5.630e+002 2.930e+000 1.200e+002 2.311e+003-6.094e+003 2.256e+002 1.636e+003-1.880e+005 1.545e+007-1.763e+004-7.510e+004 3.526e+002-2.919e+004 7.755e+001-1.816e+003 2.102e+004-1.729e+006 3.354e+003 1.953e+005
 5.750e+002 2.930e+000 9.600e+001 3.237e+002-1.556e+003 2.939e+001 2.612e+002-2.518e+004 2.026e+006-2.146e+003-6.420e+003 4.772e+001-3.797e+003 1.090e+001-1.822e+002 2.437e+003-1.960e+005 3.750e+002 2.024e+004
 5.880e+002 2.930e+000 9.000e+001 1.586e+002-9.057e+002 1.388e+001 1.424e+002-1.156e+004 8.889e+005-9.196e+002-3.405e+003 2.446e+001-1.844e+003 5.847e+000-5.981e+001 9.798e+002-7.483e+004 1.633e+002 7.344e+003
 6.000e+002 2.930e+000 1.050e+002 1.430e+002-1.210e+003 9.383e+000 1.178e+002-9.354e+003 6.752e+005-5.226e+002-1.471e+003 1.805e+001-1.247e+003 3.919e+000-3.066e+001 7.129e+002-5.195e+004 1.042e+002 4.981e+003
 6.130e+002 2.930e+000 7.500e+001 6.142e+001-5.194e+002 4.230e+000 7.293e+001-3.829e+003 2.662e+005-1.898e+002-8.972e+002 1.018e+001-6.436e+002 2.690e+000-3.017e+000 2.764e+002-1.983e+004 5.056e+001 2.193e+003
 6.250e+002 2.930e+000 7.800e+001 6.264e+001-7.132e+002 2.880e+000 9.705e+001-3.307e+003 2.072e+005-2.896e+001-9.611e+002 1.166e+001-6.130e+002 2.951e+000 8.530e+000 2.533e+002-1.628e+004 5.120e+001 1.931e+003
 6.380e+002 2.930e+000 6.600e+001 1.021e+002-2.106e+003 5.214e+000 3.074e+002-4.061e+003 2.302e+005 2.359e+002-1.796e+003 2.178e+001-9.379e+002 5.406e+000 5.011e+001 4.209e+002-2.523e+004 1.019e+002 3.566e+003
 6.500e+002 2.930e+000 9.600e+001 6.358e+003-2.179e+005 2.036e+002 4.650e+004-1.421e+005 1.089e+007 5.609e+004-1.100e+005 1.753e+003-4.544e+004 4.946e+002 1.203e+004 2.712e+004-2.232e+006 8.864e+003 4.620e+005
 6.630e+002 2.930e+000 4.800e+001 2.908e+001-9.093e+002 4.235e-001 1.284e+002-9.907e+002 9.102e+004 1.786e+002-2.099e+002 6.639e+000-1.952e+002 1.898e+000 3.039e+001 9.175e+001-8.962e+003 2.036e+001 1.369e+003
 6.750e+002 2.930e+000 3.900e+001 1.608e+001-3.198e+002-3.839e-002 2.828e+001-5.566e+002 3.406e+004 5.484e+001-3.666e+002 3.090e+000-9.488e+001 7.923e-001 5.272e+000 2.174e+001-1.551e+003 5.086e+000 2.448e+002
 6.880e+002 2.930e+000 4.800e+001 9.034e+000-1.474e+002 2.401e-001 4.719e+000-4.098e+002 3.114e+004 1.236e+001-1.201e+002 1.583e+000-6.320e+001 4.535e-001 4.341e-001 1.929e+000-2.001e+002 4.007e-001 4.002e+001
 7.000e+002 2.930e+000 4.800e+001 2.922e+001 5.287e+002-3.908e+000 3.446e+000-2.685e+002 3.950e+004-2.649e+002-1.171e+002 1.025e+001-1.470e+002 5.003e+000 5.803e-002 2.776e+000-2.341e+002 1.443e+000 3.902e+001
 7.130e+002 2.930e+000 3.900e+001 4.947e+000-3.591e+001 2.513e-001 0.000e+000-2.145e+002 1.514e+004-9.754e+000 0.000e+000 9.017e-001-3.386e+001 3.010e-001 0.000e+000 0.000e+000 0.000e+000 0.000e+000 0.000e+000
 7.250e+002 2.930e+000 4.800e+001 4.613e+000-4.998e+001 2.886e-001 0.000e+000-2.054e+002 1.544e+004-6.461e+000 0.000e+000 7.137e-001-3.118e+001 2.185e-001 0.000e+000 0.000e+000 0.000e+000 0.000e+000 0.000e+000
 7.380e+002 2.930e+000 4.800e+001 4.380e+000-2.554e+001 3.392e-001 0.000e+000-1.868e+002 1.402e+004-1.473e+001 0.000e+000 7.057e-001-3.289e+001 2.313e-001 0.000e+000 0.000e+000 0.000e+000 0.000e+000 0.000e+000
 7.500e+002 2.930e+000 6.300e+001 3.689e+001 4.003e+002 2.916e+000 1.532e+001-1.508e+003 8.324e+004-2.393e+002-2.666e+003 6.558e+000-2.218e+002 1.773e+000-1.461e+001 1.484e+002-7.307e+003 2.759e+001 9.282e+002
 7.630e+002 2.930e+000 3.300e+001 3.292e+000-3.100e+001 1.259e-001 0.000e+000-1.167e+002 6.683e+003-4.473e+000 0.000e+000 4.273e-001-1.622e+001 1.362e-001 0.000e+000 0.000e+000 0.000e+000 0.000e+000 0.000e+000
 7.750e+002 2.930e+000 6.300e+001 4.187e+000-2.382e+001 1.718e-001 0.000e+000-1.400e+002 9.917e+003-6.364e+000 0.000e+000 4.821e-001-1.696e+001 2.208e-001 0.000e+000 0.000e+000 0.000e+000 0.000e+000 0.000e+000
 7.880e+002 2.930e+000 4.800e+001 3.650e+000-3.546e+001 1.075e-001 0.000e+000-1.345e+002 8.669e+003-3.197e+000 0.000e+000 5.470e-001-2.001e+001 2.010e-001 0.000e+000 0.000e+000 0.000e+000 0.000e+000 0.000e+000
 8.000e+002 2.930e+000 6.600e+001 7.729e+001-1.489e+002 9.749e+000 1.581e+002-2.355e+003 7.886e+004-2.681e+002-4.575e+003 2.282e+001-7.012e+002 8.312e+000 1.678e+001 2.160e+002-7.421e+003 8.365e+001 1.209e+003
 8.130e+002 2.930e+000 3.300e+001 2.304e+000-2.123e+001-3.183e-002 0.000e+000-6.934e+001 5.157e+003-3.803e+000 0.000e+000 4.231e-001-9.162e+000 1.776e-001 0.000e+000 0.000e+000 0.000e+000 0.000e+000 0.000e+000
 8.250e+002 2.930e+000 4.500e+001 3.659e+000-6.068e+001 1.333e-002 0.000e+000-1.075e+002 1.034e+004-1.422e+001 0.000e+000 3.851e-001-1.119e-001 1.911e-001 0.000e+000 0.000e+000 0.000e+000 0.000e+000 0.000e+000
 8.380e+002 2.930e+000 8.100e+001 1.803e+001-7.422e+002-8.276e-001 4.545e+001-6.215e+002 7.009e+004-1.066e+002-6.666e+002-1.059e+000 9.874e+001 8.871e-001-8.243e+000 2.748e+001-3.920e+003-4.151e+000 4.003e+002
 8.500e+002 2.930e+000 6.600e+001 1.033e+003-5.975e+004-4.929e+001 5.335e+003-4.749e+004 6.211e+006-1.401e+004-1.224e+004-2.228e+002 1.435e+004 7.503e+001-1.097e+003 4.053e+003-5.227e+005-1.151e+003 4.675e+004
 8.630e+002 2.930e+000 5.100e+001 6.984e+000-2.616e+002 4.388e-002 7.814e+000-3.041e+002 3.763e+004-9.443e+001-3.761e-007-4.943e-001 5.615e+001 7.409e-001-1.001e+000 3.406e+000-7.031e+002-1.810e+000 6.392e+001
 8.750e+002 2.930e+000 4.500e+001 4.455e+000-9.688e+001 1.878e-002 0.000e+000-1.489e+002 1.158e+004-7.720e+000 0.000e+000 3.529e-001-8.219e+000 2.047e-001 0.000e+000 0.000e+000 0.000e+000 0.000e+000 0.000e+000
 8.880e+002 2.930e+000 7.500e+001 5.778e+000-9.966e+001 2.856e-001 3.284e+000-2.195e+002 1.677e+004-2.197e+001-5.198e+001 5.990e-001-2.048e+001 3.514e-001 3.052e-002 3.867e+000-4.755e+002 4.983e-001 7.316e+001
 9.000e+002 2.930e+000 4.800e+001 2.113e+001-2.148e+002 1.835e+000 3.955e+001-1.048e+003 6.211e+004-8.696e+001-1.038e+003 2.879e+000-1.497e+002 9.365e-001-1.330e+000 8.321e+001-5.150e+003 1.540e+001 7.010e+002
 9.130e+002 2.930e+000 3.600e+001 6.184e+000-1.857e+002-6.793e-001 2.317e+001-1.595e+002 1.577e+004 4.261e+001 3.011e+001 9.929e-001-2.410e+001 8.654e-001 1.099e+001 2.864e+001-2.222e+003 9.551e+000 5.704e+002
 9.250e+002 2.930e+000 2.400e+001 2.718e+000-7.680e+001 4.428e-002 0.000e+000-6.532e+001 5.023e+003-3.565e+000 0.000e+000 1.035e-001-4.066e+000 1.100e-001 0.000e+000 0.000e+000 0.000e+000 0.000e+000 0.000e+000
 9.380e+002 2.930e+000 7.200e+001 2.126e+001-5.141e+002 1.195e+000 7.853e+001-6.163e+002 3.883e+004 6.555e+001-3.407e+002 4.321e+000-1.416e+002 1.423e+000 1.545e+001 7.132e+001-4.807e+003 2.046e+001 9.554e+002
 9.500e+002 2.930e+000 6.900e+001 1.061e+003-2.645e+004 8.003e+001 6.552e+003-2.593e+004 1.491e+006 4.949e+003-3.587e+003 2.713e+002-7.763e+003 8.218e+001 1.380e+003 5.554e+003-3.159e+005 1.878e+003 7.428e+004
 9.630e+002 2.930e+000 5.100e+001 1.242e+001-3.012e+002 3.738e-001 2.323e+001-3.840e+002 2.367e+004 2.818e+001-2.004e+002 1.696e+000-5.401e+001 7.799e-001 6.305e+000 1.960e+001-1.287e+003 7.234e+000 3.146e+002
 9.750e+002 2.930e+000 5.700e+001 4.370e+000-5.864e+001 1.137e-001 0.000e+000-1.383e+002 8.211e+003-1.266e+001 0.000e+000 3.294e-003-4.110e+000 3.100e-001 0.000e+000 0.000e+000 0.000e+000 0.000e+000 0.000e+000
 9.880e+002 2.930e+000 5.700e+001 3.526e+000-7.120e+001 2.249e-001 1.016e+001-1.301e+002 8.798e+003-1.055e+001-2.352e+002 3.923e-001-2.602e+001 3.814e-001 1.051e+000 1.283e+001-9.371e+002 5.062e+000 2.090e+002
 1.000e+003 2.930e+000 3.060e+002 1.383e+002-3.507e+003-6.802e+000 1.104e+003-7.686e+003 5.755e+005 1.653e+003-7.138e+003 5.038e+001-2.680e+003 3.256e+001 7.717e+002 2.004e+003-1.500e+005 8.740e+002 5.025e+004
 1.130e+003 2.930e+000 6.750e+002 3.963e+002-8.643e+003 3.194e+001 3.268e+003-2.120e+004 1.378e+006 7.433e+002-9.233e+004 1.062e+002-6.604e+003 4.310e+001 7.862e+002 3.776e+003-2.901e+005 1.515e+003 7.736e+004
 1.250e+003 2.930e+000 5.580e+002 1.131e+002-3.581e+003-2.549e+001 4.249e+002-7.267e+003 7.921e+005 1.626e+003 4.404e+004 2.724e+001-6.231e+002 2.916e+001 8.539e+002 2.260e+003-1.727e+005 6.502e+002 6.262e+004
 1.380e+003 2.930e+000 5.880e+002 1.204e+002-1.874e+003-1.087e+001 6.936e+002-8.178e+003 6.418e+005 1.281e+003-1.773e+004 3.961e+001-2.667e+003 2.084e+001 5.399e+002 2.119e+003-1.685e+005 7.525e+002 5.106e+004
 1.500e+003 2.930e+000 6.900e+001 2.380e+001-5.972e+002 3.436e+000 1.438e+002-1.528e+003 1.184e+005-2.325e+002-3.570e+003 1.186e-001-8.399e+001 6.935e-001-3.198e+001 2.241e+002-1.902e+004 2.097e+001 3.281e+003
 1.630e+003 2.930e+000 6.900e+001 1.274e+001-4.059e+002 1.657e+000 8.823e+001-8.400e+002 7.099e+004-1.351e+002-1.440e+003-4.666e-001-1.461e+001 4.122e-001-2.189e+001 1.363e+002-1.219e+004 5.754e+000 2.184e+003
 1.750e+003 2.930e+000 4.800e+001 8.180e+001-2.642e+003 8.764e+000 6.325e+002-5.082e+003 4.040e+005-5.908e+002-1.143e+004-9.680e-001-2.120e+002 1.187e+000-9.804e+001 8.604e+002-7.403e+004 5.759e+001 1.406e+004
 1.880e+003 2.930e+000 6.600e+001 1.597e+002-4.207e+003 1.899e+001 9.718e+002-9.867e+003 7.459e+005-1.355e+003-1.719e+004-1.230e+000-3.159e+002 3.841e+000-1.989e+002 1.610e+003-1.262e+005 9.793e+001 2.244e+004
 2.000e+003 2.930e+000 7.200e+001 2.694e+002-5.541e+003 4.377e+001 1.407e+003-1.849e+004 1.444e+006-3.326e+003-3.566e+004-6.216e+000-2.097e+002 9.485e+000-5.277e+002 2.930e+003-2.384e+005 1.281e+002 4.058e+004
 2.130e+003 2.930e+000 3.900e+001 2.891e+001-4.280e+002 5.477e+000 1.147e+002-2.094e+003 1.751e+005-4.753e+002-3.914e+003-7.726e-001 5.566e+001 1.782e+000-6.954e+001 3.135e+002-2.630e+004 6.353e+000 4.133e+003
 2.250e+003 2.930e+000 5.400e+001 1.126e+001-6.921e+001 2.502e+000 4.298e+001-7.306e+002 5.203e+004-1.697e+002-2.080e+003 6.978e-001-4.148e+001 8.004e-001-1.932e+001 1.009e+002-7.311e+003 1.383e+001 1.188e+003
 2.380e+003 2.930e+000 6.000e+001 1.935e+001-3.777e+002 2.289e+000 9.886e+001-1.149e+003 8.477e+004-1.511e+002-2.407e+003 6.172e-001-3.151e+001 7.035e-001-1.845e+001 1.724e+002-1.300e+004 1.289e+001 2.158e+003
 2.500e+003 2.930e+000 3.000e+001 2.877e+000-3.688e+001 3.714e-001 1.033e+001-1.646e+002 1.212e+004-2.333e+001-2.501e+002 1.292e-001-1.870e+000 1.239e-001-2.687e+000 2.296e+001-1.746e+003 1.010e+000 2.713e+002
 2.630e+003 2.930e+000 6.000e+001 3.191e+000-5.892e+001 2.833e-001 1.526e+001-1.631e+002 1.039e+004-1.057e+001-3.173e+002 2.791e-001-1.575e+001 9.452e-002-4.413e-001 2.333e+001-1.598e+003 2.922e+000 2.838e+002
 2.750e+003 2.930e+000 6.600e+001 4.819e+000-1.592e+002 2.463e-001 3.153e+001-2.977e+002 2.456e+004-1.674e+001-5.500e+002 4.886e-003-5.271e+000 7.069e-002-2.012e+000 4.225e+001-3.738e+003 1.545e+000 6.066e+002
 2.880e+003 2.930e+000 4.200e+001 9.767e-001-1.291e+001 7.565e-002 3.131e+000-4.766e+001 2.882e+003-2.961e+000-4.399e+001 1.082e-001-5.569e+000 4.268e-002-6.156e-003 7.418e+000-4.615e+002 1.177e+000 9.198e+001
 3.000e+003 2.930e+000 7.200e+001 1.034e+001-1.030e+002 1.260e+000 7.348e+001-4.578e+002 2.234e+004-2.774e+001-2.236e+003 2.658e+000-1.218e+002 1.056e+000 1.394e+001 8.358e+001-4.627e+003 3.142e+001 1.406e+003
 3.130e+003 2.930e+000 6.300e+001 1.590e+000-2.146e+001 1.415e-001 6.888e+000-7.608e+001 4.251e+003-5.715e+000-1.694e+002 1.667e-001-8.715e+000 8.510e-002 2.930e-001 1.122e+001-6.531e+002 2.070e+000 1.386e+002
 3.250e+003 2.930e+000 4.800e+001 5.014e+000-8.556e+001-2.686e-002 1.890e+001-2.484e+002 1.414e+004 5.267e+000-1.486e+002 3.515e-001-1.602e+001 8.147e-002 2.134e+000 4.692e+001-2.654e+003 3.626e+000 5.399e+002
 3.380e+003 2.930e+000 6.900e+001 5.653e+000-1.237e+002 7.593e-001 3.286e+001-3.143e+002 2.132e+004-4.155e+001-9.729e+002 1.474e-001-2.176e+001 1.702e-001-4.096e+000 4.045e+001-3.110e+003 5.763e+000 5.500e+002
 3.500e+003 2.930e+000 7.200e+001 1.137e+002-1.326e+003 1.780e+001 5.300e+002-6.316e+003 3.668e+005-9.324e+002-1.870e+004 4.931e+000-4.798e+002 3.037e+000-1.206e+002 9.195e+002-5.731e+004 1.229e+002 9.953e+003
 3.630e+003 2.930e+000 4.800e+001 1.940e+001-4.262e+002 2.277e+000 1.035e+002-1.073e+003 7.021e+004-1.221e+002-1.867e+003 3.571e-001-6.468e+001 3.256e-001-1.768e+001 1.709e+002-1.190e+004 1.474e+001 2.125e+003
 3.750e+003 2.930e+000 7.200e+001 5.378e+000-1.012e+002 6.854e-001 3.129e+001-2.993e+002 1.933e+004-3.656e+001-8.787e+002 2.084e-001-2.153e+001 1.526e-001-3.446e+000 4.332e+001-3.047e+003 5.679e+000 6.031e+002
 3.880e+003 2.930e+000 6.300e+001 2.815e+001-6.183e+002 3.549e+000 1.830e+002-1.647e+003 1.119e+005-2.012e+002-4.678e+003 5.106e-001-1.003e+002 6.150e-001-2.399e+001 2.621e+002-1.934e+004 2.767e+001 3.939e+003
 4.000e+003 2.930e+000 4.800e+001 2.000e+001-3.397e+002 1.502e+000 3.013e+002-1.042e+003 6.147e+004-3.332e+001-1.060e+004 3.605e+000-1.968e+002 1.218e+000 5.939e+001 2.503e+002-1.726e+004 6.830e+001 8.999e+003
 4.130e+003 2.930e+000 7.200e+001 4.411e+001-8.407e+002 5.544e+000 2.766e+002-2.713e+003 1.846e+005-3.163e+002-8.112e+003 1.529e+000-1.907e+002 9.078e-001-4.282e+001 4.502e+002-3.297e+004 5.038e+001 6.557e+003
 4.250e+003 2.930e+000 7.200e+001 3.189e+001-6.470e+002 5.374e+000 2.069e+002-1.937e+003 1.315e+005-3.218e+002-6.492e+003 3.651e-001-1.291e+002 9.930e-001-4.669e+001 2.967e+002-2.227e+004 3.853e+001 4.173e+003
 4.380e+003 2.930e+000 4.800e+001 6.352e+000-1.180e+002 1.014e+000 3.585e+001-3.855e+002 2.577e+004-5.991e+001-1.091e+003 1.112e-001-2.461e+001 2.022e-001-8.023e+000 5.711e+001-4.144e+003 6.810e+000 7.441e+002
 4.500e+003 2.930e+000 7.200e+001 1.660e+001-2.835e+002 2.467e+000 9.821e+001-1.035e+003 7.014e+004-1.512e+002-3.214e+003 3.416e-001-5.870e+001 5.030e-001-2.099e+001 1.654e+002-1.203e+004 1.816e+001 2.292e+003
 4.630e+003 2.930e+000 7.200e+001 1.795e+000-2.623e+001 3.305e-001 1.045e+001-1.002e+002 6.245e+003-1.704e+001-3.241e+002 1.974e-001-1.218e+001 2.202e-001-9.057e-002 1.506e+001-9.778e+002 4.294e+000 2.310e+002
 4.750e+003 2.930e+000 4.800e+001 4.436e+000-8.098e+001 6.482e-001 2.802e+001-2.719e+002 1.834e+004-4.028e+001-9.532e+002 5.575e-002-1.264e+001 1.840e-001-4.532e+000 4.082e+001-2.993e+003 5.088e+000 5.817e+002
 4.880e+003 2.930e+000 6.900e+001 3.282e+000-5.408e+001 6.862e-001 2.301e+001-2.062e+002 1.421e+004-4.568e+001-9.610e+002 6.440e-002-1.001e+001 3.271e-001-3.585e+000 2.797e+001-2.086e+003 6.789e+000 4.553e+002
 5.000e+003 2.930e+000 7.200e+001 1.565e+000-3.268e+001 1.338e-001 1.170e+001-8.026e+001 5.002e+003-5.819e+000-2.877e+002 1.113e-001-6.267e+000 1.221e-001 4.917e-001 1.469e+001-1.001e+003 2.618e+000 2.609e+002
 5.130e+003 2.930e+000 4.200e+001 3.780e-001-6.431e+000 3.644e-002 2.872e+000-2.091e+001 1.352e+003-1.758e+000-9.358e+001 4.033e-002-2.337e+000 4.198e-002 2.665e-001 4.063e+000-2.784e+002 1.036e+000 8.441e+001
 5.250e+003 2.930e+000 5.700e+001 4.318e-001-5.052e+000 6.716e-002 4.304e+000-1.712e+001 8.577e+002-1.412e+000-9.840e+001 1.898e-001-5.558e+000 2.793e-001 3.563e+000 4.145e+000-1.826e+002 4.471e+000 1.513e+002
 5.380e+003 2.930e+000 6.600e+001 9.553e-001-1.571e+001 4.916e-002 7.452e+000-4.388e+001 2.485e+003-9.449e-001-1.474e+002 1.899e-001-6.044e+000 2.126e-001 2.515e+000 1.106e+001-6.171e+002 4.318e+000 2.482e+002
 5.500e+003 2.930e+000 3.300e+001 2.040e-001-2.640e+000-1.091e-002 9.811e-001-7.087e+000 3.518e+002 7.455e-001-3.365e-001 6.190e-002-3.233e-001 1.145e-001 1.319e+000 1.766e+000-6.690e+001 1.087e+000 4.742e+001
 5.630e+003 2.930e+000 6.600e+001 1.079e+000-2.671e+001 2.646e-002 8.287e+000-4.841e+001 3.245e+003 5.276e-001-1.426e+001 1.901e-001-2.040e+000 3.819e-001 5.704e+000 1.125e+001-6.490e+002 5.272e+000 2.957e+002
 5.750e+003 2.930e+000 5.400e+001 5.851e-001-5.111e+000 8.679e-002 2.660e+000-2.969e+001 1.714e+003-3.834e+000-5.085e+001 8.969e-002-3.379e+000 1.428e-001 8.760e-001 5.662e+000-3.172e+002 1.895e+000 1.115e+002
 5.880e+003 2.930e+000 4.500e+001 8.462e-001-7.356e+000 5.850e-002 4.024e+000-3.607e+001 1.690e+003-1.806e+000-9.091e+001 1.347e-001-5.439e+000 8.570e-002 6.516e-001 8.312e+000-3.963e+002 1.930e+000 1.284e+002
 6.000e+003 2.930e+000 7.200e+001 6.492e+000-6.358e+001-2.386e-001 6.127e+001-2.431e+002 1.069e+004 2.258e+001-1.289e+003 2.190e+000-6.908e+001 1.209e+000 3.109e+001 1.022e+002-4.216e+003 3.876e+001 2.461e+003
 6.130e+003 2.930e+000 7.200e+001 8.462e-001-3.810e+000 1.199e-001 4.113e+000-3.952e+001 2.065e+003-5.894e+000-1.390e+002 1.862e-001-6.519e+000 2.015e-001 1.597e+000 7.050e+000-3.220e+002 3.671e+000 1.414e+002
 6.250e+003 2.930e+000 3.600e+001 5.065e-001-4.440e+000 3.068e-002 2.189e+000-2.147e+001 1.131e+003-1.684e+000-4.181e+001 2.659e-002-7.859e-001 5.193e-002 4.022e-001 3.759e+000-1.848e+002 7.487e-001 6.263e+001
 6.380e+003 2.930e+000 5.400e+001 4.572e-001-3.860e+000 3.272e-003 2.031e+000-2.254e+001 1.382e+003-1.359e-001 8.258e+000 9.265e-002-3.095e-002 2.702e-001 3.652e+000 4.883e+000-2.199e+002 3.418e+000 1.463e+002
 6.500e+003 2.930e+000 6.600e+001 4.437e-001-3.431e+000 8.950e-002 4.431e+000-1.701e+001 9.114e+002-3.057e+000-6.890e+001 1.859e-001-1.135e+000 5.145e-001 6.564e+000 3.763e+000-1.008e+002 7.209e+000 2.278e+002
 6.630e+003 2.930e+000 3.900e+001 4.645e-001-3.063e+000 7.373e-002 2.778e+000-2.456e+001 1.470e+003-4.674e+000-1.200e+002 1.050e-001-4.373e+000 1.628e-001 1.144e+000 4.800e+000-2.596e+002 2.885e+000 1.141e+002
 6.750e+003 2.930e+000 6.000e+001 4.369e-001-3.736e+000-1.999e-002 3.948e+000-1.495e+001 8.646e+002 9.502e-001 5.492e+001 2.644e-001 2.190e+000 7.655e-001 1.102e+001 5.992e+000-1.077e+002 9.836e+000 3.279e+002
 6.880e+003 2.930e+000 6.300e+001 7.300e-001-7.657e+000 9.763e-002 5.589e+000-3.757e+001 2.420e+003-6.404e+000-6.795e+001 1.760e-001 2.167e+000 7.327e-001 9.164e+000 8.179e+000-3.458e+002 9.047e+000 3.395e+002
 7.000e+003 2.930e+000 4.200e+001 2.086e-001-1.376e+000 3.327e-002 1.427e+000-7.639e+000 3.832e+002-1.897e+000-2.963e+001 7.328e-002-9.006e-001 2.087e-001 1.958e+000 2.022e+000-5.931e+001 2.849e+000 8.130e+001
 7.130e+003 2.930e+000 5.700e+001 4.069e-001-3.485e+000 9.337e-002 4.222e+000-1.782e+001 1.083e+003-6.033e+000-9.435e+001 1.680e-001-1.195e+000 5.137e-001 6.153e+000 4.637e+000-1.363e+002 7.318e+000 2.439e+002
 7.250e+003 2.930e+000 6.300e+001 6.413e-001-8.026e+000 3.903e-002 6.000e+000-2.446e+001 1.278e+003-1.174e-001-5.564e+001 2.581e-001-2.456e+000 6.233e-001 8.384e+000 7.817e+000-2.701e+002 9.020e+000 3.300e+002
 7.380e+003 2.930e+000 4.500e+001 2.990e-001-3.084e+000-2.886e-002 1.617e+000-1.232e+001 6.766e+002 7.538e-001-2.395e+001 9.646e-002-7.872e-001 2.148e-001 2.932e+000 3.872e+000-1.334e+002 3.219e+000 1.253e+002
 7.500e+003 2.930e+000 5.400e+001 7.472e-001-7.608e+000 3.102e-002 6.312e+000-3.070e+001 1.754e+003-1.513e+000-3.640e+001 2.351e-001 7.230e-001 6.485e-001 9.865e+000 7.885e+000-2.647e+002 9.110e+000 3.669e+002
 7.630e+003 2.930e+000 6.600e+001 1.018e+000-6.265e+000 9.037e-002 5.701e+000-3.820e+001 1.806e+003-5.166e+000-1.179e+002 3.352e-001-6.322e+000 5.251e-001 4.653e+000 1.372e+001-4.532e+002 1.000e+001 3.569e+002
 7.750e+003 2.930e+000 3.900e+001 6.157e-001-2.826e+000 6.882e-002 7.299e+000-1.931e+001 8.372e+002-3.866e+000-1.816e+002 3.981e-001-7.666e+000 6.105e-001 7.648e+000 1.051e+001-2.662e+002 1.270e+001 4.226e+002
 7.880e+003 2.930e+000 6.900e+001 5.051e+000-9.078e+000 1.008e-001 5.209e+001-1.497e+002 4.884e+003-6.329e+000-1.461e+003 2.852e+000-7.583e+001 2.521e+000 3.456e+001 9.626e+001-2.803e+003 7.036e+001 2.770e+003
 8.000e+003 2.930e+000 7.200e+001 3.364e+001 1.001e+002 1.894e+000 4.442e+002-9.534e+002 2.850e+004-1.776e+002-1.575e+004 2.966e+001-8.102e+002 2.863e+001 3.601e+002 8.916e+002-2.333e+004 8.544e+002 3.058e+004
 8.130e+003 2.930e+000 4.800e+001 1.190e+000-2.009e+000 1.225e-001 1.495e+001-3.215e+001 1.128e+003-5.925e+000-3.580e+002 8.404e-001-1.706e+001 1.129e+000 1.414e+001 2.195e+001-5.356e+002 2.464e+001 8.255e+002
 8.250e+003 2.930e+000 6.900e+001 1.155e+000-6.064e+000 1.309e-001 1.562e+001-3.384e+001 1.346e+003-4.100e+000-3.045e+002 7.783e-001-1.399e+001 1.316e+000 1.732e+001 2.119e+001-5.746e+002 2.507e+001 8.590e+002
 8.380e+003 2.930e+000 5.100e+001 6.062e-001-7.429e+000 2.587e-002 6.262e+000-1.905e+001 9.757e+002-1.742e+000-4.424e+001 2.423e-001 6.235e-001 8.012e-001 1.022e+001 7.662e+000-1.980e+002 1.191e+001 3.945e+002
 8.500e+003 2.930e+000 3.600e+001 1.627e-001-1.508e+000-4.441e-002 6.894e-001-4.172e+000 1.838e+002 1.565e+000 1.697e+001 6.423e-002-1.328e-001 1.905e-001 3.025e+000 2.665e+000-7.323e+001 2.473e+000 1.138e+002
 8.630e+003 2.930e+000 6.000e+001 4.387e-001-5.415e+000-4.046e-002 1.841e+000-1.517e+001 7.428e+002 5.569e-001 2.030e+001 7.722e-002 1.324e+000 4.673e-001 5.697e+000 5.433e+000-1.855e+002 5.674e+000 2.212e+002
 8.750e+003 2.930e+000 5.400e+001 2.172e-001-2.365e+000 1.673e-002 2.831e+000-4.396e+000 2.327e+002-3.499e-001 3.115e+001 1.466e-001 1.760e+000 6.552e-001 9.733e+000 2.903e+000-2.362e+001 8.748e+000 2.932e+002
 8.880e+003 2.930e+000 3.600e+001 1.637e-001-1.800e+000 2.406e-002 1.043e+000-6.125e+000 3.386e+002-1.407e+000 8.755e+000 3.657e-002 7.867e-001 2.309e-001 2.545e+000 2.174e+000-7.422e+001 2.416e+000 9.724e+001
 9.000e+003 2.930e+000 4.500e+001 2.249e-001-2.288e+000 4.728e-002 3.781e+000-5.454e+000 2.519e+002 4.810e-001-2.388e+000 1.798e-001-1.623e+000 4.723e-001 6.848e+000 3.489e+000-9.551e+001 7.116e+000 2.475e+002
 9.130e+003 2.930e+000 5.700e+001 4.727e-001-5.275e+000-1.469e-003 7.616e+000-9.442e+000 3.627e+002 3.532e+000 4.268e+000 4.434e-001-3.947e+000 8.508e-001 1.299e+001 9.133e+000-1.988e+002 1.420e+001 4.850e+002
 9.250e+003 2.930e+000 4.500e+001 1.679e-001-1.850e+000-1.197e-002 1.115e+000-4.075e+000 1.833e+002 3.099e-001 1.865e+001 5.902e-002 1.044e+000 3.483e-001 4.767e+000 1.839e+000-3.355e+001 4.759e+000 1.578e+002
 9.380e+003 2.930e+000 5.400e+001 4.235e-001-5.067e+000-2.389e-002 4.639e+000-9.254e+000 4.057e+002 2.455e+000 1.118e+001 2.690e-001-1.586e+000 6.540e-001 9.757e+000 5.962e+000-1.413e+002 9.552e+000 3.261e+002
 9.500e+003 2.930e+000 6.600e+001 5.357e-001-7.442e+000-6.009e-002 4.261e+000-1.332e+001 5.903e+002 3.080e+000 7.323e+001 2.693e-001-4.644e-001 7.242e-001 1.162e+001 8.714e+000-1.973e+002 1.048e+001 4.052e+002
 9.630e+003 2.930e+000 3.900e+001 2.279e-001-2.249e+000 2.692e-002 9.419e-001-6.541e+000 2.664e+002-1.074e+000-7.146e-001 2.666e-002 5.689e-001 2.791e-001 3.373e+000 1.294e+000-2.793e+001 3.706e+000 1.137e+002
 9.750e+003 2.930e+000 5.700e+001 4.690e-001-3.706e+000-1.504e-002 2.549e+000-1.095e+001 3.770e+002 2.074e-001-4.704e+000 2.142e-001-2.385e+000 5.105e-001 5.940e+000 5.083e+000-9.804e+001 6.905e+000 1.979e+002
 9.880e+003 2.930e+000 6.300e+001 6.981e-001-1.007e+001-1.220e-001 3.329e+000-1.742e+001 7.269e+002 5.596e+000 1.309e+002 3.081e-001-4.018e-001 8.370e-001 1.193e+001 1.134e+001-2.627e+002 1.276e+001 4.433e+002
 1.000e+004 2.930e+000 2.610e+002 2.634e+000-1.997e+001 7.467e-002 1.879e+001-5.854e+001 1.967e+003 1.242e+000 1.405e+001 1.186e+000-6.155e+000 2.928e+000 3.902e+001 2.981e+001-5.403e+002 4.376e+001 1.395e+003
 1.130e+004 2.930e+000 4.770e+002 6.203e+000-6.287e+001-3.230e-001 4.601e+001-1.161e+002 3.497e+003 2.400e+001 1.772e+002 2.931e+000-1.889e+001 6.289e+000 9.238e+001 7.100e+001-1.302e+003 9.334e+001 3.093e+003
 1.250e+004 2.930e+000 4.800e+002 4.387e+000-4.290e+001-3.961e-003 3.055e+001-8.499e+001 2.835e+003 4.777e+000 1.338e+002 1.821e+000-2.806e+000 4.860e+000 6.798e+001 4.272e+001-5.933e+002 7.068e+001 2.277e+003
 1.380e+004 2.930e+000 5.160e+002 4.427e+000-4.374e+001 9.426e-002 1.963e+001-1.009e+002 3.497e+003 1.434e+000 1.053e+002 1.057e+000-6.171e-001 3.236e+000 3.917e+001 3.303e+001-6.976e+002 4.102e+001 1.325e+003
 1.500e+004 2.930e+000 4.770e+002 3.526e+000-3.508e+001 1.609e-001 1.920e+001-7.240e+001 2.523e+003-1.557e+000 8.836e+001 1.136e+000-1.555e+000 3.260e+000 4.118e+001 2.858e+001-4.272e+002 4.451e+001 1.389e+003
 1.630e+004 2.930e+000 3.510e+002 2.726e+000-2.220e+001-2.169e-002 7.835e+000-4.634e+001 1.502e+003 6.107e+000 2.550e+002 7.638e-001 6.165e+000 2.016e+000 2.464e+001 2.090e+001-4.694e+002 1.751e+001 8.470e+002
 1.750e+004 2.930e+000 3.390e+002 2.762e+000-2.471e+001-1.939e-002 2.146e+001-2.888e+001 6.964e+002 1.142e+001 8.688e+001 1.428e+000-8.002e+000 2.199e+000 2.846e+001 2.808e+001-4.407e+002 3.123e+001 9.946e+002
 1.880e+004 2.930e+000 2.820e+002 3.323e+000-3.518e+001-9.566e-002 3.032e+001-3.194e+001 7.470e+002 2.035e+001 1.212e+002 1.924e+000-1.550e+001 1.837e+000 2.677e+001 3.823e+001-6.647e+002 2.993e+001 9.967e+002
 2.000e+004 2.930e+000 4.230e+002 2.366e+000-3.875e+001-1.452e+000-8.130e+001-4.646e+001 1.861e+003-5.207e+001 1.067e+003-4.034e+000 1.309e+002 1.282e+001 1.798e+002-4.043e+001 2.757e+003 1.944e+002 5.637e+003
 2.130e+004 2.930e+000 2.400e+002 6.468e-001-5.065e+000 1.093e-001 8.128e+000-5.163e+000 1.221e+002 2.968e+000 1.979e+001 5.283e-001-2.916e+000 1.232e+000 1.394e+001 7.470e+000-9.613e+001 1.748e+001 4.735e+002
 2.250e+004 2.930e+000 3.060e+002 3.458e+000-3.979e+001-1.656e-001 3.528e+001-2.985e+001 7.713e+002 3.404e+001 2.956e+002 2.744e+000-2.102e+001 2.668e+000 3.473e+001 5.016e+001-8.596e+002 4.272e+001 1.236e+003
 2.380e+004 2.930e+000 3.630e+002 1.485e+001-1.761e+002 4.412e-001 1.190e+002-4.521e+002 1.613e+004 3.227e+001 7.838e+002 3.827e+000-1.201e+002 1.370e+000 2.263e+001 3.695e+002-1.287e+004 1.012e+002 1.045e+004
 2.500e+004 2.930e+000 3.420e+002 3.692e+000-4.010e+001-8.716e-002 5.942e+001-2.602e+001 6.812e+002 5.462e+001 5.728e+002 4.842e+000-3.212e+001 6.932e+000 8.572e+001 8.795e+001-1.296e+003 1.201e+002 3.248e+003
 2.630e+004 2.930e+000 1.200e+002 1.034e-001-6.357e+000 1.442e-002 7.047e-001-5.146e+000 3.554e+003 2.259e-001-1.176e+001 8.174e-002-2.676e+000 1.821e-001 1.286e+000 8.514e-001 8.108e+001 1.835e+000 4.545e+001
 2.750e+004 2.930e+000 1.650e+002 2.563e-001-9.627e-001 3.056e-003 3.584e-001-2.218e+000 4.764e+001 7.222e-001 1.475e+001 8.614e-002-2.892e-001 2.110e-001 1.559e+000 1.638e+000-2.078e+001 1.954e+000 6.033e+001
 2.880e+004 2.930e+000 1.320e+002 1.218e-001-7.479e-001-2.119e-002 6.421e-001-4.788e-001 1.298e+001 7.607e-001 8.977e+000 8.766e-002-1.594e-002 2.011e-001 1.700e+000 1.325e+000-9.567e+000 1.963e+000 4.489e+001
 3.000e+004 2.930e+000 7.500e+001 5.068e-002-2.830e-002 7.877e-003 2.350e-001-3.000e-001 7.424e+000-2.059e-002-9.043e-001 2.869e-002-1.730e-001 6.564e-002 3.768e-001 4.764e-001-5.819e+000 5.703e-001 1.606e+001
 3.130e+004 2.930e+000 1.410e+002 2.948e-001 1.564e+000 1.099e-001 5.593e-001-6.587e+000 1.920e+002-3.230e+000-3.205e+001 1.104e-001-1.751e+000 1.581e-001-9.770e-001 3.683e+000-9.502e+001 1.883e+000 6.553e+001
 3.250e+004 2.930e+000 1.860e+002 5.326e-001 3.345e+000 2.002e-001 6.237e-001-1.280e+001 3.773e+002-6.571e+000-6.601e+001 2.011e-001-3.302e+000 2.383e-001-2.658e+000 7.426e+000-1.955e+002 3.263e+000 1.239e+002
 3.380e+004 2.930e+000 5.100e+001 2.487e-002 1.119e-001 4.352e-003 6.216e-003-2.481e-001 6.007e+000-1.071e-001 3.582e-001 1.287e-002-4.988e-002 3.603e-002 9.872e-002 2.022e-001-3.233e+000 2.627e-001 5.753e+000
 3.500e+004 2.930e+000 3.600e+001 8.951e-003-1.358e-002 1.105e-003 1.746e-002-1.087e-002 3.911e-001-2.131e-002 4.943e-002 1.903e-003 2.456e-004 1.449e-002 5.490e-002 2.332e-002 0.000e+000 3.781e-002 1.284e+000
 3.630e+004 2.930e+000 7.200e+001 2.874e-002-1.457e-002 4.287e-003-8.945e-003-1.463e-001 3.192e+000-2.653e-002 5.237e-001 1.414e-002-7.085e-002 4.364e-002 1.287e-001 1.097e-001-2.383e+000 2.740e-001 8.096e+000
 3.750e+004 2.930e+000 3.900e+001 2.786e-002 8.030e-002 7.601e-003-3.938e-002-4.005e-001 8.804e+000-1.753e-001 9.221e-002 1.064e-002-1.791e-001 1.894e-002-7.339e-002 2.317e-001-4.831e+000 1.169e-001 3.122e+000
 3.880e+004 2.930e+000 3.900e+001 1.130e-002-1.397e-002 1.050e-003-6.460e-003-5.728e-002 9.630e-001-5.222e-003 1.319e-001-2.419e-004 8.928e-003 1.263e-002 2.360e-002 1.264e-002-1.752e-001 2.228e-002 3.954e-001
 4.000e+004 2.930e+000 3.030e+002 1.124e+000-3.410e+000 2.406e-001 6.339e+000-2.831e+001 7.625e+002-4.976e+000-1.127e+002 4.007e-001-1.113e+001 2.741e-001-1.464e+000 1.728e+001-4.765e+002 7.783e+000 3.198e+002
 4.130e+004 2.930e+000 4.200e+001 9.047e-003 5.851e-003 1.098e-003 2.367e-002-2.278e-002 5.854e-001 1.084e-003-8.409e-002 3.238e-003-1.310e-002 1.549e-002 4.271e-002 1.426e-002-1.250e-001 3.671e-002 7.085e-001
 4.250e+004 2.930e+000 3.600e+001 1.662e-002 1.222e-001 4.278e-003-6.017e-002-1.590e-001 4.490e+000-1.574e-001-2.449e-001 6.903e-003-1.250e-002 1.477e-002-6.425e-002 1.113e-001-2.409e+000 5.591e-002 1.952e+000
 4.380e+004 2.930e+000 1.500e+001 2.826e-003 8.157e-003 1.257e-003-3.286e-003-1.029e-002 3.526e-001-1.429e-002 3.896e-002 6.840e-004 7.973e-003 3.153e-003-6.626e-003 7.436e-003-1.176e-001 7.316e-004 1.180e-001
 4.500e+004 2.930e+000 9.000e+000 1.953e-003 1.890e-003-1.146e-004 5.945e-003-2.844e-003 3.759e-002-5.986e-004 0.000e+000 1.047e-003-3.537e-003 2.323e-003 1.247e-002 2.950e-003 0.000e+000 5.835e-003 2.268e-001
 4.630e+004 2.930e+000 2.400e+001 4.739e-003-3.119e-003 1.593e-003-6.915e-003-2.058e-002 5.542e-001-1.503e-002 0.000e+000 1.695e-003-7.526e-003 5.648e-003-8.788e-003 8.678e-003-1.492e-001 1.333e-002 1.855e-001
 4.750e+004 2.930e+000 2.520e+002 6.962e-001 3.990e-001 1.856e-001 9.455e-003-1.916e+001 5.533e+002-5.447e+000-3.429e+000 1.911e-001-5.255e+000 1.477e-001-1.499e+000 5.415e+000-1.569e+002 1.514e+000 4.683e+001
 4.880e+004 2.930e+000 1.110e+002 1.520e-001 4.851e-002 3.929e-002 1.857e-002-3.879e+000 1.085e+002-1.112e+000-8.516e-001 3.507e-002-9.394e-001 3.575e-002-2.409e-001 8.927e-001-2.495e+001 2.306e-001 6.460e+000
 5.000e+004 2.930e+000 6.000e+000 1.730e-003 2.990e-003 2.792e-004 1.800e-003-4.746e-003 3.428e-002-4.735e-003 0.000e+000 8.041e-004 9.213e-004 1.951e-003 3.695e-003 9.972e-004 0.000e+000 1.452e-003 3.451e-002
 5.130e+004 2.930e+000 0.000e+000 0.000e+000 0.000e+000 0.000e+000 0.000e+000 0.000e+000 0.000e+000 0.000e+000 0.000e+000 0.000e+000 0.000e+000 0.000e+000 0.000e+000 0.000e+000 0.000e+000 0.000e+000 0.000e+000
 5.250e+004 2.930e+000 3.000e+000 3.984e-004-7.274e-004 4.239e-005 0.000e+000-3.349e-003 3.295e-002-5.002e-004 0.000e+000-1.353e-004 1.032e-003 1.097e-004 0.000e+000 0.000e+000 0.000e+000 0.000e+000 0.000e+000
 5.380e+004 2.930e+000 5.700e+001 2.601e-002-2.789e-001 2.312e-003 9.292e-002-2.029e-001 5.430e+000 1.086e-001-1.905e-001 1.037e-002-1.107e-001 1.163e-002 4.028e-002 4.984e-002-1.683e+000 2.497e-002 7.620e-001
 5.500e+004 2.930e+000 2.400e+001 2.179e-003-8.583e-003 3.705e-004 4.811e-003-2.052e-002 6.787e-001-8.847e-003-1.542e-001 2.059e-004 3.165e-003 2.981e-003 1.423e-004-1.103e-003 3.084e-002 4.834e-003 9.253e-002
 5.630e+004 2.930e+000 8.100e+001 2.946e-002-2.725e-002 1.499e-002 3.932e-001-8.331e-001 2.990e+001-4.854e-001-1.421e+001 1.764e-003-4.216e-002 1.635e-002 1.352e-001-2.166e-001 7.030e+000 2.270e-001 9.258e+000
 5.750e+004 2.930e+000 0.000e+000 0.000e+000 0.000e+000 0.000e+000 0.000e+000 0.000e+000 0.000e+000 0.000e+000 0.000e+000 0.000e+000 0.000e+000 0.000e+000 0.000e+000 0.000e+000 0.000e+000 0.000e+000 0.000e+000
 5.880e+004 2.930e+000 0.000e+000 0.000e+000 0.000e+000 0.000e+000 0.000e+000 0.000e+000 0.000e+000 0.000e+000 0.000e+000 0.000e+000 0.000e+000 0.000e+000 0.000e+000 0.000e+000 0.000e+000 0.000e+000 0.000e+000
 6.000e+004 2.930e+000 2.100e+001 3.905e-003-1.141e-002-4.240e-004 2.017e-002-1.044e-002 2.000e-001 1.304e-002 0.000e+000 2.783e-003-7.527e-003 3.951e-003 1.859e-002 2.318e-002-2.000e-001 1.786e-002 4.001e-001
 6.130e+004 2.930e+000 0.000e+000 0.000e+000 0.000e+000 0.000e+000 0.000e+000 0.000e+000 0.000e+000 0.000e+000 0.000e+000 0.000e+000 0.000e+000 0.000e+000 0.000e+000 0.000e+000 0.000e+000 0.000e+000 0.000e+000
 6.250e+004 2.930e+000 3.000e+000 4.477e-005-7.768e-004 6.047e-005 0.000e+000-4.935e-004 2.765e-002-1.325e-003 0.000e+000 1.769e-005-8.943e-004 2.199e-004 0.000e+000 0.000e+000 0.000e+000 0.000e+000 0.000e+000
 6.380e+004 2.930e+000 8.400e+001 5.554e-002-1.221e-002 1.672e-002 3.143e-001-1.221e+000 2.932e+001-3.939e-001-7.377e+000 1.587e-002-3.655e-001 1.678e-002-4.815e-002 4.375e-001-1.046e+001 2.293e-001 6.145e+000
 6.500e+004 2.930e+000 1.200e+001 5.006e-004-3.164e-004 2.132e-004 0.000e+000-5.075e-003 1.595e-001-2.156e-003 0.000e+000 1.301e-004-2.125e-003 6.417e-004 0.000e+000 0.000e+000 0.000e+000 0.000e+000 0.000e+000
 6.630e+004 2.930e+000 3.000e+000 3.575e-005 5.830e-004 0.000e+000 0.000e+000-5.286e-004 2.598e-002 0.000e+000 0.000e+000 0.000e+000 0.000e+000 5.050e-005 0.000e+000 0.000e+000 0.000e+000 0.000e+000 0.000e+000
 6.750e+004 2.930e+000 0.000e+000 0.000e+000 0.000e+000 0.000e+000 0.000e+000 0.000e+000 0.000e+000 0.000e+000 0.000e+000 0.000e+000 0.000e+000 0.000e+000 0.000e+000 0.000e+000 0.000e+000 0.000e+000 0.000e+000
 6.880e+004 2.930e+000 6.900e+001 5.680e-003 1.189e-002-2.238e-003 1.466e-001 2.748e-002 7.510e-001-1.529e-001 1.327e+000 1.513e-002 2.326e-001 1.509e-001 1.724e+000 1.632e-001 4.056e+000 1.366e+000 3.354e+001
 7.000e+004 2.930e+000 0.000e+000 0.000e+000 0.000e+000 0.000e+000 0.000e+000 0.000e+000 0.000e+000 0.000e+000 0.000e+000 0.000e+000 0.000e+000 0.000e+000 0.000e+000 0.000e+000 0.000e+000 0.000e+000 0.000e+000
 7.130e+004 2.930e+000 1.800e+001 1.284e-003-3.614e-003 3.078e-004 0.000e+000-1.398e-002 3.122e-001-5.830e-003 0.000e+000 2.675e-004-3.304e-003 6.632e-004 0.000e+000 0.000e+000 0.000e+000 0.000e+000 0.000e+000
 7.250e+004 2.930e+000 3.300e+001 5.433e-003-1.259e-002 1.095e-003 3.973e-003-9.167e-002 2.262e+000-2.018e-002-9.526e-002 5.074e-004-1.209e-002 1.468e-003-1.219e-003 2.958e-003-4.763e-002 3.089e-004 4.763e-002
 7.380e+004 2.930e+000 0.000e+000 0.000e+000 0.000e+000 0.000e+000 0.000e+000 0.000e+000 0.000e+000 0.000e+000 0.000e+000 0.000e+000 0.000e+000 0.000e+000 0.000e+000 0.000e+000 0.000e+000 0.000e+000 0.000e+000
 7.500e+004 2.930e+000 0.000e+000 0.000e+000 0.000e+000 0.000e+000 0.000e+000 0.000e+000 0.000e+000 0.000e+000 0.000e+000 0.000e+000 0.000e+000 0.000e+000 0.000e+000 0.000e+000 0.000e+000 0.000e+000 0.000e+000
 7.630e+004 2.930e+000 3.000e+000 8.333e-005 2.852e-005 3.114e-005 0.000e+000-1.051e-003 2.255e-002-2.143e-004 0.000e+000-4.182e-005 4.303e-004 8.453e-005 0.000e+000 0.000e+000 0.000e+000 0.000e+000 0.000e+000
 7.750e+004 2.930e+000 3.000e+000 1.249e-004-3.977e-004 5.676e-005 0.000e+000-8.388e-004 2.198e-002 2.145e-004 0.000e+000 3.156e-005-4.230e-004 5.628e-005 0.000e+000 0.000e+000 0.000e+000 0.000e+000 0.000e+000
 7.880e+004 2.930e+000 0.000e+000 0.000e+000 0.000e+000 0.000e+000 0.000e+000 0.000e+000 0.000e+000 0.000e+000 0.000e+000 0.000e+000 0.000e+000 0.000e+000 0.000e+000 0.000e+000 0.000e+000 0.000e+000 0.000e+000
 8.000e+004 2.930e+000 3.900e+001 2.381e-003-6.020e-003 1.553e-005 0.000e+000-2.083e-002 5.152e-001-2.368e-003 0.000e+000 3.420e-004-3.073e-003 1.081e-003 0.000e+000 0.000e+000 0.000e+000 0.000e+000 0.000e+000
 8.130e+004 2.930e+000 0.000e+000 0.000e+000 0.000e+000 0.000e+000 0.000e+000 0.000e+000 0.000e+000 0.000e+000 0.000e+000 0.000e+000 0.000e+000 0.000e+000 0.000e+000 0.000e+000 0.000e+000 0.000e+000 0.000e+000
 8.250e+004 2.930e+000 3.000e+000 1.545e-004 1.419e-003-7.115e-006 0.000e+000-7.080e-004 2.091e-002 0.000e+000 0.000e+000-1.272e-005 0.000e+000 1.528e-005 0.000e+000 0.000e+000 0.000e+000 0.000e+000 0.000e+000
 8.380e+004 2.930e+000 0.000e+000 0.000e+000 0.000e+000 0.000e+000 0.000e+000 0.000e+000 0.000e+000 0.000e+000 0.000e+000 0.000e+000 0.000e+000 0.000e+000 0.000e+000 0.000e+000 0.000e+000 0.000e+000 0.000e+000
 8.500e+004 2.930e+000 0.000e+000 0.000e+000 0.000e+000 0.000e+000 0.000e+000 0.000e+000 0.000e+000 0.000e+000 0.000e+000 0.000e+000 0.000e+000 0.000e+000 0.000e+000 0.000e+000 0.000e+000 0.000e+000 0.000e+000
 8.630e+004 2.930e+000 0.000e+000 0.000e+000 0.000e+000 0.000e+000 0.000e+000 0.000e+000 0.000e+000 0.000e+000 0.000e+000 0.000e+000 0.000e+000 0.000e+000 0.000e+000 0.000e+000 0.000e+000 0.000e+000 0.000e+000
 8.750e+004 2.930e+000 0.000e+000 0.000e+000 0.000e+000 0.000e+000 0.000e+000 0.000e+000 0.000e+000 0.000e+000 0.000e+000 0.000e+000 0.000e+000 0.000e+000 0.000e+000 0.000e+000 0.000e+000 0.000e+000 0.000e+000
 8.880e+004 2.930e+000 0.000e+000 0.000e+000 0.000e+000 0.000e+000 0.000e+000 0.000e+000 0.000e+000 0.000e+000 0.000e+000 0.000e+000 0.000e+000 0.000e+000 0.000e+000 0.000e+000 0.000e+000 0.000e+000 0.000e+000
 9.000e+004 2.930e+000 1.800e+001 5.028e-004 0.000e+000 1.338e-006-8.482e-005 0.000e+000 0.000e+000 0.000e+000 0.000e+000 3.177e-005 0.000e+000 6.625e-004 1.600e-004 2.909e-004 0.000e+000 6.207e-003 1.140e-001
 9.130e+004 2.930e+000 2.100e+001 2.869e-004 0.000e+000-3.777e-005-7.611e-004 0.000e+000 0.000e+000 0.000e+000 0.000e+000 1.780e-004 0.000e+000 1.042e-003-1.389e-003 2.120e-003 0.000e+000 1.138e-002 1.691e-001
 9.250e+004 2.930e+000 2.700e+001 1.148e-003-2.664e-003-2.610e-004-1.101e-003-4.276e-003 7.413e-002 9.624e-004 0.000e+000 1.061e-004 2.091e-003 1.032e-003 2.617e-003 2.315e-003 0.000e+000 5.865e-003 9.271e-002
 9.380e+004 2.930e+000 1.800e+001 4.558e-004 0.000e+000 1.425e-004 3.025e-003 0.000e+000 0.000e+000 0.000e+000 0.000e+000 3.489e-004 0.000e+000 9.929e-004 2.202e-003 4.008e-003 0.000e+000 8.274e-003 1.279e-001
 9.500e+004 2.930e+000 9.000e+000 6.329e-005 0.000e+000-4.485e-005-7.457e-005 0.000e+000 0.000e+000 0.000e+000 0.000e+000-3.989e-006 0.000e+000 5.807e-004 3.373e-003 2.809e-004 0.000e+000 3.764e-003 5.417e-002
 9.630e+004 2.930e+000 0.000e+000 0.000e+000 0.000e+000 0.000e+000 0.000e+000 0.000e+000 0.000e+000 0.000e+000 0.000e+000 0.000e+000 0.000e+000 0.000e+000 0.000e+000 0.000e+000 0.000e+000 0.000e+000 0.000e+000
 9.750e+004 2.930e+000 0.000e+000 0.000e+000 0.000e+000 0.000e+000 0.000e+000 0.000e+000 0.000e+000 0.000e+000 0.000e+000 0.000e+000 0.000e+000 0.000e+000 0.000e+000 0.000e+000 0.000e+000 0.000e+000 0.000e+000
 9.880e+004 2.930e+000 0.000e+000 0.000e+000 0.000e+000 0.000e+000 0.000e+000 0.000e+000 0.000e+000 0.000e+000 0.000e+000 0.000e+000 0.000e+000 0.000e+000 0.000e+000 0.000e+000 0.000e+000 0.000e+000 0.000e+000
 1.000e+005 2.930e+000 0.000e+000 0.000e+000 0.000e+000 0.000e+000 0.000e+000 0.000e+000 0.000e+000 0.000e+000 0.000e+000 0.000e+000 0.000e+000 0.000e+000 0.000e+000 0.000e+000 0.000e+000 0.000e+000 0.000e+000
