 6.250e+000 2.930e+000 0.000e+000 0.000e+000 0.000e+000 0.000e+000 0.000e+000 0.000e+000 0.000e+000 0.000e+000 0.000e+000 0.000e+000 0.000e+000 0.000e+000 0.000e+000 0.000e+000 0.000e+000 0.000e+000 0.000e+000
 7.500e+000 2.930e+000 0.000e+000 0.000e+000 0.000e+000 0.000e+000 0.000e+000 0.000e+000 0.000e+000 0.000e+000 0.000e+000 0.000e+000 0.000e+000 0.000e+000 0.000e+000 0.000e+000 0.000e+000 0.000e+000 0.000e+000
 8.750e+000 2.930e+000 0.000e+000 0.000e+000 0.000e+000 0.000e+000 0.000e+000 0.000e+000 0.000e+000 0.000e+000 0.000e+000 0.000e+000 0.000e+000 0.000e+000 0.000e+000 0.000e+000 0.000e+000 0.000e+000 0.000e+000
 1.000e+001 2.930e+000 0.000e+000 0.000e+000 0.000e+000 0.000e+000 0.000e+000 0.000e+000 0.000e+000 0.000e+000 0.000e+000 0.000e+000 0.000e+000 0.000e+000 0.000e+000 0.000e+000 0.000e+000 0.000e+000 0.000e+000
 1.130e+001 2.930e+000 2.400e+001 1.459e+003 3.067e+003-6.824e+000 3.451e+003-1.956e+003 5.144e+005-4.177e+002-4.446e+004-1.925e+002 4.011e+002 1.323e+002 8.610e+002 4.632e+002 3.318e+005 5.487e+002 2.481e+005
 1.250e+001 2.930e+000 0.000e+000 0.000e+000 0.000e+000 0.000e+000 0.000e+000 0.000e+000 0.000e+000 0.000e+000 0.000e+000 0.000e+000 0.000e+000 0.000e+000 0.000e+000 0.000e+000 0.000e+000 0.000e+000 0.000e+000
 1.380e+001 2.930e+000 0.000e+000 0.000e+000 0.000e+000 0.000e+000 0.000e+000 0.000e+000 0.000e+000 0.000e+000 0.000e+000 0.000e+000 0.000e+000 0.000e+000 0.000e+000 0.000e+000 0.000e+000 0.000e+000 0.000e+000
 1.500e+001 2.930e+000 2.100e+001 1.269e+003 9.813e+003 3.470e+001 7.930e+003 2.649e+003 5.383e+005 1.285e+003 7.885e+003-1.250e+002-4.093e+002 4.649e+001-6.638e+002 4.240e+003 3.546e+005-2.925e+001 2.692e+005
 1.630e+001 2.930e+000 0.000e+000 0.000e+000 0.000e+000 0.000e+000 0.000e+000 0.000e+000 0.000e+000 0.000e+000 0.000e+000 0.000e+000 0.000e+000 0.000e+000 0.000e+000 0.000e+000 0.000e+000 0.000e+000 0.000e+000
 1.750e+001 2.930e+000 2.400e+001 9.673e+002-4.931e+002 2.949e+001 5.589e+002 2.484e+003 3.724e+005-7.225e+002-1.255e+004-1.607e+002 1.990e+002 7.396e+001 8.405e+002 1.924e+003 2.647e+005 3.932e+002 2.105e+005
 1.880e+001 2.930e+000 0.000e+000 0.000e+000 0.000e+000 0.000e+000 0.000e+000 0.000e+000 0.000e+000 0.000e+000 0.000e+000 0.000e+000 0.000e+000 0.000e+000 0.000e+000 0.000e+000 0.000e+000 0.000e+000 0.000e+000
 2.000e+001 2.930e+000 2.400e+001 1.047e+003-1.549e+003-2.103e+001-4.112e+002 8.399e+003 6.667e+005-3.541e+001-2.635e+004-1.017e+002-1.219e+003 4.443e+001 3.403e+002 7.320e+003 4.416e+005-5.700e+002 3.166e+005
 2.130e+001 2.930e+000 0.000e+000 0.000e+000 0.000e+000 0.000e+000 0.000e+000 0.000e+000 0.000e+000 0.000e+000 0.000e+000 0.000e+000 0.000e+000 0.000e+000 0.000e+000 0.000e+000 0.000e+000 0.000e+000 0.000e+000
 2.250e+001 2.930e+000 0.000e+000 0.000e+000 0.000e+000 0.000e+000 0.000e+000 0.000e+000 0.000e+000 0.000e+000 0.000e+000 0.000e+000 0.000e+000 0.000e+000 0.000e+000 0.000e+000 0.000e+000 0.000e+000 0.000e+000
 2.380e+001 2.930e+000 2.100e+001 2.037e+003 2.655e+003-7.677e+001 3.977e+001 6.217e+003 3.222e+005-2.720e+002-3.046e+004-3.199e+002-1.472e+003 6.950e+001 7.399e+002 5.862e+003 2.138e+005-9.606e+002 1.581e+005
 2.500e+001 2.930e+000 0.000e+000 0.000e+000 0.000e+000 0.000e+000 0.000e+000 0.000e+000 0.000e+000 0.000e+000 0.000e+000 0.000e+000 0.000e+000 0.000e+000 0.000e+000 0.000e+000 0.000e+000 0.000e+000 0.000e+000
 2.630e+001 2.930e+000 2.100e+001 1.793e+003-2.608e+003 9.689e+000-1.189e+003 5.236e+003 3.805e+005-4.252e+001-8.771e+003-1.698e+002-1.261e+003 5.459e+001 5.043e+002 5.840e+003 2.452e+005-6.386e+002 1.791e+005
 2.750e+001 2.930e+000 0.000e+000 0.000e+000 0.000e+000 0.000e+000 0.000e+000 0.000e+000 0.000e+000 0.000e+000 0.000e+000 0.000e+000 0.000e+000 0.000e+000 0.000e+000 0.000e+000 0.000e+000 0.000e+000 0.000e+000
 2.880e+001 2.930e+000 1.800e+001 1.323e+003 1.750e+003-5.110e+001-2.766e+002 8.846e+003 3.613e+005-2.625e+002-3.005e+004-2.333e+002-2.631e+003 7.410e+001 7.584e+002 7.031e+003 2.309e+005-1.463e+003 1.629e+005
 3.000e+001 2.930e+000 0.000e+000 0.000e+000 0.000e+000 0.000e+000 0.000e+000 0.000e+000 0.000e+000 0.000e+000 0.000e+000 0.000e+000 0.000e+000 0.000e+000 0.000e+000 0.000e+000 0.000e+000 0.000e+000 0.000e+000
 3.130e+001 2.930e+000 0.000e+000 0.000e+000 0.000e+000 0.000e+000 0.000e+000 0.000e+000 0.000e+000 0.000e+000 0.000e+000 0.000e+000 0.000e+000 0.000e+000 0.000e+000 0.000e+000 0.000e+000 0.000e+000 0.000e+000
 3.250e+001 2.930e+000 2.400e+001 4.811e+003 1.024e+004-7.832e+000 6.598e+003 9.401e+003 3.422e+005 9.381e+002-1.730e+004-7.308e+002-9.463e+002 1.543e+002-2.429e+002 9.687e+003 2.539e+005-5.604e+002 2.045e+005
 3.380e+001 2.930e+000 0.000e+000 0.000e+000 0.000e+000 0.000e+000 0.000e+000 0.000e+000 0.000e+000 0.000e+000 0.000e+000 0.000e+000 0.000e+000 0.000e+000 0.000e+000 0.000e+000 0.000e+000 0.000e+000 0.000e+000
 3.500e+001 2.930e+000 2.400e+001 6.203e+003 1.196e+004-2.314e+002 4.094e+003 1.129e+004 2.934e+005 1.539e+003-2.335e+004-9.535e+002-1.807e+003 1.848e+002-1.006e+002 1.184e+004 2.083e+005-1.341e+003 1.662e+005
 3.630e+001 2.930e+000 0.000e+000 0.000e+000 0.000e+000 0.000e+000 0.000e+000 0.000e+000 0.000e+000 0.000e+000 0.000e+000 0.000e+000 0.000e+000 0.000e+000 0.000e+000 0.000e+000 0.000e+000 0.000e+000 0.000e+000
 3.750e+001 2.930e+000 2.400e+001 7.973e+003 1.324e+004-2.115e+002 4.453e+003 1.153e+004 3.420e+005 1.571e+003-2.099e+004-1.182e+003-1.403e+003 2.334e+002 1.029e+002 1.378e+004 2.425e+005-1.013e+003 1.970e+005
 3.880e+001 2.930e+000 0.000e+000 0.000e+000 0.000e+000 0.000e+000 0.000e+000 0.000e+000 0.000e+000 0.000e+000 0.000e+000 0.000e+000 0.000e+000 0.000e+000 0.000e+000 0.000e+000 0.000e+000 0.000e+000 0.000e+000
 4.000e+001 2.930e+000 0.000e+000 0.000e+000 0.000e+000 0.000e+000 0.000e+000 0.000e+000 0.000e+000 0.000e+000 0.000e+000 0.000e+000 0.000e+000 0.000e+000 0.000e+000 0.000e+000 0.000e+000 0.000e+000 0.000e+000
 4.130e+001 2.930e+000 2.400e+001 2.199e+004 2.045e+004-8.482e+002 1.834e+003 4.413e+004 4.922e+005 1.704e+003-3.277e+004-3.604e+003-6.599e+003 7.102e+002 1.898e+003 4.355e+004 3.762e+005-4.871e+003 3.304e+005
 4.250e+001 2.930e+000 0.000e+000 0.000e+000 0.000e+000 0.000e+000 0.000e+000 0.000e+000 0.000e+000 0.000e+000 0.000e+000 0.000e+000 0.000e+000 0.000e+000 0.000e+000 0.000e+000 0.000e+000 0.000e+000 0.000e+000
 4.380e+001 2.930e+000 2.400e+001 4.443e+004 3.849e+004-1.190e+003 5.240e+003 8.694e+004 7.568e+005 3.535e+003-5.822e+004-7.243e+003-9.567e+003 1.323e+003 1.829e+003 7.705e+004 6.483e+005-6.702e+003 5.982e+005
 4.500e+001 2.930e+000 0.000e+000 0.000e+000 0.000e+000 0.000e+000 0.000e+000 0.000e+000 0.000e+000 0.000e+000 0.000e+000 0.000e+000 0.000e+000 0.000e+000 0.000e+000 0.000e+000 0.000e+000 0.000e+000 0.000e+000
 4.630e+001 2.930e+000 2.400e+001 8.917e+004 1.141e+005-2.107e+003 5.274e+004 2.295e+005 1.402e+006 9.564e+003-1.605e+005-1.232e+004-2.479e+004 1.953e+003-1.344e+002 2.451e+005 1.364e+006-2.398e+004 1.417e+006
 4.750e+001 2.930e+000 0.000e+000 0.000e+000 0.000e+000 0.000e+000 0.000e+000 0.000e+000 0.000e+000 0.000e+000 0.000e+000 0.000e+000 0.000e+000 0.000e+000 0.000e+000 0.000e+000 0.000e+000 0.000e+000 0.000e+000
 4.880e+001 2.930e+000 0.000e+000 0.000e+000 0.000e+000 0.000e+000 0.000e+000 0.000e+000 0.000e+000 0.000e+000 0.000e+000 0.000e+000 0.000e+000 0.000e+000 0.000e+000 0.000e+000 0.000e+000 0.000e+000 0.000e+000
 5.000e+001 2.930e+000 2.400e+001 2.114e+007 5.605e+007-1.999e+005 5.297e+007 6.086e+007 3.251e+008 4.020e+006-2.607e+007-1.727e+006-5.501e+006 1.442e+005-3.682e+006 6.747e+007 3.356e+008-5.987e+006 3.495e+008
 5.130e+001 2.930e+000 0.000e+000 0.000e+000 0.000e+000 0.000e+000 0.000e+000 0.000e+000 0.000e+000 0.000e+000 0.000e+000 0.000e+000 0.000e+000 0.000e+000 0.000e+000 0.000e+000 0.000e+000 0.000e+000 0.000e+000
 5.250e+001 2.930e+000 2.400e+001 7.640e+004 1.253e+005-1.052e+003 7.520e+004 2.852e+005 1.936e+006 1.209e+004-1.517e+005-9.722e+003-2.868e+004 1.430e+003-5.182e+003 2.812e+005 1.845e+006-2.628e+004 1.820e+006
 5.380e+001 2.930e+000 0.000e+000 0.000e+000 0.000e+000 0.000e+000 0.000e+000 0.000e+000 0.000e+000 0.000e+000 0.000e+000 0.000e+000 0.000e+000 0.000e+000 0.000e+000 0.000e+000 0.000e+000 0.000e+000 0.000e+000
 5.500e+001 2.930e+000 0.000e+000 0.000e+000 0.000e+000 0.000e+000 0.000e+000 0.000e+000 0.000e+000 0.000e+000 0.000e+000 0.000e+000 0.000e+000 0.000e+000 0.000e+000 0.000e+000 0.000e+000 0.000e+000 0.000e+000
 5.630e+001 2.930e+000 2.400e+001 2.359e+004 2.343e+004-7.905e+002 1.395e+003 5.744e+004 6.187e+005 7.665e+002-5.497e+004-3.332e+003-4.175e+003 5.806e+002 2.584e+003 5.779e+004 5.592e+005-3.262e+003 5.423e+005
 5.750e+001 2.930e+000 0.000e+000 0.000e+000 0.000e+000 0.000e+000 0.000e+000 0.000e+000 0.000e+000 0.000e+000 0.000e+000 0.000e+000 0.000e+000 0.000e+000 0.000e+000 0.000e+000 0.000e+000 0.000e+000 0.000e+000
 5.880e+001 2.930e+000 1.800e+001 1.055e+004 8.007e+003-2.967e+002-2.291e+003 2.618e+004 2.001e+005 3.444e+001-2.180e+004-1.655e+003-3.145e+003 3.046e+002 1.632e+003 2.291e+004 1.696e+005-2.061e+003 1.637e+005
 6.000e+001 2.930e+000 0.000e+000 0.000e+000 0.000e+000 0.000e+000 0.000e+000 0.000e+000 0.000e+000 0.000e+000 0.000e+000 0.000e+000 0.000e+000 0.000e+000 0.000e+000 0.000e+000 0.000e+000 0.000e+000 0.000e+000
 6.130e+001 2.930e+000 2.400e+001 8.360e+003 9.670e+003-1.303e+002 3.661e+003 2.081e+004 1.958e+005 8.431e+002-1.097e+004-1.194e+003-2.745e+003 1.929e+002 1.366e+002 1.904e+004 1.534e+005-2.168e+003 1.332e+005
 6.250e+001 2.930e+000 0.000e+000 0.000e+000 0.000e+000 0.000e+000 0.000e+000 0.000e+000 0.000e+000 0.000e+000 0.000e+000 0.000e+000 0.000e+000 0.000e+000 0.000e+000 0.000e+000 0.000e+000 0.000e+000 0.000e+000
 6.380e+001 2.930e+000 0.000e+000 0.000e+000 0.000e+000 0.000e+000 0.000e+000 0.000e+000 0.000e+000 0.000e+000 0.000e+000 0.000e+000 0.000e+000 0.000e+000 0.000e+000 0.000e+000 0.000e+000 0.000e+000 0.000e+000
 6.500e+001 2.930e+000 2.400e+001 3.132e+003 1.248e+003-1.370e+002-1.626e+003 9.120e+003 1.796e+005-4.988e+001-2.333e+003-4.086e+002-6.053e+002 8.370e+001 6.847e+002 8.749e+003 1.349e+005-3.111e+002 1.134e+005
 6.630e+001 2.930e+000 0.000e+000 0.000e+000 0.000e+000 0.000e+000 0.000e+000 0.000e+000 0.000e+000 0.000e+000 0.000e+000 0.000e+000 0.000e+000 0.000e+000 0.000e+000 0.000e+000 0.000e+000 0.000e+000 0.000e+000
 6.750e+001 2.930e+000 2.400e+001 2.556e+003-3.352e+003-1.129e+002-4.568e+003 7.978e+003 1.330e+005-1.259e+003-1.282e+004-3.596e+002-8.788e+002 8.083e+001 1.484e+003 6.536e+003 1.009e+005-3.455e+002 8.803e+004
 6.880e+001 2.930e+000 0.000e+000 0.000e+000 0.000e+000 0.000e+000 0.000e+000 0.000e+000 0.000e+000 0.000e+000 0.000e+000 0.000e+000 0.000e+000 0.000e+000 0.000e+000 0.000e+000 0.000e+000 0.000e+000 0.000e+000
 7.000e+001 2.930e+000 2.100e+001 2.114e+003 3.072e+003-1.836e+001 1.065e+003 5.333e+003 1.024e+005-2.302e+002-1.153e+004-2.668e+002-7.612e+002 5.188e+001 5.059e+002 5.037e+003 7.748e+004-4.836e+002 6.553e+004
 7.130e+001 2.930e+000 0.000e+000 0.000e+000 0.000e+000 0.000e+000 0.000e+000 0.000e+000 0.000e+000 0.000e+000 0.000e+000 0.000e+000 0.000e+000 0.000e+000 0.000e+000 0.000e+000 0.000e+000 0.000e+000 0.000e+000
 7.250e+001 2.930e+000 0.000e+000 0.000e+000 0.000e+000 0.000e+000 0.000e+000 0.000e+000 0.000e+000 0.000e+000 0.000e+000 0.000e+000 0.000e+000 0.000e+000 0.000e+000 0.000e+000 0.000e+000 0.000e+000 0.000e+000
 7.380e+001 2.930e+000 2.400e+001 1.640e+003 1.659e+001-4.479e+001-1.096e+003 5.531e+003 1.394e+005-4.751e+002-3.551e+003-2.492e+002-4.536e+002 5.260e+001 6.144e+002 4.413e+003 9.994e+004-2.278e+002 7.637e+004
 7.500e+001 2.930e+000 0.000e+000 0.000e+000 0.000e+000 0.000e+000 0.000e+000 0.000e+000 0.000e+000 0.000e+000 0.000e+000 0.000e+000 0.000e+000 0.000e+000 0.000e+000 0.000e+000 0.000e+000 0.000e+000 0.000e+000
 7.630e+001 2.930e+000 2.400e+001 8.093e+002 2.697e+003 3.564e+000 1.558e+003 3.077e+003 1.462e+005 2.702e+002-3.562e+003-9.446e+001-4.321e+001 2.959e+001 2.142e+001 2.361e+003 9.718e+004 1.445e+002 7.074e+004
 7.750e+001 2.930e+000 0.000e+000 0.000e+000 0.000e+000 0.000e+000 0.000e+000 0.000e+000 0.000e+000 0.000e+000 0.000e+000 0.000e+000 0.000e+000 0.000e+000 0.000e+000 0.000e+000 0.000e+000 0.000e+000 0.000e+000
 7.880e+001 2.930e+000 2.400e+001 1.205e+003 7.793e+002-1.703e+001-2.938e+002 6.012e+003 1.434e+005-5.096e+002-9.503e+003-1.875e+002-6.548e+002 4.246e+001 6.012e+002 4.157e+003 1.027e+005-3.070e+002 7.822e+004
 8.000e+001 2.930e+000 0.000e+000 0.000e+000 0.000e+000 0.000e+000 0.000e+000 0.000e+000 0.000e+000 0.000e+000 0.000e+000 0.000e+000 0.000e+000 0.000e+000 0.000e+000 0.000e+000 0.000e+000 0.000e+000 0.000e+000
 8.130e+001 2.930e+000 0.000e+000 0.000e+000 0.000e+000 0.000e+000 0.000e+000 0.000e+000 0.000e+000 0.000e+000 0.000e+000 0.000e+000 0.000e+000 0.000e+000 0.000e+000 0.000e+000 0.000e+000 0.000e+000 0.000e+000
 8.250e+001 2.930e+000 2.400e+001 6.785e+002 6.808e+002-1.384e+001-5.519e+001 1.815e+003 9.479e+004-5.622e+002-3.542e+003-9.297e+001 2.796e+001 3.502e+001 6.990e+002 1.683e+003 7.124e+004 1.595e+002 5.909e+004
 8.380e+001 2.930e+000 0.000e+000 0.000e+000 0.000e+000 0.000e+000 0.000e+000 0.000e+000 0.000e+000 0.000e+000 0.000e+000 0.000e+000 0.000e+000 0.000e+000 0.000e+000 0.000e+000 0.000e+000 0.000e+000 0.000e+000
 8.500e+001 2.930e+000 2.400e+001 6.410e+002-6.428e+002-2.546e+000-4.623e+002 1.299e+003 8.493e+004-6.198e+001 5.167e+001-8.905e+001-2.656e+001 2.323e+001 1.482e+002 1.087e+003 5.666e+004 4.555e+001 4.088e+004
 8.630e+001 2.930e+000 0.000e+000 0.000e+000 0.000e+000 0.000e+000 0.000e+000 0.000e+000 0.000e+000 0.000e+000 0.000e+000 0.000e+000 0.000e+000 0.000e+000 0.000e+000 0.000e+000 0.000e+000 0.000e+000 0.000e+000
 8.750e+001 2.930e+000 2.100e+001 4.216e+002-6.270e+002-7.736e-001-6.736e+002 2.010e+003 7.314e+004-2.331e+002-4.532e+003-5.903e+001-3.035e+002 1.656e+001 2.723e+002 1.348e+003 5.051e+004-1.261e+002 3.720e+004
 8.880e+001 2.930e+000 0.000e+000 0.000e+000 0.000e+000 0.000e+000 0.000e+000 0.000e+000 0.000e+000 0.000e+000 0.000e+000 0.000e+000 0.000e+000 0.000e+000 0.000e+000 0.000e+000 0.000e+000 0.000e+000 0.000e+000
 9.000e+001 2.930e+000 0.000e+000 0.000e+000 0.000e+000 0.000e+000 0.000e+000 0.000e+000 0.000e+000 0.000e+000 0.000e+000 0.000e+000 0.000e+000 0.000e+000 0.000e+000 0.000e+000 0.000e+000 0.000e+000 0.000e+000
 9.130e+001 2.930e+000 2.400e+001 3.095e+002 4.557e+002 3.339e+000 2.045e+002 9.314e+002 6.007e+004-4.579e+001-9.999e+002-2.510e+001-9.503e+000 6.694e+000 8.519e+001 7.631e+002 4.060e+004 4.827e+001 2.965e+004
 9.250e+001 2.930e+000 0.000e+000 0.000e+000 0.000e+000 0.000e+000 0.000e+000 0.000e+000 0.000e+000 0.000e+000 0.000e+000 0.000e+000 0.000e+000 0.000e+000 0.000e+000 0.000e+000 0.000e+000 0.000e+000 0.000e+000
 9.380e+001 2.930e+000 2.100e+001 2.167e+002 4.664e+001-7.526e+000-1.498e+002 3.939e+002 4.985e+004-1.941e+002-1.419e+003-2.375e+001 1.984e+001 5.880e+000 1.804e+002 4.703e+002 3.434e+004 2.817e+001 2.504e+004
 9.500e+001 2.930e+000 0.000e+000 0.000e+000 0.000e+000 0.000e+000 0.000e+000 0.000e+000 0.000e+000 0.000e+000 0.000e+000 0.000e+000 0.000e+000 0.000e+000 0.000e+000 0.000e+000 0.000e+000 0.000e+000 0.000e+000
 9.630e+001 2.930e+000 2.100e+001 1.931e+002 2.287e+002-3.570e+000-7.206e+000-5.286e+001 4.627e+004-7.109e+000 7.208e+002-2.479e+001 7.166e+001 5.277e+000 3.208e+001-2.768e+001 3.114e+004 7.296e+001 2.176e+004
 9.750e+001 2.930e+000 0.000e+000 0.000e+000 0.000e+000 0.000e+000 0.000e+000 0.000e+000 0.000e+000 0.000e+000 0.000e+000 0.000e+000 0.000e+000 0.000e+000 0.000e+000 0.000e+000 0.000e+000 0.000e+000 0.000e+000
 9.880e+001 2.930e+000 0.000e+000 0.000e+000 0.000e+000 0.000e+000 0.000e+000 0.000e+000 0.000e+000 0.000e+000 0.000e+000 0.000e+000 0.000e+000 0.000e+000 0.000e+000 0.000e+000 0.000e+000 0.000e+000 0.000e+000
 1.000e+002 2.930e+000 4.500e+001 6.858e+002-2.678e+002 7.397e-001-4.028e+002-2.809e+002 8.353e+004 2.090e+002 1.682e+003-8.612e+001 2.781e+002 2.259e+001-1.314e+002-6.567e+002 5.669e+004 3.492e+002 4.122e+004
 1.130e+002 2.930e+000 3.300e+001 1.915e+002-6.708e+002 4.646e+000-6.835e+002-1.652e+002 8.719e+004-1.899e+002 7.020e+002-3.187e+001 1.474e+002 9.617e+000 2.049e+002-2.235e+002 5.798e+004 1.462e+002 4.046e+004
 1.250e+002 2.930e+000 4.500e+001 3.678e+002-3.268e+002-1.938e+000-7.359e+002 5.654e+000 9.100e+004-4.008e+002 1.035e+002-5.715e+001 2.048e+002 2.078e+001 4.737e+002 5.182e+001 6.462e+004 2.397e+002 4.966e+004
 1.380e+002 2.930e+000 4.500e+001 3.708e+002-7.169e+002-7.157e+000-1.085e+003 5.232e+002 8.993e+004-3.837e+002-1.940e+003-6.298e+001-2.244e+001 1.796e+001 4.272e+002 3.196e+002 6.012e+004 6.833e+001 4.339e+004
 1.500e+002 2.930e+000 5.700e+001 3.243e+002-1.304e+003 3.554e-001-1.445e+003-3.023e+003 1.385e+005-3.852e+002 1.191e+004-5.168e+001 7.060e+002 1.035e+001 3.662e+002-1.755e+003 8.880e+004 4.210e+002 5.976e+004
 1.630e+002 2.930e+000 4.500e+001 2.553e+002 1.223e+002-1.755e+000-3.710e+002-3.080e+002 9.482e+004-2.520e+002-7.927e+002-3.645e+001 9.063e+001 1.150e+001 2.958e+002-2.314e+002 6.317e+004 1.254e+002 4.478e+004
 1.750e+002 2.930e+000 3.900e+001 3.190e+002-2.028e+002 2.974e+000-7.516e+002-2.828e+003 1.124e+005-5.877e+002 6.086e+003-6.343e+001 8.392e+002 2.634e+001 6.595e+002-1.852e+003 8.033e+004 6.633e+002 6.164e+004
 1.880e+002 2.930e+000 6.300e+001 9.950e+002-3.604e+003-1.888e+001-4.245e+003-7.868e+002 3.469e+005-1.801e+003 5.855e+003-1.612e+002 6.929e+002 5.736e+001 1.806e+003-2.836e+002 2.372e+005 7.367e+002 1.739e+005
 2.000e+002 2.930e+000 4.800e+001 8.132e+003-1.758e+005-7.443e+002-1.176e+005 1.851e+005 1.147e+007-6.864e+004 2.785e+004-1.862e+003-2.252e+004 5.484e+002 4.549e+004 1.216e+005 7.499e+006-1.482e+004 4.911e+006
 2.130e+002 2.930e+000 5.700e+001 1.836e+003-2.026e+004-6.182e+001-1.664e+004 3.243e+003 4.062e+005-4.823e+003-4.946e+003-3.818e+002 3.777e+002 9.803e+001 4.057e+003 2.240e+003 3.054e+005 5.125e+002 2.371e+005
 2.250e+002 2.930e+000 1.050e+002 5.797e+003-6.220e+004-1.759e+002-5.164e+004-1.245e+004 1.011e+006-1.230e+004 4.496e+004-1.141e+003 5.087e+003 2.615e+002 1.064e+004-6.720e+003 7.776e+005 3.699e+003 6.152e+005
 2.380e+002 2.930e+000 9.600e+001 2.698e+004-2.820e+005-6.472e+002-2.327e+005-5.825e+004 3.499e+006-5.322e+004 1.895e+005-5.211e+003 1.903e+004 1.052e+003 4.465e+004-3.070e+004 2.775e+006 1.246e+004 2.229e+006
 2.500e+002 2.930e+000 9.600e+001 9.318e+005-9.177e+006-2.128e+004-7.593e+006-1.534e+006 9.728e+007-1.711e+006 5.625e+006-1.773e+005 5.213e+005 3.436e+004 1.429e+006-7.082e+005 7.886e+007 3.217e+005 6.436e+007
 2.630e+002 2.930e+000 8.400e+001 2.329e+004-1.767e+005-4.612e+002-1.535e+005-1.645e+004 1.721e+006-3.213e+004 8.664e+004-4.250e+003 7.587e+003 8.020e+002 2.826e+004-4.199e+003 1.407e+006 4.650e+003 1.173e+006
 2.750e+002 2.930e+000 4.800e+001 3.809e+003-1.554e+004-6.482e+001-1.629e+004 5.347e+003 2.275e+005-2.769e+003-7.407e+002-6.653e+002-3.715e+002 1.250e+002 2.988e+003 4.088e+003 1.709e+005-1.653e+002 1.389e+005
 2.880e+002 2.930e+000 4.200e+001 1.262e+003 1.190e+004-4.186e+000 5.818e+003 1.053e+004 4.575e+005 1.780e+003-5.345e+003-1.672e+002-6.562e+002 3.086e+001-7.791e+002 7.001e+003 2.739e+005-3.851e+002 1.686e+005
 3.000e+002 2.930e+000 8.700e+001 5.039e+003-1.152e+005-4.362e+002-8.386e+004 6.742e+004 2.230e+007-4.284e+004 5.301e+004-8.565e+002 4.838e+004 3.411e+002 3.009e+004 4.461e+004 1.485e+007 3.243e+004 9.912e+006
 3.130e+002 2.930e+000 4.800e+001 3.364e+003-2.815e+004-1.504e+002-2.480e+004-5.844e+003 4.514e+005-5.585e+003 1.376e+004-6.673e+002 2.937e+003 1.447e+002 4.976e+003-3.961e+003 3.489e+005 2.271e+003 2.769e+005
 3.250e+002 2.930e+000 5.100e+001 5.787e+003-3.918e+003-1.219e+002-1.256e+004-9.471e+002 1.357e+005-9.154e+002 2.167e+003-1.069e+003 4.912e+002 2.052e+002 2.472e+003-1.622e+003 9.440e+004 7.572e+002 8.415e+004
 3.380e+002 2.930e+000 3.900e+001 3.775e+004 1.120e+005-6.038e+002 6.184e+003 4.801e+004 4.717e+005 2.030e+004-5.018e+004-7.131e+003-1.070e+004 1.360e+003-7.607e+002 2.007e+004 9.479e+004-3.765e+003 4.546e+004
 3.500e+002 2.930e+000 9.600e+001 1.486e+006 5.554e+006-2.230e+004 1.022e+006 2.157e+006 2.420e+007 1.015e+006-2.236e+006-2.805e+005-4.895e+005 5.328e+004-1.776e+005 9.961e+005 5.477e+006-2.027e+005 1.514e+006
 3.630e+002 2.930e+000 6.600e+001 3.836e+004 1.681e+005-5.520e+002 4.303e+004 6.761e+004 9.745e+005 3.005e+004-6.612e+004-7.134e+003-1.478e+004 1.340e+003-7.323e+003 3.262e+004 3.229e+005-6.500e+003 1.272e+005
 3.750e+002 2.930e+000 6.900e+001 6.478e+003 3.473e+004-1.006e+002 1.188e+004 1.524e+004 3.372e+005 5.697e+003-1.691e+004-1.146e+003-3.089e+003 2.088e+002-1.795e+003 8.180e+003 1.574e+005-1.498e+003 8.146e+004
 3.880e+002 2.930e+000 5.400e+001 1.528e+003 8.465e+003-1.313e+001 3.135e+003 3.823e+003 1.635e+005 1.162e+003-4.052e+003-2.512e+002-5.970e+002 4.551e+001-3.333e+002 2.085e+003 9.206e+004-2.683e+002 5.541e+004
 4.000e+002 2.930e+000 3.300e+001 6.834e+003-1.711e+004 1.901e+002-2.353e+004-2.139e+004 2.509e+005-4.473e+003 4.331e+004-1.391e+003 3.880e+003 2.923e+002 5.440e+003-1.345e+004 1.935e+005 2.088e+003 1.687e+005
 4.130e+002 2.930e+000 7.500e+001 1.678e+003 4.363e+003 6.478e-001 1.206e+001 7.109e+002 1.365e+005 6.673e+002 1.524e+003-3.015e+002 2.557e+002 5.851e+001 1.150e+002 4.111e+002 8.329e+004 2.068e+002 5.629e+004
 4.250e+002 2.930e+000 3.900e+001 4.087e+002 2.006e+003-3.776e+000 7.011e+002 1.518e+003 8.973e+004 2.222e+002-1.764e+003-5.875e+001-5.537e+001 1.077e+001-3.153e+001 1.015e+003 5.593e+004-1.937e+001 3.626e+004
 4.380e+002 2.930e+000 5.100e+001 5.170e+002-1.349e+003-2.015e+001-1.893e+003 1.557e+003 2.284e+005-2.464e+002 1.957e+003-8.797e+001 3.295e+002 1.904e+001 3.760e+002 1.143e+003 1.558e+005 2.630e+002 1.092e+005
 4.500e+002 2.930e+000 7.500e+001 1.312e+004-1.751e+005-8.342e+002-1.464e+005-2.632e+004 2.944e+006-3.117e+004 1.207e+005-2.446e+003 1.769e+004 5.183e+002 2.661e+004-1.376e+004 2.356e+006 1.301e+004 1.902e+006
 4.630e+002 2.930e+000 4.800e+001 7.559e+002-4.104e+003-3.006e+001-4.163e+003-5.373e+001 1.394e+005-8.110e+002 2.803e+003-1.282e+002 5.006e+002 2.548e+001 8.098e+002 1.400e+002 1.016e+005 3.701e+002 7.670e+004
 4.750e+002 2.930e+000 5.700e+001 4.371e+002-1.110e+003-1.665e+001-1.535e+003 8.271e+002 1.624e+005-3.450e+002 2.101e+003-7.223e+001 4.250e+002 1.585e+001 3.885e+002 6.122e+002 1.110e+005 3.137e+002 7.783e+004
 4.880e+002 2.930e+000 4.500e+001 2.871e+002 1.361e+002-1.246e+001-5.700e+002-5.171e+002 1.983e+005-1.637e+002 4.424e+003-5.344e+001 6.588e+002 1.367e+001 2.556e+002-3.514e+002 1.340e+005 4.803e+002 9.253e+004
 5.000e+002 2.930e+000 6.300e+001 1.030e+004-1.964e+003-5.487e+002-2.464e+004 2.762e+004 5.310e+005-2.519e+003-5.849e+004-1.735e+003-3.063e+003 3.292e+002 5.507e+003 1.592e+004 3.549e+005-3.609e+002 2.912e+005
 5.130e+002 2.930e+000 7.200e+001 7.168e+002-1.121e+004-6.124e+001-9.043e+003 9.908e+003 9.514e+005-3.834e+003-1.877e+004-1.194e+002 1.532e+003 3.658e+001 2.859e+003 6.521e+003 6.671e+005 1.208e+003 4.709e+005
 5.250e+002 2.930e+000 7.200e+001 5.438e+002-2.385e+004-9.940e+001-1.712e+004 1.064e+004 2.455e+006-8.709e+003-1.165e+004-1.052e+002 6.265e+003 5.713e+001 6.127e+003 7.217e+003 1.708e+006 4.425e+003 1.189e+006
 5.380e+002 2.930e+000 9.300e+001 1.463e+003-1.081e+005-4.216e+002-7.577e+004 3.519e+004 1.259e+007-4.149e+004-1.577e+004-3.367e+002 3.564e+004 2.539e+002 2.884e+004 2.417e+004 8.713e+006 2.474e+004 6.033e+006
 5.500e+002 2.930e+000 9.600e+001 5.373e+004-5.480e+006-2.028e+004-3.805e+006 8.761e+005 6.614e+008-2.174e+006 1.516e+006-1.653e+004 2.116e+006 1.416e+004 1.512e+006 6.176e+005 4.574e+008 1.458e+006 3.163e+008
 5.630e+002 2.930e+000 1.140e+002 1.079e+003-1.112e+005-3.700e+002-7.701e+004-1.100e+003 1.649e+007-4.706e+004 1.057e+005-3.825e+002 5.555e+004 3.348e+002 3.283e+004-1.078e+002 1.133e+007 3.790e+004 7.791e+006
 5.750e+002 2.930e+000 7.800e+001 1.931e+002-1.016e+004-2.762e+001-7.206e+003-3.337e+003 1.876e+006-4.665e+003 1.914e+004-5.999e+001 6.567e+003 3.959e+001 3.304e+003-2.192e+003 1.284e+006 4.454e+003 8.795e+005
 5.880e+002 2.930e+000 6.300e+001 1.039e+002-1.323e+003-2.333e+000-1.079e+003-2.477e+003 7.229e+005-1.311e+003 1.146e+004-2.534e+001 2.656e+003 1.490e+001 9.557e+002-1.651e+003 4.892e+005 1.785e+003 3.318e+005
 6.000e+002 2.930e+000 5.700e+001 3.795e+002-8.001e+003-3.643e+001-6.268e+003 1.985e+003 6.064e+005-2.076e+003-1.819e+003-6.095e+001 1.855e+003 1.932e+001 1.549e+003 1.306e+003 4.264e+005 1.334e+003 3.016e+005
 6.130e+002 2.930e+000 3.900e+001 6.390e+001-3.087e+002-1.587e-001-3.334e+002-3.457e+002 1.784e+005-2.887e+002 2.570e+003-1.134e+001 6.122e+002 4.441e+000 2.258e+002-2.507e+002 1.197e+005 4.120e+002 8.092e+004
 6.250e+002 2.930e+000 4.500e+001 9.740e+001 7.988e+002 2.780e+000 3.331e+002-2.868e+002 1.245e+005-4.814e+001 1.459e+003-1.469e+001 4.409e+002 4.036e+000 6.677e+001-2.186e+002 8.083e+004 2.903e+002 5.304e+004
 6.380e+002 2.930e+000 5.100e+001 3.510e+002 5.348e+003 1.316e+001 2.664e+003 1.688e+003 2.214e+005 5.067e+002-1.649e+003-4.241e+001 4.605e+002 8.009e+000-2.186e+002 9.712e+002 1.318e+005 2.876e+002 8.006e+004
 6.500e+002 2.930e+000 8.700e+001 6.949e+004 9.932e+005 2.868e+003 4.703e+005 5.873e+005 2.054e+007 1.525e+005-1.248e+006-9.033e+003-2.724e+004 1.343e+003-7.569e+004 3.644e+005 1.070e+007-2.267e+004 5.684e+006
 6.630e+002 2.930e+000 4.200e+001 3.237e+002 3.142e+003 6.118e+000 1.254e+003 2.189e+003 1.039e+005 3.649e+002-5.741e+003-3.997e+001-1.128e+001 6.224e+000-1.359e+002 1.401e+003 6.055e+004-1.449e+001 3.695e+004
 6.750e+002 2.930e+000 5.400e+001 1.402e+002 2.756e+002-2.230e+000-1.712e+002 9.114e+002 6.138e+004-4.286e+001-3.386e+003-1.774e+001 3.081e+001 3.136e+000 7.306e+001 6.185e+002 3.989e+004 2.575e+001 2.697e+004
 6.880e+002 2.930e+000 4.200e+001 7.078e+001-8.112e+001-1.841e+000-2.166e+002 3.878e+002 3.330e+004-6.023e+001-1.487e+003-9.469e+000 4.394e+000 1.783e+000 6.324e+001 2.569e+002 2.233e+004 1.024e+001 1.548e+004
 7.000e+002 2.930e+000 3.000e+001 8.753e+002 2.929e+003 5.613e+001-1.365e+002-6.389e+003 7.926e+004-3.961e+001 1.446e+004-1.299e+002 1.179e+003 2.385e+001 3.265e+002-4.132e+003 4.465e+004 6.357e+002 2.942e+004
 7.130e+002 2.930e+000 3.300e+001 3.916e+001 1.113e+002 4.217e-001-6.553e+000-8.853e+001 1.615e+004 1.287e+000-1.846e+002-5.819e+000 4.944e+001 1.169e+000 1.106e+001-4.697e+001 1.040e+004 3.152e+001 6.943e+003
 7.250e+002 2.930e+000 3.900e+001 3.873e+001 1.607e+000-5.326e-001-8.026e+001-7.644e+001 1.588e+004-1.644e+001 8.644e+001-5.283e+000 4.528e+001 1.026e+000 2.225e+001-6.181e+001 1.075e+004 3.340e+001 7.520e+003
 7.380e+002 2.930e+000 4.500e+001 4.069e+001 4.902e+001 5.919e-001-3.872e+001-1.533e+002 1.744e+004-1.586e+001 2.538e+002-5.390e+000 6.189e+001 1.113e+000 2.134e+001-1.094e+002 1.152e+004 4.202e+001 7.810e+003
 7.500e+002 2.930e+000 5.700e+001 5.106e+002 2.501e+001 1.083e+001-1.229e+003-6.303e+003 1.354e+005-2.731e+002 1.702e+004-1.124e+002 1.726e+003 2.871e+001 4.971e+002-4.622e+003 9.735e+004 1.230e+003 7.354e+004
 7.630e+002 2.930e+000 3.900e+001 3.540e+001 7.699e+001 7.057e-001-5.185e+000-4.235e+001 1.107e+004 9.526e+000 2.422e+002-4.325e+000 4.079e+001 8.290e-001 2.143e+000-4.384e+001 7.067e+003 2.827e+001 4.682e+003
 7.750e+002 2.930e+000 3.600e+001 2.865e+001-9.688e+000-3.226e-001-5.655e+001-2.443e+000 8.497e+003-2.101e+001 1.533e+002-3.005e+000 2.045e+001 5.985e-001 1.949e+001-9.807e+000 5.649e+003 1.617e+001 3.941e+003
 7.880e+002 2.930e+000 5.400e+001 5.340e+001 1.186e+002-4.789e-001-1.169e+001 4.491e+001 9.754e+003 2.889e+000-2.464e+002-5.780e+000 2.183e+001 9.325e-001 8.424e+000 2.362e+001 6.533e+003 1.717e+001 4.645e+003
 8.000e+002 2.930e+000 6.000e+001 9.307e+002 4.173e+002-6.182e+001-2.824e+003 1.181e+004 1.819e+005-8.492e+002-4.087e+004-1.236e+002-1.484e+003 2.208e+001 9.805e+002 7.847e+003 1.201e+005-7.689e+002 8.999e+004
 8.130e+002 2.930e+000 3.900e+001 3.699e+001 1.847e+002 5.504e-001 6.245e+001-1.866e+002 1.047e+004 2.236e+000 4.243e+002-5.400e+000 5.853e+001 1.175e+000 8.184e+000-1.220e+002 6.571e+003 3.912e+001 4.336e+003
 8.250e+002 2.930e+000 3.900e+001 6.722e+001 4.143e+002 1.907e+000 1.336e+002-1.262e+002 1.099e+004 2.893e+001 2.776e+002-7.874e+000 5.908e+001 1.364e+000-1.508e+000-7.962e+001 6.517e+003 3.565e+001 4.198e+003
 8.380e+002 2.930e+000 7.500e+001 4.378e+002 3.721e+003 3.431e+001 1.857e+003-6.598e+002 5.729e+004 2.790e+002 3.231e+003-4.115e+001 4.852e+002 8.773e+000-8.899e+001-6.854e+002 3.332e+004 3.029e+002 2.050e+004
 8.500e+002 2.930e+000 5.100e+001 1.773e+004 2.146e+005 1.861e+003 1.152e+005-5.305e+004 3.260e+006 1.993e+004 1.011e+005-2.310e+003 3.253e+004 5.305e+002-9.158e+003-3.833e+004 1.894e+006 1.959e+004 1.129e+006
 8.630e+002 2.930e+000 4.800e+001 1.020e+002 9.767e+002 6.553e+000 4.207e+002-6.970e+002 2.800e+004 6.154e+001 1.615e+003-1.545e+001 2.221e+002 3.398e+000-4.644e+000-4.828e+002 1.693e+004 1.382e+002 1.075e+004
 8.750e+002 2.930e+000 3.300e+001 4.981e+001 3.966e+002 2.359e+000 1.416e+002-2.341e+002 1.197e+004 1.862e+001 5.409e+002-6.961e+000 7.755e+001 1.440e+000 4.958e+000-1.622e+002 7.010e+003 4.724e+001 4.394e+003
 8.880e+002 2.930e+000 6.900e+001 7.309e+001 2.879e+002 3.645e-001 1.437e+001-9.890e+001 1.575e+004-6.841e+000-4.752e+001-8.646e+000 6.922e+001 2.257e+000 3.331e+001-6.708e+001 9.547e+003 4.893e+001 6.433e+003
 9.000e+002 2.930e+000 3.300e+001 6.351e+001 5.872e+002 1.194e+000 1.704e+002-1.278e+001 1.662e+004 9.174e+001 7.777e+002-9.988e+000 6.147e+001 2.278e+000-1.708e+001-5.294e+001 8.081e+003 4.610e+001 4.637e+003
 9.130e+002 2.930e+000 2.700e+001 9.048e+001 8.803e+002 2.364e+000 2.827e+002 1.265e+002 3.151e+004 1.616e+002 1.193e+003-1.165e+001 4.436e+001 2.055e+000-5.280e+001 5.147e+001 1.419e+004 2.886e+001 7.056e+003
 9.250e+002 2.930e+000 3.300e+001 1.176e+002 9.491e+002 3.326e+000 2.904e+002-1.045e+001 1.250e+004 1.150e+002 2.611e+002-1.589e+001 5.467e+001 2.680e+000-2.949e+001-3.433e+001 5.504e+003 3.190e+001 2.902e+003
 9.380e+002 2.930e+000 6.900e+001 6.255e+002 4.808e+003 7.801e+000 1.021e+003-6.217e+002 5.514e+004 9.531e+002 3.887e+003-1.239e+002 2.035e+002 3.021e+001-1.216e+002-6.943e+002 1.889e+004 1.966e+002 1.004e+004
 9.500e+002 2.930e+000 7.800e+001 3.583e+004 2.587e+005 1.321e+002 5.043e+004-3.154e+004 2.297e+006 4.993e+004 1.927e+005-7.087e+003 1.056e+004 1.437e+003-8.943e+003-3.152e+004 6.763e+005 8.818e+003 3.024e+005
 9.630e+002 2.930e+000 4.200e+001 2.930e+002 2.449e+003 5.478e+000 6.308e+002-7.672e+002 3.388e+004 3.841e+002 3.254e+003-5.101e+001 2.521e+002 9.902e+000-7.667e+001-5.639e+002 1.454e+004 1.637e+002 7.944e+003
 9.750e+002 2.930e+000 4.800e+001 8.539e+001 5.666e+002 1.056e+000 1.269e+002-2.570e+001 1.380e+004 4.694e+001 9.603e+001-9.695e+000 5.563e+001 1.719e+000-3.684e-001 1.536e+000 7.718e+003 3.603e+001 5.074e+003
 9.880e+002 2.930e+000 6.000e+001 7.111e+001 5.831e+002-7.734e-001 1.832e+002 4.278e+002 2.022e+004 3.077e+001-1.694e+003-5.293e+000-4.324e+000 1.709e+000 1.072e+001 3.208e+002 1.156e+004 6.839e+000 7.558e+003
 1.000e+003 2.930e+000 1.530e+002 5.034e+002 1.098e+004 6.561e+000 4.931e+003 8.363e+003 5.321e+005 9.352e+002-3.188e+004-2.866e+001-1.982e+002 9.342e+000-3.047e+002 5.163e+003 2.688e+005 1.811e+001 1.475e+005
 1.130e+003 2.930e+000 3.630e+002 3.912e+003 2.305e+004-6.481e+001-3.486e+003 4.041e+004 8.151e+005 2.832e+003-1.562e+005-5.919e+002-6.016e+003 1.007e+002 1.029e+003 2.060e+004 3.258e+005-2.625e+003 1.898e+005
 1.250e+003 2.930e+000 3.180e+002 1.364e+003 1.782e+004 4.861e+001 5.658e+003 8.792e+003 4.735e+005 3.178e+003-2.369e+003-2.051e+002-4.030e+002 3.889e+001-9.461e+002 3.058e+003 1.770e+005-2.449e+001 7.342e+004
 1.380e+003 2.930e+000 3.600e+002 6.742e+002 1.055e+004 2.763e+000 3.643e+003 1.033e+004 5.378e+005 9.773e+002-3.797e+004-4.365e+001-5.344e+002 6.508e+000-3.083e+002 5.781e+003 2.442e+005-2.428e+002 1.203e+005
 1.500e+003 2.930e+000 3.300e+001 6.376e+001 1.066e+003 1.423e+000 5.409e+002 6.469e+002 9.808e+004 2.155e+002 1.869e+003-2.660e+000 1.378e+002 1.183e+000-9.906e+001 3.554e+002 5.244e+004 8.229e+001 2.853e+004
 1.630e+003 2.930e+000 5.100e+001 2.593e+002 2.424e+003 2.313e+000 1.210e+003 3.582e+003 1.817e+005 2.848e+001-6.566e+003-6.048e-002-4.421e+000 3.204e-001-8.181e+000 1.992e+003 9.870e+004 5.139e-002 5.410e+004
 1.750e+003 2.930e+000 3.300e+001 3.341e+002 7.781e+003 2.601e+000 3.842e+003 8.871e+003 5.418e+005 2.663e+002-1.621e+004-5.964e+000-1.003e+002 5.453e-001-1.289e+002 4.932e+003 2.867e+005-5.373e+001 1.526e+005
 1.880e+003 2.930e+000 3.900e+001 4.372e+002 4.271e+003-2.026e+001 1.459e+003 1.442e+004 9.715e+005-1.151e+003-5.717e+004-8.388e+000-5.836e+002 2.697e+000 7.131e+002 8.410e+003 5.559e+005-2.497e+002 3.223e+005
 2.000e+003 2.930e+000 6.000e+001 1.282e+003 2.186e+004-1.156e+002 1.021e+004 4.461e+004 2.581e+006-6.784e+003-1.668e+005 3.566e+001-1.545e+003 2.559e+001 4.197e+003 2.764e+004 1.524e+006-4.291e+002 9.127e+005
 2.130e+003 2.930e+000 4.200e+001 3.815e+002 3.887e+003-3.429e+001 1.776e+003 9.239e+003 4.794e+005-2.015e+003-3.139e+004 1.150e+001-5.432e+001 9.931e+000 1.274e+003 5.912e+003 2.976e+005 1.086e+002 1.872e+005
 2.250e+003 2.930e+000 4.500e+001 1.109e+002 1.290e+003-3.658e+000 7.204e+002 1.737e+003 1.358e+005-5.034e+002-5.565e+003 5.728e+000 1.312e+002 2.696e+000 3.176e+002 1.108e+003 8.416e+004 1.068e+002 5.262e+004
 2.380e+003 2.930e+000 4.500e+001 6.765e+001-2.391e+002-2.078e+000-2.008e+002 6.236e+002 5.820e+004-1.919e+002 2.614e+002-4.472e+000 1.845e+002 3.471e+000 1.515e+002 3.516e+002 3.681e+004 1.324e+002 2.391e+004
 2.500e+003 2.930e+000 3.000e+001 2.624e+001 2.409e+002-3.495e-001 1.418e+002 3.686e+002 1.924e+004-6.937e+001-1.379e+002 6.107e-001 4.406e+001 7.679e-001 5.055e+001 2.255e+002 1.236e+004 3.141e+001 8.060e+003
 2.630e+003 2.930e+000 3.900e+001 1.271e+001 2.632e+001-4.787e-002 1.071e+001 1.157e+002 1.201e+004-4.121e+001-3.112e+002-5.873e-002 1.519e+001 3.177e-001 2.751e+001 6.686e+001 7.402e+003 1.149e+001 4.625e+003
 2.750e+003 2.930e+000 4.800e+001 1.331e+001 1.742e+002 1.438e-001 1.086e+002 1.970e+002 2.065e+004-4.757e+001 4.186e+002 9.599e-001 7.037e+001 4.537e-001 3.301e+001 1.177e+002 1.285e+004 4.362e+001 8.057e+003
 2.880e+003 2.930e+000 2.700e+001 1.216e+001 4.389e+001-1.087e+000 8.435e+000 2.452e+002 9.602e+003-3.680e+001-4.702e+002 9.985e-002 1.022e+001 2.458e-001 2.457e+001 1.597e+002 6.109e+003 9.156e+000 3.955e+003
 3.000e+003 2.930e+000 4.200e+001 1.298e+001 2.101e+002 4.793e-001 9.734e+001 1.665e+002 1.306e+004 3.375e+001 8.004e+002-7.980e-001 2.169e+001 3.801e-001-1.063e+001 6.873e+001 6.412e+003 1.688e+001 3.377e+003
 3.130e+003 2.930e+000 3.300e+001 1.176e+001-5.209e+000-6.634e-001-1.824e+001 2.082e+002 9.135e+003-1.965e+001-1.324e+002-1.905e-001 1.460e+001 1.500e-001 1.327e+001 1.271e+002 5.583e+003 9.990e+000 3.458e+003
 3.250e+003 2.930e+000 3.300e+001 9.380e+000 1.308e+002-1.951e-002 7.219e+001 2.454e+002 1.538e+004-9.263e+000-1.942e+002 2.658e-001 1.684e+001 6.986e-002 6.093e+000 1.455e+002 8.996e+003 1.037e+001 5.290e+003
 3.380e+003 2.930e+000 4.800e+001 2.099e+001 3.402e+002 1.106e-001 1.682e+002 1.750e+002 2.067e+004 2.994e+000-1.872e+002-7.232e-001 1.333e+001 2.176e-001 2.691e+000 9.539e+001 1.136e+004 9.027e+000 6.367e+003
 3.500e+003 2.930e+000 5.400e+001 1.313e+002 1.109e+003-1.111e+001 4.563e+002 5.498e+003 2.641e+005-5.470e+002-9.558e+003 5.894e+000 2.037e+002 1.817e+000 3.385e+002 3.400e+003 1.609e+005 1.475e+002 9.872e+004
 3.630e+003 2.930e+000 3.300e+001 1.033e+002 2.449e+003 6.988e+000 1.141e+003 5.857e+002 8.065e+004 2.333e+002 2.442e+003-8.983e+000 1.798e+002 1.788e+000-9.204e+001 1.926e+002 3.961e+004 1.008e+002 1.999e+004
 3.750e+003 2.930e+000 2.700e+001 1.230e+001 2.162e+002 1.124e-001 1.078e+002 2.413e+002 1.249e+004-2.694e-002-2.512e+002 6.703e-002 1.396e+001 1.130e-001 1.777e+000 1.369e+002 6.845e+003 8.321e+000 3.811e+003
 3.880e+003 2.930e+000 4.200e+001 1.305e+002 2.779e+003 5.329e+000 1.374e+003 2.604e+003 1.492e+005 2.060e+002-3.728e+003-1.404e+000 6.873e+001 6.635e-001-9.726e+001 1.384e+003 7.577e+004 3.279e+001 3.885e+004
 4.000e+003 2.930e+000 3.300e+001 4.224e+001 6.548e+002 1.885e+000 3.070e+002 8.402e+002 5.125e+004 4.002e+001-1.271e+003-8.640e-001 4.238e+001 2.622e-001-1.799e+001 4.422e+002 2.719e+004 2.276e+001 1.457e+004
 4.130e+003 2.930e+000 4.500e+001 9.147e+001 9.428e+002-3.132e+000 3.756e+002 2.708e+003 1.040e+005-1.002e+002-5.015e+003 1.742e+000 5.878e+001 4.077e-001 6.067e+001 1.606e+003 5.934e+004 4.182e+001 3.431e+004
 4.250e+003 2.930e+000 6.600e+001 1.833e+002 4.016e+003 3.171e-001 1.779e+003 4.743e+003 2.251e+005 1.488e+002-1.451e+004-5.627e+000-1.259e+002 3.846e-001-6.476e+001 2.746e+003 1.176e+005-7.338e+001 6.251e+004
 4.380e+003 2.930e+000 3.900e+001 7.461e+001 8.888e+002 1.062e+000 4.560e+002 8.821e+002 2.720e+004 7.731e+000-8.114e+002 7.452e-001 2.173e+001 7.797e-002-3.546e+000 4.984e+002 1.453e+004 1.192e+001 7.830e+003
 4.500e+003 2.930e+000 4.800e+001 2.518e+001 7.880e+002 3.146e-001 4.082e+002 9.105e+002 8.142e+004-3.285e+001-1.925e+003 1.431e+000 1.116e+002 3.979e-001 2.166e+001 5.363e+002 4.533e+004 6.511e+001 2.548e+004
 4.630e+003 2.930e+000 3.600e+001 2.710e+001 3.953e+001-1.625e-001 7.434e+000 3.950e+002 8.025e+003 1.249e+000-2.216e+002 5.405e-001 9.234e+000 5.183e-002-3.316e-001 2.178e+002 4.276e+003 5.378e+000 2.307e+003
 4.750e+003 2.930e+000 3.000e+001 1.854e+000 4.762e+001 9.777e-002 2.499e+001 2.583e+001 7.260e+003 5.889e-001 1.272e+002 7.762e-003 1.936e+001 8.215e-002 4.689e-001 1.333e+001 4.000e+003 1.096e+001 2.223e+003
 4.880e+003 2.930e+000 4.200e+001 8.593e+000 2.070e+002-6.323e-002 9.520e+001 1.465e+002 1.004e+004 4.276e+000-7.994e+002-1.432e-001-3.998e+000 5.235e-002-1.070e+000 9.430e+001 5.209e+003-1.916e+000 2.799e+003
 5.000e+003 2.930e+000 4.200e+001 5.387e+000 4.067e+001-3.737e-003 1.536e+001 9.747e+001 3.579e+003 4.141e-001-2.051e+002 5.058e-003 1.969e+000 3.519e-002 6.758e-002 5.449e+001 1.928e+003 1.555e+000 1.071e+003
 5.130e+003 2.930e+000 3.300e+001 3.639e+000 3.315e+001-2.135e-001 9.245e+000 7.712e+001 2.721e+003-4.892e+000-3.265e+002 1.563e-003-1.785e+000 5.846e-002 3.840e+000 5.033e+001 1.585e+003 4.190e-001 1.001e+003
 5.250e+003 2.930e+000 3.300e+001 3.130e+000 2.036e+001 1.355e-001 7.248e+000 3.763e+001 1.150e+003 2.924e+000-2.952e+001-1.476e-001-3.684e-002 6.262e-002-6.149e-001 1.538e+001 5.137e+002 9.364e-001 2.678e+002
 5.380e+003 2.930e+000 4.500e+001 3.222e+000 2.622e+001-6.014e-002 5.710e+000 5.259e+001 1.993e+003-6.623e-001-2.408e+002-1.230e-001-6.398e+000 1.294e-001 2.128e+000 2.657e+001 9.049e+002-1.246e+000 4.823e+002
 5.500e+003 2.930e+000 3.600e+001 6.208e+000 1.168e+001 1.686e-001 3.065e-001 5.150e+001 1.133e+003 8.372e-001-1.266e+002-2.701e-001-3.806e+000 7.890e-002 5.876e-001 2.084e+001 4.957e+002-7.739e-001 2.609e+002
 5.630e+003 2.930e+000 4.500e+001 8.148e+000 1.346e+002-1.608e-001 4.752e+001 1.329e+002 5.645e+003 7.405e+000-4.940e+002-5.966e-001-1.527e+001 1.637e-001-5.779e-001 7.154e+001 2.515e+003-5.503e+000 1.234e+003
 5.750e+003 2.930e+000 3.900e+001 3.502e+000 1.741e+001-1.167e-001-9.622e-001 8.273e+001 3.858e+003-4.545e+000-4.340e+002-3.248e-001-1.047e+001 1.424e-001 4.425e+000 4.242e+001 1.993e+003-3.052e+000 1.130e+003
 5.880e+003 2.930e+000 2.700e+001 8.867e+000-4.132e+001 1.788e-001-3.552e+001 1.121e+002 2.383e+003-1.500e+000-2.932e+002-5.796e-001-1.093e+001 9.989e-002 2.610e+000 5.273e+001 1.239e+003-4.951e+000 6.989e+002
 6.000e+003 2.930e+000 4.500e+001 1.193e+001 1.611e+002-3.795e-001 3.584e+001 2.580e+002 1.269e+004 1.129e+001-1.814e+003-1.555e+000-5.381e+001 4.365e-001 5.008e+000 1.384e+002 5.839e+003-2.302e+001 3.078e+003
 6.130e+003 2.930e+000 4.800e+001 4.223e+000 6.836e+000-1.649e-001-4.491e+000 7.553e+001 3.832e+003-6.010e+000-2.525e+002-2.008e-001-3.954e+000 1.772e-001 6.350e+000 4.621e+001 2.255e+003 4.935e-001 1.448e+003
 6.250e+003 2.930e+000 3.000e+001 4.212e+000 3.512e+001-3.586e-001 2.785e+000 1.017e+002 3.303e+003-6.110e+000-5.166e+002-3.129e-001-1.132e+001 1.523e-001 6.475e+000 6.498e+001 1.906e+003-4.293e+000 1.228e+003
 6.380e+003 2.930e+000 6.000e+001 1.686e+000-8.646e+000 4.368e-002-6.897e+000 1.443e+001 1.701e+003 6.969e-001 3.922e+000-6.209e-002 3.128e+000 1.970e-001 1.226e+000 7.467e+000 9.807e+002 4.753e+000 6.590e+002
 6.500e+003 2.930e+000 3.300e+001 9.075e-001-4.325e+000-5.042e-002-5.678e+000 2.069e+001 1.219e+003-8.250e-001-7.877e+001-1.119e-002 9.608e-001 6.675e-002 1.078e+000 1.256e+001 7.274e+002 1.355e+000 4.652e+002
 6.630e+003 2.930e+000 3.900e+001 7.026e-001 6.194e+000 1.587e-002 1.974e+000 1.084e+001 1.267e+003 5.014e+000 5.656e+001-5.245e-002 3.297e+000 1.431e-001-9.336e-001 6.535e+000 6.808e+002 3.525e+000 4.341e+002
 6.750e+003 2.930e+000 3.000e+001 7.310e-001 1.114e+001 8.342e-002 6.436e+000 1.226e+001 1.015e+003 3.959e+000 3.158e+001-3.903e-002 3.396e+000 1.062e-001-1.381e+000 6.104e+000 5.704e+002 2.961e+000 3.461e+002
 6.880e+003 2.930e+000 3.900e+001 1.214e+000 6.862e-001 2.031e-002-1.667e+000 3.234e+001 1.573e+003 1.715e+000-7.197e+001-3.304e-002-5.647e-001 1.276e-001 6.229e-001 1.688e+001 8.025e+002 1.211e+000 4.680e+002
 7.000e+003 2.930e+000 3.300e+001 1.174e+000 1.646e+001 4.521e-002 5.697e+000 1.741e+001 8.462e+002 3.499e+000-4.117e+001-1.577e-001-9.329e-001 1.359e-001-5.259e-001 7.962e+000 4.062e+002 1.126e+000 2.472e+002
 7.130e+003 2.930e+000 3.600e+001 9.892e-001 2.070e+001 1.608e-001 1.029e+001 2.137e+001 1.428e+003 7.315e+000 3.565e+001-4.317e-002 5.239e+000 1.964e-001-2.229e+000 1.007e+001 7.096e+002 4.100e+000 3.903e+002
 7.250e+003 2.930e+000 4.200e+001 1.057e+000 1.213e+001 4.496e-002 6.251e+000 2.023e+001 8.026e+002 1.478e+000-6.400e+000-1.528e-003 1.396e+000 1.742e-001 1.033e+000 1.125e+001 4.340e+002 2.742e+000 2.919e+002
 7.380e+003 2.930e+000 3.900e+001 1.546e+000 2.056e+001 9.015e-002 8.677e+000 1.923e+001 7.205e+002 2.214e+000-1.871e+001-8.948e-002 1.106e+000 1.343e-001 3.013e-001 9.252e+000 3.483e+002 1.942e+000 2.198e+002
 7.500e+003 2.930e+000 3.000e+001 1.487e+000 2.561e+001 2.593e-001 1.077e+001 2.589e+001 1.713e+003 1.059e+001 5.388e+001-1.350e-001 5.234e+000 2.272e-001-3.083e+000 1.267e+001 8.098e+002 4.351e+000 4.486e+002
 7.630e+003 2.930e+000 3.900e+001 1.898e+000 2.126e+001 3.352e-001 9.941e+000 3.030e+001 1.040e+003 3.588e+000-4.175e+001-3.227e-002 4.469e+000 2.390e-001 4.507e-001 1.357e+001 5.302e+002 4.675e+000 3.552e+002
 7.750e+003 2.930e+000 3.300e+001 6.270e-001 1.196e+001 8.162e-002 5.295e+000 8.091e+000 1.353e+003 3.403e+000 8.425e+001 3.608e-003 9.981e+000 2.879e-001 1.629e+000 4.536e+000 7.546e+002 9.118e+000 5.435e+002
 7.880e+003 2.930e+000 4.500e+001 2.905e+000 1.154e+001 5.224e-002-2.593e+000 4.557e+001 1.730e+003-1.057e+001-4.379e+002-1.392e-001-8.233e-001 5.323e-001 1.212e+001 2.214e+001 9.961e+002 9.282e+000 8.979e+002
 8.000e+003 2.930e+000 6.000e+001 4.593e+000-9.042e+001-1.074e+000-1.512e+002 1.444e+002 8.850e+003-1.826e+002-6.340e+003-4.787e+000-1.332e+002 7.644e+000 2.150e+002-1.287e+001 4.447e+003 9.585e+001 7.791e+003
 8.130e+003 2.930e+000 3.600e+001 1.814e+000-5.173e+000-1.857e-001-1.174e+001 1.753e+001 7.606e+002-6.163e+000-2.088e+002-2.042e-001-9.186e-001 3.039e-001 8.215e+000 1.027e+001 4.813e+002 4.787e+000 5.179e+002
 8.250e+003 2.930e+000 3.600e+001 2.603e+000 2.635e+001 4.261e-001 9.962e+000 4.513e+001 1.334e+003 5.622e+000-3.083e+001 3.291e-002 5.106e+000 2.405e-001 6.625e-001 1.594e+001 5.258e+002 4.277e+000 2.994e+002
 8.380e+003 2.930e+000 4.200e+001 1.028e+000 2.547e+001 1.080e-001 8.184e+000 1.310e+001 1.727e+003 5.770e+000 5.785e+001-1.396e-001 1.139e+001 3.784e-001 2.570e+000 6.869e+000 8.708e+002 9.525e+000 6.134e+002
 8.500e+003 2.930e+000 3.600e+001 9.447e-001 1.172e+001 2.259e-001 5.472e+000 1.724e+001 7.460e+002 4.908e+000 8.038e+001 9.773e-003 4.890e+000 1.776e-001 2.178e-001 4.153e+000 2.973e+002 3.393e+000 1.806e+002
 8.630e+003 2.930e+000 3.900e+001 1.069e+000 2.880e+001 2.174e-001 1.152e+001 1.076e+001 1.395e+003 5.325e+000 9.501e+001-7.851e-002 1.003e+001 2.446e-001 2.943e-001 2.279e+000 6.070e+002 6.580e+000 3.474e+002
 8.750e+003 2.930e+000 4.500e+001 5.874e-001 7.916e+000 8.688e-002 2.702e+000 6.177e+000 6.813e+002 2.323e+000 1.486e+002-5.595e-004 1.060e+001 3.965e-001 4.114e+000 1.890e+000 3.741e+002 9.504e+000 3.571e+002
 8.880e+003 2.930e+000 3.300e+001 8.704e-001 1.792e+001 2.524e-001 9.643e+000 1.336e+001 8.165e+002 3.148e+000 1.382e+002 9.409e-003 8.583e+000 1.974e-001 1.285e+000 2.053e+000 3.888e+002 5.586e+000 2.633e+002
 9.000e+003 2.930e+000 4.200e+001 7.981e-001 2.259e+001 1.476e-001 7.389e+000 3.171e+000 1.269e+003 7.810e+000 1.698e+002-1.386e-001 9.899e+000 3.063e-001 1.068e+000-4.605e-001 5.037e+002 7.675e+000 3.402e+002
 9.130e+003 2.930e+000 4.800e+001 1.005e+000 1.261e+001 2.379e-001 7.695e+000 1.454e+001 6.950e+002 4.531e+000 1.829e+002 8.112e-002 1.051e+001 3.024e-001 2.109e+000 3.376e+000 3.477e+002 8.267e+000 2.990e+002
 9.250e+003 2.930e+000 3.900e+001 6.326e-001 1.275e+001 8.005e-002 3.563e+000 7.366e+000 6.419e+002 4.194e+000 6.456e+001-1.177e-001 3.353e+000 2.440e-001 1.397e+000 1.596e+000 2.568e+002 4.645e+000 2.123e+002
 9.380e+003 2.930e+000 4.800e+001 6.463e-001 8.942e+000 1.618e-001 5.155e+000 1.458e+001 7.493e+002 4.087e+000 1.191e+002 1.075e-002 7.225e+000 3.023e-001 1.886e+000 5.043e+000 3.798e+002 6.525e+000 2.945e+002
 9.500e+003 2.930e+000 3.900e+001 7.975e-001 1.236e+001 1.420e-001 5.315e+000 7.444e+000 5.517e+002 3.630e+000 7.558e+001-7.811e-002 4.559e+000 2.075e-001 1.222e+000 7.943e-001 2.665e+002 4.485e+000 2.178e+002
 9.630e+003 2.930e+000 3.000e+001 2.751e-001 3.919e+000 1.196e-002 2.219e+000 4.179e+000 3.927e+002 1.324e+000 2.296e+000 4.357e-002 1.547e+000 1.215e-001 1.209e+000 2.729e+000 1.735e+002 2.005e+000 1.421e+002
 9.750e+003 2.930e+000 4.500e+001 1.037e+000 3.075e+000 4.338e-002 1.644e+000 1.300e+001 4.491e+002 2.303e+000 2.297e+001 8.102e-002 3.086e+000 1.926e-001 8.996e-001 6.707e+000 2.155e+002 3.800e+000 1.819e+002
 9.880e+003 2.930e+000 4.500e+001 1.046e+000 1.530e+001 1.460e-001 6.962e+000 2.172e+001 1.304e+003 4.699e+000 4.785e+001 2.890e-002 8.338e+000 1.885e-001-3.404e-001 1.058e+001 6.512e+002 5.425e+000 3.888e+002
 1.000e+004 2.930e+000 1.440e+002 3.523e+000 3.385e+001 8.630e-002 9.699e+000 5.832e+001 3.028e+003-6.128e-001 3.921e+001 9.674e-002 2.386e+001 7.160e-001 8.739e+000 3.091e+001 1.719e+003 2.056e+001 1.264e+003
 1.130e+004 2.930e+000 3.570e+002 8.302e+000 5.227e+001 3.931e-001 2.131e+001 1.645e+002 5.400e+003 1.466e+000 5.086e+001 9.336e-001 4.581e+001 1.428e+000 1.243e+001 9.631e+001 3.344e+003 4.035e+001 2.524e+003
 1.250e+004 2.930e+000 2.880e+002 1.912e+000 1.755e+001 2.064e-001 1.397e+001 4.600e+001 2.635e+003 3.990e-001 2.339e+002 4.958e-001 3.610e+001 1.137e+000 9.820e+000 2.922e+001 1.875e+003 3.302e+001 1.606e+003
 1.380e+004 2.930e+000 3.720e+002 3.521e+000 4.020e+001 3.458e-001 2.938e+001 8.302e+001 4.216e+003-6.767e+000 2.755e+002 9.992e-001 5.343e+001 1.538e+000 1.756e+001 5.401e+001 2.956e+003 4.663e+001 2.420e+003
 1.500e+004 2.930e+000 3.000e+002 2.396e+000 2.587e+001 1.575e-001 1.697e+001 5.141e+001 2.813e+003-8.599e+000 4.157e+001 6.558e-001 3.590e+001 9.773e-001 1.236e+001 3.523e+001 2.009e+003 3.069e+001 1.648e+003
 1.630e+004 2.930e+000 2.790e+002 1.054e+000 8.174e+000 5.999e-002 4.935e+000 1.993e+001 1.281e+003-3.146e+000 1.141e+002 2.199e-001 2.081e+001 1.021e+000 1.263e+001 1.216e+001 9.321e+002 2.280e+001 9.758e+002
 1.750e+004 2.930e+000 2.610e+002 4.732e-001 3.910e+000 5.644e-002 1.010e+000 5.868e+000 4.345e+002 2.676e+000 9.618e+001 2.832e-003 7.823e+000 6.478e-001 5.584e+000 1.923e+000 2.846e+002 1.202e+001 4.218e+002
 1.880e+004 2.930e+000 2.520e+002 5.973e-001 3.598e+000 6.479e-002-1.996e+000 5.275e+000 2.480e+002 2.393e-001 2.790e+001-1.637e-001 3.762e+000 8.505e-001 1.102e+001-1.114e+000 1.589e+002 1.369e+001 4.883e+002
 2.000e+004 2.930e+000 3.960e+002 1.068e+000 4.423e+001 1.959e+000 9.299e+001 4.636e+001 8.184e+003-6.113e+001 4.712e+003 2.692e+000 4.285e+002 2.356e+001 3.464e+002 4.417e+001 1.252e+004 6.288e+002 2.212e+004
 2.130e+004 2.930e+000 1.920e+002 1.227e-001 4.874e-001 2.169e-002 4.483e-001 8.367e-001 6.471e+001-1.222e+000-3.059e+000 1.810e-002 1.815e+000 3.019e-001 2.942e+000 4.280e-001 7.029e+001 4.418e+000 1.395e+002
 2.250e+004 2.930e+000 2.700e+002 2.049e+000 9.765e+000 7.796e-002-3.217e+001 4.659e+000 1.936e+002 1.396e+001 1.421e+002-2.048e+000-3.552e+000 3.897e+000 6.162e+001-3.292e+001-2.354e+002 5.937e+001 1.973e+003
 2.380e+004 2.930e+000 1.860e+002 2.192e+000 1.740e+001 6.275e-002-1.441e+001 5.181e+001 1.798e+003 7.747e+000-5.412e+002-6.734e-001-1.816e+001 4.385e-001 6.486e+000 1.099e+001 2.412e+002-2.491e+000 2.705e+002
 2.500e+004 2.930e+000 1.650e+002 2.018e-001 8.035e-001-5.589e-002-2.324e+000 3.117e+000 1.074e+002-1.933e+000-6.896e+001-3.654e-002-2.094e-001 1.998e-001 3.045e+000 1.787e+000 6.651e+001 2.515e+000 1.351e+002
 2.630e+004 2.930e+000 8.700e+001 2.939e-002-1.095e+000 4.880e-003-3.948e-001 6.189e-001 5.208e+002 1.745e+000 7.113e+002 9.964e-003 7.234e-001 7.033e-002-8.179e-001 2.241e+000 4.549e+002 3.503e+000 1.404e+003
 2.750e+004 2.930e+000 5.700e+001 1.380e-002-1.392e-002-9.385e-004 4.924e-002 2.128e-001 1.429e+001-1.603e-001 7.293e+000 5.665e-003 3.021e-001 2.951e-002 3.130e-001 2.320e-001 1.512e+001 3.054e-001 2.587e+001
 2.880e+004 2.930e+000 9.900e+001 3.064e-002 3.333e-001 1.390e-002-2.428e-002-5.793e-002 3.445e+001 4.281e-001 3.835e+001-2.444e-002 2.457e+000 2.934e-001 3.043e+000-6.450e-001 5.311e+001 5.515e+000 1.613e+002
 3.000e+004 2.930e+000 9.900e+001 3.322e-002 3.234e-001 4.314e-003-2.553e-002 3.088e-001 2.920e+001-6.674e-002 4.583e+000-6.386e-003 7.959e-001 1.098e-001 1.042e+000 4.997e-004 2.642e+001 1.784e+000 5.926e+001
 3.130e+004 2.930e+000 1.020e+002 7.394e-002 1.354e+000 1.541e-003 3.262e-001 1.318e+000 9.061e+001-5.949e-001-3.756e+001 1.456e-002 3.307e-001 4.092e-002 3.528e-001 1.405e+000 5.767e+001 5.239e-001 5.506e+001
 3.250e+004 2.930e+000 1.290e+002 9.141e-002 1.599e+000-1.192e-002-1.705e-001 2.582e+000 1.521e+002-9.347e-001-6.693e+001 8.755e-003 1.182e-001 5.003e-002 6.177e-001 2.344e+000 9.542e+001 5.354e-001 9.215e+001
 3.380e+004 2.930e+000 5.700e+001 4.825e-003 1.733e-002 6.577e-004 1.576e-002 2.493e-002 2.550e+000-5.323e-003-1.280e-001-5.930e-005 1.849e-002 1.676e-002 2.158e-002 7.661e-003 1.656e+000 5.252e-002 1.740e+000
 3.500e+004 2.930e+000 5.400e+001 6.611e-003 4.526e-003 9.113e-004 4.741e-003 2.686e-002 1.442e+000-9.798e-003-6.363e-002 1.008e-003 2.563e-002 1.625e-002 1.886e-002 1.783e-002 9.959e-001 4.388e-002 1.070e+000
 3.630e+004 2.930e+000 8.400e+001 1.238e-002 6.159e-002 2.836e-003 5.358e-002 5.071e-002 2.437e+000 5.536e-003-5.315e-002 1.017e-003 1.041e-001 2.994e-002 1.570e-002 3.599e-002 1.820e+000 1.189e-001 2.230e+000
 3.750e+004 2.930e+000 6.900e+001 7.157e-003 2.898e-003-7.676e-005 1.050e-002 2.501e-002 1.416e+000-1.916e-002-1.098e-001 2.213e-003 1.276e-002 1.624e-002 4.373e-002 2.458e-002 9.076e-001 3.603e-002 1.166e+000
 3.880e+004 2.930e+000 8.100e+001 9.979e-003 2.092e-002-2.371e-004 1.176e-002 3.890e-002 9.505e-001-2.170e-002-2.022e-002 6.940e-004 3.225e-002 2.217e-002 5.119e-002 1.977e-002 8.595e-001 7.079e-002 1.513e+000
 4.000e+004 2.930e+000 1.170e+002 6.161e-002-1.523e-002-1.263e-002-9.850e-001 1.761e+000 6.720e+001-5.359e-001-3.761e+001 1.881e-003 4.058e-003 3.185e-002 2.490e-001 6.055e-001 2.394e+001 3.312e-001 3.113e+001
 4.130e+004 2.930e+000 8.700e+001 8.161e-003 9.690e-003-6.295e-004 6.791e-005 2.689e-002 7.869e-001-9.687e-003-2.630e-002 7.501e-004 1.855e-002 2.175e-002 5.242e-002 2.039e-002 6.786e-001 5.288e-002 1.268e+000
 4.250e+004 2.930e+000 4.200e+001 4.264e-003 1.053e-002 1.033e-003 7.593e-003 1.575e-002 3.461e-001-1.827e-003-2.395e-002 1.462e-004 6.389e-003 9.060e-003 1.436e-002 9.816e-003 2.786e-001 1.180e-002 4.121e-001
 4.380e+004 2.930e+000 6.000e+001 4.460e-003 4.614e-003 1.310e-004 4.177e-003 1.757e-002 4.968e-001-1.340e-002-9.233e-002 1.082e-003 1.138e-002 8.136e-003 1.903e-002 1.195e-002 3.623e-001 1.948e-002 5.047e-001
 4.500e+004 2.930e+000 9.000e+001 5.747e-003 1.692e-003 5.935e-004-1.816e-003 8.359e-003 4.541e-001-6.431e-003-2.224e-002 1.321e-003 1.394e-002 1.597e-002 8.370e-003 1.685e-003 3.434e-001 2.160e-002 4.570e-001
 4.630e+004 2.930e+000 9.900e+001 6.598e-003 2.638e-003 1.119e-004-3.017e-003 4.200e-002 9.724e-001-1.483e-003-5.877e-002 7.648e-004 1.725e-002 1.823e-002 1.293e-002 2.407e-002 5.397e-001 2.135e-002 5.417e-001
 4.750e+004 2.930e+000 2.280e+002 3.613e-001 1.147e+000-3.215e-002-1.850e+000 8.316e+000 2.519e+002-1.391e+000-7.714e+001 7.398e-002 1.977e+000 5.567e-002 2.468e-001 5.390e+000 1.530e+002 1.644e+000 1.173e+002
 4.880e+004 2.930e+000 1.200e+002 1.452e-001 3.876e-001-1.734e-002-7.868e-001 3.184e+000 9.398e+001-6.718e-001-3.014e+001 2.689e-002 6.988e-001 2.330e-002 1.956e-001 2.095e+000 5.820e+001 6.586e-001 4.599e+001
 5.000e+004 2.930e+000 7.200e+001 3.564e-003 1.600e-003-6.119e-004-2.577e-003 1.331e-002 2.636e-001-1.902e-003-1.348e-002 7.515e-004 5.958e-003 7.514e-003 2.105e-003 8.890e-003 1.704e-001 4.475e-003 1.982e-001
 5.130e+004 2.930e+000 6.600e+001 3.331e-003 5.253e-003 1.256e-004 2.686e-003 5.918e-003 1.446e-001-2.768e-003 2.633e-003 5.103e-004 5.156e-003 8.060e-003 1.112e-003 3.943e-004 1.038e-001 7.749e-003 1.745e-001
 5.250e+004 2.930e+000 7.200e+001 3.413e-003 4.085e-003-2.043e-004 5.480e-004 5.962e-003 1.069e-001-6.017e-003 1.323e-003 6.897e-004 4.700e-003 7.103e-003 3.273e-003 2.240e-003 6.446e-002 2.857e-003 9.785e-002
 5.380e+004 2.930e+000 1.050e+002 2.118e-002 1.298e-001 4.772e-004-1.255e-001 2.677e-001 6.350e+000 1.899e-002-2.963e+000-3.329e-003-7.397e-002 1.216e-002 4.436e-002 5.566e-002-8.467e-002-8.026e-003 1.595e+000
 5.500e+004 2.930e+000 8.700e+001 2.039e-002 8.678e-002-3.122e-003-1.317e-001 3.556e-001 9.805e+000-1.006e-001-5.259e+000 2.539e-003 5.938e-002 7.456e-003 3.510e-002 2.734e-001 6.298e+000 9.085e-002 6.996e+000
 5.630e+004 2.930e+000 1.950e+002 1.190e-001 3.343e-001-2.819e-002-1.169e+000 2.554e+000 7.043e+001-8.618e-001-3.808e+001 2.678e-002 5.707e-001 3.148e-002 2.508e-001 1.844e+000 4.598e+001 8.463e-001 5.093e+001
 5.750e+004 2.930e+000 6.300e+001 2.522e-003 4.139e-003 1.191e-004 1.529e-003 4.041e-003 8.889e-002-4.009e-003-1.587e-002-2.367e-004-1.459e-003 3.491e-003 2.674e-003 3.052e-003 5.149e-002-9.210e-004 5.330e-002
 5.880e+004 2.930e+000 9.000e+001 3.378e-003-8.162e-004-2.526e-004-1.345e-004 7.593e-003 9.513e-002-5.665e-004-2.665e-003 2.505e-004 4.467e-004 5.247e-003 1.089e-003 2.522e-003 4.378e-002 1.223e-003 4.141e-002
 6.000e+004 2.930e+000 7.500e+001 2.313e-003 3.106e-003-3.412e-004 1.088e-003 5.085e-003 8.214e-002-2.002e-003-2.328e-003 4.216e-005 1.891e-003 4.712e-003 3.830e-004 1.665e-003 3.391e-002 1.455e-003 2.848e-002
 6.130e+004 2.930e+000 6.900e+001 2.155e-003 1.787e-003 4.752e-004 6.541e-004 2.494e-003 7.279e-002 1.929e-003-8.318e-004 2.130e-004-3.179e-004 4.688e-003-8.767e-004 1.530e-003 3.765e-002-8.526e-004 2.984e-002
 6.250e+004 2.930e+000 8.400e+001 2.561e-003 1.654e-003-2.136e-004-6.992e-004 5.968e-003 8.214e-002-6.147e-003-8.210e-003 3.272e-004 7.010e-004 6.806e-003 2.798e-003 1.709e-003 3.820e-002 7.750e-004 3.760e-002
 6.380e+004 2.930e+000 1.500e+002 8.248e-002 3.169e-001-1.613e-002-8.079e-001 1.632e+000 3.871e+001-4.513e-001-2.251e+001 1.035e-002 1.447e-001 1.353e-002 1.213e-001 9.178e-001 1.752e+001 3.295e-001 2.112e+001
 6.500e+004 2.930e+000 1.200e+002 4.885e-003 4.414e-003-5.433e-004-2.684e-003 1.462e-002 3.615e-001-6.836e-003-9.871e-002 6.765e-005-5.312e-003 5.586e-003 4.098e-003 4.469e-003 1.281e-001 1.006e-003 1.150e-001
 6.630e+004 2.930e+000 8.400e+001 2.512e-003 4.548e-003-1.219e-004 1.219e-003 6.417e-003 9.916e-002-2.033e-003-5.187e-003 5.856e-005 1.671e-003 3.563e-003 4.577e-004 3.353e-003 4.245e-002 1.502e-003 3.339e-002
 6.750e+004 2.930e+000 4.500e+001 7.522e-004 1.029e-003-1.383e-004 5.428e-004 2.513e-003 5.222e-002-1.877e-003 1.781e-003 1.038e-004-1.267e-003 2.090e-003 1.748e-003 8.160e-004 1.876e-002-3.865e-004 1.420e-002
 6.880e+004 2.930e+000 9.000e+001 1.481e-003 9.622e-004 9.015e-005 2.318e-004 3.942e-003 5.669e-002 1.135e-003-1.039e-005 6.254e-005-7.726e-004 2.361e-003-9.755e-004 1.484e-003 2.448e-002 8.275e-005 1.997e-002
 7.000e+004 2.930e+000 1.050e+002 2.346e-003 2.977e-003 4.084e-004 7.387e-004 5.664e-003 8.923e-002-1.296e-004-3.673e-003 1.759e-004-7.353e-004 3.666e-003 1.324e-003 1.734e-003 3.751e-002 4.940e-004 3.283e-002
 7.130e+004 2.930e+000 7.800e+001 3.409e-003 1.858e-002-4.240e-004-2.398e-002 5.323e-002 1.410e+000-1.852e-002-8.637e-001 5.564e-004 2.259e-003 2.225e-003 7.747e-003 3.072e-002 5.384e-001 1.127e-002 7.792e-001
 7.250e+004 2.930e+000 1.050e+002 3.415e-003 4.582e-003-3.280e-004-2.519e-002 4.565e-002 1.119e+000-1.177e-002-6.501e-001 3.139e-004 4.113e-003 4.419e-003 4.858e-003 2.131e-002 4.467e-001 1.043e-002 6.096e-001
 7.380e+004 2.930e+000 7.200e+001 8.970e-004 1.379e-003-1.765e-004 9.674e-005 1.920e-003 4.421e-002-6.970e-004-6.524e-003 3.482e-004 1.962e-004 2.713e-003 2.529e-004 8.382e-004 1.442e-002 8.425e-004 1.397e-002
 7.500e+004 2.930e+000 1.020e+002 1.499e-003 1.773e-003-3.792e-006 7.990e-004 3.101e-003 6.694e-002 5.394e-005 4.576e-004 1.533e-004 2.105e-003 3.390e-003 1.463e-004 1.295e-003 2.534e-002 3.320e-004 1.920e-002
 7.630e+004 2.930e+000 9.000e+001 1.366e-003 3.076e-003 2.355e-004 1.223e-003 5.346e-003 7.763e-002 1.531e-003-4.412e-004-2.089e-004-4.835e-004 2.337e-003-4.273e-004 1.842e-003 2.971e-002-2.464e-006 1.825e-002
 7.750e+004 2.930e+000 8.700e+001 9.891e-004 1.502e-003-1.290e-004 6.598e-004 3.208e-003 5.822e-002-5.645e-004 1.331e-003 2.417e-004-7.399e-004 2.097e-003 8.950e-004 1.355e-003 2.258e-002-4.635e-004 1.504e-002
 7.880e+004 2.930e+000 8.100e+001 1.066e-003 2.431e-003 1.051e-004 8.149e-004 2.369e-003 5.268e-002 3.756e-004 4.311e-004 7.951e-005 1.609e-003 1.361e-003 3.798e-004 8.318e-004 2.199e-002 1.368e-003 1.567e-002
 8.000e+004 2.930e+000 9.900e+001 1.202e-003 3.867e-003-9.710e-005 3.839e-004 5.061e-003 1.451e-001-2.166e-003 1.078e-002 1.813e-004-3.282e-005 1.831e-003 1.478e-003 1.513e-003 3.838e-002 1.507e-003 1.135e-001
 8.130e+004 2.930e+000 9.600e+001 9.596e-004 2.515e-003 2.293e-004 1.125e-003 2.849e-003 7.410e-002 1.271e-004-4.414e-004 6.798e-006 1.503e-003 1.264e-003-3.420e-004 1.480e-003 2.826e-002 8.087e-004 1.984e-002
 8.250e+004 2.930e+000 6.000e+001 4.187e-004 8.342e-004 7.707e-005 3.314e-004 1.729e-003 4.952e-002-3.762e-005-3.345e-003-2.814e-005 5.335e-004 7.917e-004-2.680e-004 7.877e-004 2.144e-002 4.050e-004 1.478e-002
 8.380e+004 2.930e+000 1.050e+002 9.243e-004 5.094e-004 1.096e-005 4.035e-006 2.199e-003 4.403e-002-8.986e-004-1.024e-003 1.369e-004 4.587e-004 1.605e-003 1.501e-003 1.272e-003 2.479e-002 7.110e-004 2.766e-002
 8.500e+004 2.930e+000 8.700e+001 7.136e-004 1.507e-003-1.917e-006 2.312e-004 1.957e-003 5.234e-002-2.192e-005-2.828e-003 6.043e-005 4.021e-004 1.322e-003 1.048e-003 1.379e-003 2.867e-002 7.476e-004 3.731e-002
 8.630e+004 2.930e+000 1.230e+002 1.051e-003 2.194e-003 1.793e-004 7.994e-004 2.694e-003 4.884e-002-2.729e-004-1.919e-004 3.583e-005 1.175e-003 2.288e-003 1.380e-003 1.025e-003 3.297e-002 3.166e-003 6.018e-002
 8.750e+004 2.930e+000 1.200e+002 1.031e-003 3.445e-003 7.222e-005 8.730e-004 3.273e-003 1.166e-001-2.271e-003-9.607e-003 7.710e-005 4.243e-003 1.561e-003 2.921e-003 5.608e-004 6.173e-002 6.496e-003 1.138e-001
 8.880e+004 2.930e+000 1.080e+002 8.057e-004 2.827e-003 1.049e-004 1.596e-003 2.207e-003 9.136e-002-1.619e-003-7.573e-003-2.618e-005 2.639e-003 1.461e-003 7.126e-003 1.267e-003 9.349e-002 6.878e-003 2.173e-001
 9.000e+004 2.930e+000 1.530e+002 1.049e-003 2.015e-003 9.639e-006 2.547e-003 3.625e-003 1.270e-001-5.735e-003 1.659e-002 1.481e-004 6.138e-003 2.665e-003 1.766e-002 1.181e-003 1.901e-001 1.804e-002 5.661e-001
 9.130e+004 2.930e+000 1.590e+002 9.834e-004 1.533e-003-1.102e-005-4.005e-004 1.988e-004 1.501e-001-7.887e-003 2.971e-002-1.030e-004 9.020e-003 3.885e-003 3.643e-002-2.992e-003 2.920e-001 2.882e-002 1.009e+000
 9.250e+004 2.930e+000 1.410e+002 9.900e-004 2.062e-003 1.941e-004 1.994e-003 2.383e-003 1.795e-001-8.108e-003 1.952e-002-1.527e-004 8.297e-003 3.666e-003 3.136e-002-7.070e-004 3.255e-001 2.767e-002 9.831e-001
 9.380e+004 2.930e+000 1.200e+002 6.411e-004-7.097e-005-1.114e-004-3.134e-003 6.471e-004 9.272e-002-7.263e-003-1.863e-002-1.049e-004 4.890e-003 2.675e-003 2.410e-002-1.151e-003 1.737e-001 1.894e-002 6.101e-001
 9.500e+004 2.930e+000 1.050e+002 7.480e-004 2.740e-003 1.494e-004 3.244e-003 3.368e-003 1.081e-001-4.091e-003-5.015e-003 2.050e-004 4.138e-003 2.403e-003 1.458e-002 1.264e-003 1.435e-001 1.404e-002 4.456e-001
 9.630e+004 2.930e+000 0.000e+000 0.000e+000 0.000e+000 0.000e+000 0.000e+000 0.000e+000 0.000e+000 0.000e+000 0.000e+000 0.000e+000 0.000e+000 0.000e+000 0.000e+000 0.000e+000 0.000e+000 0.000e+000 0.000e+000
 9.750e+004 2.930e+000 0.000e+000 0.000e+000 0.000e+000 0.000e+000 0.000e+000 0.000e+000 0.000e+000 0.000e+000 0.000e+000 0.000e+000 0.000e+000 0.000e+000 0.000e+000 0.000e+000 0.000e+000 0.000e+000 0.000e+000
 9.880e+004 2.930e+000 0.000e+000 0.000e+000 0.000e+000 0.000e+000 0.000e+000 0.000e+000 0.000e+000 0.000e+000 0.000e+000 0.000e+000 0.000e+000 0.000e+000 0.000e+000 0.000e+000 0.000e+000 0.000e+000 0.000e+000
 1.000e+005 2.930e+000 0.000e+000 0.000e+000 0.000e+000 0.000e+000 0.000e+000 0.000e+000 0.000e+000 0.000e+000 0.000e+000 0.000e+000 0.000e+000 0.000e+000 0.000e+000 0.000e+000 0.000e+000 0.000e+000 0.000e+000
