 6.250e+000 2.930e+000 0.000e+000 0.000e+000 0.000e+000 0.000e+000 0.000e+000 0.000e+000 0.000e+000 0.000e+000 0.000e+000 0.000e+000 0.000e+000 0.000e+000 0.000e+000 0.000e+000 0.000e+000 0.000e+000 0.000e+000
 7.500e+000 2.930e+000 0.000e+000 0.000e+000 0.000e+000 0.000e+000 0.000e+000 0.000e+000 0.000e+000 0.000e+000 0.000e+000 0.000e+000 0.000e+000 0.000e+000 0.000e+000 0.000e+000 0.000e+000 0.000e+000 0.000e+000
 8.750e+000 2.930e+000 0.000e+000 0.000e+000 0.000e+000 0.000e+000 0.000e+000 0.000e+000 0.000e+000 0.000e+000 0.000e+000 0.000e+000 0.000e+000 0.000e+000 0.000e+000 0.000e+000 0.000e+000 0.000e+000 0.000e+000
 1.000e+001 2.930e+000 0.000e+000 0.000e+000 0.000e+000 0.000e+000 0.000e+000 0.000e+000 0.000e+000 0.000e+000 0.000e+000 0.000e+000 0.000e+000 0.000e+000 0.000e+000 0.000e+000 0.000e+000 0.000e+000 0.000e+000
 1.130e+001 2.930e+000 2.400e+001 4.817e+001-1.327e+002 2.510e+001-1.620e+001 6.167e+002 2.835e+004 2.874e+002 6.887e+003-4.213e+001-1.280e+003 2.139e+002-4.071e+002 2.288e+002 1.469e+004-3.916e+002 2.871e+004
 1.250e+001 2.930e+000 0.000e+000 0.000e+000 0.000e+000 0.000e+000 0.000e+000 0.000e+000 0.000e+000 0.000e+000 0.000e+000 0.000e+000 0.000e+000 0.000e+000 0.000e+000 0.000e+000 0.000e+000 0.000e+000 0.000e+000
 1.380e+001 2.930e+000 0.000e+000 0.000e+000 0.000e+000 0.000e+000 0.000e+000 0.000e+000 0.000e+000 0.000e+000 0.000e+000 0.000e+000 0.000e+000 0.000e+000 0.000e+000 0.000e+000 0.000e+000 0.000e+000 0.000e+000
 1.500e+001 2.930e+000 2.400e+001 6.019e+001 1.959e+002 8.611e+000 7.487e+001 4.550e+002 1.162e+004 5.516e+002 2.920e+003-3.854e+001-4.303e+002 1.162e+002-5.668e+002 1.473e+002 5.941e+003 2.215e+001 1.083e+004
 1.630e+001 2.930e+000 0.000e+000 0.000e+000 0.000e+000 0.000e+000 0.000e+000 0.000e+000 0.000e+000 0.000e+000 0.000e+000 0.000e+000 0.000e+000 0.000e+000 0.000e+000 0.000e+000 0.000e+000 0.000e+000 0.000e+000
 1.750e+001 2.930e+000 2.400e+001 1.187e+002-1.149e+002 1.284e+001-2.985e+001 5.449e+002 9.036e+003 2.692e+002 1.609e+003 4.296e-001-7.411e+001 7.320e+001-1.905e+002 2.257e+002 4.564e+003 2.691e+002 1.023e+004
 1.880e+001 2.930e+000 0.000e+000 0.000e+000 0.000e+000 0.000e+000 0.000e+000 0.000e+000 0.000e+000 0.000e+000 0.000e+000 0.000e+000 0.000e+000 0.000e+000 0.000e+000 0.000e+000 0.000e+000 0.000e+000 0.000e+000
 2.000e+001 2.930e+000 2.400e+001 1.329e+002 4.574e+002 2.586e+001 3.861e+002 7.804e+002 1.131e+004 6.739e+002 4.476e+003-6.390e+001-9.122e+002 2.037e+002-1.101e+003 2.354e+002 6.664e+003-5.559e+002 1.182e+004
 2.130e+001 2.930e+000 0.000e+000 0.000e+000 0.000e+000 0.000e+000 0.000e+000 0.000e+000 0.000e+000 0.000e+000 0.000e+000 0.000e+000 0.000e+000 0.000e+000 0.000e+000 0.000e+000 0.000e+000 0.000e+000 0.000e+000
 2.250e+001 2.930e+000 0.000e+000 0.000e+000 0.000e+000 0.000e+000 0.000e+000 0.000e+000 0.000e+000 0.000e+000 0.000e+000 0.000e+000 0.000e+000 0.000e+000 0.000e+000 0.000e+000 0.000e+000 0.000e+000 0.000e+000
 2.380e+001 2.930e+000 2.400e+001 5.267e+001 1.139e+002 1.405e+001 4.647e+001 4.876e+002 1.181e+004 3.072e+002-8.413e+001-3.677e+001-8.960e+002 1.170e+002-3.300e+002 2.972e+002 8.198e+003-7.076e+002 9.237e+003
 2.500e+001 2.930e+000 0.000e+000 0.000e+000 0.000e+000 0.000e+000 0.000e+000 0.000e+000 0.000e+000 0.000e+000 0.000e+000 0.000e+000 0.000e+000 0.000e+000 0.000e+000 0.000e+000 0.000e+000 0.000e+000 0.000e+000
 2.630e+001 2.930e+000 2.400e+001 4.364e+001 1.601e+002 1.097e+001 9.058e+001 2.967e+002 5.673e+003 2.744e+002 7.710e+002-2.711e+001-3.342e+002 6.717e+001-2.708e+002 1.593e+002 3.492e+003-2.847e+002 4.023e+003
 2.750e+001 2.930e+000 0.000e+000 0.000e+000 0.000e+000 0.000e+000 0.000e+000 0.000e+000 0.000e+000 0.000e+000 0.000e+000 0.000e+000 0.000e+000 0.000e+000 0.000e+000 0.000e+000 0.000e+000 0.000e+000 0.000e+000
 2.880e+001 2.930e+000 2.400e+001 3.254e+001 1.143e+002 1.705e+000 1.579e+002 2.371e+002 4.916e+003 5.934e+001 1.413e+003-2.510e+001-3.375e+002 8.422e+001-2.203e+002 9.255e+001 2.179e+003-2.926e+002 3.254e+003
 3.000e+001 2.930e+000 0.000e+000 0.000e+000 0.000e+000 0.000e+000 0.000e+000 0.000e+000 0.000e+000 0.000e+000 0.000e+000 0.000e+000 0.000e+000 0.000e+000 0.000e+000 0.000e+000 0.000e+000 0.000e+000 0.000e+000
 3.130e+001 2.930e+000 0.000e+000 0.000e+000 0.000e+000 0.000e+000 0.000e+000 0.000e+000 0.000e+000 0.000e+000 0.000e+000 0.000e+000 0.000e+000 0.000e+000 0.000e+000 0.000e+000 0.000e+000 0.000e+000 0.000e+000
 3.250e+001 2.930e+000 2.400e+001 3.218e+001 1.022e+002 1.453e+001 1.962e+002 2.933e+002 5.967e+003 4.463e+002 1.745e+003-4.293e+001-5.061e+002 1.607e+002-8.672e+002 1.768e+002 4.327e+003-4.210e+002 7.771e+003
 3.380e+001 2.930e+000 0.000e+000 0.000e+000 0.000e+000 0.000e+000 0.000e+000 0.000e+000 0.000e+000 0.000e+000 0.000e+000 0.000e+000 0.000e+000 0.000e+000 0.000e+000 0.000e+000 0.000e+000 0.000e+000 0.000e+000
 3.500e+001 2.930e+000 2.100e+001 5.480e+001 1.556e+002 1.316e+000 1.615e+002 2.576e+002 4.052e+003 5.685e+000 9.419e+002-2.390e+001-1.594e+002 7.116e+001-1.736e+002 1.317e+002 1.830e+003-1.116e+002 2.373e+003
 3.630e+001 2.930e+000 0.000e+000 0.000e+000 0.000e+000 0.000e+000 0.000e+000 0.000e+000 0.000e+000 0.000e+000 0.000e+000 0.000e+000 0.000e+000 0.000e+000 0.000e+000 0.000e+000 0.000e+000 0.000e+000 0.000e+000
 3.750e+001 2.930e+000 2.400e+001 7.175e+001 1.696e+002-1.008e+001 2.263e+002 2.532e+002 4.360e+003-2.437e+001 1.469e+003-2.904e+001-2.543e+002 9.057e+001-4.141e+002 1.740e+001 1.509e+003-1.695e+002 3.192e+003
 3.880e+001 2.930e+000 0.000e+000 0.000e+000 0.000e+000 0.000e+000 0.000e+000 0.000e+000 0.000e+000 0.000e+000 0.000e+000 0.000e+000 0.000e+000 0.000e+000 0.000e+000 0.000e+000 0.000e+000 0.000e+000 0.000e+000
 4.000e+001 2.930e+000 0.000e+000 0.000e+000 0.000e+000 0.000e+000 0.000e+000 0.000e+000 0.000e+000 0.000e+000 0.000e+000 0.000e+000 0.000e+000 0.000e+000 0.000e+000 0.000e+000 0.000e+000 0.000e+000 0.000e+000
 4.130e+001 2.930e+000 2.400e+001 2.725e+002-3.041e+001 3.648e+001 1.849e+002 4.486e+002 1.001e+004-1.080e+002 3.543e+003-6.276e+001-6.332e+002 9.139e+001-3.066e+002 8.465e+001 5.101e+003-4.551e+002 5.529e+003
 4.250e+001 2.930e+000 0.000e+000 0.000e+000 0.000e+000 0.000e+000 0.000e+000 0.000e+000 0.000e+000 0.000e+000 0.000e+000 0.000e+000 0.000e+000 0.000e+000 0.000e+000 0.000e+000 0.000e+000 0.000e+000 0.000e+000
 4.380e+001 2.930e+000 2.400e+001 3.709e+002-3.162e+002 1.159e+002-1.231e+002 1.426e+002 1.637e+004-4.091e+001 2.231e+003-6.759e+001-3.952e+002 1.058e+002-3.309e+002 2.905e+002 5.425e+003-3.010e+002 4.057e+003
 4.500e+001 2.930e+000 0.000e+000 0.000e+000 0.000e+000 0.000e+000 0.000e+000 0.000e+000 0.000e+000 0.000e+000 0.000e+000 0.000e+000 0.000e+000 0.000e+000 0.000e+000 0.000e+000 0.000e+000 0.000e+000 0.000e+000
 4.630e+001 2.930e+000 2.400e+001 4.971e+002-1.116e+002 5.900e+001 3.795e+002 2.200e+003 3.365e+004-2.066e+002 4.956e+003-7.816e+001-3.928e+002 4.981e+001-6.823e+001 6.171e+002 8.449e+003-2.058e+002 3.634e+003
 4.750e+001 2.930e+000 0.000e+000 0.000e+000 0.000e+000 0.000e+000 0.000e+000 0.000e+000 0.000e+000 0.000e+000 0.000e+000 0.000e+000 0.000e+000 0.000e+000 0.000e+000 0.000e+000 0.000e+000 0.000e+000 0.000e+000
 4.880e+001 2.930e+000 0.000e+000 0.000e+000 0.000e+000 0.000e+000 0.000e+000 0.000e+000 0.000e+000 0.000e+000 0.000e+000 0.000e+000 0.000e+000 0.000e+000 0.000e+000 0.000e+000 0.000e+000 0.000e+000 0.000e+000
 5.000e+001 2.930e+000 2.400e+001 1.952e+005 5.105e+005 1.429e+004 2.924e+005 8.280e+005 4.860e+006 1.154e+005 7.943e+005-2.097e+004-5.173e+004 3.316e+003-4.399e+004 1.709e+005 1.492e+006 3.034e+003 5.892e+005
 5.130e+001 2.930e+000 0.000e+000 0.000e+000 0.000e+000 0.000e+000 0.000e+000 0.000e+000 0.000e+000 0.000e+000 0.000e+000 0.000e+000 0.000e+000 0.000e+000 0.000e+000 0.000e+000 0.000e+000 0.000e+000 0.000e+000
 5.250e+001 2.930e+000 2.400e+001 6.408e+002 4.832e+002 7.556e+001 7.475e+002 3.563e+003 3.451e+004 3.119e+002 4.181e+003-7.423e+001-3.767e+002 2.661e+001-1.900e+002 1.077e+003 1.099e+004-8.296e+001 4.551e+003
 5.380e+001 2.930e+000 0.000e+000 0.000e+000 0.000e+000 0.000e+000 0.000e+000 0.000e+000 0.000e+000 0.000e+000 0.000e+000 0.000e+000 0.000e+000 0.000e+000 0.000e+000 0.000e+000 0.000e+000 0.000e+000 0.000e+000
 5.500e+001 2.930e+000 0.000e+000 0.000e+000 0.000e+000 0.000e+000 0.000e+000 0.000e+000 0.000e+000 0.000e+000 0.000e+000 0.000e+000 0.000e+000 0.000e+000 0.000e+000 0.000e+000 0.000e+000 0.000e+000 0.000e+000
 5.630e+001 2.930e+000 2.400e+001 2.529e+002 1.177e+002 2.472e+001 1.995e+002 6.851e+002 1.034e+004 2.977e+000 2.246e+003-4.742e+001-3.128e+002 8.464e+001-3.269e+002 1.694e+002 3.636e+003-2.618e+002 3.373e+003
 5.750e+001 2.930e+000 0.000e+000 0.000e+000 0.000e+000 0.000e+000 0.000e+000 0.000e+000 0.000e+000 0.000e+000 0.000e+000 0.000e+000 0.000e+000 0.000e+000 0.000e+000 0.000e+000 0.000e+000 0.000e+000 0.000e+000
 5.880e+001 2.930e+000 2.100e+001 9.967e+001-9.514e+001 1.695e+001 6.061e+001 1.339e+002 5.690e+003 1.273e+001 2.170e+002-2.412e+001-6.533e+001 3.307e+001-1.174e+002 4.382e+001 1.732e+003-6.343e+001 1.315e+003
 6.000e+001 2.930e+000 0.000e+000 0.000e+000 0.000e+000 0.000e+000 0.000e+000 0.000e+000 0.000e+000 0.000e+000 0.000e+000 0.000e+000 0.000e+000 0.000e+000 0.000e+000 0.000e+000 0.000e+000 0.000e+000 0.000e+000
 6.130e+001 2.930e+000 2.400e+001 5.257e+001 7.307e+000 6.949e-001 5.821e+001 3.531e+002 4.233e+003-8.929e+000 3.780e+002-1.264e+001-8.118e+001 1.449e+001-4.835e+001 8.656e+001 1.078e+003-2.145e+001 6.675e+002
 6.250e+001 2.930e+000 0.000e+000 0.000e+000 0.000e+000 0.000e+000 0.000e+000 0.000e+000 0.000e+000 0.000e+000 0.000e+000 0.000e+000 0.000e+000 0.000e+000 0.000e+000 0.000e+000 0.000e+000 0.000e+000 0.000e+000
 6.380e+001 2.930e+000 0.000e+000 0.000e+000 0.000e+000 0.000e+000 0.000e+000 0.000e+000 0.000e+000 0.000e+000 0.000e+000 0.000e+000 0.000e+000 0.000e+000 0.000e+000 0.000e+000 0.000e+000 0.000e+000 0.000e+000
 6.500e+001 2.930e+000 2.400e+001 4.418e+001 3.693e+001 1.717e-001 1.761e+002 2.819e+002 3.971e+003 2.946e+001 1.851e+003-3.699e+001-4.438e+002 8.880e+001-3.622e+002 1.334e+002 2.075e+003-3.271e+002 2.937e+003
 6.630e+001 2.930e+000 0.000e+000 0.000e+000 0.000e+000 0.000e+000 0.000e+000 0.000e+000 0.000e+000 0.000e+000 0.000e+000 0.000e+000 0.000e+000 0.000e+000 0.000e+000 0.000e+000 0.000e+000 0.000e+000 0.000e+000
 6.750e+001 2.930e+000 2.400e+001 4.047e+001 6.752e+001-9.634e+000 1.961e+002 3.490e+002 4.413e+003 2.258e+001 1.692e+003-4.438e+001-5.008e+002 1.012e+002-3.339e+002 1.728e+002 2.637e+003-4.074e+002 3.154e+003
 6.880e+001 2.930e+000 0.000e+000 0.000e+000 0.000e+000 0.000e+000 0.000e+000 0.000e+000 0.000e+000 0.000e+000 0.000e+000 0.000e+000 0.000e+000 0.000e+000 0.000e+000 0.000e+000 0.000e+000 0.000e+000 0.000e+000
 7.000e+001 2.930e+000 2.400e+001 2.545e+001 5.435e+001 1.178e+000 6.371e+001 1.785e+002 2.221e+003 5.517e+001 3.597e+002-1.147e+001-1.286e+002 2.449e+001-8.974e+001 7.035e+001 1.022e+003-8.850e+001 9.873e+002
 7.130e+001 2.930e+000 0.000e+000 0.000e+000 0.000e+000 0.000e+000 0.000e+000 0.000e+000 0.000e+000 0.000e+000 0.000e+000 0.000e+000 0.000e+000 0.000e+000 0.000e+000 0.000e+000 0.000e+000 0.000e+000 0.000e+000
 7.250e+001 2.930e+000 0.000e+000 0.000e+000 0.000e+000 0.000e+000 0.000e+000 0.000e+000 0.000e+000 0.000e+000 0.000e+000 0.000e+000 0.000e+000 0.000e+000 0.000e+000 0.000e+000 0.000e+000 0.000e+000 0.000e+000
 7.380e+001 2.930e+000 2.400e+001 1.684e+001 2.806e+001 8.379e-001 1.966e+001 7.523e+001 1.128e+003 2.159e+001 1.225e+002-5.025e+000-6.977e+001 2.657e+001-8.440e+001 3.064e+001 4.632e+002-8.040e+001 6.545e+002
 7.500e+001 2.930e+000 0.000e+000 0.000e+000 0.000e+000 0.000e+000 0.000e+000 0.000e+000 0.000e+000 0.000e+000 0.000e+000 0.000e+000 0.000e+000 0.000e+000 0.000e+000 0.000e+000 0.000e+000 0.000e+000 0.000e+000
 7.630e+001 2.930e+000 2.400e+001 1.942e+001 3.945e+001-4.592e-001 1.226e+002 1.398e+002 2.003e+003 1.385e+002 1.018e+003-2.450e+001-2.945e+002 1.029e+002-5.039e+002 7.850e+001 1.850e+003-3.315e+002 3.763e+003
 7.750e+001 2.930e+000 0.000e+000 0.000e+000 0.000e+000 0.000e+000 0.000e+000 0.000e+000 0.000e+000 0.000e+000 0.000e+000 0.000e+000 0.000e+000 0.000e+000 0.000e+000 0.000e+000 0.000e+000 0.000e+000 0.000e+000
 7.880e+001 2.930e+000 2.400e+001 1.695e+001 6.779e+001-9.228e+000 1.440e+002 1.098e+002 1.819e+003 3.666e+001 1.109e+003-1.986e+001-2.295e+002 6.986e+001-3.446e+002 2.762e+001 1.238e+003-2.263e+002 2.715e+003
 8.000e+001 2.930e+000 0.000e+000 0.000e+000 0.000e+000 0.000e+000 0.000e+000 0.000e+000 0.000e+000 0.000e+000 0.000e+000 0.000e+000 0.000e+000 0.000e+000 0.000e+000 0.000e+000 0.000e+000 0.000e+000 0.000e+000
 8.130e+001 2.930e+000 0.000e+000 0.000e+000 0.000e+000 0.000e+000 0.000e+000 0.000e+000 0.000e+000 0.000e+000 0.000e+000 0.000e+000 0.000e+000 0.000e+000 0.000e+000 0.000e+000 0.000e+000 0.000e+000 0.000e+000
 8.250e+001 2.930e+000 2.400e+001 1.419e+001 3.326e+001-1.644e+000 5.487e+001 1.055e+002 1.277e+003 2.350e+001 3.647e+002-1.155e+001-1.106e+002 2.519e+001-9.091e+001 3.749e+001 6.042e+002-7.452e+001 6.855e+002
 8.380e+001 2.930e+000 0.000e+000 0.000e+000 0.000e+000 0.000e+000 0.000e+000 0.000e+000 0.000e+000 0.000e+000 0.000e+000 0.000e+000 0.000e+000 0.000e+000 0.000e+000 0.000e+000 0.000e+000 0.000e+000 0.000e+000
 8.500e+001 2.930e+000 2.400e+001 1.412e+001 3.344e+001 1.079e+000 4.562e+001 1.011e+002 1.296e+003 4.515e+001 2.841e+002-1.303e+001-1.289e+002 3.075e+001-1.295e+002 6.340e+001 8.411e+002-1.106e+002 1.083e+003
 8.630e+001 2.930e+000 0.000e+000 0.000e+000 0.000e+000 0.000e+000 0.000e+000 0.000e+000 0.000e+000 0.000e+000 0.000e+000 0.000e+000 0.000e+000 0.000e+000 0.000e+000 0.000e+000 0.000e+000 0.000e+000 0.000e+000
 8.750e+001 2.930e+000 2.400e+001 9.528e+000 1.653e+001-2.211e+000 7.150e+001 7.200e+001 1.015e+003 4.624e+001 5.067e+002-1.429e+001-1.570e+002 4.440e+001-2.056e+002 4.510e+001 8.742e+002-1.611e+002 1.608e+003
 8.880e+001 2.930e+000 0.000e+000 0.000e+000 0.000e+000 0.000e+000 0.000e+000 0.000e+000 0.000e+000 0.000e+000 0.000e+000 0.000e+000 0.000e+000 0.000e+000 0.000e+000 0.000e+000 0.000e+000 0.000e+000 0.000e+000
 9.000e+001 2.930e+000 0.000e+000 0.000e+000 0.000e+000 0.000e+000 0.000e+000 0.000e+000 0.000e+000 0.000e+000 0.000e+000 0.000e+000 0.000e+000 0.000e+000 0.000e+000 0.000e+000 0.000e+000 0.000e+000 0.000e+000
 9.130e+001 2.930e+000 2.400e+001 4.675e+000 1.175e+000-1.745e-001 1.349e+001 3.249e+001 5.196e+002 1.733e+000 5.390e+001-3.694e+000-2.367e+001 1.926e+001-7.805e+001 1.149e+001 1.400e+002-4.251e+001 4.664e+002
 9.250e+001 2.930e+000 0.000e+000 0.000e+000 0.000e+000 0.000e+000 0.000e+000 0.000e+000 0.000e+000 0.000e+000 0.000e+000 0.000e+000 0.000e+000 0.000e+000 0.000e+000 0.000e+000 0.000e+000 0.000e+000 0.000e+000
 9.380e+001 2.930e+000 2.400e+001 6.117e+000 4.145e+000-1.217e+000 2.059e+001 5.053e+001 7.506e+002 1.245e+000 1.639e+002-3.910e+000-4.774e+001 1.110e+001-4.537e+001 2.314e+001 3.974e+002-4.869e+001 5.164e+002
 9.500e+001 2.930e+000 0.000e+000 0.000e+000 0.000e+000 0.000e+000 0.000e+000 0.000e+000 0.000e+000 0.000e+000 0.000e+000 0.000e+000 0.000e+000 0.000e+000 0.000e+000 0.000e+000 0.000e+000 0.000e+000 0.000e+000
 9.630e+001 2.930e+000 2.400e+001 5.472e+000 4.243e+000-2.753e-001 4.396e+000 3.343e+001 4.867e+002-6.760e+000 8.510e+001-1.870e+000-2.251e+001 5.601e+000-1.577e+001 7.214e+000 1.259e+002-1.772e+001 1.477e+002
 9.750e+001 2.930e+000 0.000e+000 0.000e+000 0.000e+000 0.000e+000 0.000e+000 0.000e+000 0.000e+000 0.000e+000 0.000e+000 0.000e+000 0.000e+000 0.000e+000 0.000e+000 0.000e+000 0.000e+000 0.000e+000 0.000e+000
 9.880e+001 2.930e+000 0.000e+000 0.000e+000 0.000e+000 0.000e+000 0.000e+000 0.000e+000 0.000e+000 0.000e+000 0.000e+000 0.000e+000 0.000e+000 0.000e+000 0.000e+000 0.000e+000 0.000e+000 0.000e+000 0.000e+000
 1.000e+002 2.930e+000 3.900e+001 1.554e+001-7.818e+001-5.698e-001-1.746e+001 3.935e+001 8.594e+002-3.622e+001 1.125e+002-4.694e+000-1.999e+001 7.984e+000 2.113e+001 2.495e+001 2.837e+002-3.349e+001 2.471e+002
 1.130e+002 2.930e+000 6.300e+001 1.410e+001 4.198e+001-3.903e+000 1.088e+002 1.228e+002 1.737e+003 6.966e+001 6.845e+002-2.158e+001-2.140e+002 7.838e+001-3.393e+002 6.670e+001 1.262e+003-2.580e+002 2.453e+003
 1.250e+002 2.930e+000 5.700e+001 1.913e+001 7.627e+001-8.663e+000 1.679e+002 1.673e+002 2.282e+003 8.371e+001 1.048e+003-3.059e+001-3.204e+002 9.294e+001-4.018e+002 9.668e+001 1.924e+003-3.684e+002 3.427e+003
 1.380e+002 2.930e+000 5.100e+001 1.048e+001 3.924e+001-6.591e+000 1.059e+002 1.048e+002 1.578e+003 3.794e+001 8.519e+002-1.652e+001-2.038e+002 6.365e+001-3.137e+002 4.059e+001 1.208e+003-2.402e+002 2.637e+003
 1.500e+002 2.930e+000 5.700e+001 8.543e+000 5.280e+001-3.039e-001 1.905e+001 8.187e+001 1.726e+003 2.167e+001 1.842e+001-2.635e+000-2.278e+001 1.090e+001-5.374e+001 1.844e+001 4.758e+002-2.788e+001 4.376e+002
 1.630e+002 2.930e+000 6.000e+001 1.954e+001 7.271e+001-6.237e+000 1.648e+002 2.022e+002 2.846e+003 9.816e+001 1.034e+003-2.921e+001-3.321e+002 8.324e+001-3.811e+002 1.276e+002 2.374e+003-3.906e+002 3.753e+003
 1.750e+002 2.930e+000 6.600e+001 2.396e+001 8.748e+001-1.718e+001 2.439e+002 2.130e+002 2.856e+003 1.020e+002 1.706e+003-3.807e+001-4.815e+002 2.009e+002-9.188e+002 1.020e+002 2.787e+003-8.375e+002 7.832e+003
 1.880e+002 2.930e+000 1.020e+002 9.019e+001 2.111e+002-2.898e+001 4.738e+002 6.634e+002 7.090e+003 2.104e+002 2.681e+003-7.580e+001-8.006e+002 2.731e+002-1.256e+003 2.541e+002 5.117e+003-1.133e+003 1.076e+004
 2.000e+002 2.930e+000 9.300e+001 2.113e+003 2.592e+003 8.166e+001 1.157e+003 1.292e+004 8.529e+004 9.185e+002 2.427e+003-1.991e+002-1.167e+003 1.661e+002-8.725e+002 3.362e+003 2.389e+004-7.855e+002 1.107e+004
 2.130e+002 2.930e+000 7.500e+001 1.095e+002 1.822e+002-3.196e+001 3.825e+002 9.892e+002 1.048e+004 2.301e+001 2.379e+003-6.011e+001-6.354e+002 2.038e+002-8.973e+002 2.636e+002 4.424e+003-8.625e+002 8.011e+003
 2.250e+002 2.930e+000 1.200e+002 1.313e+002 1.536e+002-2.615e+001 2.856e+002 1.572e+003 2.041e+004 1.739e+001 1.723e+003-5.439e+001-6.298e+002 1.846e+002-8.215e+002 4.324e+002 6.909e+003-7.834e+002 8.069e+003
 2.380e+002 2.930e+000 9.600e+001 4.204e+002 9.243e+001-3.296e+000-6.804e+001 5.500e+003 7.374e+004 1.811e+002-2.339e+003-4.496e+001-4.992e+002 1.049e+002-5.062e+002 1.423e+003 1.972e+004-4.813e+002 8.802e+003
 2.500e+002 2.930e+000 9.600e+001 1.178e+004-1.296e+003-8.574e+002-3.341e+003 1.554e+005 2.070e+006-1.108e+004-4.276e+004-6.916e+002-8.609e+003 2.548e+002 2.062e+003 3.560e+004 4.751e+005-2.278e+003 1.147e+005
 2.630e+002 2.930e+000 9.600e+001 3.235e+002-2.331e+001-2.091e+001 5.717e+001 4.153e+003 5.488e+004-2.587e+001-1.811e+002-4.997e+001-6.142e+002 1.128e+002-4.893e+002 1.018e+003 1.457e+004-5.263e+002 7.543e+003
 2.750e+002 2.930e+000 1.110e+002 1.061e+002 9.297e+001-2.379e+001 1.693e+002 1.197e+003 1.527e+004 1.149e+001 4.629e+002-3.376e+001-3.493e+002 1.318e+002-5.890e+002 2.671e+002 4.572e+003-5.265e+002 5.553e+003
 2.880e+002 2.930e+000 9.600e+001 1.773e+002 6.412e+002-2.435e+001 4.251e+002 1.780e+003 2.155e+004 1.232e+002 1.861e+003-7.445e+001-8.352e+002 1.404e+002-6.098e+002 5.549e+002 7.917e+003-6.900e+002 6.828e+003
 3.000e+002 2.930e+000 9.600e+001 4.555e+003 1.862e+004-7.497e+002 7.682e+003 4.437e+004 5.097e+005-3.564e+003 3.385e+004-8.987e+002-1.189e+004 3.785e+002-2.496e+002 1.003e+004 1.300e+005-3.546e+003 3.827e+004
 3.130e+002 2.930e+000 9.600e+001 1.903e+002 6.025e+002-3.466e+001 3.128e+002 1.784e+003 1.994e+004-1.126e+002 1.339e+003-4.105e+001-4.816e+002 1.065e+002-4.480e+002 3.646e+002 5.152e+003-4.651e+002 4.757e+003
 3.250e+002 2.930e+000 1.080e+002 9.656e+001 1.018e+002-1.363e+001 2.234e+002 7.998e+002 8.380e+003 7.408e+000 1.552e+003-5.288e+001-5.304e+002 1.335e+002-5.496e+002 2.697e+002 3.615e+003-5.953e+002 5.319e+003
 3.380e+002 2.930e+000 9.000e+001 1.935e+002-2.941e+002 1.312e+001 4.365e+001 1.152e+003 9.190e+003 3.772e+001 8.651e+002-8.638e+001-6.331e+002 1.041e+002-3.495e+002 4.401e+002 3.928e+003-4.766e+002 3.864e+003
 3.500e+002 2.930e+000 9.600e+001 5.014e+003-8.814e+003 7.294e+002-1.489e+003 2.603e+004 1.578e+005 1.360e+002 1.259e+004-2.011e+003-1.188e+004 9.824e+002-1.317e+003 1.129e+004 6.354e+004-5.052e+003 2.903e+004
 3.630e+002 2.930e+000 9.000e+001 1.960e+002-1.989e+002 2.430e+001-3.054e+000 1.025e+003 6.713e+003 1.136e+002 4.146e+002-7.792e+001-5.053e+002 8.898e+001-3.131e+002 4.237e+002 3.201e+003-4.071e+002 3.362e+003
 3.750e+002 2.930e+000 1.020e+002 6.159e+001 3.306e+001 5.538e-001 7.643e+001 3.612e+002 2.793e+003 4.635e+001 4.429e+002-2.933e+001-2.191e+002 5.338e+001-2.174e+002 1.404e+002 1.376e+003-2.345e+002 2.044e+003
 3.880e+002 2.930e+000 8.400e+001 2.974e+001 5.205e+001-4.273e+000 7.264e+001 1.922e+002 1.727e+003 2.619e+001 3.136e+002-1.512e+001-1.219e+002 3.550e+001-1.665e+002 5.647e+001 8.065e+002-1.508e+002 1.496e+003
 4.000e+002 2.930e+000 8.700e+001 6.698e+001 1.835e+002 2.524e+000 6.959e+001 4.100e+002 3.565e+003 1.201e+002-1.133e+001-2.349e+001-1.796e+002 4.823e+001-2.212e+002 1.685e+002 1.722e+003-2.243e+002 2.169e+003
 4.130e+002 2.930e+000 1.050e+002 2.603e+001 6.506e+001-3.324e+000 5.936e+001 1.920e+002 1.881e+003 3.424e+001 2.310e+002-1.250e+001-1.146e+002 4.820e+001-2.124e+002 5.898e+001 8.458e+002-2.048e+002 1.873e+003
 4.250e+002 2.930e+000 9.000e+001 2.457e+001 9.864e+001-9.242e+000 1.178e+002 1.863e+002 2.108e+003 2.603e+001 6.009e+002-1.815e+001-1.929e+002 5.914e+001-2.534e+002 6.189e+001 1.191e+003-2.771e+002 2.434e+003
 4.380e+002 2.930e+000 9.000e+001 3.715e+001 1.899e+002-1.939e+000 1.052e+002 3.136e+002 4.025e+003 1.273e+002 4.763e+001-1.952e+001-1.784e+002 6.201e+001-2.965e+002 1.267e+002 1.935e+003-2.888e+002 2.875e+003
 4.500e+002 2.930e+000 9.600e+001 4.122e+002 2.931e+003-4.083e+001 7.886e+002 4.061e+003 6.382e+004 4.921e+001-4.747e+002-6.739e+001-8.468e+002 8.138e+001-3.203e+002 1.063e+003 1.631e+004-4.837e+002 6.641e+003
 4.630e+002 2.930e+000 1.140e+002 3.803e+001 1.630e+002-1.203e+001 1.646e+002 3.359e+002 4.111e+003 6.354e+001 6.708e+002-2.667e+001-2.837e+002 9.024e+001-3.917e+002 1.172e+002 2.093e+003-4.174e+002 3.768e+003
 4.750e+002 2.930e+000 9.600e+001 3.253e+001 1.238e+002-2.986e+000 1.050e+002 2.849e+002 3.214e+003 1.270e+002 2.250e+002-2.167e+001-2.180e+002 7.749e+001-3.586e+002 1.257e+002 1.963e+003-3.525e+002 3.377e+003
 4.880e+002 2.930e+000 9.600e+001 4.355e+001 1.555e+002-1.114e+001 1.116e+002 3.719e+002 3.990e+003 2.281e+001 4.439e+002-1.705e+001-1.928e+002 6.785e+001-2.960e+002 8.267e+001 1.456e+003-3.042e+002 2.777e+003
 5.000e+002 2.930e+000 8.700e+001 7.406e+001 3.956e+002-2.154e+001 2.352e+002 7.373e+002 1.274e+004-7.536e+001 1.023e+003-3.170e+001-4.222e+002 6.680e+001-2.450e+002 1.910e+002 3.824e+003-3.453e+002 3.174e+003
 5.130e+002 2.930e+000 1.200e+002 1.585e+002 5.983e+002-1.078e+001 2.651e+002 1.351e+003 1.406e+004 1.817e+002 4.555e+002-5.699e+001-5.516e+002 8.470e+001-3.590e+002 4.340e+002 5.143e+003-4.572e+002 4.298e+003
 5.250e+002 2.930e+000 9.600e+001 3.041e+002 1.078e+003-3.755e+001 4.054e+002 2.541e+003 2.519e+004-3.645e+001 1.194e+003-7.344e+001-7.548e+002 4.481e+001-1.161e+002 6.052e+002 6.630e+003-2.934e+002 2.581e+003
 5.380e+002 2.930e+000 9.600e+001 1.344e+003 4.822e+003-1.595e+002 1.962e+003 1.118e+004 1.106e+005 2.502e+001 5.871e+003-3.677e+002-3.652e+003 1.503e+002-3.329e+002 2.892e+003 3.140e+004-1.166e+003 1.040e+004
 5.500e+002 2.930e+000 9.600e+001 1.566e+005 5.560e+005-1.643e+004 2.135e+005 1.300e+006 1.277e+007 1.090e+004 5.454e+005-4.147e+004-4.026e+005 1.273e+004-2.040e+004 3.456e+005 3.628e+006-1.141e+005 1.056e+006
 5.630e+002 2.930e+000 1.200e+002 2.215e+003 7.702e+003-2.451e+002 3.090e+003 1.812e+004 1.751e+005 1.163e+002 8.521e+003-6.060e+002-5.820e+003 2.095e+002-3.861e+002 4.813e+003 5.026e+004-1.734e+003 1.547e+004
 5.750e+002 2.930e+000 9.600e+001 2.991e+002 1.017e+003-2.942e+001 3.963e+002 2.409e+003 2.294e+004 6.240e+001 9.293e+002-8.326e+001-7.758e+002 4.271e+001-1.219e+002 6.487e+002 6.682e+003-2.945e+002 2.631e+003
 5.880e+002 2.930e+000 9.600e+001 1.397e+002 4.579e+002-1.390e+001 1.787e+002 1.101e+003 1.027e+004 3.314e+001 4.176e+002-3.885e+001-3.605e+002 2.591e+001-8.134e+001 2.916e+002 3.008e+003-1.625e+002 1.420e+003
 6.000e+002 2.930e+000 1.200e+002 1.126e+002 3.236e+002-1.237e+001 1.239e+002 9.057e+002 8.569e+003 3.225e+000 3.144e+002-3.071e+001-3.034e+002 2.536e+001-7.549e+001 2.319e+002 2.494e+003-1.549e+002 1.353e+003
 6.130e+002 2.930e+000 9.600e+001 5.387e+001 1.715e+002-1.053e+001 1.063e+002 4.105e+002 3.759e+003-2.790e+000 4.628e+002-1.906e+001-1.937e+002 2.664e+001-9.169e+001 1.025e+002 1.273e+003-1.420e+002 1.135e+003
 6.250e+002 2.930e+000 9.600e+001 4.060e+001 1.233e+002-2.833e+000 6.428e+001 3.090e+002 2.817e+003 5.115e+001 1.320e+002-1.625e+001-1.490e+002 2.850e+001-1.132e+002 1.031e+002 1.172e+003-1.479e+002 1.268e+003
 6.380e+002 2.930e+000 9.600e+001 3.721e+001 9.973e+001-4.632e+000 5.221e+001 2.786e+002 2.443e+003 2.036e+001 1.404e+002-1.171e+001-1.112e+002 2.489e+001-9.826e+001 6.704e+001 8.111e+002-1.265e+002 1.084e+003
 6.500e+002 2.930e+000 1.200e+002 4.480e+003 1.053e+004 1.099e+002 4.044e+003 4.007e+004 3.857e+005 5.285e+003 7.170e+003-1.796e+003-1.588e+004 7.678e+002-2.111e+003 1.217e+004 1.196e+005-5.004e+003 3.884e+004
 6.630e+002 2.930e+000 9.600e+001 1.507e+001 5.399e+001-3.593e+000 4.257e+001 1.139e+002 1.163e+003 2.753e+001 1.227e+002-7.986e+000-9.109e+001 3.038e+001-1.197e+002 3.903e+001 6.561e+002-1.523e+002 1.270e+003
 6.750e+002 2.930e+000 9.600e+001 1.183e+001 3.854e+001-2.935e+000 3.148e+001 8.446e+001 8.073e+002 1.956e+001 9.652e+001-5.964e+000-6.725e+001 3.016e+001-1.236e+002 2.755e+001 4.747e+002-1.487e+002 1.269e+003
 6.880e+002 2.930e+000 9.300e+001 1.281e+001 4.549e+001-8.415e+000 6.474e+001 8.881e+001 8.407e+002-1.168e+001 3.734e+002-7.655e+000-9.892e+001 3.463e+001-1.343e+002 1.270e+001 4.827e+002-1.675e+002 1.357e+003
 7.000e+002 2.930e+000 1.140e+002 2.996e+001 5.138e+001-7.382e+000 5.328e+001 1.576e+002 1.195e+003 1.539e+001 2.107e+002-1.162e+001-1.127e+002 3.449e+001-1.322e+002 4.152e+001 6.894e+002-1.685e+002 1.390e+003
 7.130e+002 2.930e+000 9.600e+001 8.791e+000 2.734e+001-3.006e+000 3.241e+001 5.955e+001 5.714e+002 2.146e+001 1.114e+002-5.429e+000-6.508e+001 2.728e+001-1.125e+002 2.074e+001 4.532e+002-1.376e+002 1.178e+003
 7.250e+002 2.930e+000 9.000e+001 7.830e+000 2.654e+001-4.884e+000 3.847e+001 4.975e+001 4.597e+002 2.067e+000 1.918e+002-4.463e+000-5.833e+001 2.558e+001-1.031e+002 6.343e+000 3.178e+002-1.245e+002 1.040e+003
 7.380e+002 2.930e+000 9.600e+001 7.714e+000 2.633e+001-3.608e+000 3.782e+001 5.193e+001 4.996e+002 1.416e+001 1.616e+002-6.033e+000-6.758e+001 2.332e+001-9.237e+001 1.959e+001 4.139e+002-1.164e+002 9.599e+002
 7.500e+002 2.930e+000 1.320e+002 8.420e+001 3.406e+002-1.256e+001 1.054e+002 8.150e+002 9.500e+003 8.229e+000 1.000e+002-2.750e+001-3.216e+002 3.099e+001-9.272e+001 2.039e+002 2.540e+003-1.854e+002 1.566e+003
 7.630e+002 2.930e+000 8.400e+001 5.650e+000 1.884e+001-3.331e+000 2.918e+001 3.665e+001 3.461e+002 3.008e+000 1.405e+002-3.772e+000-4.577e+001 1.906e+001-7.680e+001 8.644e+000 2.613e+002-9.667e+001 8.142e+002
 7.750e+002 2.930e+000 8.700e+001 5.696e+000 1.884e+001-2.508e+000 2.356e+001 3.904e+001 3.967e+002 7.099e+000 1.204e+002-3.531e+000-4.774e+001 1.696e+001-6.741e+001 1.050e+001 2.898e+002-8.890e+001 7.459e+002
 7.880e+002 2.930e+000 1.080e+002 6.635e+000 2.402e+001-1.862e+000 2.336e+001 4.408e+001 4.599e+002 1.847e+001 6.484e+001-4.245e+000-4.847e+001 1.896e+001-7.805e+001 1.779e+001 3.518e+002-9.913e+001 8.568e+002
 8.000e+002 2.930e+000 9.900e+001 1.496e+001 4.742e+001-5.336e+000 5.348e+001 4.715e+001 6.682e+002 1.061e+001 8.651e+001-6.708e+000-4.230e+001 1.948e+001-8.168e+001 1.117e+001 3.151e+002-9.750e+001 8.536e+002
 8.130e+002 2.930e+000 8.700e+001 5.629e+000 1.983e+001-2.686e+000 2.234e+001 3.669e+001 3.769e+002 3.160e+000 1.000e+002-3.104e+000-3.932e+001 1.482e+001-5.741e+001 8.140e+000 2.301e+002-7.616e+001 6.283e+002
 8.250e+002 2.930e+000 8.700e+001 8.002e+000 3.025e+001-2.547e+000 2.957e+001 5.485e+001 5.640e+002 1.160e+001 1.193e+002-5.180e+000-5.613e+001 1.532e+001-5.984e+001 2.092e+001 3.625e+002-8.091e+001 6.753e+002
 8.380e+002 2.930e+000 1.410e+002 2.680e+001 1.316e+002-6.453e+000 6.547e+001 1.823e+002 2.096e+003 1.127e+001 2.436e+002-1.008e+001-1.121e+002 2.011e+001-7.528e+001 4.393e+001 7.394e+002-1.106e+002 9.180e+002
 8.500e+002 2.930e+000 9.300e+001 8.769e+002 4.820e+003-1.528e+002 1.602e+003 6.005e+003 6.835e+004 3.362e+002 3.652e+003-2.494e+002-2.547e+003 1.088e+002-2.817e+002 1.307e+003 1.797e+004-7.152e+002 5.585e+003
 8.630e+002 2.930e+000 9.000e+001 1.753e+001 8.366e+001-2.489e+000 2.941e+001 1.183e+002 1.346e+003 1.312e+001 5.536e+001-5.803e+000-5.631e+001 1.273e+001-4.950e+001 3.025e+001 4.083e+002-6.783e+001 5.765e+002
 8.750e+002 2.930e+000 8.400e+001 7.603e+000 3.197e+001-1.580e+000 1.969e+001 5.162e+001 5.912e+002 1.421e+001 2.690e+001-3.689e+000-3.540e+001 1.373e+001-5.503e+001 1.688e+001 2.744e+002-7.150e+001 6.079e+002
 8.880e+002 2.930e+000 9.600e+001 6.864e+000 3.143e+001-2.776e+000 2.529e+001 5.125e+001 6.602e+002 4.481e+000 1.164e+002-3.235e+000-4.219e+001 1.512e+001-6.238e+001 8.335e+000 2.670e+002-7.711e+001 6.641e+002
 9.000e+002 2.930e+000 9.600e+001 9.711e+000 2.917e+001-3.008e+000 2.823e+001 6.816e+001 7.030e+002 1.717e+000 1.204e+002-5.018e+000-4.832e+001 1.335e+001-4.995e+001 1.651e+001 2.836e+002-6.604e+001 5.369e+002
 9.130e+002 2.930e+000 9.000e+001 7.679e+000 2.057e+001 2.823e+000 6.693e-001 6.105e+001 9.142e+002 6.316e+001-1.528e+002-5.422e+000-6.385e+001 2.357e+001-8.905e+001 3.997e+001 6.259e+002-1.288e+002 1.070e+003
 9.250e+002 2.930e+000 7.500e+001 6.450e+000 2.255e+001-5.984e-001 9.402e+000 3.566e+001 4.771e+002-4.870e-001 3.734e+001-1.608e+000-1.344e+001 1.081e+001-4.079e+001 5.955e+000 1.106e+002-5.403e+001 4.411e+002
 9.380e+002 2.930e+000 1.110e+002 2.366e+001 1.775e+002-1.393e+000 5.031e+001 1.175e+002 2.510e+003 1.724e+001 1.721e+001-5.155e+000-1.657e+001 1.842e+001-7.653e+001 2.597e+001 5.047e+002-8.677e+001 8.014e+002
 9.500e+002 2.930e+000 9.300e+001 4.818e+002 3.613e+003 1.415e+002 8.857e+001 1.177e+003 3.856e+004 2.957e+002-4.169e+003-3.591e+001 1.169e+003 8.126e+001-2.596e+002 5.865e+002 1.906e+003-1.216e+002 1.495e+003
 9.630e+002 2.930e+000 6.300e+001 1.566e+001 9.015e+001 1.412e+000 1.885e+001 5.741e+001 9.678e+002 2.688e+001-4.521e+001-4.346e+000-1.446e+001 1.119e+001-4.593e+001 2.384e+001 2.653e+002-5.276e+001 4.603e+002
 9.750e+002 2.930e+000 7.500e+001 5.281e+000 2.844e+001-4.148e-001 1.302e+001 3.041e+001 4.600e+002 1.742e+001-1.619e+001-2.622e+000-2.123e+001 1.946e+001-8.007e+001 1.332e+001 2.181e+002-9.375e+001 7.982e+002
 9.880e+002 2.930e+000 1.080e+002 6.552e+000 3.342e+001-1.952e+000 1.575e+001 4.244e+001 6.096e+002-5.861e+000 1.090e+002-1.508e+000-2.831e+001 1.256e+001-4.782e+001 3.836e+000 1.690e+002-6.221e+001 5.059e+002
 1.000e+003 2.930e+000 5.490e+002 7.273e+001 3.202e+002-1.402e-001 5.057e+001 7.082e+002 9.678e+003 1.156e+002-2.003e+002-2.307e+001-3.170e+002 6.664e+001-2.333e+002 1.798e+002 2.647e+003-3.573e+002 2.900e+003
 1.130e+003 2.930e+000 1.020e+003 9.803e+001 5.814e+002 5.253e+000 5.048e+001 1.216e+003 2.160e+004 3.466e+002-1.716e+003-3.401e+001-4.440e+002 6.756e+001-2.473e+002 3.195e+002 5.304e+003-3.842e+002 3.442e+003
 1.250e+003 2.930e+000 8.460e+002 1.003e+002 2.513e+002 1.539e+001-7.573e+001 1.018e+003 1.211e+004 2.292e+002-1.335e+003-7.022e+000-7.061e+001 3.801e+001-1.164e+002 1.374e+002 1.709e+003-1.912e+002 1.442e+003
 1.380e+003 2.930e+000 8.550e+002 5.843e+001 2.193e+002 3.065e+000 9.300e+000 7.226e+002 1.086e+004 1.123e+002-3.810e+002-1.649e+001-2.344e+002 1.826e+001-4.908e+001 1.403e+002 2.159e+003-1.061e+002 8.489e+002
 1.500e+003 2.930e+000 6.000e+001 2.614e+001 9.406e+001-1.114e+000 1.611e+000 3.170e+002 4.817e+003-3.570e+000-1.522e+002-2.959e+000-2.963e+001 6.275e-001-1.147e-001 3.052e+001 4.530e+002-2.486e+000 5.530e+001
 1.630e+003 2.930e+000 7.200e+001 2.373e+001 7.524e+001-7.478e-001-4.555e+000 3.477e+002 5.470e+003-6.575e+000-2.063e+002-1.003e+000-1.421e+001 1.970e-001 2.735e-001 3.622e+001 5.402e+002-1.472e+000 7.157e+001
 1.750e+003 2.930e+000 4.800e+001 1.102e+002 4.758e+002-2.220e+000 2.104e+001 1.647e+003 2.683e+004-1.419e+000-6.489e+002-6.751e+000-1.082e+002 6.100e-001 1.180e+000 2.122e+002 3.305e+003-1.425e+001 4.490e+002
 1.880e+003 2.930e+000 7.200e+001 2.146e+002 5.897e+002-5.913e+000-8.753e+001 3.100e+003 4.704e+004-4.280e+001-2.602e+003-7.539e+000-1.106e+002 1.729e+000-3.695e+000 3.474e+002 4.952e+003-2.036e+001 8.995e+002
 2.000e+003 2.930e+000 7.200e+001 3.940e+002 8.076e+002-1.534e+001-1.946e+002 5.730e+003 8.529e+004-1.947e+002-4.078e+003-1.393e+001-2.340e+002 1.359e+000 2.869e+001 5.899e+002 8.218e+003-1.496e+001 1.007e+003
 2.130e+003 2.930e+000 4.800e+001 5.135e+001 7.661e+001-2.559e+000-2.619e+001 7.584e+002 1.141e+004-3.362e+001-5.132e+002-2.764e+000-4.430e+001 3.566e-001 4.907e+000 7.660e+001 1.103e+003-3.148e+000 1.336e+002
 2.250e+003 2.930e+000 7.200e+001 1.758e+001 3.021e+001-8.719e-001-9.356e+000 2.552e+002 3.799e+003-1.216e+001-1.817e+002-4.002e-001-7.202e+000 1.199e-001 1.258e+000 2.436e+001 3.419e+002-3.390e-001 4.194e+001
 2.380e+003 2.930e+000 7.200e+001 5.067e+001 6.799e+001-6.106e+000 1.077e+001 6.754e+002 9.275e+003-6.974e+001-1.699e+001-5.352e+000-7.443e+001 1.667e+000 5.533e+000 7.516e+001 1.032e+003-1.088e+001 1.396e+002
 2.500e+003 2.930e+000 4.800e+001 6.788e+000 7.497e+000-4.322e-001-3.906e+000 9.601e+001 1.394e+003-6.021e+000-6.835e+001-2.019e-003-1.119e-001 5.526e-002 3.607e-001 7.525e+000 1.045e+002 1.678e-001 1.247e+001
 2.630e+003 2.930e+000 7.200e+001 5.259e+000 1.165e+001-2.130e-001-1.267e+000 6.912e+001 9.478e+002-2.249e+000-3.601e+001-3.082e-001-4.310e+000 7.229e-002 2.653e-001 7.797e+000 9.985e+001-5.530e-001 1.358e+001
 2.750e+003 2.930e+000 7.200e+001 3.918e+000 1.096e+001-1.284e-001-1.072e+000 5.321e+001 7.625e+002-1.257e+000-3.315e+001-1.765e-001-2.609e+000 3.877e-002 1.563e-001 6.068e+000 7.937e+001-3.418e-001 1.104e+001
 2.880e+003 2.930e+000 4.800e+001 2.014e+000 4.718e+000-3.828e-002-8.607e-001 2.628e+001 3.598e+002-4.038e-001-1.858e+001-3.573e-002-3.158e-001 4.347e-002-6.631e-002 2.589e+000 3.096e+001-1.761e-001 4.951e+000
 3.000e+003 2.930e+000 7.200e+001 9.010e+000 2.785e+001 5.676e-002 7.094e+000 8.656e+001 9.429e+002 1.125e+001-2.183e+001-3.089e+000-2.628e+001 1.731e+000-5.219e+000 2.315e+001 2.365e+002-1.054e+001 8.647e+001
 3.130e+003 2.930e+000 7.200e+001 1.906e+000 4.963e+000 4.491e-002-8.396e-001 2.166e+001 2.653e+002 8.742e-001-1.944e+001-1.109e-001-7.108e-001 1.092e-001-3.438e-001 2.851e+000 2.919e+001-5.463e-001 7.617e+000
 3.250e+003 2.930e+000 4.800e+001 2.908e+000 7.563e+000 5.336e-001-4.278e+000 3.466e+001 4.374e+002 5.945e+000-6.428e+001 1.854e-001 3.924e+000 2.791e-001-1.645e+000 4.333e+000 3.984e+001-1.113e+000 1.731e+001
 3.380e+003 2.930e+000 7.200e+001 5.030e+000 1.326e+001-1.658e-001-1.330e+000 5.588e+001 6.667e+002-1.755e+000-2.779e+001 1.647e-003-3.817e-001 5.383e-002 2.713e-003 4.435e+000 4.724e+001-7.496e-002 5.695e+000
 3.500e+003 2.930e+000 7.200e+001 4.526e+001 7.215e+001-1.182e+000-2.202e+001 5.263e+002 6.249e+003-1.328e+001-3.277e+002-3.483e-001-5.934e+000 6.660e-002 1.301e+000 4.462e+001 4.850e+002 1.657e-001 5.539e+001
 3.630e+003 2.930e+000 4.800e+001 1.999e+001 4.903e+001-1.167e+000-2.825e+000 2.218e+002 2.587e+003-1.277e+001-6.969e+001-8.720e-002-3.997e+000 1.066e-001 8.682e-001 1.564e+001 1.684e+002-3.850e-002 1.386e+001
 3.750e+003 2.930e+000 7.200e+001 5.714e+000 1.163e+001-6.714e-002-2.458e+000 6.539e+001 7.828e+002-1.289e+000-3.728e+001 1.145e-001 9.481e-001 5.897e-002-3.403e-002 4.733e+000 5.026e+001-2.722e-002 5.923e+000
 3.880e+003 2.930e+000 7.200e+001 4.549e+001 7.779e+001-6.393e-001-1.899e+001 5.060e+002 5.798e+003-6.594e+000-2.849e+002-7.146e-001-1.001e+001 1.215e-001 1.008e+000 4.296e+001 4.531e+002-7.206e-001 5.093e+001
 4.000e+003 2.930e+000 4.800e+001 3.048e+001 5.609e+001 2.671e+000-1.752e+001 2.768e+002 2.661e+003 1.530e+001-1.794e+002 3.623e+000 3.520e+001 1.004e+000-3.110e+000 1.321e+001 9.604e+001-8.437e-001 1.869e+001
 4.130e+003 2.930e+000 7.200e+001 1.963e+002 3.734e+002-6.468e+000-5.250e+001 2.159e+003 2.446e+004-6.369e+001-9.044e+002-4.243e+000-5.965e+001 4.630e-001 6.623e+000 1.720e+002 1.795e+003-2.438e+000 1.676e+002
 4.250e+003 2.930e+000 7.200e+001 4.734e+001 8.783e+001 1.170e+000-2.764e+001 4.982e+002 5.417e+003 1.131e+001-3.661e+002 1.489e-001 3.345e+000 1.755e-001-1.437e+000 4.208e+001 3.915e+002-1.049e+000 5.651e+001
 4.380e+003 2.930e+000 4.800e+001 4.614e+000 8.200e+000-2.760e-002-1.670e+000 5.023e+001 5.644e+002-1.655e-001-2.535e+001-1.041e-001-1.312e+000 2.954e-002 4.010e-002 4.009e+000 4.098e+001-1.358e-001 4.416e+000
 4.500e+003 2.930e+000 7.200e+001 8.492e+000 1.393e+001-4.484e-002-4.168e+000 9.483e+001 1.087e+003-5.353e-001-5.845e+001-2.141e-002-3.586e-001 3.340e-002 1.447e-002 7.103e+000 7.299e+001-5.108e-002 8.575e+000
 4.630e+003 2.930e+000 7.200e+001 1.019e+000 1.882e+000-1.948e-002-3.534e-001 1.073e+001 1.198e+002-1.761e-001-5.564e+000-2.551e-002-3.585e-001 3.303e-002-2.648e-004 8.708e-001 8.810e+000-5.968e-002 1.291e+000
 4.750e+003 2.930e+000 4.500e+001 1.035e+000 1.513e+000-8.781e-002-1.293e-001 1.044e+001 1.099e+002-7.487e-001-2.930e+000-5.653e-002-6.244e-001 5.169e-002-4.819e-002 5.785e-001 5.653e+000-1.026e-001 1.145e+000
 4.880e+003 2.930e+000 7.200e+001 2.666e+000 5.642e+000 1.847e-001-2.873e+000 2.936e+001 3.394e+002 2.013e+000-4.031e+001 9.535e-003 5.276e-001 4.565e-002-3.195e-001 3.512e+000 3.272e+001-2.245e-001 8.642e+000
 5.000e+003 2.930e+000 6.900e+001 5.215e-001 8.379e-001-1.007e-003-1.439e-001 5.012e+000 5.220e+001 6.761e-002-2.563e+000-2.356e-002-3.101e-001 4.592e-002-6.310e-002 4.631e-001 4.669e+000-1.077e-001 1.245e+000
 5.130e+003 2.930e+000 4.500e+001 8.965e-001 9.057e-001 1.794e-002-6.078e-001 9.161e+000 9.605e+001 2.469e-001-7.386e+000-6.025e-002-6.602e-001 2.371e-002 2.212e-002 1.019e+000 1.006e+001-1.040e-001 1.785e+000
 5.250e+003 2.930e+000 6.300e+001 2.698e-001 3.815e-001 1.154e-002-1.522e-001 2.558e+000 2.704e+001 1.086e-001-1.765e+000-6.433e-003-1.296e-001 3.266e-002-1.557e-002 2.286e-001 2.119e+000-5.232e-002 5.963e-001
 5.380e+003 2.930e+000 6.900e+001 1.284e+000 1.852e+000 5.148e-002-1.014e+000 1.196e+001 1.174e+002 4.255e-001-1.107e+001 5.467e-002 5.499e-001 3.973e-002-1.164e-001 5.623e-001 4.130e+000-5.999e-002 1.722e+000
 5.500e+003 2.930e+000 4.500e+001 3.717e-001 3.549e-001 1.580e-002-1.526e-001 3.040e+000 2.655e+001 1.535e-001-1.535e+000 9.755e-003 2.459e-002 2.450e-002-3.869e-002 1.064e-001 9.485e-001-5.774e-002 5.423e-001
 5.630e+003 2.930e+000 7.200e+001 1.622e+000 2.715e+000 1.179e-001-1.442e+000 1.592e+001 1.649e+002 1.233e+000-1.711e+001-9.292e-002-1.024e+000 1.157e-001-1.764e-001 1.988e+000 1.890e+001-6.133e-001 6.642e+000
 5.750e+003 2.930e+000 6.900e+001 1.533e+000 1.234e+000-3.170e-003-9.123e-001 1.427e+001 1.384e+002-3.854e-002-9.532e+000-2.955e-002-5.210e-001 6.283e-002-2.098e-002 8.551e-001 8.326e+000-1.992e-001 2.533e+000
 5.880e+003 2.930e+000 4.800e+001 5.248e-001 6.941e-001 1.555e-002-2.505e-001 4.927e+000 4.994e+001 1.382e-001-2.715e+000-2.799e-002-3.778e-001 6.868e-002-7.897e-002 5.105e-001 5.265e+000-3.345e-001 2.665e+000
 6.000e+003 2.930e+000 6.900e+001 1.801e+000 2.404e+000 3.050e-003-1.126e+000 1.619e+001 1.524e+002 2.496e-001-1.341e+001-7.077e-002-5.457e-001 2.537e-001-7.107e-001 1.294e+000 1.059e+001-8.576e-001 7.811e+000
 6.130e+003 2.930e+000 7.200e+001 8.578e-001 1.333e+000-1.175e-002-2.555e-001 7.285e+000 6.807e+001-1.180e-001-3.450e+000 1.550e-002 1.922e-001 6.022e-002-5.425e-002 3.889e-001 2.691e+000-5.305e-002 6.782e-001
 6.250e+003 2.930e+000 4.800e+001 8.484e-001 1.311e+000 8.016e-002-6.637e-001 7.243e+000 6.703e+001 7.599e-001-7.479e+000-3.602e-002-2.037e-001 4.858e-002-8.189e-002 8.290e-001 6.517e+000-1.605e-001 1.917e+000
 6.380e+003 2.930e+000 6.000e+001 7.418e-001 9.842e-001-7.390e-003-2.268e-001 6.179e+000 5.912e+001-6.323e-002-3.221e+000-1.425e-002-1.007e-001 4.601e-002-1.336e-002 4.541e-001 3.406e+000-4.130e-002 6.917e-001
 6.500e+003 2.930e+000 7.200e+001 1.393e+000 2.163e+000 2.427e-002-6.793e-001 1.160e+001 1.052e+002 2.375e-001-7.628e+000-2.011e-003-2.198e-002 6.566e-002-4.470e-002 8.679e-001 6.097e+000-7.703e-002 1.288e+000
 6.630e+003 2.930e+000 4.800e+001 1.097e+000 1.836e+000 6.752e-002-3.900e-001 9.065e+000 8.146e+001 7.831e-001-5.777e+000-1.383e-001-1.156e+000 9.159e-002-9.632e-002 1.457e+000 1.171e+001-3.078e-001 2.614e+000
 6.750e+003 2.930e+000 6.600e+001 9.111e-001 1.882e+000-5.304e-003-1.948e-001 7.114e+000 6.283e+001 8.743e-002-3.212e+000-5.764e-002-4.835e-001 7.588e-002-1.417e-002 5.927e-001 4.105e+000-8.556e-002 7.518e-001
 6.880e+003 2.930e+000 6.900e+001 6.666e-001 9.155e-001-3.142e-002 1.006e-002 4.940e+000 4.288e+001-2.079e-001-1.015e+000-5.746e-002-3.879e-001 8.083e-002-4.011e-002 3.976e-001 2.770e+000-7.715e-002 6.028e-001
 7.000e+003 2.930e+000 4.500e+001 3.303e-001 7.473e-001 9.927e-003-9.820e-002 2.260e+000 1.891e+001 1.109e-001-1.560e+000-1.055e-002-3.261e-002 4.277e-002-4.104e-002 3.041e-001 1.913e+000-4.366e-002 4.881e-001
 7.130e+003 2.930e+000 6.300e+001 7.591e-001 1.181e+000-4.716e-002-1.721e-001 5.707e+000 4.794e+001-2.874e-001-2.350e+000-4.163e-002-3.892e-001 6.568e-002-8.742e-003 4.047e-001 2.676e+000-5.542e-002 5.327e-001
 7.250e+003 2.930e+000 5.700e+001 3.587e-001 6.854e-001 1.104e-002-3.583e-002 2.363e+000 1.885e+001 1.525e-001-9.363e-001-4.945e-003-8.402e-002 7.349e-002-4.074e-002 2.346e-001 1.664e+000-5.461e-002 4.336e-001
 7.380e+003 2.930e+000 3.900e+001 2.986e-001 7.491e-001 5.790e-003-9.213e-002 1.808e+000 1.409e+001 8.716e-002-1.239e+000-4.864e-003 4.714e-003 4.015e-002-1.627e-002 2.244e-001 1.073e+000-3.574e-002 3.889e-001
 7.500e+003 2.930e+000 5.700e+001 5.099e-001 6.516e-001 1.829e-002-1.832e-001 3.721e+000 3.131e+001 1.702e-001-1.852e+000-2.011e-002-1.424e-001 6.399e-002-3.057e-002 2.574e-001 1.695e+000-3.667e-002 4.872e-001
 7.630e+003 2.930e+000 6.300e+001 3.829e-001 7.038e-001 1.449e-002 6.866e-003 2.336e+000 1.733e+001 1.631e-001-4.751e-001-2.751e-002-2.052e-001 7.592e-002-9.861e-002 2.540e-001 1.689e+000-8.340e-002 7.873e-001
 7.750e+003 2.930e+000 4.500e+001 6.764e-001 1.133e+000 7.517e-003-5.356e-002 5.015e+000 4.160e+001 1.180e-001-1.164e+000-4.220e-002-3.455e-001 9.340e-002-1.229e-001 2.754e-001 1.947e+000-1.843e-001 1.171e+000
 7.880e+003 2.930e+000 6.900e+001 8.372e-001 1.797e+000-1.589e-001-4.313e-002 4.528e+000 3.189e+001-1.112e+000 1.683e+000 1.179e-001 1.224e-001 3.764e-001-1.191e+000-7.179e-001-3.697e+000-9.481e-001 7.463e+000
 8.000e+003 2.930e+000 7.200e+001 1.335e+000 2.797e+000-3.375e-001 3.896e+000 7.789e+000 5.660e+001 6.916e-001 2.109e+001-7.433e-001-6.575e+000 2.622e+000-9.940e+000 1.583e+000 2.722e+001-9.108e+000 7.200e+001
 8.130e+003 2.930e+000 4.800e+001 5.814e-001 1.256e+000-4.592e-002-9.690e-003 3.868e+000 3.156e+001-2.396e-001-5.923e-001-1.229e-002-2.949e-001 1.118e-001-2.233e-001 1.341e-001 1.495e+000-2.399e-001 1.805e+000
 8.250e+003 2.930e+000 4.800e+001 5.306e-001 1.249e+000 4.582e-003 5.915e-003 3.075e+000 2.284e+001 9.106e-002-8.451e-001-3.552e-002-2.958e-001 1.078e-001-1.374e-001 3.648e-001 2.301e+000-1.647e-001 1.057e+000
 8.380e+003 2.930e+000 6.000e+001 6.013e-001 1.230e+000-9.936e-003 1.098e-002 3.779e+000 2.913e+001-7.253e-002-5.986e-001-3.908e-002-3.301e-001 1.010e-001-8.951e-002 2.006e-001 1.179e+000-1.308e-001 8.014e-001
 8.500e+003 2.930e+000 3.900e+001 3.726e-001 9.604e-001 8.276e-003 2.324e-002 2.205e+000 1.707e+001 1.074e-001-5.165e-001-2.340e-002-1.699e-001 5.514e-002-2.969e-002 2.047e-001 1.313e+000-4.917e-002 3.040e-001
 8.630e+003 2.930e+000 6.300e+001 5.698e-001 1.630e+000-1.166e-002 4.798e-003 3.107e+000 2.408e+001-1.905e-002-8.107e-001-1.752e-002-1.319e-001 7.029e-002-7.613e-002 2.608e-001 1.328e+000-7.359e-002 5.991e-001
 8.750e+003 2.930e+000 6.000e+001 6.744e-001 1.623e+000 5.108e-003-2.608e-002 4.186e+000 3.316e+001-5.429e-002-1.224e+000 1.101e-002 1.545e-001 8.007e-002-7.666e-002 2.672e-001 1.275e+000-3.626e-002 4.831e-001
 8.880e+003 2.930e+000 4.200e+001 4.669e-001 1.096e+000-1.292e-002-2.769e-003 2.666e+000 1.899e+001-2.346e-002-4.358e-001-5.750e-003-7.040e-002 5.362e-002-2.949e-002 1.124e-001 6.803e-001-3.962e-002 2.278e-001
 9.000e+003 2.930e+000 6.600e+001 8.192e-001 1.774e+000-2.335e-002-4.000e-002 4.994e+000 3.667e+001-2.262e-001-8.684e-001 1.154e-002 1.642e-002 9.658e-002-8.549e-002 1.056e-001 1.966e-001-6.498e-002 6.259e-001
 9.130e+003 2.930e+000 6.000e+001 5.014e-001 1.178e+000-2.233e-002-1.122e-002 2.765e+000 1.965e+001-5.427e-003-6.906e-001-2.970e-002-1.952e-001 6.807e-002-2.643e-002 1.537e-001 6.975e-001-6.483e-002 3.433e-001
 9.250e+003 2.930e+000 4.800e+001 5.992e-001 1.306e+000 1.137e-003-1.096e-001 3.624e+000 2.634e+001-3.997e-002-1.024e+000 1.961e-002 1.272e-001 5.681e-002-2.700e-002 6.044e-002-1.426e-002-1.667e-002 2.306e-001
 9.380e+003 2.930e+000 6.000e+001 5.498e-001 1.139e+000 1.622e-002-5.551e-002 3.053e+000 2.112e+001 1.208e-001-8.685e-001-6.927e-003-2.232e-002 7.691e-002-4.072e-002 1.463e-001 6.152e-001-4.526e-002 2.549e-001
 9.500e+003 2.930e+000 6.900e+001 5.607e-001 8.685e-001-3.252e-002-8.838e-002 3.336e+000 2.350e+001-3.209e-001-7.855e-001 2.581e-002 5.882e-002 7.052e-002-4.232e-002-1.118e-002-4.244e-001-7.354e-003 3.640e-001
 9.630e+003 2.930e+000 4.800e+001 4.065e-001 6.894e-001 6.808e-003-6.056e-002 2.322e+000 1.616e+001 1.794e-002-4.863e-001 1.990e-002 9.674e-002 5.727e-002-3.284e-002 1.203e-002-1.143e-001-2.644e-002 1.477e-001
 9.750e+003 2.930e+000 5.700e+001 3.750e-001 8.773e-001-1.427e-002-4.064e-002 2.174e+000 1.648e+001-9.654e-002-4.752e-001 3.636e-003-5.563e-002 4.835e-002-9.902e-003 3.364e-002 1.239e-002-1.906e-002 2.025e-001
 9.880e+003 2.930e+000 6.900e+001 6.404e-001 1.199e+000-2.031e-002-1.108e-001 3.745e+000 2.635e+001-2.154e-001-7.735e-001 4.075e-002 1.925e-001 8.807e-002-5.232e-002 7.135e-004-3.230e-001-3.630e-002 2.442e-001
 1.000e+004 2.930e+000 3.210e+002 2.756e+000 4.782e+000-4.314e-002-4.038e-001 1.528e+001 1.019e+002-4.982e-001-3.506e+000 7.149e-002 1.048e-001 3.604e-001-1.588e-001 3.269e-001 1.046e+000-1.560e-001 1.434e+000
 1.130e+004 2.930e+000 5.430e+002 4.561e+000 9.101e+000-2.059e-001-3.911e-001 2.428e+001 1.615e+002-1.496e+000-2.324e+000 1.454e-001 4.418e-002 5.606e-001-2.092e-001-1.643e-001-2.329e+000-1.866e-001 1.461e+000
 1.250e+004 2.930e+000 4.530e+002 1.940e+000 3.976e+000-4.497e-003-1.540e-001 9.325e+000 6.222e+001-2.269e-001-1.141e+000 1.278e-001 2.821e-001 4.194e-001-1.223e-001 2.825e-002-3.357e-001-1.347e-001 9.958e-001
 1.380e+004 2.930e+000 3.570e+002 1.050e+000 2.182e+000 1.185e-002-9.801e-002 4.871e+000 3.260e+001-1.323e-001-7.097e-001 7.423e-002 9.339e-002 3.155e-001-7.926e-002 2.060e-002-4.532e-003-9.761e-002 7.620e-001
 1.500e+004 2.930e+000 2.880e+002 8.734e-001 1.841e+000-2.640e-002 2.670e-002 3.660e+000 2.342e+001-2.623e-001-1.294e-001 5.019e-002-3.536e-002 2.741e-001-9.521e-002 1.970e-002 1.391e-001-8.380e-002 5.609e-001
 1.630e+004 2.930e+000 2.100e+002 4.027e-001 7.544e-001-2.473e-002-1.246e-001 1.283e+000 7.589e+000-3.453e-001 2.035e-001 1.042e-001 2.192e-001 1.918e-001-1.939e-001-2.032e-001-1.170e+000-1.737e-001 1.114e+000
 1.750e+004 2.930e+000 2.280e+002 2.209e+000 7.322e+000 1.780e-002 3.068e+000 9.100e+000 6.529e+001 3.152e+000-3.264e-001-8.527e-001-3.821e+000 6.111e-001-1.532e+000 3.906e+000 2.791e+001-1.885e+000 1.366e+001
 1.880e+004 2.930e+000 2.610e+002 4.904e+000 1.785e+001 1.556e-001 5.643e+000 2.026e+001 1.531e+002 6.801e+000-7.655e+000-1.641e+000-6.655e+000 9.400e-001-3.037e+000 8.625e+000 5.790e+001-3.529e+000 2.852e+001
 2.000e+004 2.930e+000 1.470e+002 3.342e-001 9.917e-001 2.938e-003-3.917e-001 9.137e-001 6.983e+000-4.180e-001 2.413e-001 1.245e-001 3.583e-001 1.516e-001-2.385e-001-4.411e-001-2.934e+000-2.400e-001 1.806e+000
 2.130e+004 2.930e+000 2.880e+002 1.771e+000 5.306e+000-2.401e-001 1.305e+001 8.124e+000 5.867e+001 7.197e+000 3.509e+001-2.827e+000-1.565e+001 6.464e+000-2.678e+001 1.117e+001 9.719e+001-2.695e+001 2.300e+002
 2.250e+004 2.930e+000 1.020e+002 5.534e-002 4.912e-002 7.283e-003-6.829e-003 4.539e-002 2.618e-001-6.072e-003-6.074e-003 1.096e-002 1.769e-002 5.957e-002-1.184e-002-1.525e-003-2.225e-002-1.153e-002 6.239e-002
 2.380e+004 2.930e+000 1.140e+002 1.683e-001 4.210e-001 4.424e-002 8.163e-002 3.768e-001 2.794e+000 3.618e-001-1.448e+000-5.006e-002-6.292e-002 1.644e-001-3.647e-001 4.858e-001 1.951e+000-4.088e-001 3.307e+000
 2.500e+004 2.930e+000 6.900e+001 2.758e-002 1.602e-002 5.610e-004-1.384e-003 1.229e-002 2.027e-001 4.941e-003-1.273e-002 2.511e-003 5.285e-003 3.734e-002-2.873e-003-3.848e-004-2.069e-002-1.662e-003 1.960e-002
 2.630e+004 2.930e+000 5.700e+001 3.336e-002 1.114e+000 6.375e-004-7.908e-002-1.549e+000 4.101e+002-2.246e-001-3.598e+001 7.694e-003-1.336e+000 3.196e-002 8.155e-002 4.006e-001-8.166e+001 2.905e-001 1.951e+001
 2.750e+004 2.930e+000 1.470e+002 1.976e+000 8.438e+000-1.071e-001 1.102e+000 7.600e+000 6.772e+001 1.276e+000-2.039e+000-3.802e-001-2.021e+000 1.532e-001-1.400e-001 1.440e+000 1.040e+001-3.717e-001 1.833e+000
 2.880e+004 2.930e+000 9.000e+001 8.058e-002 2.083e-001 8.252e-003 9.293e-003 1.855e-001 1.509e+000 4.784e-002-2.346e-002-6.637e-003-1.473e-002 3.900e-002-3.260e-003 1.950e-002 9.528e-002-4.719e-003 2.939e-002
 3.000e+004 2.930e+000 9.300e+001 2.391e-002 6.648e-003-7.821e-004 1.728e-003 2.669e-003 1.071e-001 1.168e-003-2.667e-003 3.336e-003 2.168e-003 3.105e-002-9.704e-004-5.901e-004-7.010e-003-3.176e-003 9.791e-003
 3.130e+004 2.930e+000 1.260e+002 7.205e-002 1.201e-001-3.020e-002 6.551e-001 1.989e-001 1.342e+000 2.162e-001 1.965e+000-1.399e-001-8.021e-001 5.901e-001-1.911e+000 4.444e-001 4.020e+000-2.192e+000 1.558e+001
 3.250e+004 2.930e+000 6.000e+001 1.680e-002 1.128e-002 3.291e-003-7.959e-004 1.454e-002 5.529e-002 4.290e-003 3.825e-003-3.480e-004 2.777e-003 2.126e-002-2.859e-003-1.806e-003-3.679e-003-2.468e-003 1.082e-002
 3.380e+004 2.930e+000 4.800e+001 1.372e-002 1.712e-003 1.061e-003-5.750e-004 2.952e-003 1.363e-002-2.467e-003 5.091e-004 2.928e-003 5.226e-003 1.851e-002-6.618e-004 5.650e-005-1.511e-003-1.890e-003 2.143e-003
 3.500e+004 2.930e+000 3.900e+001 7.248e-003 2.413e-003 1.751e-003-2.599e-004 2.056e-003 1.256e-002 2.582e-003-2.450e-004 1.122e-003 2.077e-003 1.268e-002-3.285e-004 3.522e-004-1.203e-003 1.113e-004 1.331e-003
 3.630e+004 2.930e+000 4.800e+001 1.031e-002 1.408e-002-4.921e-004-2.045e-005 1.333e-002 9.136e-002-5.435e-003-2.007e-003 1.043e-003 1.043e-003 1.435e-002-4.852e-004 7.791e-004-3.407e-004-1.312e-004 1.762e-003
 3.750e+004 2.930e+000 4.200e+001 8.666e-003-9.056e-004 1.345e-003-8.734e-004-7.156e-004 1.008e-002-1.458e-003-1.131e-003 6.785e-004 1.350e-003 1.312e-002-7.580e-004-5.793e-004-2.375e-003-1.335e-003 3.055e-003
 3.880e+004 2.930e+000 6.900e+001 1.256e-002 1.284e-003 1.942e-003 2.877e-004 2.871e-003 8.757e-003 7.907e-004 9.347e-007 2.887e-003 6.434e-004 1.380e-002-1.821e-004 2.150e-005-6.595e-004-6.469e-005 2.199e-003
 4.000e+004 2.930e+000 7.800e+001 1.476e-002 8.786e-003 1.556e-004 4.688e-003 9.438e-003 6.776e-002 7.516e-003-8.421e-004-2.865e-003-1.146e-002 1.832e-002-5.756e-003 6.421e-003 4.227e-002-1.100e-002 3.896e-002
 4.130e+004 2.930e+000 3.300e+001 2.940e-003-1.037e-003 9.020e-004 1.551e-004 1.684e-003 4.121e-003 8.447e-004-4.135e-004 5.982e-004 1.129e-003 7.605e-003 2.926e-005-2.511e-004-3.116e-004-2.294e-004 4.110e-004
 4.250e+004 2.930e+000 6.300e+001 8.307e-003 1.499e-003 2.008e-003-1.822e-004 7.442e-004 5.614e-003 2.170e-004-2.024e-004 1.046e-003 3.293e-004 1.234e-002-6.485e-004 6.349e-004-1.999e-004-3.210e-004 7.002e-004
 4.380e+004 2.930e+000 6.600e+001 8.906e-003 2.988e-003 1.238e-003-3.903e-004 6.730e-004 1.270e-002-1.239e-003-4.932e-004 8.199e-004-5.320e-004 1.036e-002-8.746e-005-4.496e-005-1.176e-003-4.658e-004 1.073e-003
 4.500e+004 2.930e+000 7.500e+001 9.615e-003 2.061e-004 1.796e-003-2.510e-004 2.675e-003 1.545e-002 4.841e-004-8.544e-004 5.901e-004-7.676e-004 1.138e-002 1.888e-005-1.041e-004-2.257e-003 6.661e-004 1.318e-003
 4.630e+004 2.930e+000 3.900e+001 3.667e-003 1.415e-003 2.549e-004-3.907e-004 7.721e-004 4.666e-003-2.861e-004-1.882e-004 7.794e-004 3.867e-004 6.048e-003 3.393e-004 9.820e-005-9.162e-004-3.847e-004 1.007e-003
 4.750e+004 2.930e+000 6.900e+001 1.319e-002 1.725e-002-1.853e-003 1.094e-002 1.837e-002 1.187e-001-3.218e-003 4.013e-002-2.569e-003-1.632e-002 1.626e-002-6.851e-003-6.173e-004 3.311e-002-7.171e-003 3.097e-002
 4.880e+004 2.930e+000 7.200e+001 1.125e-002 9.412e-003-1.136e-003 6.185e-003 1.299e-002 6.813e-002 1.058e-003 2.302e-002 2.771e-004-7.095e-003 1.219e-002-3.890e-003-2.421e-004 1.686e-002-2.698e-003 1.493e-002
 5.000e+004 2.930e+000 2.100e+001 2.110e-003 6.099e-006-8.014e-005 6.377e-005-8.223e-005 8.512e-004-4.514e-004 0.000e+000 5.770e-004 1.536e-004 1.981e-003-7.237e-005 6.288e-005 0.000e+000 5.193e-005 8.497e-005
 5.130e+004 2.930e+000 3.000e+001 3.723e-003 5.668e-004 5.599e-004 1.055e-004 1.486e-003 2.721e-003-4.782e-004-8.269e-005 7.475e-004 3.590e-004 4.396e-003-2.213e-004 8.738e-005-8.269e-005 2.029e-004 1.650e-004
 5.250e+004 2.930e+000 4.200e+001 4.662e-003 1.365e-003 3.818e-004 8.658e-005 2.401e-003 6.457e-003 7.982e-004-1.614e-004-2.053e-004-3.894e-004 5.047e-003-1.384e-004-7.238e-005-1.145e-006-2.791e-005 2.410e-004
 5.380e+004 2.930e+000 2.010e+002 7.032e-001 3.050e+000 2.909e-002 1.803e-001 2.986e+000 2.649e+001 7.851e-001-1.817e+000-1.470e-001-5.184e-001 5.691e-002-6.316e-002 5.851e-001 3.341e+000-1.222e-001 5.557e-001
 5.500e+004 2.930e+000 4.200e+001 4.967e-003 1.740e-003-7.534e-004-1.094e-004 2.962e-003 8.368e-003-9.815e-005-1.549e-004 5.664e-004 7.025e-004 4.122e-003 4.538e-005 5.112e-005 2.324e-004-6.699e-005 7.747e-005
 5.630e+004 2.930e+000 6.000e+001 7.705e-003 8.624e-003-2.374e-004 1.340e-003 1.261e-002 7.150e-002-3.801e-003 4.908e-003-4.492e-004-3.470e-003 7.037e-003-6.206e-004-2.227e-004 2.113e-003-5.595e-004 1.134e-003
 5.750e+004 2.930e+000 3.000e+001 1.498e-003-2.404e-004 3.225e-004 3.372e-004 1.651e-004 2.586e-003 4.188e-004 1.465e-004 2.042e-004-7.002e-004 2.733e-003 2.755e-004 1.990e-005-3.661e-004 3.481e-004 8.054e-004
 5.880e+004 2.930e+000 3.000e+001 1.696e-003 2.380e-004 2.886e-004-6.420e-005-3.542e-005 9.381e-004-1.913e-004 0.000e+000 1.950e-004 2.657e-004 2.223e-003-1.367e-005 1.422e-005 0.000e+000-9.608e-005 7.186e-005
 6.000e+004 2.930e+000 6.900e+001 1.001e-002 2.784e-002-6.271e-004 1.873e-002 2.490e-002 2.519e-001 1.819e-002-2.187e-003-4.054e-003-2.474e-002 9.120e-003-1.139e-002 1.665e-002 1.681e-001-1.647e-002 1.147e-001
 6.130e+004 2.930e+000 3.000e+001 1.584e-003 1.217e-004 8.205e-005 0.000e+000-1.655e-004 1.789e-003-1.717e-005 0.000e+000 2.686e-004 2.369e-004 2.948e-003 0.000e+000 0.000e+000 0.000e+000 0.000e+000 0.000e+000
 6.250e+004 2.930e+000 3.600e+001 2.050e-003 2.264e-005-5.014e-005 0.000e+000 5.260e-004 1.685e-003-3.321e-004 0.000e+000 1.378e-004 3.920e-004 2.549e-003 0.000e+000 0.000e+000 0.000e+000 0.000e+000 0.000e+000
 6.380e+004 2.930e+000 6.000e+001 4.746e-003 4.452e-003 5.095e-004 5.971e-004 4.943e-003 2.718e-002-6.842e-004 5.492e-003 5.156e-004 9.070e-004 4.198e-003 4.121e-004-1.267e-003-2.386e-003-5.925e-004 2.052e-003
 6.500e+004 2.930e+000 3.900e+001 1.912e-003-7.047e-005 2.759e-004-5.395e-005 2.745e-004 1.171e-003-6.748e-005-6.482e-005-1.549e-004 3.059e-004 1.900e-003-1.494e-004-3.102e-005-6.482e-005 1.091e-005 1.957e-004
 6.630e+004 2.930e+000 2.700e+001 1.046e-003-5.845e-005 1.193e-004 5.227e-005-4.213e-005 5.719e-004 1.646e-006 0.000e+000 2.129e-004-9.662e-005 1.149e-003-1.738e-004 1.520e-004-1.273e-004 2.313e-004 3.824e-004
 6.750e+004 2.930e+000 5.400e+001 2.466e-003-2.215e-004 6.184e-004-6.588e-004-5.117e-005 3.751e-004 1.121e-004-6.214e-005 1.140e-004-1.561e-004 2.551e-003-6.915e-004 7.175e-005 1.238e-004-1.284e-003 4.292e-003
 6.880e+004 2.930e+000 1.830e+002 9.609e-003 5.022e-003 1.944e-002-7.636e-002 1.353e-003 1.863e-002 5.522e-003-2.295e-001 1.742e-004 5.115e-002 1.950e-001-7.433e-001 7.421e-002-1.911e-001-7.580e-001 6.111e+000
 7.000e+004 2.930e+000 5.700e+001 2.439e-003 5.830e-004-3.449e-004-3.408e-005 1.274e-004 1.391e-003 6.322e-005-2.457e-007 4.993e-004-4.360e-004 2.913e-003 1.199e-006-7.771e-005-1.818e-004-2.796e-005 1.153e-003
 7.130e+004 2.930e+000 2.100e+001 1.311e-003 1.637e-004 7.407e-005 3.714e-005 4.508e-005 6.518e-004 7.311e-005 5.935e-005 2.651e-004 4.708e-005 1.189e-003-4.114e-005 1.146e-004-1.187e-004 8.684e-005 1.187e-004
 7.250e+004 2.930e+000 2.100e+001 7.727e-004 1.965e-004 1.704e-004 9.808e-005 2.388e-004 7.582e-004 1.386e-004 5.840e-005-4.610e-005-1.237e-004 9.832e-004-3.532e-005-4.328e-005 0.000e+000 9.741e-005 5.840e-005
 7.380e+004 2.930e+000 1.500e+001 6.633e-004 1.581e-004 2.485e-005 0.000e+000 2.664e-004 4.019e-004 9.361e-005 0.000e+000 5.571e-006 5.737e-005 4.042e-004 0.000e+000 0.000e+000 0.000e+000 0.000e+000 0.000e+000
 7.500e+004 2.930e+000 1.200e+001 3.376e-004 6.863e-005 7.868e-005 0.000e+000 1.237e-004 2.256e-004-8.066e-005 0.000e+000-4.312e-005 1.298e-006 4.865e-004 0.000e+000 0.000e+000 0.000e+000 0.000e+000 0.000e+000
 7.630e+004 2.930e+000 1.500e+001 2.745e-004 5.289e-005 4.463e-005 0.000e+000-2.437e-005 3.892e-004-4.097e-005 0.000e+000-7.907e-005 1.926e-004 6.865e-004 0.000e+000 0.000e+000 0.000e+000 0.000e+000 0.000e+000
 7.750e+004 2.930e+000 1.500e+001 4.361e-004 1.513e-004-1.327e-007 0.000e+000 1.339e-004 2.729e-004 4.931e-006 0.000e+000 5.005e-006-6.344e-005 5.219e-004 0.000e+000 0.000e+000 0.000e+000 0.000e+000 0.000e+000
 7.880e+004 2.930e+000 1.200e+001 3.218e-004-5.447e-005-2.486e-005 0.000e+000 1.524e-004 2.665e-004 8.366e-005 0.000e+000-8.204e-006-9.974e-006 2.458e-004 0.000e+000 0.000e+000 0.000e+000 0.000e+000 0.000e+000
 8.000e+004 2.930e+000 2.700e+001 5.904e-004 1.722e-004-4.037e-005 0.000e+000 2.835e-004 6.846e-004-2.648e-004 0.000e+000 6.404e-006-1.754e-005 8.611e-004-6.788e-005 0.000e+000-5.282e-005-3.070e-005 5.282e-005
 8.130e+004 2.930e+000 2.100e+001 5.186e-004 6.769e-005-5.514e-005 0.000e+000-1.202e-004 4.672e-004 6.266e-005 0.000e+000-1.634e-006-7.133e-005 5.065e-004 0.000e+000 0.000e+000 0.000e+000 0.000e+000 0.000e+000
 8.250e+004 2.930e+000 2.100e+001 6.206e-004 8.407e-005 6.509e-005 9.875e-006 9.589e-005 2.041e-004-5.680e-005 0.000e+000 1.620e-004 3.451e-005 6.112e-004 1.104e-004 2.016e-005 0.000e+000-8.387e-005 1.529e-004
 8.380e+004 2.930e+000 3.300e+001 6.880e-004-5.012e-005 6.140e-005-4.941e-005 7.401e-005 4.014e-004-9.235e-005 8.429e-008-1.327e-004 5.302e-005 6.309e-004-5.202e-005-2.524e-005-5.026e-005-2.406e-004 6.016e-004
 8.500e+004 2.930e+000 5.700e+001 1.215e-003-1.016e-005-1.138e-004 8.826e-005-4.396e-005 6.920e-004 4.337e-005-4.955e-005 6.105e-005-1.033e-004 1.274e-003-2.431e-004-1.181e-004 1.484e-004-2.370e-004 1.186e-003
 8.630e+004 2.930e+000 6.000e+001 9.206e-004 1.422e-004 3.980e-006-4.849e-005 8.647e-005 3.907e-004-4.644e-005-4.882e-005-4.688e-005-7.626e-005 1.521e-003-6.309e-004 5.021e-007-7.981e-008-7.507e-004 2.976e-003
 8.750e+004 2.930e+000 5.700e+001 1.361e-003 7.910e-005 1.115e-004 1.026e-004 4.569e-004 1.293e-003 2.765e-004-2.871e-004 1.293e-004-2.467e-004 1.366e-003-3.884e-004 8.092e-005 4.309e-004-1.362e-003 5.553e-003
 8.880e+004 2.930e+000 1.110e+002 2.213e-003 1.850e-004 2.206e-004-3.606e-004 1.244e-003 5.488e-003 9.729e-004-3.121e-003 7.366e-005 4.834e-004 3.228e-003-1.848e-003-4.045e-005 8.894e-004-4.039e-003 1.637e-002
 9.000e+004 2.930e+000 1.200e+002 2.418e-003 4.364e-004 4.151e-004-9.091e-004 2.603e-003 1.142e-002 1.324e-003-4.470e-003-5.005e-004-1.528e-003 3.846e-003-3.643e-003 3.748e-003 9.889e-003-9.155e-003 4.740e-002
 9.130e+004 2.930e+000 2.580e+002 5.605e-003 1.321e-003 7.082e-004 9.582e-004 5.718e-003 2.672e-002 3.929e-003-1.153e-002-9.126e-004-2.817e-003 1.155e-002-1.430e-002 7.091e-003 2.350e-002-3.439e-002 1.983e-001
 9.250e+004 2.930e+000 2.100e+002 3.800e-003 1.489e-003 4.578e-004-2.164e-004 4.411e-003 2.219e-002 2.836e-003-6.976e-003-7.697e-004-1.615e-003 8.484e-003-1.237e-002 3.653e-003 9.409e-003-2.515e-002 1.464e-001
 9.380e+004 2.930e+000 1.740e+002 3.549e-003 2.058e-004 3.937e-005 1.520e-003 2.355e-003 1.009e-002 3.748e-004 1.985e-003-6.240e-004-1.271e-003 6.285e-003-7.975e-003 2.084e-003 5.745e-003-1.499e-002 8.498e-002
 9.500e+004 2.930e+000 1.410e+002 2.855e-003 2.867e-004 4.718e-004-1.259e-003 1.978e-003 8.642e-003 3.043e-003-9.180e-003-3.406e-004-1.105e-003 5.895e-003-8.275e-003 2.881e-003 1.203e-002-1.367e-002 6.846e-002
 9.630e+004 2.930e+000 0.000e+000 0.000e+000 0.000e+000 0.000e+000 0.000e+000 0.000e+000 0.000e+000 0.000e+000 0.000e+000 0.000e+000 0.000e+000 0.000e+000 0.000e+000 0.000e+000 0.000e+000 0.000e+000 0.000e+000
 9.750e+004 2.930e+000 0.000e+000 0.000e+000 0.000e+000 0.000e+000 0.000e+000 0.000e+000 0.000e+000 0.000e+000 0.000e+000 0.000e+000 0.000e+000 0.000e+000 0.000e+000 0.000e+000 0.000e+000 0.000e+000 0.000e+000
 9.880e+004 2.930e+000 0.000e+000 0.000e+000 0.000e+000 0.000e+000 0.000e+000 0.000e+000 0.000e+000 0.000e+000 0.000e+000 0.000e+000 0.000e+000 0.000e+000 0.000e+000 0.000e+000 0.000e+000 0.000e+000 0.000e+000
 1.000e+005 2.930e+000 0.000e+000 0.000e+000 0.000e+000 0.000e+000 0.000e+000 0.000e+000 0.000e+000 0.000e+000 0.000e+000 0.000e+000 0.000e+000 0.000e+000 0.000e+000 0.000e+000 0.000e+000 0.000e+000 0.000e+000
