 6.250e+000 2.930e+000 0.000e+000 0.000e+000 0.000e+000 0.000e+000 0.000e+000 0.000e+000 0.000e+000 0.000e+000 0.000e+000 0.000e+000 0.000e+000 0.000e+000 0.000e+000 0.000e+000 0.000e+000 0.000e+000 0.000e+000
 7.500e+000 2.930e+000 0.000e+000 0.000e+000 0.000e+000 0.000e+000 0.000e+000 0.000e+000 0.000e+000 0.000e+000 0.000e+000 0.000e+000 0.000e+000 0.000e+000 0.000e+000 0.000e+000 0.000e+000 0.000e+000 0.000e+000
 8.750e+000 2.930e+000 0.000e+000 0.000e+000 0.000e+000 0.000e+000 0.000e+000 0.000e+000 0.000e+000 0.000e+000 0.000e+000 0.000e+000 0.000e+000 0.000e+000 0.000e+000 0.000e+000 0.000e+000 0.000e+000 0.000e+000
 1.000e+001 2.930e+000 0.000e+000 0.000e+000 0.000e+000 0.000e+000 0.000e+000 0.000e+000 0.000e+000 0.000e+000 0.000e+000 0.000e+000 0.000e+000 0.000e+000 0.000e+000 0.000e+000 0.000e+000 0.000e+000 0.000e+000
 1.130e+001 2.930e+000 2.000e+001 6.902e+002-1.520e+002 1.303e+001 5.749e+002-9.426e+003 1.775e+006-6.286e+003-9.364e+003-3.356e+002-5.925e+003 6.156e+002-1.903e+003 2.208e+003-3.324e+005 1.680e+003 7.960e+004
 1.250e+001 2.930e+000 0.000e+000 0.000e+000 0.000e+000 0.000e+000 0.000e+000 0.000e+000 0.000e+000 0.000e+000 0.000e+000 0.000e+000 0.000e+000 0.000e+000 0.000e+000 0.000e+000 0.000e+000 0.000e+000 0.000e+000
 1.380e+001 2.930e+000 0.000e+000 0.000e+000 0.000e+000 0.000e+000 0.000e+000 0.000e+000 0.000e+000 0.000e+000 0.000e+000 0.000e+000 0.000e+000 0.000e+000 0.000e+000 0.000e+000 0.000e+000 0.000e+000 0.000e+000
 1.500e+001 2.930e+000 2.000e+001 4.002e+002-1.275e+003 4.715e+001 3.099e+002 4.655e+002 2.070e+006-3.350e+003 5.431e+004-2.528e+002-5.968e+003 3.349e+002-9.381e+002-2.652e+002-3.952e+005 1.489e+003 8.428e+004
 1.630e+001 2.930e+000 0.000e+000 0.000e+000 0.000e+000 0.000e+000 0.000e+000 0.000e+000 0.000e+000 0.000e+000 0.000e+000 0.000e+000 0.000e+000 0.000e+000 0.000e+000 0.000e+000 0.000e+000 0.000e+000 0.000e+000
 1.750e+001 2.930e+000 2.000e+001 2.516e+002 2.763e+003-8.221e+001-8.338e+002-5.998e+002 1.149e+006 1.374e+003 1.249e+004-1.490e+002-8.436e+003 2.780e+002 3.444e+002-1.207e+002-2.185e+005 1.784e+003 5.150e+004
 1.880e+001 2.930e+000 0.000e+000 0.000e+000 0.000e+000 0.000e+000 0.000e+000 0.000e+000 0.000e+000 0.000e+000 0.000e+000 0.000e+000 0.000e+000 0.000e+000 0.000e+000 0.000e+000 0.000e+000 0.000e+000 0.000e+000
 2.000e+001 2.930e+000 1.700e+001 9.385e+001-4.110e+003 4.672e+001 8.331e+002-2.182e+003 2.178e+006-3.420e+003 1.739e+004-7.118e+001-8.478e+003 2.041e+002-7.735e+002 4.305e+002-4.375e+005 1.712e+003 9.364e+004
 2.130e+001 2.930e+000 0.000e+000 0.000e+000 0.000e+000 0.000e+000 0.000e+000 0.000e+000 0.000e+000 0.000e+000 0.000e+000 0.000e+000 0.000e+000 0.000e+000 0.000e+000 0.000e+000 0.000e+000 0.000e+000 0.000e+000
 2.250e+001 2.930e+000 0.000e+000 0.000e+000 0.000e+000 0.000e+000 0.000e+000 0.000e+000 0.000e+000 0.000e+000 0.000e+000 0.000e+000 0.000e+000 0.000e+000 0.000e+000 0.000e+000 0.000e+000 0.000e+000 0.000e+000
 2.380e+001 2.930e+000 2.000e+001 1.769e+002 2.899e+002 2.865e+001-1.069e+002-2.926e+003 1.035e+006-3.452e+003 2.341e+003-6.419e+001-2.532e+003 1.866e+002-7.767e+002 4.626e+002-2.107e+005 6.151e+002 4.799e+004
 2.500e+001 2.930e+000 0.000e+000 0.000e+000 0.000e+000 0.000e+000 0.000e+000 0.000e+000 0.000e+000 0.000e+000 0.000e+000 0.000e+000 0.000e+000 0.000e+000 0.000e+000 0.000e+000 0.000e+000 0.000e+000 0.000e+000
 2.630e+001 2.930e+000 2.000e+001 1.394e+002 6.398e+002 2.682e+001 3.743e+001-3.199e+003 9.833e+005-1.310e+003-7.283e+003-5.926e+001-1.171e+003 8.238e+001-3.656e+002 6.078e+002-2.216e+005 5.393e+002 5.619e+004
 2.750e+001 2.930e+000 0.000e+000 0.000e+000 0.000e+000 0.000e+000 0.000e+000 0.000e+000 0.000e+000 0.000e+000 0.000e+000 0.000e+000 0.000e+000 0.000e+000 0.000e+000 0.000e+000 0.000e+000 0.000e+000 0.000e+000
 2.880e+001 2.930e+000 2.000e+001 1.213e+002 2.464e+003-4.188e+000-5.338e+002-2.948e+003 9.065e+005-1.766e+003 1.873e+003-3.340e+001-2.204e+002 7.994e+001-3.804e+002 6.247e+002-1.929e+005 2.043e+002 4.495e+004
 3.000e+001 2.930e+000 0.000e+000 0.000e+000 0.000e+000 0.000e+000 0.000e+000 0.000e+000 0.000e+000 0.000e+000 0.000e+000 0.000e+000 0.000e+000 0.000e+000 0.000e+000 0.000e+000 0.000e+000 0.000e+000 0.000e+000
 3.130e+001 2.930e+000 0.000e+000 0.000e+000 0.000e+000 0.000e+000 0.000e+000 0.000e+000 0.000e+000 0.000e+000 0.000e+000 0.000e+000 0.000e+000 0.000e+000 0.000e+000 0.000e+000 0.000e+000 0.000e+000 0.000e+000
 3.250e+001 2.930e+000 2.000e+001 1.191e+002 2.088e+003-2.671e+000-5.860e+002-6.361e+003 1.572e+006-1.492e+003-1.958e+004-1.656e+001-3.789e+003 7.447e+001-3.056e+002 1.594e+003-3.882e+005 1.042e+003 9.960e+004
 3.380e+001 2.930e+000 0.000e+000 0.000e+000 0.000e+000 0.000e+000 0.000e+000 0.000e+000 0.000e+000 0.000e+000 0.000e+000 0.000e+000 0.000e+000 0.000e+000 0.000e+000 0.000e+000 0.000e+000 0.000e+000 0.000e+000
 3.500e+001 2.930e+000 2.000e+001 1.887e+002 2.487e+003-2.886e+000-7.938e+002-7.183e+003 1.213e+006-2.458e+003-2.341e+003 2.130e+001-3.080e+003 6.325e+001-6.398e+002 1.685e+003-3.020e+005 7.852e+002 8.116e+004
 3.630e+001 2.930e+000 0.000e+000 0.000e+000 0.000e+000 0.000e+000 0.000e+000 0.000e+000 0.000e+000 0.000e+000 0.000e+000 0.000e+000 0.000e+000 0.000e+000 0.000e+000 0.000e+000 0.000e+000 0.000e+000 0.000e+000
 3.750e+001 2.930e+000 2.000e+001 3.700e+002 1.278e+004 1.919e+001-3.609e+003-9.634e+003 2.257e+006-3.786e+003-7.203e+002 3.965e+001-3.381e+003 6.787e+001-8.584e+002 2.567e+003-5.835e+005 1.052e+003 1.556e+005
 3.880e+001 2.930e+000 0.000e+000 0.000e+000 0.000e+000 0.000e+000 0.000e+000 0.000e+000 0.000e+000 0.000e+000 0.000e+000 0.000e+000 0.000e+000 0.000e+000 0.000e+000 0.000e+000 0.000e+000 0.000e+000 0.000e+000
 4.000e+001 2.930e+000 0.000e+000 0.000e+000 0.000e+000 0.000e+000 0.000e+000 0.000e+000 0.000e+000 0.000e+000 0.000e+000 0.000e+000 0.000e+000 0.000e+000 0.000e+000 0.000e+000 0.000e+000 0.000e+000 0.000e+000
 4.130e+001 2.930e+000 2.000e+001 8.420e+002 1.220e+004 6.729e+001-3.330e+003-1.857e+004 2.371e+006-5.041e+003-9.364e+003 1.632e+002-4.707e+003 9.570e+001-1.290e+003 4.825e+003-6.555e+005 1.238e+003 1.880e+005
 4.250e+001 2.930e+000 0.000e+000 0.000e+000 0.000e+000 0.000e+000 0.000e+000 0.000e+000 0.000e+000 0.000e+000 0.000e+000 0.000e+000 0.000e+000 0.000e+000 0.000e+000 0.000e+000 0.000e+000 0.000e+000 0.000e+000
 4.380e+001 2.930e+000 2.000e+001 1.199e+003 4.550e+003 9.622e+001-2.611e+003-2.634e+004 4.309e+006-4.655e+003 2.435e+004 1.553e+002-6.332e+003 7.189e+001-1.442e+003 8.003e+003-1.264e+006 1.781e+003 3.764e+005
 4.500e+001 2.930e+000 0.000e+000 0.000e+000 0.000e+000 0.000e+000 0.000e+000 0.000e+000 0.000e+000 0.000e+000 0.000e+000 0.000e+000 0.000e+000 0.000e+000 0.000e+000 0.000e+000 0.000e+000 0.000e+000 0.000e+000
 4.630e+001 2.930e+000 2.000e+001 2.922e+003 6.244e+004 3.598e+002-1.914e+004-1.504e+005 1.356e+007-2.928e+004-1.580e+004 6.431e+002-2.749e+004 2.279e+002-8.958e+003 4.638e+004-4.203e+006 8.401e+003 1.310e+006
 4.750e+001 2.930e+000 0.000e+000 0.000e+000 0.000e+000 0.000e+000 0.000e+000 0.000e+000 0.000e+000 0.000e+000 0.000e+000 0.000e+000 0.000e+000 0.000e+000 0.000e+000 0.000e+000 0.000e+000 0.000e+000 0.000e+000
 4.880e+001 2.930e+000 0.000e+000 0.000e+000 0.000e+000 0.000e+000 0.000e+000 0.000e+000 0.000e+000 0.000e+000 0.000e+000 0.000e+000 0.000e+000 0.000e+000 0.000e+000 0.000e+000 0.000e+000 0.000e+000 0.000e+000
 5.000e+001 2.930e+000 2.000e+001 6.331e+005 5.742e+006 5.622e+004-1.842e+006-3.984e+007 2.568e+009-4.363e+006-4.998e+006 8.981e+004-5.153e+006 1.786e+004-1.447e+006 1.334e+007-8.577e+008 1.729e+006 2.869e+008
 5.130e+001 2.930e+000 0.000e+000 0.000e+000 0.000e+000 0.000e+000 0.000e+000 0.000e+000 0.000e+000 0.000e+000 0.000e+000 0.000e+000 0.000e+000 0.000e+000 0.000e+000 0.000e+000 0.000e+000 0.000e+000 0.000e+000
 5.250e+001 2.930e+000 2.000e+001 2.515e+003 9.769e+004 3.481e+002-3.222e+004-1.133e+005 1.347e+007-2.304e+004-5.463e+004 2.704e+002 5.301e+002 1.078e+002-7.314e+003 3.608e+004-4.397e+006-3.999e+002 1.446e+006
 5.380e+001 2.930e+000 0.000e+000 0.000e+000 0.000e+000 0.000e+000 0.000e+000 0.000e+000 0.000e+000 0.000e+000 0.000e+000 0.000e+000 0.000e+000 0.000e+000 0.000e+000 0.000e+000 0.000e+000 0.000e+000 0.000e+000
 5.500e+001 2.930e+000 0.000e+000 0.000e+000 0.000e+000 0.000e+000 0.000e+000 0.000e+000 0.000e+000 0.000e+000 0.000e+000 0.000e+000 0.000e+000 0.000e+000 0.000e+000 0.000e+000 0.000e+000 0.000e+000 0.000e+000
 5.630e+001 2.930e+000 2.000e+001 6.845e+002 1.278e+004 7.002e+001-3.958e+003-2.660e+004 3.009e+006-4.381e+003-2.661e+004 8.057e+001-5.980e+002 4.315e+001-1.325e+003 8.401e+003-9.261e+005 1.597e+002 2.918e+005
 5.750e+001 2.930e+000 0.000e+000 0.000e+000 0.000e+000 0.000e+000 0.000e+000 0.000e+000 0.000e+000 0.000e+000 0.000e+000 0.000e+000 0.000e+000 0.000e+000 0.000e+000 0.000e+000 0.000e+000 0.000e+000 0.000e+000
 5.880e+001 2.930e+000 2.000e+001 4.342e+002 6.385e+003 7.567e+001-1.902e+003-1.764e+004 1.508e+006-3.088e+003-2.809e+003 1.855e+001 3.697e+002 4.264e+001-9.184e+002 4.886e+003-4.167e+005-1.965e+002 1.199e+005
 6.000e+001 2.930e+000 0.000e+000 0.000e+000 0.000e+000 0.000e+000 0.000e+000 0.000e+000 0.000e+000 0.000e+000 0.000e+000 0.000e+000 0.000e+000 0.000e+000 0.000e+000 0.000e+000 0.000e+000 0.000e+000 0.000e+000
 6.130e+001 2.930e+000 2.000e+001 2.268e+002 4.419e+003 2.529e+001-1.056e+003-7.545e+003 8.553e+005-5.652e+002-9.364e+003 1.008e+001 2.439e+002 2.609e+001-2.135e+002 2.243e+003-2.239e+005 1.698e-002 6.154e+004
 6.250e+001 2.930e+000 0.000e+000 0.000e+000 0.000e+000 0.000e+000 0.000e+000 0.000e+000 0.000e+000 0.000e+000 0.000e+000 0.000e+000 0.000e+000 0.000e+000 0.000e+000 0.000e+000 0.000e+000 0.000e+000 0.000e+000
 6.380e+001 2.930e+000 0.000e+000 0.000e+000 0.000e+000 0.000e+000 0.000e+000 0.000e+000 0.000e+000 0.000e+000 0.000e+000 0.000e+000 0.000e+000 0.000e+000 0.000e+000 0.000e+000 0.000e+000 0.000e+000 0.000e+000
 6.500e+001 2.930e+000 2.000e+001 1.429e+002 4.937e+002 1.405e+001-2.706e+002-4.085e+003 6.027e+005-8.668e+002 8.513e+002-1.335e+001-2.989e+002 1.665e+001-1.955e+002 1.096e+003-1.332e+005 3.097e+001 3.405e+004
 6.630e+001 2.930e+000 0.000e+000 0.000e+000 0.000e+000 0.000e+000 0.000e+000 0.000e+000 0.000e+000 0.000e+000 0.000e+000 0.000e+000 0.000e+000 0.000e+000 0.000e+000 0.000e+000 0.000e+000 0.000e+000 0.000e+000
 6.750e+001 2.930e+000 2.000e+001 1.083e+002 1.656e+003 1.077e+001-4.841e+002-4.134e+003 5.264e+005-5.502e+001-8.143e+002-1.009e+001-4.308e+002 2.062e+001 3.214e+001 9.976e+002-1.266e+005 1.081e+002 3.257e+004
 6.880e+001 2.930e+000 0.000e+000 0.000e+000 0.000e+000 0.000e+000 0.000e+000 0.000e+000 0.000e+000 0.000e+000 0.000e+000 0.000e+000 0.000e+000 0.000e+000 0.000e+000 0.000e+000 0.000e+000 0.000e+000 0.000e+000
 7.000e+001 2.930e+000 2.000e+001 8.365e+001-1.575e+003 9.519e+000 2.682e+002-1.790e+003 4.655e+005 1.170e+002-7.324e-004-1.308e+001-1.723e+003 2.325e+001 6.177e+001 3.989e+002-9.208e+004 3.675e+002 2.068e+004
 7.130e+001 2.930e+000 0.000e+000 0.000e+000 0.000e+000 0.000e+000 0.000e+000 0.000e+000 0.000e+000 0.000e+000 0.000e+000 0.000e+000 0.000e+000 0.000e+000 0.000e+000 0.000e+000 0.000e+000 0.000e+000 0.000e+000
 7.250e+001 2.930e+000 0.000e+000 0.000e+000 0.000e+000 0.000e+000 0.000e+000 0.000e+000 0.000e+000 0.000e+000 0.000e+000 0.000e+000 0.000e+000 0.000e+000 0.000e+000 0.000e+000 0.000e+000 0.000e+000 0.000e+000
 7.380e+001 2.930e+000 2.000e+001 6.758e+001 5.876e+002-4.655e-001-2.348e+002-2.203e+003 2.060e+005-3.277e+002 2.247e+003-1.144e+001-1.476e+002 1.453e+001-1.510e+001 4.935e+002-4.383e+004 3.469e+001 1.199e+004
 7.500e+001 2.930e+000 0.000e+000 0.000e+000 0.000e+000 0.000e+000 0.000e+000 0.000e+000 0.000e+000 0.000e+000 0.000e+000 0.000e+000 0.000e+000 0.000e+000 0.000e+000 0.000e+000 0.000e+000 0.000e+000 0.000e+000
 7.630e+001 2.930e+000 1.800e+001 3.946e+001 4.150e+002 2.176e+000-1.005e+002-1.585e+003 2.694e+005 3.057e+002-7.203e+002 6.438e+000-7.198e+002 8.574e+000 9.102e+001 3.651e+002-5.691e+004 1.659e+002 1.405e+004
 7.750e+001 2.930e+000 0.000e+000 0.000e+000 0.000e+000 0.000e+000 0.000e+000 0.000e+000 0.000e+000 0.000e+000 0.000e+000 0.000e+000 0.000e+000 0.000e+000 0.000e+000 0.000e+000 0.000e+000 0.000e+000 0.000e+000
 7.880e+001 2.930e+000 1.800e+001 2.212e+001 6.934e+002 1.194e+000-1.497e+002-8.221e+002 2.567e+005 4.164e+002-4.162e+003 1.166e+000-9.572e+001 4.917e+000 1.136e+002 2.001e+002-5.965e+004 2.087e+001 1.526e+004
 8.000e+001 2.930e+000 0.000e+000 0.000e+000 0.000e+000 0.000e+000 0.000e+000 0.000e+000 0.000e+000 0.000e+000 0.000e+000 0.000e+000 0.000e+000 0.000e+000 0.000e+000 0.000e+000 0.000e+000 0.000e+000 0.000e+000
 8.130e+001 2.930e+000 0.000e+000 0.000e+000 0.000e+000 0.000e+000 0.000e+000 0.000e+000 0.000e+000 0.000e+000 0.000e+000 0.000e+000 0.000e+000 0.000e+000 0.000e+000 0.000e+000 0.000e+000 0.000e+000 0.000e+000
 8.250e+001 2.930e+000 2.000e+001 3.577e+001 1.010e+002 5.150e+000-6.344e+001-9.379e+002 1.495e+005 1.804e+001 4.348e+003-8.229e+000-1.822e+002 1.241e+001-4.487e+000 2.158e+002-2.207e+004 5.186e+000 4.682e+003
 8.380e+001 2.930e+000 0.000e+000 0.000e+000 0.000e+000 0.000e+000 0.000e+000 0.000e+000 0.000e+000 0.000e+000 0.000e+000 0.000e+000 0.000e+000 0.000e+000 0.000e+000 0.000e+000 0.000e+000 0.000e+000 0.000e+000
 8.500e+001 2.930e+000 2.000e+001 4.629e+001-5.023e+002 4.868e+000 3.184e+001-1.833e+003 3.145e+005 3.254e+002 5.167e+003-4.994e+000-3.128e+002 1.164e+001 8.776e+001 3.195e+002-5.586e+004 5.145e+001 1.130e+004
 8.630e+001 2.930e+000 0.000e+000 0.000e+000 0.000e+000 0.000e+000 0.000e+000 0.000e+000 0.000e+000 0.000e+000 0.000e+000 0.000e+000 0.000e+000 0.000e+000 0.000e+000 0.000e+000 0.000e+000 0.000e+000 0.000e+000
 8.750e+001 2.930e+000 2.000e+001 3.803e+001 1.628e+002-5.140e+000-7.702e+001-9.193e+001 1.829e+005 1.802e+002 6.243e+002-5.993e+000-3.908e+002 1.591e+001 5.304e+001 1.230e+002-3.059e+004 8.677e+001 6.867e+003
 8.880e+001 2.930e+000 0.000e+000 0.000e+000 0.000e+000 0.000e+000 0.000e+000 0.000e+000 0.000e+000 0.000e+000 0.000e+000 0.000e+000 0.000e+000 0.000e+000 0.000e+000 0.000e+000 0.000e+000 0.000e+000 0.000e+000
 9.000e+001 2.930e+000 0.000e+000 0.000e+000 0.000e+000 0.000e+000 0.000e+000 0.000e+000 0.000e+000 0.000e+000 0.000e+000 0.000e+000 0.000e+000 0.000e+000 0.000e+000 0.000e+000 0.000e+000 0.000e+000 0.000e+000
 9.130e+001 2.930e+000 2.000e+001 2.831e+001-2.668e+002 2.690e+000 2.386e+001-7.907e+002 1.568e+005-1.568e+002-9.062e+002-1.139e+001-1.879e+002 1.325e+001-1.728e+001 1.047e+002-2.296e+004 3.756e+001 4.229e+003
 9.250e+001 2.930e+000 0.000e+000 0.000e+000 0.000e+000 0.000e+000 0.000e+000 0.000e+000 0.000e+000 0.000e+000 0.000e+000 0.000e+000 0.000e+000 0.000e+000 0.000e+000 0.000e+000 0.000e+000 0.000e+000 0.000e+000
 9.380e+001 2.930e+000 2.000e+001 1.805e+001 9.993e+001 1.300e+000 5.646e-001-3.026e+002 9.218e+004 6.835e+001-3.219e+003-8.186e+000-2.834e+002 1.196e+001 3.064e+001 6.173e+001-1.610e+004 6.341e+001 4.097e+003
 9.500e+001 2.930e+000 0.000e+000 0.000e+000 0.000e+000 0.000e+000 0.000e+000 0.000e+000 0.000e+000 0.000e+000 0.000e+000 0.000e+000 0.000e+000 0.000e+000 0.000e+000 0.000e+000 0.000e+000 0.000e+000 0.000e+000
 9.630e+001 2.930e+000 1.800e+001 1.084e+001 1.328e+002 1.220e+000-2.524e+001-3.080e+002 5.846e+004-5.739e+001-2.838e+002 8.052e-001-6.838e+001 1.920e+000-1.541e+001 2.849e+001-6.243e+003 8.449e+000 1.419e+003
 9.750e+001 2.930e+000 0.000e+000 0.000e+000 0.000e+000 0.000e+000 0.000e+000 0.000e+000 0.000e+000 0.000e+000 0.000e+000 0.000e+000 0.000e+000 0.000e+000 0.000e+000 0.000e+000 0.000e+000 0.000e+000 0.000e+000
 9.880e+001 2.930e+000 0.000e+000 0.000e+000 0.000e+000 0.000e+000 0.000e+000 0.000e+000 0.000e+000 0.000e+000 0.000e+000 0.000e+000 0.000e+000 0.000e+000 0.000e+000 0.000e+000 0.000e+000 0.000e+000 0.000e+000
 1.000e+002 2.930e+000 2.400e+001 2.470e+001 5.209e+002 4.569e+000-1.119e+002-1.694e+002 1.033e+005-4.096e+002-1.683e+002-5.731e-001 1.228e+002 6.072e+000-6.618e+001 5.489e+001-1.614e+004-3.121e+001 3.763e+003
 1.130e+002 2.930e+000 2.400e+001 7.894e+000-1.562e+002 1.591e+000 6.899e+001-6.626e+002 1.700e+005 2.158e+001-1.968e+003 2.712e+000-5.352e+002 3.804e+000 1.220e+001 1.310e+002-3.177e+004 1.321e+002 7.535e+003
 1.250e+002 2.930e+000 2.900e+001 1.382e+001-1.787e+002 2.516e+000 6.688e+001-5.385e+002 2.089e+005 7.404e+001-1.045e+003-1.936e+000-9.444e+002 9.914e+000 1.780e+001 7.980e+001-3.860e+004 2.001e+002 8.444e+003
 1.380e+002 2.930e+000 4.100e+001 8.199e+001 3.182e+002 7.336e+000-3.595e+001-1.268e+003 1.686e+005 7.743e+001-1.617e+002 1.050e+001-7.321e+002 1.438e+001 3.930e+001 9.769e+001-2.506e+004 1.049e+002 4.829e+003
 1.500e+002 2.930e+000 4.000e+001 1.966e+001-1.959e+002-5.240e-001 2.832e+001-8.230e+002 3.264e+005 3.543e+002 1.594e+003-6.524e-001-1.158e+003 1.377e+001 2.501e+001 8.684e+001-4.427e+004 1.662e+002 7.077e+003
 1.630e+002 2.930e+000 3.500e+001 1.869e+001 3.244e+002-8.029e-001-4.867e+001-9.952e+002 1.850e+005 7.021e+001 2.843e+003 1.815e+000-6.081e+002 8.314e+000 5.453e+000 1.386e+002-2.971e+004 1.018e+002 6.003e+003
 1.750e+002 2.930e+000 2.800e+001 2.072e+001 6.677e+002-3.996e+000-9.991e+001-1.381e+003 2.968e+005-1.030e+002-2.907e+002 2.460e+000-1.337e+003 1.569e+001-7.252e+000 2.252e+002-5.018e+004 2.393e+002 9.464e+003
 1.880e+002 2.930e+000 6.000e+001 1.651e+002 9.661e+003-2.918e+000-1.753e+003-8.392e+003 1.328e+006-2.973e+003 4.963e+003 5.114e+001-4.414e+003 3.999e+001-4.894e+002 1.449e+003-2.403e+005 7.949e+002 4.606e+004
 2.000e+002 2.930e+000 8.000e+001 6.900e+003 4.651e+005-2.200e+002-9.480e+004-3.077e+005 4.624e+007-1.603e+005 1.755e+005 2.501e+003-1.291e+005 9.509e+002-3.261e+004 6.013e+004-9.305e+006 2.539e+004 1.877e+006
 2.130e+002 2.930e+000 6.600e+001 1.910e+002 9.002e+003-9.520e+000-1.505e+003-1.055e+004 1.460e+006-2.126e+003-5.658e+003 5.645e+001-5.687e+003 3.878e+001-2.851e+002 1.857e+003-2.547e+005 9.908e+002 4.686e+004
 2.250e+002 2.930e+000 9.100e+001 1.737e+002 8.141e+003-2.638e+001-1.615e+003-1.511e+004 2.415e+006-1.403e+002 3.310e+003 5.447e+001-9.230e+003 4.878e+001 6.374e+000 2.869e+003-4.694e+005 1.793e+003 9.429e+004
 2.380e+002 2.930e+000 7.800e+001 5.598e+002 2.887e+004-7.650e+001-5.873e+003-6.221e+004 9.026e+006-3.842e+003-5.873e+003 2.336e+002-3.234e+004 1.265e+002-7.361e+002 1.275e+004-1.841e+006 6.602e+003 3.783e+005
 2.500e+002 2.930e+000 8.000e+001 1.812e+004 9.619e+005-2.281e+003-2.098e+005-2.023e+006 2.791e+008-1.518e+005-6.843e+004 7.629e+003-9.789e+005 3.533e+003-3.287e+004 4.422e+005-6.096e+007 2.139e+005 1.332e+007
 2.630e+002 2.930e+000 8.000e+001 5.154e+002 2.770e+004-5.687e+001-5.699e+003-5.337e+004 7.623e+006-4.236e+003-9.957e+003 1.910e+002-2.533e+004 9.739e+001-7.895e+002 1.107e+004-1.574e+006 5.237e+003 3.272e+005
 2.750e+002 2.930e+000 8.400e+001 1.602e+002 8.592e+003-1.328e+001-1.679e+003-1.579e+004 2.532e+006-1.819e+003-6.241e+002 5.677e+001-7.993e+003 3.545e+001-2.924e+002 2.973e+003-4.840e+005 1.540e+003 9.469e+004
 2.880e+002 2.930e+000 5.600e+001 8.218e+001 7.937e+003-2.112e+001-1.654e+003-1.085e+004 3.434e+006-1.162e+003 1.051e+004 3.639e+001-9.010e+003 4.107e+001-2.516e+002 2.116e+003-6.778e+005 1.800e+003 1.352e+005
 3.000e+002 2.930e+000 8.000e+001 7.023e+002 1.028e+005-5.051e+001-2.174e+004-2.223e+005 9.249e+007-7.129e+004 2.001e+005 5.645e+002-2.012e+005 5.045e+002-1.508e+004 4.555e+004-1.905e+007 4.128e+004 3.925e+006
 3.130e+002 2.930e+000 6.900e+001 9.400e+001-9.284e+002 1.848e+001 8.463e+000-1.315e+004 3.153e+006-2.814e+003 8.131e+003 3.379e+001-7.535e+003 2.741e+001-5.154e+002 2.399e+003-5.793e+005 1.349e+003 1.088e+005
 3.250e+002 2.930e+000 8.400e+001 1.909e+002-3.141e+003 4.020e+001 2.366e+002-1.387e+004 1.516e+006-2.404e+003 1.567e+004 5.225e+001-5.696e+003 3.168e+001-4.181e+002 2.211e+003-2.436e+005 8.807e+002 4.186e+004
 3.380e+002 2.930e+000 7.200e+001 7.858e+002-1.384e+004 1.893e+002 1.619e+003-4.623e+004 3.240e+006-7.709e+003 4.404e+004 2.002e+002-1.578e+004 1.029e+002-1.425e+003 7.567e+003-5.224e+005 2.437e+003 8.647e+004
 3.500e+002 2.930e+000 8.000e+001 2.285e+004-4.397e+005 5.593e+003 5.880e+004-1.293e+006 8.313e+007-2.064e+005 1.138e+006 5.822e+003-4.411e+005 2.872e+003-4.236e+004 2.330e+005-1.462e+007 7.460e+004 2.589e+006
 3.630e+002 2.930e+000 8.000e+001 8.272e+002-1.607e+004 2.025e+002 1.815e+003-4.701e+004 3.293e+006-7.498e+003 4.417e+004 2.064e+002-1.665e+004 1.078e+002-1.424e+003 7.736e+003-5.393e+005 2.581e+003 9.136e+004
 3.750e+002 2.930e+000 6.400e+001 1.540e+002-2.132e+003 3.354e+001 1.723e+002-1.045e+004 9.141e+005-1.753e+003 1.208e+004 4.042e+001-3.771e+003 2.247e+001-3.330e+002 1.726e+003-1.539e+005 5.890e+002 2.764e+004
 3.880e+002 2.930e+000 5.000e+001 6.639e+001 3.091e+002 9.092e+000-1.509e+002-5.014e+003 6.273e+005-1.104e+003 5.328e+003 2.089e+001-2.489e+003 1.405e+001-2.130e+002 8.643e+002-1.110e+005 4.147e+002 2.069e+004
 4.000e+002 2.930e+000 7.400e+001 8.296e+002 5.404e+004-1.331e+002-1.146e+004-2.251e+004 4.828e+006-1.288e+004 2.491e+004 2.370e+002-1.732e+004 1.011e+002-2.762e+003 4.358e+003-1.004e+006 3.526e+003 2.105e+005
 4.130e+002 2.930e+000 6.400e+001 5.921e+001 1.162e+003 6.548e-001-1.978e+002-3.088e+003 4.439e+005-7.176e+002 2.218e+003 1.490e+001-1.444e+003 8.145e+000-1.225e+002 4.997e+002-7.399e+004 2.359e+002 1.320e+004
 4.250e+002 2.930e+000 5.000e+001 2.241e+001 1.199e+002 1.930e+000-5.720e+001-1.825e+003 3.181e+005-3.589e+002 5.153e+003 6.622e+000-1.062e+003 5.382e+000-7.727e+001 3.011e+002-5.438e+004 1.721e+002 1.008e+004
 4.380e+002 2.930e+000 4.500e+001 1.760e+001-1.939e+002 2.676e+000-8.436e+000-2.186e+003 4.968e+005-4.351e+002 5.307e+003 7.955e+000-1.722e+003 7.344e+000-9.215e+001 3.524e+002-8.250e+004 2.780e+002 1.430e+004
 4.500e+002 2.930e+000 6.900e+001 8.038e+001-1.184e+003 1.900e+001 7.111e+001-1.920e+004 6.195e+006-4.182e+003 3.821e+004 6.945e+001-2.210e+004 8.335e+001-9.442e+002 3.725e+003-1.201e+006 4.255e+003 2.346e+005
 4.630e+002 2.930e+000 5.000e+001 1.341e+001 1.360e+002 1.057e+000-4.302e+001-1.416e+003 3.433e+005-3.504e+002 1.371e+003 6.339e+000-1.363e+003 6.716e+000-6.763e+001 2.443e+002-5.852e+004 2.290e+002 1.059e+004
 4.750e+002 2.930e+000 6.300e+001 1.510e+001 4.452e+002 4.913e-001-7.879e+001-1.501e+003 3.939e+005-3.974e+002 1.252e+003 5.403e+000-1.316e+003 5.713e+000-6.868e+001 2.594e+002-6.660e+004 2.183e+002 1.188e+004
 4.880e+002 2.930e+000 7.400e+001 2.553e+001 9.827e+002 7.686e-001-1.743e+002-2.371e+003 6.105e+005-6.662e+002 4.782e+003 9.947e+000-2.110e+003 9.110e+000-1.272e+002 3.940e+002-1.052e+005 3.594e+002 1.918e+004
 5.000e+002 2.930e+000 6.500e+001 5.017e+002 8.078e+003 4.809e+001-2.074e+003-2.382e+004 1.977e+006-5.006e+003 3.946e+004 1.496e+002-8.629e+003 5.783e+001-1.044e+003 3.761e+003-3.538e+005 1.374e+003 6.561e+004
 5.130e+002 2.930e+000 1.000e+002 5.627e+001 5.069e+003-6.500e+000-1.075e+003-8.363e+003 2.435e+006-2.881e+003 1.908e+004 3.642e+001-8.468e+003 3.445e+001-6.265e+002 1.551e+003-4.675e+005 1.600e+003 9.135e+004
 5.250e+002 2.930e+000 8.000e+001 7.230e+001 1.056e+004-2.141e+001-2.193e+003-1.342e+004 4.491e+006-4.850e+003 3.464e+004 5.820e+001-1.562e+004 6.031e+001-1.080e+003 2.564e+003-8.895e+005 3.055e+003 1.775e+005
 5.380e+002 2.930e+000 8.000e+001 2.929e+002 4.833e+004-1.069e+002-1.047e+004-5.661e+004 1.932e+007-2.058e+004 1.624e+005 2.483e+002-6.721e+004 2.568e+002-4.812e+003 1.129e+004-3.991e+006 1.372e+004 8.268e+005
 5.500e+002 2.930e+000 8.000e+001 2.917e+004 5.198e+006-1.230e+004-1.145e+006-5.355e+006 1.912e+009-2.046e+006 1.481e+007 2.414e+004-6.630e+006 2.518e+004-4.856e+005 1.096e+006-4.058e+008 1.391e+006 8.625e+007
 5.630e+002 2.930e+000 1.000e+002 4.573e+002 8.001e+004-1.955e+002-1.705e+004-7.859e+004 2.807e+007-2.932e+004 2.023e+005 3.568e+002-9.735e+004 3.699e+002-6.747e+003 1.563e+004-5.786e+006 1.986e+004 1.196e+006
 5.750e+002 2.930e+000 8.000e+001 7.096e+001 1.124e+004-2.636e+001-2.284e+003-1.006e+004 3.556e+006-4.068e+003 2.350e+004 5.072e+001-1.234e+004 5.407e+001-8.874e+002 1.898e+003-7.024e+005 2.400e+003 1.400e+005
 5.880e+002 2.930e+000 8.000e+001 3.194e+001 4.775e+003-1.240e+001-9.187e+002-4.478e+003 1.577e+006-1.670e+003 1.145e+004 2.160e+001-5.706e+003 2.418e+001-3.591e+002 8.128e+002-2.956e+005 1.060e+003 5.629e+004
 6.000e+002 2.930e+000 9.500e+001 2.630e+001 3.828e+003-9.097e+000-7.242e+002-3.451e+003 1.453e+006-1.425e+003 7.828e+003 1.538e+001-4.621e+003 1.738e+001-2.893e+002 6.093e+002-2.714e+005 8.523e+002 5.200e+004
 6.130e+002 2.930e+000 6.800e+001 1.100e+001 1.436e+003-3.371e+000-2.586e+002-1.117e+003 4.743e+005-5.361e+002 2.109e+003 5.784e+000-1.598e+003 6.391e+000-9.857e+001 1.813e+002-8.231e+004 2.764e+002 1.490e+004
 6.250e+002 2.930e+000 6.800e+001 8.425e+000 1.046e+003-2.433e+000-1.809e+002-9.964e+002 3.866e+005-4.558e+002 8.296e+001 5.022e+000-1.385e+003 5.773e+000-7.801e+001 1.698e+002-6.519e+004 2.345e+002 1.180e+004
 6.380e+002 2.930e+000 5.300e+001 6.829e+000 5.032e+002-4.220e-001-8.636e+001-1.116e+003 4.056e+005-4.663e+002-5.598e+002 4.593e+000-1.419e+003 5.768e+000-7.617e+001 1.863e+002-6.737e+004 2.381e+002 1.174e+004
 6.500e+002 2.930e+000 7.900e+001 7.878e+002-8.418e+004 4.635e+002 1.330e+004-1.655e+005 4.658e+007-6.147e+004 6.780e+005 3.741e+002-1.350e+005 4.751e+002-1.349e+004 3.222e+004-8.736e+006 2.443e+004 1.650e+006
 6.630e+002 2.930e+000 5.900e+001 7.260e+000 3.060e+002-4.960e-001-5.830e+001-7.190e+002 1.713e+005-1.355e+002 2.808e+003 2.670e+000-5.435e+002 2.161e+000-2.893e+001 1.102e+002-2.696e+004 8.300e+001 4.715e+003
 6.750e+002 2.930e+000 3.200e+001 4.976e+000 9.183e+001-3.062e-001-2.558e+001-2.347e+002 5.983e+004-3.318e+001-4.089e+001 9.673e-001-1.699e+002 7.332e-001-6.041e+000 3.243e+001-8.376e+003 2.429e+001 1.464e+003
 6.880e+002 2.930e+000 3.100e+001 3.094e+000 1.563e+002-3.542e-001-2.056e+001-1.990e+002 4.540e+004-3.328e+001 7.800e+001 4.917e-001-1.349e+002 6.312e-001-6.891e+000 3.057e+001-7.038e+003 2.096e+001 1.319e+003
 7.000e+002 2.930e+000 5.100e+001 4.954e+001 1.295e+003-6.016e+000-2.125e+002 6.334e+002 9.419e+004-2.752e+002-7.869e+002 7.382e+000-2.032e+002 2.751e+000-3.957e+001-5.582e+001-1.345e+004 3.947e+001 2.274e+003
 7.130e+002 2.930e+000 3.600e+001 2.466e+000 1.335e+002-4.344e-001-1.835e+001-8.628e+001 2.955e+004 1.053e+000 4.645e+002 4.019e-002-9.006e+001 5.900e-001-7.341e-001 6.111e+000-3.457e+003 1.295e+001 6.918e+002
 7.250e+002 2.930e+000 2.300e+001 1.536e+000 7.476e+001-1.865e-001-8.502e+000-7.474e+001 1.575e+004-7.741e+000-1.524e+002 1.863e-001-4.982e+001 2.950e-001 3.261e-001 8.557e+000-2.049e+003 7.933e+000 3.794e+002
 7.380e+002 2.930e+000 3.700e+001 1.988e+000 1.064e+002-1.820e-001-6.187e+000-9.657e+001 2.438e+004-1.693e+001-7.388e+001 2.039e-001-7.192e+001 4.309e-001-2.683e-001 7.994e+000-2.120e+003 7.877e+000 3.719e+002
 7.500e+002 2.930e+000 6.800e+001 1.705e+001 3.798e+003-1.166e+001-7.971e+002-1.470e+003 1.139e+006-2.304e+002 2.227e+004 5.673e+000-3.575e+003 1.162e+001-1.139e+002 2.226e+002-2.317e+005 7.229e+002 4.813e+004
 7.630e+002 2.930e+000 2.900e+001 1.004e+000 3.688e+001-9.316e-002-4.712e+000-3.980e+001 2.145e+004-1.549e+001-7.217e+001 1.826e-001-6.090e+001 3.072e-001-1.252e+000 6.605e+000-2.915e+003 7.982e+000 5.398e+002
 7.750e+002 2.930e+000 2.800e+001 1.528e+000 4.995e+001-1.076e-001-2.176e+000-4.497e+001 1.251e+004 3.103e-001 3.547e+001 3.634e-002-4.003e+001 2.980e-001-7.221e-001 4.655e+000-1.555e+003 6.115e+000 3.180e+002
 7.880e+002 2.930e+000 2.900e+001 1.341e+000 6.198e+001-1.736e-001-5.225e+000-4.805e+001 1.857e+004-7.957e+000-1.029e+002 2.086e-001-6.183e+001 3.412e-001-5.504e-001 6.334e+000-2.398e+003 9.556e+000 4.518e+002
 8.000e+002 2.930e+000 7.000e+001 4.147e+001 2.652e+003-8.778e+000-5.833e+002-3.064e+003 4.497e+005-1.297e+002 1.060e+004 1.197e+001-1.622e+003 6.236e+000-5.980e+001 5.164e+002-8.426e+004 3.025e+002 1.645e+004
 8.130e+002 2.930e+000 3.300e+001 2.207e+000 1.220e+002-1.061e-001-1.367e+001-2.502e+001 2.760e+004-7.753e+000-6.098e-001 2.621e-002-6.527e+001 3.941e-001-2.055e+000 1.006e+000-3.782e+003 9.475e+000 7.091e+002
 8.250e+002 2.930e+000 3.300e+001 2.725e+000 5.907e+001-7.044e-002-7.833e+000 4.046e+001 2.884e+004 2.302e+001 3.273e+001-2.129e-001-8.261e+001 5.486e-001 2.588e+000 5.493e-001-3.259e+003 1.069e+001 5.320e+002
 8.380e+002 2.930e+000 6.600e+001 7.350e+000 3.233e+002 1.396e-001-5.713e+001 1.032e+003 3.608e+005 1.317e+002 2.447e+003-1.814e+000-7.210e+002 2.012e+000 2.060e+001-1.967e+002-6.921e+004 1.402e+002 1.369e+004
 8.500e+002 2.930e+000 7.400e+001 2.162e+002 8.442e+003 2.826e+000-1.452e+003 5.500e+004 1.594e+007 5.622e+003 1.112e+005-1.086e+002-3.193e+004 6.955e+001 9.825e+002-1.176e+004-3.390e+006 6.840e+003 7.230e+005
 8.630e+002 2.930e+000 4.300e+001 3.400e+000 1.357e+002-9.986e-003-1.701e+001 4.131e+002 2.010e+005 9.302e+000 2.197e+003-2.650e-001-4.275e+002 1.654e+000-4.611e+000-7.585e+001-3.567e+004 7.930e+001 6.688e+003
 8.750e+002 2.930e+000 4.400e+001 2.447e+000 9.718e+001 1.253e-001-1.457e+001 5.903e+001 6.407e+004 6.003e+001 1.876e+002 7.544e-001-1.254e+002 2.892e+000 8.370e+000-1.160e+001-8.899e+003 1.924e+001 1.441e+003
 8.880e+002 2.930e+000 6.400e+001 2.224e+000 4.477e+001 1.786e-001-3.410e+000-4.452e+001 5.773e+004-1.187e+001 6.284e+002 3.743e-001-1.964e+002 1.247e+000-5.420e+000 6.835e+000-8.425e+003 2.891e+001 1.480e+003
 9.000e+002 2.930e+000 4.100e+001 4.726e+000 2.669e+002-5.559e-001-5.244e+001-5.039e+002 2.408e+005-4.518e+001 2.895e+003 2.430e+000-9.298e+002 3.992e+000-1.970e+001 8.594e+001-4.242e+004 1.643e+002 7.772e+003
 9.130e+002 2.930e+000 3.600e+001 7.914e+000-2.001e+002 1.887e+000 1.831e+001-9.953e+001 6.661e+004 6.966e+001-8.927e+001 1.826e+000-2.441e+002 1.747e+000 9.937e+000 1.125e+000-8.557e+003 2.624e+001 1.382e+003
 9.250e+002 2.930e+000 2.300e+001 2.001e+000-6.806e+001 7.283e-001 1.086e+001-1.142e+001 3.606e+004 3.533e+001 3.542e+002 3.448e-001-1.371e+002 8.781e-001 5.032e+000 1.666e+000-5.036e+003 2.096e+001 8.888e+002
 9.380e+002 2.930e+000 6.200e+001 2.209e+001-1.434e+002 5.897e+000-2.894e+001-1.390e+003 1.674e+005-2.662e+002 2.237e+003 7.288e+000-8.003e+002 5.759e+000-4.644e+001 1.875e+002-2.537e+004 1.060e+002 4.378e+003
 9.500e+002 2.930e+000 6.500e+001 7.181e+002-1.123e+004 2.374e+002 2.795e+002-3.057e+004 2.707e+006-5.247e+003 4.737e+004 2.151e+002-1.842e+004 1.709e+002-8.062e+002 3.585e+003-4.069e+005 2.299e+003 6.946e+004
 9.630e+002 2.930e+000 3.700e+001 1.274e+001 7.125e+001 2.637e+000-3.774e+001-4.507e+002 6.829e+004-6.505e+001 1.225e+003 3.369e+000-3.419e+002 2.850e+000-4.994e+000 2.039e+001-9.941e+003 3.826e+001 1.885e+003
 9.750e+002 2.930e+000 3.500e+001 2.589e+000-5.805e+000 6.852e-001-9.661e-001-6.449e+001 2.661e+004 2.971e+001 1.965e+002 7.638e-001-1.173e+002 1.063e+000 4.686e+000 1.618e+000-3.204e+003 1.403e+001 5.341e+002
 9.880e+002 2.930e+000 6.300e+001 3.040e+000 5.311e+001 6.840e-001-5.356e+000-1.097e+002 5.602e+004 7.716e+001 8.403e+002 8.401e-001-2.041e+002 1.581e+000 1.492e+001 1.140e+001-9.471e+003 3.771e+001 1.870e+003
 1.000e+003 2.930e+000 1.870e+002 1.507e+002-7.620e+003 3.013e+001 7.814e+002-1.033e+004 1.991e+006 4.353e+003 1.764e+004 8.278e+001-1.071e+004 7.373e+001 5.606e+002 1.265e+003-2.929e+005 1.528e+003 4.709e+004
 1.130e+003 2.930e+000 4.680e+002 1.848e+002-5.910e+003 1.692e+001-1.508e+002-2.543e+004 5.075e+006 2.531e+003 1.749e+005 1.181e+002-1.863e+004 8.628e+001-2.623e+002 3.812e+003-7.862e+005 2.764e+003 1.347e+005
 1.250e+003 2.930e+000 3.600e+002 1.251e+002-8.799e+003 2.396e+001 8.555e+002-6.499e+003 2.185e+006 2.440e+003-2.902e+004 5.548e+001-1.171e+004 7.550e+001 3.103e+002 3.652e+002-3.014e+005 1.637e+003 4.909e+004
 1.380e+003 2.930e+000 3.560e+002 1.512e+002-3.179e+003-1.841e+000-1.380e+002-1.545e+004 2.610e+006 3.175e+003 6.162e+004 1.125e+002-1.436e+004 9.555e+001 1.938e+001 2.080e+003-3.748e+005 2.043e+003 5.894e+004
 1.500e+003 2.930e+000 5.700e+001 5.558e+000 1.112e+003-4.011e+000-2.201e+002-4.339e+002 3.956e+005-3.351e+002 1.876e+003 3.153e+000-1.415e+003 5.753e+000-7.196e+001 7.628e+001-7.555e+004 2.692e+002 1.450e+004
 1.630e+003 2.930e+000 7.200e+001 4.266e+000 1.029e+003-3.411e+000-2.035e+002-1.194e+002 3.320e+005-3.583e+002-6.267e+002 1.698e+000-1.089e+003 4.138e+000-6.797e+001 2.448e+001-6.419e+004 2.124e+002 1.248e+004
 1.750e+003 2.930e+000 4.800e+001 1.079e+001 3.109e+003-9.099e+000-5.990e+002-3.752e+002 9.737e+005-1.104e+003-1.152e+002 4.865e+000-2.999e+003 1.090e+001-2.101e+002 7.191e+001-1.867e+005 5.776e+002 3.586e+004
 1.880e+003 2.930e+000 6.900e+001 5.944e+001 1.346e+004-4.492e+001-2.765e+003-2.932e+003 3.832e+006-3.450e+003 1.213e+003 2.412e+001-1.351e+004 5.138e+001-7.041e+002 5.806e+002-7.702e+005 2.718e+003 1.553e+005
 2.000e+003 2.930e+000 7.200e+001 1.376e+002 2.858e+004-9.370e+001-5.887e+003-3.154e+003 6.690e+006-6.076e+003 8.891e+003 4.035e+001-2.279e+004 8.464e+001-1.280e+003 5.942e+002-1.369e+006 4.656e+003 2.806e+005
 2.130e+003 2.930e+000 4.800e+001 2.844e+001 4.745e+003-1.539e+001-9.877e+002-2.023e+002 9.539e+005-9.383e+002-1.042e+003 6.734e+000-3.104e+003 1.153e+001-1.938e+002 4.026e+001-1.964e+005 6.387e+002 4.050e+004
 2.250e+003 2.930e+000 6.900e+001 1.012e+001 1.806e+003-6.137e+000-3.726e+002-2.364e+002 4.035e+005-3.267e+002-1.381e+002 2.800e+000-1.422e+003 5.467e+000-6.724e+001 4.685e+001-8.220e+004 2.895e+002 1.679e+004
 2.380e+003 2.930e+000 7.200e+001 6.793e+000 1.259e+003-4.528e+000-2.663e+002 2.050e+002 4.073e+005-9.197e+001-2.153e+003-2.541e-001-1.483e+003 5.550e+000-1.152e+001-4.064e+001-8.407e+004 3.064e+002 1.741e+004
 2.500e+003 2.930e+000 4.800e+001 2.481e+000 3.989e+002-1.431e+000-8.367e+001-9.263e+001 1.127e+005-5.374e+001-6.416e+001 6.627e-001-4.348e+002 1.753e+000-1.102e+001 1.795e+001-2.293e+004 8.827e+001 4.689e+003
 2.630e+003 2.930e+000 6.600e+001 1.580e+000 2.181e+002-9.010e-001-4.477e+001-8.042e+001 5.900e+004 4.343e+000 1.084e+002 3.992e-001-2.268e+002 9.271e-001 2.373e-001 1.487e+001-1.162e+004 4.491e+001 2.313e+003
 2.750e+003 2.930e+000 7.200e+001 5.140e-001 1.135e+002-4.174e-001-2.297e+001-1.128e+001 5.889e+004-5.721e+000-7.388e+001 9.911e-002-2.078e+002 7.714e-001-1.027e+000 2.124e+000-1.140e+004 4.041e+001 2.228e+003
 2.880e+003 2.930e+000 4.200e+001 4.255e-001 7.897e+001-2.893e-001-1.547e+001-4.903e+001 2.698e+004-9.828e+000-3.853e+001 2.348e-001-1.046e+002 4.262e-001-1.788e+000 9.411e+000-5.234e+003 2.034e+001 1.025e+003
 3.000e+003 2.930e+000 6.900e+001 4.370e+000 1.806e+002-1.203e+000-5.294e+001-5.151e+002 8.485e+004 6.549e+001 2.468e+003 1.601e+000-3.132e+002 1.464e+000 4.478e+000 8.472e+001-1.525e+004 6.062e+001 2.886e+003
 3.130e+003 2.930e+000 6.900e+001 3.500e-001 4.334e+001-2.187e-001-9.087e+000-4.310e+001 2.518e+004 9.007e+000-4.134e+001 1.872e-001-1.010e+002 4.528e-001 1.771e+000 7.943e+000-4.701e+003 1.915e+001 8.970e+002
 3.250e+003 2.930e+000 4.800e+001 2.740e-001 4.439e+001-2.139e-001-9.526e+000-4.140e+001 3.646e+004 2.288e+001-3.542e+002 1.862e-001-1.679e+002 8.281e-001 6.263e+000 8.243e+000-7.293e+003 3.351e+001 1.481e+003
 3.380e+003 2.930e+000 6.600e+001 9.844e-001 1.959e+002-7.829e-001-4.110e+001-1.296e+002 8.454e+004 2.261e+001 1.623e+002 5.381e-001-3.259e+002 1.356e+000 3.697e+000 2.548e+001-1.691e+004 6.564e+001 3.407e+003
 3.500e+003 2.930e+000 7.200e+001 3.835e+001 7.195e+003-2.715e+001-1.550e+003-5.249e+003 2.091e+006-6.749e+002 1.700e+004 2.349e+001-8.387e+003 3.396e+001-2.101e+002 1.039e+003-4.374e+005 1.749e+003 9.169e+004
 3.630e+003 2.930e+000 4.800e+001 5.183e+000 1.318e+003-5.495e+000-2.724e+002-9.317e+002 5.685e+005-1.057e+002 8.576e+002 4.331e+000-2.483e+003 1.095e+001-2.510e+001 1.857e+002-1.153e+005 5.033e+002 2.344e+004
 3.750e+003 2.930e+000 6.600e+001 2.125e+000 4.517e+002-1.982e+000-9.593e+001-2.389e+002 1.549e+005-2.667e+001 3.217e+002 1.224e+000-6.671e+002 3.002e+000-7.658e+000 4.751e+001-3.166e+004 1.370e+002 6.508e+003
 3.880e+003 2.930e+000 7.200e+001 5.222e+000 9.484e+002-4.395e+000-2.108e+002-5.437e+002 3.345e+005-7.907e-001 1.553e+003 2.963e+000-1.436e+003 6.605e+000-1.217e+001 1.071e+002-6.845e+004 2.974e+002 1.418e+004
 4.000e+003 2.930e+000 3.000e+001 1.099e+001 3.689e+001-4.115e+000-1.135e+002-9.540e+002 1.962e+005 4.391e+002 8.372e+003 7.573e+000-1.004e+003 7.893e+000 9.451e+000 1.775e+002-3.536e+004 2.219e+002 7.440e+003
 4.130e+003 2.930e+000 6.900e+001 9.151e+000 2.313e+003-9.854e+000-4.893e+002-6.222e+002 7.140e+005-1.291e+002 1.258e+003 3.532e+000-2.990e+003 1.297e+001-3.597e+001 1.261e+002-1.474e+005 6.212e+002 3.057e+004
 4.250e+003 2.930e+000 7.200e+001 7.532e+000 1.861e+003-7.525e+000-3.869e+002-9.605e+002 6.084e+005-1.665e+002 4.946e+003 4.618e+000-2.519e+003 1.067e+001-5.546e+001 1.788e+002-1.230e+005 5.088e+002 2.496e+004
 4.380e+003 2.930e+000 4.200e+001 1.500e+000 3.656e+002-1.582e+000-7.662e+001-1.431e+002 1.110e+005-1.875e+001 5.960e+002 7.206e-001-4.807e+002 2.170e+000-6.834e+000 2.732e+001-2.280e+004 9.885e+001 4.700e+003
 4.500e+003 2.930e+000 7.200e+001 3.079e+000 8.947e+002-4.092e+000-1.852e+002-2.486e+002 2.994e+005 2.554e+001 1.031e+003 1.079e+000-1.351e+003 6.245e+000 1.466e-001 4.705e+001-6.114e+004 2.764e+002 1.252e+004
 4.630e+003 2.930e+000 6.900e+001 5.508e-001 1.324e+002-5.840e-001-2.673e+001-2.000e+001 4.216e+004-1.286e+001-6.449e+000 1.598e-001-1.816e+002 8.720e-001-2.695e+000 3.519e+000-8.308e+003 3.588e+001 1.653e+003
 4.750e+003 2.930e+000 4.800e+001 3.148e-001 9.749e+001-4.555e-001-1.922e+001-3.722e+001 4.999e+004-5.577e+000 2.383e+002 1.984e-001-2.345e+002 1.157e+000-2.183e+000 6.368e+000-9.436e+003 4.431e+001 1.793e+003
 4.880e+003 2.930e+000 6.900e+001 7.993e-001 1.586e+002-7.409e-001-3.374e+001-3.997e+001 4.127e+004 2.271e+001 6.930e+002 1.069e-001-1.863e+002 9.359e-001 1.537e+000 4.759e+000-8.399e+003 3.842e+001 1.741e+003
 5.000e+003 2.930e+000 6.000e+001 1.375e-001 1.441e+001-9.233e-002-3.173e+000-6.109e+000 1.405e+004 1.087e+001 8.550e+001 2.570e-002-6.811e+001 3.851e-001 1.459e+000 7.684e-001-2.469e+003 1.238e+001 4.469e+002
 5.130e+003 2.930e+000 3.900e+001 1.199e-001 2.126e+001-6.387e-002-4.206e+000-4.649e-001 8.479e+003 8.993e+000 1.584e+002-1.045e-002-2.714e+001 1.250e-001 1.116e+000-5.906e-001-1.528e+003 5.203e+000 2.893e+002
 5.250e+003 2.930e+000 3.600e+001 9.919e-002 8.646e+000-6.508e-002-1.849e+000-7.246e+000 2.439e+003 6.818e-001 4.593e+001 5.088e-002-1.470e+001 1.164e-001-1.539e-001 9.387e-001-4.315e+002 2.772e+000 8.391e+001
 5.380e+003 2.930e+000 5.100e+001 1.088e-001 1.247e+001-5.583e-002-2.612e+000-2.921e+000 1.070e+004 6.768e+000 2.345e+001 2.006e-002-4.452e+001 2.417e-001 9.323e-001 1.880e-001-1.785e+003 7.802e+000 3.160e+002
 5.500e+003 2.930e+000 3.000e+001 7.948e-002 4.488e+000-2.337e-002-9.142e-001-5.648e+000 1.592e+003 1.582e-001 2.472e+001 2.216e-002-5.163e+000 4.350e-002-8.667e-002 5.779e-001-2.114e+002 8.680e-001 3.518e+001
 5.630e+003 2.930e+000 5.700e+001 1.671e-001 1.974e+001-9.763e-002-4.116e+000-1.881e+001 3.421e+004 2.100e+001-2.410e+002 8.732e-002-1.497e+002 7.417e-001 4.958e+000 3.081e+000-6.020e+003 2.669e+001 1.083e+003
 5.750e+003 2.930e+000 4.500e+001 1.895e-001 1.045e+001-5.473e-002-2.219e+000-2.136e+001 9.864e+003 8.878e-001-2.510e+001 1.116e-001-4.001e+001 2.167e-001 3.023e-001 3.255e+000-1.648e+003 7.064e+000 2.902e+002
 5.880e+003 2.930e+000 3.300e+001 1.810e-001 6.103e+000-6.513e-002-2.151e+000-1.889e+001 4.925e+003 2.595e+000 7.106e+001 9.231e-002-2.237e+001 1.438e-001 9.117e-002 2.654e+000-8.086e+002 4.147e+000 1.506e+002
 6.000e+003 2.930e+000 6.300e+001 4.700e+000-7.176e+001-7.957e-001-1.837e+001-3.480e+002 5.430e+004 8.553e+001 1.324e+003 2.363e+000-2.708e+002 1.866e+000-2.449e+000 3.456e+001-7.392e+003 4.198e+001 1.348e+003
 6.130e+003 2.930e+000 4.800e+001 2.907e-001 2.045e+001-1.159e-001-4.756e+000-3.318e+001 9.164e+003-8.209e-001 8.121e+001 2.164e-001-5.226e+001 3.576e-001-6.402e-001 5.254e+000-1.657e+003 9.756e+000 3.171e+002
 6.250e+003 2.930e+000 3.600e+001 3.081e-001 2.263e+001-1.284e-001-5.240e+000-4.135e+001 1.122e+004 6.140e+000 1.307e+002 1.828e-001-4.982e+001 2.806e-001 6.741e-001 6.653e+000-2.070e+003 9.465e+000 3.989e+002
 6.380e+003 2.930e+000 3.900e+001 1.008e-001 7.903e+000-5.190e-002-1.729e+000-5.957e+000 3.202e+003-1.125e+000 1.349e+001 2.491e-002-1.592e+001 1.229e-001-2.014e-001 6.168e-001-5.250e+002 2.875e+000 9.825e+001
 6.500e+003 2.930e+000 4.500e+001 1.443e-001 1.720e+001-9.245e-002-3.728e+000-1.304e+001 6.069e+003 3.566e+000 1.037e+002 4.992e-002-2.750e+001 1.954e-001 3.662e-001 1.745e+000-1.107e+003 5.596e+000 2.172e+002
 6.630e+003 2.930e+000 3.000e+001 8.398e-002 6.626e+000-2.663e-002-1.571e+000-7.756e+000 3.824e+003-4.204e-001-3.771e+000 2.271e-002-1.545e+001 9.585e-002 1.821e-001 8.029e-001-6.496e+002 2.879e+000 1.258e+002
 6.750e+003 2.930e+000 4.500e+001 1.501e-001 1.698e+001-8.895e-002-3.895e+000-1.114e+001 6.036e+003 3.478e+000 6.983e+000 5.176e-002-3.602e+001 2.940e-001 1.189e+000 1.562e+000-1.233e+003 7.560e+000 2.696e+002
 6.880e+003 2.930e+000 4.200e+001 9.098e-002 1.046e+001-5.225e-002-2.350e+000 3.173e-001 4.799e+003 2.442e+000 1.913e+001-8.228e-003-2.101e+001 1.406e-001 5.027e-001-3.556e-001-8.711e+002 4.153e+000 1.722e+002
 7.000e+003 2.930e+000 3.600e+001 9.164e-002 5.592e+000-4.496e-002-1.482e+000-2.146e+000 1.749e+003 2.555e+000 2.210e+001 1.158e-002-1.039e+001 1.152e-001 3.973e-001 5.006e-002-3.460e+002 2.365e+000 7.935e+001
 7.130e+003 2.930e+000 4.200e+001 1.030e-001 8.429e+000-5.284e-002-2.214e+000-2.462e+000 3.389e+003 3.679e+000 1.264e+001-8.489e-003-1.712e+001 1.670e-001 9.751e-001 1.626e-001-6.073e+002 3.495e+000 1.268e+002
 7.250e+003 2.930e+000 3.900e+001 9.035e-002 5.914e+000-5.184e-002-1.655e+000-5.369e+000 2.447e+003 5.145e+000 7.436e+001 1.525e-002-1.483e+001 1.686e-001 6.577e-001 2.988e-001-4.250e+002 3.187e+000 9.183e+001
 7.380e+003 2.930e+000 2.700e+001 7.622e-002 5.071e+000-4.816e-002-1.428e+000-5.102e+000 1.784e+003 1.195e+000 4.513e+001 3.279e-002-1.170e+001 1.391e-001 5.375e-002 6.029e-001-3.228e+002 2.518e+000 6.905e+001
 7.500e+003 2.930e+000 3.000e+001 1.642e-001 3.238e+000-3.219e-002-1.427e+000-1.190e+001 2.534e+003 1.526e+000 5.554e+001 6.501e-002-1.347e+001 1.208e-001-1.546e-001 1.179e+000-4.099e+002 2.561e+000 8.815e+001
 7.630e+003 2.930e+000 5.400e+001 3.180e-001 7.928e+000-1.265e-001-3.661e+000-1.590e+001 3.290e+003 8.976e+000 1.624e+002 1.135e-001-2.154e+001 2.831e-001-1.741e-001 5.732e-001-5.360e+002 4.626e+000 1.353e+002
 7.750e+003 2.930e+000 2.700e+001 2.255e-001 1.288e+001-1.392e-001-4.119e+000-1.013e+001 2.810e+003 3.713e+000 1.433e+002 5.501e-002-1.772e+001 1.989e-001-8.197e-001 1.448e-001-4.995e+002 4.229e+000 1.264e+002
 7.880e+003 2.930e+000 5.700e+001 3.581e+000-1.943e+001-1.452e+000-3.362e+001-2.004e+002 1.549e+004 8.051e+001 2.117e+003 1.710e+000-1.198e+002 1.865e+000-1.524e+001 1.591e+001-1.859e+003 3.004e+001 7.925e+002
 8.000e+003 2.930e+000 6.300e+001 2.230e+001 2.033e+002-1.359e+001-3.306e+002-1.219e+003 7.454e+004 6.196e+002 1.834e+004 1.293e+001-8.668e+002 1.639e+001-2.073e+002-1.105e+001-3.800e+003 2.037e+002 5.456e+003
 8.130e+003 2.930e+000 3.600e+001 9.950e-001 1.386e+000-5.036e-001-1.041e+001-5.608e+001 5.032e+003 2.948e+001 6.237e+002 5.321e-001-4.178e+001 6.875e-001-4.471e+000 2.435e+000-5.292e+002 9.182e+000 2.146e+002
 8.250e+003 2.930e+000 3.900e+001 3.030e-001 5.645e+000-1.874e-001-3.444e+000-1.720e+001 1.950e+003 8.012e+000 1.875e+002 1.630e-001-1.857e+001 3.297e-001-1.339e+000 6.425e-001-2.270e+002 3.934e+000 7.413e+001
 8.380e+003 2.930e+000 3.900e+001 1.148e-001 1.005e+001-7.961e-002-2.562e+000-5.804e+000 4.277e+003 6.573e+000 9.017e+001 2.023e-002-2.153e+001 2.000e-001 9.441e-001 4.035e-001-7.392e+002 4.519e+000 1.617e+002
 8.500e+003 2.930e+000 3.300e+001 1.057e-001 1.059e+000-1.430e-002-8.254e-001-5.316e+000 1.084e+003 3.788e+000 4.269e+001 1.538e-002-7.663e+000 1.379e-001 6.112e-001 3.922e-001-1.844e+002 1.862e+000 4.795e+001
 8.630e+003 2.930e+000 3.300e+001 8.211e-002 5.377e+000-4.173e-002-1.424e+000-1.535e+000 1.743e+003 3.433e+000 3.433e+001 1.193e-003-1.293e+001 1.803e-001 8.798e-001-2.750e-001-2.981e+002 2.946e+000 7.558e+001
 8.750e+003 2.930e+000 3.900e+001 8.539e-002 1.303e+000-2.038e-002-5.967e-001-4.359e+000 1.059e+003 2.457e+000 8.297e+000 2.627e-002-7.441e+000 1.267e-001 6.522e-001 5.370e-001-1.924e+002 1.680e+000 4.689e+001
 8.880e+003 2.930e+000 3.000e+001 7.167e-002 2.766e+000-2.316e-002-1.185e+000-1.086e+000 9.682e+002 3.655e+000 2.698e+000-9.313e-003-6.036e+000 1.127e-001 9.561e-001 1.863e-002-1.882e+002 1.391e+000 4.947e+001
 9.000e+003 2.930e+000 4.200e+001 9.698e-002 8.635e+000-6.062e-002-2.075e+000-1.173e+000 2.888e+003 2.511e+000-1.292e+001-1.801e-002-1.913e+001 2.039e-001 8.989e-001-3.027e-001-5.073e+002 4.036e+000 1.119e+002
 9.130e+003 2.930e+000 4.200e+001 6.162e-002 3.441e+000-3.947e-002-9.541e-001 8.201e-001 1.404e+003 2.433e+000-4.766e+001-2.462e-002-1.192e+001 1.933e-001 1.321e+000-4.021e-001-2.913e+002 3.016e+000 7.997e+001
 9.250e+003 2.930e+000 3.000e+001 6.437e-002 2.382e+000-3.578e-002-9.126e-001-3.155e+000 1.778e+003 2.259e+000-3.939e+001 1.132e-002-1.369e+001 1.784e-001 1.174e+000 3.719e-001-3.422e+002 3.246e+000 8.665e+001
 9.380e+003 2.930e+000 5.100e+001 8.899e-002 5.007e+000-5.049e-002-1.368e+000-5.677e+000 2.939e+003 5.560e+000-6.669e+001 2.492e-002-2.164e+001 2.484e-001 2.183e+000 9.192e-001-6.092e+002 4.897e+000 1.503e+002
 9.500e+003 2.930e+000 3.300e+001 6.975e-002 8.331e-001-5.080e-003-4.212e-001-2.960e+000 2.879e+003 4.084e+000-1.113e+002 9.503e-003-2.016e+001 2.125e-001 2.201e+000 2.431e-002-5.149e+002 3.858e+000 1.173e+002
 9.630e+003 2.930e+000 3.600e+001 1.060e-001 7.327e+000-3.007e-002-1.406e+000-8.894e+000 3.332e+003-1.710e+000-8.651e+001 4.625e-002-2.134e+001 1.829e-001 6.086e-001 1.281e+000-5.862e+002 4.115e+000 1.191e+002
 9.750e+003 2.930e+000 4.500e+001 5.680e-002 1.562e+000-2.044e-002-7.287e-001-8.878e-001 1.396e+003 1.954e+000-3.140e+001-7.482e-003-9.285e+000 1.340e-001 9.763e-001-1.270e-001-2.694e+002 2.319e+000 7.179e+001
 9.880e+003 2.930e+000 3.900e+001 8.221e-002 1.695e+000-1.486e-002-7.623e-001-3.852e+000 5.156e+003 3.357e-002-1.869e+002 1.813e-002-3.226e+001 2.538e-001 1.333e+000 4.142e-001-8.704e+002 5.879e+000 1.739e+002
 1.000e+004 2.930e+000 1.380e+002 3.752e-001 6.818e+000-4.726e-002-4.388e+000-4.952e+000 6.981e+003 1.488e+001-1.469e+002-7.947e-002-6.919e+001 1.186e+000 7.371e+000-5.455e-001-1.620e+003 1.973e+001 5.169e+002
 1.130e+004 2.930e+000 2.940e+002 7.648e-001 1.768e+001-2.689e-001-7.741e+000-3.305e+001 1.311e+004 2.816e+001-3.760e+002 6.929e-002-1.326e+002 2.080e+000 1.592e+001 4.576e+000-3.039e+003 3.660e+001 9.201e+002
 1.250e+004 2.930e+000 3.240e+002 1.720e+000-2.504e+001 5.621e-001 3.114e+000-1.852e+001 1.089e+004-3.930e+000-1.627e+002-5.326e-001-1.195e+002 2.381e+000 5.668e+000 3.125e+000-2.625e+003 3.558e+001 8.666e+002
 1.380e+004 2.930e+000 2.400e+002 5.895e+000-1.252e+002 1.785e+000 1.412e+001-2.629e+001 1.019e+004-3.215e+001 1.288e+002-1.706e+000-1.038e+002 2.238e+000-3.053e+000 1.335e+001-1.977e+003 1.951e+001 5.105e+002
 1.500e+004 2.930e+000 2.640e+002 1.450e+000 3.511e+000-6.677e-002-6.637e+000-1.264e+001 8.445e+003 2.296e+001-1.821e+002-2.565e-001-8.538e+001 1.540e+000 1.266e+001 4.240e-001-2.037e+003 2.462e+001 6.312e+002
 1.630e+004 2.930e+000 2.850e+002 3.424e+001-4.351e+002 4.134e+000-1.047e+001-6.104e+001 1.027e+004-1.148e+002 9.176e+001-8.986e+000-9.372e+001 4.066e+000 6.163e+000 1.792e+001-1.082e+003 1.059e+001 4.076e+002
 1.750e+004 2.930e+000 2.940e+002 2.611e+001-3.750e+002 2.427e+000-4.203e+001 9.726e+001 7.622e+003-8.368e+001-4.267e+002-6.951e+000-8.347e+001 2.776e+000 1.509e+001-2.175e+001 3.412e+001 9.652e+000 2.976e+002
 1.880e+004 2.930e+000 2.880e+002 1.753e+001-2.331e+002 8.661e-001-4.584e+001-1.972e+001 3.894e+003-4.263e+001-3.613e+001-3.496e+000-1.950e+001 1.300e+000 1.210e+001-4.253e+000 4.510e+002 3.054e+000 2.380e+002
 2.000e+004 2.930e+000 4.110e+002 1.822e+001-2.133e+002 1.768e+000-6.198e+001 8.346e+001 2.538e+004 1.566e+002-2.960e+003-6.776e+000-6.084e+002 1.941e+001 2.067e+002-5.164e+001-1.161e+004 2.951e+002 7.187e+003
 2.130e+004 2.930e+000 2.550e+002 1.199e+001-1.490e+002 3.957e-001-3.087e+001-1.516e+001 2.270e+003-2.852e+001 1.197e+002-2.485e+000-9.322e+000 9.905e-001 8.129e+000 3.600e+000 2.246e+002 2.786e+000 1.870e+002
 2.250e+004 2.930e+000 3.870e+002 2.038e+001-2.989e+002 4.369e-001-5.841e+001-1.132e+001 5.110e+003-6.656e+001-9.722e+001-4.584e+000-9.101e+000 1.464e+000 1.299e+001-9.291e+000 8.119e+002 4.571e+000 3.432e+002
 2.380e+004 2.930e+000 5.280e+002 2.011e+002-3.227e+003-1.345e+000-2.847e+002-1.173e+003 5.982e+004-3.991e+002 5.031e+003-2.575e+001 1.590e+002 4.014e+000 4.003e+001 2.085e+002 3.140e+003-2.145e+001 7.326e+002
 2.500e+004 2.930e+000 3.870e+002 1.257e+001-1.194e+002-2.021e+000-9.531e+001-6.591e+000 1.554e+003-4.130e+001-3.418e+002-3.950e+000 6.686e+000 2.572e+000 3.378e+001-1.925e+001 6.357e+002 3.811e+001 1.179e+003
 2.630e+004 2.930e+000 3.330e+002 1.087e+001-1.549e+002 7.603e-002-1.465e+001 2.423e+001 2.638e+003-3.789e+001 9.937e+001-2.620e+000-8.166e+000 8.500e-001 3.404e+000 6.322e+000 2.287e+002-1.346e+000 5.525e+001
 2.750e+004 2.930e+000 2.970e+002 7.186e+000-1.037e+002 9.718e-002-8.064e+000 2.148e+001 1.750e+003-2.725e+001 6.404e+001-1.863e+000-9.937e+000 7.265e-001 2.456e+000 5.979e+000 1.222e+002-1.308e+000 2.853e+001
 2.880e+004 2.930e+000 1.860e+002 1.470e+000-2.083e+001 1.583e-002-1.983e+000 1.897e+000 4.246e+002-4.736e+000 6.997e+000-3.640e-001-3.193e+000 2.560e-001 1.074e+000 1.057e+000 6.168e+000 6.231e-001 2.126e+001
 3.000e+004 2.930e+000 1.800e+002 2.667e+000-3.514e+001-5.619e-002-3.801e+000 6.467e+000 5.767e+002-9.341e+000 2.823e+001-6.926e-001-1.754e+000 2.649e-001 1.136e+000 2.652e+000 4.786e+001-5.461e-001 1.309e+001
 3.130e+004 2.930e+000 1.950e+002 7.418e+000-1.253e+002-1.998e-003-5.296e+000 1.459e+001 2.282e+003-3.324e+001 2.456e+002-1.930e+000-4.739e+000 5.901e-001 1.283e+000 1.447e+001 9.958e+001-3.632e+000 4.099e+001
 3.250e+004 2.930e+000 2.880e+002 1.315e+001-2.416e+002 3.742e-001-8.917e+000 2.784e+001 4.694e+003-6.536e+001 4.960e+002-3.570e+000-1.602e+001 1.110e+000 1.560e+000 2.700e+001 1.865e+002-7.292e+000 7.686e+001
 3.380e+004 2.930e+000 2.160e+002 2.218e+000-3.009e+001-2.192e-002-2.191e+000 1.127e+001 5.211e+002-9.345e+000 6.353e+000-6.630e-001-3.574e+000 2.938e-001 7.347e-001 1.211e+000 3.072e+001-2.967e-001 5.803e+000
 3.500e+004 2.930e+000 6.900e+001 4.545e-002-1.203e-001-3.494e-003-7.543e-002 1.259e-001 6.513e+000-1.767e-002-2.464e-001-1.004e-002-1.297e-001 2.657e-002 3.915e-002-1.834e-002-4.412e-001 3.899e-002 4.890e-001
 3.630e+004 2.930e+000 2.490e+002 1.236e+000-1.666e+001-3.766e-002-1.187e+000 5.819e+000 2.880e+002-5.329e+000 3.333e+000-3.756e-001-1.729e+000 2.155e-001 5.067e-001 6.652e-001 1.290e+001 3.867e-002 6.007e+000
 3.750e+004 2.930e+000 2.130e+002 2.176e+000-3.342e+001-2.188e-002-2.661e+000 6.675e+000 5.631e+002-8.885e+000 2.942e+001-5.589e-001-1.636e+000 2.073e-001 7.275e-001 2.334e+000 4.653e+001-5.544e-001 8.633e+000
 3.880e+004 2.930e+000 1.260e+002 6.524e-001-9.785e+000 7.464e-004-6.962e-001 1.937e+000 1.645e+002-2.499e+000 7.360e+000-1.588e-001-6.091e-001 8.150e-002 1.929e-001 6.226e-001 1.257e+001-1.503e-001 2.019e+000
 4.000e+004 2.930e+000 3.990e+002 3.400e+000-1.048e+002 7.391e-001-1.635e+000-4.586e+000 3.735e+003-2.714e+001 2.508e+002-7.955e-001-2.792e+001 5.501e-001-1.509e+000 7.083e+000 1.040e+001-1.693e+000 2.378e+001
 4.130e+004 2.930e+000 1.020e+002 1.839e-001-2.602e+000 7.907e-003-1.615e-001 1.484e-001 4.443e+001-5.000e-001 1.478e+000-3.341e-002-1.451e-001 2.911e-002 2.568e-002 1.245e-001 2.216e+000-3.665e-002 6.977e-001
 4.250e+004 2.930e+000 1.560e+002 4.795e-001-6.805e+000 3.364e-003-5.052e-001 2.902e-002 1.092e+002-1.701e+000 4.972e+000-1.158e-001-7.264e-002 6.628e-002 1.616e-001 3.273e-001 6.269e+000-7.679e-002 2.078e+000
 4.380e+004 2.930e+000 2.310e+002 5.409e-001-7.453e+000-2.040e-003-5.522e-001-5.227e-001 1.151e+002-1.828e+000 5.147e+000-1.292e-001 8.423e-002 7.850e-002 1.491e-001 3.237e-001 6.743e+000-5.783e-002 2.066e+000
 4.500e+004 2.930e+000 6.600e+001 1.080e-002-5.004e-002 2.610e-004 0.000e+000-2.025e-003 1.446e+000 3.272e-003 0.000e+000 1.688e-003-5.432e-003 1.255e-002 0.000e+000 0.000e+000 0.000e+000 0.000e+000 0.000e+000
 4.630e+004 2.930e+000 9.900e+001 4.512e-002-4.700e-001 2.483e-003 0.000e+000-1.326e-002 7.556e+000-2.649e-002 0.000e+000-1.553e-003-5.206e-002 1.820e-002 0.000e+000 0.000e+000 0.000e+000 0.000e+000 0.000e+000
 4.750e+004 2.930e+000 4.230e+002 4.005e+000-1.365e+002 1.446e+000 1.056e+001 1.156e+001 4.793e+003-3.122e+001 1.560e+002-1.024e+000-5.361e+001 8.826e-001-4.060e+000 3.511e+000-3.656e+002 3.146e+000 3.722e+001
 4.880e+004 2.930e+000 2.700e+002 1.049e+000-3.525e+001 3.610e-001 2.601e+000 4.156e+000 1.253e+003-8.317e+000 3.320e+001-2.806e-001-1.391e+001 2.540e-001-9.437e-001 6.266e-001-9.191e+001 8.287e-001 9.551e+000
 5.000e+004 2.930e+000 7.800e+001 2.519e-002-3.052e-001 3.845e-003 0.000e+000-2.034e-002 5.184e+000-7.959e-002 0.000e+000-5.577e-003-3.556e-002 1.037e-002 0.000e+000 0.000e+000 0.000e+000 0.000e+000 0.000e+000
 5.130e+004 2.930e+000 5.100e+001 1.056e-002-6.059e-002 1.983e-003 0.000e+000 8.073e-003 8.327e-001-2.205e-002 0.000e+000-2.239e-003-1.662e-002 7.578e-003 0.000e+000 0.000e+000 0.000e+000 0.000e+000 0.000e+000
 5.250e+004 2.930e+000 7.200e+001 1.369e-002-1.199e-001 1.474e-003 0.000e+000-3.476e-003 2.400e+000-5.397e-003 0.000e+000 8.304e-004-2.107e-002 1.057e-002 0.000e+000 0.000e+000 0.000e+000 0.000e+000 0.000e+000
 5.380e+004 2.930e+000 6.000e+001 1.320e-002-3.392e-001 1.068e-003 1.483e-002-1.969e-001 2.331e+001 1.478e-001 1.905e-001 3.691e-003-2.140e-001 9.035e-003 9.784e-003 1.818e-002-1.493e+000 1.526e-002 2.223e-001
 5.500e+004 2.930e+000 4.500e+001 7.084e-003-1.472e-001 2.560e-003 2.105e-002 4.599e-002 1.022e+001 3.694e-003 5.861e-001-8.971e-004-1.885e-001 8.333e-003-6.737e-003 1.253e-003-1.573e+000 3.627e-002 4.318e-001
 5.630e+004 2.930e+000 1.770e+002 1.047e-001-5.501e+000 9.366e-002 1.702e+000 3.337e+000 5.245e+002 4.461e-001 4.525e+001-4.851e-002-8.718e+000 1.644e-001-6.298e-001-4.047e-001-1.404e+002 2.393e+000 4.359e+001
 5.750e+004 2.930e+000 5.100e+001 6.467e-003-4.043e-002 6.831e-004 0.000e+000-1.153e-002 7.736e-001-7.683e-003 0.000e+000-4.337e-004-4.117e-003 4.776e-003 0.000e+000 0.000e+000 0.000e+000 0.000e+000 0.000e+000
 5.880e+004 2.930e+000 3.900e+001 6.812e-003-4.105e-002 1.447e-004 0.000e+000 7.280e-003 6.174e-001-5.234e-003 0.000e+000-2.864e-004-8.898e-004 3.247e-003 0.000e+000 0.000e+000 0.000e+000 0.000e+000 0.000e+000
 6.000e+004 2.930e+000 4.200e+001 1.006e-002-1.033e-001 4.772e-004 0.000e+000-1.358e-002 1.486e+000-2.442e-002 0.000e+000-2.143e-003-2.047e-003 4.491e-003 0.000e+000 0.000e+000 0.000e+000 0.000e+000 0.000e+000
 6.130e+004 2.930e+000 3.000e+001 5.635e-003-4.355e-002 4.618e-004 0.000e+000 1.215e-003 6.668e-001-4.025e-003 0.000e+000-1.044e-004-3.855e-003 2.567e-003 0.000e+000 0.000e+000 0.000e+000 0.000e+000 0.000e+000
 6.250e+004 2.930e+000 5.400e+001 1.181e-002-1.083e-001 4.814e-004 0.000e+000-1.477e-002 1.462e+000-1.007e-002 0.000e+000-4.968e-004-1.209e-002 4.141e-003 0.000e+000 0.000e+000 0.000e+000 0.000e+000 0.000e+000
 6.380e+004 2.930e+000 1.440e+002 8.161e-002-3.801e+000 3.699e-002 2.596e-001-3.361e-001 2.447e+002 8.347e-002 2.218e+001 7.313e-004-2.520e+000 3.816e-002-2.172e-001 3.283e-001-2.018e+001 2.352e-001 4.343e+000
 6.500e+004 2.930e+000 5.100e+001 1.117e-002-1.040e-001 9.029e-004 0.000e+000-5.087e-003 1.947e+000-7.383e-003 0.000e+000-1.646e-003-9.079e-003 3.163e-003 0.000e+000 0.000e+000 0.000e+000 0.000e+000 0.000e+000
 6.630e+004 2.930e+000 4.500e+001 9.863e-003-9.776e-002 5.435e-004 0.000e+000-2.594e-002 1.348e+000-1.476e-002 0.000e+000-7.005e-004-3.416e-003 3.666e-003 0.000e+000 0.000e+000 0.000e+000 0.000e+000 0.000e+000
 6.750e+004 2.930e+000 1.320e+002 4.024e-002-4.896e-001 1.217e-003 0.000e+000-5.910e-002 7.755e+000-4.229e-002 0.000e+000-3.044e-003-1.697e-002 8.249e-003 0.000e+000 0.000e+000 0.000e+000 0.000e+000 0.000e+000
 6.880e+004 2.930e+000 7.800e+001 2.034e-002 1.184e-001 5.569e-003-2.570e-001 4.333e-001 2.584e+001 7.647e-001-4.606e+000-2.852e-002-1.118e+000 8.167e-002 7.992e-001-3.079e-001-1.777e+001 6.891e-001 1.487e+001
 7.000e+004 2.930e+000 8.100e+001 1.856e-002-1.935e-001 1.463e-003 0.000e+000-3.395e-002 2.648e+000-2.899e-002 0.000e+000-2.199e-003-1.471e-002 4.131e-003 0.000e+000 0.000e+000 0.000e+000 0.000e+000 0.000e+000
 7.130e+004 2.930e+000 5.700e+001 6.486e-003-8.471e-002 3.605e-004 0.000e+000-2.118e-002 2.084e+000-9.919e-003 0.000e+000-5.968e-004-1.837e-002 3.625e-003 0.000e+000 0.000e+000 0.000e+000 0.000e+000 0.000e+000
 7.250e+004 2.930e+000 9.900e+001 2.232e-002-5.419e-001 4.291e-003 2.640e-002-2.920e-002 2.305e+001 5.867e-003 1.453e+000-1.261e-003-2.199e-001 7.725e-003-1.089e-002 2.636e-002-1.619e+000 2.297e-002 3.572e-001
 7.380e+004 2.930e+000 6.600e+001 9.778e-003-9.870e-002 1.347e-003 0.000e+000-4.153e-002 1.671e+000-1.809e-002 0.000e+000-1.008e-003-7.939e-003 3.172e-003 0.000e+000 0.000e+000 0.000e+000 0.000e+000 0.000e+000
 7.500e+004 2.930e+000 2.700e+001 6.054e-003-7.346e-002 7.024e-004 0.000e+000-1.324e-002 1.164e+000-1.951e-002 0.000e+000-7.662e-004-6.870e-003 1.234e-003 0.000e+000 0.000e+000 0.000e+000 0.000e+000 0.000e+000
 7.630e+004 2.930e+000 6.900e+001 1.526e-002-1.992e-001 1.464e-003 0.000e+000-5.653e-002 3.363e+000-4.895e-002 0.000e+000-2.845e-003-5.831e-003 3.369e-003 0.000e+000 0.000e+000 0.000e+000 0.000e+000 0.000e+000
 7.750e+004 2.930e+000 3.600e+001 3.817e-003-4.138e-002 4.501e-004 0.000e+000-1.355e-002 6.830e-001-8.688e-003 0.000e+000-3.512e-004-3.876e-003 1.120e-003 0.000e+000 0.000e+000 0.000e+000 0.000e+000 0.000e+000
 7.880e+004 2.930e+000 3.600e+001 5.174e-003-5.289e-002 6.875e-004 0.000e+000-1.564e-002 8.972e-001-1.690e-002 0.000e+000-7.414e-004-1.008e-002 1.252e-003 0.000e+000 0.000e+000 0.000e+000 0.000e+000 0.000e+000
 8.000e+004 2.930e+000 1.320e+002 2.676e-002-3.840e-001 3.328e-003 0.000e+000 7.218e-002 8.604e+000-6.592e-002 0.000e+000-4.554e-003-9.483e-002 5.566e-003 0.000e+000 0.000e+000 0.000e+000 0.000e+000 0.000e+000
 8.130e+004 2.930e+000 3.600e+001 2.868e-003-2.484e-002 4.434e-005 0.000e+000-1.031e-002 5.675e-001-3.665e-003 0.000e+000-1.417e-004-2.992e-003 1.266e-003 0.000e+000 0.000e+000 0.000e+000 0.000e+000 0.000e+000
 8.250e+004 2.930e+000 2.700e+001 3.272e-003-3.232e-002 4.003e-004 0.000e+000-1.114e-002 5.411e-001-4.369e-003 0.000e+000-5.335e-006-5.486e-003 8.760e-004 0.000e+000 0.000e+000 0.000e+000 0.000e+000 0.000e+000
 8.380e+004 2.930e+000 6.000e+001 7.015e-003-6.359e-002 1.032e-005 0.000e+000-1.569e-002 1.001e+000-4.325e-003 0.000e+000-4.158e-004 1.283e-003 1.166e-003 0.000e+000 0.000e+000 0.000e+000 0.000e+000 0.000e+000
 8.500e+004 2.930e+000 2.700e+001 2.217e-003-1.834e-002 5.836e-005 0.000e+000-7.548e-003 3.627e-001-1.616e-003 0.000e+000-1.150e-004 4.778e-003 6.166e-004 0.000e+000 0.000e+000 0.000e+000 0.000e+000 0.000e+000
 8.630e+004 2.930e+000 4.200e+001 4.316e-003-4.601e-002 1.288e-004 0.000e+000-7.754e-003 7.557e-001-4.226e-003 0.000e+000-3.125e-004-1.608e-003 7.255e-004 0.000e+000 0.000e+000 0.000e+000 0.000e+000 0.000e+000
 8.750e+004 2.930e+000 4.500e+001 3.067e-003-3.151e-002 1.464e-004 0.000e+000 1.441e-003 6.244e-001-2.732e-003 0.000e+000-3.351e-004-4.115e-003 8.692e-004 0.000e+000 0.000e+000 0.000e+000 0.000e+000 0.000e+000
 8.880e+004 2.930e+000 3.300e+001 1.317e-003-1.539e-002 6.724e-005 0.000e+000-3.017e-003 4.650e-001 2.827e-003 0.000e+000 4.150e-005-5.711e-003 7.802e-004 0.000e+000 0.000e+000 0.000e+000 0.000e+000 0.000e+000
 9.000e+004 2.930e+000 5.100e+001 1.708e-003-6.704e-003-2.016e-004-1.655e-003-1.964e-003 3.617e-001 9.844e-004 0.000e+000-3.071e-004-4.190e-003 1.760e-003 7.141e-004-7.980e-004-3.785e-002 7.135e-003 9.491e-002
 9.130e+004 2.930e+000 3.300e+001 1.040e-003-6.310e-003 2.052e-004 1.107e-003 8.622e-004 2.064e-001 2.780e-003 0.000e+000-1.163e-004-4.590e-003 6.840e-004 1.191e-003-2.805e-003-3.766e-002 2.795e-003 5.648e-002
 9.250e+004 2.930e+000 3.000e+001 1.160e-003-7.644e-003-4.845e-005-1.272e-003-4.114e-003 2.225e-001 1.792e-003 1.852e-002-1.916e-004-8.834e-004 6.485e-004 1.224e-003-9.670e-004-1.849e-002 1.986e-003 7.401e-002
 9.380e+004 2.930e+000 4.200e+001 1.960e-003-9.287e-003 2.239e-006-1.321e-003-9.038e-003 3.472e-001 2.582e-003 0.000e+000-3.246e-004-3.337e-003 1.410e-003 1.292e-003-1.878e-003 0.000e+000 3.648e-003 5.489e-002
 9.500e+004 2.930e+000 3.000e+001 1.092e-003-5.573e-003 2.932e-004 6.508e-004 6.486e-004 1.984e-001-2.007e-003 0.000e+000-3.802e-004-4.968e-003 9.105e-004 3.950e-004-1.335e-003-5.427e-002 2.951e-003 5.427e-002
 9.630e+004 2.930e+000 0.000e+000 0.000e+000 0.000e+000 0.000e+000 0.000e+000 0.000e+000 0.000e+000 0.000e+000 0.000e+000 0.000e+000 0.000e+000 0.000e+000 0.000e+000 0.000e+000 0.000e+000 0.000e+000 0.000e+000
 9.750e+004 2.930e+000 0.000e+000 0.000e+000 0.000e+000 0.000e+000 0.000e+000 0.000e+000 0.000e+000 0.000e+000 0.000e+000 0.000e+000 0.000e+000 0.000e+000 0.000e+000 0.000e+000 0.000e+000 0.000e+000 0.000e+000
 9.880e+004 2.930e+000 0.000e+000 0.000e+000 0.000e+000 0.000e+000 0.000e+000 0.000e+000 0.000e+000 0.000e+000 0.000e+000 0.000e+000 0.000e+000 0.000e+000 0.000e+000 0.000e+000 0.000e+000 0.000e+000 0.000e+000
 1.000e+005 2.930e+000 0.000e+000 0.000e+000 0.000e+000 0.000e+000 0.000e+000 0.000e+000 0.000e+000 0.000e+000 0.000e+000 0.000e+000 0.000e+000 0.000e+000 0.000e+000 0.000e+000 0.000e+000 0.000e+000 0.000e+000
