 6.250e+000 2.930e+000 0.000e+000 0.000e+000 0.000e+000 0.000e+000 0.000e+000 0.000e+000 0.000e+000 0.000e+000 0.000e+000 0.000e+000 0.000e+000 0.000e+000 0.000e+000 0.000e+000 0.000e+000 0.000e+000 0.000e+000
 7.500e+000 2.930e+000 0.000e+000 0.000e+000 0.000e+000 0.000e+000 0.000e+000 0.000e+000 0.000e+000 0.000e+000 0.000e+000 0.000e+000 0.000e+000 0.000e+000 0.000e+000 0.000e+000 0.000e+000 0.000e+000 0.000e+000
 8.750e+000 2.930e+000 0.000e+000 0.000e+000 0.000e+000 0.000e+000 0.000e+000 0.000e+000 0.000e+000 0.000e+000 0.000e+000 0.000e+000 0.000e+000 0.000e+000 0.000e+000 0.000e+000 0.000e+000 0.000e+000 0.000e+000
 1.000e+001 2.930e+000 0.000e+000 0.000e+000 0.000e+000 0.000e+000 0.000e+000 0.000e+000 0.000e+000 0.000e+000 0.000e+000 0.000e+000 0.000e+000 0.000e+000 0.000e+000 0.000e+000 0.000e+000 0.000e+000 0.000e+000
 1.130e+001 2.930e+000 2.700e+001 6.058e+001 1.174e+002 2.496e+001 6.279e+002-1.688e+003 1.794e+005-1.728e+003-2.280e+004 2.075e+001 1.398e+002 1.264e+002 1.838e+003 3.467e+002 1.302e+004 1.067e+003 1.037e+005
 1.250e+001 2.930e+000 0.000e+000 0.000e+000 0.000e+000 0.000e+000 0.000e+000 0.000e+000 0.000e+000 0.000e+000 0.000e+000 0.000e+000 0.000e+000 0.000e+000 0.000e+000 0.000e+000 0.000e+000 0.000e+000 0.000e+000
 1.380e+001 2.930e+000 0.000e+000 0.000e+000 0.000e+000 0.000e+000 0.000e+000 0.000e+000 0.000e+000 0.000e+000 0.000e+000 0.000e+000 0.000e+000 0.000e+000 0.000e+000 0.000e+000 0.000e+000 0.000e+000 0.000e+000
 1.500e+001 2.930e+000 2.700e+001 6.173e+001-4.433e+002 1.980e+001 1.248e+002-1.856e+003 1.402e+005-7.373e+002 5.584e+003-1.701e+001 1.112e+003 1.642e+002 1.358e+003 7.246e+001 1.699e+003 6.018e+002 5.228e+004
 1.630e+001 2.930e+000 0.000e+000 0.000e+000 0.000e+000 0.000e+000 0.000e+000 0.000e+000 0.000e+000 0.000e+000 0.000e+000 0.000e+000 0.000e+000 0.000e+000 0.000e+000 0.000e+000 0.000e+000 0.000e+000 0.000e+000
 1.750e+001 2.930e+000 2.400e+001 2.481e+001-1.935e+002 8.169e+000-2.532e+001-1.058e+003 1.045e+005-5.044e+002 5.261e+003-5.755e+000 8.467e+002 7.440e+001 4.947e+002 1.267e+002-5.454e+003 3.241e+002 2.745e+004
 1.880e+001 2.930e+000 0.000e+000 0.000e+000 0.000e+000 0.000e+000 0.000e+000 0.000e+000 0.000e+000 0.000e+000 0.000e+000 0.000e+000 0.000e+000 0.000e+000 0.000e+000 0.000e+000 0.000e+000 0.000e+000 0.000e+000
 2.000e+001 2.930e+000 2.700e+001 5.072e+001-3.120e+002 2.673e+001 4.034e+001-1.164e+003 8.290e+004 8.053e+001 7.699e+003-1.568e+001 3.513e+002 1.114e+002 9.125e+002 3.923e+002-1.384e+004 5.042e+002 3.170e+004
 2.130e+001 2.930e+000 0.000e+000 0.000e+000 0.000e+000 0.000e+000 0.000e+000 0.000e+000 0.000e+000 0.000e+000 0.000e+000 0.000e+000 0.000e+000 0.000e+000 0.000e+000 0.000e+000 0.000e+000 0.000e+000 0.000e+000
 2.250e+001 2.930e+000 0.000e+000 0.000e+000 0.000e+000 0.000e+000 0.000e+000 0.000e+000 0.000e+000 0.000e+000 0.000e+000 0.000e+000 0.000e+000 0.000e+000 0.000e+000 0.000e+000 0.000e+000 0.000e+000 0.000e+000
 2.380e+001 2.930e+000 2.700e+001 3.544e+001-2.636e+002 2.733e+000 1.392e+002-9.966e+002 9.011e+004 5.126e+002 8.137e+003 4.306e+000 1.586e+002 6.464e+001 4.364e+002 3.038e+002-1.282e+004 3.103e+002 1.915e+004
 2.500e+001 2.930e+000 0.000e+000 0.000e+000 0.000e+000 0.000e+000 0.000e+000 0.000e+000 0.000e+000 0.000e+000 0.000e+000 0.000e+000 0.000e+000 0.000e+000 0.000e+000 0.000e+000 0.000e+000 0.000e+000 0.000e+000
 2.630e+001 2.930e+000 2.700e+001 4.212e+001-1.321e+002 1.191e+001 2.176e+002-1.227e+003 8.575e+004 3.340e+002 3.510e+003 1.263e+001-1.742e+002 1.325e+002 1.311e+003 2.477e+002-1.530e+004 9.115e+002 2.877e+004
 2.750e+001 2.930e+000 0.000e+000 0.000e+000 0.000e+000 0.000e+000 0.000e+000 0.000e+000 0.000e+000 0.000e+000 0.000e+000 0.000e+000 0.000e+000 0.000e+000 0.000e+000 0.000e+000 0.000e+000 0.000e+000 0.000e+000
 2.880e+001 2.930e+000 2.700e+001 5.055e+001-1.805e+002 2.949e+000-7.025e+000-1.832e+003 1.019e+005 2.567e+002 5.062e+003-1.160e+001 5.671e+002 5.924e+001 5.348e+002 4.368e+002-1.962e+004 1.150e+002 1.904e+004
 3.000e+001 2.930e+000 0.000e+000 0.000e+000 0.000e+000 0.000e+000 0.000e+000 0.000e+000 0.000e+000 0.000e+000 0.000e+000 0.000e+000 0.000e+000 0.000e+000 0.000e+000 0.000e+000 0.000e+000 0.000e+000 0.000e+000
 3.130e+001 2.930e+000 0.000e+000 0.000e+000 0.000e+000 0.000e+000 0.000e+000 0.000e+000 0.000e+000 0.000e+000 0.000e+000 0.000e+000 0.000e+000 0.000e+000 0.000e+000 0.000e+000 0.000e+000 0.000e+000 0.000e+000
 3.250e+001 2.930e+000 2.400e+001 5.852e+001-1.630e+001 2.548e+000-1.184e+002-1.520e+003 6.742e+004 1.542e+002 6.663e+003-8.750e+000 2.121e+002 1.548e+001 8.467e+001 4.723e+002-1.213e+004-4.644e+000 1.464e+004
 3.380e+001 2.930e+000 0.000e+000 0.000e+000 0.000e+000 0.000e+000 0.000e+000 0.000e+000 0.000e+000 0.000e+000 0.000e+000 0.000e+000 0.000e+000 0.000e+000 0.000e+000 0.000e+000 0.000e+000 0.000e+000 0.000e+000
 3.500e+001 2.930e+000 2.700e+001 1.049e+002-1.273e+002 7.366e+000 3.946e+001-3.035e+003 1.389e+005 3.147e+002 1.265e+003 3.236e+000 8.302e+001 7.932e+001 7.466e+002 6.391e+002-2.195e+004 3.340e+002 2.399e+004
 3.630e+001 2.930e+000 0.000e+000 0.000e+000 0.000e+000 0.000e+000 0.000e+000 0.000e+000 0.000e+000 0.000e+000 0.000e+000 0.000e+000 0.000e+000 0.000e+000 0.000e+000 0.000e+000 0.000e+000 0.000e+000 0.000e+000
 3.750e+001 2.930e+000 2.700e+001 1.473e+002 3.055e+000 1.720e+001 1.726e+002-3.069e+003 1.067e+005-2.109e+002-3.683e+003 8.307e+000-1.883e+002 6.360e+001 3.708e+002 8.586e+002-2.936e+004 3.969e+002 3.366e+004
 3.880e+001 2.930e+000 0.000e+000 0.000e+000 0.000e+000 0.000e+000 0.000e+000 0.000e+000 0.000e+000 0.000e+000 0.000e+000 0.000e+000 0.000e+000 0.000e+000 0.000e+000 0.000e+000 0.000e+000 0.000e+000 0.000e+000
 4.000e+001 2.930e+000 0.000e+000 0.000e+000 0.000e+000 0.000e+000 0.000e+000 0.000e+000 0.000e+000 0.000e+000 0.000e+000 0.000e+000 0.000e+000 0.000e+000 0.000e+000 0.000e+000 0.000e+000 0.000e+000 0.000e+000
 4.130e+001 2.930e+000 2.400e+001 3.880e+002 1.277e+003 2.993e+001-1.112e+003-3.015e+003 1.550e+005 7.848e+002 6.001e+003-1.111e+002 7.761e+001 1.150e+002 8.051e+002 3.931e+002-2.042e+004 2.259e+002 4.320e+004
 4.250e+001 2.930e+000 0.000e+000 0.000e+000 0.000e+000 0.000e+000 0.000e+000 0.000e+000 0.000e+000 0.000e+000 0.000e+000 0.000e+000 0.000e+000 0.000e+000 0.000e+000 0.000e+000 0.000e+000 0.000e+000 0.000e+000
 4.380e+001 2.930e+000 2.700e+001 6.953e+002-1.977e+003 1.149e+002-2.707e+002-2.239e+003 3.182e+005-8.846e+002 6.687e+003-1.710e+002-1.369e+003 1.022e+002-4.502e+002 1.642e+003-5.318e+004-3.180e+002 4.614e+004
 4.500e+001 2.930e+000 0.000e+000 0.000e+000 0.000e+000 0.000e+000 0.000e+000 0.000e+000 0.000e+000 0.000e+000 0.000e+000 0.000e+000 0.000e+000 0.000e+000 0.000e+000 0.000e+000 0.000e+000 0.000e+000 0.000e+000
 4.630e+001 2.930e+000 2.700e+001 1.302e+003 1.962e+003 1.137e+002-4.985e+001-3.337e+004 1.226e+006-1.677e+003-4.843e+004-1.745e+002 2.620e+003 7.751e+001-6.092e+002 1.009e+004-3.655e+005-1.233e+003 1.704e+005
 4.750e+001 2.930e+000 0.000e+000 0.000e+000 0.000e+000 0.000e+000 0.000e+000 0.000e+000 0.000e+000 0.000e+000 0.000e+000 0.000e+000 0.000e+000 0.000e+000 0.000e+000 0.000e+000 0.000e+000 0.000e+000 0.000e+000
 4.880e+001 2.930e+000 0.000e+000 0.000e+000 0.000e+000 0.000e+000 0.000e+000 0.000e+000 0.000e+000 0.000e+000 0.000e+000 0.000e+000 0.000e+000 0.000e+000 0.000e+000 0.000e+000 0.000e+000 0.000e+000 0.000e+000
 5.000e+001 2.930e+000 2.700e+001 1.523e+005-9.231e+005 2.068e+004 4.880e+005-2.954e+006 6.308e+007-5.315e+005 6.098e+005-2.128e+004 2.869e+005 6.699e+003-3.379e+005 1.655e+006-3.517e+007-1.886e+005 2.245e+007
 5.130e+001 2.930e+000 0.000e+000 0.000e+000 0.000e+000 0.000e+000 0.000e+000 0.000e+000 0.000e+000 0.000e+000 0.000e+000 0.000e+000 0.000e+000 0.000e+000 0.000e+000 0.000e+000 0.000e+000 0.000e+000 0.000e+000
 5.250e+001 2.930e+000 2.700e+001 1.580e+003 8.459e+003 1.269e+002-1.311e+003-4.189e+004 1.337e+006-2.308e+003-8.078e+004-2.031e+002 5.355e+003 6.119e+001-1.271e+003 1.362e+004-4.188e+005-2.359e+003 2.335e+005
 5.380e+001 2.930e+000 0.000e+000 0.000e+000 0.000e+000 0.000e+000 0.000e+000 0.000e+000 0.000e+000 0.000e+000 0.000e+000 0.000e+000 0.000e+000 0.000e+000 0.000e+000 0.000e+000 0.000e+000 0.000e+000 0.000e+000
 5.500e+001 2.930e+000 0.000e+000 0.000e+000 0.000e+000 0.000e+000 0.000e+000 0.000e+000 0.000e+000 0.000e+000 0.000e+000 0.000e+000 0.000e+000 0.000e+000 0.000e+000 0.000e+000 0.000e+000 0.000e+000 0.000e+000
 5.630e+001 2.930e+000 2.400e+001 4.894e+002 6.144e+002 5.623e+001-3.093e+002-9.555e+003 3.573e+005-8.732e+002-2.787e+003-6.868e+001 5.161e+002 3.587e+001-2.821e+002 3.312e+003-9.122e+004-3.917e+002 5.513e+004
 5.750e+001 2.930e+000 0.000e+000 0.000e+000 0.000e+000 0.000e+000 0.000e+000 0.000e+000 0.000e+000 0.000e+000 0.000e+000 0.000e+000 0.000e+000 0.000e+000 0.000e+000 0.000e+000 0.000e+000 0.000e+000 0.000e+000
 5.880e+001 2.930e+000 2.700e+001 2.638e+002-1.568e+003 3.970e+001-1.643e+002-3.472e+003 1.952e+005-8.381e+002 1.078e+004-5.660e+001-3.891e+002 4.227e+001-9.030e+001 8.550e+002-4.468e+004-5.850e+000 2.678e+004
 6.000e+001 2.930e+000 0.000e+000 0.000e+000 0.000e+000 0.000e+000 0.000e+000 0.000e+000 0.000e+000 0.000e+000 0.000e+000 0.000e+000 0.000e+000 0.000e+000 0.000e+000 0.000e+000 0.000e+000 0.000e+000 0.000e+000
 6.130e+001 2.930e+000 2.700e+001 1.436e+002 9.081e+002 1.193e+001-5.924e+002-2.864e+003 1.162e+005 4.419e+002 1.030e+004-2.203e+001 1.730e+002 5.158e+001 5.460e+002 7.030e+002-3.538e+004 1.373e+002 3.038e+004
 6.250e+001 2.930e+000 0.000e+000 0.000e+000 0.000e+000 0.000e+000 0.000e+000 0.000e+000 0.000e+000 0.000e+000 0.000e+000 0.000e+000 0.000e+000 0.000e+000 0.000e+000 0.000e+000 0.000e+000 0.000e+000 0.000e+000
 6.380e+001 2.930e+000 0.000e+000 0.000e+000 0.000e+000 0.000e+000 0.000e+000 0.000e+000 0.000e+000 0.000e+000 0.000e+000 0.000e+000 0.000e+000 0.000e+000 0.000e+000 0.000e+000 0.000e+000 0.000e+000 0.000e+000
 6.500e+001 2.930e+000 2.700e+001 9.258e+001 3.885e+000-5.887e+000-2.437e+002-2.494e+003 9.154e+004 4.705e+002 4.737e+003-7.685e+000 2.796e+000 4.030e+001 5.684e+002 6.557e+002-2.174e+004 8.005e+001 2.319e+004
 6.630e+001 2.930e+000 0.000e+000 0.000e+000 0.000e+000 0.000e+000 0.000e+000 0.000e+000 0.000e+000 0.000e+000 0.000e+000 0.000e+000 0.000e+000 0.000e+000 0.000e+000 0.000e+000 0.000e+000 0.000e+000 0.000e+000
 6.750e+001 2.930e+000 2.700e+001 5.367e+001 2.452e+002-4.008e+000-2.864e+002-1.210e+003 4.389e+004 1.626e+002 3.720e+003-9.097e+000 1.208e+002 2.539e+001 3.308e+002 3.912e+002-1.450e+004 4.106e+001 1.194e+004
 6.880e+001 2.930e+000 0.000e+000 0.000e+000 0.000e+000 0.000e+000 0.000e+000 0.000e+000 0.000e+000 0.000e+000 0.000e+000 0.000e+000 0.000e+000 0.000e+000 0.000e+000 0.000e+000 0.000e+000 0.000e+000 0.000e+000
 7.000e+001 2.930e+000 2.700e+001 2.974e+001-3.251e+001-1.030e-001-1.088e+000-6.547e+002 2.948e+004 8.599e+001-6.953e+002-2.439e+000-1.154e+001 1.487e+001 1.289e+002 1.873e+002-8.256e+003 5.901e+001 5.886e+003
 7.130e+001 2.930e+000 0.000e+000 0.000e+000 0.000e+000 0.000e+000 0.000e+000 0.000e+000 0.000e+000 0.000e+000 0.000e+000 0.000e+000 0.000e+000 0.000e+000 0.000e+000 0.000e+000 0.000e+000 0.000e+000 0.000e+000
 7.250e+001 2.930e+000 0.000e+000 0.000e+000 0.000e+000 0.000e+000 0.000e+000 0.000e+000 0.000e+000 0.000e+000 0.000e+000 0.000e+000 0.000e+000 0.000e+000 0.000e+000 0.000e+000 0.000e+000 0.000e+000 0.000e+000
 7.380e+001 2.930e+000 2.700e+001 2.908e+001-9.302e+001 4.013e+000 2.443e+001-5.545e+002 2.067e+004 2.155e+002 1.107e+003 1.325e-001-3.323e+001 4.019e+001 4.012e+002 8.027e+001-5.603e+003 2.404e+002 8.468e+003
 7.500e+001 2.930e+000 0.000e+000 0.000e+000 0.000e+000 0.000e+000 0.000e+000 0.000e+000 0.000e+000 0.000e+000 0.000e+000 0.000e+000 0.000e+000 0.000e+000 0.000e+000 0.000e+000 0.000e+000 0.000e+000 0.000e+000
 7.630e+001 2.930e+000 2.700e+001 3.841e+001 2.083e+000-6.829e-003-2.396e+001-8.381e+002 2.855e+004 2.506e+002 1.786e+003-2.555e+000-3.908e+001 3.985e+001 4.436e+002 2.483e+002-1.027e+004 2.574e+002 1.084e+004
 7.750e+001 2.930e+000 0.000e+000 0.000e+000 0.000e+000 0.000e+000 0.000e+000 0.000e+000 0.000e+000 0.000e+000 0.000e+000 0.000e+000 0.000e+000 0.000e+000 0.000e+000 0.000e+000 0.000e+000 0.000e+000 0.000e+000
 7.880e+001 2.930e+000 2.700e+001 2.231e+001-7.182e+001-1.762e+000-1.760e+000-5.253e+002 2.201e+004 2.006e+002 1.062e+003-1.187e+000-6.993e+001 1.940e+001 2.297e+002 1.450e+002-6.636e+003 1.352e+002 8.030e+003
 8.000e+001 2.930e+000 0.000e+000 0.000e+000 0.000e+000 0.000e+000 0.000e+000 0.000e+000 0.000e+000 0.000e+000 0.000e+000 0.000e+000 0.000e+000 0.000e+000 0.000e+000 0.000e+000 0.000e+000 0.000e+000 0.000e+000
 8.130e+001 2.930e+000 0.000e+000 0.000e+000 0.000e+000 0.000e+000 0.000e+000 0.000e+000 0.000e+000 0.000e+000 0.000e+000 0.000e+000 0.000e+000 0.000e+000 0.000e+000 0.000e+000 0.000e+000 0.000e+000 0.000e+000
 8.250e+001 2.930e+000 2.700e+001 2.109e+001 2.391e+001-6.927e-001-2.349e+001-5.432e+002 2.247e+004 8.405e+001-2.818e+001 7.605e-002-6.878e+001 1.048e+001 1.254e+002 1.521e+002-6.304e+003 7.517e+001 5.464e+003
 8.380e+001 2.930e+000 0.000e+000 0.000e+000 0.000e+000 0.000e+000 0.000e+000 0.000e+000 0.000e+000 0.000e+000 0.000e+000 0.000e+000 0.000e+000 0.000e+000 0.000e+000 0.000e+000 0.000e+000 0.000e+000 0.000e+000
 8.500e+001 2.930e+000 2.700e+001 5.018e+001 6.032e+001-2.736e-001 2.102e+001-1.317e+003 4.196e+004 1.689e+002 3.777e+002 1.549e+000 7.471e+000 1.953e+001 2.025e+002 2.014e+002-6.640e+003 1.406e+002 6.101e+003
 8.630e+001 2.930e+000 0.000e+000 0.000e+000 0.000e+000 0.000e+000 0.000e+000 0.000e+000 0.000e+000 0.000e+000 0.000e+000 0.000e+000 0.000e+000 0.000e+000 0.000e+000 0.000e+000 0.000e+000 0.000e+000 0.000e+000
 8.750e+001 2.930e+000 2.700e+001 1.775e+001-3.277e+001 1.080e+000 3.122e+001-3.056e+002 1.388e+004 2.469e+002 6.932e+002 3.017e+000-1.502e+002 2.883e+001 2.895e+002 1.163e+002-6.990e+003 2.581e+002 7.296e+003
 8.880e+001 2.930e+000 0.000e+000 0.000e+000 0.000e+000 0.000e+000 0.000e+000 0.000e+000 0.000e+000 0.000e+000 0.000e+000 0.000e+000 0.000e+000 0.000e+000 0.000e+000 0.000e+000 0.000e+000 0.000e+000 0.000e+000
 9.000e+001 2.930e+000 0.000e+000 0.000e+000 0.000e+000 0.000e+000 0.000e+000 0.000e+000 0.000e+000 0.000e+000 0.000e+000 0.000e+000 0.000e+000 0.000e+000 0.000e+000 0.000e+000 0.000e+000 0.000e+000 0.000e+000
 9.130e+001 2.930e+000 2.700e+001 1.789e+001 2.770e+001 6.263e-001 2.514e+001-3.458e+002 1.425e+004 8.291e+001 6.693e+002 4.483e-001 2.452e+001 8.725e+000 9.538e+001 7.115e+001-2.989e+003 7.294e+001 2.891e+003
 9.250e+001 2.930e+000 0.000e+000 0.000e+000 0.000e+000 0.000e+000 0.000e+000 0.000e+000 0.000e+000 0.000e+000 0.000e+000 0.000e+000 0.000e+000 0.000e+000 0.000e+000 0.000e+000 0.000e+000 0.000e+000 0.000e+000
 9.380e+001 2.930e+000 2.700e+001 1.712e+001-3.541e+001 4.560e-001-7.416e+000-3.445e+002 1.427e+004 1.730e+001-1.334e+002-6.349e-001-3.847e+001 4.275e+000 4.044e+001 6.989e+001-2.845e+003 2.376e+001 2.311e+003
 9.500e+001 2.930e+000 0.000e+000 0.000e+000 0.000e+000 0.000e+000 0.000e+000 0.000e+000 0.000e+000 0.000e+000 0.000e+000 0.000e+000 0.000e+000 0.000e+000 0.000e+000 0.000e+000 0.000e+000 0.000e+000 0.000e+000
 9.630e+001 2.930e+000 2.700e+001 2.123e+001 3.084e+001 6.017e-001-1.734e+001-3.420e+002 1.129e+004 1.566e+001 2.363e+002-1.443e+000 2.102e+001 2.509e+000 2.106e+001 1.568e+001-1.365e+003 1.591e+001 1.190e+003
 9.750e+001 2.930e+000 0.000e+000 0.000e+000 0.000e+000 0.000e+000 0.000e+000 0.000e+000 0.000e+000 0.000e+000 0.000e+000 0.000e+000 0.000e+000 0.000e+000 0.000e+000 0.000e+000 0.000e+000 0.000e+000 0.000e+000
 9.880e+001 2.930e+000 0.000e+000 0.000e+000 0.000e+000 0.000e+000 0.000e+000 0.000e+000 0.000e+000 0.000e+000 0.000e+000 0.000e+000 0.000e+000 0.000e+000 0.000e+000 0.000e+000 0.000e+000 0.000e+000 0.000e+000
 1.000e+002 2.930e+000 6.300e+001 8.174e+001 1.082e+003 8.432e-001-1.643e+002-4.034e+002 2.457e+004 3.126e+001-3.055e+002-2.838e+000-7.455e+001 9.180e+000 6.177e+000 9.392e+001-4.463e+003 5.674e+001 3.275e+003
 1.130e+002 2.930e+000 7.800e+001 4.391e+001-3.429e+002-6.074e-001 7.164e+001-1.107e+003 4.345e+004 2.533e+002 2.307e+002 2.989e+000-8.632e+001 2.700e+001 3.294e+002 1.896e+002-9.635e+003 2.078e+002 8.540e+003
 1.250e+002 2.930e+000 6.600e+001 2.424e+001-1.993e+002-2.772e+000 1.080e+002-5.796e+002 2.468e+004 3.310e+002-1.659e+002 6.501e+000-1.904e+002 3.443e+001 4.313e+002 1.767e+002-8.832e+003 3.327e+002 1.083e+004
 1.380e+002 2.930e+000 7.200e+001 2.022e+001-2.045e+002-2.164e+000 6.043e+001-5.235e+002 2.410e+004 1.769e+002 5.454e+002 3.606e+000-1.158e+002 1.882e+001 2.295e+002 1.931e+002-8.622e+003 1.883e+002 7.023e+003
 1.500e+002 2.930e+000 6.000e+001 3.097e+001-5.230e+002 1.283e+000 8.241e+001-5.619e+002 2.910e+004-3.957e+000 3.748e+002-2.849e-001-5.431e+001 2.727e+000 2.610e+001 8.250e+001-5.016e+003 2.785e+001 2.276e+003
 1.630e+002 2.930e+000 6.900e+001 2.437e+001-3.674e+002-3.601e+000 1.326e+002-6.325e+002 2.756e+004 3.453e+002 8.303e+002 7.495e+000-2.381e+002 2.824e+001 3.862e+002 2.660e+002-1.248e+004 3.377e+002 1.150e+004
 1.750e+002 2.930e+000 7.200e+001 3.282e+001-4.342e+002-8.927e+000 1.025e+002-7.685e+002 3.213e+004 4.616e+002 2.787e+003 7.055e+000-1.774e+002 4.205e+001 5.484e+002 3.462e+002-1.324e+004 4.422e+002 1.429e+004
 1.880e+002 2.930e+000 9.600e+001 1.001e+002-8.361e+002-2.100e+001-1.577e+001-2.003e+003 5.838e+004 5.837e+002 5.534e+003-4.867e+000-1.842e+001 5.685e+001 7.879e+002 7.716e+002-2.207e+004 4.643e+002 2.148e+004
 2.000e+002 2.930e+000 9.600e+001 1.710e+003-2.905e+003-5.298e+001-3.546e+003-2.005e+004 2.799e+005 3.306e+002 5.566e+004-4.150e+002 4.563e+003 1.656e+002 1.886e+003 1.013e+004-1.234e+005-2.332e+003 9.151e+004
 2.130e+002 2.930e+000 8.700e+001 8.146e+001-1.000e+003-1.409e-001 2.397e+002-1.805e+003 7.343e+004 1.637e+002-3.816e+003-3.385e+000-1.477e+002 4.566e+001 4.580e+002 4.434e+002-1.981e+004 4.152e+002 1.684e+004
 2.250e+002 2.930e+000 1.350e+002 1.864e+002-3.509e+003 1.668e+001 9.410e+002-4.467e+003 1.932e+005-7.061e+002-1.519e+004-2.175e+001-1.487e+002 6.494e+001 3.914e+002 6.275e+002-4.111e+004 7.093e+002 2.586e+004
 2.380e+002 2.930e+000 1.080e+002 7.148e+002-1.431e+004 1.169e+002 4.120e+003-1.604e+004 6.600e+005-4.740e+003-6.397e+004-1.138e+002-9.339e+001 9.123e+001-7.246e+002 1.542e+003-1.245e+005 1.053e+003 4.891e+004
 2.500e+002 2.930e+000 1.080e+002 2.225e+004-4.417e+005 3.872e+003 1.294e+005-4.767e+005 1.908e+007-1.626e+005-1.872e+006-4.012e+003 6.464e+003 1.695e+003-3.496e+004 4.612e+004-3.618e+006 1.878e+004 1.050e+006
 2.630e+002 2.930e+000 1.080e+002 6.521e+002-1.221e+004 7.375e+001 3.073e+003-1.368e+004 5.323e+005-2.884e+003-2.950e+004-8.223e+001 1.923e+000 6.789e+001-3.267e+002 1.943e+003-1.068e+005 6.540e+002 3.846e+004
 2.750e+002 2.930e+000 1.290e+002 1.716e+002-2.911e+003 7.591e+000 5.403e+002-3.569e+003 1.377e+005-2.476e+002-2.287e+003-2.034e+001 4.123e+001 4.583e+001 3.479e+002 5.570e+002-2.668e+004 3.917e+002 1.673e+004
 2.880e+002 2.930e+000 8.700e+001 6.554e+001-8.043e+002-6.590e+000 7.141e+001-1.415e+003 4.912e+004 2.778e+002 2.503e+003-5.412e+000 6.954e+001 3.413e+001 3.680e+002 3.504e+002-1.242e+004 2.784e+002 1.096e+004
 3.000e+002 2.930e+000 1.020e+002 4.965e+002-4.962e+003-3.902e+001 7.194e+002-1.335e+004 4.241e+005 6.546e+002 3.061e+004-6.238e+001 1.933e+003 4.463e+001 6.850e+002 5.222e+003-1.537e+005-4.777e+002 7.395e+004
 3.130e+002 2.930e+000 8.100e+001 4.954e+001-4.702e+002-4.154e+000 4.421e+001-1.270e+003 4.883e+004 2.325e+002 2.551e+003-4.980e+000 1.152e+002 2.621e+001 2.774e+002 3.554e+002-1.239e+004 1.900e+002 9.402e+003
 3.250e+002 2.930e+000 6.300e+001 2.741e+001-1.129e+002-2.615e+000 1.172e+001-4.923e+002 2.054e+004 2.925e+002 1.286e+003-3.785e+000 9.234e+001 3.193e+001 3.036e+002 2.136e+002-6.056e+003 2.644e+002 9.040e+003
 3.380e+002 2.930e+000 6.000e+001 4.939e+001 5.664e+002 1.393e+001-5.039e+001-8.154e+001 1.968e+004 4.058e+002-5.823e+003-1.779e+001 1.972e+002 2.592e+001-6.035e+001 3.718e+002-1.967e+003-1.537e+002 6.816e+003
 3.500e+002 2.930e+000 1.020e+002 1.675e+003 3.319e+004 7.865e+002-2.130e+003 5.257e+003 7.375e+005 1.992e+004-3.079e+005-8.313e+002 1.301e+004 9.681e+002-6.900e+003 1.490e+004-6.452e+002-9.518e+003 1.638e+005
 3.630e+002 2.930e+000 6.900e+001 5.894e+001 8.268e+002 2.062e+001-8.042e+001-2.161e+002 2.705e+004 5.413e+002-7.614e+003-2.626e+001 3.479e+002 3.578e+001-1.195e+002 4.306e+002-3.348e+003-2.604e+002 6.660e+003
 3.750e+002 2.930e+000 7.800e+001 3.069e+001 1.603e-001 5.941e+000 2.872e+001-4.351e+002 1.828e+004 2.629e+002-1.829e+002-5.219e+000-2.829e+001 3.041e+001 2.164e+002 2.110e+002-7.122e+003 1.806e+002 7.727e+003
 3.880e+002 2.930e+000 5.400e+001 1.801e+001-9.841e+001 3.058e+000 5.404e+001-3.597e+002 1.172e+004 6.595e+001 2.967e+001 3.553e-001-8.909e+001 1.768e+001 1.372e+002 1.377e+002-5.041e+003 1.719e+002 5.524e+003
 4.000e+002 2.930e+000 9.300e+001 7.933e+001-7.753e+002 1.255e+001 3.844e+002-2.059e+003 6.730e+004-2.117e+002-3.004e+003-3.309e+000-8.770e+001 2.139e+001 4.106e+001 6.272e+002-2.227e+004 1.960e+002 1.308e+004
 4.130e+002 2.930e+000 1.140e+002 4.378e+001-2.650e+002 5.224e-002 9.506e+001-1.052e+003 3.240e+004 1.698e+002 1.081e+003 7.009e-001-4.883e+001 2.343e+001 2.252e+002 3.473e+002-1.110e+004 2.316e+002 9.166e+003
 4.250e+002 2.930e+000 9.900e+001 4.860e+001-3.760e+002-1.630e+000 6.560e+001-1.204e+003 3.618e+004 1.526e+002 2.541e+003 3.458e-001-1.371e+001 1.854e+001 1.905e+002 4.023e+002-1.187e+004 1.657e+002 9.300e+003
 4.380e+002 2.930e+000 1.080e+002 1.157e+002-9.449e+002-7.055e-001 2.148e+002-2.815e+003 7.977e+004 2.635e+001 4.082e+003-9.149e+000 1.955e+002 2.090e+001 1.565e+002 1.061e+003-2.889e+004 4.306e+001 1.870e+004
 4.500e+002 2.930e+000 1.080e+002 3.573e+003-3.039e+004-1.643e+001 3.234e+003-8.697e+004 2.381e+006-4.032e+003 2.405e+005-5.275e+002 1.294e+004 1.097e+002-3.029e+002 3.731e+004-9.381e+005-6.301e+003 4.613e+005
 4.630e+002 2.930e+000 1.350e+002 1.655e+002-1.364e+003-4.966e+000 1.508e+002-4.078e+003 1.152e+005 1.156e+002 8.929e+003-1.258e+001 3.051e+002 2.143e+001 2.291e+002 1.504e+003-4.053e+004 2.242e+001 2.327e+004
 4.750e+002 2.930e+000 1.080e+002 7.129e+001-5.341e+002-3.966e+000 6.978e+001-1.813e+003 5.235e+004 1.503e+002 2.783e+003-1.322e+000 4.459e+001 1.344e+001 1.614e+002 5.320e+002-1.552e+004 9.241e+001 9.805e+003
 4.880e+002 2.930e+000 1.050e+002 7.456e+001-6.114e+002-4.758e+000 7.791e+001-1.970e+003 5.940e+004 1.991e+002 3.335e+003 2.195e-001 2.126e+001 1.389e+001 1.848e+002 6.091e+002-1.809e+004 1.249e+002 1.080e+004
 5.000e+002 2.930e+000 9.900e+001 1.076e+002-1.274e+003-3.623e+000 1.105e+002-2.758e+003 1.148e+005 1.199e+002 4.417e+003-4.299e+000-4.727e+001 1.577e+001 1.931e+002 7.861e+002-2.758e+004 1.070e+002 1.377e+004
 5.130e+002 2.930e+000 1.350e+002 2.453e+002-1.693e+003-1.242e+001 1.226e+002-6.044e+003 1.636e+005 2.301e+002 7.739e+003-2.094e+001 5.566e+002 2.016e+001 2.563e+002 1.584e+003-4.123e+004-6.286e+001 2.085e+004
 5.250e+002 2.930e+000 1.080e+002 3.587e+002-2.567e+003-1.522e+001 1.349e+002-8.848e+003 2.384e+005 1.300e+002 1.552e+004-4.055e+001 1.085e+003 2.013e+001 2.437e+002 2.670e+003-6.839e+004-3.154e+002 3.082e+004
 5.380e+002 2.930e+000 1.080e+002 1.701e+003-1.190e+004-6.098e+001 1.592e+003-4.162e+004 1.103e+006 1.871e+001 4.773e+004-2.166e+002 5.691e+003 5.301e+001 4.414e+002 1.238e+004-3.154e+005-2.225e+003 1.357e+005
 5.500e+002 2.930e+000 1.080e+002 1.305e+005-9.262e+005-3.876e+003 8.670e+004-3.155e+006 8.288e+007-6.087e+004 6.479e+006-2.179e+004 5.545e+005 4.306e+003 2.509e+004 1.209e+006-2.985e+007-2.346e+005 1.301e+007
 5.630e+002 2.930e+000 1.350e+002 2.361e+003-1.695e+004-3.099e+001 1.697e+003-5.650e+004 1.476e+006-1.219e+003 7.699e+004-2.802e+002 6.882e+003 6.955e+001 2.310e+002 1.626e+004-4.032e+005-2.963e+003 1.826e+005
 5.750e+002 2.930e+000 1.080e+002 3.664e+002-2.574e+003-3.927e+000 2.972e+002-8.636e+003 2.231e+005-1.424e+002 1.050e+004-4.103e+001 9.482e+002 1.912e+001 1.016e+002 2.443e+003-6.091e+004-2.793e+002 2.762e+004
 5.880e+002 2.930e+000 1.080e+002 2.033e+002-1.443e+003-3.905e+000 2.398e+002-4.798e+003 1.250e+005 3.316e+001 3.091e+003-1.429e+001 3.243e+002 1.363e+001 1.123e+002 1.198e+003-3.079e+004-3.676e+001 1.525e+004
 6.000e+002 2.930e+000 1.350e+002 2.004e+002-1.430e+003-4.625e+000 6.036e+001-4.934e+003 1.355e+005 4.391e+001 8.741e+003-1.931e+001 4.787e+002 1.624e+001 1.597e+002 1.341e+003-3.535e+004-5.938e+001 1.661e+004
 6.130e+002 2.930e+000 1.080e+002 8.051e+001-5.541e+002-3.077e+000 6.377e+001-1.863e+003 4.858e+004 7.844e+001 2.177e+003-4.240e+000 8.142e+001 9.596e+000 1.039e+002 5.028e+002-1.303e+004 4.232e+001 7.446e+003
 6.250e+002 2.930e+000 1.080e+002 5.757e+001-4.796e+002-2.394e+000 5.892e+001-1.300e+003 3.516e+004 8.138e+001 1.358e+003-2.558e+000 3.637e+001 9.801e+000 1.052e+002 3.527e+002-9.818e+003 6.406e+001 5.850e+003
 6.380e+002 2.930e+000 1.020e+002 5.456e+001-4.425e+002-1.243e+000 7.848e+001-1.355e+003 4.002e+004 4.611e+001 1.096e+003-2.445e+000 3.487e+001 1.034e+001 9.412e+001 3.475e+002-1.003e+004 8.674e+001 5.945e+003
 6.500e+002 2.930e+000 1.320e+002 1.695e+003-1.995e+004 2.753e+002 6.798e+003-5.884e+004 2.311e+006-1.142e+004-1.422e+004-1.503e+002 1.890e+003 8.318e+001-4.278e+003 1.889e+004-7.461e+005-5.331e+002 2.827e+005
 6.630e+002 2.930e+000 1.050e+002 3.363e+001-2.779e+002-1.323e+000 1.903e+001-8.627e+002 2.764e+004 6.322e+001 1.556e+003 4.418e-001-3.514e+001 8.956e+000 9.292e+001 2.502e+002-7.444e+003 9.523e+001 4.986e+003
 6.750e+002 2.930e+000 1.050e+002 2.603e+001-1.807e+002-1.309e+000 1.583e+001-5.839e+002 1.592e+004 7.133e+001 6.349e+002 1.492e+000-5.641e+001 7.201e+000 7.641e+001 1.603e+002-4.296e+003 8.963e+001 3.536e+003
 6.880e+002 2.930e+000 1.080e+002 2.371e+001-1.870e+002-1.175e+000 5.973e+000-5.110e+002 1.394e+004 6.079e+001 8.206e+002 6.574e-001-3.913e+001 7.143e+000 7.298e+001 1.326e+002-3.594e+003 7.818e+001 3.138e+003
 7.000e+002 2.930e+000 1.290e+002 5.569e+001-3.620e+002-1.272e-001 1.289e+002-1.272e+003 3.279e+004 1.451e+001-8.067e+002-6.938e+000 1.220e+002 1.224e+001 5.625e+001 3.214e+002-9.124e+003 6.581e+001 5.558e+003
 7.130e+002 2.930e+000 1.020e+002 1.728e+001-1.293e+002-1.736e+000 2.391e+001-3.776e+002 1.036e+004 8.121e+001 2.910e+002 1.453e+000-5.560e+001 7.688e+000 8.022e+001 1.112e+002-3.439e+003 9.310e+001 3.007e+003
 7.250e+002 2.930e+000 9.900e+001 1.340e+001-9.202e+001-5.695e-001 2.364e+001-2.830e+002 7.465e+003 5.580e+001 2.960e+002 1.453e+000-6.355e+001 7.353e+000 7.096e+001 9.557e+001-2.892e+003 9.001e+001 2.785e+003
 7.380e+002 2.930e+000 1.020e+002 1.490e+001-9.935e+001-6.265e-001 1.405e+001-2.967e+002 7.342e+003 4.893e+001 3.023e+002 1.494e+000-5.564e+001 6.086e+000 5.932e+001 9.222e+001-2.609e+003 7.703e+001 2.395e+003
 7.500e+002 2.930e+000 1.560e+002 6.611e+001-4.558e+002-9.937e+000 9.774e+000-1.429e+003 3.557e+004 1.609e+002 3.087e+003-1.246e+001 3.059e+002 1.380e+001 1.479e+002 5.034e+002-1.179e+004-3.056e+001 6.608e+003
 7.630e+002 2.930e+000 8.700e+001 9.008e+000-6.039e+001-1.337e+000 7.060e+000-1.952e+002 5.188e+003 5.895e+001 4.166e+002 1.487e+000-4.974e+001 5.303e+000 5.839e+001 8.150e+001-2.402e+003 7.235e+001 2.199e+003
 7.750e+002 2.930e+000 9.600e+001 8.949e+000-5.122e+001-1.422e+000 8.160e+000-1.884e+002 4.969e+003 6.290e+001 2.960e+002 1.311e+000-5.066e+001 5.619e+000 6.482e+001 7.656e+001-2.325e+003 7.312e+001 2.258e+003
 7.880e+002 2.930e+000 1.110e+002 1.224e+001-7.970e+001-9.174e-001 1.034e+001-2.567e+002 6.845e+003 6.038e+001 3.372e+002 1.615e+000-6.043e+001 6.513e+000 6.764e+001 8.593e+001-2.653e+003 8.324e+001 2.627e+003
 8.000e+002 2.930e+000 1.170e+002 1.476e+001-9.722e+001-2.038e+000-1.119e+001-2.755e+002 7.153e+003 6.189e+001 7.649e+002-7.501e-001-1.829e+001 6.539e+000 7.767e+001 1.075e+002-2.715e+003 5.453e+001 2.825e+003
 8.130e+002 2.930e+000 9.000e+001 8.709e+000-5.166e+001-8.818e-001 9.967e+000-1.712e+002 4.321e+003 4.356e+001 1.576e+002 1.159e+000-4.404e+001 4.626e+000 4.972e+001 6.475e+001-1.946e+003 6.255e+001 1.963e+003
 8.250e+002 2.930e+000 9.900e+001 9.737e+000-5.875e+001-8.867e-001-2.845e+000-1.950e+002 4.911e+003 4.039e+001 4.101e+002 9.696e-001-3.540e+001 4.634e+000 4.553e+001 7.038e+001-1.892e+003 6.532e+001 2.169e+003
 8.380e+002 2.930e+000 1.290e+002 1.619e+001-4.662e+001-2.612e+000-3.238e+001-3.309e+002 8.088e+003 7.835e+001 9.298e+002 1.653e-001-2.563e+001 5.257e+000 8.586e+001 1.796e+002-4.327e+003 5.224e+001 4.238e+003
 8.500e+002 2.930e+000 1.050e+002 2.368e+002 3.812e+002-5.227e+001-1.436e+003-4.712e+003 9.813e+004 1.176e+003 2.032e+004-5.224e+001 9.052e+002 3.194e+001 1.371e+003 3.652e+003-7.628e+004-5.177e+002 7.919e+004
 8.630e+002 2.930e+000 8.100e+001 1.348e+001-6.363e+001-1.990e+000-1.632e+001-2.785e+002 6.932e+003 6.245e+001 9.239e+002 9.077e-001-3.720e+001 4.310e+000 6.287e+001 1.452e+002-3.478e+003 5.496e+001 3.207e+003
 8.750e+002 2.930e+000 7.800e+001 8.256e+000-5.792e+001-2.808e-001 9.567e+000-1.772e+002 4.942e+003 2.512e+001 2.325e+002 8.034e-001-4.313e+001 3.699e+000 3.417e+001 6.920e+001-2.035e+003 5.065e+001 1.714e+003
 8.880e+002 2.930e+000 1.380e+002 1.262e+001-9.424e+001-9.612e-001 4.201e+000-2.581e+002 7.197e+003 4.034e+001 5.857e+002 8.981e-001-3.765e+001 4.535e+000 4.481e+001 9.614e+001-2.500e+003 5.896e+001 2.126e+003
 9.000e+002 2.930e+000 8.400e+001 1.141e+001-9.875e+001-1.391e+000 1.344e+001-2.651e+002 7.940e+003 5.379e+001 6.006e+002 6.665e-001-1.675e+001 4.626e+000 4.472e+001 1.004e+002-2.812e+003 5.282e+001 2.081e+003
 9.130e+002 2.930e+000 9.000e+001 1.122e+001-9.447e+001 1.364e+000 1.988e+001-2.399e+002 7.503e+003-1.077e+002-1.642e+003-2.370e+000 6.940e-001 1.499e+001 8.545e+001 1.095e+001-5.655e+002 2.244e+002 4.633e+003
 9.250e+002 2.930e+000 7.500e+001 8.236e+000-8.311e+001-4.469e-001 1.056e+001-1.561e+002 5.214e+003 2.796e+001 9.727e+001 1.308e+000-6.036e+001 3.796e+000 3.587e+001 6.630e+001-1.921e+003 5.684e+001 1.736e+003
 9.380e+002 2.930e+000 1.170e+002 2.361e+001-2.920e+002 1.675e+000-1.422e+001-2.671e+002 9.923e+003-3.335e+000 1.758e+003-1.284e-001-6.588e+001 4.425e+000 2.305e+001 1.534e+002-2.011e+003 4.431e+001 2.209e+003
 9.500e+002 2.930e+000 9.600e+001 4.431e+002-6.893e+003 7.035e+001-3.608e+002-2.242e+003 1.337e+005-7.059e+002 3.815e+004-2.756e+001-1.145e+003 2.222e+001-3.419e+002 2.490e+003-9.501e+003-1.810e+002 1.779e+004
 9.630e+002 2.930e+000 7.800e+001 1.171e+001-1.369e+002 6.298e-001-6.010e+000-1.194e+002 4.604e+003 1.050e+001 7.488e+002 1.220e-001-3.721e+001 2.200e+000 1.230e+001 7.941e+001-1.178e+003 1.976e+001 1.154e+003
 9.750e+002 2.930e+000 7.200e+001 4.879e+000-4.857e+001-4.415e-001 7.823e+000-9.462e+001 3.099e+003 2.588e+001 1.942e+002 1.410e+000-4.617e+001 3.311e+000 3.174e+001 5.179e+001-1.393e+003 5.077e+001 1.443e+003
 9.880e+002 2.930e+000 9.600e+001 7.056e+000-6.453e+001 1.977e-001 3.204e+001-1.566e+002 4.807e+003 2.617e+001 1.888e+001 2.350e+000-7.453e+001 4.335e+000 3.449e+001 8.002e+001-2.412e+003 7.943e+001 2.233e+003
 1.000e+003 2.930e+000 5.490e+002 5.386e+001-5.077e+002-1.064e+000 1.424e+002-1.203e+003 3.662e+004-1.844e+001-1.367e+003-2.415e-001-2.438e+001 4.030e+001 2.421e+002 3.376e+002-9.464e+003 5.400e+002 1.382e+004
 1.130e+003 2.930e+000 1.002e+003 9.475e+001-1.243e+003-5.093e+000 1.019e+002-2.365e+003 8.549e+004-3.419e+002 4.757e+002-2.329e+001 7.430e+002 4.843e+001 2.143e+002 3.546e+002-1.011e+004 4.252e+002 1.166e+004
 1.250e+003 2.930e+000 8.940e+002 5.137e+001-3.212e+002-9.875e+000-1.304e+002-1.060e+003 2.856e+004 6.276e+001 2.333e+003-4.185e+000 1.552e+002 3.996e+001 1.414e+002 1.870e+002-2.699e+003 5.230e+002 1.010e+004
 1.380e+003 2.930e+000 9.300e+002 4.404e+001-3.759e+002 3.737e+000 1.624e+001-1.234e+003 4.401e+004-2.516e+002-8.722e+002-1.214e+001 3.146e+002 1.949e+001 7.846e+001 5.408e+000 3.396e+002 2.100e+002 4.173e+003
 1.500e+003 2.930e+000 6.300e+001 2.802e+001-1.826e+002 5.664e-001 1.191e+002-8.243e+002 2.772e+004-2.063e+001-2.165e+003-6.437e-001 4.266e+001 1.718e+000 5.329e+000 1.703e+002-4.550e+003 2.974e+001 2.644e+003
 1.630e+003 2.930e+000 7.200e+001 1.834e+001-2.740e+002-2.295e+000-5.860e+001-6.019e+002 2.456e+004 4.506e+001 2.766e+003-1.731e+000 1.012e+002 1.412e+000 2.219e+001 6.182e+001-6.543e+002 1.935e+001 1.150e+003
 1.750e+003 2.930e+000 4.800e+001 8.055e+001-1.246e+003-1.400e+001-4.399e+002-2.676e+003 1.088e+005 2.454e+002 1.642e+004-1.266e+001 6.453e+002 5.979e+000 1.149e+002 1.578e+002 2.148e+003 9.820e+001 4.373e+003
 1.880e+003 2.930e+000 7.200e+001 1.788e+002-2.213e+003-1.126e+001-2.122e+002-5.935e+003 2.293e+005-1.837e+002 2.859e+003-2.566e+001 1.006e+003 1.795e+001 2.211e+002 2.169e+002-9.135e+002 3.776e+002 1.443e+004
 2.000e+003 2.930e+000 7.200e+001 6.939e+002-8.102e+003-6.507e+001-1.045e+003-2.347e+004 8.929e+005 1.366e+003 5.361e+004-7.199e+001 3.161e+003 1.543e+001 2.724e+002 1.588e+003-4.143e+004-3.011e+001 6.271e+003
 2.130e+003 2.930e+000 4.800e+001 8.248e+001-9.753e+002-7.774e+000-1.167e+002-2.826e+003 1.091e+005 1.818e+002 6.197e+003-7.317e+000 3.370e+002 1.670e+000 2.996e+001 1.892e+002-5.101e+003-4.649e-001 7.456e+002
 2.250e+003 2.930e+000 7.200e+001 2.129e+001-2.402e+002-2.046e+000-2.803e+001-7.076e+002 2.657e+004 4.556e+001 1.442e+003-1.872e+000 8.176e+001 7.978e-001 1.067e+001 5.227e+001-1.408e+003 5.981e+000 3.821e+002
 2.380e+003 2.930e+000 7.200e+001 2.156e+001-2.368e+002 1.137e+000 1.107e+001-7.123e+002 2.726e+004-1.505e+002-2.317e+003-5.007e+000 1.155e+002 7.236e+000 6.352e+001-2.776e+001 7.920e+002 1.265e+002 3.232e+003
 2.500e+003 2.930e+000 4.800e+001 7.369e+000-7.909e+001-3.748e-001-5.161e+000-2.290e+002 8.223e+003-6.022e+000 5.611e+001-8.897e-001 2.983e+001 1.044e+000 7.573e+000 7.373e+000-7.335e+001 1.651e+001 4.348e+002
 2.630e+003 2.930e+000 7.200e+001 1.040e+001-8.886e+001-1.998e+000-3.607e+001-2.932e+002 9.280e+003 4.201e+001 1.118e+003-1.695e+000 5.824e+001 1.061e+000 1.101e+001 1.799e+001-2.494e+002 8.817e+000 2.639e+002
 2.750e+003 2.930e+000 6.900e+001 2.983e+000-3.602e+001-2.833e-001-7.533e+000-8.116e+001 2.808e+003 1.178e+000 1.874e+002-6.585e-001 1.820e+001 4.184e-001 1.765e+000-9.894e-002 9.527e+001 2.533e+000 6.591e+001
 2.880e+003 2.930e+000 4.500e+001 1.161e+000-9.774e+000-6.740e-002-7.223e-001-3.175e+001 1.045e+003 8.865e-001 4.397e+001-2.418e-001 5.198e+000 2.053e-001 1.045e-001 1.834e+000-4.168e+001 3.683e-001 2.398e+001
 3.000e+003 2.930e+000 6.900e+001 9.500e+000-1.111e+002-1.207e+000-3.546e+001-2.374e+002 7.392e+003-5.953e+000 6.415e+002-2.914e+000 8.188e+001 1.485e+000 1.290e+001-1.335e+001 6.941e+002 1.456e+001 2.829e+002
 3.130e+003 2.930e+000 7.200e+001 2.171e+000-2.134e+001-1.862e-001-3.937e+000-5.803e+001 1.827e+003 1.320e+000 9.173e+001-3.696e-001 1.165e+001 1.971e-001 1.067e+000 5.135e-001 2.984e+001 1.383e+000 3.777e+001
 3.250e+003 2.930e+000 4.500e+001 2.729e+000-1.777e+001 1.571e-001 1.323e+000-7.123e+001 2.020e+003-5.417e+000-1.046e+001-4.231e-001 9.921e+000 3.527e-001 5.256e-001 2.288e+000-6.483e+001 2.635e+000 5.372e+001
 3.380e+003 2.930e+000 7.200e+001 1.676e+001-9.985e+001 2.133e+000 2.393e+001-3.726e+002 9.223e+003-5.974e+001-1.737e+002-4.563e+000 8.999e+001 2.470e+000-2.097e+001 4.317e+001-9.178e+002-6.023e-001 3.292e+002
 3.500e+003 2.930e+000 7.200e+001 1.222e+002-7.910e+002-1.401e+001-1.688e+002-3.419e+003 1.009e+005 2.839e+002 5.383e+003-1.692e+001 5.637e+002 4.080e+000 3.424e+001 9.957e+001-1.675e+003 6.740e+000 3.377e+002
 3.630e+003 2.930e+000 4.800e+001 7.488e+001-5.814e+002-7.072e+000-1.057e+002-1.915e+003 5.363e+004 1.167e+002 3.515e+003-8.272e+000 2.670e+002 1.714e+000 2.131e+001 1.048e+002-1.836e+003-1.162e-001 3.226e+002
 3.750e+003 2.930e+000 7.200e+001 1.545e+001-1.076e+002-1.698e+000-2.454e+001-4.085e+002 1.162e+004 3.273e+001 7.845e+002-1.697e+000 5.729e+001 6.196e-001 4.245e+000 1.996e+001-3.457e+002 3.267e+000 1.088e+002
 3.880e+003 2.930e+000 7.200e+001 4.540e+001-2.856e+002-5.471e+000-8.108e+001-1.188e+003 3.309e+004 1.070e+002 2.486e+003-5.308e+000 1.817e+002 2.304e+000 1.432e+001 6.812e+001-1.158e+003 1.437e+001 4.279e+002
 4.000e+003 2.930e+000 4.800e+001 2.787e+001-1.017e+002 1.927e+000-1.460e+001-6.753e+002 1.723e+004-4.874e+001 5.092e+002 4.856e+000-7.613e+001 7.584e+000-3.852e+001 1.590e+002-3.292e+003 1.051e+002 1.950e+003
 4.130e+003 2.930e+000 7.200e+001 1.052e+002-5.860e+002-1.423e+001-1.742e+002-2.770e+003 7.635e+004 3.015e+002 5.288e+003-1.292e+001 4.246e+002 4.256e+000 3.661e+001 1.324e+002-2.457e+003 1.502e+001 5.618e+002
 4.250e+003 2.930e+000 7.200e+001 1.104e+001-5.985e+001-1.262e+000-1.491e+001-2.893e+002 7.959e+003 2.564e+001 4.609e+002-1.316e+000 4.254e+001 6.119e-001 3.206e+000 1.392e+001-2.600e+002 3.357e+000 9.149e+001
 4.380e+003 2.930e+000 4.800e+001 5.611e+000-2.940e+001-7.667e-001-8.963e+000-1.493e+002 4.150e+003 1.606e+001 2.617e+002-8.310e-001 2.656e+001 2.858e-001 2.022e+000 4.649e+000-7.269e+001 1.199e+000 3.095e+001
 4.500e+003 2.930e+000 7.200e+001 1.374e+001-6.031e+001-1.415e+000-1.426e+001-3.652e+002 9.996e+003 2.898e+001 4.116e+002-2.007e+000 5.996e+001 5.652e-001 3.010e+000 7.623e+000-1.364e+002 1.520e+000 4.228e+001
 4.630e+003 2.930e+000 7.200e+001 2.377e+000-1.105e+001-2.277e-001-1.625e+000-6.175e+001 1.683e+003 3.921e+000 4.330e+001-3.829e-001 1.199e+001 2.376e-001 8.682e-001 1.192e+000-8.521e+000 2.151e+000 5.312e+001
 4.750e+003 2.930e+000 4.800e+001 1.117e+000-9.378e-002 4.278e-001 1.161e+001-3.009e+001 8.734e+002-1.322e+001-3.589e+002-1.984e-001 8.557e+000 5.580e-001-2.494e+000 8.421e-001 5.590e+001 1.231e+001 3.334e+002
 4.880e+003 2.930e+000 7.200e+001 1.989e+000-1.248e+000 8.710e-001 2.469e+001-5.914e+001 1.897e+003-3.003e+001-8.520e+002-8.552e-001 2.911e+001 1.211e+000-5.424e+000-1.061e+001 4.409e+002 2.616e+001 6.778e+002
 5.000e+003 2.930e+000 6.600e+001 3.365e+000-8.052e+000 1.070e+000 8.660e+000-6.081e+001 1.186e+003-2.365e+001-1.992e+002-1.740e+000 2.777e+001 1.537e+000-2.358e+000-3.237e+000 5.787e+001 7.519e+000 1.077e+002
 5.130e+003 2.930e+000 4.200e+001 9.558e-001-3.062e+000-5.270e-004 6.913e-001-2.433e+001 6.543e+002 5.279e-002-1.296e+001-1.136e-001 2.772e+000 1.426e-001 2.379e-004 1.766e+000-4.613e+001 1.163e+000 2.699e+001
 5.250e+003 2.930e+000 6.900e+001 4.798e-001-2.042e+000 2.168e-002 3.873e-001-1.153e+001 3.037e+002-7.287e-001-6.748e+000-6.790e-002 1.877e+000 1.441e-001 1.319e-001 5.242e-001-8.216e+000 1.679e+000 3.507e+001
 5.380e+003 2.930e+000 7.200e+001 1.060e+000-3.906e+000 1.239e-001 2.475e+000-2.705e+001 7.336e+002-4.194e+000-7.256e+001-2.376e-001 5.831e+000 3.093e-001-2.325e-001-1.511e+000 3.793e+001 4.218e+000 7.996e+001
 5.500e+003 2.930e+000 4.500e+001 4.271e-001-1.642e+000-4.512e-002-3.859e-001-1.068e+001 2.833e+002 8.227e-001 8.274e+000-6.238e-002 1.791e+000 1.144e-001 1.005e-001 2.090e-001-2.334e+000 1.468e+000 2.874e+001
 5.630e+003 2.930e+000 7.200e+001 2.768e+000-1.363e+001-4.152e-001-9.932e+000-7.036e+001 1.882e+003 1.841e+000 1.246e+002-1.600e+000 4.418e+001 1.454e+000 3.592e+000-2.371e+001 6.866e+002 2.327e+001 4.062e+002
 5.750e+003 2.930e+000 7.200e+001 1.086e+000-2.197e+000-8.852e-002-1.399e+000-2.573e+001 6.413e+002 1.316e+000 2.681e+001-3.119e-001 9.448e+000 8.210e-001 2.651e+000-2.363e+000 9.311e+001 1.274e+001 2.339e+002
 5.880e+003 2.930e+000 4.800e+001 8.298e-001-2.768e+000-1.560e-001-2.656e+000-1.949e+001 4.846e+002 2.393e+000 4.749e+001-1.801e-001 6.478e+000 7.034e-001 1.998e+000-1.303e+000 7.562e+001 1.298e+001 2.611e+002
 6.000e+003 2.930e+000 7.200e+001 5.496e+000-2.236e+001-2.637e-001-5.498e+000-1.318e+002 3.321e+003-8.052e+000-7.242e+001-2.998e+000 8.022e+001 4.212e+000 8.411e+000-4.186e+001 1.191e+003 7.097e+001 1.289e+003
 6.130e+003 2.930e+000 7.200e+001 1.392e+000-4.777e+000-1.450e-001 9.331e-001-3.106e+001 7.326e+002 2.248e+000-2.567e+001-1.504e-001 4.897e+000 4.854e-001 1.029e+000 8.796e-001-1.441e+000 6.776e+000 1.352e+002
 6.250e+003 2.930e+000 4.800e+001 2.082e+000-6.542e+000 3.436e-001 8.562e+000-4.923e+001 1.198e+003-1.122e+001-2.461e+002-8.322e-001 1.955e+001 8.128e-001-9.663e-001-1.087e+001 2.433e+002 1.198e+001 1.986e+002
 6.380e+003 2.930e+000 7.200e+001 8.801e-001-2.566e+000-1.840e-002 3.648e-001-1.976e+001 4.731e+002 5.316e-001-4.380e+000-1.272e-001 3.416e+000 2.238e-001 8.480e-002 1.975e-001-1.949e+000 1.805e+000 2.812e+001
 6.500e+003 2.930e+000 7.200e+001 1.594e+000-4.897e+000-1.446e-001-1.015e+000-3.418e+001 7.639e+002 2.433e+000 1.705e+001-2.734e-001 6.640e+000 1.806e-001 4.148e-002-1.400e+000 3.659e+001 1.300e+000 1.852e+001
 6.630e+003 2.930e+000 4.500e+001 7.141e-001-2.412e+000 1.251e-001 2.323e+000-1.544e+001 3.534e+002-3.060e+000-5.784e+001-1.626e-001 3.299e+000 3.031e-001-2.712e-001-1.740e+000 3.281e+001 3.375e+000 5.155e+001
 6.750e+003 2.930e+000 7.200e+001 1.178e+000-3.439e+000-7.466e-002 4.080e-001-2.448e+001 5.337e+002 1.162e+000-1.096e+001-2.466e-001 5.581e+000 2.356e-001-1.563e-001-1.025e+000 2.128e+001 1.472e+000 2.088e+001
 6.880e+003 2.930e+000 6.600e+001 5.107e-001-1.445e+000-2.090e-002 2.041e-001-9.795e+000 2.065e+002 4.250e-002-7.911e+000-2.636e-002 7.193e-001 1.986e-001 3.141e-001 6.114e-001-9.572e+000 1.784e+000 2.960e+001
 7.000e+003 2.930e+000 4.500e+001 3.131e-001-9.480e-001-3.554e-002-2.467e-001-5.896e+000 1.223e+002 5.897e-001 5.045e+000-6.188e-002 1.531e+000 9.354e-002 1.018e-001-1.013e-001 4.400e+000 6.316e-001 1.188e+001
 7.130e+003 2.930e+000 6.600e+001 5.722e-001-1.037e+000-9.624e-002-1.016e+000-1.148e+001 2.482e+002 1.982e+000 2.405e+001-1.115e-001 2.804e+000 1.516e-001 1.747e-001-2.621e-001 1.193e+001 1.297e+000 2.352e+001
 7.250e+003 2.930e+000 5.700e+001 2.046e-001-1.339e-001 2.065e-003-8.632e-002-3.301e+000 6.262e+001-4.553e-002 1.134e+000-6.091e-002 1.391e+000 1.586e-001-1.072e-001-1.892e-001 6.557e+000 1.121e+000 1.477e+001
 7.380e+003 2.930e+000 4.200e+001 1.851e-001-5.137e-001 1.527e-002 1.726e-001-3.143e+000 6.559e+001-2.268e-001-3.509e+000-3.380e-002 7.978e-001 9.819e-002 2.100e-002-2.457e-002 1.606e+000 6.114e-001 1.022e+001
 7.500e+003 2.930e+000 6.600e+001 6.931e-001-9.870e-001-6.029e-002 2.675e-002-1.385e+001 2.965e+002 1.097e+000 1.472e-001-1.721e-001 4.138e+000 2.467e-001-1.586e-001-1.002e+000 2.348e+001 2.003e+000 2.791e+001
 7.630e+003 2.930e+000 5.400e+001 2.387e-001-6.838e-001-2.628e-003 2.016e-001-3.951e+000 8.015e+001 6.249e-002-4.500e+000-1.609e-003 2.772e-001 1.960e-001-4.995e-002 3.107e-001-2.802e+000 1.961e+000 3.010e+001
 7.750e+003 2.930e+000 4.800e+001 4.020e-001-6.109e-001 1.759e-002 3.357e-001-7.624e+000 1.615e+002-2.487e-002-3.924e+000-7.225e-002 1.566e+000 2.946e-001 1.946e-001 8.577e-002 1.551e+000 3.170e+000 4.979e+001
 7.880e+003 2.930e+000 5.700e+001 6.271e-001-7.260e-001-2.116e-001-2.701e-001-1.097e+001 2.249e+002 3.292e+000 2.797e+000 3.960e-002-7.498e-001 7.111e-001 1.421e+000 2.023e+000-3.350e+001 5.967e+000 9.441e+001
 8.000e+003 2.930e+000 6.000e+001 1.075e+000 4.412e-001 3.956e-002 1.077e+000-1.210e+001 1.693e+002-6.701e-001-2.072e+001-1.110e+000 9.197e+000 3.184e+000 2.221e+000-4.269e+000 4.328e+001 1.693e+001 1.400e+002
 8.130e+003 2.930e+000 4.500e+001 7.185e-001-1.305e+000-6.475e-002 2.332e-001-1.374e+001 2.883e+002 5.622e-001-1.084e+001-2.152e-001 5.425e+000 6.370e-001 2.739e-001-1.351e+000 4.624e+001 6.527e+000 8.685e+001
 8.250e+003 2.930e+000 5.400e+001 3.556e-001-8.323e-001-3.186e-003-1.246e-001-5.308e+000 9.143e+001-1.461e-002 1.721e+000-8.405e-002 1.626e+000 2.846e-001 6.141e-001-4.429e-001 1.088e+001 2.783e+000 4.209e+001
 8.380e+003 2.930e+000 6.600e+001 7.555e-001-1.826e+000 3.007e-002 9.487e-001-1.356e+001 2.652e+002-8.565e-001-1.845e+001-1.729e-001 3.673e+000 3.169e-001 1.069e-001-4.759e-001 1.452e+001 2.746e+000 3.989e+001
 8.500e+003 2.930e+000 4.500e+001 2.803e-001-7.306e-001 1.717e-002 4.867e-001-4.917e+000 9.772e+001-2.163e-001-8.058e+000-3.587e-002 9.216e-001 1.974e-001-1.313e-001 1.583e-001 1.835e-001 1.659e+000 2.390e+001
 8.630e+003 2.930e+000 6.600e+001 4.562e-001-1.383e+000-1.192e-001-1.007e+000-7.095e+000 1.299e+002 2.035e+000 2.295e+001-3.415e-002 1.369e+000 2.884e-001 7.775e-001 9.761e-001-6.983e+000 2.313e+000 3.697e+001
 8.750e+003 2.930e+000 6.900e+001 6.085e-001-2.209e+000-9.543e-002-6.400e-001-9.587e+000 1.759e+002 1.528e+000 1.488e+001-6.707e-002 1.497e+000 2.020e-001 4.288e-001 6.187e-001-9.505e+000 1.125e+000 1.619e+001
 8.880e+003 2.930e+000 4.200e+001 2.896e-001-9.085e-001-2.508e-002-2.341e-001-4.490e+000 8.195e+001 3.387e-001 4.103e+000-6.275e-002 1.294e+000 1.336e-001 9.854e-002 2.192e-002 1.697e+000 6.949e-001 8.439e+000
 9.000e+003 2.930e+000 6.900e+001 1.057e+000-3.517e+000-2.883e-001-2.858e+000-1.705e+001 3.072e+002 5.113e+000 5.769e+001-1.409e-001 3.251e+000 4.271e-001 9.073e-001 9.610e-001-5.522e+000 2.754e+000 2.929e+001
 9.130e+003 2.930e+000 6.600e+001 6.803e-001-2.508e+000-8.119e-002-9.790e-001-9.743e+000 1.626e+002 9.841e-001 1.623e+001-1.679e-001 2.666e+000 3.434e-001 7.140e-001 1.483e-001 9.150e-001 1.683e+000 1.755e+001
 9.250e+003 2.930e+000 4.500e+001 1.383e+000-4.758e+000-2.360e-001-2.084e+000-2.271e+001 4.013e+002 3.324e+000 3.722e+001-2.678e-001 5.119e+000 2.861e-001 7.140e-001 2.085e-001 4.535e+000 1.276e+000 1.350e+001
 9.380e+003 2.930e+000 7.200e+001 7.329e-001-2.631e+000-2.108e-003-4.753e-001-9.852e+000 1.571e+002-3.468e-001 8.301e+000-1.768e-001 2.315e+000 3.234e-001 6.465e-001-1.196e-001 3.024e+000 1.585e+000 1.448e+001
 9.500e+003 2.930e+000 6.900e+001 1.278e+000-3.327e+000-1.100e-001-4.637e-001-1.891e+001 3.085e+002 1.758e+000 1.088e+001-1.839e-001 2.903e+000 2.968e-001 6.456e-001 3.182e-001-5.962e+000 1.325e+000 1.184e+001
 9.630e+003 2.930e+000 4.200e+001 4.824e-001-1.882e+000-4.819e-002-6.888e-001-5.715e+000 8.534e+001 4.054e-001 9.170e+000-1.005e-001 1.511e+000 1.220e-001 2.807e-001-7.886e-002 4.878e+000 5.385e-001 5.502e+000
 9.750e+003 2.930e+000 6.600e+001 1.022e+000-2.374e+000-3.311e-002 1.660e-001-1.337e+001 2.016e+002 4.940e-001 7.910e-001-6.074e-002 1.250e+000 1.574e-001 2.080e-001 9.191e-001-1.081e+001 5.690e-001 7.312e+000
 9.880e+003 2.930e+000 7.200e+001 3.841e+000-6.564e+000 2.807e-001 5.204e+000-4.820e+001 6.643e+002-2.453e+000-4.399e+001-5.018e-002 2.542e+000 4.039e-001 4.527e-001 5.074e+000-5.893e+001 2.446e+000 3.357e+001
 1.000e+004 2.930e+000 3.240e+002 1.927e+001-2.541e+001 2.826e+000 3.525e+001-2.090e+002 2.482e+003-2.335e+001-2.851e+002 1.897e+000-1.400e+001 2.155e+000 1.294e+000 3.494e+001-3.723e+002 1.736e+001 2.056e+002
 1.130e+004 2.930e+000 5.730e+002 5.203e+000-1.491e+001-4.855e-001-2.910e+000-6.991e+001 1.084e+003 5.000e+000 5.091e+001-1.098e+000 1.930e+001 1.637e+000 3.219e+000 5.383e-001 9.374e+000 6.823e+000 8.373e+001
 1.250e+004 2.930e+000 5.190e+002 2.464e+000-6.083e+000-1.714e-001-1.632e+000-2.820e+001 4.070e+002 1.955e+000 3.341e+001-4.314e-001 9.622e+000 2.205e+000 4.139e+000 7.687e-001 2.300e+001 1.745e+001 2.049e+002
 1.380e+004 2.930e+000 4.440e+002 2.031e+000-5.436e+000-1.561e-001-1.624e+000-2.317e+001 3.376e+002 1.631e+000 3.853e+001-5.637e-001 1.303e+001 2.859e+000 6.878e+000-2.048e+000 7.588e+001 2.565e+001 2.979e+002
 1.500e+004 2.930e+000 4.620e+002 3.250e+000-9.214e+000 3.610e-001 3.385e+000-3.276e+001 4.199e+002-3.347e+000-1.711e+001-6.275e-001 1.004e+001 1.526e+000 2.378e+000-2.642e+000 4.500e+001 1.056e+001 1.151e+002
 1.630e+004 2.930e+000 4.230e+002 1.913e+000-6.258e+000 3.139e-001 2.969e+000-1.597e+001 1.872e+002-2.133e+000-2.061e+001-8.761e-002 1.109e+000 1.023e+000 1.737e+000 1.194e-001-4.130e+000 6.033e+000 6.475e+001
 1.750e+004 2.930e+000 3.060e+002 1.341e+000-5.146e+000 7.847e-002-3.728e-001-9.168e+000 1.125e+002-2.790e+000 1.613e+001-5.363e-001 1.076e+001 3.041e+000 8.081e+000-2.094e+000 8.882e+001 2.758e+001 3.079e+002
 1.880e+004 2.930e+000 2.850e+002 1.588e+000-8.021e+000-1.538e-001-3.472e+000-1.008e+001 1.163e+002-1.007e+000 3.487e+001-3.869e-001 4.446e+000 7.242e-001 2.880e+000 1.093e+000 2.008e+001 4.035e+000 5.866e+001
 2.000e+004 2.930e+000 4.440e+002 1.166e+001-5.207e+001 3.489e+000 1.038e+002-8.061e+001 8.048e+002 3.449e+001-3.776e+002 1.299e+001-1.064e+002 1.670e+001 9.774e+001 7.743e+001-1.012e+003 1.237e+002 1.518e+003
 2.130e+004 2.930e+000 2.520e+002 2.060e+000-9.289e+000-1.412e-002 4.151e+000-1.425e+001 1.486e+002 2.347e+000-2.712e+000 4.797e-001-3.227e+000 3.301e-001 1.536e+000 5.872e+000-6.215e+001 1.884e+000 3.288e+001
 2.250e+004 2.930e+000 1.170e+002 1.179e-001-2.637e-001 6.424e-003-4.773e-002-4.531e-001 4.306e+000-1.139e-001-2.566e-002-1.156e-002 1.928e-001 8.606e-002 8.877e-002-9.934e-002 1.101e+000 1.110e-001 9.075e-001
 2.380e+004 2.930e+000 2.970e+002 6.132e-001-1.617e+000 4.435e-001 2.166e+000-4.290e+000 4.565e+001-5.526e+000-3.375e+001-5.770e-001 4.776e+000 1.895e+000 4.724e+000-6.084e+000 5.352e+001 1.453e+001 1.360e+002
 2.500e+004 2.930e+000 9.900e+001 6.059e-002-8.073e-002 1.279e-002 1.097e-001-1.410e-001 1.359e+000-8.698e-002-7.736e-001 2.087e-003 2.728e-004 7.202e-002 7.095e-002-3.937e-002 2.278e-003 1.941e-001 1.647e+000
 2.630e+004 2.930e+000 9.300e+001 2.877e-002 2.791e-001 3.789e-003 6.497e-002-2.221e-001 1.684e+002-2.026e-001 2.232e+001 3.271e-003 6.072e-001 4.297e-002 1.465e-001-8.326e-002 3.907e+001 1.576e-001 1.258e+001
 2.750e+004 2.930e+000 8.700e+001 4.244e-002-4.185e-002 3.400e-003 3.769e-002-8.333e-002 4.789e+000 1.253e-001 1.001e+000 1.044e-002-3.291e-003 5.084e-002 7.404e-002 4.122e-002 5.780e-001 1.293e-001 1.263e+000
 2.880e+004 2.930e+000 7.800e+001 2.232e-002-6.926e-003 1.433e-003-4.829e-003-2.859e-002 4.342e-001 6.384e-004 5.174e-002 7.544e-004 4.804e-003 4.481e-002 2.537e-002 4.142e-003-4.834e-002 3.069e-002 2.237e-001
 3.000e+004 2.930e+000 1.620e+002 9.369e-002-1.881e-001 2.998e-002 1.406e-001-4.399e-001 5.620e+000-1.838e-001-3.123e-001-4.947e-002 6.592e-001 2.854e-001 4.510e-001-4.541e-001 5.224e+000 1.825e+000 1.563e+001
 3.130e+004 2.930e+000 1.500e+002 5.531e-002-5.625e-002 8.568e-003-2.301e-001-9.120e-002 8.868e-001-1.964e-001-1.352e-001-5.676e-002 2.583e-001 3.580e-001 1.409e+000-3.535e-001 2.403e+000 1.772e+000 1.680e+001
 3.250e+004 2.930e+000 9.900e+001 3.166e-002-3.046e-002-3.743e-003-4.197e-002-9.453e-002 1.042e+000 3.351e-002 3.133e-001-2.330e-003 8.661e-002 4.558e-002 2.455e-002-2.206e-002 3.671e-001 5.671e-002 3.669e-001
 3.380e+004 2.930e+000 6.900e+001 1.721e-002-1.239e-002 2.420e-003 3.200e-003-1.943e-002 2.269e-001-5.132e-003 2.724e-003 4.595e-004 7.147e-003 2.348e-002 2.607e-004-4.776e-004-2.977e-002 1.228e-002 1.055e-001
 3.500e+004 2.930e+000 1.020e+002 2.371e-002-2.360e-003 1.668e-003-3.683e-003-2.279e-002 1.545e-001-2.140e-003 7.765e-003 1.143e-003 6.621e-003 3.586e-002 8.929e-003-8.562e-003 5.939e-002 3.742e-002 2.401e-001
 3.630e+004 2.930e+000 9.000e+001 2.518e-002-4.826e-002 1.641e-003 2.102e-002-6.489e-002 6.001e-001 2.251e-002 5.431e-002 4.746e-003-1.859e-002 2.672e-002 1.189e-002 3.774e-002-3.123e-001 2.694e-002 2.672e-001
 3.750e+004 2.930e+000 6.000e+001 1.113e-002-4.166e-003 8.435e-004-1.500e-003-2.234e-003 3.980e-002 3.503e-003-8.004e-004 2.081e-003 1.184e-003 1.650e-002 5.597e-003-8.497e-004 6.893e-004 6.506e-003 2.973e-002
 3.880e+004 2.930e+000 4.800e+001 9.893e-003 2.432e-003 1.084e-003 1.378e-003 1.573e-003 3.484e-002-7.316e-004 1.068e-003-1.622e-005-1.156e-003 1.397e-002 1.463e-003-3.050e-003-4.540e-004 6.292e-003 1.923e-002
 4.000e+004 2.930e+000 6.300e+001 1.260e-002-1.327e-002 3.815e-003 5.826e-003-2.040e-002 1.070e-001-1.410e-002-2.643e-002-2.724e-004-4.562e-004 1.657e-002 1.016e-003-4.852e-003 6.038e-003 6.828e-003 3.660e-002
 4.130e+004 2.930e+000 7.800e+001 1.348e-002 1.286e-003-3.829e-004 3.162e-003-3.733e-003 4.381e-002 2.367e-003-4.902e-003 1.015e-003 2.906e-003 1.702e-002 7.115e-003-6.835e-004 1.343e-003 4.244e-003 3.308e-002
 4.250e+004 2.930e+000 5.100e+001 9.358e-003-4.224e-003 2.544e-003-5.166e-004-1.047e-002 3.827e-002-5.847e-003-2.107e-003 8.569e-004-3.941e-003 1.130e-002-6.292e-005-1.268e-003 3.543e-003 3.922e-003 1.591e-002
 4.380e+004 2.930e+000 6.300e+001 9.487e-003-9.914e-003 1.258e-003 7.793e-003-1.329e-002 1.267e-001 7.539e-003-6.542e-003 1.631e-003-6.166e-003 1.660e-002 1.187e-002 8.868e-003-8.618e-002 8.898e-003 1.028e-001
 4.500e+004 2.930e+000 5.400e+001 8.638e-003-3.241e-003 1.318e-003 1.299e-003 2.449e-004 2.677e-002 3.871e-003-8.649e-005-2.381e-004 9.123e-004 1.075e-002 1.061e-003 7.957e-004-1.140e-003 1.255e-003 1.525e-002
 4.630e+004 2.930e+000 4.800e+001 5.303e-003-4.083e-003 8.462e-004 2.779e-003-4.524e-003 5.022e-002 1.451e-003-7.560e-003 1.521e-003-6.326e-003 9.809e-003 2.016e-003 3.189e-003-2.076e-002 9.271e-003 3.923e-002
 4.750e+004 2.930e+000 1.410e+002 9.395e-002-2.553e-001 9.683e-003 5.058e-002-5.947e-001 5.494e+000-1.743e-001-5.694e-001-2.699e-002 1.942e-001 3.719e-002-4.319e-003-5.785e-002 2.806e-001 3.627e-002 1.380e-001
 4.880e+004 2.930e+000 9.000e+001 2.560e-002-6.813e-002 2.177e-003 8.955e-003-1.385e-001 1.358e+000-4.433e-002-1.205e-001-6.412e-003 5.303e-002 1.912e-002-4.316e-004-1.299e-002 6.493e-002 9.561e-003 5.292e-002
 5.000e+004 2.930e+000 6.600e+001 7.292e-003-1.110e-002 2.040e-003 1.068e-002-1.233e-002 1.267e-001 2.368e-003-2.698e-002 2.159e-003-1.695e-002 1.079e-002 1.013e-002 5.982e-003-9.620e-002 1.935e-002 1.258e-001
 5.130e+004 2.930e+000 6.000e+001 6.833e-003-1.014e-003 8.006e-004 8.594e-004-5.920e-003 2.492e-002-2.633e-004 1.718e-004 1.079e-003 9.218e-005 7.565e-003-1.630e-004-4.606e-004 4.555e-003 1.021e-003 1.068e-002
 5.250e+004 2.930e+000 6.600e+001 6.345e-003-2.681e-003-2.026e-004-8.514e-004-3.018e-003 2.930e-002-5.385e-004-2.676e-003-1.538e-005 7.812e-004 8.206e-003-1.933e-004-1.533e-003 5.402e-003 2.797e-003 2.158e-002
 5.380e+004 2.930e+000 2.880e+002 6.649e-001-3.183e+000-4.859e-002-1.408e-001-4.396e+000 4.590e+001-4.429e-001 2.504e+000-1.563e-001 1.319e+000 7.961e-002 7.052e-002 3.055e-001-1.348e+000-3.927e-002 3.798e-001
 5.500e+004 2.930e+000 7.200e+001 7.630e-003-7.374e-003 1.450e-003 4.500e-003-7.498e-003 5.910e-002-3.415e-003-1.173e-002 4.295e-004-1.597e-003 7.430e-003 3.165e-003 1.056e-003-8.157e-003 7.564e-003 4.715e-002
 5.630e+004 2.930e+000 1.440e+002 3.543e-002-1.099e-001 1.994e-002 1.872e-001-1.800e-001 1.729e+000-1.253e-001-1.246e+000 3.818e-003-1.082e-001 3.620e-002 3.359e-002 9.779e-003-8.847e-001 1.785e-001 1.657e+000
 5.750e+004 2.930e+000 5.100e+001 3.722e-003-8.036e-004 7.846e-005 1.477e-006-1.216e-003 1.090e-002-8.956e-004-1.848e-003-7.128e-004 1.875e-003 6.399e-003 2.898e-003-5.891e-005 3.826e-003 4.151e-003 1.368e-002
 5.880e+004 2.930e+000 6.000e+001 4.049e-003-7.393e-004 2.688e-004-5.923e-004-1.804e-003 7.990e-003-6.341e-004-2.656e-003-2.118e-004 1.755e-003 7.137e-003 2.242e-003 9.591e-005 3.941e-003 4.732e-003 1.723e-002
 6.000e+004 2.930e+000 9.900e+001 8.837e-003-1.387e-002-5.530e-004-9.428e-003-1.894e-002 1.917e-001-1.218e-003 4.269e-002-2.600e-003 1.944e-002 1.145e-002 1.088e-002-6.072e-003 8.659e-002 2.278e-002 1.469e-001
 6.130e+004 2.930e+000 6.900e+001 5.301e-003-1.018e-003-6.349e-004-6.927e-005-3.032e-004 8.755e-003-9.523e-004 4.042e-004 3.008e-004 6.506e-004 7.075e-003 1.966e-003 4.447e-004 2.069e-003 2.477e-003 1.138e-002
 6.250e+004 2.930e+000 9.600e+001 6.056e-003-1.108e-003 2.638e-004-8.412e-004-3.414e-003 2.545e-002-1.967e-003-2.124e-003 6.923e-004-7.514e-004 7.113e-003 3.779e-003-5.028e-004 3.466e-003 1.502e-003 1.268e-002
 6.380e+004 2.930e+000 1.110e+002 1.371e-002-3.451e-002-3.912e-003-2.439e-002-5.597e-002 5.362e-001 5.568e-003 1.553e-001-5.489e-003 5.217e-002 1.488e-002 2.132e-002-1.516e-003 1.154e-001 2.482e-002 1.426e-001
 6.500e+004 2.930e+000 8.700e+001 3.888e-003-1.476e-003 7.841e-004 2.481e-004-2.316e-003 1.515e-002-4.309e-004 6.585e-004-3.261e-004 4.661e-004 5.123e-003 2.836e-004 4.114e-005 1.049e-003 1.671e-003 9.184e-003
 6.630e+004 2.930e+000 5.400e+001 2.772e-003-1.290e-003-1.017e-004-1.228e-004-1.125e-003 1.590e-002 9.161e-004 6.926e-004 6.710e-005 1.207e-003 4.275e-003 1.738e-003 6.386e-005-7.608e-004 1.510e-003 7.316e-003
 6.750e+004 2.930e+000 5.700e+001 2.420e-003-4.486e-004 3.161e-004 9.034e-004-4.856e-004 5.749e-003-4.667e-004-2.561e-004 8.666e-005-7.190e-005 3.784e-003 6.396e-004-9.613e-004-1.061e-003 3.375e-003 1.586e-002
 6.880e+004 2.930e+000 2.010e+002 1.887e-002-7.267e-002 2.281e-002 3.278e-001-7.070e-002 9.835e-001 1.087e-001-1.512e+000 3.665e-002-3.887e-001 1.827e-001 9.406e-001 8.730e-002-2.837e+000 9.910e-001 1.086e+001
 7.000e+004 2.930e+000 6.600e+001 2.309e-003-5.989e-004 2.183e-004-3.104e-004-1.621e-003 1.383e-002 1.652e-003 2.596e-003 1.284e-004 1.457e-004 2.839e-003 2.150e-003 8.599e-004-6.761e-003 1.087e-003 9.841e-003
 7.130e+004 2.930e+000 5.400e+001 2.147e-003-5.514e-004-1.699e-004 8.896e-005-1.224e-003 6.637e-003-3.687e-004-1.187e-004-8.309e-005-2.134e-005 3.097e-003 5.917e-004-2.745e-004 5.802e-005-9.856e-005 1.363e-003
 7.250e+004 2.930e+000 4.800e+001 2.078e-003-2.535e-004 5.415e-005-8.237e-005-1.958e-003 8.175e-003-4.059e-004 2.337e-004-8.353e-005-8.194e-005 2.132e-003 1.102e-004 1.668e-004-3.514e-004 1.494e-004 5.816e-004
 7.380e+004 2.930e+000 4.500e+001 1.292e-003-8.348e-004-6.194e-005 2.647e-005-5.968e-004 3.601e-003-4.035e-004 4.574e-004 8.601e-005-1.922e-004 1.990e-003 3.613e-004 1.176e-004-5.733e-004 2.838e-004 2.286e-003
 7.500e+004 2.930e+000 5.700e+001 2.236e-003-8.819e-004 1.944e-004 2.193e-004-3.616e-004 6.517e-003-3.553e-004 2.252e-004-6.529e-005-4.503e-004 1.780e-003-6.478e-006 4.292e-004-6.767e-004 6.925e-005 1.183e-003
 7.630e+004 2.930e+000 5.700e+001 1.480e-003-7.062e-004 5.159e-005 1.159e-004-7.903e-004 6.184e-003-6.902e-006 9.908e-004 1.392e-004-6.976e-005 1.496e-003 8.440e-005 2.535e-004-1.983e-003 1.135e-005 1.818e-003
 7.750e+004 2.930e+000 4.500e+001 1.166e-003-9.006e-004 1.613e-004-2.019e-005-8.175e-004 4.139e-003-1.696e-004-1.637e-004 5.687e-005 1.541e-004 1.279e-003-1.641e-004-1.577e-005 1.078e-004-1.169e-004 5.461e-004
 7.880e+004 2.930e+000 4.500e+001 1.258e-003-1.186e-004-3.054e-004-5.720e-005-7.047e-004 2.195e-003 3.403e-004 0.000e+000-2.589e-005 2.770e-005 1.362e-003 5.770e-005 3.974e-005 1.065e-012 6.249e-005 2.672e-004
 8.000e+004 2.930e+000 5.400e+001 1.646e-003-8.172e-004-1.931e-005 4.797e-005-1.001e-003 2.066e-002-4.436e-004 1.946e-003-2.817e-005 1.533e-004 1.481e-003-4.662e-006 1.542e-004 8.336e-004 1.553e-005 1.632e-003
 8.130e+004 2.930e+000 6.600e+001 1.831e-003-5.878e-004 9.424e-005 6.479e-005-1.247e-003 5.411e-003-2.602e-004-6.612e-007-1.327e-004 9.985e-005 1.259e-003 8.631e-005 5.659e-005-2.597e-004 2.666e-004 3.633e-004
 8.250e+004 2.930e+000 6.000e+001 1.533e-003-4.182e-004-2.454e-004 1.399e-004-7.797e-004 3.726e-003 2.147e-004-2.542e-004 1.254e-005-2.342e-004 1.831e-003 2.420e-005 6.280e-006-2.031e-004 1.931e-004 8.142e-004
 8.380e+004 2.930e+000 6.900e+001 1.334e-003-5.739e-004-1.291e-004 6.971e-005-7.561e-004 7.294e-003 3.331e-004 9.065e-004 1.455e-004-1.433e-004 1.589e-003 2.096e-004 2.888e-004-1.765e-003 4.643e-004 2.919e-003
 8.500e+004 2.930e+000 7.200e+001 1.782e-003-1.545e-004 2.490e-004 2.906e-004-5.514e-004 2.870e-003 2.058e-004-1.488e-004 6.758e-005 4.175e-004 1.180e-003 4.588e-004 3.879e-005-4.456e-004 9.466e-005 1.682e-003
 8.630e+004 2.930e+000 4.800e+001 8.548e-004 3.607e-005 1.568e-005-6.249e-005-3.365e-004 2.871e-003-1.293e-004 9.837e-005-1.801e-004-2.225e-004 1.069e-003 1.433e-004 9.332e-005-3.405e-004 2.364e-004 8.770e-004
 8.750e+004 2.930e+000 4.800e+001 1.077e-003-4.394e-005 7.814e-005 2.057e-005-6.702e-004 2.352e-003-1.741e-004-3.369e-004 9.615e-005-2.484e-004 9.666e-004 3.130e-004 6.314e-005-4.876e-005 4.012e-004 2.107e-003
 8.880e+004 2.930e+000 9.000e+001 1.334e-003 3.051e-004 2.400e-005-3.908e-004-4.992e-004 7.053e-003-7.244e-005-1.854e-003 1.602e-004-1.159e-004 2.047e-003 2.974e-004 7.027e-004-1.570e-003 2.794e-003 1.441e-002
 9.000e+004 2.930e+000 6.600e+001 1.085e-003-3.794e-004-1.941e-005 5.258e-004-6.630e-004 4.808e-003-2.558e-004-2.887e-003-3.114e-006-2.854e-004 1.852e-003 1.815e-003-5.169e-006-2.335e-003 3.737e-003 2.610e-002
 9.130e+004 2.930e+000 1.140e+002 1.987e-003-1.129e-003 1.606e-004 5.063e-004-8.417e-004 9.659e-003-3.162e-004-3.164e-003-8.882e-005-4.222e-004 2.672e-003 2.774e-003-9.543e-004-2.672e-003 5.945e-003 3.758e-002
 9.250e+004 2.930e+000 1.470e+002 2.314e-003-7.397e-004-8.008e-005-1.383e-004-2.228e-003 1.790e-002-5.626e-006-1.583e-003 2.231e-004-1.719e-003 4.221e-003 5.085e-003 7.780e-004-1.368e-002 1.014e-002 7.376e-002
 9.380e+004 2.930e+000 9.300e+001 1.951e-003-8.466e-004 8.011e-005 5.682e-004-9.764e-004 8.602e-003 1.881e-004-1.428e-003 2.917e-005-4.459e-004 2.988e-003 3.561e-003-9.807e-004-3.223e-003 6.568e-003 3.593e-002
 9.500e+004 2.930e+000 1.350e+002 2.586e-003-1.230e-003 5.676e-005-3.029e-005-1.883e-003 1.292e-002-7.628e-004-4.690e-003-1.945e-004-9.722e-004 3.205e-003 4.097e-003-1.511e-003-3.955e-003 7.996e-003 5.132e-002
 9.630e+004 2.930e+000 0.000e+000 0.000e+000 0.000e+000 0.000e+000 0.000e+000 0.000e+000 0.000e+000 0.000e+000 0.000e+000 0.000e+000 0.000e+000 0.000e+000 0.000e+000 0.000e+000 0.000e+000 0.000e+000 0.000e+000
 9.750e+004 2.930e+000 0.000e+000 0.000e+000 0.000e+000 0.000e+000 0.000e+000 0.000e+000 0.000e+000 0.000e+000 0.000e+000 0.000e+000 0.000e+000 0.000e+000 0.000e+000 0.000e+000 0.000e+000 0.000e+000 0.000e+000
 9.880e+004 2.930e+000 0.000e+000 0.000e+000 0.000e+000 0.000e+000 0.000e+000 0.000e+000 0.000e+000 0.000e+000 0.000e+000 0.000e+000 0.000e+000 0.000e+000 0.000e+000 0.000e+000 0.000e+000 0.000e+000 0.000e+000
 1.000e+005 2.930e+000 0.000e+000 0.000e+000 0.000e+000 0.000e+000 0.000e+000 0.000e+000 0.000e+000 0.000e+000 0.000e+000 0.000e+000 0.000e+000 0.000e+000 0.000e+000 0.000e+000 0.000e+000 0.000e+000 0.000e+000
