 6.250e+000 2.930e+000 0.000e+000 0.000e+000 0.000e+000 0.000e+000 0.000e+000 0.000e+000 0.000e+000 0.000e+000 0.000e+000 0.000e+000 0.000e+000 0.000e+000 0.000e+000 0.000e+000 0.000e+000 0.000e+000 0.000e+000
 7.500e+000 2.930e+000 0.000e+000 0.000e+000 0.000e+000 0.000e+000 0.000e+000 0.000e+000 0.000e+000 0.000e+000 0.000e+000 0.000e+000 0.000e+000 0.000e+000 0.000e+000 0.000e+000 0.000e+000 0.000e+000 0.000e+000
 8.750e+000 2.930e+000 0.000e+000 0.000e+000 0.000e+000 0.000e+000 0.000e+000 0.000e+000 0.000e+000 0.000e+000 0.000e+000 0.000e+000 0.000e+000 0.000e+000 0.000e+000 0.000e+000 0.000e+000 0.000e+000 0.000e+000
 1.000e+001 2.930e+000 0.000e+000 0.000e+000 0.000e+000 0.000e+000 0.000e+000 0.000e+000 0.000e+000 0.000e+000 0.000e+000 0.000e+000 0.000e+000 0.000e+000 0.000e+000 0.000e+000 0.000e+000 0.000e+000 0.000e+000
 1.130e+001 2.930e+000 2.700e+001 4.072e+004 3.514e+004-2.753e+003-1.735e+004-2.846e+004 6.359e+005-2.236e+004 4.888e+004 2.459e+004-3.199e+004 2.033e+004-1.097e+004-2.854e+003-1.484e+005 9.353e+002 1.635e+005
 1.250e+001 2.930e+000 0.000e+000 0.000e+000 0.000e+000 0.000e+000 0.000e+000 0.000e+000 0.000e+000 0.000e+000 0.000e+000 0.000e+000 0.000e+000 0.000e+000 0.000e+000 0.000e+000 0.000e+000 0.000e+000 0.000e+000
 1.380e+001 2.930e+000 0.000e+000 0.000e+000 0.000e+000 0.000e+000 0.000e+000 0.000e+000 0.000e+000 0.000e+000 0.000e+000 0.000e+000 0.000e+000 0.000e+000 0.000e+000 0.000e+000 0.000e+000 0.000e+000 0.000e+000
 1.500e+001 2.930e+000 2.700e+001 3.146e+004 2.354e+004-3.473e+002-9.404e+003-1.649e+004 3.449e+005-1.500e+004 6.469e+004 1.936e+004-1.914e+004 1.747e+004-1.050e+004-5.620e+003-9.868e+004-3.174e+003 1.999e+005
 1.630e+001 2.930e+000 0.000e+000 0.000e+000 0.000e+000 0.000e+000 0.000e+000 0.000e+000 0.000e+000 0.000e+000 0.000e+000 0.000e+000 0.000e+000 0.000e+000 0.000e+000 0.000e+000 0.000e+000 0.000e+000 0.000e+000
 1.750e+001 2.930e+000 2.700e+001 3.042e+004 2.899e+004-9.721e+002-2.424e+004-1.350e+004 2.970e+005-1.919e+004 6.149e+003 1.893e+004-2.208e+004 1.738e+004-1.859e+004 2.861e+003-8.294e+004 6.941e+002 1.361e+005
 1.880e+001 2.930e+000 0.000e+000 0.000e+000 0.000e+000 0.000e+000 0.000e+000 0.000e+000 0.000e+000 0.000e+000 0.000e+000 0.000e+000 0.000e+000 0.000e+000 0.000e+000 0.000e+000 0.000e+000 0.000e+000 0.000e+000
 2.000e+001 2.930e+000 2.700e+001 3.122e+004 1.708e+004-2.150e+003-1.652e+004-2.406e+004 2.847e+005-9.509e+003 4.942e+004 2.075e+004-2.837e+004 2.000e+004-1.116e+004 1.936e+003-7.604e+004 4.251e+003 1.226e+005
 2.130e+001 2.930e+000 0.000e+000 0.000e+000 0.000e+000 0.000e+000 0.000e+000 0.000e+000 0.000e+000 0.000e+000 0.000e+000 0.000e+000 0.000e+000 0.000e+000 0.000e+000 0.000e+000 0.000e+000 0.000e+000 0.000e+000
 2.250e+001 2.930e+000 0.000e+000 0.000e+000 0.000e+000 0.000e+000 0.000e+000 0.000e+000 0.000e+000 0.000e+000 0.000e+000 0.000e+000 0.000e+000 0.000e+000 0.000e+000 0.000e+000 0.000e+000 0.000e+000 0.000e+000
 2.380e+001 2.930e+000 2.700e+001 4.278e+004 1.711e+004-2.744e+003-2.230e+004-1.795e+004 2.072e+005-1.679e+004 3.304e+004 3.065e+004-2.457e+004 2.821e+004-2.224e+004-3.401e+003-5.623e+004 1.696e+003 1.046e+005
 2.500e+001 2.930e+000 0.000e+000 0.000e+000 0.000e+000 0.000e+000 0.000e+000 0.000e+000 0.000e+000 0.000e+000 0.000e+000 0.000e+000 0.000e+000 0.000e+000 0.000e+000 0.000e+000 0.000e+000 0.000e+000 0.000e+000
 2.630e+001 2.930e+000 2.700e+001 4.810e+004 2.735e+004-3.308e+003-1.963e+004-3.974e+004 2.222e+005-2.325e+004 3.164e+004 3.742e+004-4.317e+004 3.654e+004-1.583e+004 1.493e+003-4.284e+004 1.093e+003 9.976e+004
 2.750e+001 2.930e+000 0.000e+000 0.000e+000 0.000e+000 0.000e+000 0.000e+000 0.000e+000 0.000e+000 0.000e+000 0.000e+000 0.000e+000 0.000e+000 0.000e+000 0.000e+000 0.000e+000 0.000e+000 0.000e+000 0.000e+000
 2.880e+001 2.930e+000 2.700e+001 6.530e+004 4.207e+004-3.341e+003-4.200e+004-5.204e+004 3.404e+005-4.167e+004 5.937e+004 5.151e+004-6.168e+004 4.768e+004-3.729e+004-1.689e+003-6.579e+004 5.568e+003 1.033e+005
 3.000e+001 2.930e+000 0.000e+000 0.000e+000 0.000e+000 0.000e+000 0.000e+000 0.000e+000 0.000e+000 0.000e+000 0.000e+000 0.000e+000 0.000e+000 0.000e+000 0.000e+000 0.000e+000 0.000e+000 0.000e+000 0.000e+000
 3.130e+001 2.930e+000 0.000e+000 0.000e+000 0.000e+000 0.000e+000 0.000e+000 0.000e+000 0.000e+000 0.000e+000 0.000e+000 0.000e+000 0.000e+000 0.000e+000 0.000e+000 0.000e+000 0.000e+000 0.000e+000 0.000e+000
 3.250e+001 2.930e+000 2.700e+001 7.857e+004 5.435e+004-5.127e+003-5.545e+004-4.180e+004 6.953e+005-6.038e+004 5.445e+004 6.567e+004-5.445e+004 6.274e+004-4.869e+004-2.069e+003-2.378e+004 3.029e+003 1.291e+005
 3.380e+001 2.930e+000 0.000e+000 0.000e+000 0.000e+000 0.000e+000 0.000e+000 0.000e+000 0.000e+000 0.000e+000 0.000e+000 0.000e+000 0.000e+000 0.000e+000 0.000e+000 0.000e+000 0.000e+000 0.000e+000 0.000e+000
 3.500e+001 2.930e+000 2.400e+001 1.237e+005 5.124e+004-8.935e+003-6.236e+004-1.284e+005 1.021e+007 1.791e+004 2.417e+004 1.128e+005-1.156e+005 1.109e+005-5.814e+004-4.621e+003 1.367e+006-3.005e+002 3.270e+005
 3.630e+001 2.930e+000 0.000e+000 0.000e+000 0.000e+000 0.000e+000 0.000e+000 0.000e+000 0.000e+000 0.000e+000 0.000e+000 0.000e+000 0.000e+000 0.000e+000 0.000e+000 0.000e+000 0.000e+000 0.000e+000 0.000e+000
 3.750e+001 2.930e+000 2.700e+001 2.855e+005 2.172e+005-3.154e+003-2.302e+004-1.310e+005 4.995e+005-1.971e+005 7.332e+004 2.712e+005-1.393e+005 2.680e+005-5.141e+003-4.737e+004-2.659e+004-3.583e+004 2.829e+005
 3.880e+001 2.930e+000 0.000e+000 0.000e+000 0.000e+000 0.000e+000 0.000e+000 0.000e+000 0.000e+000 0.000e+000 0.000e+000 0.000e+000 0.000e+000 0.000e+000 0.000e+000 0.000e+000 0.000e+000 0.000e+000 0.000e+000
 4.000e+001 2.930e+000 0.000e+000 0.000e+000 0.000e+000 0.000e+000 0.000e+000 0.000e+000 0.000e+000 0.000e+000 0.000e+000 0.000e+000 0.000e+000 0.000e+000 0.000e+000 0.000e+000 0.000e+000 0.000e+000 0.000e+000
 4.130e+001 2.930e+000 2.700e+001 8.587e+005 6.411e+005-2.685e+004-2.484e+004-3.824e+005 7.866e+005-5.889e+005 1.523e+005 8.148e+005-3.904e+005 7.830e+005-1.173e+004-1.239e+005-1.025e+004-1.109e+005 3.849e+005
 4.250e+001 2.930e+000 0.000e+000 0.000e+000 0.000e+000 0.000e+000 0.000e+000 0.000e+000 0.000e+000 0.000e+000 0.000e+000 0.000e+000 0.000e+000 0.000e+000 0.000e+000 0.000e+000 0.000e+000 0.000e+000 0.000e+000
 4.380e+001 2.930e+000 2.700e+001 6.491e+005 5.156e+005-3.364e+004-3.264e+005-3.213e+005 7.054e+005-4.540e+005 2.226e+005 5.974e+005-3.265e+005 5.629e+005-2.752e+005 2.103e+004-3.079e+005 5.116e+004 5.748e+005
 4.500e+001 2.930e+000 0.000e+000 0.000e+000 0.000e+000 0.000e+000 0.000e+000 0.000e+000 0.000e+000 0.000e+000 0.000e+000 0.000e+000 0.000e+000 0.000e+000 0.000e+000 0.000e+000 0.000e+000 0.000e+000 0.000e+000
 4.630e+001 2.930e+000 2.700e+001 2.111e+006 1.759e+006-7.557e+004-1.304e+006-1.185e+006 2.222e+006-1.617e+006 5.648e+005 1.987e+006-1.183e+006 1.905e+006-1.111e+006 2.524e+005-1.229e+006 3.875e+005 2.041e+006
 4.750e+001 2.930e+000 0.000e+000 0.000e+000 0.000e+000 0.000e+000 0.000e+000 0.000e+000 0.000e+000 0.000e+000 0.000e+000 0.000e+000 0.000e+000 0.000e+000 0.000e+000 0.000e+000 0.000e+000 0.000e+000 0.000e+000
 4.880e+001 2.930e+000 0.000e+000 0.000e+000 0.000e+000 0.000e+000 0.000e+000 0.000e+000 0.000e+000 0.000e+000 0.000e+000 0.000e+000 0.000e+000 0.000e+000 0.000e+000 0.000e+000 0.000e+000 0.000e+000 0.000e+000
 5.000e+001 2.930e+000 2.700e+001 8.799e+008 2.822e+008-4.055e+007-5.174e+008-4.789e+008 3.569e+008-2.287e+008 1.813e+008 7.791e+008-4.367e+008 6.938e+008-4.439e+008 3.207e+008-3.428e+008 3.063e+008 4.240e+008
 5.130e+001 2.930e+000 0.000e+000 0.000e+000 0.000e+000 0.000e+000 0.000e+000 0.000e+000 0.000e+000 0.000e+000 0.000e+000 0.000e+000 0.000e+000 0.000e+000 0.000e+000 0.000e+000 0.000e+000 0.000e+000 0.000e+000
 5.250e+001 2.930e+000 2.700e+001 2.922e+006 2.229e+006-1.842e+005-1.625e+006-1.450e+006 2.538e+006-1.992e+006 8.948e+005 2.734e+006-1.499e+006 2.588e+006-1.456e+006 1.036e+005-1.451e+006 1.937e+005 2.250e+006
 5.380e+001 2.930e+000 0.000e+000 0.000e+000 0.000e+000 0.000e+000 0.000e+000 0.000e+000 0.000e+000 0.000e+000 0.000e+000 0.000e+000 0.000e+000 0.000e+000 0.000e+000 0.000e+000 0.000e+000 0.000e+000 0.000e+000
 5.500e+001 2.930e+000 0.000e+000 0.000e+000 0.000e+000 0.000e+000 0.000e+000 0.000e+000 0.000e+000 0.000e+000 0.000e+000 0.000e+000 0.000e+000 0.000e+000 0.000e+000 0.000e+000 0.000e+000 0.000e+000 0.000e+000
 5.630e+001 2.930e+000 2.700e+001 6.678e+005 4.849e+005-4.138e+004-3.010e+005-2.613e+005 5.147e+005-4.302e+005 1.751e+005 6.079e+005-2.732e+005 5.664e+005-2.725e+005 3.175e+004-2.623e+005 5.455e+004 5.645e+005
 5.750e+001 2.930e+000 0.000e+000 0.000e+000 0.000e+000 0.000e+000 0.000e+000 0.000e+000 0.000e+000 0.000e+000 0.000e+000 0.000e+000 0.000e+000 0.000e+000 0.000e+000 0.000e+000 0.000e+000 0.000e+000 0.000e+000
 5.880e+001 2.930e+000 2.700e+001 4.908e+005 3.485e+005-1.906e+004-1.471e+004-1.747e+005 3.875e+005-3.173e+005 2.109e+004 4.556e+005-1.874e+005 4.343e+005-4.651e+003 3.261e+004-1.798e+003 3.243e+004 3.050e+005
 6.000e+001 2.930e+000 0.000e+000 0.000e+000 0.000e+000 0.000e+000 0.000e+000 0.000e+000 0.000e+000 0.000e+000 0.000e+000 0.000e+000 0.000e+000 0.000e+000 0.000e+000 0.000e+000 0.000e+000 0.000e+000 0.000e+000
 6.130e+001 2.930e+000 2.700e+001 3.448e+005 2.096e+005-1.524e+003-1.032e+003-1.205e+005 2.136e+005-2.000e+005 4.101e+004 3.251e+005-1.168e+005 3.156e+005 5.789e+003-2.520e+004 1.913e+003-1.797e+004 1.669e+005
 6.250e+001 2.930e+000 0.000e+000 0.000e+000 0.000e+000 0.000e+000 0.000e+000 0.000e+000 0.000e+000 0.000e+000 0.000e+000 0.000e+000 0.000e+000 0.000e+000 0.000e+000 0.000e+000 0.000e+000 0.000e+000 0.000e+000
 6.380e+001 2.930e+000 0.000e+000 0.000e+000 0.000e+000 0.000e+000 0.000e+000 0.000e+000 0.000e+000 0.000e+000 0.000e+000 0.000e+000 0.000e+000 0.000e+000 0.000e+000 0.000e+000 0.000e+000 0.000e+000 0.000e+000
 6.500e+001 2.930e+000 2.700e+001 1.412e+005 8.637e+004 3.058e+003-3.792e+004-4.678e+004 1.050e+005-7.828e+004 1.824e+004 1.268e+005-4.714e+004 1.237e+005-3.297e+004 6.904e+003-3.869e+004 1.162e+004 7.895e+004
 6.630e+001 2.930e+000 0.000e+000 0.000e+000 0.000e+000 0.000e+000 0.000e+000 0.000e+000 0.000e+000 0.000e+000 0.000e+000 0.000e+000 0.000e+000 0.000e+000 0.000e+000 0.000e+000 0.000e+000 0.000e+000 0.000e+000
 6.750e+001 2.930e+000 2.700e+001 7.949e+004 3.919e+004-3.568e+003-3.717e+004-2.139e+004 5.218e+004-3.218e+004 1.626e+004 6.505e+004-2.306e+004 6.099e+004-3.236e+004 3.632e+003-1.926e+004 4.771e+003 5.827e+004
 6.880e+001 2.930e+000 0.000e+000 0.000e+000 0.000e+000 0.000e+000 0.000e+000 0.000e+000 0.000e+000 0.000e+000 0.000e+000 0.000e+000 0.000e+000 0.000e+000 0.000e+000 0.000e+000 0.000e+000 0.000e+000 0.000e+000
 7.000e+001 2.930e+000 2.700e+001 5.951e+004 2.763e+004-2.111e+003-2.063e+004-1.187e+004 4.165e+004-2.377e+004 9.181e+003 4.614e+004-1.778e+004 4.324e+004-2.035e+004-9.948e+002-1.419e+004 1.485e+003 3.812e+004
 7.130e+001 2.930e+000 0.000e+000 0.000e+000 0.000e+000 0.000e+000 0.000e+000 0.000e+000 0.000e+000 0.000e+000 0.000e+000 0.000e+000 0.000e+000 0.000e+000 0.000e+000 0.000e+000 0.000e+000 0.000e+000 0.000e+000
 7.250e+001 2.930e+000 0.000e+000 0.000e+000 0.000e+000 0.000e+000 0.000e+000 0.000e+000 0.000e+000 0.000e+000 0.000e+000 0.000e+000 0.000e+000 0.000e+000 0.000e+000 0.000e+000 0.000e+000 0.000e+000 0.000e+000
 7.380e+001 2.930e+000 2.700e+001 4.865e+004 2.379e+004-1.384e+003-1.804e+004-2.684e+004 5.249e+004-1.924e+004 1.188e+004 3.680e+004-2.806e+004 3.513e+004-1.917e+004 2.321e+003-8.788e+003 9.775e+002 2.691e+004
 7.500e+001 2.930e+000 0.000e+000 0.000e+000 0.000e+000 0.000e+000 0.000e+000 0.000e+000 0.000e+000 0.000e+000 0.000e+000 0.000e+000 0.000e+000 0.000e+000 0.000e+000 0.000e+000 0.000e+000 0.000e+000 0.000e+000
 7.630e+001 2.930e+000 2.700e+001 4.030e+004 1.597e+004 2.507e+003-1.800e+004-5.065e+003 2.355e+004-1.213e+004 1.768e+003 2.670e+004-4.020e+003 2.407e+004-1.501e+004 4.241e+003-7.196e+003 2.044e+003 3.424e+004
 7.750e+001 2.930e+000 0.000e+000 0.000e+000 0.000e+000 0.000e+000 0.000e+000 0.000e+000 0.000e+000 0.000e+000 0.000e+000 0.000e+000 0.000e+000 0.000e+000 0.000e+000 0.000e+000 0.000e+000 0.000e+000 0.000e+000
 7.880e+001 2.930e+000 2.700e+001 3.356e+004 1.196e+004 3.531e+002-7.208e+003-5.458e+003 2.339e+004-9.163e+003 5.691e+003 2.222e+004-8.423e+003 2.132e+004-8.524e+003-1.934e+003-4.977e+003 8.401e+001 1.504e+004
 8.000e+001 2.930e+000 0.000e+000 0.000e+000 0.000e+000 0.000e+000 0.000e+000 0.000e+000 0.000e+000 0.000e+000 0.000e+000 0.000e+000 0.000e+000 0.000e+000 0.000e+000 0.000e+000 0.000e+000 0.000e+000 0.000e+000
 8.130e+001 2.930e+000 0.000e+000 0.000e+000 0.000e+000 0.000e+000 0.000e+000 0.000e+000 0.000e+000 0.000e+000 0.000e+000 0.000e+000 0.000e+000 0.000e+000 0.000e+000 0.000e+000 0.000e+000 0.000e+000 0.000e+000
 8.250e+001 2.930e+000 2.700e+001 3.191e+004 1.377e+004 5.270e+002-8.656e+003-9.189e+003 2.535e+004-9.853e+003 1.462e+003 2.041e+004-8.864e+003 1.925e+004-8.628e+003 2.599e+003-5.120e+003 1.621e+003 2.182e+004
 8.380e+001 2.930e+000 0.000e+000 0.000e+000 0.000e+000 0.000e+000 0.000e+000 0.000e+000 0.000e+000 0.000e+000 0.000e+000 0.000e+000 0.000e+000 0.000e+000 0.000e+000 0.000e+000 0.000e+000 0.000e+000 0.000e+000
 8.500e+001 2.930e+000 2.700e+001 2.448e+004 8.985e+003 4.425e+001-7.512e+003-1.664e+003 1.885e+004-5.582e+003 1.511e+003 1.318e+004-4.241e+003 1.261e+004-6.759e+003 2.800e+003-3.788e+003 1.081e+003 1.551e+004
 8.630e+001 2.930e+000 0.000e+000 0.000e+000 0.000e+000 0.000e+000 0.000e+000 0.000e+000 0.000e+000 0.000e+000 0.000e+000 0.000e+000 0.000e+000 0.000e+000 0.000e+000 0.000e+000 0.000e+000 0.000e+000 0.000e+000
 8.750e+001 2.930e+000 2.700e+001 3.035e+004 9.180e+003 1.502e+003-3.478e+003-2.406e+002 2.187e+004-4.060e+003 2.516e+003 1.719e+004-3.636e+003 1.579e+004-5.640e+003 1.727e+003 1.748e+002 1.038e+003 1.167e+004
 8.880e+001 2.930e+000 0.000e+000 0.000e+000 0.000e+000 0.000e+000 0.000e+000 0.000e+000 0.000e+000 0.000e+000 0.000e+000 0.000e+000 0.000e+000 0.000e+000 0.000e+000 0.000e+000 0.000e+000 0.000e+000 0.000e+000
 9.000e+001 2.930e+000 0.000e+000 0.000e+000 0.000e+000 0.000e+000 0.000e+000 0.000e+000 0.000e+000 0.000e+000 0.000e+000 0.000e+000 0.000e+000 0.000e+000 0.000e+000 0.000e+000 0.000e+000 0.000e+000 0.000e+000
 9.130e+001 2.930e+000 2.700e+001 2.653e+004 6.143e+003 1.327e+003-4.786e+003-6.012e+003 1.429e+004-3.737e+003 1.674e+003 1.553e+004-6.007e+003 1.482e+004-5.373e+003 9.275e+002-5.558e+002 1.204e+003 1.329e+004
 9.250e+001 2.930e+000 0.000e+000 0.000e+000 0.000e+000 0.000e+000 0.000e+000 0.000e+000 0.000e+000 0.000e+000 0.000e+000 0.000e+000 0.000e+000 0.000e+000 0.000e+000 0.000e+000 0.000e+000 0.000e+000 0.000e+000
 9.380e+001 2.930e+000 2.700e+001 2.359e+004 8.086e+003 2.717e+003-1.921e+003-2.153e+003 1.205e+004-4.605e+003 6.994e+002 1.066e+004-2.524e+003 9.783e+003-3.161e+003 1.312e+003 2.341e+002 1.272e+002 8.715e+003
 9.500e+001 2.930e+000 0.000e+000 0.000e+000 0.000e+000 0.000e+000 0.000e+000 0.000e+000 0.000e+000 0.000e+000 0.000e+000 0.000e+000 0.000e+000 0.000e+000 0.000e+000 0.000e+000 0.000e+000 0.000e+000 0.000e+000
 9.630e+001 2.930e+000 2.700e+001 3.016e+004 8.941e+003 7.732e+002 3.670e+002-3.732e+003 1.476e+004-4.909e+003 3.065e+002 1.813e+004-6.538e+003 1.959e+004-8.630e+002-5.732e+002 3.198e+003-1.820e+002 8.337e+003
 9.750e+001 2.930e+000 0.000e+000 0.000e+000 0.000e+000 0.000e+000 0.000e+000 0.000e+000 0.000e+000 0.000e+000 0.000e+000 0.000e+000 0.000e+000 0.000e+000 0.000e+000 0.000e+000 0.000e+000 0.000e+000 0.000e+000
 9.880e+001 2.930e+000 0.000e+000 0.000e+000 0.000e+000 0.000e+000 0.000e+000 0.000e+000 0.000e+000 0.000e+000 0.000e+000 0.000e+000 0.000e+000 0.000e+000 0.000e+000 0.000e+000 0.000e+000 0.000e+000 0.000e+000
 1.000e+002 2.930e+000 3.000e+001 2.904e+005-9.121e+003-6.263e+004-1.536e+004 6.708e+003 1.206e+004 1.794e+004 1.939e+003 4.116e+005 9.208e+003 6.852e+005-1.659e+004 1.488e+004 1.719e+003 2.465e+004 8.193e+003
 1.130e+002 2.930e+000 6.900e+001 5.836e+004 1.884e+004-2.018e+003 8.493e+002-8.800e+002 3.089e+004-5.927e+003 3.735e+002 2.024e+004-5.409e+003 1.730e+004-2.737e+003 1.246e+003 4.375e+003-3.800e+002 1.010e+004
 1.250e+002 2.930e+000 6.000e+001 4.590e+004 1.384e+004 1.934e+003 3.100e+003 4.258e+003 2.403e+004-2.221e+003-2.329e+003 1.132e+004-3.284e+003 1.147e+004-1.462e+003 4.638e+003 4.713e+003-1.426e+003 9.450e+003
 1.380e+002 2.930e+000 5.400e+001 8.716e+004 1.750e+004-5.176e+003 6.722e+003-4.335e+002 1.881e+004-7.624e+003-7.012e+002 4.474e+004-2.912e+003 3.791e+004 8.133e+002 1.293e+003 3.910e+003-2.318e+003 7.220e+003
 1.500e+002 2.930e+000 3.900e+001 3.387e+005 2.165e+003 7.674e+003-9.563e+003 3.028e+004 2.319e+004 8.970e+003-4.904e+003 2.698e+005 3.082e+004 2.415e+005-1.635e+004 9.453e+003 1.155e+004 9.856e+003 1.138e+004
 1.630e+002 2.930e+000 3.000e+001 8.085e+004 1.726e+004-1.601e+003 5.107e+003-1.522e+003 1.221e+004-4.848e+003-3.369e+003 3.579e+004-4.456e+003 2.676e+004 1.909e+003 3.570e+003 3.685e+003-1.398e+003 6.419e+003
 1.750e+002 2.930e+000 5.400e+001 1.256e+005 2.720e+004 7.196e+003 1.051e+004-5.633e+002 2.627e+004-6.568e+003-3.860e+003 3.912e+004-8.563e+003 3.150e+004 7.671e+003-1.084e+003 1.027e+004-6.764e+003 1.273e+004
 1.880e+002 2.930e+000 6.600e+001 3.085e+005 4.976e+004 2.249e+004 5.069e+004-8.546e+004 8.992e+004-2.205e+004-2.570e+004 1.675e+005-9.320e+004 1.841e+005 4.880e+004-5.751e+004 5.822e+004-7.938e+004 6.793e+004
 2.000e+002 2.930e+000 9.900e+001 6.882e+006-5.543e+005 1.315e+006 1.250e+006-3.929e+006 2.714e+006-8.342e+004-1.151e+006 7.986e+006-5.074e+006 1.044e+007 2.347e+006-3.692e+006 2.309e+006-4.440e+006 2.567e+006
 2.130e+002 2.930e+000 7.800e+001 7.484e+005 1.920e+005-4.183e+004 1.223e+005-9.211e+004 1.087e+005-5.501e+004-3.740e+004 2.963e+005-9.158e+004 2.260e+005 6.210e+004 1.411e+004 5.298e+004-4.885e+004 6.268e+004
 2.250e+002 2.930e+000 1.230e+002 2.657e+006 6.851e+005-1.225e+005 3.273e+005-1.463e+005 2.246e+005-1.502e+005-9.049e+004 6.487e+005-8.217e+004 2.439e+005 8.661e+004 2.583e+005 7.648e+004 2.964e+004 8.171e+004
 2.380e+002 2.930e+000 1.080e+002 1.292e+007 3.252e+006-5.675e+005 1.517e+006-8.139e+005 9.441e+005-7.174e+005-4.329e+005 3.025e+006-2.934e+005 9.192e+005 3.667e+005 1.279e+006 3.184e+005 2.143e+005 3.405e+005
 2.500e+002 2.930e+000 1.080e+002 4.256e+008 1.077e+008-1.589e+007 4.988e+007-2.960e+007 3.086e+007-2.389e+007-1.482e+007 9.894e+007-9.261e+006 2.739e+007 1.216e+007 4.341e+007 9.820e+006 7.911e+006 1.093e+007
 2.630e+002 2.930e+000 1.080e+002 1.036e+007 2.546e+006-4.498e+005 1.069e+006-7.925e+005 7.872e+005-5.922e+005-3.539e+005 2.519e+006-2.521e+005 7.616e+005 2.832e+005 1.024e+006 1.939e+005 2.027e+005 2.424e+005
 2.750e+002 2.930e+000 1.140e+002 2.256e+006 5.993e+005-1.120e+005 2.058e+005-1.609e+005 2.241e+005-1.478e+005-8.349e+004 5.785e+005-8.653e+004 2.208e+005 6.767e+004 2.327e+005 4.351e+004 5.024e+004 6.543e+004
 2.880e+002 2.930e+000 8.400e+001 7.619e+005 1.860e+005-1.061e+004 7.350e+004-3.761e+004 9.958e+004-4.573e+004-3.203e+004 1.611e+005-6.952e+004 1.831e+005 3.638e+004 7.082e+004 1.538e+004 1.614e+004 2.935e+004
 3.000e+002 2.930e+000 9.300e+001 1.765e+006-5.496e+005 1.814e+006-1.754e+005 3.292e+005 5.924e+005 5.076e+004-2.222e+005-7.539e+005-1.298e+006 3.795e+006 5.535e+005-1.978e+005 4.457e+004-1.321e+005 1.276e+005
 3.130e+002 2.930e+000 5.400e+001 1.820e+005 5.401e+004 2.883e+003 1.233e+004-5.650e+003 1.435e+005-5.117e+004-1.530e+004 4.361e+004-6.662e+004 1.120e+005 2.213e+004 8.722e+003 2.161e+004 4.681e+003 1.586e+004
 3.250e+002 2.930e+000 6.900e+001 1.636e+005 5.243e+004-4.404e+004 2.275e+003-9.731e+003 1.112e+005-3.288e+004-7.221e+003 5.205e+004-9.519e+004 1.391e+005 6.735e+003 6.763e+003 2.864e+003 1.098e+004 1.261e+004
 3.380e+002 2.930e+000 8.100e+001 5.058e+005 2.378e+005-4.156e+005-3.793e+004 2.185e+005 6.176e+005-1.222e+005 2.109e+003-1.588e+005-6.047e+005 7.661e+005-3.567e+004-4.638e+004-3.456e+004 5.885e+004 3.827e+004
 3.500e+002 2.930e+000 1.080e+002 1.155e+007 8.227e+006-1.278e+007-9.978e+005 8.457e+006 1.955e+007-2.857e+006 3.019e+005-8.147e+006-1.998e+007 2.386e+007-1.316e+006-2.049e+006-1.361e+006 2.016e+006 9.623e+005
 3.630e+002 2.930e+000 7.500e+001 4.472e+005 2.556e+005-3.456e+005-2.309e+004 2.676e+005 5.060e+005-5.210e+004 3.607e+003-2.591e+005-4.922e+005 6.069e+005-3.759e+004-6.210e+004-3.497e+004 5.092e+004 3.386e+004
 3.750e+002 2.930e+000 6.300e+001 1.166e+005 5.736e+004-4.707e+004-3.568e+003 3.804e+004 7.901e+004 3.624e+003-3.175e+003-3.947e+004-6.834e+004 9.754e+004-1.373e+003-8.364e+003 1.291e+002 3.503e+003 1.223e+004
 3.880e+002 2.930e+000 5.100e+001 7.752e+004 2.029e+004 9.044e+002 4.006e+002 1.807e+004 3.102e+004 8.416e+003-2.729e+002-7.163e+003-2.276e+004 8.123e+004 6.204e+002-4.623e+003 2.653e+002-1.174e+003 6.545e+003
 4.000e+002 2.930e+000 6.000e+001 3.344e+005-8.307e+004 8.207e+005-5.509e+004 8.775e+004 1.035e+005 3.796e+005-4.740e+004 3.250e+005-2.520e+005 3.310e+006 1.412e+005-6.533e+004 9.304e+003-2.751e+005 4.258e+004
 4.130e+002 2.930e+000 4.800e+001 5.798e+004 1.326e+004 1.597e+004-2.749e+003 9.640e+003 2.040e+004 8.812e+003-6.778e+002 1.004e+004-5.146e+003 6.574e+004 2.264e+003-4.112e+003-4.792e+002-9.171e+003 6.407e+003
 4.250e+002 2.930e+000 5.100e+001 7.208e+004 1.666e+004-9.808e+002-2.202e+003-1.174e+004 2.191e+004-9.719e+003 1.058e+003 3.480e+004-1.126e+004 5.623e+004 1.055e+002-3.817e+003 8.639e+002-5.422e+003 5.924e+003
 4.380e+002 2.930e+000 5.100e+001 2.582e+005 3.912e+004 1.716e+004-3.895e+004-5.092e+004 3.727e+004-3.673e+004 1.693e+004 1.444e+005-2.450e+004 1.430e+005-1.708e+004-2.702e+004-1.841e+003-3.016e+004 1.910e+004
 4.500e+002 2.930e+000 1.080e+002 1.172e+007 8.796e+005 1.298e+006-1.874e+006-3.035e+006 1.289e+006-1.708e+006 8.359e+005 7.450e+006-1.672e+006 7.715e+006-6.520e+005-1.565e+006 3.871e+005-1.771e+006 7.602e+005
 4.630e+002 2.930e+000 6.300e+001 2.511e+005 1.241e+004 2.357e+004-3.346e+004-7.113e+004 6.219e+004-2.727e+004 1.574e+004 1.534e+005-4.529e+004 1.668e+005-1.137e+004-3.531e+004 1.673e+004-3.472e+004 2.121e+004
 4.750e+002 2.930e+000 4.200e+001 3.484e+004 6.307e+001 5.112e+003-4.189e+003-7.251e+003 2.908e+004-2.168e+003-1.382e+003 1.625e+004-4.854e+003 1.901e+004-1.201e+003-4.949e+003 4.570e+003-2.953e+003 5.518e+003
 4.880e+002 2.930e+000 5.100e+001 3.218e+004-3.553e+003 9.771e+003 2.302e+003-1.894e+004 7.100e+004-9.936e+003-1.278e+004 4.837e+003-6.201e+003 2.002e+004 4.516e+003-8.755e+003 1.228e+004 2.866e+003 1.022e+004
 5.000e+002 2.930e+000 9.300e+001 6.735e+005-3.371e+005 5.942e+005 2.920e+005-6.974e+005 1.083e+006-6.855e+005-6.000e+005 1.632e+004-3.525e+005 8.486e+005 4.575e+005-4.506e+005 3.388e+005 2.961e+005 4.842e+005
 5.130e+002 2.930e+000 6.300e+001 2.582e+004 2.147e+004 1.117e+004 3.175e+003-5.456e+003 1.207e+005 8.006e+003-6.701e+003 4.869e+003 8.572e+003 2.583e+004 1.024e+004-4.827e+003-2.046e+003 3.918e+002 1.576e+004
 5.250e+002 2.930e+000 6.900e+001 3.295e+004 6.311e+004 5.540e+003-3.030e+003-1.493e+004 3.067e+005 1.975e+004-1.955e+004-2.244e+003 3.303e+004 1.727e+004 1.666e+003 4.957e+003-1.912e+004-5.590e+003 8.780e+003
 5.380e+002 2.930e+000 4.800e+001 1.018e+005 2.322e+005 1.681e+004-1.003e+004-8.819e+004 9.342e+005 4.224e+004-4.101e+004-2.161e+004 1.113e+005 2.507e+004-1.021e+003 1.682e+004-6.255e+004-1.135e+004 9.842e+003
 5.500e+002 2.930e+000 9.900e+001 1.108e+007 3.132e+007 2.414e+006-1.037e+006-6.321e+006 1.386e+008 2.942e+006-5.287e+006-2.100e+006 1.770e+007 3.121e+006-3.447e+005 1.962e+006-6.525e+006-1.143e+006 7.374e+005
 5.630e+002 2.930e+000 7.800e+001 2.057e+005 4.401e+005 2.768e+004-9.021e+002-1.858e+005 2.175e+006 4.557e+004-1.020e+005-4.446e+004 2.623e+005 5.405e+004-6.042e+003 3.752e+004-6.401e+004-1.737e+004 1.798e+004
 5.750e+002 2.930e+000 6.300e+001 3.576e+004 5.416e+004 4.423e+003 4.863e+002-2.901e+004 2.692e+005 6.410e+003-6.346e+003-3.420e+003 2.978e+004 8.889e+003 4.810e+001 3.499e+003-5.040e+003-1.857e+003 5.478e+003
 5.880e+002 2.930e+000 6.000e+001 2.145e+004 2.352e+004 3.850e+003 5.275e+002-9.223e+003 1.291e+005 1.236e+004-6.126e+003-4.716e+003 6.878e+003 1.291e+004-1.251e+003 2.441e+003 8.792e+003-1.885e+003 5.186e+003
 6.000e+002 2.930e+000 6.000e+001 5.527e+005-3.014e+004 4.793e+005-1.297e+004 4.136e+005 4.561e+005 3.321e+005-7.702e+003-5.676e+005-4.467e+005 1.162e+006-1.323e+005 1.623e+005 1.419e+005-1.699e+005 5.829e+004
 6.130e+002 2.930e+000 6.600e+001 1.362e+004 6.954e+003 4.786e+003-3.516e+002-1.053e+004 6.232e+004-1.029e+004 2.909e+003 3.860e-001 7.235e+001 1.226e+004 7.988e+002-7.053e+002 1.295e+004 1.840e+002 1.165e+004
 6.250e+002 2.930e+000 5.400e+001 9.942e+003-7.124e+002 2.612e+003-1.958e+003-6.198e+003 8.907e+004-1.272e+004 5.843e+002 8.575e+002-5.564e+003 6.270e+003 3.156e+003 5.946e+002 2.844e+004-3.341e+003 1.437e+004
 6.380e+002 2.930e+000 6.600e+001 2.169e+004-1.661e+004 3.009e+003-1.112e+004-1.994e+002 1.955e+005-2.029e+004 2.050e+004-5.546e+003-4.447e+004 1.915e+004 5.183e+003 4.575e+003 8.947e+004-2.414e+004 4.982e+004
 6.500e+002 2.930e+000 8.700e+001 2.727e+006-6.629e+006 1.363e+006-4.176e+006-1.068e+006 3.053e+007-4.067e+006 4.685e+006-1.079e+006-8.146e+006 3.202e+006 1.221e+006 3.903e+005 1.860e+007-5.629e+006 1.210e+007
 6.630e+002 2.930e+000 6.000e+001 1.830e+004-1.113e+004 3.903e+003-7.833e+003-2.087e+003 9.154e+004-1.561e+004 1.412e+004-6.611e+003-2.741e+004 1.831e+004 3.710e+003 4.598e+003 5.725e+004-2.373e+004 4.591e+004
 6.750e+002 2.930e+000 6.300e+001 7.885e+003 1.450e+003 9.565e+002 3.643e-001-2.078e+003 2.282e+004-5.513e+003 4.849e+003-2.131e+002-3.668e+003 5.861e+003 2.588e+003 1.172e+003 1.245e+004-5.445e+003 1.519e+004
 6.880e+002 2.930e+000 4.500e+001 5.631e+003 6.298e+002 2.117e+003-1.355e+003-3.201e+003 1.130e+004-3.713e+003 3.231e+003-5.515e+002 7.771e+002 4.236e+003 2.079e+003-6.890e+002 4.178e+003-2.078e+003 5.960e+003
 7.000e+002 2.930e+000 4.800e+001 2.717e+005-3.569e+004 1.906e+005 1.925e+004 7.762e+004 1.006e+005-6.842e+003 5.079e+003-2.331e+005-9.233e+004 4.746e+005-4.125e+004 3.125e+004 1.381e+004-1.198e+004 1.202e+004
 7.130e+002 2.930e+000 4.800e+001 5.507e+003 1.436e+001 2.032e+003 2.159e+002-2.693e+002 8.383e+003-1.530e+003 1.162e+003-2.932e+002-8.687e+002 3.884e+003-1.880e+002 1.238e+003 2.712e+003-1.055e+003 2.988e+003
 7.250e+002 2.930e+000 3.900e+001 3.064e+003 5.429e+002 1.693e+002-2.715e+002 6.050e+002 1.488e+004-2.009e+002-1.578e+002 5.748e+002-1.107e+001 1.799e+003-1.351e+002 2.652e+002 1.886e+003-3.507e+002 2.421e+003
 7.380e+002 2.930e+000 2.700e+001 6.225e+003 1.309e+003-1.030e+003 3.632e+002-6.768e+002 2.692e+003 2.634e+002-3.338e+002-1.540e+002 2.709e+002 2.636e+003 3.325e+002 2.467e+002 3.875e+002-5.922e+002 1.777e+003
 7.500e+002 2.930e+000 6.600e+001 1.847e+006-4.327e+005 2.569e+005-2.212e+005 6.593e+004 2.040e+005 3.349e+005-4.979e+004 5.673e+005-9.810e+004 7.570e+005-1.131e+005-1.457e+005 7.936e+004-1.214e+005 5.852e+004
 7.630e+002 2.930e+000 4.800e+001 8.607e+003 1.759e+003-1.112e+003 6.951e+002-1.011e+003 4.872e+003 1.119e+003 4.337e+002 1.114e+003-1.165e+003 4.667e+003-1.136e+003-1.035e+003 1.587e+003-1.277e+003 3.825e+003
 7.750e+002 2.930e+000 3.600e+001 3.044e+003 1.038e+003-1.168e+002 8.967e+002-8.539e+002 3.842e+003-4.805e+002 2.394e+002 6.794e+002-3.571e+002 1.222e+003-5.245e+001 1.262e+002 1.372e+003-6.028e+002 3.142e+003
 7.880e+002 2.930e+000 5.400e+001 4.342e+003 1.284e+003-1.709e+002 7.511e+002-6.124e+002 5.997e+003-1.896e+002 8.162e+002 6.936e+002-5.403e+002 2.898e+003-8.663e+002-2.063e+002 1.453e+003-5.100e+002 2.934e+003
 8.000e+002 2.930e+000 6.300e+001 1.861e+005 1.069e+005-2.261e+004 6.792e+004-6.844e+003 8.564e+004 8.701e+004-1.109e+004-1.617e+005 6.339e+003 2.239e+005-6.158e+004 1.660e+004 4.958e+004-1.736e+004 3.688e+004
 8.130e+002 2.930e+000 4.200e+001 5.217e+003 1.849e+003 4.600e+002 1.223e+003-9.527e+002 1.645e+004-1.129e+003 1.640e+003 1.222e+003 3.169e+002 2.674e+003 2.850e+002-7.104e+002 1.067e+004 8.797e+000 1.002e+004
 8.250e+002 2.930e+000 5.700e+001 5.735e+003-8.528e+002-4.546e+002-9.899e+002 8.324e+002 9.803e+003-3.418e+002-2.161e+002 1.099e+003 1.974e+001 1.684e+003-8.842e+002-1.781e+003 1.010e+003-7.442e+002 5.559e+003
 8.380e+002 2.930e+000 6.000e+001 1.871e+004 6.806e+003-1.948e+003 7.199e+002 9.248e+003 3.820e+004-3.023e+003-4.568e+002 5.446e+002 4.514e+003 3.398e+003-1.622e+003-5.284e+003-3.231e+003-1.416e+003 1.316e+004
 8.500e+002 2.930e+000 6.300e+001 2.133e+006 9.945e+005-1.148e+005-2.277e+005 1.496e+006 2.200e+006 3.172e+004 6.098e+004-2.176e+005-7.560e+004 7.751e+004-2.508e+004-8.763e+005-9.889e+005 4.628e+003 8.496e+005
 8.630e+002 2.930e+000 4.200e+001 1.060e+004 2.762e+003 5.857e+002 1.776e+003 3.140e+003 1.617e+004 6.491e+002 1.596e+003-1.109e+003 1.107e+003 1.588e+003 7.132e+002-1.832e+003 3.008e+003-4.584e+002 8.482e+003
 8.750e+002 2.930e+000 4.500e+001 3.610e+003 1.398e+003 1.618e+002 1.186e+003 5.357e+002 8.790e+003-3.781e+002-3.062e+000 4.678e+002 3.372e+002 9.561e+002 5.285e+002-6.793e+002 3.740e+003 2.285e+001 6.429e+003
 8.880e+002 2.930e+000 8.700e+001 6.114e+003 1.370e+003-7.036e+002 1.564e+002-1.161e+003 2.387e+004 7.218e+002-6.017e+002-1.773e+003 1.615e+003 5.383e+003-1.410e+002-6.444e+002 1.159e+004 8.028e+001 1.414e+004
 9.000e+002 2.930e+000 3.600e+001 1.250e+005-8.137e+003-1.456e+004 1.375e+004-1.028e+004 4.066e+004-8.967e+003 4.136e+003-9.530e+004 2.246e+003 1.204e+005-4.426e+003-1.327e+004 2.187e+004-5.693e+003 3.019e+004
 9.130e+002 2.930e+000 3.900e+001 3.818e+003-1.554e+003 4.496e+001 4.096e+002 2.481e+003 1.423e+005-1.500e+001 1.902e+004-6.069e+002 7.190e+003 3.414e+003 2.972e+003-3.014e+003 5.979e+004-5.339e+002 6.531e+004
 9.250e+002 2.930e+000 4.500e+001 3.916e+003 2.076e+003 1.062e+002 9.509e+002-2.172e+003 2.343e+004-9.122e+002 7.352e+003-5.727e+002 2.440e+003 1.770e+003 1.439e+003-2.352e+003 9.952e+003-6.516e+002 2.133e+004
 9.380e+002 2.930e+000 6.900e+001 1.645e+004 3.602e+003-2.465e+002-8.040e+003-1.774e+004 1.079e+005 3.794e+003 4.426e+004-4.871e+003 1.420e+004 5.443e+003 8.521e+003-6.894e+003 3.508e+004 5.408e+003 4.476e+004
 9.500e+002 2.930e+000 7.800e+001 9.140e+005-4.220e+005-4.731e+004-9.687e+005-1.379e+006 5.224e+006 7.571e+004 2.788e+006-3.955e+005 7.680e+005 2.136e+005 4.572e+005-1.462e+005 1.436e+006 2.308e+005 2.034e+006
 9.630e+002 2.930e+000 4.500e+001 1.328e+004 1.245e+003-1.709e+003-1.089e+004-1.620e+004 5.612e+004 4.450e+003 3.046e+004-5.107e+003 8.142e+003 3.560e+003 4.974e+003-5.479e+003 1.829e+004 4.910e+003 3.071e+004
 9.750e+002 2.930e+000 3.600e+001 2.279e+003 7.098e+002-3.349e+002-1.139e+003-3.221e+003 1.958e+004 1.111e+002 8.924e+003-1.887e+000 3.400e+002 6.702e+002 1.811e+002-1.284e+003 9.885e+003-3.663e+002 1.355e+004
 9.880e+002 2.930e+000 7.500e+001 5.696e+003-2.298e+003-7.149e+002-1.599e+003-4.763e+003 6.193e+004-1.859e+003 2.082e+004-1.094e+003 1.945e+003 2.410e+003 2.531e+003-1.651e+003 3.363e+004-1.565e+002 3.704e+004
 1.000e+003 2.930e+000 1.320e+002 1.630e+005-1.790e+005-4.785e+004-6.354e+004 3.957e+004 4.033e+005-1.283e+005 4.658e+004-9.869e+004 6.701e+004 1.374e+005 5.604e+004 1.474e+004 1.634e+005 3.201e+004 9.824e+004
 1.130e+003 2.930e+000 2.550e+002 1.524e+005 2.969e+005 3.789e+004 1.394e+005 1.142e+005 6.931e+006 3.501e+005 1.635e+006-3.774e+004 5.597e+005 8.743e+004-1.612e+003 1.550e+003 3.006e+006 3.051e+005 1.796e+006
 1.250e+003 2.930e+000 2.430e+002 2.397e+005-1.539e+005 8.188e+004-4.161e+004 5.871e+005 8.130e+006 6.594e+005 4.822e+005-7.530e+004-5.612e+005 1.219e+005-3.590e+005 3.006e+005 4.080e+006-2.388e+005 2.096e+006
 1.380e+003 2.930e+000 1.620e+002 4.524e+004-1.070e+004 1.444e+004-4.117e+003 2.840e+004 7.044e+005 1.380e+004 1.913e+005-1.676e+004-2.571e+004 2.528e+004-6.495e+003 1.941e+004 5.098e+005-1.326e+004 4.387e+005
 1.500e+003 2.930e+000 3.600e+001 9.273e+002-1.905e+002 6.652e+001-3.565e+002 1.130e+003 4.883e+005-1.630e+004 6.101e+004-2.733e+002-1.375e+004 1.461e+003 7.409e+003 8.499e+002 2.718e+005-9.339e+003 1.625e+005
 1.630e+003 2.930e+000 4.200e+001 1.104e+003-3.324e+003 9.704e+001-1.753e+003-1.800e+003 1.789e+005 5.389e+002 1.032e+004 1.934e+002 2.165e+003 8.233e+002-3.805e+002-6.926e+002 9.836e+004 1.072e+003 5.710e+004
 1.750e+003 2.930e+000 3.300e+001 1.097e+003-4.788e+003 2.965e+001-2.971e+003-2.296e+003 2.804e+005 1.170e+003 1.137e+004 5.068e+002 1.133e+003 9.913e+002-7.908e+002-2.733e+002 1.702e+005 1.833e+003 1.102e+005
 1.880e+003 2.930e+000 3.300e+001 1.858e+003 2.380e+004-6.086e+002 1.430e+004-3.262e+003 9.986e+005-1.741e+004 2.192e+003 1.109e+003-2.030e+004 1.694e+003 9.848e+003-3.554e+003 6.045e+005-1.247e+004 3.786e+005
 2.000e+003 2.930e+000 3.900e+001 7.017e+003 1.243e+005-3.242e+002 7.508e+004-2.341e+004 3.859e+006-1.418e+005-2.164e+005 7.050e+003-3.744e+004 8.071e+003 8.608e+004-1.011e+004 2.393e+006-1.759e+004 1.532e+006
 2.130e+003 2.930e+000 3.300e+001 5.801e+003 4.138e+004-1.101e+003 2.192e+004 1.800e+004 1.422e+006-6.889e+004-7.603e+004 5.889e+003 1.308e+004 7.161e+003 3.484e+004 5.079e+003 7.614e+005 4.084e+003 4.331e+005
 2.250e+003 2.930e+000 3.600e+001 4.898e+003 2.225e+004 5.409e+002 1.448e+004-1.182e+004 3.205e+005-2.341e+004-9.282e+003 3.513e+003-4.384e+003 3.550e+003 1.479e+004-8.279e+003 2.003e+005-2.680e+003 1.297e+005
 2.380e+003 2.930e+000 6.000e+001 2.542e+004 2.235e+005-1.540e+002 1.619e+005 1.835e+004 3.345e+006-2.294e+005-1.756e+005 2.335e+004 4.164e+004 2.342e+004 1.616e+005 1.048e+004 2.361e+006 2.855e+004 1.705e+006
 2.500e+003 2.930e+000 3.300e+001 7.848e+003 1.457e+004 8.532e+002 9.014e+003-1.236e+004 1.005e+005-1.148e+004 4.033e+002 4.500e+003-5.319e+003 3.257e+003 7.625e+003-8.281e+003 6.304e+004-3.907e+003 4.385e+004
 2.630e+003 2.930e+000 6.000e+001 6.778e+003 6.200e+004 1.299e+003 4.124e+004-2.168e+003 7.925e+005-3.585e+004 9.405e+003 3.570e+003 1.341e+004 2.830e+003 2.414e+004-2.157e+003 5.232e+005 8.395e+003 3.482e+005
 2.750e+003 2.930e+000 4.500e+001 1.511e+003-4.185e+003-4.027e+002-2.989e+003 2.615e+003 1.033e+005-9.698e+002-1.144e+004 6.842e+002 4.271e+003 1.037e+003 1.450e+002-1.347e+002 6.680e+004 1.936e+003 4.708e+004
 2.880e+003 2.930e+000 2.400e+001 6.240e+002 7.717e+002-7.825e+001 4.516e+002 5.032e+002 1.540e+004-1.013e+003 2.448e+002 6.333e+001 6.006e+002 2.336e+002 7.824e+002 3.968e+002 9.972e+003 3.757e+002 7.358e+003
 3.000e+003 2.930e+000 3.600e+001 6.054e+002 1.472e+003-5.562e+001 2.246e+003 1.573e+003 8.182e+004-1.135e+003-5.953e+003 1.012e+002 2.883e+002 3.171e+002 1.106e+003 9.883e+002 6.361e+004-3.073e+002 5.916e+004
 3.130e+003 2.930e+000 3.300e+001 4.109e+002 1.741e+003-2.311e+001 9.964e+002 1.582e+003 4.529e+004-3.300e+003 3.904e+002 2.206e+002 7.620e+002 4.577e+002 1.785e+003 8.195e+002 2.539e+004 3.670e+002 1.519e+004
 3.250e+003 2.930e+000 3.600e+001 3.753e+002 5.231e+003 6.452e+001 3.009e+003-7.634e+002 1.456e+005-7.154e+003-1.602e+003 3.366e+002-3.358e+002 5.429e+002 4.235e+003-5.987e+002 8.367e+004-1.421e+002 5.001e+004
 3.380e+003 2.930e+000 3.300e+001 5.813e+002 4.473e+003 9.648e+001 2.143e+003 1.099e+003 1.029e+005-3.891e+003-1.153e+003 3.223e+002 1.250e+003 3.633e+002 2.159e+003-5.947e+001 4.909e+004 3.045e+002 2.694e+004
 3.500e+003 2.930e+000 5.700e+001 3.139e+003 3.546e+004 6.741e+001 2.286e+004-7.315e+003 5.221e+005-2.816e+004 6.184e+004 2.225e+003-5.326e+003 1.962e+003 1.823e+004-8.997e+003 3.390e+005-7.015e+003 2.321e+005
 3.630e+003 2.930e+000 3.600e+001 2.525e+003-4.066e+003-7.339e+002 7.428e+003 3.708e+004 7.028e+005-1.032e+004 1.638e+005 1.888e+003 3.182e+004 1.826e+003 1.328e+004 1.909e+004 3.507e+005 1.313e+004 2.184e+005
 3.750e+003 2.930e+000 4.200e+001 1.366e+003 5.960e+003-2.101e+002 1.951e+003-9.165e+003 2.066e+005-3.066e+003 3.805e+004 8.772e+002-5.452e+003 8.457e+002 7.454e+002-7.104e+003 1.225e+005-4.194e+003 8.228e+004
 3.880e+003 2.930e+000 4.500e+001 5.592e+002 7.408e+003 1.275e+002 5.637e+003 1.914e+003 3.285e+005-7.565e+003 6.675e+004 3.906e+002 7.863e+003 6.607e+002 6.818e+003-3.805e+002 2.304e+005 4.374e+003 1.807e+005
 4.000e+003 2.930e+000 3.000e+001 1.885e+002 2.970e+003 4.725e+001 2.128e+003 2.090e+003 2.340e+005-2.031e+003 3.138e+004 1.200e+002 3.733e+003 1.652e+002 1.759e+003 8.241e+002 1.359e+005 1.867e+003 8.713e+004
 4.130e+003 2.930e+000 4.500e+001 2.769e+002 9.779e+003 3.991e+001 6.066e+003 4.037e+003 7.488e+005-1.192e+004 1.063e+005 2.525e+002 7.658e+003 3.897e+002 7.719e+003 7.286e+002 4.141e+005 2.237e+003 2.508e+005
 4.250e+003 2.930e+000 3.900e+001 2.843e+002 5.696e+002 7.293e+001 1.110e+003-1.250e+004 1.150e+006-6.153e+003-4.891e+004 2.406e+002-1.259e+004 3.242e+002 4.832e+003-8.676e+003 7.609e+005-8.608e+003 5.140e+005
 4.380e+003 2.930e+000 3.000e+001 3.107e+002 2.172e+003 5.198e+001 1.934e+003 5.388e+003 1.786e+005-2.570e+002 9.459e+003 1.853e+002 3.564e+003 1.698e+002 3.215e+002 4.141e+003 1.305e+005 2.747e+003 1.002e+005
 4.500e+003 2.930e+000 4.200e+001 3.422e+002 1.932e+003-5.406e+001 1.159e+003-1.184e+003 7.740e+004-6.866e+002 3.065e+003 1.271e+002-1.243e+003 1.102e+002 3.604e+002-5.746e+002 4.139e+004-5.989e+002 2.728e+004
 4.630e+003 2.930e+000 3.600e+001 1.528e+002 1.315e+003-2.032e+001 8.703e+002 1.216e+003 5.401e+004-2.000e+003-5.391e+003 1.312e+002 1.174e+003 1.753e+002 1.446e+003 1.183e+003 3.895e+004 1.286e+003 3.335e+004
 4.750e+003 2.930e+000 3.900e+001 1.925e+002 1.494e+003-6.495e+000 1.198e+003-6.697e+001 3.290e+004-1.458e+003-3.054e+003 1.478e+002-4.177e+001 1.682e+002 1.320e+003 2.816e+002 1.939e+004 2.267e+002 1.620e+004
 4.880e+003 2.930e+000 5.400e+001 2.860e+002 3.510e+003 1.805e+001 6.152e+002-1.420e+003 8.170e+004-2.744e+003-4.431e+003 1.693e+002-7.218e+002 1.482e+002 4.910e+002 4.368e+002 1.259e+004 4.407e+002 1.488e+004
 5.000e+003 2.930e+000 4.500e+001 2.990e+002 3.449e+003 2.799e+001 2.428e+003-1.326e+003 7.784e+004-2.440e+003-6.912e+003 1.645e+002-3.024e+002 1.318e+002 1.585e+003-2.360e+002 4.080e+004 1.736e+002 2.994e+004
 5.130e+003 2.930e+000 2.700e+001 1.942e+002 1.101e+003-3.031e+001-2.338e+002-1.157e+001 1.278e+004-8.124e+002-5.298e+003 1.140e+002-1.459e+002 9.177e+001 5.976e+001 8.415e+002 2.804e+003 6.459e+002 9.894e+003
 5.250e+003 2.930e+000 3.600e+001 1.961e+002 9.201e+002-4.487e-001 1.200e+003-5.581e+002 1.355e+004-7.662e+002-5.857e+003 1.212e+002-2.984e+002 1.143e+002 8.970e+002 3.986e+002 8.285e+003 3.238e+002 1.312e+004
 5.380e+003 2.930e+000 4.200e+001 1.634e+002 1.501e+003 2.621e-001 9.665e+002-1.431e+003 5.064e+004-1.061e+003-1.171e+004 9.495e+001-1.135e+003 8.306e+001 6.741e+002 3.381e+001 2.237e+004-5.152e+000 1.878e+004
 5.500e+003 2.930e+000 3.300e+001 7.849e+001 8.831e+001 1.419e+001 3.915e+002-4.630e+002 6.580e+003-1.926e+002-2.929e+003 4.878e+001-3.709e+002 5.691e+001 3.323e+002-4.777e+001 3.417e+003 1.188e+002 8.261e+003
 5.630e+003 2.930e+000 5.100e+001 1.290e+002 1.241e+003-8.871e+000 1.312e+003-1.394e+003 4.370e+004-1.138e+003-2.677e+004 9.494e+001-1.535e+003 1.272e+002 1.409e+003 3.664e+002 1.357e+004 4.061e+002 2.819e+004
 5.750e+003 2.930e+000 3.300e+001 1.294e+002 3.454e+002-1.988e+001-2.747e+002 3.604e+002 7.173e+003-3.173e+002-4.302e+003 6.667e+001 1.478e+002 5.662e+001-1.659e+001 5.844e+002 4.568e+003 4.612e+002 9.388e+003
 5.880e+003 2.930e+000 3.300e+001 1.312e+002 6.733e+002-4.814e+000 6.067e+002-6.721e+002 1.473e+004-4.806e+002-4.213e+003 5.972e+001-4.393e+002 4.435e+001 4.515e+002-1.764e+002 1.020e+004-1.341e+002 1.007e+004
 6.000e+003 2.930e+000 4.500e+001 1.748e+002 1.068e+003 4.748e-001 9.796e+002-4.350e+002 6.295e+004-1.782e+003-1.610e+004 1.407e+002-1.950e+002 1.530e+002 1.354e+003 4.405e+002 3.789e+004 7.322e+002 3.215e+004
 6.130e+003 2.930e+000 2.700e+001 9.042e+001 1.040e+003-1.540e+001 9.182e+002-4.589e+002 2.547e+004-7.277e+002-5.568e+003 5.251e+001-6.027e+002 5.616e+001 7.900e+002-6.702e+001 2.017e+004-2.907e+002 1.918e+004
 6.250e+003 2.930e+000 2.100e+001 7.208e+001 1.851e+002 5.154e+000-7.063e+001-6.341e+002 1.052e+004-2.349e+002 2.396e+003 4.370e+001-4.093e+002 3.484e+001 2.393e+001-3.483e+002 6.399e+003-2.392e+002 5.298e+003
 6.380e+003 2.930e+000 4.500e+001 8.370e+001 4.182e+002 8.725e+000 3.513e+002 2.858e+002 1.204e+004-3.457e+002-7.201e+002 5.216e+001 3.953e+002 5.841e+001 2.805e+002 3.688e+002 1.105e+004 4.676e+002 1.162e+004
 6.500e+003 2.930e+000 2.700e+001 4.222e+001 4.071e+002 7.083e+000 3.575e+002-3.737e+001 1.546e+004-3.886e+002 4.178e+001 2.477e+001 9.858e+001 2.468e+001 3.238e+002 1.940e+001 1.189e+004 9.996e+001 9.848e+003
 6.630e+003 2.930e+000 3.300e+001 3.277e+001 1.327e+002 3.278e+000 9.231e+001-9.376e+001 1.336e+004-3.111e+002 9.001e+002 1.863e+001 7.977e+000 2.677e+001 2.258e+002-4.379e+001 8.824e+003 8.162e+000 6.983e+003
 6.750e+003 2.930e+000 3.300e+001 3.646e+001 1.406e+002-5.137e+000 1.300e+002 4.926e+002 1.532e+004-2.583e+002 1.289e+003 2.707e+001 4.446e+002 3.070e+001 2.535e+002 4.252e+002 1.290e+004 3.795e+002 1.181e+004
 6.880e+003 2.930e+000 3.300e+001 4.268e+001 2.878e+002 9.260e-001 2.194e+002-6.896e+001 1.054e+004-2.034e+002 1.647e+003 1.669e+001-3.931e+001 1.630e+001 1.457e+002-1.080e+002 8.230e+003-5.267e+001 7.273e+003
 7.000e+003 2.930e+000 2.700e+001 2.574e+001 3.532e+002 4.274e-001 2.926e+002 1.933e+002 1.405e+004-2.826e+002 2.285e+003 1.753e+001 2.074e+002 1.930e+001 2.472e+002 8.777e+001 1.052e+004 1.000e+002 8.625e+003
 7.130e+003 2.930e+000 4.200e+001 3.783e+001 7.857e+001-1.579e+000 1.410e+002 4.416e+002 1.172e+004-1.320e+002 1.879e+003 1.986e+001 3.228e+002 2.020e+001 1.612e+002 2.470e+002 7.410e+003 1.724e+002 5.720e+003
 7.250e+003 2.930e+000 3.900e+001 3.274e+001 3.035e+002-4.489e-002 1.815e+002-1.831e+002 1.043e+004-2.260e+002 1.488e+003 1.367e+001-5.540e+001 1.220e+001 1.478e+002-1.652e+002 7.247e+003-7.364e+001 5.606e+003
 7.380e+003 2.930e+000 2.700e+001 2.102e+001 1.134e+002 2.567e+000 1.050e+002 1.529e+002 3.736e+003-6.912e+001 4.044e+002 1.074e+001 9.891e+001 1.109e+001 6.313e+001 1.060e+002 2.843e+003 7.273e+001 2.511e+003
 7.500e+003 2.930e+000 4.800e+001 4.435e+001 2.382e+002-8.118e+000 2.139e+002 1.911e+002 1.906e+004-1.634e+002 3.239e+003 2.233e+001 2.093e+002 2.728e+001 1.822e+002 9.462e+001 1.214e+004 1.003e+002 8.847e+003
 7.630e+003 2.930e+000 4.200e+001 2.024e+001-4.618e+001-1.309e+000-1.498e+001 8.376e+001 9.815e+003-7.364e+001 2.179e+003 6.856e+000 7.530e+001 9.266e+000 7.901e+001 5.758e+001 5.944e+003 3.566e+001 5.216e+003
 7.750e+003 2.930e+000 3.000e+001 2.004e+001 5.164e+001 4.419e+000 8.492e+000 3.566e+001 4.392e+003-6.954e+001-2.230e+002 9.613e+000-2.527e+001 1.205e+001 6.438e+001-1.022e+000 3.500e+003-5.225e+001 3.789e+003
 7.880e+003 2.930e+000 3.900e+001 2.296e+001 3.511e+002 3.993e-001 2.094e+002 7.790e+001 1.594e+004-3.557e+002 5.677e+002 1.365e+001 1.040e+002 1.707e+001 2.407e+002-1.900e+001 1.024e+004 3.692e+001 9.733e+003
 8.000e+003 2.930e+000 3.300e+001 1.867e+001-2.749e+002-5.779e+000-1.090e+002 6.154e+002 7.953e+004-3.618e+002-3.130e+003 8.919e+000 6.040e+002 1.248e+001 1.937e+002 2.961e+002 3.893e+004 3.148e+002 2.151e+004
 8.130e+003 2.930e+000 3.300e+001 9.463e+000 1.850e+001-2.312e-001 3.030e+001 1.950e+001 7.521e+003-6.371e+001 4.957e+002 4.098e+000-2.649e+001 5.797e+000 5.543e+001 3.913e+001 3.651e+003 1.475e+001 3.724e+003
 8.250e+003 2.930e+000 3.600e+001 1.107e+001 4.621e+001 1.333e+000 1.106e+001-3.364e+001 4.503e+003-3.880e+001 2.244e+002 1.683e+000 2.080e+001 4.500e+000 2.908e+001-4.649e+001 3.061e+003 2.494e+001 4.146e+003
 8.380e+003 2.930e+000 3.900e+001 8.339e+000-3.350e+001 1.609e-001-2.413e+001 6.130e+001 8.432e+003-2.503e+001-4.838e+002 1.329e+000 7.661e+001 4.425e+000 3.604e+001 1.326e+001 5.166e+003 3.141e+001 5.873e+003
 8.500e+003 2.930e+000 3.000e+001 8.437e+000 3.003e+001-3.497e-001-1.171e+001 9.535e+000 4.461e+003-5.841e+001 2.791e+002 1.803e+000 3.823e+001 3.739e+000 5.667e+001 1.026e+001 4.828e+003 4.436e+001 8.142e+003
 8.630e+003 2.930e+000 3.600e+001 1.259e+001 5.310e+001-7.171e-001-2.384e-001 1.053e+002 7.110e+003-8.337e+001 1.129e+003 4.396e+000 1.129e+002 6.817e+000 7.426e+001 5.990e+001 5.970e+003 1.167e+002 9.554e+003
 8.750e+003 2.930e+000 4.800e+001 1.535e+001 8.563e+001-1.231e-001 8.464e+001 3.296e+001 3.758e+003-8.924e+001 1.081e+002 6.031e+000 4.973e+001 7.680e+000 1.058e+002 2.355e+001 3.297e+003 5.831e+001 8.150e+003
 8.880e+003 2.930e+000 3.000e+001 9.969e+000 2.217e+001-1.298e-002-8.721e+000 7.032e+001 3.769e+003-2.440e+001 1.575e+002 3.583e+000 6.232e+001 4.666e+000 3.387e+001 6.044e+000 3.007e+003 2.061e+001 5.011e+003
 9.000e+003 2.930e+000 2.700e+001 1.421e+001 7.653e+001 8.555e-001 1.676e+002 1.548e+002 6.165e+003-6.488e+001 2.352e+003 9.651e+000 1.355e+002 8.342e+000 1.627e+002 6.609e+001 6.089e+003 8.976e+001 1.073e+004
 9.130e+003 2.930e+000 3.300e+001 1.214e+001 4.127e+001-5.839e-001 7.415e+001 4.934e+001 3.036e+003-2.929e+001-3.488e+002 5.679e+000 5.749e+001 5.916e+000 3.925e+001 2.940e+001 1.988e+003-6.106e-001 4.727e+003
 9.250e+003 2.930e+000 3.300e+001 1.084e+001 9.953e+001-1.506e+000 5.144e+001 3.275e+001 4.712e+003-9.158e+001 9.695e+002 5.192e+000 4.262e+001 5.639e+000 8.978e+001 1.211e+001 3.694e+003 1.286e+001 6.113e+003
 9.380e+003 2.930e+000 3.600e+001 1.247e+001 2.421e+001-9.890e-001 1.933e+001 3.471e+001 3.345e+003-3.217e+001 5.668e+002 7.090e+000 3.662e+001 7.474e+000 4.056e+001 4.181e+001 3.832e+003 5.003e+001 1.050e+004
 9.500e+003 2.930e+000 3.900e+001 9.173e+000 7.692e+001 1.448e-001 6.095e+001 4.605e+001 4.931e+003-8.101e+001 5.043e+002 5.596e+000 5.443e+001 7.527e+000 9.831e+001 1.326e+001 4.641e+003 2.511e+001 1.029e+004
 9.630e+003 2.930e+000 3.000e+001 8.328e+000 4.867e+001 8.209e-001 3.548e+001 1.369e+001 2.365e+003-3.096e+001 8.191e+002 3.810e+000 5.852e+001 5.395e+000 5.993e+001-1.811e+001 1.007e+003-1.534e+001 3.618e+003
 9.750e+003 2.930e+000 2.700e+001 1.024e+001 4.278e+001-7.986e-001 3.297e+001-8.821e+000 1.286e+003-3.805e+001 1.557e+002 4.508e+000 8.264e+000 4.938e+000 3.945e+001-2.083e+001 1.110e+003 3.009e+000 2.127e+003
 9.880e+003 2.930e+000 3.900e+001 2.693e+001 1.743e+002-1.117e+000 1.255e+002 1.713e+002 5.562e+003-1.746e+002 1.639e+003 1.509e+001 1.099e+002 1.416e+001 1.377e+002 2.593e+000 3.184e+003-1.097e+001 5.354e+003
 1.000e+004 2.930e+000 9.900e+001 7.951e+001 6.186e+002 5.264e-002 6.439e+002 2.452e+002 1.219e+004-4.894e+002 4.159e+003 5.299e+001 1.822e+002 4.748e+001 5.578e+002-4.561e+001 1.037e+004-2.853e+001 1.951e+004
 1.130e+004 2.930e+000 1.110e+002 1.609e+001 1.061e+002-7.093e-001 1.135e+002-6.891e+000 7.290e+003-1.399e+002 3.110e+003 7.703e+000 7.465e+001 1.103e+001 2.731e+002-4.474e+001 1.203e+004 1.294e+002 2.646e+004
 1.250e+004 2.930e+000 1.590e+002 9.580e+000 8.755e+001 1.085e+000 7.599e+001-8.370e+000 1.141e+004-1.449e+002 8.272e+003 2.714e+000 1.928e+002 8.749e+000 4.504e+002-1.398e+002 2.419e+004 3.873e+002 7.096e+004
 1.380e+004 2.930e+000 1.470e+002 8.385e+000 8.948e+001 2.697e-001 7.473e+000-6.219e+001 1.281e+004-1.520e+002 5.691e+003 2.346e+000 1.746e+002 8.379e+000 4.436e+002-1.575e+002 2.906e+004 5.199e+002 9.023e+004
 1.500e+004 2.930e+000 2.190e+002 1.748e+001 3.046e+002 1.194e+000 1.856e+002 2.663e+001 2.265e+004-3.408e+002 7.240e+003 8.288e+000 3.039e+002 1.359e+001 6.171e+002-1.176e+002 3.923e+004 5.895e+002 9.949e+004
 1.630e+004 2.930e+000 2.190e+002 1.475e+001 3.946e+002 2.015e+000 1.012e+002-1.396e+002 4.699e+004-3.362e+002 2.654e+004 4.315e-001 3.452e+002 1.235e+001 8.824e+002-7.762e+002 6.650e+004 8.871e+002 1.920e+005
 1.750e+004 2.930e+000 1.620e+002 1.088e+001-1.129e+002-2.365e+000-8.005e+002-3.652e+002 2.432e+004-3.357e+001 2.281e+004-6.427e+000 4.456e+002 9.691e+000 4.959e+002-1.122e+003 7.677e+004 1.438e+003 2.739e+005
 1.880e+004 2.930e+000 1.500e+002 4.843e+000-1.303e+002-2.998e+000-5.121e+002-1.518e+002 1.697e+004-2.141e+001 6.762e+003-3.248e+000 4.001e+002 1.132e+001 2.501e+002-4.592e+002 5.530e+004 1.370e+003 1.908e+005
 2.000e+004 2.930e+000 1.680e+002 1.609e+000-3.676e+001-9.236e-001-1.401e+002-4.207e+001 1.149e+004-3.237e+001 3.680e+003-9.037e-001 2.818e+002 8.029e+000 1.621e+002-1.322e+002 3.106e+004 7.797e+002 9.220e+004
 2.130e+004 2.930e+000 1.650e+002 7.166e-001-9.992e+000-4.994e-002-3.719e+001-2.880e+001 4.884e+003-5.435e+000 1.927e+003-7.430e-001 1.212e+002 3.673e+000 8.390e+001-8.809e+001 1.313e+004 3.467e+002 3.975e+004
 2.250e+004 2.930e+000 1.290e+002 5.851e-001-3.695e+000-1.533e-001-2.658e+001-2.526e+001 3.231e+003 2.922e+000 1.840e+003-6.010e-001 7.962e+001 2.166e+000 3.674e+001-6.529e+001 8.083e+003 2.044e+002 2.174e+004
 2.380e+004 2.930e+000 1.890e+002 1.989e+000 1.351e+002 2.124e+000 3.607e+002 1.601e+002 4.805e+004 3.903e+002 7.179e+004-5.748e-001 3.346e+002 7.504e+000 9.401e+001-8.978e+001 4.843e+004 1.016e+003 1.639e+005
 2.500e+004 2.930e+000 1.890e+002 2.264e+000 2.411e+001 3.151e+000 6.161e+001 2.507e+001 6.102e+003 1.547e+002 1.294e+004-3.053e+000 1.147e+002 1.622e+001 4.876e+002-2.952e+002 3.380e+003 9.768e+002 9.179e+004
 2.630e+004 2.930e+000 1.740e+002 4.082e-001-4.683e+000-1.969e-001-3.413e+001-1.591e+001 4.345e+003 1.417e+001 3.851e+003-6.296e-001 1.285e+002 4.660e+000 9.544e+001-5.271e+001 1.047e+004 3.771e+002 3.452e+004
 2.750e+004 2.930e+000 1.500e+002 2.842e-001-6.633e+000-2.079e-001-3.226e+001-1.848e+001 3.193e+003-1.130e+000 2.230e+003-6.130e-001 1.049e+002 3.594e+000 7.743e+001-4.788e+001 8.771e+003 2.926e+002 2.617e+004
 2.880e+004 2.930e+000 1.770e+002 2.329e-001-3.843e+000-1.424e-001-2.484e+001-1.639e+001 3.010e+003-1.154e+000 2.325e+003-5.206e-001 9.532e+001 3.180e+000 7.697e+001-4.117e+001 7.844e+003 2.528e+002 2.264e+004
 3.000e+004 2.930e+000 1.440e+002 2.610e-001-1.534e+000-1.086e-001-2.362e+001-1.844e+001 2.890e+003 3.083e+000 2.520e+003-5.868e-001 8.785e+001 2.861e+000 7.021e+001-4.849e+001 7.373e+003 2.368e+002 2.185e+004
 3.130e+004 2.930e+000 2.010e+002 4.679e-001 2.337e+001 1.392e-001 2.473e+001 8.165e+000 1.736e+004 4.937e+001 1.334e+004-5.615e-001 1.731e+002 4.011e+000 7.636e+001-3.604e+001 2.611e+004 3.961e+002 5.481e+004
 3.250e+004 2.930e+000 2.070e+002 5.197e-001 4.341e+001 2.505e-001 5.752e+001 1.959e+001 2.760e+004 7.261e+001 2.090e+004-5.077e-001 2.280e+002 4.706e+000 8.020e+001-3.491e+001 3.977e+004 4.992e+002 7.926e+004
 3.380e+004 2.930e+000 1.620e+002 2.678e-001-4.230e+000-2.562e-001-3.435e+001-2.161e+001 2.944e+003 1.058e+001 2.811e+003-7.393e-001 1.014e+002 3.653e+000 6.690e+001-5.868e+001 8.318e+003 3.008e+002 2.649e+004
 3.500e+004 2.930e+000 1.320e+002 2.192e-001-5.228e+000-2.885e-001-3.265e+001-1.862e+001 2.530e+003 1.347e+001 2.320e+003-6.424e-001 9.152e+001 3.437e+000 4.430e+001-5.071e+001 7.454e+003 2.834e+002 2.422e+004
 3.630e+004 2.930e+000 1.410e+002 1.304e-001-4.201e+000-2.102e-001-2.070e+001-1.091e+001 1.761e+003 6.859e+000 1.237e+003-3.941e-001 6.631e+001 2.581e+000 2.631e+001-2.946e+001 5.175e+003 2.012e+002 1.620e+004
 3.750e+004 2.930e+000 1.620e+002 6.440e-002-1.812e+000-9.000e-002-8.090e+000-4.931e+000 1.046e+003 3.027e+000 5.608e+002-1.811e-001 3.929e+001 1.542e+000 1.232e+001-1.308e+001 2.873e+003 1.112e+002 8.314e+003
 3.880e+004 2.930e+000 1.680e+002 3.492e-002-3.437e-001-2.451e-002-2.042e+000-1.843e+000 6.020e+002 1.585e+000 2.810e+002-6.933e-002 2.091e+001 8.373e-001 5.886e+000-4.714e+000 1.467e+003 5.428e+001 3.846e+003
 4.000e+004 2.930e+000 2.070e+002 2.964e-001 1.845e+001 1.261e-001 4.454e+001 5.762e+001 2.194e+004-1.536e+001 6.998e+003 5.423e-001 1.704e+002 1.800e+000 7.600e+001 7.618e+001 3.144e+004 2.426e+002 4.744e+004
 4.130e+004 2.930e+000 1.440e+002 2.030e-002 6.240e-002-3.057e-003-2.675e-001-1.986e-001 2.453e+002 7.293e-001 1.409e+002-8.362e-003 5.151e+000 1.868e-001 2.600e+000-5.172e-001 3.967e+002 9.882e+000 7.904e+002
 4.250e+004 2.930e+000 1.320e+002 1.230e-002 3.143e-001 3.572e-003 3.454e-001 1.232e-002 1.474e+002-6.501e-002 1.169e+002 2.292e-003 3.805e+000 1.338e-001 3.568e+000-1.577e-001 2.439e+002 6.845e+000 5.445e+002
 4.380e+004 2.930e+000 1.170e+002 8.430e-003 4.101e-002-1.050e-003 3.289e-002 7.205e-002 7.341e+001 1.941e-001 7.660e+001 3.274e-005 1.658e+000 6.918e-002 2.254e+000 6.638e-002 1.098e+002 3.142e+000 3.035e+002
 4.500e+004 2.930e+000 1.050e+002 1.328e-002 1.668e-001 1.110e-003 1.771e-001 1.153e-001 6.811e+001-5.310e-002 5.484e+001 2.810e-003 1.063e+000 3.909e-002 1.515e+000 9.247e-002 9.044e+001 1.920e+000 2.363e+002
 4.630e+004 2.930e+000 1.080e+002 2.682e-002 6.490e-002 6.535e-005 9.919e-002 7.690e-001 1.436e+002-1.047e-001 5.682e+001 2.793e-003 9.962e-001 3.330e-002 1.326e+000 4.940e-001 1.590e+002 1.932e+000 3.075e+002
 4.750e+004 2.930e+000 2.310e+002 6.810e+000 2.504e+002 1.510e-001 3.868e+002 6.454e+002 9.435e+004-1.022e+002 2.642e+004 2.906e+000 3.196e+002 1.499e+000 1.739e+002 4.563e+002 7.700e+004 2.343e+002 7.042e+004
 4.880e+004 2.930e+000 1.410e+002 2.021e+000 8.653e+001 1.175e-001 1.315e+002 1.855e+002 3.118e+004-2.992e+001 1.051e+004 8.599e-001 9.852e+001 4.593e-001 5.743e+001 1.196e+002 2.510e+004 7.052e+001 2.392e+004
 5.000e+004 2.930e+000 1.260e+002 1.974e-002 1.832e-001 1.030e-003 2.922e-001 4.073e-001 9.817e+001 3.523e-002 7.646e+001 3.429e-003 1.362e+000 4.476e-002 1.010e+000 1.549e-001 1.833e+002 3.963e+000 5.803e+002
 5.130e+004 2.930e+000 1.110e+002 8.263e-003 9.156e-002 1.477e-003 1.863e-001 6.747e-002 5.990e+001 2.977e-001 6.691e+001 1.206e-003 1.155e+000 4.420e-002 5.218e-001-8.939e-002 1.522e+002 4.175e+000 5.678e+002
 5.250e+004 2.930e+000 1.230e+002 6.104e-003 1.495e-001 2.166e-003 3.101e-001-6.466e-002 6.209e+001 5.680e-001 7.751e+001-2.688e-003 1.271e+000 5.050e-002-1.839e-001-4.009e-001 1.747e+002 5.045e+000 6.706e+002
 5.380e+004 2.930e+000 1.590e+002 2.247e-002 1.365e-001 2.598e-002 1.871e-001 3.665e-001 5.701e+001 8.446e-001 1.736e+001-3.424e-002-3.860e-001 2.473e-001 5.759e+000-2.075e+000 1.399e+001 1.069e+001 9.916e+002
 5.500e+004 2.930e+000 1.290e+002 5.116e-002 5.263e+000 6.792e-002 1.171e+001 3.898e+000 2.236e+003 6.854e+000 1.801e+003 1.290e-002 1.887e+001 2.549e-001 4.103e+000 1.583e+000 3.619e+003 3.698e+001 7.380e+003
 5.630e+004 2.930e+000 2.220e+002 2.008e-001 3.446e+001 4.716e-001 7.732e+001 2.887e+001 2.206e+004 4.934e+001 1.596e+004 2.113e-001 1.800e+002 2.083e+000 4.940e+001 2.188e+001 3.601e+004 3.304e+002 7.040e+004
 5.750e+004 2.930e+000 1.080e+002 7.214e-003-6.777e-002 2.514e-004 2.560e-002 1.187e-002 4.399e+001 3.631e-001 2.052e+001-4.089e-003 8.377e-001 4.004e-002-8.080e-001-1.608e-001 1.036e+002 2.815e+000 3.091e+002
 5.880e+004 2.930e+000 1.230e+002 4.882e-003 3.530e-002-2.273e-004 1.045e-001-6.186e-002 3.795e+001 3.635e-001 1.636e+000-3.125e-003 1.172e+000 5.589e-002-1.288e+000-2.372e-001 1.151e+002 3.911e+000 3.802e+002
 6.000e+004 2.930e+000 1.140e+002 4.199e-003 1.916e-002 7.467e-004 9.452e-002-5.748e-002 4.165e+001 3.224e-001-5.639e+000-3.606e-003 1.541e+000 7.454e-002-1.273e+000-2.107e-001 1.217e+002 4.858e+000 3.982e+002
 6.130e+004 2.930e+000 1.590e+002 4.701e-003 3.548e-002 2.618e-004 1.103e-001-4.931e-002 5.806e+001 3.021e-001-1.606e+001-2.179e-003 2.065e+000 9.669e-002-1.461e+000-1.564e-001 1.531e+002 5.639e+000 4.262e+002
 6.250e+004 2.930e+000 1.080e+002 2.838e-003 9.751e-003-4.898e-004 2.457e-002 2.991e-002 8.023e+001 3.031e-001-2.154e+001 2.379e-004 2.199e+000 8.176e-002-1.522e+000 2.962e-002 1.788e+002 5.146e+000 4.265e+002
 6.380e+004 2.930e+000 1.800e+002 3.036e-001 1.173e+001-1.244e-001 1.406e+001 4.841e+001 1.047e+004-4.288e+001-5.730e+002 4.743e-001 8.066e+001 9.589e-001 5.586e+001 6.911e+001 1.486e+004 1.174e+002 2.114e+004
 6.500e+004 2.930e+000 1.140e+002 2.356e-002 1.198e-001-3.740e-004 2.944e-001 1.803e-001 9.266e+001 2.774e-002-3.267e+001 2.647e-002 2.455e+000 1.227e-001-1.045e+000 4.331e-001 1.773e+002 4.961e+000 3.684e+002
 6.630e+004 2.930e+000 1.170e+002 2.151e-003-9.495e-004-7.747e-006 1.146e-003 1.242e-002 6.664e+001 2.069e-001-3.127e+001 4.919e-004 1.546e+000 4.607e-002-1.208e+000 1.109e-002 1.313e+002 3.009e+000 2.807e+002
 6.750e+004 2.930e+000 1.170e+002 3.598e-003 2.744e-002 2.508e-004 6.699e-002-2.907e-003 4.563e+001 3.059e-001-2.333e+001-2.424e-004 1.021e+000 3.297e-002-1.174e+000 3.963e-003 8.813e+001 1.843e+000 1.894e+002
 6.880e+004 2.930e+000 9.300e+001 1.687e-003-7.530e-003-2.521e-004-6.920e-003 1.946e-003 3.085e+001 2.088e-001-2.120e+001 2.430e-004 5.786e-001 1.857e-002-8.275e-001 7.412e-003 5.866e+001 9.685e-001 1.318e+002
 7.000e+004 2.930e+000 9.900e+001 3.142e-003-8.972e-005 0.000e+000 5.936e-003 8.747e-003 1.556e+001 8.494e-002-1.326e+001 0.000e+000 2.791e-001 9.947e-003-4.227e-001 1.351e-002 2.778e+001 4.008e-001 6.711e+001
 7.130e+004 2.930e+000 4.500e+001 9.700e-004-1.365e-002-5.159e-006 1.101e-002 8.419e-002 2.885e+001-3.469e-002 4.629e+000 2.488e-004 1.808e-001 5.106e-003-2.584e-002 1.083e-001 3.600e+001 1.893e-001 5.368e+001
 7.250e+004 2.930e+000 4.500e+001 4.379e-003 1.473e-001 2.275e-004 2.555e-001 2.026e-001 5.411e+001-2.009e-002 1.256e+001 1.003e-003 1.787e-001 3.579e-003 2.495e-003 2.083e-001 6.894e+001 2.092e-001 9.797e+001
 7.380e+004 2.930e+000 5.100e+001 1.707e-003 4.651e-003 0.000e+000 6.620e-003 2.586e-003 1.350e+000-2.851e-003-1.744e+000 0.000e+000 2.494e-002 3.838e-003-3.430e-002 1.246e-003 1.630e+000 6.567e-003 6.981e+000
 7.500e+004 2.930e+000 1.800e+001 9.773e-004 1.343e-003 0.000e+000 1.343e-003 1.948e-003 1.605e-001-5.699e-003 0.000e+000 0.000e+000 7.842e-003 1.279e-003 7.654e-003 1.948e-003 1.376e-001 6.422e-003 1.604e-001
 7.630e+004 2.930e+000 2.700e+001 4.892e-004 0.000e+000 0.000e+000 0.000e+000 0.000e+000 2.024e-001-1.284e-002 0.000e+000 0.000e+000 1.735e-002 2.301e-003 1.284e-002 0.000e+000 2.024e-001 1.735e-002 2.024e-001
 7.750e+004 2.930e+000 2.700e+001 2.197e-003 1.353e-003 0.000e+000 1.353e-003 1.890e-003 1.770e-001-1.003e-002 0.000e+000 0.000e+000 1.326e-002 2.039e-003 1.146e-002 1.890e-003 1.770e-001 1.514e-002 1.990e-001
 7.880e+004 2.930e+000 3.300e+001 1.468e-003 4.072e-003 0.000e+000 5.927e-003 5.576e-003 5.848e-001-9.080e-003-8.621e-002 0.000e+000 7.879e-003 2.550e-003 2.354e-002 4.217e-003 2.328e-002-3.246e-004 1.386e+000
 8.000e+004 2.930e+000 4.800e+001 4.162e-003 1.877e-001 9.152e-004 3.340e-001 3.119e-001 1.064e+002-2.785e-001 2.598e+001 3.026e-003 6.705e-001 9.182e-003 5.563e-001 3.978e-001 1.498e+002 8.809e-001 2.191e+002
 8.130e+004 2.930e+000 3.900e+001 2.198e-003-8.174e-003 0.000e+000-8.626e-003 1.184e-002 3.809e-001-3.956e-003 4.249e-002 0.000e+000 8.668e-003 2.542e-003-2.197e-003 1.503e-002 4.446e-001 4.675e-003 6.988e-001
 8.250e+004 2.930e+000 2.700e+001 1.950e-003 1.372e-003 0.000e+000 1.372e-003 1.793e-003 1.665e-001-1.014e-002 0.000e+000 0.000e+000 1.245e-002 2.024e-003 1.015e-002 1.793e-003 1.873e-001 1.245e-002 2.498e-001
 8.380e+004 2.930e+000 1.500e+001 7.303e-004 0.000e+000 0.000e+000 0.000e+000 0.000e+000 1.028e-001-7.273e-003 0.000e+000 0.000e+000 8.753e-003 1.260e-003 7.273e-003 0.000e+000 1.028e-001 8.753e-003 1.028e-001
 8.500e+004 2.930e+000 1.500e+001 7.278e-004 0.000e+000 0.000e+000 0.000e+000 0.000e+000 1.007e-001-7.261e-003 0.000e+000 0.000e+000 8.576e-003 1.254e-003 7.261e-003 0.000e+000 1.007e-001 8.576e-003 1.007e-001
 8.630e+004 2.930e+000 3.300e+001 1.691e-003-1.383e-003-1.576e-005-2.023e-003-1.706e-003 1.988e-001-5.603e-003 0.000e+000 4.903e-004 9.867e-003 2.241e-003 2.020e-003 4.458e-003 1.391e-001 1.591e-002 2.184e-001
 8.750e+004 2.930e+000 5.100e+001 9.623e-004 2.312e-002-2.393e-005 3.025e-002 4.846e-002 2.487e+001-7.955e-002 5.318e-001 7.319e-004 1.501e-001 4.953e-003 1.295e-001 7.072e-002 3.779e+001 2.499e-001 6.059e+001
 8.880e+004 2.930e+000 2.400e+001 9.577e-004 4.411e-003-8.208e-006 7.173e-003 1.909e-003 6.192e-001-4.537e-003-5.809e-002 2.427e-004 1.770e-003 1.970e-003 1.346e-002 5.198e-003 9.479e-001 8.406e-003 1.741e+000
 9.000e+004 2.930e+000 1.500e+001 7.138e-004 1.390e-003-8.365e-006 1.390e-003 1.617e-003 5.728e-002-1.463e-003 0.000e+000 2.410e-004 1.587e-003 9.779e-004 5.851e-003 1.617e-003 3.816e-002 6.347e-003 1.144e-001
 9.130e+004 2.930e+000 3.300e+001 1.419e-003 0.000e+000-3.376e-005 5.759e-003 0.000e+000 5.624e-002-3.016e-003-1.121e-001 9.570e-004 9.667e-005 2.667e-003 1.445e-002 3.356e-003-1.849e-002 2.154e-002 7.861e-001
 9.250e+004 2.930e+000 3.000e+001 9.384e-004 0.000e+000-1.692e-005-1.637e-004 0.000e+000 0.000e+000 0.000e+000 0.000e+000 4.741e-004 0.000e+000 2.638e-003 1.896e-002 2.948e-003 0.000e+000 2.276e-002 1.244e+000
 9.380e+004 2.930e+000 3.300e+001 1.396e-003 0.000e+000-3.413e-005 1.118e-003 0.000e+000 7.342e-002-5.879e-003-7.356e-002 9.398e-004 3.003e-003 2.613e-003 2.926e-002 7.360e-003 1.286e-001 2.383e-002 2.322e+000
 9.500e+004 2.930e+000 4.200e+001 1.848e-003-4.023e-004-2.526e-005-4.789e-003 1.153e-002 1.564e+000-8.732e-003-1.617e-001 6.991e-004 8.740e-003 2.825e-003 2.328e-002 1.281e-002 1.868e+000 2.039e-002 3.468e+000
 9.630e+004 2.930e+000 0.000e+000 0.000e+000 0.000e+000 0.000e+000 0.000e+000 0.000e+000 0.000e+000 0.000e+000 0.000e+000 0.000e+000 0.000e+000 0.000e+000 0.000e+000 0.000e+000 0.000e+000 0.000e+000 0.000e+000
 9.750e+004 2.930e+000 0.000e+000 0.000e+000 0.000e+000 0.000e+000 0.000e+000 0.000e+000 0.000e+000 0.000e+000 0.000e+000 0.000e+000 0.000e+000 0.000e+000 0.000e+000 0.000e+000 0.000e+000 0.000e+000 0.000e+000
 9.880e+004 2.930e+000 0.000e+000 0.000e+000 0.000e+000 0.000e+000 0.000e+000 0.000e+000 0.000e+000 0.000e+000 0.000e+000 0.000e+000 0.000e+000 0.000e+000 0.000e+000 0.000e+000 0.000e+000 0.000e+000 0.000e+000
 1.000e+005 2.930e+000 0.000e+000 0.000e+000 0.000e+000 0.000e+000 0.000e+000 0.000e+000 0.000e+000 0.000e+000 0.000e+000 0.000e+000 0.000e+000 0.000e+000 0.000e+000 0.000e+000 0.000e+000 0.000e+000 0.000e+000
