 6.250e+000 2.930e+000 0.000e+000 0.000e+000 0.000e+000 0.000e+000 0.000e+000 0.000e+000 0.000e+000 0.000e+000 0.000e+000 0.000e+000 0.000e+000 0.000e+000 0.000e+000 0.000e+000 0.000e+000 0.000e+000 0.000e+000
 7.500e+000 2.930e+000 0.000e+000 0.000e+000 0.000e+000 0.000e+000 0.000e+000 0.000e+000 0.000e+000 0.000e+000 0.000e+000 0.000e+000 0.000e+000 0.000e+000 0.000e+000 0.000e+000 0.000e+000 0.000e+000 0.000e+000
 8.750e+000 2.930e+000 0.000e+000 0.000e+000 0.000e+000 0.000e+000 0.000e+000 0.000e+000 0.000e+000 0.000e+000 0.000e+000 0.000e+000 0.000e+000 0.000e+000 0.000e+000 0.000e+000 0.000e+000 0.000e+000 0.000e+000
 1.000e+001 2.930e+000 0.000e+000 0.000e+000 0.000e+000 0.000e+000 0.000e+000 0.000e+000 0.000e+000 0.000e+000 0.000e+000 0.000e+000 0.000e+000 0.000e+000 0.000e+000 0.000e+000 0.000e+000 0.000e+000 0.000e+000
 1.130e+001 2.930e+000 2.400e+001 4.407e+002 1.163e+003 5.899e+001-4.565e+002-1.681e+002 7.447e+004-4.452e+002-1.615e+003-1.189e+002 1.488e+003 1.940e+002-4.988e+002-2.776e+002-2.257e+004-7.329e+002 1.470e+004
 1.250e+001 2.930e+000 0.000e+000 0.000e+000 0.000e+000 0.000e+000 0.000e+000 0.000e+000 0.000e+000 0.000e+000 0.000e+000 0.000e+000 0.000e+000 0.000e+000 0.000e+000 0.000e+000 0.000e+000 0.000e+000 0.000e+000
 1.380e+001 2.930e+000 0.000e+000 0.000e+000 0.000e+000 0.000e+000 0.000e+000 0.000e+000 0.000e+000 0.000e+000 0.000e+000 0.000e+000 0.000e+000 0.000e+000 0.000e+000 0.000e+000 0.000e+000 0.000e+000 0.000e+000
 1.500e+001 2.930e+000 2.400e+001 5.016e+002-6.881e+002 4.198e+001 1.040e+002-1.181e+000 8.735e+004-1.388e+003-8.803e+002-1.709e+002 2.265e+003 2.630e+002-1.048e+003 6.280e+001-3.399e+004-1.656e+003 2.502e+004
 1.630e+001 2.930e+000 0.000e+000 0.000e+000 0.000e+000 0.000e+000 0.000e+000 0.000e+000 0.000e+000 0.000e+000 0.000e+000 0.000e+000 0.000e+000 0.000e+000 0.000e+000 0.000e+000 0.000e+000 0.000e+000 0.000e+000
 1.750e+001 2.930e+000 2.400e+001 4.639e+002 1.306e+002 4.856e+001-5.093e+002 1.673e+003 4.233e+004-3.910e+002-5.931e+002-9.675e+000 8.453e+002 1.322e+002-3.529e+002-1.141e+003-1.700e+004-7.721e+002 1.277e+004
 1.880e+001 2.930e+000 0.000e+000 0.000e+000 0.000e+000 0.000e+000 0.000e+000 0.000e+000 0.000e+000 0.000e+000 0.000e+000 0.000e+000 0.000e+000 0.000e+000 0.000e+000 0.000e+000 0.000e+000 0.000e+000 0.000e+000
 2.000e+001 2.930e+000 2.400e+001 3.947e+002-4.775e+002 3.944e+001 2.774e+002-1.002e+003 3.525e+004-7.579e+002-2.354e+003-1.582e+002 1.568e+003 2.393e+002-1.013e+003 3.902e+002-1.419e+004-1.077e+003 1.311e+004
 2.130e+001 2.930e+000 0.000e+000 0.000e+000 0.000e+000 0.000e+000 0.000e+000 0.000e+000 0.000e+000 0.000e+000 0.000e+000 0.000e+000 0.000e+000 0.000e+000 0.000e+000 0.000e+000 0.000e+000 0.000e+000 0.000e+000
 2.250e+001 2.930e+000 0.000e+000 0.000e+000 0.000e+000 0.000e+000 0.000e+000 0.000e+000 0.000e+000 0.000e+000 0.000e+000 0.000e+000 0.000e+000 0.000e+000 0.000e+000 0.000e+000 0.000e+000 0.000e+000 0.000e+000
 2.380e+001 2.930e+000 2.400e+001 3.758e+002-1.023e+003-2.188e+001 8.199e+002-4.063e+000 3.963e+004-5.978e+002-1.639e+003-1.421e+002 1.244e+003 1.461e+002-6.441e+002-5.687e+001-1.496e+004-7.109e+002 1.085e+004
 2.500e+001 2.930e+000 0.000e+000 0.000e+000 0.000e+000 0.000e+000 0.000e+000 0.000e+000 0.000e+000 0.000e+000 0.000e+000 0.000e+000 0.000e+000 0.000e+000 0.000e+000 0.000e+000 0.000e+000 0.000e+000 0.000e+000
 2.630e+001 2.930e+000 2.400e+001 7.610e+002-1.275e+003 5.296e+001 6.405e+002-1.327e+002 4.281e+004-1.125e+003 6.867e+002-2.413e+002 1.515e+003 2.068e+002-6.344e+002-2.842e+002-1.904e+004-8.093e+002 1.306e+004
 2.750e+001 2.930e+000 0.000e+000 0.000e+000 0.000e+000 0.000e+000 0.000e+000 0.000e+000 0.000e+000 0.000e+000 0.000e+000 0.000e+000 0.000e+000 0.000e+000 0.000e+000 0.000e+000 0.000e+000 0.000e+000 0.000e+000
 2.880e+001 2.930e+000 2.100e+001 4.211e+002-1.174e+003 1.558e+001 5.941e+002-6.339e+002 2.720e+004-4.327e+002-1.311e+002-1.550e+002 9.455e+002 1.106e+002-3.335e+002 2.097e+001-7.754e+003-2.956e+002 6.124e+003
 3.000e+001 2.930e+000 0.000e+000 0.000e+000 0.000e+000 0.000e+000 0.000e+000 0.000e+000 0.000e+000 0.000e+000 0.000e+000 0.000e+000 0.000e+000 0.000e+000 0.000e+000 0.000e+000 0.000e+000 0.000e+000 0.000e+000
 3.130e+001 2.930e+000 0.000e+000 0.000e+000 0.000e+000 0.000e+000 0.000e+000 0.000e+000 0.000e+000 0.000e+000 0.000e+000 0.000e+000 0.000e+000 0.000e+000 0.000e+000 0.000e+000 0.000e+000 0.000e+000 0.000e+000
 3.250e+001 2.930e+000 2.400e+001 8.705e+002-1.382e+003 2.570e+001 3.041e+002-3.188e+003 8.482e+004 1.139e+003-4.035e+003-3.267e+002 3.161e+003 2.910e+002-5.420e+002-1.108e+002-5.789e+002-1.339e+002 5.253e+003
 3.380e+001 2.930e+000 0.000e+000 0.000e+000 0.000e+000 0.000e+000 0.000e+000 0.000e+000 0.000e+000 0.000e+000 0.000e+000 0.000e+000 0.000e+000 0.000e+000 0.000e+000 0.000e+000 0.000e+000 0.000e+000 0.000e+000
 3.500e+001 2.930e+000 2.400e+001 2.732e+003-1.492e+004-6.839e+002 4.163e+002-2.371e+004 4.977e+005 5.371e+003 6.087e+002-1.119e+003 1.824e+004 1.012e+003-9.291e+002-2.292e+003 1.309e+004 6.594e+002 1.171e+004
 3.630e+001 2.930e+000 0.000e+000 0.000e+000 0.000e+000 0.000e+000 0.000e+000 0.000e+000 0.000e+000 0.000e+000 0.000e+000 0.000e+000 0.000e+000 0.000e+000 0.000e+000 0.000e+000 0.000e+000 0.000e+000 0.000e+000
 3.750e+001 2.930e+000 2.400e+001 3.754e+003-3.287e+003 5.076e+002 1.497e+003 9.652e+001 4.418e+004-4.480e+002 1.073e+003-1.317e+003 7.765e+002 6.584e+002-4.384e+002-1.252e+003-8.896e+003 1.798e+002 6.728e+003
 3.880e+001 2.930e+000 0.000e+000 0.000e+000 0.000e+000 0.000e+000 0.000e+000 0.000e+000 0.000e+000 0.000e+000 0.000e+000 0.000e+000 0.000e+000 0.000e+000 0.000e+000 0.000e+000 0.000e+000 0.000e+000 0.000e+000
 4.000e+001 2.930e+000 0.000e+000 0.000e+000 0.000e+000 0.000e+000 0.000e+000 0.000e+000 0.000e+000 0.000e+000 0.000e+000 0.000e+000 0.000e+000 0.000e+000 0.000e+000 0.000e+000 0.000e+000 0.000e+000 0.000e+000
 4.130e+001 2.930e+000 2.400e+001 2.712e+003-2.857e+003 3.409e+002 2.176e+003 4.210e+003 2.839e+004 1.603e+002-1.003e+003-6.101e+002-7.658e+002 3.019e+002-2.368e+002-3.593e+003-1.258e+004 6.811e+002 1.022e+004
 4.250e+001 2.930e+000 0.000e+000 0.000e+000 0.000e+000 0.000e+000 0.000e+000 0.000e+000 0.000e+000 0.000e+000 0.000e+000 0.000e+000 0.000e+000 0.000e+000 0.000e+000 0.000e+000 0.000e+000 0.000e+000 0.000e+000
 4.380e+001 2.930e+000 2.400e+001 6.802e+003-7.750e+003 8.250e+002 5.867e+003 5.086e+003 2.244e+004-1.473e+003-9.614e+002-1.847e+003-2.005e+003 6.850e+002-1.128e+003-4.925e+003-1.470e+004 1.697e+003 1.280e+004
 4.500e+001 2.930e+000 0.000e+000 0.000e+000 0.000e+000 0.000e+000 0.000e+000 0.000e+000 0.000e+000 0.000e+000 0.000e+000 0.000e+000 0.000e+000 0.000e+000 0.000e+000 0.000e+000 0.000e+000 0.000e+000 0.000e+000
 4.630e+001 2.930e+000 2.400e+001 1.941e+004-2.028e+004 1.856e+003 1.699e+004 2.252e+004 6.072e+004-2.536e+003-4.624e+002-4.382e+003-6.890e+003 1.343e+003-2.325e+003-2.007e+004-4.668e+004 5.889e+003 4.006e+004
 4.750e+001 2.930e+000 0.000e+000 0.000e+000 0.000e+000 0.000e+000 0.000e+000 0.000e+000 0.000e+000 0.000e+000 0.000e+000 0.000e+000 0.000e+000 0.000e+000 0.000e+000 0.000e+000 0.000e+000 0.000e+000 0.000e+000
 4.880e+001 2.930e+000 0.000e+000 0.000e+000 0.000e+000 0.000e+000 0.000e+000 0.000e+000 0.000e+000 0.000e+000 0.000e+000 0.000e+000 0.000e+000 0.000e+000 0.000e+000 0.000e+000 0.000e+000 0.000e+000 0.000e+000
 5.000e+001 2.930e+000 2.400e+001 1.100e+007-4.649e+006 1.104e+006 3.611e+006 1.118e+007 1.343e+007 5.261e+004-4.385e+005-2.540e+006-3.075e+006 7.079e+005 1.415e+005-9.697e+006-1.141e+007 2.600e+006 9.759e+006
 5.130e+001 2.930e+000 0.000e+000 0.000e+000 0.000e+000 0.000e+000 0.000e+000 0.000e+000 0.000e+000 0.000e+000 0.000e+000 0.000e+000 0.000e+000 0.000e+000 0.000e+000 0.000e+000 0.000e+000 0.000e+000 0.000e+000
 5.250e+001 2.930e+000 2.400e+001 2.440e+004-3.267e+004 2.906e+003 2.410e+004 2.632e+004 8.141e+004-4.376e+003-4.552e+003-5.548e+003-9.857e+003 1.704e+003-2.865e+003-2.341e+004-6.163e+004 8.064e+003 4.904e+004
 5.380e+001 2.930e+000 0.000e+000 0.000e+000 0.000e+000 0.000e+000 0.000e+000 0.000e+000 0.000e+000 0.000e+000 0.000e+000 0.000e+000 0.000e+000 0.000e+000 0.000e+000 0.000e+000 0.000e+000 0.000e+000 0.000e+000
 5.500e+001 2.930e+000 0.000e+000 0.000e+000 0.000e+000 0.000e+000 0.000e+000 0.000e+000 0.000e+000 0.000e+000 0.000e+000 0.000e+000 0.000e+000 0.000e+000 0.000e+000 0.000e+000 0.000e+000 0.000e+000 0.000e+000
 5.630e+001 2.930e+000 2.400e+001 5.703e+003-5.895e+003 5.848e+002 4.951e+003 6.224e+003 2.010e+004-8.770e+002-1.479e+001-1.368e+003-2.014e+003 4.191e+002-7.264e+002-5.499e+003-1.443e+004 1.720e+003 1.177e+004
 5.750e+001 2.930e+000 0.000e+000 0.000e+000 0.000e+000 0.000e+000 0.000e+000 0.000e+000 0.000e+000 0.000e+000 0.000e+000 0.000e+000 0.000e+000 0.000e+000 0.000e+000 0.000e+000 0.000e+000 0.000e+000 0.000e+000
 5.880e+001 2.930e+000 2.400e+001 2.565e+003-3.402e+003 2.619e+002 2.603e+003 1.563e+003 1.595e+004-9.628e+002-1.264e+002-6.830e+002-3.602e+002 2.749e+002-7.484e+002-1.719e+003-1.061e+004 3.550e+002 8.489e+003
 6.000e+001 2.930e+000 0.000e+000 0.000e+000 0.000e+000 0.000e+000 0.000e+000 0.000e+000 0.000e+000 0.000e+000 0.000e+000 0.000e+000 0.000e+000 0.000e+000 0.000e+000 0.000e+000 0.000e+000 0.000e+000 0.000e+000
 6.130e+001 2.930e+000 2.400e+001 2.362e+003-2.803e+003 2.594e+002 1.988e+003 7.244e+002 1.378e+004-1.190e+003 2.854e+002-8.315e+002 1.028e+002 4.100e+002-7.610e+002-8.100e+002-8.209e+003 3.504e+001 5.574e+003
 6.250e+001 2.930e+000 0.000e+000 0.000e+000 0.000e+000 0.000e+000 0.000e+000 0.000e+000 0.000e+000 0.000e+000 0.000e+000 0.000e+000 0.000e+000 0.000e+000 0.000e+000 0.000e+000 0.000e+000 0.000e+000 0.000e+000
 6.380e+001 2.930e+000 0.000e+000 0.000e+000 0.000e+000 0.000e+000 0.000e+000 0.000e+000 0.000e+000 0.000e+000 0.000e+000 0.000e+000 0.000e+000 0.000e+000 0.000e+000 0.000e+000 0.000e+000 0.000e+000 0.000e+000
 6.500e+001 2.930e+000 2.400e+001 1.344e+003-1.977e+003 1.843e+002 1.078e+003 7.448e+002 1.079e+004-6.456e+002-4.938e+002-4.170e+002-1.606e+002 2.126e+002-3.327e+002-8.211e+002-5.448e+003 1.628e+002 3.512e+003
 6.630e+001 2.930e+000 0.000e+000 0.000e+000 0.000e+000 0.000e+000 0.000e+000 0.000e+000 0.000e+000 0.000e+000 0.000e+000 0.000e+000 0.000e+000 0.000e+000 0.000e+000 0.000e+000 0.000e+000 0.000e+000 0.000e+000
 6.750e+001 2.930e+000 2.400e+001 8.914e+002-9.808e+002 5.490e+001 7.778e+002 4.689e+002 7.817e+003-3.333e+002-4.071e+001-2.792e+002 4.977e+000 1.392e+002-3.148e+002-5.484e+002-4.108e+003 2.487e+001 3.143e+003
 6.880e+001 2.930e+000 0.000e+000 0.000e+000 0.000e+000 0.000e+000 0.000e+000 0.000e+000 0.000e+000 0.000e+000 0.000e+000 0.000e+000 0.000e+000 0.000e+000 0.000e+000 0.000e+000 0.000e+000 0.000e+000 0.000e+000
 7.000e+001 2.930e+000 2.400e+001 5.737e+002-7.258e+002 4.680e+001 6.725e+002 1.124e+002 6.582e+003-2.828e+002-8.272e+002-2.132e+002 2.777e+002 1.419e+002-3.860e+002-1.531e+002-4.003e+003-1.746e+002 3.309e+003
 7.130e+001 2.930e+000 0.000e+000 0.000e+000 0.000e+000 0.000e+000 0.000e+000 0.000e+000 0.000e+000 0.000e+000 0.000e+000 0.000e+000 0.000e+000 0.000e+000 0.000e+000 0.000e+000 0.000e+000 0.000e+000 0.000e+000
 7.250e+001 2.930e+000 0.000e+000 0.000e+000 0.000e+000 0.000e+000 0.000e+000 0.000e+000 0.000e+000 0.000e+000 0.000e+000 0.000e+000 0.000e+000 0.000e+000 0.000e+000 0.000e+000 0.000e+000 0.000e+000 0.000e+000
 7.380e+001 2.930e+000 2.400e+001 6.423e+002-4.567e+002 8.059e+001 3.893e+002 1.405e+002 5.083e+003-1.769e+002-3.409e+002-2.227e+002 1.644e+002 1.261e+002-1.642e+002-2.130e+002-2.757e+003-7.376e+001 2.023e+003
 7.500e+001 2.930e+000 0.000e+000 0.000e+000 0.000e+000 0.000e+000 0.000e+000 0.000e+000 0.000e+000 0.000e+000 0.000e+000 0.000e+000 0.000e+000 0.000e+000 0.000e+000 0.000e+000 0.000e+000 0.000e+000 0.000e+000
 7.630e+001 2.930e+000 2.100e+001 4.767e+002-6.406e+002 5.842e+001 3.815e+002 1.528e+002 3.721e+003-2.113e+002-8.644e+001-1.677e+002 1.725e+001 8.997e+001-1.513e+002-1.158e+002-1.995e+003-3.792e+001 1.473e+003
 7.750e+001 2.930e+000 0.000e+000 0.000e+000 0.000e+000 0.000e+000 0.000e+000 0.000e+000 0.000e+000 0.000e+000 0.000e+000 0.000e+000 0.000e+000 0.000e+000 0.000e+000 0.000e+000 0.000e+000 0.000e+000 0.000e+000
 7.880e+001 2.930e+000 2.400e+001 3.163e+002-2.576e+002 4.616e+001 1.310e+002 1.392e+002 2.549e+003-7.050e+001-3.607e+002-8.936e+001 7.516e+001 5.426e+001-7.508e+001-1.434e+002-1.419e+003-4.145e+001 1.169e+003
 8.000e+001 2.930e+000 0.000e+000 0.000e+000 0.000e+000 0.000e+000 0.000e+000 0.000e+000 0.000e+000 0.000e+000 0.000e+000 0.000e+000 0.000e+000 0.000e+000 0.000e+000 0.000e+000 0.000e+000 0.000e+000 0.000e+000
 8.130e+001 2.930e+000 0.000e+000 0.000e+000 0.000e+000 0.000e+000 0.000e+000 0.000e+000 0.000e+000 0.000e+000 0.000e+000 0.000e+000 0.000e+000 0.000e+000 0.000e+000 0.000e+000 0.000e+000 0.000e+000 0.000e+000
 8.250e+001 2.930e+000 2.100e+001 2.073e+002-2.954e+002 5.266e+000 2.138e+002 5.727e+001 3.823e+003-1.627e+002-3.344e+000-4.885e+001 6.513e+001 2.521e+001-1.053e+002-2.001e+002-1.940e+003-1.678e+001 1.445e+003
 8.380e+001 2.930e+000 0.000e+000 0.000e+000 0.000e+000 0.000e+000 0.000e+000 0.000e+000 0.000e+000 0.000e+000 0.000e+000 0.000e+000 0.000e+000 0.000e+000 0.000e+000 0.000e+000 0.000e+000 0.000e+000 0.000e+000
 8.500e+001 2.930e+000 2.400e+001 3.840e+002-5.091e+002 2.465e+001 3.560e+002-1.319e+001 3.920e+003-2.154e+002-2.680e+002-1.329e+002 1.084e+002 6.659e+001-1.666e+002-1.483e+002-1.918e+003-1.735e+001 1.376e+003
 8.630e+001 2.930e+000 0.000e+000 0.000e+000 0.000e+000 0.000e+000 0.000e+000 0.000e+000 0.000e+000 0.000e+000 0.000e+000 0.000e+000 0.000e+000 0.000e+000 0.000e+000 0.000e+000 0.000e+000 0.000e+000 0.000e+000
 8.750e+001 2.930e+000 2.400e+001 1.909e+002-1.332e+002 1.211e+001 1.290e+002 3.760e+001 2.741e+003-6.350e+001-1.686e+002-5.552e+001 6.243e+001 3.117e+001-7.954e+001-8.843e+001-1.439e+003-4.007e+001 1.199e+003
 8.880e+001 2.930e+000 0.000e+000 0.000e+000 0.000e+000 0.000e+000 0.000e+000 0.000e+000 0.000e+000 0.000e+000 0.000e+000 0.000e+000 0.000e+000 0.000e+000 0.000e+000 0.000e+000 0.000e+000 0.000e+000 0.000e+000
 9.000e+001 2.930e+000 0.000e+000 0.000e+000 0.000e+000 0.000e+000 0.000e+000 0.000e+000 0.000e+000 0.000e+000 0.000e+000 0.000e+000 0.000e+000 0.000e+000 0.000e+000 0.000e+000 0.000e+000 0.000e+000 0.000e+000
 9.130e+001 2.930e+000 2.400e+001 1.318e+002-1.654e+002 1.002e+001 1.076e+002 1.914e+002 3.096e+003-4.319e+001 6.646e+001-2.312e+001 1.736e+001 1.501e+001-4.029e+001-1.373e+002-1.516e+003-2.913e+001 1.133e+003
 9.250e+001 2.930e+000 0.000e+000 0.000e+000 0.000e+000 0.000e+000 0.000e+000 0.000e+000 0.000e+000 0.000e+000 0.000e+000 0.000e+000 0.000e+000 0.000e+000 0.000e+000 0.000e+000 0.000e+000 0.000e+000 0.000e+000
 9.380e+001 2.930e+000 1.800e+001 9.280e+001-2.885e+001 9.718e+000 4.910e+001-1.291e+001 1.367e+003 1.906e+000-2.926e+000-3.320e+001 5.487e+001 2.213e+001-2.149e+001-1.272e+001-4.360e+002-3.352e+001 3.863e+002
 9.500e+001 2.930e+000 0.000e+000 0.000e+000 0.000e+000 0.000e+000 0.000e+000 0.000e+000 0.000e+000 0.000e+000 0.000e+000 0.000e+000 0.000e+000 0.000e+000 0.000e+000 0.000e+000 0.000e+000 0.000e+000 0.000e+000
 9.630e+001 2.930e+000 2.400e+001 1.064e+002-9.774e+001 7.481e+000 9.638e+001 3.633e+001 2.094e+003-1.318e+001-1.986e+001-2.714e+001-9.756e+000 1.161e+001-2.628e+001-4.868e+001-5.817e+002 1.960e+000 5.250e+002
 9.750e+001 2.930e+000 0.000e+000 0.000e+000 0.000e+000 0.000e+000 0.000e+000 0.000e+000 0.000e+000 0.000e+000 0.000e+000 0.000e+000 0.000e+000 0.000e+000 0.000e+000 0.000e+000 0.000e+000 0.000e+000 0.000e+000
 9.880e+001 2.930e+000 0.000e+000 0.000e+000 0.000e+000 0.000e+000 0.000e+000 0.000e+000 0.000e+000 0.000e+000 0.000e+000 0.000e+000 0.000e+000 0.000e+000 0.000e+000 0.000e+000 0.000e+000 0.000e+000 0.000e+000
 1.000e+002 2.930e+000 3.900e+001 3.368e+002 9.030e+002 1.595e+001 3.935e+002-3.964e+002 8.758e+004-5.062e+002 1.858e+003-9.594e+001-8.713e+001 5.664e+001 1.440e+002 2.354e+002 2.062e+004-2.032e+002 6.982e+003
 1.130e+002 2.930e+000 4.200e+001 1.427e+002-3.137e+002 8.909e-001 1.571e+002-2.863e+000 5.502e+003-2.130e+002-1.955e+002-4.599e+001 1.509e+002 3.273e+001-1.225e+002-7.327e+001-2.062e+003-5.758e+001 1.295e+003
 1.250e+002 2.930e+000 5.400e+001 1.238e+002-3.397e+002-5.655e+000 2.057e+002-4.019e+000 5.389e+003-2.411e+002-3.058e+002-4.342e+001 2.261e+002 4.659e+001-1.833e+002-6.784e+001-2.816e+003-1.240e+002 1.889e+003
 1.380e+002 2.930e+000 4.500e+001 7.761e+001-2.750e+002-2.654e+000 1.260e+002-9.258e+001 3.934e+003-1.646e+002-1.447e+002-2.822e+001 1.897e+002 2.714e+001-9.773e+001-7.431e-002-2.015e+003-9.902e+001 1.251e+003
 1.500e+002 2.930e+000 6.600e+001 1.307e+002-5.020e+002-8.594e+000 2.253e+002 1.205e+002 8.783e+003-3.162e+002-1.902e+001-5.204e+001 5.874e+001 3.296e+001-1.511e+002-9.286e+001-2.866e+003-2.682e+001 1.496e+003
 1.630e+002 2.930e+000 4.500e+001 9.096e+001-4.179e+002-2.920e+000 1.851e+002-5.197e+001 5.198e+003-2.973e+002 2.371e+001-4.213e+001 1.883e+002 4.280e+001-1.703e+002 2.599e+000-2.640e+003-1.246e+002 1.662e+003
 1.750e+002 2.930e+000 5.400e+001 1.107e+002-5.882e+002-1.739e+001 2.911e+002-8.706e+001 7.741e+003-4.437e+002 2.084e+001-5.322e+001 3.171e+002 6.192e+001-2.701e+002 1.280e+000-3.932e+003-1.900e+002 2.397e+003
 1.880e+002 2.930e+000 6.900e+001 2.015e+002-1.127e+003-3.400e+001 5.501e+002-2.143e+002 1.506e+004-8.282e+002 3.440e+002-1.076e+002 6.366e+002 1.202e+002-4.933e+002 6.558e+001-7.924e+003-4.161e+002 4.962e+003
 2.000e+002 2.930e+000 8.400e+001 9.152e+002-7.647e+003-4.553e+001 2.173e+003-1.099e+004 2.909e+005-3.970e+003 3.250e+004-3.995e+002 5.242e+003 2.600e+002-1.413e+003 5.489e+003-1.304e+005-2.804e+003 6.390e+004
 2.130e+002 2.930e+000 8.700e+001 5.155e+002-3.968e+003-1.074e+002 2.177e+003 6.581e+002 4.421e+004-3.238e+003 2.226e+003-3.474e+002 6.606e+002 3.138e+002-1.782e+003-1.912e+002-2.355e+004-5.761e+002 1.338e+004
 2.250e+002 2.930e+000 1.200e+002 1.389e+003-1.048e+004-3.663e+002 5.914e+003 2.227e+003 9.330e+004-8.492e+003 4.927e+003-9.754e+002 1.519e+003 8.686e+002-4.707e+003-6.958e+002-5.149e+004-1.406e+003 2.957e+004
 2.380e+002 2.930e+000 9.600e+001 6.340e+003-4.657e+004-1.912e+003 2.691e+004 1.191e+004 3.761e+005-3.750e+004 2.093e+004-4.536e+003 5.875e+003 3.897e+003-2.086e+004-4.142e+003-2.115e+005-5.478e+003 1.210e+005
 2.500e+002 2.930e+000 9.600e+001 2.164e+005-1.587e+006-6.833e+004 9.218e+005 3.995e+005 1.242e+007-1.287e+006 7.728e+005-1.580e+005 2.107e+005 1.373e+005-7.151e+005-1.272e+005-7.023e+006-1.992e+005 4.021e+006
 2.630e+002 2.930e+000 9.600e+001 5.175e+003-3.612e+004-1.679e+003 2.032e+004 8.966e+003 2.772e+005-2.889e+004 1.411e+004-3.647e+003 5.550e+003 3.189e+003-1.567e+004-3.154e+003-1.513e+005-4.604e+003 8.501e+004
 2.750e+002 2.930e+000 1.140e+002 1.363e+003-8.372e+003-3.794e+002 4.650e+003 1.711e+003 6.392e+004-6.670e+003 4.328e+003-9.323e+002 1.255e+003 8.076e+002-3.571e+003-3.602e+002-3.250e+004-1.200e+003 1.870e+004
 2.880e+002 2.930e+000 8.100e+001 6.873e+002-3.591e+003-1.145e+002 1.645e+003-3.962e+002 3.177e+004-2.676e+003 9.482e+002-4.406e+002 1.058e+003 3.583e+002-1.240e+003 2.880e+002-1.218e+004-6.818e+002 7.275e+003
 3.000e+002 2.930e+000 8.100e+001 1.150e+003-4.955e+003 2.470e+002 7.116e+002-1.239e+004 2.580e+005-9.831e+003 2.837e+004-1.089e+003 1.293e+004 1.293e+003-2.771e+003 6.000e+003-9.374e+004-7.211e+003 5.149e+004
 3.130e+002 2.930e+000 3.900e+001 3.501e+002-1.719e+003-1.219e+001 1.093e+002-8.484e+003 6.634e+005-1.524e+003 2.233e+004-4.662e+001-4.056e+003 9.937e+001-2.207e+002-2.152e+003 1.605e+005-1.230e+003 4.468e+004
 3.250e+002 2.930e+000 1.020e+002 5.806e+002-3.230e+003-5.480e+001 1.340e+003-1.400e+003 4.197e+004-1.383e+003 2.072e+003-2.087e+002 6.008e+002 1.327e+002-6.900e+002 3.380e+002-8.394e+003-4.469e+002 6.255e+003
 3.380e+002 2.930e+000 9.300e+001 2.386e+003-1.381e+004-8.224e+000 4.832e+003-7.088e+003 1.111e+005-4.745e+003 3.378e+003-7.841e+002 2.294e+003 2.952e+002-1.748e+003 2.775e+003-3.813e+004-1.032e+003 1.482e+004
 3.500e+002 2.930e+000 9.600e+001 6.636e+004-4.050e+005 2.865e+003 1.429e+005-2.135e+005 3.180e+006-1.583e+005 1.409e+005-2.439e+004 6.100e+004 9.154e+003-5.700e+004 9.803e+004-1.195e+006-3.004e+004 4.570e+005
 3.630e+002 2.930e+000 9.600e+001 2.163e+003-1.377e+004 1.027e+002 4.907e+003-6.779e+003 1.175e+005-6.112e+003 6.673e+003-8.685e+002 2.086e+003 3.875e+002-2.274e+003 3.240e+003-4.377e+004-1.192e+003 1.792e+004
 3.750e+002 2.930e+000 1.050e+002 4.941e+002-3.238e+003 2.023e+001 1.116e+003-1.497e+003 3.231e+004-1.783e+003 2.644e+003-2.260e+002 5.975e+002 1.307e+002-6.719e+002 7.664e+002-1.198e+004-4.060e+002 5.299e+003
 3.880e+002 2.930e+000 6.600e+001 1.322e+002-9.413e+002-6.212e-002 3.593e+002-3.281e+002 1.175e+004-6.642e+002 1.079e+003-7.296e+001 2.334e+002 5.503e+001-2.712e+002 2.027e+002-4.533e+003-1.738e+002 2.183e+003
 4.000e+002 2.930e+000 6.600e+001 1.080e+002-4.887e+002 3.035e+000 2.075e+002-1.785e+002 1.218e+004-6.477e+002 1.285e+003-4.191e+001 3.153e+002 5.611e+001-2.397e+002 1.045e+002-4.497e+003-2.101e+002 2.277e+003
 4.130e+002 2.930e+000 7.200e+001 8.405e+001-5.615e+002 1.967e+000 2.009e+002-3.232e+002 8.640e+003-4.363e+002 7.615e+002-4.659e+001 1.972e+002 4.114e+001-1.964e+002 1.550e+002-3.148e+003-1.502e+002 1.786e+003
 4.250e+002 2.930e+000 6.900e+001 5.948e+001-3.611e+002 6.713e-001 1.459e+002-1.995e+002 7.675e+003-3.735e+002 8.738e+002-3.384e+001 1.757e+002 3.277e+001-1.598e+002 1.007e+002-3.034e+003-1.327e+002 1.659e+003
 4.380e+002 2.930e+000 7.800e+001 7.845e+001-6.012e+002-4.511e-001 2.629e+002-5.061e+002 1.517e+004-7.703e+002 9.836e+002-6.006e+001 6.271e+002 7.796e+001-3.804e+002 2.471e+002-7.341e+003-3.973e+002 4.226e+003
 4.500e+002 2.930e+000 9.600e+001 6.237e+002-8.562e+003-1.284e+002 5.314e+003-8.631e+003 2.589e+005-1.277e+004-6.798e+003-1.005e+003 1.682e+004 1.783e+003-8.163e+003 4.865e+003-1.532e+005-9.800e+003 9.239e+004
 4.630e+002 2.930e+000 1.020e+002 7.227e+001-3.807e+002 1.296e+001 1.415e+002-6.502e+002 1.720e+004-7.282e+002 9.847e+002-6.424e+001 7.614e+002 9.388e+001-3.355e+002 3.141e+002-6.710e+003-4.648e+002 3.928e+003
 4.750e+002 2.930e+000 7.500e+001 4.118e+001-1.124e+002 1.234e+001-7.186e+000-4.259e+002 1.005e+004-3.464e+002 1.298e+003-2.677e+001 3.165e+002 3.479e+001-9.794e+001 1.547e+002-3.015e+003-1.773e+002 1.431e+003
 4.880e+002 2.930e+000 8.700e+001 5.576e+001-6.368e+001 2.103e+001-5.032e+001-6.184e+002 1.376e+004-4.385e+002 1.821e+003-3.395e+001 3.997e+002 4.029e+001-1.084e+002 2.171e+002-3.920e+003-2.271e+002 1.938e+003
 5.000e+002 2.930e+000 6.000e+001 9.593e+001-5.005e+002 2.601e+001 2.489e+001-8.368e+002 2.049e+004-7.330e+002 2.610e+003-5.116e+001 3.353e+002 4.991e+001-1.771e+002 2.980e+002-4.538e+003-2.389e+002 2.313e+003
 5.130e+002 2.930e+000 7.200e+001 2.528e+002-3.627e+002 3.518e+001-1.726e+002-7.135e+003 3.613e+005-8.161e+002 1.149e+004-3.737e+001-1.951e+003 1.159e+002-4.951e+002-1.120e+003 7.974e+004-1.200e+003 2.882e+004
 5.250e+002 2.930e+000 7.800e+001 2.720e+002 1.695e+000 1.501e+002-5.495e+002-4.186e+003 7.516e+004-2.459e+003 9.025e+003-1.571e+002 2.444e+003 1.920e+002-6.125e+002 1.432e+003-2.312e+004-1.278e+003 1.123e+004
 5.380e+002 2.930e+000 9.300e+001 1.377e+003 9.409e+002 8.357e+002-3.118e+003-2.107e+004 3.354e+005-1.263e+004 4.396e+004-8.010e+002 1.301e+004 9.976e+002-2.910e+003 7.499e+003-1.211e+005-6.418e+003 5.049e+004
 5.500e+002 2.930e+000 9.600e+001 7.920e+004 9.136e+004 4.995e+004-1.891e+005-1.198e+006 1.828e+007-7.051e+005 2.371e+006-4.522e+004 7.427e+005 5.742e+004-1.628e+005 4.283e+005-6.715e+006-3.643e+005 2.776e+006
 5.630e+002 2.930e+000 1.200e+002 1.893e+003 2.037e+003 1.171e+003-4.373e+003-2.828e+004 4.364e+005-1.669e+004 5.597e+004-1.064e+003 1.729e+004 1.346e+003-3.790e+003 9.861e+003-1.555e+005-8.386e+003 6.364e+004
 5.750e+002 2.930e+000 9.600e+001 2.760e+002 2.801e+002 1.567e+002-5.276e+002-3.737e+003 5.681e+004-2.140e+003 6.288e+003-1.516e+002 2.314e+003 1.840e+002-5.148e+002 1.312e+003-2.022e+004-1.084e+003 8.167e+003
 5.880e+002 2.930e+000 8.700e+001 1.344e+002 6.356e+001 6.578e+001-1.827e+002-1.615e+003 2.545e+004-9.446e+002 2.429e+003-7.227e+001 9.952e+002 8.294e+001-2.292e+002 5.297e+002-8.468e+003-4.366e+002 3.251e+003
 6.000e+002 2.930e+000 1.110e+002 4.344e+002-1.035e+003 1.401e+002 1.882e+002-2.549e+003 3.162e+004-1.729e+003 3.680e+003-2.038e+002 1.107e+003 1.638e+002-5.768e+002 1.126e+003-1.186e+004-6.304e+002 5.218e+003
 6.130e+002 2.930e+000 8.700e+001 2.864e+002-1.027e+003 7.498e+001 3.158e+002-1.408e+003 1.840e+004-1.101e+003 1.910e+003-1.451e+002 5.652e+002 1.059e+002-4.002e+002 6.773e+002-6.763e+003-3.474e+002 3.096e+003
 6.250e+002 2.930e+000 7.200e+001 8.092e+001 7.601e+001 3.507e+001-6.255e+001-6.990e+002 9.118e+003-3.285e+002 4.825e+002-3.749e+001 3.941e+002 3.792e+001-1.004e+002 2.433e+002-2.722e+003-1.642e+002 1.101e+003
 6.380e+002 2.930e+000 8.400e+001 1.731e+002 2.133e+002 7.615e+001-1.414e+002-1.211e+003 1.202e+004-5.252e+002 6.578e+002-7.215e+001 6.409e+002 6.951e+001-1.700e+002 4.635e+002-4.191e+003-2.821e+002 1.705e+003
 6.500e+002 2.930e+000 1.080e+002 1.686e+004 1.342e+004 6.646e+003-5.366e+003-7.928e+004 3.917e+005-2.565e+004-4.817e+003-7.086e+003 3.874e+004 5.619e+003-1.269e+004 3.772e+004-1.833e+005-1.805e+004 8.706e+004
 6.630e+002 2.930e+000 7.500e+001 9.342e+001-1.645e+002 3.095e+001 3.495e+001-4.064e+002 4.434e+003-2.698e+002 3.082e+002-4.427e+001 1.749e+002 3.605e+001-1.097e+002 2.189e+002-1.524e+003-1.125e+002 8.084e+002
 6.750e+002 2.930e+000 3.900e+001 1.862e+001-7.445e+001 4.773e+000 7.057e+000-1.319e+002 2.346e+003-9.090e+001 2.198e+002-9.469e+000 4.255e+001 7.565e+000-2.020e+001 4.417e+001-3.806e+002-2.841e+001 2.074e+002
 6.880e+002 2.930e+000 6.000e+001 2.616e+001-1.265e+002 5.545e+000 2.613e+001-1.186e+002 3.229e+003-1.174e+002 2.691e+002-1.311e+001 2.935e+001 1.036e+001-3.418e+001 6.000e+001-4.798e+002-3.668e+001 3.324e+002
 7.000e+002 2.930e+000 5.400e+001 6.176e+001-7.072e+002-2.410e+000 2.208e+002-6.392e+002 1.844e+004-5.234e+002-1.580e+002-4.632e+001 5.429e+002 4.098e+001-1.756e+002 1.984e+002-4.826e+003-2.000e+002 1.906e+003
 7.130e+002 2.930e+000 4.800e+001 2.745e+001-2.384e+002 5.054e+000-5.449e+001-1.007e+003 5.640e+004-1.727e+002 1.682e+003 2.404e+000-4.798e+002 9.940e+000-3.201e+000-2.105e+002 1.348e+004-1.500e+002 3.735e+003
 7.250e+002 2.930e+000 5.100e+001 1.208e+002 8.172e+001-4.339e+000-9.471e+001-5.432e+003 2.658e+005 2.271e+002 7.064e+003 3.748e+001-2.143e+003 2.350e+001-1.499e+002-1.389e+003 6.949e+004-5.858e+002 1.886e+004
 7.380e+002 2.930e+000 4.500e+001 1.275e+001-4.372e+001 9.302e-001 1.463e+001-1.674e+002 5.041e+003-3.574e+001 1.312e+002-3.819e+000 1.471e+001 2.968e+000-1.564e+001-1.105e+001 4.094e+002-6.973e+000 2.437e+002
 7.500e+002 2.930e+000 9.000e+001 7.060e+001-4.821e+002-1.428e+000 1.978e+002-5.408e+002 1.060e+004-1.810e+002-3.906e+002-2.531e+001 1.859e+002 1.405e+001-8.519e+001 1.154e+002-2.145e+003-7.825e+001 1.433e+003
 7.630e+002 2.930e+000 6.000e+001 1.908e+001-1.107e+002 7.347e-001 4.055e+001-1.240e+002 2.547e+003-7.354e+001-3.583e+001-9.111e+000 5.315e+001 6.050e+000-2.833e+001 1.423e+001-4.365e+002-1.068e+001 1.975e+002
 7.750e+002 2.930e+000 4.800e+001 1.433e+001-1.049e+002 3.328e-001 2.519e+001-1.036e+002 2.312e+003-4.916e+001-4.066e+001-6.100e+000 3.339e+001 3.767e+000-1.620e+001 8.641e+000-2.339e+002-7.448e+000 1.370e+002
 7.880e+002 2.930e+000 7.800e+001 3.175e+001-2.008e+002-8.150e-001 6.812e+001-1.681e+002 3.310e+003-1.063e+002-1.273e+002-1.423e+001 7.620e+001 8.692e+000-4.272e+001 1.103e+001-6.892e+002-1.385e+001 3.101e+002
 8.000e+002 2.930e+000 9.900e+001 1.920e+002-1.557e+003-5.293e+000 3.492e+002-8.604e+002 2.064e+004-4.973e+002-6.952e+002-6.448e+001 2.450e+002 2.906e+001-1.544e+002 3.599e+001-3.114e+003-3.505e+001 1.243e+003
 8.130e+002 2.930e+000 8.100e+001 4.221e+002-2.092e+003-4.646e+001 7.594e+002-1.160e+003 1.541e+004-7.195e+002-2.950e+003-1.652e+002 6.717e+002 7.308e+001-3.389e+002-2.193e+002-3.538e+003-3.456e+000 1.683e+003
 8.250e+002 2.930e+000 6.300e+001 2.657e+001-2.542e+002-2.784e+000 7.485e+001-1.498e+002 4.517e+003-1.107e+002-1.079e+002-1.092e+001 7.556e+001 6.994e+000-4.010e+001 1.219e+001-8.555e+002-2.000e+001 3.598e+002
 8.380e+002 2.930e+000 1.200e+002 1.952e+002-1.764e+003-3.072e+001 4.949e+002-8.089e+002 2.193e+004-5.516e+002-1.632e+003-7.074e+001 5.453e+002 3.582e+001-2.075e+002 4.465e+000-4.618e+003-9.614e+001 1.803e+003
 8.500e+002 2.930e+000 9.300e+001 1.144e+004-1.014e+005-2.143e+003 2.910e+004-4.536e+004 1.083e+006-2.656e+004-1.537e+005-3.948e+003 3.458e+004 1.775e+003-1.093e+004-4.412e+003-2.412e+005-3.954e+003 7.631e+004
 8.630e+002 2.930e+000 9.000e+001 1.222e+002-1.070e+003-6.832e+000 2.518e+002-4.769e+002 1.302e+004-3.346e+002-6.758e+002-3.779e+001 1.962e+002 1.586e+001-9.911e+001 1.001e+001-2.560e+003-2.730e+001 7.683e+002
 8.750e+002 2.930e+000 8.100e+001 7.690e+001-7.454e+002 4.758e+000 1.572e+002-4.522e+002 1.281e+004-3.016e+002 6.084e+001-2.551e+001 7.589e+001 1.171e+001-7.309e+001 6.880e+001-1.880e+003-2.686e+001 7.024e+002
 8.880e+002 2.930e+000 1.440e+002 2.958e+002-2.992e+003 3.362e+001 6.885e+002-1.652e+003 4.322e+004-1.362e+003 1.346e+003-1.148e+002 2.554e+002 5.270e+001-3.439e+002 4.711e+002-9.614e+003-1.278e+002 2.917e+003
 9.000e+002 2.930e+000 9.600e+001 5.552e+003-5.288e+004 7.703e+002 1.379e+004-2.865e+004 6.550e+005-2.609e+004 3.020e+004-2.322e+003 4.623e+003 1.083e+003-7.261e+003 1.061e+004-1.864e+005-2.539e+003 5.487e+004
 9.130e+002 2.930e+000 9.600e+001 1.103e+004-1.078e+005 1.636e+003 2.778e+004-5.995e+004 1.385e+006-5.393e+004 6.316e+004-4.609e+003 8.945e+003 2.180e+003-1.490e+004 2.183e+004-3.895e+005-5.042e+003 1.139e+005
 9.250e+002 2.930e+000 8.400e+001 3.725e+002-1.047e+003-1.460e+000 9.675e+002-6.601e+003 2.396e+005-2.483e+002-8.007e+001-5.049e+001-1.646e+003 6.441e+001-5.365e+002-1.118e+003 5.458e+004-6.912e+002 2.154e+004
 9.380e+002 2.930e+000 1.410e+002 8.460e+002-8.904e+003 1.003e+002 2.046e+003-5.916e+003 1.430e+005-3.882e+003 3.934e+003-3.007e+002 9.168e+002 1.267e+002-9.596e+002 1.609e+003-3.174e+004-3.803e+002 9.257e+003
 9.500e+002 2.930e+000 9.600e+001 2.668e+004-2.732e+005 3.524e+003 5.896e+004-2.069e+005 4.408e+006-1.186e+005 8.408e+004-8.913e+003 3.293e+004 3.457e+003-2.673e+004 5.278e+004-1.013e+006-9.880e+003 2.353e+005
 9.630e+002 2.930e+000 8.700e+001 4.443e+002-4.403e+003 5.338e+001 9.485e+002-3.465e+003 7.236e+004-1.813e+003 1.188e+003-1.403e+002 5.327e+002 5.385e+001-4.153e+002 8.433e+002-1.610e+004-1.585e+002 3.839e+003
 9.750e+002 2.930e+000 1.020e+002 1.319e+002-1.279e+003 1.502e+001 2.689e+002-1.103e+003 2.397e+004-4.684e+002 1.652e+002-3.529e+001 1.081e+002 1.412e+001-1.123e+002 2.204e+002-4.339e+003-3.934e+001 1.234e+003
 9.880e+002 2.930e+000 1.170e+002 1.728e+002-1.821e+003 2.031e+001 3.570e+002-1.485e+003 3.554e+004-7.045e+002 2.457e+002-5.065e+001 1.761e+002 2.147e+001-1.586e+002 2.869e+002-6.322e+003-5.551e+001 1.655e+003
 1.000e+003 2.930e+000 5.070e+002 1.059e+003-1.412e+004 1.022e+002 3.136e+003-9.987e+003 3.064e+005-5.228e+003-6.097e+003-3.189e+002 1.438e+003 1.246e+002-1.182e+003 1.666e+003-6.298e+004-2.840e+002 1.669e+004
 1.130e+003 2.930e+000 9.390e+002 2.235e+003-4.354e+004 9.113e+002 4.647e+003-5.605e+004 3.775e+006-3.455e+004 4.244e+005-3.690e+002-4.542e+004 1.393e+003-1.378e+004 1.343e+004-6.075e+005 2.749e+003 1.920e+005
 1.250e+003 2.930e+000 8.910e+002 3.564e+004-2.406e+005 1.146e+003 1.170e+005-3.980e+005 6.126e+006-1.304e+005-6.566e+005-1.752e+004 1.868e+005 8.740e+003-6.090e+004 9.578e+004-1.864e+006-4.343e+004 6.462e+005
 1.380e+003 2.930e+000 7.920e+002 4.112e+003-8.427e+004-4.998e+002 4.571e+004 1.117e+005 5.362e+006-1.128e+005 9.573e+005-4.583e+003-1.257e+005 5.464e+003-5.601e+004-1.934e+004-1.505e+006 1.553e+004 6.343e+005
 1.500e+003 2.930e+000 6.600e+001 2.358e+002-1.174e+003-1.219e+001 7.695e+002-2.215e+003 4.994e+004-6.609e+002-1.582e+003-1.058e+002 5.750e+002 6.539e+001-4.982e+002 3.104e+002-1.121e+004-1.687e+002 5.433e+003
 1.630e+003 2.930e+000 3.900e+001 2.004e+001-1.165e+002-1.681e+000 3.564e+001-2.658e+002 7.601e+003-4.016e+001 1.488e+002-3.650e+000-1.792e+001 5.342e+000-4.227e+001-2.761e+001-5.985e+001-2.795e+001 8.395e+002
 1.750e+003 2.930e+000 3.600e+001 9.596e+001-7.238e+002-1.161e+001 2.154e+002-1.032e+003 2.170e+004-7.176e+001-1.506e+003-1.936e+001 1.775e+002 1.867e+001-1.444e+002-2.716e+001-1.537e+003-9.153e+001 1.938e+003
 1.880e+003 2.930e+000 7.200e+001 2.918e+002-1.963e+003-8.610e+000 7.296e+002-3.665e+003 7.048e+004-2.389e+002-9.313e+002-8.239e+001 2.407e+002 1.131e+002-8.274e+002 4.325e+002-5.645e+003-5.200e+002 9.023e+003
 2.000e+003 2.930e+000 4.500e+001 4.675e+001-4.468e+002 2.833e+000-8.890e+001-9.092e+002 3.218e+004 6.926e+001 3.469e+003 1.474e+001-6.774e+002 2.604e+001-1.673e+002-4.864e+001 1.963e+003-7.192e+001 1.634e+003
 2.130e+003 2.930e+000 4.200e+001 9.133e+001-5.664e+002-5.512e+000 2.221e+002-1.494e+003 3.124e+004-4.269e+001-1.762e+003-2.316e+001 2.756e+002 1.577e+001-1.036e+002 1.726e+002-3.790e+003-1.070e+002 1.753e+003
 2.250e+003 2.930e+000 4.200e+001 1.581e+001-5.117e+001-1.206e+000-5.658e-001-2.868e+002 6.954e+003 6.199e+000 3.679e+002 7.702e-001-6.108e+001 3.787e+000-2.883e+001-3.305e+001 7.724e+002-3.140e+001 6.309e+002
 2.380e+003 2.930e+000 5.100e+001 5.493e+001-9.731e+000-4.419e+000-1.256e+002-1.189e+003 2.975e+004 8.584e+001 3.856e+003 1.658e+001-5.245e+002 1.572e+001-1.165e+002-2.945e+001 5.723e+002-1.735e+001 1.291e+003
 2.500e+003 2.930e+000 3.900e+001 7.176e+000-5.115e+001 8.708e-001 3.840e+000-1.004e+002 2.439e+003-2.918e+001 2.021e+002-8.740e-001-1.178e+001 1.972e+000-1.406e+001 4.378e+000-6.283e+001-1.735e+001 3.504e+002
 2.630e+003 2.930e+000 5.400e+001 1.640e+001-4.767e+000-3.356e+000-1.152e+001-2.747e+002 6.374e+003 1.580e+001 9.794e+002 1.666e+000-1.098e+002 7.583e+000-5.406e+001-4.035e+001 9.147e+002-4.352e+001 8.299e+002
 2.750e+003 2.930e+000 6.600e+001 6.489e+000-1.925e+001 3.369e-001-1.741e+001-1.303e+002 3.333e+003-1.673e+001 6.185e+002 1.662e+000-6.493e+001 3.508e+000-2.572e+001-2.957e+001 7.283e+002-2.991e+001 6.005e+002
 2.880e+003 2.930e+000 3.300e+001 3.790e+000-7.646e+000 3.211e-001-1.116e+001-7.514e+001 1.914e+003-8.289e+000 2.813e+002 1.409e+000-4.085e+001 1.419e+000-9.496e+000-2.201e+001 4.821e+002-1.677e+001 3.320e+002
 3.000e+003 2.930e+000 5.100e+001 8.543e+000-6.617e+001 1.353e+000-7.271e+000-1.517e+002 4.121e+003-3.500e+001 4.611e+002 9.355e-001-5.660e+001 2.275e+000-1.516e+001-1.482e+001 3.451e+002-1.957e+001 3.980e+002
 3.130e+003 2.930e+000 5.700e+001 3.357e+000-6.861e+000-2.733e-002-5.532e+000-6.692e+001 1.612e+003-3.009e+000 1.936e+002 1.204e+000-3.269e+001 1.353e+000-9.331e+000-2.210e+001 4.640e+002-1.581e+001 3.205e+002
 3.250e+003 2.930e+000 3.900e+001 5.203e+000-1.705e+000 2.651e-002-1.864e+001-1.053e+002 2.914e+003-3.955e+000 6.298e+002 2.608e+000-8.192e+001 2.808e+000-2.074e+001-4.139e+001 9.269e+002-2.793e+001 5.709e+002
 3.380e+003 2.930e+000 5.700e+001 3.920e+000-1.075e+001 1.682e-001-1.457e+001-7.967e+001 1.953e+003-5.565e-002 3.855e+002 2.455e+000-6.598e+001 3.051e+000-1.880e+001-2.624e+001 5.801e+002-2.183e+001 4.105e+002
 3.500e+003 2.930e+000 6.600e+001 4.190e+001-2.345e+002-2.762e+000-1.827e+002-8.328e+002 1.842e+004 2.187e+002 2.883e+003 2.976e+001-5.940e+002 2.320e+001-1.565e+002-1.909e+002 4.903e+003-1.294e+002 1.981e+003
 3.630e+003 2.930e+000 4.800e+001 1.799e+001-1.488e+002-1.867e+000-6.737e+000-2.959e+002 6.658e+003 5.086e+001-3.484e+001 4.834e+000-7.533e+001 3.236e+000-1.697e+001-5.712e+001 9.930e+002-2.880e+001 4.383e+002
 3.750e+003 2.930e+000 6.900e+001 7.747e+000-2.833e+001-5.006e-001-2.044e+001-1.449e+002 3.199e+003 1.342e+001 4.244e+002 3.839e+000-7.372e+001 2.808e+000-1.911e+001-4.404e+001 8.014e+002-2.822e+001 5.290e+002
 3.880e+003 2.930e+000 7.200e+001 2.554e+001-1.023e+002-3.026e+000-7.370e+001-4.863e+002 1.032e+004 8.675e+001 1.323e+003 1.396e+001-2.655e+002 1.207e+001-8.386e+001-1.303e+002 2.630e+003-8.926e+001 1.425e+003
 4.000e+003 2.930e+000 4.800e+001 1.482e+001-1.645e+002-2.559e+000 3.812e+001-2.828e+002 8.032e+003-2.157e+001-2.697e+002-1.136e+000 4.804e+001 5.988e+000-4.880e+001-8.355e+000-7.666e+002-5.266e+001 9.390e+002
 4.130e+003 2.930e+000 6.900e+001 1.017e+001-2.681e+001-1.343e+000-2.362e+001-1.914e+002 4.132e+003 2.126e+001 5.401e+002 5.667e+000-1.038e+002 5.878e+000-4.277e+001-6.843e+001 1.194e+003-5.628e+001 9.676e+002
 4.250e+003 2.930e+000 7.200e+001 1.575e+001-6.050e+001-1.078e+000-2.512e+001-2.838e+002 5.803e+003 2.314e+001 5.410e+002 6.239e+000-1.154e+002 4.993e+000-3.055e+001-7.098e+001 1.267e+003-4.974e+001 8.055e+002
 4.380e+003 2.930e+000 4.800e+001 5.461e+000-2.280e+001-1.926e-001-8.522e+000-1.021e+002 2.270e+003-7.936e+000 3.519e+002 1.639e+000-3.883e+001 2.935e+000-2.123e+001-2.062e+001 3.414e+002-2.915e+001 5.102e+002
 4.500e+003 2.930e+000 6.900e+001 1.160e+001-5.250e+001-1.729e+000-2.023e+000-2.094e+002 4.434e+003 1.842e+001 1.954e+002 2.682e+000-4.456e+001 4.588e+000-3.202e+001-4.595e+001 6.963e+002-4.745e+001 8.048e+002
 4.630e+003 2.930e+000 6.900e+001 7.254e+000-3.223e+001-3.275e-001 3.134e+000-1.232e+002 2.528e+003-8.548e+000 1.165e+002 1.149e+000-2.277e+001 2.304e+000-1.461e+001-2.131e+001 2.308e+002-2.634e+001 4.629e+002
 4.750e+003 2.930e+000 4.800e+001 1.140e+001-3.569e+001-1.163e+000-2.955e+000-1.918e+002 3.625e+003 1.158e+001 1.238e+002 3.091e+000-4.945e+001 2.596e+000-1.750e+001-5.267e+001 7.581e+002-3.298e+001 5.748e+002
 4.880e+003 2.930e+000 7.200e+001 1.136e+001-3.092e+001-9.947e-001-1.983e+001-2.031e+002 4.016e+003 1.895e+001 4.045e+002 4.918e+000-8.568e+001 3.380e+000-2.151e+001-5.955e+001 9.978e+002-3.782e+001 6.403e+002
 5.000e+003 2.930e+000 7.200e+001 7.559e+000-4.627e+000-6.844e-001-1.109e+001-1.249e+002 2.241e+003 1.795e+000 2.961e+002 3.400e+000-5.581e+001 2.800e+000-1.782e+001-4.919e+001 7.138e+002-3.530e+001 6.022e+002
 5.130e+003 2.930e+000 4.800e+001 5.663e+000-6.662e+000-4.534e-001-5.789e+000-9.406e+001 1.710e+003 2.900e+000 1.445e+002 2.150e+000-3.471e+001 1.551e+000-8.758e+000-3.255e+001 4.888e+002-1.967e+001 3.258e+002
 5.250e+003 2.930e+000 7.200e+001 8.878e+000 1.126e+000-4.475e-001-2.332e+001-1.464e+002 2.520e+003 1.562e+000 4.649e+002 4.537e+000-7.666e+001 2.987e+000-1.931e+001-6.520e+001 1.041e+003-3.864e+001 6.590e+002
 5.380e+003 2.930e+000 7.200e+001 1.186e+001 3.716e+000-5.898e-001-2.906e+001-1.993e+002 3.508e+003-2.709e+000 6.445e+002 6.226e+000-1.060e+002 4.558e+000-2.894e+001-8.519e+001 1.334e+003-5.635e+001 9.238e+002
 5.500e+003 2.930e+000 4.800e+001 4.216e+000 3.661e+000-3.701e-001-1.014e+001-6.891e+001 1.203e+003-9.406e-002 2.547e+002 2.367e+000-3.933e+001 1.893e+000-1.198e+001-3.307e+001 4.956e+002-2.400e+001 4.048e+002
 5.630e+003 2.930e+000 7.200e+001 9.338e+000 4.254e+000-4.454e-001-2.265e+001-1.509e+002 2.545e+003-1.028e-001 4.758e+002 4.946e+000-8.100e+001 3.404e+000-1.987e+001-6.690e+001 1.029e+003-4.415e+001 7.230e+002
 5.750e+003 2.930e+000 7.200e+001 1.237e+001 8.153e+000-1.155e+000-2.656e+001-1.924e+002 3.083e+003 9.707e+000 5.251e+002 7.184e+000-1.134e+002 4.859e+000-2.855e+001-1.014e+002 1.525e+003-6.184e+001 9.947e+002
 5.880e+003 2.930e+000 4.800e+001 7.050e+000 6.552e+000-3.609e-001-2.137e+001-1.114e+002 1.831e+003-1.556e+000 4.348e+002 4.125e+000-6.660e+001 2.917e+000-1.880e+001-5.670e+001 8.531e+002-3.661e+001 6.044e+002
 6.000e+003 2.930e+000 7.200e+001 1.284e+001 9.377e+000-3.829e-001-3.902e+001-2.049e+002 3.463e+003-1.273e+001 8.440e+002 7.394e+000-1.195e+002 5.962e+000-3.918e+001-9.222e+001 1.326e+003-6.966e+001 1.124e+003
 6.130e+003 2.930e+000 7.200e+001 1.285e+001 1.271e+001-1.105e+000-3.299e+001-1.985e+002 3.186e+003 3.360e+000 6.955e+002 7.823e+000-1.241e+002 5.648e+000-3.456e+001-1.047e+002 1.549e+003-6.839e+001 1.077e+003
 6.250e+003 2.930e+000 4.800e+001 1.034e+001 1.019e+001-8.855e-001-2.548e+001-1.544e+002 2.364e+003 3.561e+000 4.958e+002 6.242e+000-9.377e+001 4.452e+000-2.739e+001-8.201e+001 1.160e+003-5.403e+001 8.519e+002
 6.380e+003 2.930e+000 7.200e+001 1.918e+001 3.002e+001-2.135e+000-5.093e+001-2.880e+002 4.447e+003 8.747e+000 1.081e+003 1.287e+001-1.983e+002 9.484e+000-5.701e+001-1.704e+002 2.459e+003-1.137e+002 1.741e+003
 6.500e+003 2.930e+000 7.200e+001 1.552e+001 2.380e+001-1.235e+000-4.364e+001-2.317e+002 3.587e+003-2.747e+000 9.165e+002 1.016e+001-1.543e+002 7.579e+000-4.310e+001-1.301e+002 1.844e+003-8.968e+001 1.334e+003
 6.630e+003 2.930e+000 4.800e+001 1.559e+001 1.621e+001-1.352e+000-4.070e+001-2.292e+002 3.546e+003-3.333e+000 8.918e+002 9.409e+000-1.432e+002 7.419e+000-4.630e+001-1.196e+002 1.647e+003-8.533e+001 1.298e+003
 6.750e+003 2.930e+000 7.200e+001 3.021e+001 3.248e+001-2.430e+000-7.571e+001-4.390e+002 6.591e+003 8.255e-001 1.539e+003 1.862e+001-2.777e+002 1.364e+001-7.945e+001-2.325e+002 3.222e+003-1.564e+002 2.301e+003
 6.880e+003 2.930e+000 7.200e+001 4.028e+001 6.073e+001-4.892e+000-9.954e+001-5.698e+002 8.231e+003 2.331e+001 1.977e+003 2.745e+001-3.964e+002 2.003e+001-1.145e+002-3.468e+002 4.720e+003-2.306e+002 3.344e+003
 7.000e+003 2.930e+000 4.800e+001 2.474e+001 3.714e+001-2.966e+000-5.703e+001-3.449e+002 4.912e+003 1.362e+001 1.136e+003 1.651e+001-2.349e+002 1.188e+001-6.587e+001-2.036e+002 2.727e+003-1.336e+002 1.890e+003
 7.130e+003 2.930e+000 7.200e+001 4.504e+001 8.014e+001-5.844e+000-1.116e+002-6.195e+002 8.722e+003 2.161e+001 2.261e+003 3.095e+001-4.370e+002 2.289e+001-1.314e+002-3.867e+002 5.095e+003-2.582e+002 3.701e+003
 7.250e+003 2.930e+000 7.200e+001 7.949e+001 1.532e+002-1.193e+001-1.964e+002-1.077e+003 1.496e+004 4.875e+001 4.040e+003 5.690e+001-7.949e+002 4.351e+001-2.501e+002-6.937e+002 9.005e+003-4.760e+002 6.674e+003
 7.380e+003 2.930e+000 4.800e+001 9.383e+001 1.667e+002-1.277e+001-2.263e+002-1.268e+003 1.747e+004 5.551e+001 4.458e+003 6.454e+001-8.952e+002 4.664e+001-2.639e+002-7.735e+002 1.004e+004-5.060e+002 6.999e+003
 7.500e+003 2.930e+000 7.200e+001 1.459e+002 2.694e+002-2.225e+001-3.627e+002-1.927e+003 2.603e+004 9.606e+001 7.140e+003 1.047e+002-1.425e+003 7.963e+001-4.562e+002-1.247e+003 1.577e+004-8.496e+002 1.171e+004
 7.630e+003 2.930e+000 7.200e+001 4.087e+002 6.985e+002-6.871e+001-9.317e+002-5.330e+003 7.074e+004 3.981e+002 1.803e+004 2.897e+002-3.895e+003 2.177e+002-1.239e+003-3.419e+003 4.296e+004-2.274e+003 3.083e+004
 7.750e+003 2.930e+000 4.800e+001 5.258e+002 9.201e+002-8.670e+001-1.282e+003-6.785e+003 8.922e+004 4.573e+002 2.427e+004 3.745e+002-4.983e+003 2.826e+002-1.645e+003-4.388e+003 5.433e+004-2.927e+003 3.993e+004
 7.880e+003 2.930e+000 7.200e+001 3.713e+003 6.339e+003-6.292e+002-8.974e+003-4.711e+004 6.087e+005 3.422e+003 1.666e+005 2.670e+003-3.495e+004 2.029e+003-1.170e+004-3.089e+004 3.766e+005-2.071e+004 2.790e+005
 8.000e+003 2.930e+000 7.200e+001 5.628e+004 9.277e+004-9.698e+003-1.356e+005-7.076e+005 9.050e+006 5.552e+004 2.467e+006 4.028e+004-5.225e+005 3.051e+004-1.768e+005-4.624e+005 5.590e+006-3.077e+005 4.126e+006
 8.130e+003 2.930e+000 4.800e+001 1.305e+003 1.999e+003-2.291e+002-3.096e+003-1.622e+004 2.047e+005 1.429e+003 5.456e+004 9.231e+002-1.182e+004 6.943e+002-4.034e+003-1.047e+004 1.254e+005-6.875e+003 9.154e+004
 8.250e+003 2.930e+000 7.200e+001 9.410e+002 1.407e+003-1.764e+002-2.156e+003-1.155e+004 1.440e+005 1.169e+003 3.775e+004 6.637e+002-8.412e+003 5.029e+002-2.942e+003-7.522e+003 8.909e+004-4.914e+003 6.525e+004
 8.380e+003 2.930e+000 7.200e+001 3.310e+002 4.714e+002-6.067e+001-7.632e+002-4.008e+003 4.929e+004 3.994e+002 1.298e+004 2.312e+002-2.886e+003 1.742e+002-1.017e+003-2.588e+003 3.020e+004-1.681e+003 2.218e+004
 8.500e+003 2.930e+000 4.800e+001 1.073e+002 1.363e+002-2.046e+001-2.418e+002-1.283e+003 1.555e+004 1.490e+002 3.956e+003 7.393e+001-9.100e+002 5.559e+001-3.277e+002-8.240e+002 9.531e+003-5.275e+002 6.951e+003
 8.630e+003 2.930e+000 7.200e+001 1.055e+002 1.228e+002-1.955e+001-2.433e+002-1.252e+003 1.508e+004 1.399e+002 3.883e+003 7.330e+001-8.913e+002 5.595e+001-3.279e+002-8.096e+002 9.253e+003-5.292e+002 6.953e+003
 8.750e+003 2.930e+000 7.200e+001 8.462e+001 8.825e+001-1.609e+001-1.933e+002-9.913e+002 1.176e+004 1.230e+002 2.971e+003 5.903e+001-7.078e+002 4.545e+001-2.636e+002-6.420e+002 7.288e+003-4.207e+002 5.444e+003
 8.880e+003 2.930e+000 4.800e+001 4.367e+001 5.045e+001-7.931e+000-1.032e+002-5.047e+002 5.921e+003 5.457e+001 1.587e+003 3.039e+001-3.604e+002 2.319e+001-1.337e+002-3.240e+002 3.610e+003-2.111e+002 2.709e+003
 9.000e+003 2.930e+000 7.200e+001 4.332e+001 3.431e+001-7.384e+000-1.078e+002-5.072e+002 6.070e+003 5.292e+001 1.593e+003 2.953e+001-3.504e+002 2.318e+001-1.385e+002-3.070e+002 3.417e+003-2.063e+002 2.686e+003
 9.130e+003 2.930e+000 7.200e+001 3.485e+001 2.719e+001-6.386e+000-7.613e+001-3.977e+002 4.610e+003 5.211e+001 1.084e+003 2.317e+001-2.693e+002 1.756e+001-1.014e+002-2.475e+002 2.737e+003-1.577e+002 2.026e+003
 9.250e+003 2.930e+000 4.800e+001 2.015e+001 1.042e+001-3.888e+000-4.014e+001-2.319e+002 2.711e+003 3.609e+001 5.525e+002 1.274e+001-1.483e+002 9.453e+000-5.513e+001-1.370e+002 1.530e+003-8.387e+001 1.086e+003
 9.380e+003 2.930e+000 7.200e+001 2.890e+001 2.423e+001-5.410e+000-7.301e+001-3.258e+002 3.734e+003 4.064e+001 1.021e+003 2.029e+001-2.318e+002 1.632e+001-9.660e+001-2.126e+002 2.301e+003-1.436e+002 1.854e+003
 9.500e+003 2.930e+000 7.200e+001 2.272e+001 1.808e+001-4.822e+000-4.939e+001-2.508e+002 2.829e+003 3.754e+001 6.979e+002 1.511e+001-1.693e+002 1.211e+001-7.302e+001-1.601e+002 1.683e+003-1.042e+002 1.359e+003
 9.630e+003 2.930e+000 4.800e+001 1.040e+001 2.037e+000-2.140e+000-1.992e+001-1.148e+002 1.304e+003 2.079e+001 2.483e+002 6.577e+000-7.257e+001 5.228e+000-3.044e+001-6.886e+001 7.367e+002-4.392e+001 5.611e+002
 9.750e+003 2.930e+000 7.200e+001 1.749e+001 4.519e+000-3.551e+000-4.130e+001-1.882e+002 2.065e+003 3.269e+001 4.936e+002 1.197e+001-1.287e+002 9.641e+000-5.823e+001-1.264e+002 1.318e+003-8.359e+001 1.097e+003
 9.880e+003 2.930e+000 7.200e+001 1.420e+001 3.996e+000-2.871e+000-2.854e+001-1.551e+002 1.748e+003 2.576e+001 3.587e+002 8.965e+000-9.768e+001 7.059e+000-4.139e+001-9.139e+001 9.527e+002-5.767e+001 7.318e+002
 1.000e+004 2.930e+000 3.600e+002 4.930e+001 1.736e+000-1.032e+001-8.216e+001-5.194e+002 5.735e+003 8.732e+001 1.037e+003 2.993e+001-3.112e+002 2.659e+001-1.513e+002-3.124e+002 3.083e+003-2.169e+002 2.744e+003
 1.130e+004 2.930e+000 6.210e+002 5.901e+001-9.620e+001-1.389e+001-2.749e+001-6.052e+002 6.936e+003 1.292e+002 1.816e+002 2.556e+001-2.199e+002 2.802e+001-1.664e+002-2.853e+002 2.370e+003-2.201e+002 2.892e+003
 1.250e+004 2.930e+000 6.480e+002 4.770e+001-1.076e+002-1.368e+001 2.826e+001-4.609e+002 5.017e+003 1.378e+002-5.421e+002 1.316e+001-8.393e+001 1.681e+001-9.754e+001-1.803e+002 1.385e+003-1.210e+002 1.567e+003
 1.380e+004 2.930e+000 6.450e+002 5.058e+001-1.290e+002-1.304e+001 4.855e+001-4.900e+002 5.357e+003 1.318e+002-7.249e+002 6.782e+000-2.133e+001 1.128e+001-6.168e+001-1.258e+002 9.057e+002-7.350e+001 9.341e+002
 1.500e+004 2.930e+000 6.180e+002 1.272e+002-2.575e+002-2.583e+001 8.082e+001-1.180e+003 1.167e+004 2.442e+002-1.202e+003 4.728e+000 1.717e+001 1.114e+001-7.070e+001-2.353e+002 1.903e+003-6.054e+001 9.115e+002
 1.630e+004 2.930e+000 6.480e+002 1.278e+004-2.727e+004-2.576e+003 8.085e+003-1.177e+005 1.142e+006 2.356e+004-1.254e+005-6.399e+001 6.105e+003 5.324e+002-4.939e+003-2.395e+004 2.028e+005-1.604e+003 5.131e+004
 1.750e+004 2.930e+000 6.420e+002 6.043e+001-1.236e+002-4.918e+000-3.310e+000-5.195e+002 4.883e+003 4.121e+001-1.226e+002-1.388e+000 3.189e+001 5.639e+000-2.504e+001-6.277e+001 4.721e+002-2.855e+001 3.879e+002
 1.880e+004 2.930e+000 6.060e+002 3.485e+001-6.846e+001-1.087e+000-1.569e+001-2.875e+002 2.648e+003 9.992e+000 1.055e+001-1.015e+000 2.732e+001 6.974e+000-2.841e+001-2.604e+001 1.448e+002-3.921e+001 4.322e+002
 2.000e+004 2.930e+000 6.420e+002 2.221e+002-2.420e+003-3.021e+002-1.149e+002-7.068e+002 3.221e+004 5.550e+003-4.189e+004 3.939e+002 2.771e+003 1.290e+003-5.629e+003-3.473e+003 9.467e+003-6.980e+003 6.246e+004
 2.130e+004 2.930e+000 6.210e+002 2.627e+001-1.034e+002-4.562e+000-6.356e+001-1.475e+002 1.782e+003 1.320e+002-7.287e+002 1.436e+001 3.224e+001 3.322e+001-1.477e+002-1.226e+002 6.204e+002-1.848e+002 1.809e+003
 2.250e+004 2.930e+000 5.880e+002 2.159e+001-3.758e+001 4.198e+000-7.410e+001-1.157e+002 7.566e+002-7.053e+000 2.531e+002 6.219e+000-3.465e+001 4.996e+000-1.544e+001-6.237e+001 4.456e+002-4.315e+001 5.322e+002
 2.380e+004 2.930e+000 6.480e+002 5.915e+003-1.103e+004 1.379e+003-2.324e+004-2.950e+004 1.679e+005-2.882e+003 7.355e+004 2.138e+003-1.321e+004 1.101e+003-3.134e+003-2.267e+004 1.562e+005-1.366e+004 1.788e+005
 2.500e+004 2.930e+000 6.120e+002 7.132e+001-1.531e+002 1.433e+001-2.674e+002-3.368e+002 1.986e+003-7.391e+000 5.958e+002 2.639e+001-1.460e+002 1.742e+001-5.982e+001-2.867e+002 1.882e+003-1.882e+002 2.437e+003
 2.630e+004 2.930e+000 4.860e+002 6.537e+000-1.835e+001 6.091e-001-1.924e+001-2.548e+001 1.838e+002 6.941e+000-1.212e+001 2.927e+000-1.280e+001 1.978e+000-6.692e+000-2.983e+001 1.681e+002-1.744e+001 2.226e+002
 2.750e+004 2.930e+000 5.400e+002 5.243e+000-1.899e+001-7.166e-002-7.614e+000-2.601e+001 2.389e+002 6.271e+000-2.956e+001 1.583e+000-4.522e+000 1.391e+000-5.108e+000-1.631e+001 8.038e+001-1.055e+001 1.326e+002
 2.880e+004 2.930e+000 5.190e+002 3.596e+000-1.284e+001 1.653e-001-8.032e+000-1.381e+001 1.208e+002 6.236e+000-2.624e+001 1.737e+000-6.636e+000 1.298e+000-3.936e+000-1.530e+001 8.443e+001-9.472e+000 1.082e+002
 3.000e+004 2.930e+000 5.250e+002 4.515e+000-1.683e+001 2.587e-001-1.181e+001-1.600e+001 1.360e+002 9.650e+000-4.192e+001 2.710e+000-1.068e+001 2.041e+000-6.537e+000-2.197e+001 1.243e+002-1.530e+001 1.604e+002
 3.130e+004 2.930e+000 6.450e+002 8.071e+002-3.386e+003 9.456e+001-2.639e+003-2.670e+003 2.307e+004 2.078e+003-1.140e+004 5.695e+002-2.280e+003 4.137e+002-1.301e+003-4.796e+003 2.694e+004-3.697e+003 3.717e+004
 3.250e+004 2.930e+000 6.480e+002 1.141e+003-4.936e+003 1.335e+002-3.875e+003-3.792e+003 3.399e+004 3.162e+003-1.784e+004 8.333e+002-3.343e+003 6.253e+002-2.001e+003-7.100e+003 4.033e+004-5.644e+003 5.739e+004
 3.380e+004 2.930e+000 5.520e+002 5.526e+000-2.239e+001 3.066e-001-1.693e+001-1.546e+001 1.525e+002 1.712e+001-9.602e+001 4.275e+000-1.276e+001 3.830e+000-1.205e+001-3.450e+001 1.631e+002-2.980e+001 2.935e+002
 3.500e+004 2.930e+000 4.950e+002 2.112e+000-9.061e+000-1.124e-001-5.517e+000-5.190e+000 6.764e+001 8.550e+000-5.066e+001 1.809e+000-3.558e+000 2.001e+000-6.177e+000-1.413e+001 5.599e+001-1.391e+001 1.323e+002
 3.630e+004 2.930e+000 5.370e+002 1.583e+000-7.638e+000-3.503e-001-2.465e+000-4.132e+000 6.474e+001 8.096e+000-5.374e+001 1.399e+000-7.534e-001 1.856e+000-5.992e+000-1.130e+001 3.459e+001-1.223e+001 1.141e+002
 3.750e+004 2.930e+000 5.370e+002 1.399e+000-8.578e+000-7.250e-001 8.810e-001-4.139e+000 8.317e+001 9.840e+000-7.303e+001 1.185e+000 2.315e+000 2.010e+000-6.147e+000-1.052e+001 1.810e+001-1.262e+001 1.131e+002
 3.880e+004 2.930e+000 6.360e+002 6.382e+000-5.202e+001-5.589e+000 2.199e+001-2.276e+001 5.364e+002 5.695e+001-5.123e+002 4.443e+000 3.243e+001 8.856e+000-3.199e+001-5.159e+001-1.109e+001-6.007e+001 5.419e+002
 4.000e+004 2.930e+000 6.480e+002 5.058e+002-4.418e+003-4.735e+002 2.233e+003-2.235e+003 4.851e+004 4.487e+003-4.292e+004 2.739e+002 2.931e+003 5.937e+002-2.336e+003-3.781e+003-2.838e+003-4.153e+003 3.826e+004
 4.130e+004 2.930e+000 6.120e+002 8.801e+000-6.993e+001-7.087e+000 3.316e+001-4.332e+001 7.916e+002 6.232e+001-5.655e+002 3.378e+000 4.098e+001 7.570e+000-2.874e+001-4.953e+001-2.738e+001-4.864e+001 4.373e+002
 4.250e+004 2.930e+000 6.360e+002 4.951e+000-3.601e+001-3.292e+000 1.512e+001-2.547e+001 4.138e+002 2.701e+001-2.380e+002 1.300e+000 1.835e+001 2.995e+000-1.122e+001-2.104e+001-6.611e+000-1.766e+001 1.602e+002
 4.380e+004 2.930e+000 6.240e+002 5.829e+000-4.149e+001-3.500e+000 1.574e+001-3.097e+001 4.781e+002 2.796e+001-2.376e+002 1.271e+000 1.888e+001 2.729e+000-1.004e+001-2.093e+001-4.387e+000-1.540e+001 1.366e+002
 4.500e+004 2.930e+000 6.180e+002 9.645e+000-6.647e+001-5.307e+000 2.332e+001-5.159e+001 7.524e+002 4.015e+001-3.426e+002 1.659e+000 2.830e+001 3.530e+000-1.388e+001-3.096e+001 3.579e+000-1.941e+001 1.723e+002
 4.630e+004 2.930e+000 6.480e+002 3.202e+001-2.184e+002-1.581e+001 6.740e+001-1.693e+002 2.404e+003 1.191e+002-1.020e+003 5.150e+000 8.118e+001 8.949e+000-3.764e+001-9.657e+001 4.983e+001-5.003e+001 4.507e+002
 4.750e+004 2.930e+000 6.480e+002 3.081e+003-2.093e+004-1.428e+003 5.608e+003-1.587e+004 2.240e+005 1.126e+004-9.573e+004 5.748e+002 6.743e+003 7.698e+002-3.515e+003-9.836e+003 1.255e+004-4.437e+003 4.165e+004
 4.880e+004 2.930e+000 6.240e+002 1.383e+003-9.369e+003-6.268e+002 2.292e+003-7.046e+003 9.935e+004 5.095e+003-4.212e+004 2.809e+002 2.815e+003 3.413e+002-1.572e+003-4.495e+003 7.369e+003-1.952e+003 1.842e+004
 5.000e+004 2.930e+000 6.360e+002 6.763e+000-4.378e+001-2.745e+000 7.729e+000-3.209e+001 4.491e+002 2.286e+001-1.650e+002 1.486e+000 1.101e+001 1.643e+000-6.629e+000-1.944e+001 4.135e+001-7.991e+000 7.447e+001
 5.130e+004 2.930e+000 5.580e+002 1.804e+000-1.085e+001-6.382e-001 1.361e+000-8.418e+000 1.144e+002 5.481e+000-3.316e+001 3.918e-001 2.192e+000 4.420e-001-1.431e+000-4.217e+000 1.148e+001-1.724e+000 1.671e+001
 5.250e+004 2.930e+000 5.280e+002 1.346e+000-8.378e+000-5.197e-001 9.661e-001-6.192e+000 8.933e+001 4.405e+000-2.770e+001 3.006e-001 2.101e+000 3.909e-001-1.366e+000-3.541e+000 9.431e+000-1.500e+000 1.540e+001
 5.380e+004 2.930e+000 5.970e+002 3.159e+000-1.996e+001-1.090e+000 4.146e+000-1.423e+001 2.039e+002 7.310e+000-6.401e+001 2.012e-001 6.635e+000 1.072e+000-4.159e+000-6.000e+000 2.909e+000-4.369e+000 4.048e+001
 5.500e+004 2.930e+000 6.480e+002 1.996e+002-1.467e+003-1.051e+002 3.506e+002-9.429e+002 1.525e+004 7.620e+002-6.863e+003 3.612e+001 6.022e+002 6.208e+001-3.099e+002-7.080e+002 7.660e+002-3.134e+002 3.140e+003
 5.630e+004 2.930e+000 6.240e+002 1.064e+003-7.824e+003-5.545e+002 1.846e+003-5.033e+003 8.135e+004 3.991e+003-3.609e+004 1.861e+002 3.197e+003 3.217e+002-1.616e+003-3.720e+003 4.022e+003-1.613e+003 1.622e+004
 5.750e+004 2.930e+000 6.240e+002 6.292e+000-4.473e+001-3.031e+000 9.331e+000-2.831e+001 4.587e+002 2.041e+001-1.744e+002 9.361e-001 1.766e+001 1.760e+000-7.719e+000-1.827e+001 1.534e+001-7.683e+000 7.470e+001
 5.880e+004 2.930e+000 5.430e+002 1.139e+000-7.323e+000-4.746e-001 1.377e+000-4.963e+000 7.763e+001 2.903e+000-2.219e+001 1.199e-001 2.714e+000 3.108e-001-9.832e-001-2.340e+000 7.287e-001-1.043e+000 1.029e+001
 6.000e+004 2.930e+000 4.500e+002 5.699e-001-3.485e+000-2.118e-001 5.601e-001-2.447e+000 3.764e+001 1.323e+000-9.945e+000 5.876e-002 1.155e+000 1.605e-001-4.524e-001-1.086e+000 8.820e-001-4.834e-001 5.114e+000
 6.130e+004 2.930e+000 4.980e+002 6.513e-001-4.150e+000-2.440e-001 6.667e-001-2.884e+000 4.562e+001 1.408e+000-1.188e+001 4.555e-002 1.508e+000 1.779e-001-5.465e-001-1.284e+000 1.064e+000-5.134e-001 6.066e+000
 6.250e+004 2.930e+000 6.210e+002 3.739e+000-2.698e+001-2.089e+000 7.492e+000-1.804e+001 2.941e+002 1.111e+001-1.185e+002 1.406e-001 1.479e+001 1.325e+000-6.235e+000-1.101e+001-2.036e+000-4.994e+000 5.460e+001
 6.380e+004 2.930e+000 6.240e+002 4.892e+002-3.672e+003-2.946e+002 1.257e+003-2.463e+003 3.998e+004 1.471e+003-1.836e+004-1.566e+000 2.220e+003 1.779e+002-9.707e+002-1.602e+003-1.369e+003-7.531e+002 8.496e+003
 6.500e+004 2.930e+000 6.330e+002 1.019e+001-7.372e+001-5.661e+000 2.358e+001-5.068e+001 7.981e+002 2.674e+001-3.294e+002-1.697e-001 4.225e+001 3.320e+000-1.696e+001-2.900e+001-2.868e+001-1.315e+001 1.454e+002
 6.630e+004 2.930e+000 5.190e+002 1.349e+000-8.982e+000-5.555e-001 2.033e+000-6.242e+000 9.503e+001 2.227e+000-2.656e+001-4.442e-002 4.041e+000 3.212e-001-1.237e+000-2.437e+000-2.626e+000-9.408e-001 1.101e+001
 6.750e+004 2.930e+000 4.320e+002 4.962e-001-2.937e+000-1.475e-001 3.546e-001-2.145e+000 3.129e+001 6.486e-001-4.753e+000 1.910e-003 9.316e-001 1.085e-001-2.365e-001-4.853e-001-2.797e-001-2.178e-001 2.465e+000
 6.880e+004 2.930e+000 4.650e+002 4.222e-001-2.391e+000-1.175e-001 1.108e-001-1.819e+000 2.540e+001 7.534e-001-3.422e+000 4.488e-002 4.742e-001 2.705e-001-1.057e+000-5.192e-001 1.677e+000-7.327e-001 8.082e+000
 7.000e+004 2.930e+000 4.620e+002 9.221e-001-5.811e+000-2.106e-001 4.971e-001-3.827e+000 5.768e+001 8.145e-001-7.244e+000 2.276e-003 1.378e+000 9.922e-002-2.665e-001-7.925e-001-1.432e-001-1.957e-001 2.540e+000
 7.130e+004 2.930e+000 5.850e+002 3.779e+001-2.717e+002-1.204e+001 3.879e+001-1.599e+002 2.642e+003 5.205e+001-6.600e+002 1.848e-001 8.611e+001 3.965e+000-2.207e+001-6.883e+001 1.027e+001-1.305e+001 1.714e+002
 7.250e+004 2.930e+000 6.120e+002 2.212e+001-1.582e+002-6.638e+000 1.902e+001-9.328e+001 1.538e+003 3.023e+001-3.532e+002 3.454e-001 4.625e+001 2.112e+000-1.142e+001-3.805e+001 2.266e+001-6.622e+000 8.794e+001
 7.380e+004 2.930e+000 4.020e+002 6.183e-001-4.142e+000-1.291e-001 2.004e-001-2.555e+000 4.232e+001 7.436e-001-5.018e+000 2.700e-002 7.871e-001 5.910e-002-1.486e-001-5.749e-001 1.095e+000-1.280e-001 1.562e+000
 7.500e+004 2.930e+000 1.920e+002 6.108e-002-3.173e-001-1.119e-002-8.313e-003-2.520e-001 3.520e+000 8.422e-002-9.139e-002 7.725e-003 4.033e-002 1.253e-002-1.190e-002-2.870e-002 9.122e-002-1.228e-002 1.601e-001
 7.630e+004 2.930e+000 1.710e+002 3.473e-002-1.534e-001-3.083e-003-1.616e-002-1.329e-001 1.664e+000 2.637e-002-2.250e-002 3.173e-003 4.647e-003 6.903e-003-9.983e-003-2.303e-002 1.122e-001-1.348e-002 1.573e-001
 7.750e+004 2.930e+000 1.440e+002 2.734e-002-1.217e-001-3.221e-004-1.408e-002-1.101e-001 1.415e+000 1.147e-002 0.000e+000 2.737e-003-1.516e-002 5.098e-003-7.172e-003-1.568e-002 1.109e-001-9.480e-003 1.109e-001
 7.880e+004 2.930e+000 3.360e+002 7.082e-001-4.996e+000-1.727e-001-1.586e-001-3.300e+000 5.465e+001 1.272e+000-9.563e+000 7.401e-002 1.069e+000 8.848e-002-4.506e-001-1.362e+000 6.321e+000-2.363e-001 4.329e+000
 8.000e+004 2.930e+000 6.180e+002 1.180e+001-9.151e+001-4.656e+000 3.004e+000-4.476e+001 8.954e+002 3.115e+001-2.974e+002 1.780e+000 3.023e+001 2.278e+000-1.456e+001-3.653e+001 1.100e+002-7.332e+000 1.225e+002
 8.130e+004 2.930e+000 3.120e+002 6.354e-001-4.136e+000-1.142e-001-2.404e-001-3.337e+000 4.959e+001 8.154e-001-4.748e+000 5.220e-002 7.050e-001 7.295e-002-2.827e-001-9.069e-001 4.561e+000-2.051e-001 3.287e+000
 8.250e+004 2.930e+000 1.620e+002 3.778e-002-1.955e-001-5.146e-003-7.486e-003-1.369e-001 2.124e+000 5.041e-002-1.250e-001 5.806e-003 1.445e-002 9.615e-003-1.918e-002-2.831e-002 1.041e-001-1.990e-002 2.291e-001
 8.380e+004 2.930e+000 1.230e+002 1.850e-002-8.295e-002-1.306e-003-4.125e-003-8.815e-002 1.003e+000 1.655e-002 0.000e+000 2.190e-003-1.282e-002 5.290e-003-4.360e-003-5.287e-003 6.157e-002-5.247e-003 6.157e-002
 8.500e+004 2.930e+000 1.260e+002 1.480e-002-8.086e-002-3.247e-004-9.626e-003-7.700e-002 1.028e+000 1.188e-002 0.000e+000 2.458e-003-1.056e-002 3.511e-003-7.263e-003-1.213e-002 8.062e-002-8.578e-003 1.007e-001
 8.630e+004 2.930e+000 1.320e+002 3.141e-002-1.621e-001-3.535e-003-3.602e-003-1.166e-001 1.687e+000 2.599e-002-1.189e-001 3.077e-003 1.069e-002 5.230e-003-1.310e-002-2.529e-002 7.968e-002-1.514e-002 1.788e-001
 8.750e+004 2.930e+000 5.160e+002 3.368e+000-2.437e+001-1.232e+000 2.087e+000-1.238e+001 2.488e+002 4.165e+000-6.988e+001 1.942e-001 9.740e+000 7.625e-001-4.273e+000-8.890e+000 2.640e+000-2.622e+000 3.799e+001
 8.880e+004 2.930e+000 4.170e+002 2.079e+000-1.469e+001-6.532e-001 8.605e-001-8.467e+000 1.599e+002 1.893e+000-3.660e+001 9.087e-002 5.543e+000 4.456e-001-2.423e+000-4.885e+000 1.768e+000-1.516e+000 2.185e+001
 9.000e+004 2.930e+000 1.500e+002 2.189e-002-9.907e-002-2.062e-003-1.110e-002-1.087e-001 1.259e+000 2.123e-002 0.000e+000 3.790e-003-3.906e-003 6.112e-003-8.772e-003-1.291e-002 7.622e-002-9.515e-003 9.520e-002
 9.130e+004 2.930e+000 1.170e+002 1.300e-002-6.099e-002-1.025e-003-8.356e-003-7.265e-002 7.888e-001 1.334e-002 0.000e+000 1.880e-003-7.930e-003 2.909e-003-5.859e-003-9.514e-003 7.522e-002-6.215e-003 9.413e-002
 9.250e+004 2.930e+000 1.110e+002 1.220e-002-6.288e-002-3.131e-004-8.344e-003-6.400e-002 7.778e-001 1.320e-002 0.000e+000 2.125e-003-1.069e-002 3.117e-003-7.306e-003-9.320e-003 9.267e-002-7.598e-003 9.267e-002
 9.380e+004 2.930e+000 1.440e+002 2.025e-002-1.043e-001-5.723e-004-5.567e-003-1.142e-001 1.351e+000 1.760e-002 0.000e+000 2.802e-003-9.007e-003 4.038e-003-4.384e-003-6.095e-003 5.493e-002-4.463e-003 5.493e-002
 9.500e+004 2.930e+000 3.540e+002 1.098e+000-6.657e+000-4.425e-002-5.180e-001-6.239e+000 8.522e+001-1.424e-001-3.010e+000 4.234e-003 6.901e-001 7.534e-002-3.086e-001-9.938e-001 5.074e+000-2.502e-001 4.246e+000
 9.630e+004 2.930e+000 0.000e+000 0.000e+000 0.000e+000 0.000e+000 0.000e+000 0.000e+000 0.000e+000 0.000e+000 0.000e+000 0.000e+000 0.000e+000 0.000e+000 0.000e+000 0.000e+000 0.000e+000 0.000e+000 0.000e+000
 9.750e+004 2.930e+000 0.000e+000 0.000e+000 0.000e+000 0.000e+000 0.000e+000 0.000e+000 0.000e+000 0.000e+000 0.000e+000 0.000e+000 0.000e+000 0.000e+000 0.000e+000 0.000e+000 0.000e+000 0.000e+000 0.000e+000
 9.880e+004 2.930e+000 0.000e+000 0.000e+000 0.000e+000 0.000e+000 0.000e+000 0.000e+000 0.000e+000 0.000e+000 0.000e+000 0.000e+000 0.000e+000 0.000e+000 0.000e+000 0.000e+000 0.000e+000 0.000e+000 0.000e+000
 1.000e+005 2.930e+000 0.000e+000 0.000e+000 0.000e+000 0.000e+000 0.000e+000 0.000e+000 0.000e+000 0.000e+000 0.000e+000 0.000e+000 0.000e+000 0.000e+000 0.000e+000 0.000e+000 0.000e+000 0.000e+000 0.000e+000
