 6.250e+000 2.930e+000 0.000e+000 0.000e+000 0.000e+000 0.000e+000 0.000e+000 0.000e+000 0.000e+000 0.000e+000 0.000e+000 0.000e+000 0.000e+000 0.000e+000 0.000e+000 0.000e+000 0.000e+000 0.000e+000 0.000e+000
 7.500e+000 2.930e+000 0.000e+000 0.000e+000 0.000e+000 0.000e+000 0.000e+000 0.000e+000 0.000e+000 0.000e+000 0.000e+000 0.000e+000 0.000e+000 0.000e+000 0.000e+000 0.000e+000 0.000e+000 0.000e+000 0.000e+000
 8.750e+000 2.930e+000 0.000e+000 0.000e+000 0.000e+000 0.000e+000 0.000e+000 0.000e+000 0.000e+000 0.000e+000 0.000e+000 0.000e+000 0.000e+000 0.000e+000 0.000e+000 0.000e+000 0.000e+000 0.000e+000 0.000e+000
 1.000e+001 2.930e+000 0.000e+000 0.000e+000 0.000e+000 0.000e+000 0.000e+000 0.000e+000 0.000e+000 0.000e+000 0.000e+000 0.000e+000 0.000e+000 0.000e+000 0.000e+000 0.000e+000 0.000e+000 0.000e+000 0.000e+000
 1.130e+001 2.930e+000 2.100e+001 1.521e+003 2.024e+003-3.715e+001 8.888e+002 1.643e+001 1.512e+005 6.386e+002-1.920e+003-4.356e+002-5.110e+002 1.705e+002-3.690e+002 7.225e+002 4.097e+003-4.609e+002 6.204e+003
 1.250e+001 2.930e+000 0.000e+000 0.000e+000 0.000e+000 0.000e+000 0.000e+000 0.000e+000 0.000e+000 0.000e+000 0.000e+000 0.000e+000 0.000e+000 0.000e+000 0.000e+000 0.000e+000 0.000e+000 0.000e+000 0.000e+000
 1.380e+001 2.930e+000 0.000e+000 0.000e+000 0.000e+000 0.000e+000 0.000e+000 0.000e+000 0.000e+000 0.000e+000 0.000e+000 0.000e+000 0.000e+000 0.000e+000 0.000e+000 0.000e+000 0.000e+000 0.000e+000 0.000e+000
 1.500e+001 2.930e+000 2.400e+001 2.626e+003 2.837e+003-4.771e+000-3.387e+001 1.429e+003 1.097e+005 7.641e+002 2.622e+003-7.080e+002-1.128e+003 2.614e+002-8.437e+001 3.569e+002 7.679e+002-4.174e+002 4.682e+003
 1.630e+001 2.930e+000 0.000e+000 0.000e+000 0.000e+000 0.000e+000 0.000e+000 0.000e+000 0.000e+000 0.000e+000 0.000e+000 0.000e+000 0.000e+000 0.000e+000 0.000e+000 0.000e+000 0.000e+000 0.000e+000 0.000e+000
 1.750e+001 2.930e+000 2.400e+001 1.377e+003 1.540e+003-5.146e+001 6.499e+002 7.776e+002 7.357e+004 3.332e+002 2.809e+003-3.093e+002-7.141e+002 9.807e+001-2.397e+002-1.423e+002 2.279e+003-8.642e+001 2.201e+003
 1.880e+001 2.930e+000 0.000e+000 0.000e+000 0.000e+000 0.000e+000 0.000e+000 0.000e+000 0.000e+000 0.000e+000 0.000e+000 0.000e+000 0.000e+000 0.000e+000 0.000e+000 0.000e+000 0.000e+000 0.000e+000 0.000e+000
 2.000e+001 2.930e+000 2.400e+001 1.792e+003-1.522e+002 2.430e+001 3.301e+002 2.951e+003 7.370e+004 3.123e+002-6.020e+002-3.617e+002-8.198e+002 1.153e+002-2.442e+002-1.975e+002 5.351e+002-1.041e+002 3.492e+003
 2.130e+001 2.930e+000 0.000e+000 0.000e+000 0.000e+000 0.000e+000 0.000e+000 0.000e+000 0.000e+000 0.000e+000 0.000e+000 0.000e+000 0.000e+000 0.000e+000 0.000e+000 0.000e+000 0.000e+000 0.000e+000 0.000e+000
 2.250e+001 2.930e+000 0.000e+000 0.000e+000 0.000e+000 0.000e+000 0.000e+000 0.000e+000 0.000e+000 0.000e+000 0.000e+000 0.000e+000 0.000e+000 0.000e+000 0.000e+000 0.000e+000 0.000e+000 0.000e+000 0.000e+000
 2.380e+001 2.930e+000 2.400e+001 2.110e+003 1.972e+003-6.729e+001 6.629e+002 2.656e+003 6.024e+004 1.148e+002 3.114e+003-5.436e+002-8.463e+002 1.893e+002-2.720e+002 1.678e+002 4.214e+002-1.325e+002 1.826e+003
 2.500e+001 2.930e+000 0.000e+000 0.000e+000 0.000e+000 0.000e+000 0.000e+000 0.000e+000 0.000e+000 0.000e+000 0.000e+000 0.000e+000 0.000e+000 0.000e+000 0.000e+000 0.000e+000 0.000e+000 0.000e+000 0.000e+000
 2.630e+001 2.930e+000 2.400e+001 2.995e+003 3.450e+003-5.102e+001 1.210e+003-2.264e+003 5.637e+004 1.426e+003-1.425e+003-7.585e+002 1.294e+003 2.360e+002-3.989e+002-2.514e+002 1.238e+003-4.452e+001 2.903e+003
 2.750e+001 2.930e+000 0.000e+000 0.000e+000 0.000e+000 0.000e+000 0.000e+000 0.000e+000 0.000e+000 0.000e+000 0.000e+000 0.000e+000 0.000e+000 0.000e+000 0.000e+000 0.000e+000 0.000e+000 0.000e+000 0.000e+000
 2.880e+001 2.930e+000 2.400e+001 3.052e+003 5.375e+003-7.963e+001 4.436e+002 2.368e+002 4.828e+004 1.182e+003 3.006e+003-7.007e+002-1.999e+002 2.035e+002-1.898e+002-6.747e+002-7.023e+002 1.220e+001 2.519e+003
 3.000e+001 2.930e+000 0.000e+000 0.000e+000 0.000e+000 0.000e+000 0.000e+000 0.000e+000 0.000e+000 0.000e+000 0.000e+000 0.000e+000 0.000e+000 0.000e+000 0.000e+000 0.000e+000 0.000e+000 0.000e+000 0.000e+000
 3.130e+001 2.930e+000 0.000e+000 0.000e+000 0.000e+000 0.000e+000 0.000e+000 0.000e+000 0.000e+000 0.000e+000 0.000e+000 0.000e+000 0.000e+000 0.000e+000 0.000e+000 0.000e+000 0.000e+000 0.000e+000 0.000e+000
 3.250e+001 2.930e+000 2.400e+001 4.806e+003 7.831e+003-1.136e+002 1.286e+003 3.633e+003 6.556e+004 1.496e+003 1.022e+003-1.153e+003-5.860e+002 3.250e+002-3.571e+002-1.202e+002-1.217e+003-1.756e+002 2.835e+003
 3.380e+001 2.930e+000 0.000e+000 0.000e+000 0.000e+000 0.000e+000 0.000e+000 0.000e+000 0.000e+000 0.000e+000 0.000e+000 0.000e+000 0.000e+000 0.000e+000 0.000e+000 0.000e+000 0.000e+000 0.000e+000 0.000e+000
 3.500e+001 2.930e+000 2.400e+001 6.883e+003 4.692e+003-2.124e+002 1.886e+003 5.944e+003 5.315e+004 1.058e+003 1.132e+003-1.832e+003-9.216e+002 5.858e+002-5.205e+002-4.695e+002-3.184e+003-1.427e+002 2.294e+003
 3.630e+001 2.930e+000 0.000e+000 0.000e+000 0.000e+000 0.000e+000 0.000e+000 0.000e+000 0.000e+000 0.000e+000 0.000e+000 0.000e+000 0.000e+000 0.000e+000 0.000e+000 0.000e+000 0.000e+000 0.000e+000 0.000e+000
 3.750e+001 2.930e+000 2.400e+001 1.924e+004 1.679e+004-9.583e+002 7.446e+003 1.180e+004 6.895e+004 4.246e+003 4.171e+003-5.032e+003-3.031e+003 1.480e+003-2.037e+003-1.824e+002 6.670e+003-5.471e+002 5.064e+003
 3.880e+001 2.930e+000 0.000e+000 0.000e+000 0.000e+000 0.000e+000 0.000e+000 0.000e+000 0.000e+000 0.000e+000 0.000e+000 0.000e+000 0.000e+000 0.000e+000 0.000e+000 0.000e+000 0.000e+000 0.000e+000 0.000e+000
 4.000e+001 2.930e+000 0.000e+000 0.000e+000 0.000e+000 0.000e+000 0.000e+000 0.000e+000 0.000e+000 0.000e+000 0.000e+000 0.000e+000 0.000e+000 0.000e+000 0.000e+000 0.000e+000 0.000e+000 0.000e+000 0.000e+000
 4.130e+001 2.930e+000 2.400e+001 3.497e+004 2.748e+004-1.583e+003 1.073e+004 1.516e+004 8.307e+004 7.210e+003 3.726e+003-1.016e+004-3.648e+003 3.266e+003-2.920e+003 1.746e+003 6.568e+003-1.465e+003 5.973e+003
 4.250e+001 2.930e+000 0.000e+000 0.000e+000 0.000e+000 0.000e+000 0.000e+000 0.000e+000 0.000e+000 0.000e+000 0.000e+000 0.000e+000 0.000e+000 0.000e+000 0.000e+000 0.000e+000 0.000e+000 0.000e+000 0.000e+000
 4.380e+001 2.930e+000 2.400e+001 1.096e+005 7.480e+004-5.632e+003 4.691e+004 6.292e+004 1.667e+005 1.944e+004 2.577e+004-3.244e+004-1.849e+004 1.039e+004-1.337e+004 5.992e+003 3.249e+004-4.544e+003 2.219e+004
 4.500e+001 2.930e+000 0.000e+000 0.000e+000 0.000e+000 0.000e+000 0.000e+000 0.000e+000 0.000e+000 0.000e+000 0.000e+000 0.000e+000 0.000e+000 0.000e+000 0.000e+000 0.000e+000 0.000e+000 0.000e+000 0.000e+000
 4.630e+001 2.930e+000 2.400e+001 1.195e+005 8.846e+004-5.450e+003 5.176e+004 7.616e+004 3.221e+005 2.318e+004 3.875e+004-3.454e+004-8.691e+003 1.202e+004-1.361e+004 2.913e+003 2.808e+004-4.334e+003 2.548e+004
 4.750e+001 2.930e+000 0.000e+000 0.000e+000 0.000e+000 0.000e+000 0.000e+000 0.000e+000 0.000e+000 0.000e+000 0.000e+000 0.000e+000 0.000e+000 0.000e+000 0.000e+000 0.000e+000 0.000e+000 0.000e+000 0.000e+000
 4.880e+001 2.930e+000 0.000e+000 0.000e+000 0.000e+000 0.000e+000 0.000e+000 0.000e+000 0.000e+000 0.000e+000 0.000e+000 0.000e+000 0.000e+000 0.000e+000 0.000e+000 0.000e+000 0.000e+000 0.000e+000 0.000e+000
 5.000e+001 2.930e+000 2.400e+001 3.780e+007 4.767e+007-3.265e+005 1.153e+007 3.611e+007 9.520e+007 6.267e+006 1.968e+007-5.209e+006-5.423e+006 7.280e+005-1.648e+006-6.872e+006 7.994e+006 8.439e+005 4.814e+006
 5.130e+001 2.930e+000 0.000e+000 0.000e+000 0.000e+000 0.000e+000 0.000e+000 0.000e+000 0.000e+000 0.000e+000 0.000e+000 0.000e+000 0.000e+000 0.000e+000 0.000e+000 0.000e+000 0.000e+000 0.000e+000 0.000e+000
 5.250e+001 2.930e+000 2.400e+001 1.134e+005 9.179e+004-6.063e+003 5.473e+004 9.298e+004 3.717e+005 2.029e+004 5.048e+004-2.873e+004-1.186e+004 9.059e+003-1.250e+004 6.509e+003 3.880e+004-5.393e+003 2.877e+004
 5.380e+001 2.930e+000 0.000e+000 0.000e+000 0.000e+000 0.000e+000 0.000e+000 0.000e+000 0.000e+000 0.000e+000 0.000e+000 0.000e+000 0.000e+000 0.000e+000 0.000e+000 0.000e+000 0.000e+000 0.000e+000 0.000e+000
 5.500e+001 2.930e+000 0.000e+000 0.000e+000 0.000e+000 0.000e+000 0.000e+000 0.000e+000 0.000e+000 0.000e+000 0.000e+000 0.000e+000 0.000e+000 0.000e+000 0.000e+000 0.000e+000 0.000e+000 0.000e+000 0.000e+000
 5.630e+001 2.930e+000 2.400e+001 4.749e+004 3.512e+004-2.215e+003 2.315e+004 4.986e+004 1.357e+005 7.265e+003 2.481e+004-1.217e+004-1.154e+004 3.524e+003-5.831e+003 5.176e+002 1.422e+004-1.512e+003 1.250e+004
 5.750e+001 2.930e+000 0.000e+000 0.000e+000 0.000e+000 0.000e+000 0.000e+000 0.000e+000 0.000e+000 0.000e+000 0.000e+000 0.000e+000 0.000e+000 0.000e+000 0.000e+000 0.000e+000 0.000e+000 0.000e+000 0.000e+000
 5.880e+001 2.930e+000 2.400e+001 2.136e+004 1.607e+004-5.615e+002 1.024e+004 1.799e+004 6.596e+004 4.099e+003 7.927e+003-5.880e+003-3.782e+003 1.779e+003-2.711e+003 1.785e+003 8.648e+003-8.393e+002 6.579e+003
 6.000e+001 2.930e+000 0.000e+000 0.000e+000 0.000e+000 0.000e+000 0.000e+000 0.000e+000 0.000e+000 0.000e+000 0.000e+000 0.000e+000 0.000e+000 0.000e+000 0.000e+000 0.000e+000 0.000e+000 0.000e+000 0.000e+000
 6.130e+001 2.930e+000 2.400e+001 1.365e+004 6.495e+003-5.740e+002 6.563e+003 1.465e+004 4.820e+004 1.006e+003 7.086e+003-3.547e+003-3.283e+003 1.027e+003-1.698e+003 8.939e+002 2.631e+003-6.031e+002 3.781e+003
 6.250e+001 2.930e+000 0.000e+000 0.000e+000 0.000e+000 0.000e+000 0.000e+000 0.000e+000 0.000e+000 0.000e+000 0.000e+000 0.000e+000 0.000e+000 0.000e+000 0.000e+000 0.000e+000 0.000e+000 0.000e+000 0.000e+000
 6.380e+001 2.930e+000 0.000e+000 0.000e+000 0.000e+000 0.000e+000 0.000e+000 0.000e+000 0.000e+000 0.000e+000 0.000e+000 0.000e+000 0.000e+000 0.000e+000 0.000e+000 0.000e+000 0.000e+000 0.000e+000 0.000e+000
 6.500e+001 2.930e+000 2.400e+001 5.994e+003 5.345e+003-2.610e+002 2.940e+003 7.846e+003 3.328e+004 1.103e+003 3.856e+003-1.576e+003-1.768e+003 4.883e+002-7.993e+002 5.300e+002 1.545e+003-4.028e+002 3.146e+003
 6.630e+001 2.930e+000 0.000e+000 0.000e+000 0.000e+000 0.000e+000 0.000e+000 0.000e+000 0.000e+000 0.000e+000 0.000e+000 0.000e+000 0.000e+000 0.000e+000 0.000e+000 0.000e+000 0.000e+000 0.000e+000 0.000e+000
 6.750e+001 2.930e+000 2.400e+001 4.419e+003 1.572e+002-1.487e+002 2.195e+003 5.248e+003 2.989e+004-4.093e+002 3.501e+003-1.051e+003-8.337e+002 2.985e+002-5.824e+002-3.288e+002-1.665e+003-5.912e+001 1.967e+003
 6.880e+001 2.930e+000 0.000e+000 0.000e+000 0.000e+000 0.000e+000 0.000e+000 0.000e+000 0.000e+000 0.000e+000 0.000e+000 0.000e+000 0.000e+000 0.000e+000 0.000e+000 0.000e+000 0.000e+000 0.000e+000 0.000e+000
 7.000e+001 2.930e+000 2.400e+001 2.915e+003 2.700e+002-7.683e+001 1.792e+003 2.340e+003 2.050e+004-2.840e+002 1.514e+003-7.456e+002-3.331e+002 2.302e+002-5.189e+002 4.541e+002-2.965e+002-2.322e+002 2.060e+003
 7.130e+001 2.930e+000 0.000e+000 0.000e+000 0.000e+000 0.000e+000 0.000e+000 0.000e+000 0.000e+000 0.000e+000 0.000e+000 0.000e+000 0.000e+000 0.000e+000 0.000e+000 0.000e+000 0.000e+000 0.000e+000 0.000e+000
 7.250e+001 2.930e+000 0.000e+000 0.000e+000 0.000e+000 0.000e+000 0.000e+000 0.000e+000 0.000e+000 0.000e+000 0.000e+000 0.000e+000 0.000e+000 0.000e+000 0.000e+000 0.000e+000 0.000e+000 0.000e+000 0.000e+000
 7.380e+001 2.930e+000 2.400e+001 2.555e+003 1.864e+003-2.322e+001 8.329e+002 1.673e+003 2.277e+004 2.985e+001 1.596e+003-5.919e+002-8.792e+001 1.709e+002-2.715e+002 3.223e+002-1.393e+003-2.000e+002 1.775e+003
 7.500e+001 2.930e+000 0.000e+000 0.000e+000 0.000e+000 0.000e+000 0.000e+000 0.000e+000 0.000e+000 0.000e+000 0.000e+000 0.000e+000 0.000e+000 0.000e+000 0.000e+000 0.000e+000 0.000e+000 0.000e+000 0.000e+000
 7.630e+001 2.930e+000 2.400e+001 1.444e+003 8.077e+002-1.356e+001 8.537e+002 1.996e+003 2.030e+004-1.619e+001 1.462e+003-3.785e+002-3.748e+002 1.275e+002-3.053e+002 1.725e+002-4.718e+002-1.010e+002 1.441e+003
 7.750e+001 2.930e+000 0.000e+000 0.000e+000 0.000e+000 0.000e+000 0.000e+000 0.000e+000 0.000e+000 0.000e+000 0.000e+000 0.000e+000 0.000e+000 0.000e+000 0.000e+000 0.000e+000 0.000e+000 0.000e+000 0.000e+000
 7.880e+001 2.930e+000 2.100e+001 1.427e+003 1.021e+002-3.749e+001 5.613e+002 1.697e+003 1.532e+004-1.226e+002 1.093e+003-3.276e+002-3.000e+002 9.205e+001-1.840e+002-2.788e+002-4.994e+002 4.691e+000 1.044e+003
 8.000e+001 2.930e+000 0.000e+000 0.000e+000 0.000e+000 0.000e+000 0.000e+000 0.000e+000 0.000e+000 0.000e+000 0.000e+000 0.000e+000 0.000e+000 0.000e+000 0.000e+000 0.000e+000 0.000e+000 0.000e+000 0.000e+000
 8.130e+001 2.930e+000 0.000e+000 0.000e+000 0.000e+000 0.000e+000 0.000e+000 0.000e+000 0.000e+000 0.000e+000 0.000e+000 0.000e+000 0.000e+000 0.000e+000 0.000e+000 0.000e+000 0.000e+000 0.000e+000 0.000e+000
 8.250e+001 2.930e+000 2.400e+001 1.254e+003 7.364e+002-5.128e+001 7.525e+002 2.087e+003 1.520e+004-1.229e+002 1.936e+003-2.794e+002-4.699e+002 8.804e+001-2.799e+002-2.030e+002-6.354e+002-8.203e+001 1.799e+003
 8.380e+001 2.930e+000 0.000e+000 0.000e+000 0.000e+000 0.000e+000 0.000e+000 0.000e+000 0.000e+000 0.000e+000 0.000e+000 0.000e+000 0.000e+000 0.000e+000 0.000e+000 0.000e+000 0.000e+000 0.000e+000 0.000e+000
 8.500e+001 2.930e+000 2.400e+001 1.824e+003 1.030e+003-9.299e+001 9.451e+002 1.917e+003 1.436e+004 5.422e+001 1.230e+003-4.655e+002-4.534e+002 1.413e+002-3.065e+002-2.400e+002-5.134e+002-3.480e+001 1.214e+003
 8.630e+001 2.930e+000 0.000e+000 0.000e+000 0.000e+000 0.000e+000 0.000e+000 0.000e+000 0.000e+000 0.000e+000 0.000e+000 0.000e+000 0.000e+000 0.000e+000 0.000e+000 0.000e+000 0.000e+000 0.000e+000 0.000e+000
 8.750e+001 2.930e+000 2.400e+001 7.985e+002 5.140e+002-1.614e+001 4.091e+002 1.688e+003 1.561e+004-4.995e+001 1.302e+003-1.870e+002-3.465e+002 5.933e+001-1.453e+002-8.391e+001-5.712e+002-2.291e+001 7.335e+002
 8.880e+001 2.930e+000 0.000e+000 0.000e+000 0.000e+000 0.000e+000 0.000e+000 0.000e+000 0.000e+000 0.000e+000 0.000e+000 0.000e+000 0.000e+000 0.000e+000 0.000e+000 0.000e+000 0.000e+000 0.000e+000 0.000e+000
 9.000e+001 2.930e+000 0.000e+000 0.000e+000 0.000e+000 0.000e+000 0.000e+000 0.000e+000 0.000e+000 0.000e+000 0.000e+000 0.000e+000 0.000e+000 0.000e+000 0.000e+000 0.000e+000 0.000e+000 0.000e+000 0.000e+000
 9.130e+001 2.930e+000 2.400e+001 7.137e+002 1.354e+002 4.271e+000 4.053e+002 1.015e+003 1.194e+004-8.358e+001 9.123e+002-1.730e+002-2.158e+002 5.198e+001-1.312e+002 7.459e+001-5.166e+002-5.271e+001 8.639e+002
 9.250e+001 2.930e+000 0.000e+000 0.000e+000 0.000e+000 0.000e+000 0.000e+000 0.000e+000 0.000e+000 0.000e+000 0.000e+000 0.000e+000 0.000e+000 0.000e+000 0.000e+000 0.000e+000 0.000e+000 0.000e+000 0.000e+000
 9.380e+001 2.930e+000 2.400e+001 5.620e+002-2.065e+002-6.346e+000 2.444e+002 9.331e+002 1.109e+004-1.498e+002 1.610e+002-1.191e+002-1.547e+002 3.226e+001-6.621e+001 2.789e+001-3.395e+002-2.866e+001 4.536e+002
 9.500e+001 2.930e+000 0.000e+000 0.000e+000 0.000e+000 0.000e+000 0.000e+000 0.000e+000 0.000e+000 0.000e+000 0.000e+000 0.000e+000 0.000e+000 0.000e+000 0.000e+000 0.000e+000 0.000e+000 0.000e+000 0.000e+000
 9.630e+001 2.930e+000 2.400e+001 8.176e+002 4.612e+002-1.029e+001 3.705e+002 1.460e+003 1.110e+004-9.863e+000 5.448e+002-1.887e+002-3.408e+002 4.932e+001-9.845e+001 5.187e+001-1.107e+002-2.463e+001 4.994e+002
 9.750e+001 2.930e+000 0.000e+000 0.000e+000 0.000e+000 0.000e+000 0.000e+000 0.000e+000 0.000e+000 0.000e+000 0.000e+000 0.000e+000 0.000e+000 0.000e+000 0.000e+000 0.000e+000 0.000e+000 0.000e+000 0.000e+000
 9.880e+001 2.930e+000 0.000e+000 0.000e+000 0.000e+000 0.000e+000 0.000e+000 0.000e+000 0.000e+000 0.000e+000 0.000e+000 0.000e+000 0.000e+000 0.000e+000 0.000e+000 0.000e+000 0.000e+000 0.000e+000 0.000e+000
 1.000e+002 2.930e+000 5.400e+001 3.444e+003-2.307e+003 2.483e+002 2.648e+002 1.723e+003 2.132e+004-2.383e+002 4.796e+002-8.152e+002-2.558e+002 2.494e+002-1.337e+002 1.230e+003-8.541e+002-3.379e+002 1.256e+003
 1.130e+002 2.930e+000 4.800e+001 7.095e+002-1.537e+002-1.594e+001 5.270e+002 1.043e+003 1.720e+004-1.172e+002-2.737e+002-1.754e+002-1.653e+002 5.367e+001-1.691e+002-3.866e+001-4.811e+002-2.884e+001 1.165e+003
 1.250e+002 2.930e+000 3.900e+001 7.188e+002-1.304e+002-3.151e+001 6.635e+002 1.013e+003 1.362e+004-1.389e+002 5.332e+002-1.966e+002-2.827e+002 6.587e+001-2.228e+002-1.239e+002-5.970e+001-1.813e+001 1.194e+003
 1.380e+002 2.930e+000 7.500e+001 1.069e+003-2.502e+002-3.221e+001 9.075e+002 1.325e+003 2.823e+004-3.502e+002 9.566e+002-2.934e+002-2.893e+002 9.696e+001-3.133e+002-1.020e+002-1.560e+003-4.429e+001 1.731e+003
 1.500e+002 2.930e+000 5.100e+001 9.015e+002 9.736e+002-2.049e+001 8.878e+002-8.616e+001 3.401e+004 2.830e+002-2.235e+003-2.623e+002 1.132e+002 8.362e+001-2.971e+002-2.431e+002 1.793e+003 5.540e+001 1.543e+003
 1.630e+002 2.930e+000 4.200e+001 1.299e+003 1.751e+002-2.042e+001 1.405e+003 1.141e+003 1.436e+004-2.565e+001 3.591e+002-4.080e+002-3.345e+002 1.365e+002-4.745e+002 1.325e+002-6.868e+001-9.208e+001 2.234e+003
 1.750e+002 2.930e+000 5.400e+001 1.778e+003 7.192e+002-1.261e+001 1.608e+003 1.650e+003 2.910e+004-7.311e+000 5.759e+002-5.587e+002-4.932e+002 1.895e+002-5.496e+002 1.231e+002 6.468e+001-8.254e+001 2.407e+003
 1.880e+002 2.930e+000 5.700e+001 2.540e+003 3.742e+002-1.349e+002 2.279e+003 8.365e+003 6.804e+004-8.727e+002 5.632e+003-8.413e+002-3.012e+003 3.176e+002-8.050e+002 1.292e+002 6.089e+002-2.608e+002 3.847e+003
 2.000e+002 2.930e+000 5.400e+001 3.629e+004 1.277e+005-5.268e+003 1.362e+004 2.622e+005 2.954e+006-3.976e+003 2.568e+002-1.288e+004-1.156e+005 5.628e+003-1.873e+003 1.604e+004 1.799e+005-7.209e+003 1.797e+004
 2.130e+002 2.930e+000 6.000e+001 3.083e+003-2.282e+003-5.155e+001 4.015e+003-2.968e+003 3.784e+004-8.849e+002-7.191e+003-9.552e+002 7.205e+002 3.233e+002-1.315e+003-7.243e+002-3.213e+003 8.529e+001 7.354e+003
 2.250e+002 2.930e+000 1.080e+002 1.060e+004-1.816e+004 2.551e+001 1.338e+004-8.195e+003 7.598e+004-5.619e+003-1.820e+004-3.209e+003 2.431e+003 9.939e+002-4.127e+003-3.166e+003-2.165e+004 9.029e+002 1.975e+004
 2.380e+002 2.930e+000 9.600e+001 5.150e+004-1.086e+005 1.337e+002 6.422e+004-2.288e+004 2.862e+005-3.466e+004-6.509e+004-1.634e+004 7.312e+003 5.211e+003-2.045e+004-1.563e+004-1.312e+005 5.015e+003 8.700e+004
 2.500e+002 2.930e+000 9.600e+001 2.082e+006-4.501e+006-1.741e+002 2.604e+006-6.979e+005 1.085e+007-1.463e+006-2.195e+006-6.756e+005 2.384e+005 2.194e+005-8.457e+005-5.913e+005-5.479e+006 1.910e+005 3.431e+006
 2.630e+002 2.930e+000 9.600e+001 4.503e+004-9.134e+004-3.172e+002 5.469e+004-1.012e+004 2.468e+005-2.990e+004-3.636e+004-1.472e+004 4.090e+003 4.838e+003-1.803e+004-1.089e+004-1.092e+005 3.079e+003 7.091e+004
 2.750e+002 2.930e+000 1.140e+002 1.497e+004-2.574e+004-2.904e+002 1.712e+004-1.455e+003 1.029e+005-8.597e+003-8.186e+003-4.871e+003 1.161e+003 1.620e+003-5.729e+003-2.635e+003-3.058e+004 4.138e+002 2.186e+004
 2.880e+002 2.930e+000 9.300e+001 7.447e+003-1.910e+004-3.041e+002 9.544e+003-1.710e+003 1.907e+005-7.057e+003-4.788e+003-2.551e+003 2.345e+003 9.119e+002-3.375e+003 3.588e+001-2.974e+004-4.952e+002 1.391e+004
 3.000e+002 2.930e+000 9.000e+001 8.164e+003-4.323e+004-6.990e+002 1.120e+004 3.866e+004 4.898e+006-3.032e+004-3.497e+004-2.527e+003 2.972e+004 1.223e+003-5.093e+003-1.824e+003-3.184e+005-2.331e+003 3.215e+004
 3.130e+002 2.930e+000 9.000e+001 8.856e+003 3.003e+004-2.233e+002 9.043e+003 8.700e+003 2.123e+005 9.072e+003 1.390e+003-2.779e+003-2.851e+003 8.912e+002-2.877e+003 8.911e+002 2.694e+004-5.766e+002 1.070e+004
 3.250e+002 2.930e+000 1.200e+002 2.330e+004 5.905e+004-8.874e+002 2.611e+004 1.442e+004 2.119e+005 1.855e+004 1.759e+003-7.592e+003-6.913e+003 2.524e+003-8.369e+003 4.746e+003 6.722e+004-2.633e+003 3.178e+004
 3.380e+002 2.930e+000 9.600e+001 9.203e+004 2.227e+005-3.952e+003 1.038e+005 5.199e+004 6.009e+005 7.049e+004-2.284e+002-3.011e+004-2.654e+004 1.004e+004-3.300e+004 2.363e+004 2.632e+005-1.227e+004 1.244e+005
 3.500e+002 2.930e+000 9.600e+001 2.484e+006 5.848e+006-1.102e+005 2.867e+006 1.366e+006 1.461e+007 1.866e+006-1.317e+005-8.187e+005-7.094e+005 2.747e+005-9.127e+005 7.230e+005 7.143e+006-3.655e+005 3.520e+006
 3.630e+002 2.930e+000 9.600e+001 7.581e+004 1.689e+005-3.609e+003 8.830e+004 3.714e+004 4.333e+005 5.359e+004-7.383e+003-2.496e+004-2.013e+004 8.402e+003-2.808e+004 2.176e+004 2.061e+005-1.140e+004 1.101e+005
 3.750e+002 2.930e+000 1.200e+002 1.836e+004 3.764e+004-8.322e+002 2.087e+004 8.758e+003 1.235e+005 1.158e+004-2.173e+003-6.007e+003-4.405e+003 2.015e+003-6.644e+003 4.952e+003 4.375e+004-2.602e+003 2.615e+004
 3.880e+002 2.930e+000 9.300e+001 7.152e+003 1.142e+004-1.840e+002 7.842e+003 1.493e+003 5.211e+004 3.459e+003-2.119e+003-2.374e+003-6.842e+002 8.045e+002-2.569e+003 1.598e+003 1.203e+004-7.613e+002 9.646e+003
 4.000e+002 2.930e+000 8.700e+001 1.740e+004 5.230e+003 6.703e+002 2.236e+004-9.792e+003 5.144e+004 8.580e+002-1.596e+004-5.897e+003 3.314e+003 2.061e+003-7.421e+003-1.468e+003 6.553e+003 1.369e+003 3.032e+004
 4.130e+002 2.930e+000 9.600e+001 1.753e+003 1.835e+003-9.324e+001 2.242e+003 2.577e+001 4.602e+004 2.614e+002-3.233e+003-5.539e+002 4.356e+001 1.925e+002-7.145e+002 6.249e+002-5.006e+002-3.435e+002 4.023e+003
 4.250e+002 2.930e+000 8.100e+001 1.142e+003 2.975e+002-6.028e+001 1.518e+003-8.061e+002 4.031e+004-1.043e+002-3.616e+003-3.618e+002 3.882e+002 1.253e+002-4.911e+002 3.853e+002-1.826e+003-2.133e+002 2.730e+003
 4.380e+002 2.930e+000 8.700e+001 1.786e+003-1.617e+003-6.295e+001 2.840e+003-3.529e+003 5.780e+004-7.226e+002-8.693e+003-5.797e+002 1.394e+003 1.983e+002-9.332e+002 5.368e+002-6.261e+003-2.761e+002 5.403e+003
 4.500e+002 2.930e+000 9.600e+001 2.752e+004-1.102e+004-5.306e+002 5.031e+004-7.792e+004 3.358e+005-2.757e+003-1.477e+005-8.932e+003 2.622e+004 2.929e+003-1.633e+004 4.081e+003-3.814e+004-2.336e+003 9.418e+004
 4.630e+002 2.930e+000 9.000e+001 1.687e+003 2.492e+003-4.576e+001 2.404e+003 4.600e+002 6.382e+004 2.847e+002-1.798e+003-4.941e+002 1.928e+002 1.569e+002-7.353e+002 1.115e+002 1.214e+003-1.141e+002 3.988e+003
 4.750e+002 2.930e+000 5.700e+001 4.530e+002 3.718e+002-2.718e+001 6.000e+002 1.435e+003 5.711e+004-4.334e+002 4.711e+002-1.279e+002-7.813e+001 4.643e+001-2.119e+002-4.601e+001-2.037e+003-3.583e+001 1.175e+003
 4.880e+002 2.930e+000 7.200e+001 7.485e+002 3.079e+002-7.395e+001 9.445e+002 3.796e+003 1.005e+005-8.837e+002 1.179e+003-2.074e+002-4.620e+002 7.724e+001-3.296e+002-5.421e+001-3.844e+003-9.711e+001 1.807e+003
 5.000e+002 2.930e+000 9.600e+001 2.169e+004 3.173e+004-1.857e+003 3.343e+004 1.980e+004 2.559e+005 6.310e+003 1.103e+004-6.420e+003-7.242e+003 2.084e+003-9.492e+003 6.368e+003 4.465e+004-4.765e+003 5.487e+004
 5.130e+002 2.930e+000 1.050e+002 1.727e+003-4.820e+003-5.110e+001 3.306e+003-1.159e+004 3.575e+005-3.084e+003-3.378e+004-6.469e+002 6.343e+003 2.703e+002-1.400e+003 7.731e+002-2.861e+004-4.114e+002 8.475e+003
 5.250e+002 2.930e+000 8.100e+001 8.242e+002-9.047e+003-1.289e+001 2.289e+003-1.244e+004 7.215e+005-7.085e+003-5.116e+004-4.157e+002 9.716e+003 2.544e+002-1.471e+003 4.779e+002-5.695e+004-3.345e+002 9.309e+003
 5.380e+002 2.930e+000 9.600e+001 1.499e+003-3.529e+004-4.125e+001 6.298e+003-3.986e+004 3.862e+006-3.666e+004-2.421e+005-1.050e+003 4.519e+004 9.631e+002-5.972e+003 9.423e+002-2.915e+005-1.189e+003 3.920e+004
 5.500e+002 2.930e+000 9.600e+001 2.781e+004-1.163e+006-2.555e+003 1.698e+005-1.107e+006 1.497e+008-1.382e+006-9.012e+006-2.673e+004 1.678e+006 3.281e+004-2.086e+005 1.031e+004-1.100e+007-3.938e+004 1.382e+006
 5.630e+002 2.930e+000 1.200e+002 1.217e+003-3.606e+004-1.714e+002 5.134e+003-2.219e+004 4.963e+006-4.514e+004-2.728e+005-8.413e+002 5.070e+004 1.029e+003-6.463e+003-4.899e+002-3.546e+005-1.119e+003 4.285e+004
 5.750e+002 2.930e+000 9.600e+001 3.806e+002-3.750e+003-4.169e+001 7.928e+002-2.190e+002 7.137e+005-5.811e+003-3.434e+004-1.493e+002 6.379e+003 1.446e+002-8.723e+002-1.493e+002-4.829e+004-1.739e+002 5.969e+003
 5.880e+002 2.930e+000 8.100e+001 3.188e+002-9.571e+002-2.220e+001 4.902e+002 1.140e+003 2.867e+005-2.042e+003-1.191e+004-9.887e+001 2.162e+003 6.515e+001-3.692e+002-8.627e+001-1.713e+004-6.619e+001 2.494e+003
 6.000e+002 2.930e+000 9.900e+001 1.633e+003 4.733e+003-1.700e+001 2.567e+003 5.269e+003 2.316e+005-2.330e+002-1.639e+003-3.782e+002 6.729e+002 1.184e+002-7.539e+002 1.855e+001-3.229e+003-7.619e+001 5.419e+003
 6.130e+002 2.930e+000 8.700e+001 4.754e+002 3.909e+003 1.414e+001 5.219e+002 1.593e+003 1.364e+005 2.869e+002-3.229e+003-1.078e+002 6.663e+002 3.933e+001-1.888e+002 1.083e+002 5.671e+002-2.393e+001 1.162e+003
 6.250e+002 2.930e+000 9.000e+001 6.633e+002 5.674e+003 2.178e+001 7.832e+002 2.400e+003 1.328e+005 8.523e+002-1.508e+003-1.462e+002 3.398e+002 4.411e+001-2.261e+002 1.707e+002 4.447e+003-1.930e+001 1.395e+003
 6.380e+002 2.930e+000 9.600e+001 2.561e+003 2.115e+004 1.117e+002 3.516e+003 8.731e+003 2.667e+005 5.005e+003 4.398e+003-6.123e+002-4.463e+002 1.642e+002-9.171e+002 5.850e+002 2.870e+004 7.872e+000 5.479e+003
 6.500e+002 2.930e+000 1.200e+002 1.576e+005 1.154e+006 7.692e+003 2.494e+005 3.599e+005 9.489e+006 3.296e+005 2.547e+005-4.270e+004-3.743e+004 1.203e+004-6.969e+004 4.249e+004 1.917e+006 6.094e+002 4.070e+005
 6.630e+002 2.930e+000 9.300e+001 1.709e+003 9.732e+003 6.690e+001 2.815e+003 1.905e+003 8.311e+004 2.672e+003-1.058e+003-4.801e+002 9.247e+001 1.429e+002-8.374e+002 4.347e+002 1.541e+004-1.768e+001 5.175e+003
 6.750e+002 2.930e+000 7.500e+001 4.207e+002 1.638e+003 1.088e+001 7.001e+002 6.594e+001 2.160e+004 3.737e+002-1.251e+003-1.235e+002 1.586e+002 3.983e+001-2.245e+002 8.640e+001 2.287e+003-6.555e+000 1.415e+003
 6.880e+002 2.930e+000 7.800e+001 2.360e+002 4.695e+002-2.422e-001 4.214e+002-2.339e+002 1.326e+004 5.293e+001-1.445e+003-6.922e+001 1.869e+002 2.316e+001-1.392e+002 4.371e+001 1.702e+002-1.521e+001 9.995e+002
 7.000e+002 2.930e+000 9.000e+001 3.041e+003 3.261e+003 1.858e+002 5.592e+003 9.319e+002 1.689e+004 8.644e+002 1.753e+003-8.383e+002 8.682e+001 2.482e+002-1.495e+003-8.834e+002 4.706e+003 5.780e+002 1.090e+004
 7.130e+002 2.930e+000 7.200e+001 1.825e+002 4.282e+002 1.953e+000 2.693e+002 2.850e+001 9.598e+003 7.633e+001-6.289e+002-5.553e+001 8.917e+001 1.926e+001-9.379e+001 2.237e+001 1.783e+002-5.523e+000 5.753e+002
 7.250e+002 2.930e+000 5.700e+001 8.495e+001 1.030e+002 5.665e-001 1.106e+002 3.988e+001 5.916e+003-4.633e+000-1.603e+002-2.474e+001 3.717e+001 8.436e+000-3.700e+001-2.868e+000-9.171e+001 7.162e-001 2.159e+002
 7.380e+002 2.930e+000 5.100e+001 6.780e+001 3.912e+001-5.959e-001 1.067e+002-6.789e+001 4.499e+003-1.586e+001-3.008e+002-2.113e+001 6.255e+001 7.667e+000-3.677e+001 5.442e+000-1.026e+002-4.115e+000 2.366e+002
 7.500e+002 2.930e+000 1.050e+002 1.129e+003 5.674e+002 1.219e+001 1.709e+003-3.847e+003 4.985e+004-7.622e+001-8.292e+003-3.187e+002 1.818e+003 1.225e+002-6.434e+002 7.076e+002-4.976e+003-2.654e+002 4.362e+003
 7.630e+002 2.930e+000 4.500e+001 6.200e+001 7.445e+001 1.201e+000 9.444e+001-6.361e+001 3.852e+003-1.209e+001-3.193e+002-1.947e+001 6.575e+001 7.355e+000-3.405e+001 1.838e+001-6.044e+001-5.179e+000 2.249e+002
 7.750e+002 2.930e+000 5.400e+001 6.585e+001 7.066e+001-1.407e-001 9.110e+001-1.024e+001 3.268e+003-7.913e+000-2.147e+002-1.945e+001 4.403e+001 7.095e+000-3.141e+001 1.001e+001-5.933e+001-4.661e+000 1.985e+002
 7.880e+002 2.930e+000 7.200e+001 1.763e+002 3.315e+002 8.295e-001 2.784e+002-6.100e+001 3.998e+003 7.199e+001-2.968e+002-5.257e+001 5.630e+001 1.694e+001-8.709e+001 8.113e+000 4.451e+002-2.224e+000 5.395e+002
 8.000e+002 2.930e+000 9.600e+001 1.488e+003 6.522e+003-4.125e+001 2.242e+003 4.328e+003 5.238e+004 1.716e+003 5.676e+003-4.228e+002-1.352e+003 1.286e+002-6.612e+002 1.690e+002 1.047e+004-1.158e+002 3.719e+003
 8.130e+002 2.930e+000 4.200e+001 4.491e+001 1.265e+002 3.889e-002 7.187e+001-2.102e+001 3.558e+003 5.527e+000-1.905e+002-1.239e+001 3.987e+001 4.611e+000-2.335e+001 5.393e+000 1.477e+002-2.175e+000 1.664e+002
 8.250e+002 2.930e+000 5.100e+001 1.258e+002 4.805e+002 6.469e+000 1.984e+002-2.266e+001 5.064e+003 1.006e+002-2.593e+002-3.364e+001 7.020e+001 1.067e+001-5.716e+001 1.273e+001 6.517e+002 5.517e+000 3.884e+002
 8.380e+002 2.930e+000 1.110e+002 6.892e+002 1.271e+003 7.638e+001 5.142e+002 8.180e+002 3.108e+004 1.092e+003-1.628e+003-6.094e+001 5.940e+002 7.121e+001-4.016e+002 3.199e+002 7.430e+003 8.004e+001 2.662e+003
 8.500e+002 2.930e+000 8.100e+001 6.693e+004 4.200e+005 7.119e+003 1.022e+005-9.436e+004 2.814e+006 1.046e+005-2.531e+005-1.835e+004 7.113e+004 5.807e+003-2.992e+004 1.737e+004 6.132e+005 6.040e+003 1.613e+005
 8.630e+002 2.930e+000 7.200e+001 3.156e+002 1.328e+003 1.177e+001 5.089e+002-3.286e+001 1.047e+004 3.028e+002-6.570e+002-8.701e+001 1.210e+002 2.729e+001-1.505e+002 1.052e+002 1.951e+003-1.291e+001 9.569e+002
 8.750e+002 2.930e+000 5.700e+001 1.687e+002 7.093e+002 5.511e+000 2.739e+002 5.753e+001 6.026e+003 1.550e+002-9.380e+001-4.253e+001 4.482e+001 1.244e+001-7.179e+001 1.599e+001 1.066e+003 3.151e+000 5.244e+002
 8.880e+002 2.930e+000 8.700e+001 1.670e+002 5.225e+002 4.383e+000 2.791e+002 2.007e+001 8.107e+003 1.550e+002-3.503e+002-4.087e+001 7.336e+001 1.648e+001-1.003e+002 2.843e+001 1.385e+003-7.389e+000 8.312e+002
 9.000e+002 2.930e+000 6.000e+001 2.685e+002 1.946e+003 1.611e+001 4.183e+002 5.581e+001 2.896e+004 4.891e+002-1.883e+003-7.467e+001 2.946e+002 2.675e+001-1.498e+002 1.402e+002 2.154e+003-4.268e+001 1.239e+003
 9.130e+002 2.930e+000 6.000e+001 5.475e+002 2.573e+003 1.963e+001 1.129e+003-2.457e+001 2.279e+004 7.167e+002-1.126e+003-1.446e+002 1.186e+002 4.098e+001-3.146e+002-1.775e+000 7.300e+003 2.664e+001 3.106e+003
 9.250e+002 2.930e+000 7.500e+001 5.522e+002 2.529e+003 2.651e+001 1.032e+003-2.915e+001 1.650e+004 6.224e+002-2.452e+002-1.466e+002 1.968e+002 4.324e+001-2.790e+002 1.253e+001 4.579e+003 3.476e+001 2.113e+003
 9.380e+002 2.930e+000 1.110e+002 8.342e+002 3.537e+003 5.871e+001 1.396e+003 4.098e+002 3.434e+004 1.929e+003-4.073e+003-2.442e+002 1.483e+002 1.456e+002-8.421e+002 6.590e+002 1.136e+004-2.668e+002 5.772e+003
 9.500e+002 2.930e+000 9.000e+001 7.348e+004 3.622e+005-2.492e+002 1.452e+005-3.392e+004 1.855e+006 1.273e+005-3.345e+005-2.585e+004 1.185e+004 9.130e+003-5.096e+004 5.367e+004 6.861e+005-1.951e+004 3.276e+005
 9.630e+002 2.930e+000 7.800e+001 4.883e+002 2.075e+003-1.645e-001 8.710e+002-3.558e+002 1.286e+004 6.477e+002-2.040e+003-1.574e+002 1.744e+002 5.369e+001-2.832e+002 2.706e+002 3.150e+003-1.038e+002 1.920e+003
 9.750e+002 2.930e+000 7.800e+001 2.350e+002 1.027e+003-7.999e-001 4.225e+002-2.489e+001 7.279e+003 2.425e+002-1.695e+002-6.035e+001 5.150e+001 1.795e+001-1.075e+002 2.087e+001 1.643e+003-2.021e+001 9.528e+002
 9.880e+002 2.930e+000 7.200e+001 1.876e+002 5.821e+002 7.330e+000 2.325e+002 1.597e+002 9.084e+003 2.578e+002 3.738e+001-3.309e+001 3.962e+001 1.661e+001-1.054e+002-7.050e+000 1.960e+003-8.359e+000 1.004e+003
 1.000e+003 2.930e+000 2.370e+002 1.777e+003 1.561e+004 7.849e+001 3.479e+003 2.488e+003 2.073e+005 3.664e+003 3.993e+003-3.379e+002 1.596e+002 9.743e+001-8.645e+002 4.754e+001 4.562e+004-3.918e+001 1.297e+004
 1.130e+003 2.930e+000 7.080e+002 1.357e+004 6.248e+004 9.689e+001 3.689e+004 5.313e+004 6.083e+005 1.846e+004 1.006e+005-3.705e+003-1.476e+004 1.082e+003-1.080e+004 9.851e+003 2.359e+005-2.702e+003 1.203e+005
 1.250e+003 2.930e+000 6.120e+002 2.701e+003 2.721e+004 2.067e+002 4.889e+003 9.170e+003 3.984e+005 7.554e+003-2.206e+004-6.150e+002 1.104e+002 1.821e+002-1.579e+003 3.479e+003 7.857e+004-5.694e+002 1.974e+004
 1.380e+003 2.930e+000 7.260e+002 2.822e+003 2.120e+004 9.740e+001 6.280e+003 1.093e+004 2.866e+005 4.973e+003 1.641e+003-5.343e+002-1.563e+003 1.248e+002-1.490e+003 2.840e+003 8.106e+004-4.267e+002 2.423e+004
 1.500e+003 2.930e+000 6.000e+001 3.976e+002 2.059e+003 2.392e+001 5.432e+002 2.375e+003 4.829e+004 7.410e+002 2.425e+003-5.467e+001-4.006e+002 1.722e+001-2.101e+002 4.858e+002 1.148e+004-6.249e+001 3.204e+003
 1.630e+003 2.930e+000 7.200e+001 9.178e+002-3.832e+002 5.529e+001 3.710e+002 3.962e+003 7.598e+004 6.914e+002 8.144e+003-3.892e+001-7.424e+002 1.572e+001-2.524e+002 1.087e+003 1.754e+004-1.021e+002 5.082e+003
 1.750e+003 2.930e+000 4.800e+001 6.860e+002 1.219e+004-7.665e+001 3.688e+003 5.902e+003 3.822e+005 3.178e+003 4.098e+004-1.662e+002-3.808e+003 6.624e+001-1.193e+003 1.045e+002 9.312e+004-5.924e+002 2.723e+004
 1.880e+003 2.930e+000 7.200e+001 1.307e+003 5.721e+003-8.341e+000 3.311e+003 1.635e+004 4.977e+005 2.148e+003 6.127e+004-2.395e+002-6.274e+003 9.270e+001-1.217e+003 2.496e+003 9.948e+004-1.006e+003 2.791e+004
 2.000e+003 2.930e+000 7.200e+001 1.596e+003 1.885e+004-2.740e+002 6.758e+003 2.208e+004 8.754e+005-1.083e+003 1.230e+005-2.634e+002-1.204e+004 1.859e+002-1.523e+003 1.395e+003 1.671e+005-2.508e+003 4.971e+004
 2.130e+003 2.930e+000 4.500e+001 5.308e+002 3.991e+003-8.109e+001 1.282e+003 3.550e+003 1.693e+005-1.059e+003 2.651e+004-2.923e+001-2.507e+003 4.855e+001-2.192e+002-6.152e+000 2.959e+004-6.262e+002 9.508e+003
 2.250e+003 2.930e+000 5.700e+001 2.150e+002 4.577e+002-7.650e+000 1.102e+002 6.144e+001 6.308e+004-5.144e+002 9.752e+003-1.195e+000-8.364e+002 2.015e+001-7.536e+001-5.580e+001 9.333e+003-2.187e+002 3.077e+003
 2.380e+003 2.930e+000 5.700e+001 2.095e+002 8.917e+002-4.299e+001 5.704e+002 1.281e+003 1.004e+005-9.583e+002 1.660e+004-3.302e+001-1.217e+003 3.945e+001-1.479e+002 5.874e+001 1.414e+004-3.998e+002 5.511e+003
 2.500e+003 2.930e+000 3.600e+001 7.292e+001 8.873e+001-4.526e+000 5.825e+001 1.887e+001 5.811e+003-5.559e+001 5.775e+002-5.285e+000-2.107e+001 4.405e+000-1.402e+001-3.080e+000 4.627e+002-2.037e+001 2.271e+002
 2.630e+003 2.930e+000 4.800e+001 5.073e+001-4.738e+000-2.701e+000 2.648e+001 1.294e+002 4.805e+003-5.393e+001 6.154e+002-1.341e+000-3.911e+001 2.164e+000-5.102e+000 9.550e+000 5.216e+002-1.479e+001 1.843e+002
 2.750e+003 2.930e+000 3.900e+001 2.649e+001-1.479e+002-9.297e-001-2.067e+001-8.106e+001 5.731e+003 6.294e+000 1.824e+002-5.261e-001 2.238e+001 1.047e+000-4.397e+000-5.988e+000 8.004e+002 9.820e-001 1.463e+002
 2.880e+003 2.930e+000 3.600e+001 2.196e+001-5.281e-001 3.818e-001 5.727e+000 2.480e+001 2.010e+003-1.184e+001 2.580e+002-7.437e-001-1.665e+001 5.761e-001-2.677e+000 8.140e+000 2.771e+002-4.988e+000 9.407e+001
 3.000e+003 2.930e+000 4.200e+001 3.381e+001-5.591e+001 3.986e-001 1.111e+001 2.189e+002 5.793e+003 2.284e+001 5.765e+002-2.313e-001-2.726e+001 6.288e-001-9.520e+000 5.696e+001 1.357e+003-5.009e+000 3.954e+002
 3.130e+003 2.930e+000 3.600e+001 2.009e+001-9.315e+001 1.629e+000-1.697e+001 6.168e+000 2.641e+003 7.046e+000 3.310e+002-1.810e-001-3.190e+001 8.081e-001-7.617e+000 1.564e+001 5.205e+002-6.153e+000 1.621e+002
 3.250e+003 2.930e+000 3.600e+001 3.507e+001-1.227e+002 2.874e+000-2.214e+000 1.531e+002 4.910e+003 3.271e+001 4.941e+002-1.311e+000-5.450e+001 1.382e+000-1.532e+001 4.286e+001 1.018e+003-9.189e+000 2.878e+002
 3.380e+003 2.930e+000 4.800e+001 8.572e+001 1.132e+002 5.839e+000 7.283e+001 5.739e+002 1.679e+004 1.211e+002 1.201e+003-4.524e+000-5.859e+001 2.999e+000-4.195e+001 1.298e+002 3.625e+003-8.430e+000 9.538e+002
 3.500e+003 2.930e+000 6.600e+001 4.132e+002 3.626e+003-4.647e+001 1.840e+003 7.445e+003 2.120e+005-1.732e+001 3.233e+004-1.019e+002-2.883e+003 4.175e+001-4.558e+002 9.309e+002 4.136e+004-5.704e+002 1.317e+004
 3.630e+003 2.930e+000 3.600e+001 2.640e+002 3.003e+003 8.251e+000 9.499e+002 8.822e+002 4.655e+004 6.423e+002 2.033e+003-5.327e+001-9.633e+001 1.389e+001-2.199e+002 1.525e+002 1.304e+004-8.251e+000 4.028e+003
 3.750e+003 2.930e+000 5.100e+001 5.204e+001 2.841e+002-6.432e-001 9.573e+001 2.324e+002 1.074e+004 1.082e+002 9.316e+002-3.820e+000-6.458e+001 3.186e+000-4.753e+001 2.418e+001 2.883e+003-1.190e+001 9.691e+002
 3.880e+003 2.930e+000 4.500e+001 9.725e+001 1.166e+003 5.715e+000 4.542e+002 1.037e+003 4.983e+004 4.730e+002 4.874e+003-2.299e+001-3.522e+002 8.720e+000-1.805e+002 2.131e+002 1.384e+004-5.500e+001 4.466e+003
 4.000e+003 2.930e+000 3.900e+001 3.981e+001 3.453e+002-1.409e+000 1.412e+002 1.902e+002 2.350e+004 1.311e+002 3.093e+003-6.916e+000-1.431e+002 2.813e+000-6.456e+001 1.561e+001 6.026e+003-2.757e+001 2.176e+003
 4.130e+003 2.930e+000 6.300e+001 1.340e+002 1.491e+003 4.094e+000 6.863e+002 3.236e+003 1.250e+005 5.300e+002 1.183e+004-2.519e+001-6.660e+002 6.442e+000-1.973e+002 6.376e+002 3.048e+004-1.142e+002 8.609e+003
 4.250e+003 2.930e+000 6.300e+001 1.816e+002 2.646e+003-2.276e+001 9.153e+002 8.293e+002 5.557e+004 4.935e+002 6.889e+003-3.401e+001-5.514e+002 1.102e+001-2.241e+002-1.102e+002 1.649e+004-1.054e+002 5.837e+003
 4.380e+003 2.930e+000 4.200e+001 8.388e+001 1.085e+003-5.085e+000 2.827e+002-1.050e+002 1.916e+004 1.256e+002 1.747e+003-7.317e+000-8.523e+001 1.411e+000-4.245e+001-1.255e+002 5.106e+003-1.161e+001 1.531e+003
 4.500e+003 2.930e+000 5.100e+001 2.581e+001 5.498e+001-9.629e-001-2.144e+001-3.230e+002 1.916e+004 9.469e+001 2.229e+003 9.278e-001-1.188e+002 1.624e+000-4.158e+001-7.714e+001 4.900e+003-2.039e+001 1.551e+003
 4.630e+003 2.930e+000 3.900e+001 1.417e+001 1.884e+002-8.466e-001 4.619e+001-5.722e+001 5.241e+003 3.822e+001 4.367e+002-1.340e+000-1.051e+001 3.757e-001-1.149e+001-3.108e+001 1.404e+003 1.348e-001 4.178e+002
 4.750e+003 2.930e+000 4.500e+001 1.986e+001-1.202e+002-2.021e+000-4.556e+001-1.530e+002 5.611e+003 5.119e+001 5.373e+002 1.121e+000-1.229e+001 6.682e-001-1.655e+001-3.552e+001 1.583e+003 1.013e+000 5.086e+002
 4.880e+003 2.930e+000 5.100e+001 7.320e+000-3.010e+001 3.226e-001 6.724e+000 6.561e+001 6.513e+003 1.499e+001 1.184e+003-7.820e-001-6.128e+001 7.003e-001-1.538e+001 2.235e+001 1.623e+003-1.294e+001 6.289e+002
 5.000e+003 2.930e+000 5.700e+001 1.694e+001-3.984e+001-2.282e-001-1.337e+001-2.058e+001 2.500e+003 2.270e+001 2.671e+002 7.004e-001-9.483e+000 3.263e-001-8.203e+000-3.948e-001 7.403e+002-4.018e-001 2.573e+002
 5.130e+003 2.930e+000 3.300e+001 4.413e+000-1.214e+001-2.234e-003 6.738e+000 3.709e+001 1.593e+003-8.526e-001 3.584e+002-4.070e-001-1.861e+001 2.876e-001-4.386e+000 1.214e+001 4.208e+002-5.562e+000 2.013e+002
 5.250e+003 2.930e+000 3.900e+001 4.299e+000-1.630e+001 1.073e-001-6.460e+000 4.674e+000 9.284e+002 1.471e+001 7.919e+001 4.774e-001-9.238e+000 4.553e-001-7.179e+000 3.448e-001 3.401e+002-2.771e+000 1.464e+002
 5.380e+003 2.930e+000 4.500e+001 6.984e+000 2.471e+001-3.210e-001 2.179e+001 5.136e+001 1.617e+003 1.384e+001 2.541e+002-1.162e+000-1.670e+001 5.174e-001-8.030e+000 1.681e+001 5.588e+002-5.065e+000 2.509e+002
 5.500e+003 2.930e+000 3.900e+001 1.176e+001 2.400e+001 1.161e+000 1.455e+001 6.751e+001 8.252e+002 1.413e+001 6.741e+001-1.433e+000-1.085e+001 4.665e-001-7.329e+000 3.095e+001 3.550e+002-3.987e+000 1.666e+002
 5.630e+003 2.930e+000 6.900e+001 1.662e+001 1.839e+002-4.811e-001 7.808e+001 7.622e+001 4.516e+003 8.098e+001 3.976e+002-4.563e+000-4.463e+001 2.118e+000-3.591e+001 1.393e+001 1.727e+003-1.057e+001 7.095e+002
 5.750e+003 2.930e+000 6.600e+001 9.295e+000 4.624e+001 5.522e-002 3.564e+001 1.009e+002 3.011e+003 2.126e+001 4.690e+002-2.164e+000-4.254e+001 1.013e+000-1.548e+001 2.941e+001 1.026e+003-1.257e+001 4.489e+002
 5.880e+003 2.930e+000 3.900e+001 1.331e+001 2.198e+001 6.891e-001 2.226e+001 7.930e+001 1.261e+003 1.213e+001 1.931e+002-1.956e+000-2.015e+001 5.555e-001-7.962e+000 2.880e+001 4.379e+002-5.660e+000 1.910e+002
 6.000e+003 2.930e+000 7.200e+001 2.592e+001 1.385e+002-1.793e+000 9.348e+001 2.375e+002 6.496e+003 5.227e+001 9.500e+002-6.643e+000-1.080e+002 3.109e+000-3.693e+001 5.285e+001 2.214e+003-3.250e+001 9.403e+002
 6.130e+003 2.930e+000 4.500e+001 4.648e+000 2.509e+001-1.194e-001 1.301e+001 3.369e+001 1.019e+003 4.996e+000 1.027e+002-6.919e-001-7.211e+000 2.206e-001-2.879e+000 6.368e+000 2.686e+002-1.921e+000 9.215e+001
 6.250e+003 2.930e+000 3.000e+001 2.145e+000 3.312e+000-1.847e-001 4.241e+000 2.752e+001 6.918e+002-2.193e+000 7.454e+001-3.649e-001-7.480e+000 2.165e-001-1.091e+000 4.814e+000 1.414e+002-2.176e+000 4.677e+001
 6.380e+003 2.930e+000 4.200e+001 2.604e+000 8.231e+000 4.799e-002 4.589e+000 3.179e+001 9.693e+002 4.199e+000 7.238e+001 5.779e-003-1.064e-001 1.472e-001-1.492e+000 5.444e+000 2.097e+002-2.152e-001 5.875e+001
 6.500e+003 2.930e+000 3.000e+001 1.533e+000 7.378e+000-5.709e-002 3.146e+000 1.004e+001 3.516e+002 1.592e+000 3.973e+001-1.904e-003-9.805e-001 5.859e-002-7.833e-001 1.029e+000 9.616e+001-2.631e-001 3.489e+001
 6.630e+003 2.930e+000 3.000e+001 1.280e+000 7.021e+000 2.129e-001 2.598e+000 1.339e+001 5.110e+002 5.861e+000 2.129e+001-4.998e-002 3.657e-001 1.678e-001-2.379e+000 3.898e+000 1.634e+002-2.734e-002 6.106e+001
 6.750e+003 2.930e+000 4.200e+001 1.622e+000 9.024e+000-1.250e-001 3.947e+000 3.729e+000 5.694e+002 3.854e+000 5.077e+001-7.550e-002-1.458e+000 1.689e-001-1.928e+000-6.254e-002 1.590e+002-6.372e-001 5.990e+001
 6.880e+003 2.930e+000 3.600e+001 1.533e+000 1.141e+001 8.711e-002 4.059e+000 9.406e+000 6.678e+002 7.354e+000 4.103e+001-1.805e-001-2.820e+000 2.529e-001-3.729e+000 2.229e+000 2.194e+002-1.193e+000 8.990e+001
 7.000e+003 2.930e+000 3.900e+001 1.624e+000 1.339e+001 2.226e-002 4.205e+000 2.153e+000 5.215e+002 2.622e+000 6.323e+001-3.578e-002-2.136e+000 1.523e-001-1.890e+000-1.020e+000 1.601e+002-8.866e-001 6.724e+001
 7.130e+003 2.930e+000 4.500e+001 1.829e+000 1.116e+001-6.369e-002 4.923e+000 3.967e+000 4.193e+002 5.069e+000 3.277e+001-2.077e-001-1.686e+000 2.319e-001-3.082e+000 7.078e-001 1.537e+002-1.025e+000 7.453e+001
 7.250e+003 2.930e+000 3.600e+001 1.487e+000-1.743e+000 3.452e-002-4.677e-001 1.534e+000 1.908e+002 8.562e-001 1.739e+001 5.532e-002-1.128e+000 2.057e-001-1.349e+000 5.673e-001 5.403e+001-1.412e+000 3.342e+001
 7.380e+003 2.930e+000 3.300e+001 1.084e+000 2.843e+000 1.067e-001 1.768e+000 7.102e+000 3.037e+002 3.511e+000 3.187e+001-5.781e-002-1.442e+000 1.661e-001-2.137e+000 2.366e+000 1.089e+002-1.008e+000 5.787e+001
 7.500e+003 2.930e+000 3.900e+001 2.445e+000 3.241e+001 2.913e-001 1.060e+001 7.525e+000 1.005e+003 1.161e+001 1.706e+001-3.916e-001 6.390e+000 3.583e-001-4.862e+000 2.243e+000 3.076e+002 9.456e-001 1.202e+002
 7.630e+003 2.930e+000 4.200e+001 1.823e+000 1.029e+001 1.658e-001 4.473e+000 7.594e+000 2.992e+002 2.388e+000 3.062e+001-2.337e-001-1.377e+000 3.487e-001-3.027e+000 3.046e+000 1.049e+002-1.864e+000 6.617e+001
 7.750e+003 2.930e+000 3.300e+001 1.033e+000 5.154e+000 2.067e-001 1.868e+000 3.512e+000 2.487e+002 2.350e+000 1.794e+001-1.882e-001-9.693e-001 3.234e-001-2.678e+000 2.881e+000 9.235e+001-2.075e+000 6.260e+001
 7.880e+003 2.930e+000 5.100e+001 3.604e+000 1.788e+001-4.156e-001 1.687e+001 2.080e+001 1.095e+003 3.898e+000 2.539e+002-8.464e-001-2.637e+001 1.771e+000-1.406e+001 5.606e+000 5.071e+002-1.888e+001 3.922e+002
 8.000e+003 2.930e+000 7.200e+001 5.129e+000 2.350e+000-1.200e+000 4.838e+001 9.434e+001 5.320e+003-8.106e+001 2.448e+003-5.433e+000-2.523e+002 1.522e+001-8.471e+001 5.567e+001 2.743e+003-1.813e+002 2.706e+003
 8.130e+003 2.930e+000 3.600e+001 1.943e+000 7.611e+000 7.059e-002 5.767e+000 8.610e+000 3.585e+002 1.194e+000 8.390e+001-4.022e-001-7.776e+000 8.723e-001-6.453e+000 4.381e+000 1.754e+002-7.961e+000 1.636e+002
 8.250e+003 2.930e+000 3.900e+001 1.253e+000 1.043e+001 2.366e-001 4.596e+000 1.152e+001 2.951e+002 5.658e+000-2.861e+000-2.013e-001-2.672e-001 3.945e-001-4.513e+000 5.590e+000 1.302e+002-2.191e+000 9.299e+001
 8.380e+003 2.930e+000 4.200e+001 2.932e+000 3.419e+001 1.629e-001 1.324e+001 6.901e+000 1.065e+003 1.116e+001 8.564e+001-4.293e-001-1.775e+000 4.364e-001-6.818e+000 1.817e+000 4.289e+002-1.996e+000 2.192e+002
 8.500e+003 2.930e+000 3.000e+001 1.010e+000 3.829e+000 1.948e-001 2.080e+000 1.545e+001 6.180e+002 8.375e+000 2.649e+001 5.388e-002 4.991e-001 2.933e-001-4.612e+000 5.327e+000 2.546e+002-5.932e-001 1.279e+002
 8.630e+003 2.930e+000 3.900e+001 1.076e+000 1.514e+001-7.146e-002 5.262e+000-5.747e+000 9.817e+002 1.003e+001 7.545e+001-1.206e-001-9.483e-001 3.842e-001-5.772e+000-4.132e+000 3.774e+002-1.811e+000 1.871e+002
 8.750e+003 2.930e+000 3.600e+001 1.108e+000 6.690e+000 2.150e-002 4.295e+000 1.000e+001 2.747e+002 2.801e+000 1.157e+001-1.319e-001-2.910e-001 2.195e-001-2.423e+000 3.838e+000 1.089e+002-1.504e+000 6.939e+001
 8.880e+003 2.930e+000 3.300e+001 1.185e+000 1.158e+001 3.180e-001 3.791e+000 1.167e+001 4.203e+002 7.065e+000-1.533e+001-1.088e-001 3.196e+000 3.207e-001-4.025e+000 5.005e+000 1.668e+002-3.660e-001 8.800e+001
 9.000e+003 2.930e+000 4.200e+001 2.354e+000 3.197e+001 1.013e-001 1.449e+001 1.858e+001 8.136e+002 9.249e+000 2.332e+001-3.922e-001-3.342e+000 3.709e-001-6.044e+000 7.268e+000 3.718e+002-2.804e+000 1.999e+002
 9.130e+003 2.930e+000 4.200e+001 2.544e+000 1.638e+001 4.035e-001 6.501e+000 2.078e+001 4.556e+002 6.499e+000-3.789e+000-1.761e-001 8.557e-001 3.162e-001-4.076e+000 8.641e+000 1.820e+002-1.530e+000 1.059e+002
 9.250e+003 2.930e+000 3.600e+001 1.672e+000 2.589e+001 1.625e-002 9.464e+000 6.866e+000 6.019e+002 1.974e+000 2.855e+001-6.048e-002 7.083e-001 2.629e-001-2.395e+000 5.821e-001 2.024e+002-1.488e+000 1.000e+002
 9.380e+003 2.930e+000 4.500e+001 1.780e+000 1.570e+001 7.742e-002 8.273e+000 1.623e+001 4.649e+002 4.528e+000 2.352e+001-3.232e-001-3.843e+000 3.452e-001-4.039e+000 7.197e+000 2.104e+002-3.748e+000 1.338e+002
 9.500e+003 2.930e+000 3.900e+001 1.864e+000 1.314e+001 4.683e-003 5.686e+000 9.140e+000 3.454e+002 2.371e+000 2.919e+001-1.580e-001-1.965e+000 2.224e-001-2.306e+000 2.771e+000 1.330e+002-1.749e+000 7.271e+001
 9.630e+003 2.930e+000 3.900e+001 1.551e+000 1.728e+001 6.529e-002 8.342e+000 1.988e+001 6.864e+002 5.758e+000 2.925e+001-3.598e-001-3.798e+000 3.102e-001-3.698e+000 7.798e+000 2.655e+002-3.123e+000 1.307e+002
 9.750e+003 2.930e+000 3.600e+001 1.403e+000 8.067e+000 2.770e-001 3.608e+000 1.490e+001 3.374e+002 5.814e+000-5.818e+000-2.295e-001-1.480e+000 3.340e-001-4.312e+000 7.887e+000 1.569e+002-2.472e+000 1.040e+002
 9.880e+003 2.930e+000 5.400e+001 4.051e+000 4.578e+001-2.156e-001 1.948e+001 1.920e+001 9.339e+002 7.507e+000 8.452e+001-5.372e-001-1.024e+001 6.366e-001-7.230e+000 4.694e+000 3.953e+002-7.156e+000 2.301e+002
 1.000e+004 2.930e+000 2.340e+002 1.925e+001 1.383e+002 2.553e-001 7.274e+001 1.591e+002 4.602e+003 5.312e+001 3.255e+002-3.376e+000-5.337e+001 3.349e+000-4.217e+001 6.317e+001 2.084e+003-3.533e+001 1.204e+003
 1.130e+004 2.930e+000 3.030e+002 1.137e+001 9.366e+001-7.202e-001 4.229e+001 9.228e+001 2.793e+003 3.313e+000 2.627e+002-7.595e-001-1.237e+001 2.454e+000-1.699e+001 1.821e+001 8.466e+002-2.138e+001 5.444e+002
 1.250e+004 2.930e+000 2.430e+002 2.638e+000 1.151e+001-5.915e-002 2.564e+000 2.083e+001 8.131e+002-3.264e+000 5.117e+001 2.021e-001 3.957e+000 1.969e+000-1.100e+001 2.121e+000 1.393e+002-1.427e+001 2.377e+002
 1.380e+004 2.930e+000 2.400e+002 2.751e+000 2.204e+001-1.341e-001 8.060e+000 2.551e+001 1.335e+003-6.001e+000 1.564e+002 5.889e-002-4.183e+000 1.453e+000-7.306e+000 3.333e+000 3.331e+002-1.232e+001 2.534e+002
 1.500e+004 2.930e+000 2.670e+002 3.990e+000 2.433e+001-4.924e-001 1.550e+001 3.975e+001 1.663e+003-6.085e+000 2.547e+002-1.940e-001-9.615e+000 1.354e+000-7.904e+000 6.796e+000 4.852e+002-1.372e+001 3.375e+002
 1.630e+004 2.930e+000 2.430e+002 1.318e+000 9.867e+000 4.573e-002 3.498e+000 1.304e+001 5.908e+002 4.177e+000-6.326e+000-3.980e-002 3.324e-002 1.266e+000-7.679e+000 2.852e+000 1.548e+002-1.019e+001 1.863e+002
 1.750e+004 2.930e+000 2.970e+002 6.246e-001 2.310e+000 1.063e-001 3.849e-001 3.577e+000 2.287e+002 3.542e+000-2.445e+001-4.076e-002 1.666e+000 1.478e+000-8.977e+000 1.314e+000 4.648e+001-1.008e+001 1.501e+002
 1.880e+004 2.930e+000 3.090e+002 6.086e-001 2.195e+000 2.934e-002 1.737e+000 3.199e+000 1.344e+002 2.124e+000 1.168e+001-2.136e-001-3.224e+000 1.819e+000-1.073e+001 2.028e+000 5.252e+001-1.248e+001 1.712e+002
 2.000e+004 2.930e+000 4.770e+002 3.984e+000 1.666e+001 3.100e+000-5.476e+001 4.145e+001 1.352e+003 2.220e+001-1.187e+003 4.995e+000 1.670e+002 3.495e+001-2.248e+002-1.924e+001-1.136e+003-2.772e+002 3.694e+003
 2.130e+004 2.930e+000 3.780e+002 3.133e-001 6.600e-001 2.775e-001-1.284e+000 1.138e+000 5.211e+001 9.648e+000-9.391e+001-1.253e-001 2.716e+000 6.212e+000-4.009e+001 2.782e+000 4.539e+001-4.954e+001 6.774e+002
 2.250e+004 2.930e+000 3.510e+002 1.067e+000 3.672e+000 5.449e-001 6.082e+000 9.898e+000 2.854e+002 2.454e+001 2.610e+001-1.490e+000-3.095e+001 7.512e+000-5.055e+001 1.558e+001 4.205e+002-5.784e+001 8.078e+002
 2.380e+004 2.930e+000 2.310e+002 1.602e+000 7.436e+000 1.615e-001 7.214e+000 3.254e+001 1.231e+003 1.178e+001 1.698e+002-1.013e+000-3.670e+001 1.579e+000-1.180e+001 1.342e+001 5.408e+002-1.663e+001 2.887e+002
 2.500e+004 2.930e+000 1.800e+002 1.842e-001 4.982e-001-4.930e-002 8.459e-001 1.207e+000 3.488e+001-5.670e-001 1.696e+001-3.160e-002-1.137e+000 2.962e-001-1.498e+000 5.422e-002 9.178e+000-1.910e+000 2.740e+001
 2.630e+004 2.930e+000 7.800e+001 2.368e-002-8.463e-002 4.650e-003-6.454e-002 2.037e-001 1.660e+001 2.430e-002 8.976e-002 2.919e-003-1.504e-002 7.338e-002-1.549e-001 2.686e-002 2.857e+000-3.090e-001 3.106e+000
 2.750e+004 2.930e+000 1.050e+002 3.645e-002 1.261e-001-2.424e-004 4.659e-003 1.200e-001 1.137e+003 8.798e-002 4.323e+001 3.355e-003-1.484e+000 5.525e-002-1.799e-001-6.173e-003 2.419e+002-4.186e-001 5.454e+001
 2.880e+004 2.930e+000 1.020e+002 2.620e-002 1.402e-001 8.264e-003-3.211e-002 2.335e-001 8.820e+000 1.355e-001-1.511e+000 7.933e-004 3.157e-002 1.359e-001-5.151e-001 8.698e-002 1.718e+000-7.940e-001 9.026e+000
 3.000e+004 2.930e+000 1.050e+002 3.249e-002 2.335e-001-4.738e-003 1.158e-001 2.506e-001 1.238e+001 6.894e-003 1.593e+000 2.467e-003-2.183e-001 4.462e-002-6.410e-002 5.731e-002 4.774e+000-1.209e-001 2.599e+000
 3.130e+004 2.930e+000 1.080e+002 4.154e-002 4.708e-001-5.958e-003 2.301e-001 6.331e-001 3.926e+001 3.380e-002 4.170e+000-6.443e-003-4.395e-001 4.468e-002-6.768e-002 1.674e-001 1.350e+001-1.902e-001 5.447e+000
 3.250e+004 2.930e+000 1.410e+002 6.175e-002 8.814e-001-1.350e-002 4.146e-001 1.211e+000 8.891e+001-4.688e-002 9.345e+000-1.920e-002-1.197e+000 5.761e-002-1.345e-001 3.127e-001 2.868e+001-4.322e-001 1.071e+001
 3.380e+004 2.930e+000 8.100e+001 1.486e-002 9.260e-002 1.410e-003 3.430e-002 7.432e-002 2.254e+000 5.653e-002 7.327e-002-2.918e-003-4.165e-002 2.536e-002-3.195e-002 1.944e-002 8.086e-001-2.806e-002 5.092e-001
 3.500e+004 2.930e+000 1.050e+002 1.371e-002 5.879e-002 1.742e-003 1.447e-002 5.504e-002 1.361e+000 3.030e-002 3.064e-002-2.724e-003-2.222e-002 3.257e-002-3.422e-002 1.864e-002 3.844e-001-3.752e-002 3.747e-001
 3.630e+004 2.930e+000 1.050e+002 1.383e-002 6.235e-002-7.138e-004 3.019e-002 5.763e-002 1.804e+000-3.043e-002 3.326e-001-2.540e-004-3.245e-002 3.283e-002-2.911e-002 3.052e-003 3.741e-001-4.148e-002 5.296e-001
 3.750e+004 2.930e+000 8.700e+001 7.638e-003 2.270e-002-9.208e-004 1.250e-002 2.442e-002 8.289e-001-8.953e-003 8.924e-002 1.431e-003 2.352e-003 1.632e-002-2.070e-003 3.362e-003 2.397e-001-1.205e-002 2.271e-001
 3.880e+004 2.930e+000 1.050e+002 1.162e-002 2.500e-002-2.332e-003 1.221e-002 3.549e-002 6.158e-001 8.195e-003 8.522e-002 9.121e-005-8.255e-003 2.282e-002-1.283e-002 5.211e-003 1.566e-001-2.546e-002 1.919e-001
 4.000e+004 2.930e+000 1.470e+002 6.842e-002 2.943e-001-1.766e-002 5.835e-001 1.536e+000 4.992e+001-4.008e-001 1.481e+001-3.426e-002-1.230e+000 6.426e-002-2.021e-001 5.968e-001 2.220e+001-6.967e-001 1.471e+001
 4.130e+004 2.930e+000 7.800e+001 5.374e-003 7.001e-003 1.938e-004 3.203e-003 1.558e-002 3.711e-001 2.806e-003 1.971e-002-6.658e-004-1.557e-002 1.662e-002-1.401e-002 4.735e-003 1.132e-001-1.894e-002 1.320e-001
 4.250e+004 2.930e+000 9.300e+001 6.638e-003 2.180e-002-7.442e-004 4.929e-003 1.803e-002 7.981e-001 1.662e-002 4.074e-002-1.367e-003-3.047e-002 1.693e-002-1.338e-002 5.459e-003 3.050e-001-2.318e-002 2.763e-001
 4.380e+004 2.930e+000 8.400e+001 5.264e-003 1.888e-002 9.958e-004 5.097e-003 1.485e-002 4.789e-001-7.959e-005 4.015e-002 2.122e-004 1.980e-003 1.280e-002-3.628e-003 5.815e-004 7.940e-002-3.844e-003 8.552e-002
 4.500e+004 2.930e+000 8.100e+001 4.774e-003 4.069e-003 5.906e-004 5.321e-004 1.097e-002 3.434e-001 8.119e-003 1.033e-002-5.257e-004 3.725e-003 1.441e-002-9.225e-003 3.524e-003 6.191e-002-8.917e-003 8.724e-002
 4.630e+004 2.930e+000 6.300e+001 4.869e-003 1.076e-002 9.647e-004 3.415e-003 2.232e-002 5.260e-001 5.894e-003 2.046e-002-2.732e-004-1.270e-002 9.779e-003-1.203e-004 5.752e-003 1.909e-001-1.299e-002 1.355e-001
 4.750e+004 2.930e+000 1.920e+002 3.657e-001 3.325e+000-9.790e-002 3.100e+000 5.584e+000 2.075e+002-3.218e-001 4.712e+001-1.455e-001-5.555e+000 1.778e-001-1.094e+000 2.308e+000 1.134e+002-3.118e+000 7.293e+001
 4.880e+004 2.930e+000 1.320e+002 1.230e-001 1.259e+000-3.754e-002 1.106e+000 1.888e+000 7.330e+001-1.520e-001 1.641e+001-4.187e-002-1.831e+000 6.614e-002-3.369e-001 7.524e-001 4.015e+001-1.045e+000 2.580e+001
 5.000e+004 2.930e+000 1.020e+002 6.263e-003 1.178e-002 3.141e-004 4.733e-003 2.299e-002 4.336e-001 3.119e-003 2.573e-002-3.379e-004-1.127e-002 1.267e-002-2.611e-003 5.570e-003 1.312e-001-9.695e-003 9.672e-002
 5.130e+004 2.930e+000 8.700e+001 3.273e-003 6.700e-003 1.639e-004 8.096e-004 7.184e-003 2.037e-001 1.302e-002 1.406e-002-1.521e-004-5.577e-003 9.710e-003-4.628e-003 6.546e-004 3.782e-002-1.680e-003 2.508e-002
 5.250e+004 2.930e+000 6.000e+001 2.169e-003 5.331e-003 1.475e-004 1.534e-003 3.765e-003 8.045e-002 2.731e-003-1.018e-003-2.853e-004-4.176e-003 5.757e-003-1.451e-003 1.079e-003 1.634e-002-2.862e-003 1.801e-002
 5.380e+004 2.930e+000 1.230e+002 2.263e-002 1.347e-001-5.174e-003 1.270e-001 2.704e-001 7.002e+000 4.352e-003 1.556e+000-9.286e-003-2.450e-001 2.021e-002-5.715e-002 1.095e-001 3.483e+000-1.275e-001 2.142e+000
 5.500e+004 2.930e+000 9.000e+001 1.762e-002 1.514e-001-3.047e-003 1.216e-001 2.308e-001 7.539e+000-2.553e-002 1.344e+000-3.985e-003-1.746e-001 1.356e-002-1.671e-002 9.998e-002 4.144e+000-1.026e-001 2.581e+000
 5.630e+004 2.930e+000 2.220e+002 2.647e-001 2.143e+000-6.396e-002 1.899e+000 3.959e+000 1.140e+002-3.206e-001 2.102e+001-9.177e-002-2.850e+000 9.466e-002-3.554e-001 1.773e+000 6.226e+001-1.625e+000 3.799e+001
 5.750e+004 2.930e+000 4.800e+001 1.189e-003 4.125e-004 2.667e-004 2.391e-004 3.085e-003 9.180e-002 1.907e-004 5.687e-003-4.373e-005-3.168e-003 3.568e-003-1.783e-003 1.070e-003 1.732e-002-1.862e-003 1.254e-002
 5.880e+004 2.930e+000 6.300e+001 1.689e-003 3.450e-006 3.695e-004 3.945e-005 2.227e-003 3.115e-002 1.377e-003 1.163e-003 1.051e-004 9.500e-004 4.620e-003 4.145e-005 1.999e-004 3.487e-003-3.319e-004 2.908e-003
 6.000e+004 2.930e+000 6.300e+001 1.695e-003 3.216e-003-2.076e-004 2.400e-003 4.362e-003 1.141e-001-3.512e-004 3.199e-002 1.342e-005-4.399e-003 5.308e-003-2.490e-003 3.352e-004 4.915e-002-9.627e-003 9.145e-002
 6.130e+004 2.930e+000 3.900e+001 1.012e-003 1.311e-003 7.268e-005 7.918e-005-1.320e-005 2.013e-002-1.508e-004-6.413e-007 2.094e-004-1.831e-003 2.137e-003-1.329e-005-1.180e-004 3.360e-003-6.768e-004 1.959e-003
 6.250e+004 2.930e+000 7.200e+001 2.372e-003 2.234e-003-5.785e-005 9.345e-004 8.232e-003 1.833e-001-2.651e-003 7.624e-003-1.805e-004-2.904e-003 3.503e-003 1.391e-004 2.655e-003 4.772e-002-1.812e-003 2.209e-002
 6.380e+004 2.930e+000 1.440e+002 8.388e-002 8.046e-001-2.082e-002 6.763e-001 1.480e+000 4.502e+001 5.871e-002 6.637e+000-4.405e-002-1.321e+000 4.800e-002-2.311e-001 7.318e-001 2.579e+001-7.487e-001 1.581e+001
 6.500e+004 2.930e+000 7.500e+001 2.969e-003 1.697e-003-1.415e-004 1.739e-003 9.725e-003 1.825e-001-1.365e-003 1.861e-002-6.498e-004-2.594e-003 3.662e-003 5.894e-004 4.537e-003 7.649e-002-1.021e-003 4.621e-002
 6.630e+004 2.930e+000 6.900e+001 1.440e-003 1.212e-003 1.569e-004 3.540e-004 5.065e-003 7.357e-002 1.218e-003 4.680e-003-3.604e-004-2.532e-003 3.595e-003-4.469e-004 3.660e-004 1.193e-002-2.511e-004 6.487e-003
 6.750e+004 2.930e+000 1.110e+002 1.755e-003 1.054e-003 1.373e-004 2.844e-004 4.268e-003 6.418e-002-8.829e-004 1.006e-003-4.315e-005-1.338e-003 5.801e-003-5.502e-004 6.137e-004 7.108e-003-5.484e-004 5.075e-003
 6.880e+004 2.930e+000 7.200e+001 1.481e-003 2.131e-003 1.220e-004 1.927e-004 3.050e-003 5.453e-002 1.815e-003 2.253e-003-1.296e-005-2.202e-004 2.986e-003-7.094e-004 4.521e-004 6.521e-003-8.212e-005 3.759e-003
 7.000e+004 2.930e+000 5.400e+001 7.721e-004 9.811e-004-9.918e-005 6.890e-006 2.850e-003 5.403e-002 3.110e-004 1.136e-006-3.834e-004-3.446e-003 2.413e-003-2.774e-004 4.857e-004 9.038e-003-9.201e-004 3.664e-003
 7.130e+004 2.930e+000 7.800e+001 2.248e-003 9.954e-003-3.427e-004 6.412e-003 1.277e-002 2.639e-001 9.713e-004 2.901e-002-4.196e-004-1.059e-002 2.570e-003-1.944e-003 4.942e-003 1.215e-001-5.432e-003 7.047e-002
 7.250e+004 2.930e+000 8.400e+001 5.234e-003 4.223e-002-1.441e-003 3.696e-002 7.527e-002 2.374e+000-1.070e-002 4.249e-001-1.943e-003-7.001e-002 4.592e-003-6.301e-003 3.444e-002 1.332e+000-4.145e-002 8.379e-001
 7.380e+004 2.930e+000 6.300e+001 6.429e-004 9.151e-004-4.628e-005 3.097e-005 2.066e-003 4.112e-002 6.718e-004 1.163e-003 1.425e-005-1.720e-003 2.603e-003-7.545e-005 5.061e-005 6.276e-003-4.530e-004 2.322e-003
 7.500e+004 2.930e+000 6.600e+001 8.995e-004 2.144e-003-1.192e-005-1.905e-005 1.911e-003 3.318e-002 4.755e-004-2.279e-004-1.384e-004-8.361e-004 1.773e-003-1.986e-004 8.049e-005 2.061e-003-8.524e-005 1.374e-003
 7.630e+004 2.930e+000 5.100e+001 8.554e-004 1.626e-003 2.010e-004 2.163e-004 2.482e-003 4.668e-002 1.401e-003 2.030e-003-5.627e-005-9.263e-004 1.788e-003-3.959e-004 3.449e-004 6.765e-003 4.930e-005 2.931e-003
 7.750e+004 2.930e+000 6.000e+001 8.542e-004 4.934e-004-1.249e-004 1.590e-004 1.736e-003 2.410e-002 3.909e-004 4.418e-004 8.860e-005-1.605e-004 1.158e-003-9.738e-005 3.522e-005 1.326e-003 6.584e-005 8.829e-004
 7.880e+004 2.930e+000 9.900e+001 1.246e-003 1.668e-003 1.796e-004 4.113e-004 3.081e-003 5.297e-002 1.552e-005 1.094e-003 1.582e-004 8.326e-005 2.831e-003 2.875e-004 2.109e-004 5.454e-003-1.996e-004 2.615e-003
 8.000e+004 2.930e+000 7.800e+001 1.427e-003 5.840e-003-2.502e-004 4.478e-003 1.179e-002 2.855e-001 8.279e-004 2.274e-002-3.751e-004-7.759e-003 1.706e-003-1.693e-003 6.095e-003 1.629e-001-5.458e-003 1.097e-001
 8.130e+004 2.930e+000 8.700e+001 7.946e-004 2.221e-004 2.604e-004-1.088e-004 2.763e-003 5.960e-002 1.217e-003 8.431e-004-7.586e-006-1.215e-004 1.623e-003-6.074e-004 5.465e-004 8.035e-003-6.107e-005 5.066e-003
 8.250e+004 2.930e+000 6.000e+001 7.925e-004 1.126e-003 1.389e-006 1.238e-004 1.460e-003 2.202e-002-4.345e-006 4.149e-004-4.569e-005-2.836e-004 1.056e-003-1.251e-004-1.648e-005 2.911e-003 2.106e-005 1.248e-003
 8.380e+004 2.930e+000 9.000e+001 1.297e-003 3.377e-003 1.166e-004 5.402e-004 4.309e-003 6.273e-002 3.211e-004 8.157e-004 1.553e-004-5.310e-004 1.404e-003-2.971e-004 2.969e-004 8.981e-003-6.882e-004 5.514e-003
 8.500e+004 2.930e+000 7.800e+001 8.920e-004 7.637e-004 1.894e-005-1.300e-004 2.135e-003 2.373e-002 6.714e-005-1.410e-003-1.204e-004-8.824e-005 1.337e-003-8.456e-004 2.915e-004 2.614e-003-7.566e-004 5.035e-003
 8.630e+004 2.930e+000 9.300e+001 9.621e-004 1.243e-003-9.709e-006 1.954e-004 1.645e-003 3.581e-002 6.598e-004 9.932e-004-1.657e-004-9.522e-004 1.587e-003-9.133e-004-6.866e-006 3.188e-003-1.103e-003 6.356e-003
 8.750e+004 2.930e+000 1.080e+002 1.104e-003 3.198e-003 1.190e-004 4.987e-004 4.114e-003 8.849e-002 1.203e-003 1.741e-003 1.884e-005-1.549e-003 2.289e-003-3.351e-003 1.231e-003 2.817e-002-3.324e-003 3.090e-002
 8.880e+004 2.930e+000 1.530e+002 1.172e-003 1.883e-003 4.074e-005-3.184e-004 3.971e-003 1.196e-001 1.713e-003-2.610e-002-3.256e-004 1.838e-003 3.118e-003-7.395e-003 1.627e-003 2.346e-002-6.527e-003 8.249e-002
 9.000e+004 2.930e+000 1.590e+002 1.078e-003 1.608e-003 2.922e-004-1.420e-003 1.954e-003 6.418e-002 1.900e-003-2.988e-002 9.882e-005 3.672e-003 5.091e-003-1.415e-002 4.790e-004-7.802e-003-1.320e-002 1.317e-001
 9.130e+004 2.930e+000 1.830e+002 1.331e-003 1.998e-003-5.028e-005 6.687e-004 2.934e-003 6.916e-002 4.318e-004-1.880e-002-2.362e-004 1.796e-003 6.539e-003-2.116e-002 8.674e-004-8.068e-003-2.264e-002 2.256e-001
 9.250e+004 2.930e+000 2.220e+002 1.679e-003 3.095e-003 2.998e-004-1.002e-003 1.768e-003 9.196e-002 5.463e-004-4.109e-002-2.651e-004 7.833e-003 6.936e-003-2.322e-002 1.574e-003-2.708e-002-2.371e-002 2.556e-001
 9.380e+004 2.930e+000 1.470e+002 9.972e-004 7.802e-004 1.587e-004-2.953e-004 1.793e-003 3.419e-002 5.248e-004-6.946e-003-8.637e-006 6.548e-004 2.922e-003-8.966e-003 2.001e-003 4.052e-003-7.180e-003 9.873e-002
 9.500e+004 2.930e+000 1.920e+002 1.722e-003 2.526e-003-1.028e-004-5.120e-004 2.626e-003 8.255e-002 2.159e-004-5.976e-003 8.184e-005 1.073e-003 3.453e-003-9.703e-003-6.273e-004 2.105e-003-1.148e-002 1.250e-001
 9.630e+004 2.930e+000 0.000e+000 0.000e+000 0.000e+000 0.000e+000 0.000e+000 0.000e+000 0.000e+000 0.000e+000 0.000e+000 0.000e+000 0.000e+000 0.000e+000 0.000e+000 0.000e+000 0.000e+000 0.000e+000 0.000e+000
 9.750e+004 2.930e+000 0.000e+000 0.000e+000 0.000e+000 0.000e+000 0.000e+000 0.000e+000 0.000e+000 0.000e+000 0.000e+000 0.000e+000 0.000e+000 0.000e+000 0.000e+000 0.000e+000 0.000e+000 0.000e+000 0.000e+000
 9.880e+004 2.930e+000 0.000e+000 0.000e+000 0.000e+000 0.000e+000 0.000e+000 0.000e+000 0.000e+000 0.000e+000 0.000e+000 0.000e+000 0.000e+000 0.000e+000 0.000e+000 0.000e+000 0.000e+000 0.000e+000 0.000e+000
 1.000e+005 2.930e+000 0.000e+000 0.000e+000 0.000e+000 0.000e+000 0.000e+000 0.000e+000 0.000e+000 0.000e+000 0.000e+000 0.000e+000 0.000e+000 0.000e+000 0.000e+000 0.000e+000 0.000e+000 0.000e+000 0.000e+000
