 6.250e+000 2.930e+000 0.000e+000 0.000e+000 0.000e+000 0.000e+000 0.000e+000 0.000e+000 0.000e+000 0.000e+000 0.000e+000 0.000e+000 0.000e+000 0.000e+000 0.000e+000 0.000e+000 0.000e+000 0.000e+000 0.000e+000
 7.500e+000 2.930e+000 0.000e+000 0.000e+000 0.000e+000 0.000e+000 0.000e+000 0.000e+000 0.000e+000 0.000e+000 0.000e+000 0.000e+000 0.000e+000 0.000e+000 0.000e+000 0.000e+000 0.000e+000 0.000e+000 0.000e+000
 8.750e+000 2.930e+000 0.000e+000 0.000e+000 0.000e+000 0.000e+000 0.000e+000 0.000e+000 0.000e+000 0.000e+000 0.000e+000 0.000e+000 0.000e+000 0.000e+000 0.000e+000 0.000e+000 0.000e+000 0.000e+000 0.000e+000
 1.000e+001 2.930e+000 0.000e+000 0.000e+000 0.000e+000 0.000e+000 0.000e+000 0.000e+000 0.000e+000 0.000e+000 0.000e+000 0.000e+000 0.000e+000 0.000e+000 0.000e+000 0.000e+000 0.000e+000 0.000e+000 0.000e+000
 1.130e+001 2.930e+000 2.400e+001 7.140e+002-3.188e+003-8.768e+000-6.367e+002-3.596e+003 1.219e+005-7.122e+002-8.896e+003-1.757e+002 1.272e+003 1.615e+002 2.676e+001 4.286e+001 6.061e+004 5.942e+002 5.319e+005
 1.250e+001 2.930e+000 0.000e+000 0.000e+000 0.000e+000 0.000e+000 0.000e+000 0.000e+000 0.000e+000 0.000e+000 0.000e+000 0.000e+000 0.000e+000 0.000e+000 0.000e+000 0.000e+000 0.000e+000 0.000e+000 0.000e+000
 1.380e+001 2.930e+000 0.000e+000 0.000e+000 0.000e+000 0.000e+000 0.000e+000 0.000e+000 0.000e+000 0.000e+000 0.000e+000 0.000e+000 0.000e+000 0.000e+000 0.000e+000 0.000e+000 0.000e+000 0.000e+000 0.000e+000
 1.500e+001 2.930e+000 2.400e+001 6.498e+002-1.620e+003 1.999e+001-5.264e+002-2.568e+003 1.154e+005-1.207e+003-5.937e+003-1.047e+002 3.775e+002 1.683e+002-5.006e+002-2.473e+003 3.077e+004 2.172e+002 1.722e+005
 1.630e+001 2.930e+000 0.000e+000 0.000e+000 0.000e+000 0.000e+000 0.000e+000 0.000e+000 0.000e+000 0.000e+000 0.000e+000 0.000e+000 0.000e+000 0.000e+000 0.000e+000 0.000e+000 0.000e+000 0.000e+000 0.000e+000
 1.750e+001 2.930e+000 2.400e+001 4.754e+002-1.329e+003-9.765e+001 8.168e+002-1.343e+003 5.981e+004-3.370e+002-7.414e+003-1.089e+002 7.037e+002 2.765e+002-3.246e+001-1.797e+003 7.554e+003-1.066e+003 1.545e+005
 1.880e+001 2.930e+000 0.000e+000 0.000e+000 0.000e+000 0.000e+000 0.000e+000 0.000e+000 0.000e+000 0.000e+000 0.000e+000 0.000e+000 0.000e+000 0.000e+000 0.000e+000 0.000e+000 0.000e+000 0.000e+000 0.000e+000
 2.000e+001 2.930e+000 2.400e+001 8.908e+002-2.483e+003-3.389e+001-8.115e+002-1.579e+003 6.805e+004-4.934e+002-5.391e+003-2.165e+002 5.666e+002 2.157e+002 4.404e+002-2.395e+003 2.617e+004-9.584e+001 1.355e+005
 2.130e+001 2.930e+000 0.000e+000 0.000e+000 0.000e+000 0.000e+000 0.000e+000 0.000e+000 0.000e+000 0.000e+000 0.000e+000 0.000e+000 0.000e+000 0.000e+000 0.000e+000 0.000e+000 0.000e+000 0.000e+000 0.000e+000
 2.250e+001 2.930e+000 0.000e+000 0.000e+000 0.000e+000 0.000e+000 0.000e+000 0.000e+000 0.000e+000 0.000e+000 0.000e+000 0.000e+000 0.000e+000 0.000e+000 0.000e+000 0.000e+000 0.000e+000 0.000e+000 0.000e+000
 2.380e+001 2.930e+000 2.400e+001 9.727e+002-2.775e+003-1.965e+001-4.596e+002-3.368e+003 9.629e+004-3.192e+002-1.201e+004-1.490e+002 4.762e+002 7.266e+001 2.586e+002-2.967e+003 5.960e+004 5.574e+002 9.196e+004
 2.500e+001 2.930e+000 0.000e+000 0.000e+000 0.000e+000 0.000e+000 0.000e+000 0.000e+000 0.000e+000 0.000e+000 0.000e+000 0.000e+000 0.000e+000 0.000e+000 0.000e+000 0.000e+000 0.000e+000 0.000e+000 0.000e+000
 2.630e+001 2.930e+000 2.400e+001 9.057e+002-1.407e+003-4.503e+001 6.212e+002-2.845e+003 5.248e+004-2.143e+002 1.977e+002-1.868e+002 8.538e+002 9.871e+001-6.865e+002-3.195e+003 1.829e+004 4.778e+002 5.385e+004
 2.750e+001 2.930e+000 0.000e+000 0.000e+000 0.000e+000 0.000e+000 0.000e+000 0.000e+000 0.000e+000 0.000e+000 0.000e+000 0.000e+000 0.000e+000 0.000e+000 0.000e+000 0.000e+000 0.000e+000 0.000e+000 0.000e+000
 2.880e+001 2.930e+000 2.400e+001 1.351e+003-3.084e+003-1.063e+002 9.419e+002-3.204e+003 4.151e+004-6.736e+002-2.191e+003-2.886e+002 8.493e+002 9.955e+001-2.772e+002-3.546e+003 1.163e+004 5.868e+002 6.005e+004
 3.000e+001 2.930e+000 0.000e+000 0.000e+000 0.000e+000 0.000e+000 0.000e+000 0.000e+000 0.000e+000 0.000e+000 0.000e+000 0.000e+000 0.000e+000 0.000e+000 0.000e+000 0.000e+000 0.000e+000 0.000e+000 0.000e+000
 3.130e+001 2.930e+000 0.000e+000 0.000e+000 0.000e+000 0.000e+000 0.000e+000 0.000e+000 0.000e+000 0.000e+000 0.000e+000 0.000e+000 0.000e+000 0.000e+000 0.000e+000 0.000e+000 0.000e+000 0.000e+000 0.000e+000
 3.250e+001 2.930e+000 2.400e+001 1.551e+003-4.021e+003-9.270e+001-6.296e+002-3.009e+003 5.260e+004-5.331e+002-4.452e+003-3.320e+002 6.922e+002 1.021e+002 2.292e+001-1.299e+003 2.008e+004 1.107e+002 3.197e+004
 3.380e+001 2.930e+000 0.000e+000 0.000e+000 0.000e+000 0.000e+000 0.000e+000 0.000e+000 0.000e+000 0.000e+000 0.000e+000 0.000e+000 0.000e+000 0.000e+000 0.000e+000 0.000e+000 0.000e+000 0.000e+000 0.000e+000
 3.500e+001 2.930e+000 2.400e+001 2.391e+003-3.032e+003-9.023e+001 1.229e+003-6.380e+003 5.443e+004-3.013e+002-4.456e+003-5.822e+002 1.232e+003 1.903e+002-6.973e+002-1.826e+003 1.783e+004 7.395e+000 2.822e+004
 3.630e+001 2.930e+000 0.000e+000 0.000e+000 0.000e+000 0.000e+000 0.000e+000 0.000e+000 0.000e+000 0.000e+000 0.000e+000 0.000e+000 0.000e+000 0.000e+000 0.000e+000 0.000e+000 0.000e+000 0.000e+000 0.000e+000
 3.750e+001 2.930e+000 2.400e+001 4.305e+003-7.346e+003-3.228e+002-2.104e+003-6.307e+003 6.855e+004-1.467e+003-9.746e+003-1.005e+003 1.593e+003 3.034e+002 9.097e+001-5.542e+003 3.148e+004 1.225e+003 3.698e+004
 3.880e+001 2.930e+000 0.000e+000 0.000e+000 0.000e+000 0.000e+000 0.000e+000 0.000e+000 0.000e+000 0.000e+000 0.000e+000 0.000e+000 0.000e+000 0.000e+000 0.000e+000 0.000e+000 0.000e+000 0.000e+000 0.000e+000
 4.000e+001 2.930e+000 0.000e+000 0.000e+000 0.000e+000 0.000e+000 0.000e+000 0.000e+000 0.000e+000 0.000e+000 0.000e+000 0.000e+000 0.000e+000 0.000e+000 0.000e+000 0.000e+000 0.000e+000 0.000e+000 0.000e+000
 4.130e+001 2.930e+000 2.400e+001 6.674e+003-1.094e+004-4.961e+002 9.538e+002-1.264e+004 1.148e+005-1.627e+003-2.189e+004-1.716e+003 2.642e+003 5.843e+002-1.067e+003-9.352e+003 5.493e+004 1.250e+003 4.410e+004
 4.250e+001 2.930e+000 0.000e+000 0.000e+000 0.000e+000 0.000e+000 0.000e+000 0.000e+000 0.000e+000 0.000e+000 0.000e+000 0.000e+000 0.000e+000 0.000e+000 0.000e+000 0.000e+000 0.000e+000 0.000e+000 0.000e+000
 4.380e+001 2.930e+000 2.400e+001 1.383e+004-1.865e+004-8.335e+002-3.278e+003-3.413e+004 1.702e+005-2.071e+003-1.463e+004-3.164e+003 7.525e+003 8.809e+002-6.553e+002-2.011e+004 8.595e+004 3.692e+003 5.562e+004
 4.500e+001 2.930e+000 0.000e+000 0.000e+000 0.000e+000 0.000e+000 0.000e+000 0.000e+000 0.000e+000 0.000e+000 0.000e+000 0.000e+000 0.000e+000 0.000e+000 0.000e+000 0.000e+000 0.000e+000 0.000e+000 0.000e+000
 4.630e+001 2.930e+000 2.400e+001 6.885e+004-9.096e+004-5.202e+003-8.662e+003-1.626e+005 6.738e+005-8.245e+003-1.175e+005-1.579e+004 3.847e+004 4.280e+003-5.535e+003-9.991e+004 3.485e+005 1.984e+004 2.123e+005
 4.750e+001 2.930e+000 0.000e+000 0.000e+000 0.000e+000 0.000e+000 0.000e+000 0.000e+000 0.000e+000 0.000e+000 0.000e+000 0.000e+000 0.000e+000 0.000e+000 0.000e+000 0.000e+000 0.000e+000 0.000e+000 0.000e+000
 4.880e+001 2.930e+000 0.000e+000 0.000e+000 0.000e+000 0.000e+000 0.000e+000 0.000e+000 0.000e+000 0.000e+000 0.000e+000 0.000e+000 0.000e+000 0.000e+000 0.000e+000 0.000e+000 0.000e+000 0.000e+000 0.000e+000
 5.000e+001 2.930e+000 2.400e+001 1.395e+007-3.389e+007-4.841e+005-1.545e+007-2.216e+007 1.177e+008-4.621e+006-1.641e+007-2.217e+006 4.698e+006 3.701e+005 1.869e+006-1.686e+007 6.439e+007 3.213e+006 3.755e+007
 5.130e+001 2.930e+000 0.000e+000 0.000e+000 0.000e+000 0.000e+000 0.000e+000 0.000e+000 0.000e+000 0.000e+000 0.000e+000 0.000e+000 0.000e+000 0.000e+000 0.000e+000 0.000e+000 0.000e+000 0.000e+000 0.000e+000
 5.250e+001 2.930e+000 2.400e+001 6.504e+004-1.311e+005-2.902e+003-3.476e+004-1.582e+005 7.927e+005-2.191e+004-1.125e+005-1.418e+004 3.593e+004 3.396e+003 3.289e+003-9.852e+004 3.956e+005 2.014e+004 2.250e+005
 5.380e+001 2.930e+000 0.000e+000 0.000e+000 0.000e+000 0.000e+000 0.000e+000 0.000e+000 0.000e+000 0.000e+000 0.000e+000 0.000e+000 0.000e+000 0.000e+000 0.000e+000 0.000e+000 0.000e+000 0.000e+000 0.000e+000
 5.500e+001 2.930e+000 0.000e+000 0.000e+000 0.000e+000 0.000e+000 0.000e+000 0.000e+000 0.000e+000 0.000e+000 0.000e+000 0.000e+000 0.000e+000 0.000e+000 0.000e+000 0.000e+000 0.000e+000 0.000e+000 0.000e+000
 5.630e+001 2.930e+000 2.400e+001 9.052e+003-1.848e+004-4.336e+002-5.439e+003-2.697e+004 1.830e+005-2.279e+003-2.057e+004-1.673e+003 3.910e+003 4.084e+002 1.207e+002-1.949e+004 1.051e+005 2.623e+003 7.081e+004
 5.750e+001 2.930e+000 0.000e+000 0.000e+000 0.000e+000 0.000e+000 0.000e+000 0.000e+000 0.000e+000 0.000e+000 0.000e+000 0.000e+000 0.000e+000 0.000e+000 0.000e+000 0.000e+000 0.000e+000 0.000e+000 0.000e+000
 5.880e+001 2.930e+000 2.400e+001 6.547e+003-1.077e+004-3.338e+002-2.380e+003-1.542e+004 8.691e+004-1.516e+003-8.910e+003-1.484e+003 3.345e+003 4.082e+002-1.734e+001-8.528e+003 4.034e+004 1.486e+003 2.373e+004
 6.000e+001 2.930e+000 0.000e+000 0.000e+000 0.000e+000 0.000e+000 0.000e+000 0.000e+000 0.000e+000 0.000e+000 0.000e+000 0.000e+000 0.000e+000 0.000e+000 0.000e+000 0.000e+000 0.000e+000 0.000e+000 0.000e+000
 6.130e+001 2.930e+000 2.400e+001 3.437e+003-5.791e+003-1.425e+002-8.494e+002-7.151e+003 5.101e+004-1.151e+003-4.713e+003-8.173e+002 1.398e+003 2.337e+002-9.588e+000-3.074e+003 1.647e+004 5.595e+002 1.329e+004
 6.250e+001 2.930e+000 0.000e+000 0.000e+000 0.000e+000 0.000e+000 0.000e+000 0.000e+000 0.000e+000 0.000e+000 0.000e+000 0.000e+000 0.000e+000 0.000e+000 0.000e+000 0.000e+000 0.000e+000 0.000e+000 0.000e+000
 6.380e+001 2.930e+000 0.000e+000 0.000e+000 0.000e+000 0.000e+000 0.000e+000 0.000e+000 0.000e+000 0.000e+000 0.000e+000 0.000e+000 0.000e+000 0.000e+000 0.000e+000 0.000e+000 0.000e+000 0.000e+000 0.000e+000
 6.500e+001 2.930e+000 2.400e+001 1.891e+003-2.380e+003-9.153e+001-2.139e+002-5.706e+003 4.042e+004-2.999e+002-3.316e+003-3.683e+002 1.155e+003 9.093e+001-1.228e+002-3.423e+003 1.581e+004 6.086e+002 1.221e+004
 6.630e+001 2.930e+000 0.000e+000 0.000e+000 0.000e+000 0.000e+000 0.000e+000 0.000e+000 0.000e+000 0.000e+000 0.000e+000 0.000e+000 0.000e+000 0.000e+000 0.000e+000 0.000e+000 0.000e+000 0.000e+000 0.000e+000
 6.750e+001 2.930e+000 2.400e+001 1.415e+003-2.246e+003-7.547e+001-7.241e+002-3.638e+003 2.339e+004-2.332e+002 1.144e+003-2.882e+002 8.133e+002 8.351e+001 6.427e+001-2.296e+003 9.421e+003 4.208e+002 1.052e+004
 6.880e+001 2.930e+000 0.000e+000 0.000e+000 0.000e+000 0.000e+000 0.000e+000 0.000e+000 0.000e+000 0.000e+000 0.000e+000 0.000e+000 0.000e+000 0.000e+000 0.000e+000 0.000e+000 0.000e+000 0.000e+000 0.000e+000
 7.000e+001 2.930e+000 2.400e+001 1.118e+003-1.416e+003-3.248e+001-2.659e+002-2.842e+003 1.834e+004-8.158e+001-4.354e+003-2.183e+002 4.903e+002 6.353e+001-1.222e+002-1.960e+003 1.062e+004 1.755e+002 1.274e+004
 7.130e+001 2.930e+000 0.000e+000 0.000e+000 0.000e+000 0.000e+000 0.000e+000 0.000e+000 0.000e+000 0.000e+000 0.000e+000 0.000e+000 0.000e+000 0.000e+000 0.000e+000 0.000e+000 0.000e+000 0.000e+000 0.000e+000
 7.250e+001 2.930e+000 0.000e+000 0.000e+000 0.000e+000 0.000e+000 0.000e+000 0.000e+000 0.000e+000 0.000e+000 0.000e+000 0.000e+000 0.000e+000 0.000e+000 0.000e+000 0.000e+000 0.000e+000 0.000e+000 0.000e+000
 7.380e+001 2.930e+000 2.400e+001 5.576e+002-6.828e+002-1.946e+001 7.471e+002-2.341e+003 1.886e+004-2.887e+001-5.840e+003-1.162e+002 5.276e+002 3.696e+001-2.678e+002-1.144e+003 8.342e+003 4.622e+001 1.374e+004
 7.500e+001 2.930e+000 0.000e+000 0.000e+000 0.000e+000 0.000e+000 0.000e+000 0.000e+000 0.000e+000 0.000e+000 0.000e+000 0.000e+000 0.000e+000 0.000e+000 0.000e+000 0.000e+000 0.000e+000 0.000e+000 0.000e+000
 7.630e+001 2.930e+000 2.400e+001 7.019e+002-1.088e+002 5.499e+000-4.203e+002-1.669e+003 1.255e+004 4.542e+001 1.088e+003-1.447e+002 3.399e+002 4.495e+001-5.395e+001-6.253e+002 6.188e+003 1.138e+001 7.877e+003
 7.750e+001 2.930e+000 0.000e+000 0.000e+000 0.000e+000 0.000e+000 0.000e+000 0.000e+000 0.000e+000 0.000e+000 0.000e+000 0.000e+000 0.000e+000 0.000e+000 0.000e+000 0.000e+000 0.000e+000 0.000e+000 0.000e+000
 7.880e+001 2.930e+000 2.400e+001 6.157e+002-8.953e+002-3.993e+001-4.182e+002-1.860e+003 1.434e+004-3.497e+001 2.001e+003-1.201e+002 3.052e+002 3.697e+001-9.576e+001-9.192e+002 6.239e+003 1.306e+002 7.169e+003
 8.000e+001 2.930e+000 0.000e+000 0.000e+000 0.000e+000 0.000e+000 0.000e+000 0.000e+000 0.000e+000 0.000e+000 0.000e+000 0.000e+000 0.000e+000 0.000e+000 0.000e+000 0.000e+000 0.000e+000 0.000e+000 0.000e+000
 8.130e+001 2.930e+000 0.000e+000 0.000e+000 0.000e+000 0.000e+000 0.000e+000 0.000e+000 0.000e+000 0.000e+000 0.000e+000 0.000e+000 0.000e+000 0.000e+000 0.000e+000 0.000e+000 0.000e+000 0.000e+000 0.000e+000
 8.250e+001 2.930e+000 2.400e+001 3.911e+002-3.133e+002-9.353e+000 6.724e+001-1.070e+003 1.160e+004 4.401e+001-6.087e+002-7.750e+001 2.752e+002 2.305e+001-9.799e+001-5.595e+002 3.997e+003 8.974e+001 3.900e+003
 8.380e+001 2.930e+000 0.000e+000 0.000e+000 0.000e+000 0.000e+000 0.000e+000 0.000e+000 0.000e+000 0.000e+000 0.000e+000 0.000e+000 0.000e+000 0.000e+000 0.000e+000 0.000e+000 0.000e+000 0.000e+000 0.000e+000
 8.500e+001 2.930e+000 2.400e+001 4.096e+002-3.235e+002-1.812e+001-8.295e+000-8.983e+002 1.110e+004-4.916e+001 4.844e+001-8.915e+001 1.543e+002 3.235e+001-7.824e+001-4.125e+002 3.074e+003 4.769e+001 4.049e+003
 8.630e+001 2.930e+000 0.000e+000 0.000e+000 0.000e+000 0.000e+000 0.000e+000 0.000e+000 0.000e+000 0.000e+000 0.000e+000 0.000e+000 0.000e+000 0.000e+000 0.000e+000 0.000e+000 0.000e+000 0.000e+000 0.000e+000
 8.750e+001 2.930e+000 2.400e+001 2.991e+002-1.886e+002-1.313e+001 3.517e+001-1.096e+003 1.121e+004 1.053e+002-6.586e+002-4.710e+001 2.088e+002 1.540e+001-1.159e+002-6.526e+002 5.850e+003 6.627e+001 5.469e+003
 8.880e+001 2.930e+000 0.000e+000 0.000e+000 0.000e+000 0.000e+000 0.000e+000 0.000e+000 0.000e+000 0.000e+000 0.000e+000 0.000e+000 0.000e+000 0.000e+000 0.000e+000 0.000e+000 0.000e+000 0.000e+000 0.000e+000
 9.000e+001 2.930e+000 0.000e+000 0.000e+000 0.000e+000 0.000e+000 0.000e+000 0.000e+000 0.000e+000 0.000e+000 0.000e+000 0.000e+000 0.000e+000 0.000e+000 0.000e+000 0.000e+000 0.000e+000 0.000e+000 0.000e+000
 9.130e+001 2.930e+000 2.400e+001 2.207e+002-1.390e+002-2.626e+000-4.954e+001-8.129e+002 9.896e+003 3.214e+001 1.843e+002-4.385e+001 1.520e+002 1.207e+001-3.000e+001-3.886e+002 4.401e+003 4.614e+001 3.302e+003
 9.250e+001 2.930e+000 0.000e+000 0.000e+000 0.000e+000 0.000e+000 0.000e+000 0.000e+000 0.000e+000 0.000e+000 0.000e+000 0.000e+000 0.000e+000 0.000e+000 0.000e+000 0.000e+000 0.000e+000 0.000e+000 0.000e+000
 9.380e+001 2.930e+000 2.400e+001 1.721e+002-5.422e+001-5.568e+000-8.533e+001-7.244e+002 8.308e+003 1.980e+001 5.033e+002-2.743e+001 1.635e+002 8.884e+000-1.922e+001-4.406e+002 4.205e+003 6.633e+001 3.134e+003
 9.500e+001 2.930e+000 0.000e+000 0.000e+000 0.000e+000 0.000e+000 0.000e+000 0.000e+000 0.000e+000 0.000e+000 0.000e+000 0.000e+000 0.000e+000 0.000e+000 0.000e+000 0.000e+000 0.000e+000 0.000e+000 0.000e+000
 9.630e+001 2.930e+000 2.400e+001 1.904e+002 2.741e+001-5.437e+000 2.308e+000-6.342e+002 6.146e+003 5.896e+001 2.838e+001-3.622e+001 1.126e+002 9.860e+000-3.020e+001-2.845e+002 2.906e+003 4.453e+001 1.827e+003
 9.750e+001 2.930e+000 0.000e+000 0.000e+000 0.000e+000 0.000e+000 0.000e+000 0.000e+000 0.000e+000 0.000e+000 0.000e+000 0.000e+000 0.000e+000 0.000e+000 0.000e+000 0.000e+000 0.000e+000 0.000e+000 0.000e+000
 9.880e+001 2.930e+000 0.000e+000 0.000e+000 0.000e+000 0.000e+000 0.000e+000 0.000e+000 0.000e+000 0.000e+000 0.000e+000 0.000e+000 0.000e+000 0.000e+000 0.000e+000 0.000e+000 0.000e+000 0.000e+000 0.000e+000
 1.000e+002 2.930e+000 3.900e+001 7.078e+002 1.440e+003 2.236e+001 7.360e+002-7.008e+002 1.007e+004 2.245e+002-3.859e+002-1.303e+002 1.052e+002 3.706e+001-1.288e+002-1.593e+002 3.902e+003 1.733e+001 2.022e+003
 1.130e+002 2.930e+000 3.900e+001 1.746e+002-2.753e+001-3.638e+000 5.173e+001-6.861e+002 1.186e+004 5.369e+001 2.733e+002-3.187e+001 1.700e+002 1.136e+001-6.363e+001-3.267e+002 5.311e+003 8.091e+001 3.462e+003
 1.250e+002 2.930e+000 3.600e+001 1.910e+002-3.291e+001-7.926e+000 2.659e+002-5.417e+002 9.014e+003 4.967e+001-9.536e+002-4.259e+001 1.603e+002 1.371e+001-1.260e+002-3.465e+002 3.407e+003 7.850e+001 3.041e+003
 1.380e+002 2.930e+000 3.900e+001 2.373e+002 1.897e+002-7.336e-001 2.572e+002-8.593e+002 1.188e+004 6.871e+001-8.827e+001-5.769e+001 2.455e+002 1.877e+001-9.224e+001-4.029e+002 4.947e+003 9.942e+001 3.272e+003
 1.500e+002 2.930e+000 4.500e+001 2.297e+002 9.719e+001 2.293e+000 1.739e+002-6.072e+002 1.208e+004 2.196e+001-1.444e+002-5.472e+001 1.607e+002 1.542e+001-4.621e+001-2.972e+002 4.823e+003 6.984e+001 2.413e+003
 1.630e+002 2.930e+000 4.500e+001 2.465e+002 2.571e+002-2.021e+000 3.853e+002-3.992e+002 8.721e+003 9.225e+001-4.650e+002-6.436e+001 1.635e+002 2.341e+001-1.324e+002-9.351e+001 3.618e+003 1.317e+001 2.665e+003
 1.750e+002 2.930e+000 3.600e+001 2.334e+002 4.250e+002-4.701e+000 4.882e+002-6.025e+002 1.117e+004 1.755e+002-6.466e+002-6.834e+001 2.263e+002 2.679e+001-1.849e+002-2.737e+002 4.702e+003 6.834e+001 3.471e+003
 1.880e+002 2.930e+000 4.500e+001 5.776e+002 1.290e+003-3.785e+001 1.206e+003-2.412e+003 2.759e+004 7.197e+002-2.049e+003-1.912e+002 8.501e+002 7.690e+001-5.225e+002-1.111e+003 1.250e+004 3.092e+002 7.644e+003
 2.000e+002 2.930e+000 8.700e+001 1.294e+004 6.212e+004-1.460e+003 3.400e+004-1.131e+005 1.467e+006 4.642e+004-8.042e+004-6.332e+003 4.930e+004 3.365e+003-2.278e+004-4.412e+004 6.147e+005 1.810e+004 2.663e+005
 2.130e+002 2.930e+000 5.100e+001 9.837e+002 3.552e+003-1.516e+001 2.416e+003-3.979e+003 5.650e+004 1.495e+003-2.801e+003-3.365e+002 1.456e+003 1.299e+002-9.595e+002-1.845e+003 2.597e+004 6.006e+002 1.431e+004
 2.250e+002 2.930e+000 9.600e+001 2.533e+003 1.449e+004 9.286e+000 8.769e+003-4.346e+003 1.353e+005 4.745e+003 2.060e+003-8.028e+002 1.481e+003 2.698e+002-2.912e+003-2.644e+003 7.410e+004 8.511e+002 4.415e+004
 2.380e+002 2.930e+000 9.600e+001 1.159e+004 7.082e+004 2.146e+002 4.382e+004-1.124e+004 5.441e+005 2.215e+004 1.247e+004-3.624e+003 4.687e+003 1.155e+003-1.370e+004-8.575e+003 3.150e+005 3.384e+003 1.892e+005
 2.500e+002 2.930e+000 9.600e+001 3.250e+005 2.072e+006 7.294e+003 1.260e+006-2.661e+005 1.490e+007 6.417e+005 4.618e+005-1.013e+005 1.157e+005 3.193e+004-3.890e+005-2.245e+005 8.817e+006 9.259e+004 5.288e+006
 2.630e+002 2.930e+000 9.300e+001 8.591e+003 5.051e+004 1.672e+002 3.091e+004-5.298e+003 3.913e+005 1.537e+004 1.400e+004-2.624e+003 2.434e+003 8.209e+002-9.414e+003-5.072e+003 2.214e+005 2.024e+003 1.306e+005
 2.750e+002 2.930e+000 5.400e+001 1.133e+003 5.795e+003-5.988e+000 3.875e+003 1.027e+002 7.368e+004 1.729e+003 3.876e+003-3.346e+002-7.288e+001 1.047e+002-1.172e+003-3.471e+002 3.611e+004 5.488e+001 2.014e+004
 2.880e+002 2.930e+000 7.800e+001 1.107e+003-2.279e+003-2.587e+001 5.028e+002-3.658e+003 1.817e+005-1.373e+002-1.083e+003-2.996e+002 6.289e+002 9.217e+001-3.676e+002-1.683e+003 6.853e+004 2.604e+002 2.884e+004
 3.000e+002 2.930e+000 6.900e+001 3.778e+003-4.591e+004-3.103e+001-1.501e+004-1.022e+005 4.433e+006-7.595e+003-7.342e+004-7.200e+002 1.505e+004 1.682e+002 2.265e+003-4.137e+004 1.761e+006 5.972e+003 7.048e+005
 3.130e+002 2.930e+000 6.600e+001 1.364e+003-3.887e+003-7.226e+001 5.187e+002-2.816e+003 1.199e+005-1.193e+003-6.248e+002-4.352e+002 6.861e+002 1.512e+002-2.019e+002-9.557e+002 4.237e+004 6.914e+001 1.906e+004
 3.250e+002 2.930e+000 9.000e+001 4.161e+003-1.370e+004-2.467e+002 8.013e+002-3.492e+003 8.593e+004-4.355e+003-8.362e+002-1.376e+003 1.857e+003 4.766e+002-3.112e+002-5.284e+002 1.368e+004 4.600e+001 7.898e+003
 3.380e+002 2.930e+000 9.600e+001 2.176e+004-7.653e+004-1.410e+003 2.127e+003-1.579e+004 3.083e+005-2.430e+004-6.090e+003-7.194e+003 1.014e+004 2.478e+003-8.277e+002-1.610e+003 3.989e+003 3.523e+002 5.064e+003
 3.500e+002 2.930e+000 9.600e+001 6.188e+005-2.199e+006-4.013e+004 3.834e+004-4.844e+005 8.234e+006-7.014e+005-2.492e+005-2.062e+005 3.038e+005 7.131e+004-1.678e+004-6.193e+004-7.166e+004 1.806e+004 1.595e+004
 3.630e+002 2.930e+000 9.600e+001 2.279e+004-7.925e+004-1.504e+003 2.019e+003-1.871e+004 3.097e+005-2.493e+004-9.799e+003-7.523e+003 1.140e+004 2.589e+003-8.545e+002-2.487e+003 2.179e+003 6.568e+002 4.086e+003
 3.750e+002 2.930e+000 8.100e+001 3.842e+003-1.359e+004-2.408e+002 4.663e+001-3.945e+003 6.541e+004-4.073e+003-2.747e+003-1.233e+003 2.119e+003 4.150e+002-1.036e+002-9.357e+002 5.930e+003 2.850e+002 2.890e+003
 3.880e+002 2.930e+000 4.800e+001 9.194e+002-3.049e+003-5.285e+001 6.926e+001-1.033e+003 1.878e+004-8.165e+002-8.084e+002-2.777e+002 5.400e+002 8.993e+001-5.365e+001-1.961e+002 2.698e+003 6.368e+001 1.447e+003
 4.000e+002 2.930e+000 4.500e+001 2.947e+003 1.820e+003 2.484e+002 5.109e+003 4.170e+003 2.628e+004 1.328e+003 6.395e+003-1.104e+003-1.206e+003 4.516e+002-2.189e+003 1.843e+003 1.392e+004-1.746e+002 1.374e+004
 4.130e+002 2.930e+000 6.300e+001 5.135e+002-7.542e+002-2.321e+001 4.423e+002-2.564e+002 1.064e+004-1.622e+002-3.138e+002-1.725e+002 1.196e+002 6.329e+001-1.908e+002-3.367e+001 3.286e+003-1.705e+001 2.366e+003
 4.250e+002 2.930e+000 6.600e+001 3.453e+002-7.216e+002-2.377e+001 1.767e+002-3.195e+002 1.232e+004-1.631e+002-2.346e+002-1.039e+002 1.253e+002 3.507e+001-8.162e+001-7.584e+001 3.607e+003-4.082e+000 1.975e+003
 4.380e+002 2.930e+000 5.100e+001 2.233e+002-3.513e+002-1.346e+001 1.998e+002-2.554e+002 1.042e+004-6.839e+001-3.057e+002-6.455e+001 8.578e+001 2.137e+001-7.539e+001-8.614e+001 3.878e+003 7.760e+000 2.261e+003
 4.500e+002 2.930e+000 4.500e+001 3.119e+003 1.754e+004-2.352e+002 1.304e+004 7.312e+003 1.920e+005 4.302e+003 1.758e+004-8.885e+002-3.867e+003 2.772e+002-3.475e+003 2.520e+003 1.117e+005-1.908e+003 7.066e+004
 4.630e+002 2.930e+000 6.300e+001 2.864e+002 1.269e+002-1.594e+001 5.043e+002-8.158e+001 1.939e+004 4.046e+001 1.277e+002-8.698e+001-2.178e+001 2.915e+001-1.598e+002-4.304e+001 8.114e+003-4.032e+001 4.485e+003
 4.750e+002 2.930e+000 3.900e+001 1.064e+002-2.527e+002-4.432e+000 6.922e+001-1.984e+002 1.400e+004-1.558e+001-2.629e+002-2.896e+001 9.418e+000 9.655e+000-4.158e+001-1.040e+002 5.240e+003-7.868e-002 2.483e+003
 4.880e+002 2.930e+000 5.700e+001 1.468e+002-3.320e+002-1.011e+001 9.863e+001-1.242e+002 2.121e+004-6.289e+000-2.366e+002-4.001e+001-4.120e+001 1.361e+001-6.070e+001-1.285e+001 8.401e+003-4.936e+001 3.986e+003
 5.000e+002 2.930e+000 6.300e+001 4.533e+003-8.562e+003-5.634e+002 4.699e+003-4.227e+003 5.965e+004-1.750e+003-6.004e+003-1.244e+003 2.063e+003 4.153e+002-1.448e+003-9.787e+002 9.258e+003-3.947e+002 1.326e+004
 5.130e+002 2.930e+000 4.500e+001 1.153e+002-1.170e+002-1.496e+001 1.660e+002-1.227e+003 5.741e+004 2.610e+002-2.885e+003-2.440e+001 5.121e+001 9.769e+000-1.599e+002-5.393e+002 2.427e+004-1.163e+001 1.092e+004
 5.250e+002 2.930e+000 4.800e+001 1.245e+002-7.208e+002-1.386e+001-9.533e+001-3.099e+003 1.597e+005 5.320e+002-5.367e+003-1.585e+001 1.295e+002 7.099e+000-2.536e+002-1.325e+003 6.675e+004 2.711e+001 2.848e+004
 5.380e+002 2.930e+000 4.800e+001 3.399e+002-4.898e+003-4.351e+001-1.474e+003-1.385e+004 7.764e+005 2.275e+003-2.767e+004-9.209e+000 3.236e+002 1.304e+001-1.000e+003-6.014e+003 3.270e+005 5.264e+001 1.394e+005
 5.500e+002 2.930e+000 9.600e+001 5.144e+004-9.599e+005-7.250e+003-3.125e+005-2.304e+006 1.248e+008 3.664e+005-4.742e+006 9.358e+002 7.654e+004 1.280e+003-1.577e+005-1.003e+006 5.240e+007 1.826e+004 2.218e+007
 5.630e+002 2.930e+000 5.700e+001 5.028e+002-8.878e+003-6.262e+001-2.865e+003-2.145e+004 1.239e+006 3.428e+003-4.166e+004-1.728e+000 4.340e+002 1.590e+001-1.468e+003-9.193e+003 5.135e+005 6.255e+001 2.159e+005
 5.750e+002 2.930e+000 4.800e+001 7.514e+001-8.505e+002-6.242e+000-2.516e+002-2.067e+003 1.129e+005 2.822e+002-4.499e+003-8.084e+000 1.229e+002 3.474e+000-1.296e+002-8.745e+002 4.760e+004 3.157e+001 2.065e+004
 5.880e+002 2.930e+000 4.500e+001 5.443e+001-4.948e+002-2.678e+000-1.649e+002-8.338e+002 4.431e+004 6.880e+001-1.137e+003-7.934e+000 3.617e+001 2.657e+000-3.783e+001-3.617e+002 1.871e+004 8.959e+000 8.127e+003
 6.000e+002 2.930e+000 4.500e+001 1.181e+002-2.451e+002-3.232e+000 1.107e+002-1.524e+003 4.366e+004 8.180e+001-2.360e+003-1.821e+001 1.374e+002 4.667e+000-6.282e+001-5.786e+002 1.805e+004 4.229e+001 9.862e+003
 6.130e+002 2.930e+000 5.700e+001 4.341e+001-1.484e+002-2.153e+000 9.817e+000-3.522e+002 2.044e+004 4.952e+001-8.613e+002-8.755e+000-2.487e+000 3.132e+000-3.415e+001-1.565e+002 8.553e+003-6.321e+000 3.893e+003
 6.250e+002 2.930e+000 4.800e+001 4.352e+001-1.904e+002-2.064e+000 6.443e+000-3.203e+002 1.154e+004 9.517e+000-6.100e+002-9.769e+000 6.120e+001 3.009e+000-2.526e+001-1.379e+002 4.524e+003 1.696e+001 3.144e+003
 6.380e+002 2.930e+000 4.800e+001 8.728e+001-2.809e+002-2.724e+000 6.887e+001-4.163e+002 9.502e+003-2.534e+001-8.652e+002-2.352e+001 8.738e+001 7.355e+000-4.036e+001-1.437e+002 3.169e+003 2.172e+001 1.544e+003
 6.500e+002 2.930e+000 5.400e+001 6.899e+004-4.853e+005 1.004e+003-4.574e+004-1.858e+005 3.944e+006-1.569e+005-2.590e+005-2.192e+004 5.160e+004 6.986e+003 1.534e+004-5.401e+004 4.794e+005 1.636e+004 7.802e+004
 6.630e+002 2.930e+000 5.400e+001 5.729e+001-5.231e+002-1.861e-001-1.090e+002-3.192e+002 1.372e+004-9.992e+001-5.189e+002-1.283e+001 3.841e+001 3.784e+000 1.574e+001-1.232e+002 4.446e+003 1.282e+001 1.689e+003
 6.750e+002 2.930e+000 4.200e+001 2.456e+001-1.497e+002 5.813e-002-2.288e+001-1.122e+002 4.055e+003-1.749e+001-1.917e+002-4.550e+000 4.578e+000 1.346e+000 2.313e-002-4.603e+001 1.393e+003 6.784e-001 6.100e+002
 6.880e+002 2.930e+000 3.900e+001 1.646e+001-1.430e+002-1.560e-001-3.611e+001-8.901e+001 4.203e+003-2.027e+001-1.904e+002-3.209e+000 5.560e+000 9.531e-001 3.526e+000-4.010e+001 1.534e+003 1.534e+000 7.719e+002
 7.000e+002 2.930e+000 3.000e+001 3.301e+002-3.995e+002 5.410e+001 3.898e+002 6.062e+002 4.648e+003 3.018e+001 1.034e+003-8.024e+001-2.186e+002 2.956e+001-1.494e+002 2.646e+002 1.324e+003-2.849e+000 1.327e+003
 7.130e+002 2.930e+000 4.500e+001 1.284e+001-5.488e+001-2.088e-002-1.356e+001-2.805e+001 2.974e+003-4.066e-001 2.838e+000-2.641e+000-1.851e-001 9.213e-001-1.672e+000-1.391e+001 1.101e+003-3.509e-001 5.756e+002
 7.250e+002 2.930e+000 3.600e+001 1.153e+001-3.540e+001-3.202e-001 2.520e+000-5.141e+001 1.649e+003-7.231e-001-1.021e+002-1.928e+000 5.466e+000 6.366e-001-3.651e+000-1.302e+001 5.606e+002-1.238e+000 3.060e+002
 7.380e+002 2.930e+000 4.800e+001 1.847e+001-7.586e+001-5.158e-002-4.888e+000-8.741e+001 2.266e+003-1.023e+001-1.826e+002-3.766e+000 1.141e+001 1.113e+000-6.727e-001-2.589e+001 7.412e+002 1.167e+000 3.614e+002
 7.500e+002 2.930e+000 5.400e+001 7.901e+001 7.112e+002-5.627e+000 5.139e+002 5.746e+002 2.754e+004 3.522e+002 1.188e+003-3.263e+001-4.861e+002 1.752e+001-2.388e+002 2.755e+002 1.443e+004-2.470e+002 8.037e+003
 7.630e+002 2.930e+000 5.400e+001 2.041e+001-8.338e+001-5.864e-002-5.460e+000-9.723e+001 2.598e+003-8.976e+000-1.633e+002-3.790e+000 1.055e+001 1.041e+000-8.704e-001-2.779e+001 8.743e+002 1.178e-001 4.315e+002
 7.750e+002 2.930e+000 4.200e+001 1.139e+001-5.090e+001-1.937e-002-6.090e+000-3.309e+001 1.558e+003-3.882e+000-7.301e+001-1.903e+000 1.893e+000 7.042e-001-6.632e-001-1.506e+001 5.820e+002-7.620e-001 3.539e+002
 7.880e+002 2.930e+000 6.000e+001 2.161e+001-9.366e+001 7.983e-004-9.036e+000-5.491e+001 2.347e+003-4.000e+000-1.006e+002-3.682e+000-2.924e+000 1.302e+000-4.518e+000-1.653e+001 8.055e+002-4.806e+000 4.037e+002
 8.000e+002 2.930e+000 5.700e+001 3.225e+002-9.656e+002-5.168e+001 5.393e+002-2.657e+003 2.721e+004 2.048e+002-7.931e+003-8.390e+001 8.246e+002 3.155e+001-3.355e+002-1.123e+003 8.640e+003 1.895e+002 5.398e+003
 8.130e+002 2.930e+000 2.700e+001 1.561e+001-9.649e+001 5.850e-001-2.069e+001-3.602e+001 1.402e+003-1.571e+001 1.205e+001-2.726e+000 6.581e-002 7.714e-001 1.940e+000-1.564e+001 3.744e+002 3.770e-001 1.737e+002
 8.250e+002 2.930e+000 4.200e+001 3.717e+001-2.620e+002 3.051e+000-4.739e+001-6.326e+001 2.868e+003-3.763e+001-9.329e+001-5.699e+000-1.488e+001 1.574e+000 5.234e+000-2.460e+001 6.995e+002-1.998e+000 2.548e+002
 8.380e+002 2.930e+000 1.020e+002 2.995e+002-2.188e+003 3.143e+001-5.450e+002-3.361e+002 1.991e+004-2.981e+002-7.755e+002-4.061e+001-2.185e+002 1.097e+001 7.278e+001-1.708e+002 5.608e+003-5.644e+001 1.916e+003
 8.500e+002 2.930e+000 9.000e+001 1.122e+004-8.299e+004 1.500e+003-2.203e+004-8.597e+003 6.341e+005-1.295e+004-2.125e+004-1.645e+003-9.953e+003 4.675e+002 3.578e+003-4.936e+003 1.749e+005-2.428e+003 5.225e+004
 8.630e+002 2.930e+000 6.000e+001 1.217e+002-8.695e+002 1.267e+001-2.046e+002-1.239e+002 8.077e+003-9.506e+001-3.113e+002-1.497e+001-8.955e+001 4.629e+000 1.972e+001-5.449e+001 2.198e+003-2.436e+001 7.682e+002
 8.750e+002 2.930e+000 3.000e+001 2.847e+001-2.028e+002 1.591e+000-3.180e+001-8.425e+001 2.718e+003-2.030e+001-1.048e+002-3.367e+000-1.081e+001 1.076e+000 2.626e+000-2.491e+001 6.939e+002-4.182e+000 2.578e+002
 8.880e+002 2.930e+000 7.500e+001 2.926e+001-1.572e+002 2.495e-001-4.662e+000-9.239e+001 2.859e+003-2.294e+001-1.282e+002-4.641e+000-3.735e+000 1.795e+000-2.688e+000-3.923e+001 7.934e+002-4.469e+000 4.045e+002
 9.000e+002 2.930e+000 3.600e+001 4.244e+001-1.132e+002-2.519e+000 6.405e+001-3.485e+002 6.313e+003 1.844e+000-8.597e+002-9.759e+000 7.297e+001 3.089e+000-2.661e+001-1.049e+002 1.944e+003 1.075e+001 1.011e+003
 9.130e+002 2.930e+000 3.600e+001 8.211e+001-4.868e+002 3.758e+000-3.555e+000-1.769e+002 4.781e+003-9.420e+001-2.438e+002-1.345e+001 1.064e+001 2.970e+000 1.625e+000-4.661e+001 4.065e+002 5.697e+000 1.657e+002
 9.250e+002 2.930e+000 4.500e+001 1.075e+002-6.760e+002 2.413e+000-3.055e+001-1.083e+002 5.602e+003-1.564e+002-1.457e+002-2.437e+001 9.462e+000 6.811e+000 4.261e+000-3.222e+001 6.246e+002 2.042e+000 2.426e+002
 9.380e+002 2.930e+000 9.600e+001 4.022e+002-3.323e+003-9.454e+000-2.339e+002 2.879e+001 3.252e+004-1.171e+003 1.766e+003-1.397e+002 1.237e+001 5.159e+001 8.329e+001 1.864e+002 3.651e+003-9.188e+001 1.052e+003
 9.500e+002 2.930e+000 9.600e+001 1.064e+004-8.717e+004-2.593e+002-5.039e+003 1.397e+004 7.814e+005-3.423e+004 7.907e+004-4.082e+003-3.914e+003 1.599e+003 2.226e+003 9.902e+003 7.210e+004-4.051e+003 1.961e+004
 9.630e+002 2.930e+000 6.900e+001 3.459e+002-2.790e+003-5.990e+000-1.751e+002 3.704e+002 2.587e+004-9.436e+002 1.485e+003-1.156e+002-1.210e+002 4.081e+001 5.790e+001 2.032e+002 2.776e+003-8.919e+001 8.253e+002
 9.750e+002 2.930e+000 5.700e+001 7.716e+001-5.902e+002 1.814e+000-6.180e+001 8.854e+001 6.257e+003-1.599e+002 1.582e+002-2.079e+001-5.805e+001 6.755e+000 1.506e+001 2.797e+001 1.104e+003-2.100e+001 3.692e+002
 9.880e+002 2.930e+000 6.300e+001 5.408e+001-3.955e+002-7.357e-001-2.865e+001-9.244e+001 5.387e+003-7.899e+001-2.587e+002-1.179e+001 4.380e-001 3.693e+000 4.436e-001-4.668e+001 1.048e+003-2.448e+000 4.040e+002
 1.000e+003 2.930e+000 2.400e+002 4.489e+002-4.388e+003 6.392e+000-5.541e+002-4.132e+003 1.406e+005-1.076e+003-9.998e+003-5.549e+001 6.591e+002 1.879e+001 7.376e+001-1.508e+003 2.403e+004 1.200e+002 7.825e+003
 1.130e+003 2.930e+000 3.600e+002 2.884e+003-1.912e+004-1.081e+002 3.580e+003-2.317e+004 3.508e+005-3.683e+003-8.157e+004-6.678e+002 6.056e+003 1.660e+002-1.157e+003-7.883e+003 4.560e+004 1.617e+003 2.896e+004
 1.250e+003 2.930e+000 3.360e+002 1.004e+003-8.903e+003 3.514e+001-3.924e+002-5.205e+003 1.486e+005-2.857e+003-4.586e+003-2.850e+002 1.145e+003 8.932e+001 1.137e+002-6.491e+002 1.102e+004 1.244e+002 1.921e+003
 1.380e+003 2.930e+000 5.370e+002 3.258e+002-3.429e+003 7.613e+000-2.531e+002-2.894e+003 1.093e+005-7.136e+002-7.106e+003-4.853e+001 5.039e+002 1.167e+001 4.378e+001-6.369e+002 1.169e+004 9.218e+001 2.397e+003
 1.500e+003 2.930e+000 6.900e+001 3.032e+002-3.099e+003 4.609e+000-4.993e+002-2.230e+003 4.965e+004-4.620e+002-3.729e+003-4.343e+001 2.634e+002 6.778e+000 7.354e+001-7.227e+002 1.102e+004 9.037e+001 2.877e+003
 1.630e+003 2.930e+000 7.200e+001 1.992e+002-1.795e+003-1.127e+000-2.161e+002-1.464e+003 2.738e+004-2.397e+002-2.545e+003-2.772e+001 2.118e+002 4.136e+000 2.475e+001-4.607e+002 5.527e+003 6.276e+001 1.640e+003
 1.750e+003 2.930e+000 4.800e+001 1.125e+003-9.745e+003-4.235e-001-7.651e+002-8.338e+003 1.470e+005-1.434e+003-1.735e+004-1.654e+002 1.225e+003 2.514e+001 1.115e+002-2.630e+003 2.631e+004 3.819e+002 7.659e+003
 1.880e+003 2.930e+000 7.200e+001 2.025e+003-1.756e+004-3.507e+001-1.578e+003-1.583e+004 2.774e+005-2.186e+003-3.410e+004-2.880e+002 2.545e+003 4.414e+001 1.020e+002-5.311e+003 5.589e+004 7.544e+002 1.603e+004
 2.000e+003 2.930e+000 7.200e+001 2.680e+003-2.196e+004-1.265e+002-1.229e+003-2.356e+004 3.910e+005-1.397e+003-5.836e+004-3.163e+002 3.733e+003 4.924e+001-2.732e+002-8.355e+003 8.499e+004 9.849e+002 2.747e+004
 2.130e+003 2.930e+000 4.800e+001 3.828e+002-3.121e+003-2.082e+001-2.076e+002-3.649e+003 6.164e+004-7.769e+001-9.235e+003-3.648e+001 4.805e+002 6.678e+000-6.217e+001-1.355e+003 1.520e+004 1.164e+002 5.281e+003
 2.250e+003 2.930e+000 7.200e+001 1.373e+002-1.027e+003-7.322e+000-4.846e+001-1.324e+003 2.141e+004-3.127e+001-3.039e+003-1.547e+001 1.905e+002 2.841e+000-2.360e+001-4.578e+002 5.084e+003 4.642e+001 1.694e+003
 2.380e+003 2.930e+000 6.000e+001 1.704e+002-1.372e+003-3.454e+000-1.048e+002-1.527e+003 2.688e+004-1.885e+002-2.769e+003-2.940e+001 2.287e+002 7.372e+000 3.061e-001-4.603e+002 5.940e+003 5.161e+001 1.775e+003
 2.500e+003 2.930e+000 4.200e+001 2.606e+001-2.264e+002-6.790e-001-2.219e+001-2.774e+002 5.543e+003-6.116e+000-6.623e+002-2.184e+000 1.201e+001 8.261e-001-3.732e+000-1.035e+002 1.564e+003 1.346e+000 5.618e+002
 2.630e+003 2.930e+000 6.300e+001 3.450e+001-2.721e+002-2.166e+000-1.013e+001-3.269e+002 5.529e+003-1.429e+001-8.381e+002-4.774e+000 5.870e+001 9.944e-001-6.865e+000-1.150e+002 1.262e+003 1.448e+001 4.469e+002
 2.750e+003 2.930e+000 6.600e+001 3.285e+001-3.344e+002 9.343e-002-3.504e+001-3.355e+002 7.097e+003-3.337e+001-7.390e+002-3.246e+000 2.903e+001 4.383e-001 3.186e+000-1.104e+002 1.578e+003 9.439e+000 5.652e+002
 2.880e+003 2.930e+000 4.200e+001 8.641e+000-5.767e+001-6.613e-001 3.662e-001-8.043e+001 1.277e+003-1.246e+000-1.625e+002-1.324e+000 1.514e+001 3.352e-001-1.528e+000-2.045e+001 2.878e+002 2.060e+000 6.916e+002
 3.000e+003 2.930e+000 6.900e+001 2.297e+001-1.992e+002-2.101e+000 1.248e+001-2.403e+002 4.649e+003-3.135e+001-6.500e+002-6.610e+000 9.457e+001 2.657e+000-1.191e+001-4.958e+001 4.560e+002 1.179e+001 2.529e+002
 3.130e+003 2.930e+000 6.000e+001 9.131e+000-7.160e+001-4.887e-001-1.816e+000-8.209e+001 1.485e+003-5.557e+000-1.905e+002-1.378e+000 1.473e+001 3.266e-001-1.645e+000-2.500e+001 2.931e+002 3.055e+000 1.192e+002
 3.250e+003 2.930e+000 4.200e+001 1.927e+001-1.789e+002 5.019e-001-1.889e+001-1.889e+002 3.612e+003-3.010e+001-2.653e+002-2.689e+000 2.140e+001 4.834e-001 3.419e+000-4.845e+001 6.646e+002 5.577e+000 1.603e+002
 3.380e+003 2.930e+000 6.600e+001 3.048e+001-3.149e+002-8.370e-001-2.467e+001-2.675e+002 5.898e+003-3.057e+001-6.270e+002-3.853e+000 3.957e+001 6.706e-001-3.587e-001-8.140e+001 1.062e+003 9.017e+000 2.938e+002
 3.500e+003 2.930e+000 7.200e+001 4.045e+002-3.460e+003-2.237e+001-7.254e+001-3.867e+003 6.690e+004-2.485e+002-9.865e+003-5.436e+001 7.059e+002 8.733e+000-6.048e+001-1.236e+003 1.255e+004 1.680e+002 3.853e+003
 3.630e+003 2.930e+000 4.800e+001 9.482e+001-1.003e+003 1.816e+000-7.301e+001-6.258e+002 1.532e+004-1.704e+002-1.078e+003-1.558e+001 7.310e+001 2.912e+000 1.087e+001-1.533e+002 2.010e+003 1.998e+001 4.146e+002
 3.750e+003 2.930e+000 7.200e+001 3.678e+001-3.705e+002-2.269e-001-2.732e+001-3.080e+002 6.550e+003-4.119e+001-6.565e+002-4.532e+000 3.707e+001 7.464e-001 1.085e+000-8.865e+001 1.107e+003 9.253e+000 2.932e+002
 3.880e+003 2.930e+000 7.200e+001 1.064e+002-1.079e+003 5.950e-001-6.782e+001-7.664e+002 1.693e+004-1.588e+002-1.509e+003-1.554e+001 9.976e+001 2.594e+000 8.601e+000-1.977e+002 2.286e+003 2.513e+001 5.174e+002
 4.000e+003 2.930e+000 4.800e+001 7.559e+001-7.331e+002-6.249e-001-7.782e+001-5.780e+002 1.165e+004-9.392e+001-1.100e+003-1.026e+001 8.393e+001 1.555e+000 9.401e+000-1.741e+002 2.111e+003 2.362e+001 1.284e+003
 4.130e+003 2.930e+000 7.200e+001 1.939e+002-1.867e+003-3.908e+000-7.169e+001-1.664e+003 3.251e+004-1.761e+002-3.932e+003-2.209e+001 2.277e+002 2.945e+000-3.231e+000-4.679e+002 4.784e+003 5.322e+001 1.317e+003
 4.250e+003 2.930e+000 7.200e+001 3.566e+002-3.185e+003-1.413e+001 6.276e+001-2.794e+003 5.051e+004-3.343e+002-7.301e+003-4.989e+001 5.193e+002 7.911e+000-4.065e+001-7.602e+002 5.419e+003 1.022e+002 1.683e+003
 4.380e+003 2.930e+000 4.800e+001 5.097e+001-4.956e+002-1.398e+000-1.686e+001-4.433e+002 8.784e+003-4.669e+001-1.017e+003-6.108e+000 6.946e+001 1.067e+000-2.669e+000-1.172e+002 1.190e+003 1.343e+001 2.989e+002
 4.500e+003 2.930e+000 6.900e+001 1.318e+002-1.253e+003-2.318e+000-1.736e+001-1.193e+003 2.295e+004-1.105e+002-2.823e+003-1.409e+001 1.523e+002 2.231e+000-7.716e+000-3.108e+002 3.017e+003 3.032e+001 7.938e+002
 4.630e+003 2.930e+000 7.200e+001 2.039e+001-1.800e+002 9.691e-002 2.370e+000-1.946e+002 3.585e+003-3.023e+001-4.087e+002-3.222e+000 3.675e+001 1.159e+000-3.440e+000-3.972e+001 3.386e+002 4.466e+000 1.067e+002
 4.750e+003 2.930e+000 4.800e+001 2.194e+001-2.014e+002 3.007e-001-1.408e-001-2.122e+002 4.009e+003-3.079e+001-4.664e+002-2.984e+000 3.175e+001 1.001e+000-2.267e+000-4.776e+001 4.449e+002 4.274e+000 1.326e+002
 4.880e+003 2.930e+000 6.900e+001 2.765e+001-2.398e+002-3.896e-001 4.040e+000-2.481e+002 4.492e+003-2.126e+001-6.781e+002-2.696e+000 3.849e+001 1.308e+000-6.240e+000-6.861e+001 5.397e+002 2.795e+000 2.170e+002
 5.000e+003 2.930e+000 6.900e+001 1.156e+001-1.071e+002-4.160e-001 1.136e+001-1.161e+002 2.302e+003-2.332e+001-3.311e+002-2.833e+000 4.108e+001 1.565e+000-7.231e+000-1.938e+001 5.750e+001 1.552e+000 8.393e+001
 5.130e+003 2.930e+000 4.800e+001 5.785e+000-5.177e+001-5.570e-001 9.888e+000-6.252e+001 1.233e+003-1.216e+001-2.064e+002-1.790e+000 3.006e+001 1.219e+000-5.154e+000-8.963e+000-1.125e+001-5.985e-001 1.030e+002
 5.250e+003 2.930e+000 6.000e+001 4.068e+000-3.967e+001-5.545e-002 7.889e+000-5.088e+001 1.115e+003-1.973e+001-1.411e+002-2.045e+000 3.115e+001 1.516e+000-5.515e+000-2.212e+000-5.816e+001-2.452e-001 5.246e+001
 5.380e+003 2.930e+000 6.000e+001 5.776e+000-5.198e+001-2.654e-002 1.012e+001-6.704e+001 1.356e+003-2.288e+001-1.876e+002-2.518e+000 3.639e+001 1.803e+000-7.697e+000-3.884e+000-6.383e+001-5.390e-001 5.572e+001
 5.500e+003 2.930e+000 4.200e+001 2.969e+000-2.591e+001-4.650e-002 5.880e+000-3.721e+001 7.513e+002-1.488e+001-9.901e+001-1.657e+000 2.458e+001 1.265e+000-4.931e+000-1.007e+000-4.990e+001-2.769e-001 2.597e+001
 5.630e+003 2.930e+000 6.900e+001 1.614e+001-1.413e+002 7.719e-001 7.982e+000-1.453e+002 2.699e+003-4.638e+001-2.262e+002-4.547e+000 4.345e+001 2.577e+000-7.365e+000-1.199e+001 1.989e+001-4.526e-001 6.392e+001
 5.750e+003 2.930e+000 6.600e+001 5.445e+000-4.485e+001-3.816e-001 8.784e+000-6.509e+001 1.268e+003-1.393e+001-1.927e+002-2.104e+000 3.467e+001 2.120e+000-1.002e+001-6.409e+000-1.359e+001-4.049e+000 9.692e+001
 5.880e+003 2.930e+000 4.500e+001 3.284e+000-2.287e+001-1.598e-002 4.716e+000-3.429e+001 5.955e+002-8.914e+000-9.184e+001-1.134e+000 1.780e+001 1.326e+000-5.934e+000-2.481e+000-2.816e+001-2.720e+000 4.949e+001
 6.000e+003 2.930e+000 6.900e+001 1.466e+001-1.104e+002 1.437e-001 1.433e+001-1.538e+002 3.201e+003-3.515e+001-4.201e+002-4.132e+000 6.684e+001 3.198e+000-1.315e+001-1.739e+001-7.958e-002-2.460e+000 1.232e+002
 6.130e+003 2.930e+000 7.200e+001 4.391e+000-3.589e+001-2.314e-001 5.634e+000-4.730e+001 8.924e+002-1.262e+001-1.329e+002-1.487e+000 2.349e+001 2.079e+000-9.086e+000-6.403e+000-4.045e+000-5.077e+000 9.185e+001
 6.250e+003 2.930e+000 3.000e+001 3.488e+000-2.487e+001 1.421e-001 6.515e+000-3.834e+001 6.686e+002-1.350e+001-1.036e+002-1.441e+000 2.120e+001 1.707e+000-6.792e+000-2.350e+000-5.107e+001-3.727e+000 6.365e+001
 6.380e+003 2.930e+000 5.700e+001 3.071e+000-2.065e+001 2.164e-001 2.969e+000-3.637e+001 6.579e+002-1.242e+001-1.143e+002-1.178e+000 1.928e+001 1.815e+000-8.260e+000-6.314e+000 4.937e+001-4.487e+000 4.106e+002
 6.500e+003 2.930e+000 6.000e+001 3.326e+000-2.062e+001 7.568e-001 1.402e+000-3.707e+001 6.237e+002-1.832e+001-3.000e+001-1.301e+000 1.627e+001 1.995e+000-5.808e+000 8.146e-001-4.022e+001-5.190e+000 6.011e+001
 6.630e+003 2.930e+000 4.500e+001 3.734e+000-2.399e+001 3.541e-001 3.330e+000-4.327e+001 7.167e+002-1.350e+001-6.506e+001-1.256e+000 1.788e+001 1.725e+000-5.657e+000-2.184e+000-2.030e+001-4.760e+000 5.896e+001
 6.750e+003 2.930e+000 6.300e+001 4.022e+000-3.051e+001 4.693e-001 2.679e+000-4.437e+001 8.102e+002-1.661e+001-7.876e+001-1.313e+000 1.742e+001 2.015e+000-6.633e+000-3.491e+000-1.306e-001-4.876e+000 6.672e+001
 6.880e+003 2.930e+000 6.300e+001 4.737e+000-3.705e+001 7.439e-001-1.357e+000-5.126e+001 9.581e+002-1.549e+001-6.153e+001-9.516e-001 1.327e+001 1.932e+000-6.357e+000-5.728e+000 4.160e+001-5.849e+000 8.493e+001
 7.000e+003 2.930e+000 4.200e+001 2.500e+000-1.538e+001 6.093e-001-5.125e-001-2.591e+001 4.001e+002-1.236e+001-1.162e+001-6.933e-001 7.527e+000 1.595e+000-4.993e+000-1.063e+000-6.423e+000-5.256e+000 5.147e+001
 7.130e+003 2.930e+000 6.600e+001 5.695e+000-4.703e+001 8.278e-001 1.008e+000-5.983e+001 1.120e+003-2.433e+001-4.534e+001-1.622e+000 1.532e+001 2.110e+000-5.638e+000-3.820e+000 1.804e+001-6.286e+000 7.869e+001
 7.250e+003 2.930e+000 6.300e+001 5.369e+000-3.722e+001 1.158e+000-1.703e+000-5.708e+001 9.417e+002-2.125e+001-2.803e+001-1.267e+000 1.294e+001 2.054e+000-5.582e+000-2.483e+000 1.048e+001-5.124e+000 5.828e+001
 7.380e+003 2.930e+000 4.200e+001 2.199e+000-1.439e+001 4.291e-001 3.634e+000-2.490e+001 4.240e+002-1.263e+001-4.384e+001-1.153e+000 1.418e+001 1.316e+000-4.343e+000 1.038e+000-5.156e+001-2.873e+000 3.986e+001
 7.500e+003 2.930e+000 6.300e+001 7.897e+000-6.190e+001 1.137e+000 2.774e+000-7.565e+001 1.334e+003-2.505e+001-1.536e+002-1.963e+000 1.617e+001 1.905e+000-5.846e+000-9.687e+000 8.628e+001-5.316e+000 3.037e+002
 7.630e+003 2.930e+000 4.800e+001 4.483e+000-3.060e+001 7.542e-001 4.986e+000-5.022e+001 8.375e+002-2.076e+001-8.693e+001-1.939e+000 2.092e+001 1.673e+000-4.896e+000-7.183e-001-4.039e+001-2.025e+000 4.521e+001
 7.750e+003 2.930e+000 4.500e+001 3.871e+000-3.117e+001 1.808e-001 2.931e+000-4.235e+001 8.276e+002-9.598e+000-8.669e+001-1.065e+000 1.423e+001 8.704e-001-3.160e+000-3.478e+000 1.080e+001-1.019e+000 3.405e+001
 7.880e+003 2.930e+000 6.000e+001 5.214e+000-2.801e+001 1.242e+000 3.623e+000-5.788e+001 1.130e+003-1.878e+001-1.475e+002-1.994e+000 3.146e+001 3.064e+000-1.065e+001 3.118e+000-1.340e+002-1.217e+001 1.291e+002
 8.000e+003 2.930e+000 7.200e+001 9.587e+000 2.764e+001 3.699e+000 1.473e+001-1.670e+002 5.636e+003 3.423e+001-1.473e+003-8.340e+000 2.737e+002 1.701e+001-6.918e+001 4.953e+001-1.313e+003-9.416e+001 8.549e+002
 8.130e+003 2.930e+000 4.200e+001 2.259e+000-6.584e+000 4.777e-001 1.396e-001-2.389e+001 4.020e+002-7.249e+000-4.542e+001-5.126e-001 1.139e+001 1.435e+000-5.159e+000-2.152e+000-1.667e+001-6.669e+000 7.863e+001
 8.250e+003 2.930e+000 5.100e+001 3.715e+000-2.741e+001 8.806e-001 4.109e-001-3.762e+001 7.044e+002-1.881e+001-4.252e+000-1.072e+000 9.534e+000 1.871e+000-6.603e+000 5.766e-001-2.913e+001-6.703e+000 7.260e+001
 8.380e+003 2.930e+000 4.800e+001 5.229e+000-3.712e+001 4.681e-001 2.354e+000-4.800e+001 8.457e+002-1.295e+001-6.723e+001-7.889e-001 1.190e+001 1.876e+000-6.295e+000-5.660e+000 5.659e+000-6.683e+000 8.021e+001
 8.500e+003 2.930e+000 3.300e+001 2.481e+000-1.597e+001 4.539e-001 1.671e+000-2.480e+001 4.017e+002-1.139e+001-1.034e+001-7.506e-001 6.974e+000 9.748e-001-3.386e+000-7.600e-001-1.930e+001-4.298e+000 6.406e+001
 8.630e+003 2.930e+000 6.900e+001 5.283e+000-3.876e+001 6.071e-001 2.985e+000-5.063e+001 8.722e+002-1.973e+001-3.166e+001-1.685e+000 1.544e+001 1.681e+000-3.940e+000 2.104e+000 3.238e+000-6.200e+000 2.451e+002
 8.750e+003 2.930e+000 5.100e+001 3.636e+000-2.010e+001 4.317e-001 4.416e+000-3.917e+001 5.711e+002-1.215e+001-6.720e+001-1.144e+000 1.225e+001 9.121e-001-2.818e+000-3.515e+000 1.029e+000-9.984e-001 4.104e+001
 8.880e+003 2.930e+000 3.900e+001 2.268e+000-1.390e+001 3.848e-001 2.797e+000-2.257e+001 3.397e+002-9.445e+000-2.199e+001-8.414e-001 7.587e+000 6.993e-001-1.868e+000 8.717e-001-2.828e+001-1.138e+000 1.703e+001
 9.000e+003 2.930e+000 6.300e+001 3.503e+000-2.228e+001 5.752e-002 3.819e+000-3.328e+001 5.254e+002-8.822e+000-5.922e+001-9.908e-001 1.256e+001 1.533e+000-7.102e+000-3.871e+000-6.542e+000-5.536e+000 8.482e+001
 9.130e+003 2.930e+000 5.100e+001 2.002e+000-9.979e+000 3.256e-001 2.031e+000-2.240e+001 3.331e+002-7.498e+000-2.763e+001-5.790e-001 6.667e+000 7.079e-001-2.217e+000-8.791e-001-9.056e+000-1.554e+000 2.250e+001
 9.250e+003 2.930e+000 3.600e+001 1.465e+000-8.190e+000 1.142e-001 1.661e+000-1.454e+001 2.161e+002-3.470e+000-2.784e+001-3.140e-001 5.349e+000 8.255e-001-3.098e+000-1.305e+000-1.285e+001-3.879e+000 4.399e+001
 9.380e+003 2.930e+000 5.100e+001 2.143e+000-1.348e+001 2.906e-002 2.452e+000-2.340e+001 3.742e+002-4.365e+000-3.929e+001-5.515e-001 6.611e+000 6.366e-001-2.741e+000-2.088e+000 5.639e+000-1.968e+000 3.233e+001
 9.500e+003 2.930e+000 6.300e+001 2.733e+000-1.754e+001 4.248e-001-4.459e-001-2.785e+001 4.342e+002-1.005e+001 3.149e+000-6.583e-001 6.891e+000 1.105e+000-2.596e+000-3.042e-001-8.747e+000-3.814e+000 3.413e+001
 9.630e+003 2.930e+000 4.500e+001 1.539e+000-1.249e+001 6.780e-002 5.213e-001-1.430e+001 2.596e+002-4.431e+000-4.197e+000-4.000e-001 3.873e+000 6.419e-001-3.347e+000-3.385e-001-4.505e+000-2.713e+000 4.247e+001
 9.750e+003 2.930e+000 6.600e+001 2.844e+000-1.698e+001 2.112e-001 3.129e-001-2.495e+001 3.548e+002-4.461e+000-3.205e+001-3.264e-001 3.316e+000 5.535e-001-1.660e+000-4.196e+000 3.180e+001-2.442e+000 5.053e+001
 9.880e+003 2.930e+000 6.900e+001 4.049e+000-3.051e+001 1.275e-001-3.721e-002-3.235e+001 5.494e+002-7.942e+000-3.855e+001-5.547e-001 6.440e+000 1.298e+000-4.389e+000-6.270e+000 3.851e+001-6.650e+000 1.180e+002
 1.000e+004 2.930e+000 3.150e+002 1.928e+001-1.087e+002 7.669e-001-4.538e+000-1.537e+002 2.109e+003-2.554e+001-9.713e+001-8.920e-002 1.165e+001 8.594e+000-3.138e+001-3.525e+001 1.872e+002-5.014e+001 5.352e+002
 1.130e+004 2.930e+000 5.580e+002 3.591e+001-1.978e+002 3.235e+000-3.260e+001-3.098e+002 4.122e+003-4.475e+001-2.054e+002 2.909e+000-5.809e+000 1.508e+001-5.115e+001-9.133e+001 6.810e+002-9.379e+001 1.167e+003
 1.250e+004 2.930e+000 5.820e+002 1.721e+001-9.791e+001 1.325e+000-1.396e+001-1.474e+002 2.047e+003-1.858e+001-1.129e+002 1.803e+000-1.652e+000 8.330e+000-2.769e+001-4.305e+001 2.939e+002-4.882e+001 5.315e+002
 1.380e+004 2.930e+000 5.910e+002 1.967e+001-1.275e+002 1.126e+000-1.107e+001-1.719e+002 2.579e+003-2.364e+001-1.708e+002 4.679e-001 1.102e+001 7.743e+000-2.668e+001-3.967e+001 2.707e+002-4.261e+001 5.448e+002
 1.500e+004 2.930e+000 5.610e+002 1.565e+001-1.057e+002 5.165e-001 3.421e+000-1.414e+002 2.200e+003-2.727e+001-2.086e+002-1.616e+000 3.290e+001 6.435e+000-2.406e+001-2.021e+001 2.884e+001-2.792e+001 3.317e+002
 1.630e+004 2.930e+000 4.680e+002 7.265e+000-3.851e+001 5.877e-001-4.099e+000-6.616e+001 1.141e+003-1.956e+001-4.563e+001 1.198e-001 1.045e+001 4.463e+000-1.752e+001-1.204e+001-3.114e-001-2.137e+001 2.284e+002
 1.750e+004 2.930e+000 3.960e+002 2.998e+000-1.043e+001 8.851e-001-6.535e+000-2.760e+001 3.787e+002-1.001e+001 3.274e+001 2.486e-001 4.533e-001 2.522e+000-8.218e+000-2.276e+000 6.874e+000-1.367e+001 1.315e+002
 1.880e+004 2.930e+000 3.780e+002 2.804e+000-9.879e+000 1.268e+000-7.443e+000-2.374e+001 3.048e+002-1.567e+001 5.254e+001 2.010e-001 3.124e+000 3.731e+000-1.285e+001-4.864e-001-3.899e+001-2.059e+001 1.871e+002
 2.000e+004 2.930e+000 4.230e+002 8.040e+000-5.906e+000 6.859e+000-8.336e+001-4.782e+001 3.380e+002-3.808e+001 4.690e+002 1.023e+001-6.086e+001 2.183e+001-7.721e+001-4.662e+001 2.938e+002-1.478e+002 1.305e+003
 2.130e+004 2.930e+000 3.210e+002 1.583e+000-3.683e+000 1.093e+000-9.367e+000-1.228e+001 1.624e+002-1.218e+001 5.971e+001 6.973e-001 1.986e+000 4.661e+000-1.615e+001-2.183e+000-3.521e+001-2.784e+001 2.414e+002
 2.250e+004 2.930e+000 3.630e+002 5.574e+000-3.570e+001 1.377e+000 1.107e+001-6.543e+001 1.075e+003-5.327e+001 3.055e+001-4.991e+000 5.635e+001 7.219e+000-2.491e+001 2.518e+001-4.194e+002-3.207e+001 2.469e+002
 2.380e+004 2.930e+000 3.570e+002 6.850e+000-3.833e+001-3.285e-002 1.024e+001-1.046e+002 1.890e+003-1.806e+001-9.765e+001-3.223e+000 5.380e+001 2.312e+000-6.855e+000 1.274e+001-2.766e+002-9.546e+000 7.444e+001
 2.500e+004 2.930e+000 1.680e+002 5.158e-001-2.667e+000-2.905e-002 8.188e-001-4.787e+000 6.908e+001-8.784e-001-1.218e+001-2.157e-001 2.812e+000 3.506e-001-1.130e+000 1.455e-001-7.290e+000-1.585e+000 2.632e+001
 2.630e+004 2.930e+000 1.020e+002 1.683e-001-4.877e-001 1.176e-002 6.522e-001-1.914e+000 1.335e+002-9.778e-001-1.758e+002-7.467e-002 6.555e-001 1.556e-001 1.032e+000-7.404e-002 1.540e+002-2.930e-001 5.335e+002
 2.750e+004 2.930e+000 1.320e+002 2.396e-001-1.147e+000 7.757e-003 3.887e-001-1.482e+000 2.784e+001-5.097e-001-1.328e+001-8.816e-002 5.401e-001 1.276e-001 5.964e-002 1.721e-001 9.430e+000-4.826e-001 4.162e+001
 2.880e+004 2.930e+000 1.800e+002 4.497e-001-2.089e+000 1.209e-001 1.976e-001-3.105e+000 4.097e+001-2.676e+000 3.867e+000-1.985e-001 1.503e+000 4.760e-001-1.202e+000 7.639e-001-1.197e+001-1.906e+000 1.546e+001
 3.000e+004 2.930e+000 1.530e+002 4.289e-001-2.458e+000-4.575e-002 9.105e-001-3.171e+000 4.935e+001-9.253e-001-6.657e+000-2.040e-001 2.155e+000 2.080e-001-6.336e-001 3.041e-001-9.274e+000-5.138e-001 6.441e+000
 3.130e+004 2.930e+000 1.620e+002 3.555e-001-2.803e+000-6.356e-002 9.350e-001-2.639e+000 7.648e+001-4.040e-001-1.241e+001-1.820e-001 2.393e+000 2.144e-001-6.455e-001 1.491e-001-9.275e+000-5.373e-001 5.515e+000
 3.250e+004 2.930e+000 1.950e+002 2.549e-001-2.933e+000-5.429e-002 7.243e-001-3.275e+000 1.450e+002 5.744e-001-2.348e+001-9.471e-002 2.634e+000 1.848e-001-5.811e-001-1.304e-001-8.942e+000-6.060e-001 7.503e+000
 3.380e+004 2.930e+000 1.320e+002 7.864e-002-8.147e-002 7.217e-003 4.806e-002-4.273e-001 5.249e+000-3.935e-002-5.783e-001-2.791e-002 2.790e-001 8.264e-002-1.349e-001 7.918e-002-7.273e-001-2.127e-001 1.780e+000
 3.500e+004 2.930e+000 1.230e+002 4.750e-002-7.288e-002 9.733e-003-5.813e-002-8.344e-002 1.043e+000-2.061e-002 1.424e-001 3.672e-003-1.591e-002 7.005e-002-1.269e-001-1.705e-003 2.352e-001-1.935e-001 1.777e+000
 3.630e+004 2.930e+000 1.230e+002 4.266e-002-7.007e-002 1.364e-002-5.589e-002-9.477e-002 2.012e+000-5.731e-002 3.771e-002 7.567e-004 1.688e-002 5.146e-002-6.835e-002-1.331e-002-5.693e-002-1.415e-001 1.133e+000
 3.750e+004 2.930e+000 1.110e+002 2.678e-002-7.220e-003 8.633e-003-6.024e-002-1.143e-001 2.367e+000-1.266e-002-1.750e-003 5.673e-003-6.433e-003 5.022e-002-1.008e-001-1.941e-002 1.976e-002-1.608e-001 1.462e+000
 3.880e+004 2.930e+000 1.260e+002 3.366e-002-7.995e-002 1.048e-002-1.190e-001-1.046e-001 1.431e+000 3.271e-002 1.320e-001 2.267e-002-9.432e-002 7.560e-002-1.755e-001-7.577e-002 7.140e-001-2.697e-001 2.189e+000
 4.000e+004 2.930e+000 2.280e+002 2.579e-001-9.529e-001-3.773e-002 4.487e-001-3.774e+000 7.117e+001 6.343e-001-9.412e+000-6.258e-002 1.710e+000 1.579e-001-3.363e-001 1.704e-001-6.542e+000-5.976e-001 4.917e+000
 4.130e+004 2.930e+000 1.080e+002 1.802e-002-1.943e-002 1.631e-003-2.647e-003-4.219e-002 5.110e-001-8.963e-003-4.451e-002 6.969e-004 2.057e-002 2.296e-002-1.194e-002 1.447e-003-3.099e-002-4.520e-003 1.020e-001
 4.250e+004 2.930e+000 9.600e+001 1.563e-002-4.636e-003 4.203e-003-2.448e-002-5.422e-002 1.062e+000 1.435e-002-2.117e-001 5.440e-003 2.832e-002 3.850e-002-8.159e-002 2.312e-004-1.118e-001-1.205e-001 9.402e-001
 4.380e+004 2.930e+000 7.500e+001 1.116e-002-1.005e-002 5.897e-004-5.000e-003-2.243e-002 2.721e-001 6.390e-003-6.192e-003 1.749e-003-4.510e-003 1.392e-002-1.703e-002 1.217e-003 1.887e-002-1.952e-002 2.201e-001
 4.500e+004 2.930e+000 7.800e+001 1.193e-002-9.549e-003-2.836e-004-7.140e-003-1.883e-002 2.393e-001 3.821e-003-3.452e-002 6.924e-004 1.104e-002 1.579e-002-2.456e-002 1.766e-003 1.747e-002-1.823e-002 2.475e-001
 4.630e+004 2.930e+000 1.140e+002 2.327e-002-2.693e-002 1.276e-003 8.980e-004-9.630e-002 1.048e+000-8.428e-003-3.701e-002-1.017e-003 1.930e-002 1.710e-002-9.741e-003 1.218e-004-1.211e-002-8.836e-003 1.443e-001
 4.750e+004 2.930e+000 3.810e+002 1.444e+000-6.571e+000-1.594e-001 9.520e-001-1.505e+001 1.935e+002 6.133e-001-1.254e+001-2.263e-001 3.241e+000 1.172e-001-2.329e-001-4.279e-001 3.220e-001-6.341e-002 1.668e+000
 4.880e+004 2.930e+000 2.220e+002 6.206e-001-3.002e+000-7.861e-002 4.040e-001-6.317e+000 8.273e+001 4.122e-001-5.723e+000-8.840e-002 1.358e+000 5.717e-002-1.055e-001-2.755e-001 8.916e-001-2.146e-002 5.847e-001
 5.000e+004 2.930e+000 7.500e+001 7.261e-003-1.223e-002 4.347e-005 1.661e-004-1.225e-002 2.920e-001-7.169e-004-6.197e-003-1.523e-004-1.307e-003 1.096e-002-3.530e-003-2.960e-003 6.897e-003-6.532e-003 5.782e-002
 5.130e+004 2.930e+000 7.200e+001 6.356e-003 3.503e-003 7.189e-004-1.372e-003-6.720e-003 2.025e-001-6.655e-003-1.028e-002 1.151e-003-1.865e-004 8.838e-003-5.866e-003-3.165e-003 2.627e-002-3.054e-003 1.129e-001
 5.250e+004 2.930e+000 5.400e+001 3.557e-003-7.916e-003 2.028e-004-1.493e-003-2.007e-004 1.186e-001-2.148e-003-9.448e-004-8.991e-004-2.822e-004 5.958e-003-2.079e-003-2.216e-004 3.202e-003-2.803e-003 1.952e-002
 5.380e+004 2.930e+000 1.830e+002 9.163e-002-4.518e-001 2.071e-003 7.847e-002-7.543e-001 1.057e+001-2.187e-001-3.952e-001-3.346e-002 3.540e-001 3.521e-002-4.969e-002 7.627e-002-1.224e+000-3.913e-002 4.236e-001
 5.500e+004 2.930e+000 1.080e+002 4.974e-002-3.131e-001-4.662e-003 4.773e-002-3.397e-001 5.586e+000 3.118e-002-8.880e-001 1.292e-004 4.735e-002 9.536e-003-8.634e-003-5.840e-002 9.494e-002-3.241e-003 1.732e-001
 5.630e+004 2.930e+000 2.250e+002 1.968e-001-1.395e+000-2.665e-002 2.497e-001-1.513e+000 2.396e+001 2.115e-001-4.607e+000-2.279e-003 2.435e-001 2.209e-002-5.437e-002-3.076e-001 7.818e-001-3.267e-002 1.157e+000
 5.750e+004 2.930e+000 8.400e+001 4.814e-003-5.285e-003 5.340e-004-1.323e-003-4.060e-003 1.407e-001 1.892e-003-4.108e-002-2.652e-004 3.512e-003 7.120e-003-7.049e-003-2.036e-003 4.588e-002-4.601e-003 1.069e-001
 5.880e+004 2.930e+000 5.700e+001 3.736e-003-1.136e-003 6.814e-004-1.681e-005-2.252e-003 1.139e-002-4.996e-005 5.857e-004-1.747e-004 3.554e-004 2.539e-003 1.921e-004 2.324e-004 1.174e-003 1.985e-004 4.403e-003
 6.000e+004 2.930e+000 6.900e+001 3.605e-003-1.815e-004-1.915e-004 3.876e-004-1.749e-003 1.542e-001 7.944e-004-4.404e-002-1.792e-004 6.031e-003 4.604e-003-4.167e-003 3.523e-003 1.051e-002-1.560e-003 9.564e-002
 6.130e+004 2.930e+000 6.300e+001 3.008e-003-2.673e-003-1.615e-004 2.097e-003-3.675e-003 4.182e-002-1.731e-003-1.525e-002-2.847e-004 2.718e-003 3.320e-003-2.206e-004-3.120e-004 1.500e-002 2.111e-003 3.080e-002
 6.250e+004 2.930e+000 7.200e+001 3.405e-003-2.894e-003 6.583e-004-2.963e-004-3.806e-003 3.917e-002-1.986e-003-8.399e-004 9.756e-005-3.423e-004 3.704e-003 7.479e-004-2.664e-004-5.567e-004-1.347e-004 6.578e-003
 6.380e+004 2.930e+000 1.950e+002 1.616e-001-1.205e+000-3.946e-002 2.456e-001-1.503e+000 2.453e+001 1.718e-001-2.899e+000-2.873e-002 5.953e-001 2.744e-002-6.048e-002-5.521e-002-1.429e+000-5.721e-002 4.555e-001
 6.500e+004 2.930e+000 7.800e+001 3.306e-003-4.375e-003-3.770e-004 1.070e-004-4.880e-003 8.439e-002 8.475e-004-2.629e-002 2.480e-005 2.071e-003 4.034e-003-3.877e-003-6.299e-005 3.995e-002-1.524e-004 6.413e-002
 6.630e+004 2.930e+000 6.000e+001 2.967e-003-2.227e-003 3.364e-004-2.161e-004-3.623e-003 3.289e-002-6.726e-004-1.298e-003-2.366e-004 1.007e-003 2.428e-003-8.669e-005-3.745e-004 2.075e-003-2.215e-005 3.099e-003
 6.750e+004 2.930e+000 6.300e+001 2.375e-003-2.356e-003-5.832e-005-2.451e-004-2.243e-003 2.006e-002 3.562e-004-2.547e-004-1.375e-004 8.732e-004 2.589e-003-3.135e-004-4.245e-004 2.547e-004-3.994e-004 2.290e-003
 6.880e+004 2.930e+000 6.000e+001 2.547e-003-1.789e-003-2.316e-004-2.572e-004 5.488e-004 2.293e-002-1.389e-003-2.514e-004 1.783e-004 8.378e-004 2.408e-003 3.295e-004-2.009e-004 7.423e-004-5.476e-005 1.987e-003
 7.000e+004 2.930e+000 4.200e+001 1.158e-003-1.176e-003-1.211e-006-4.261e-005-1.405e-003 3.368e-002-3.650e-004 7.297e-004 6.100e-005 7.163e-004 1.332e-003-2.477e-004 1.654e-004 2.494e-004-2.848e-004 7.359e-004
 7.130e+004 2.930e+000 1.020e+002 1.276e-002-6.691e-002-8.848e-004 1.305e-002-8.626e-002 1.470e+000 6.268e-003-1.720e-001-7.975e-004 2.621e-002 3.933e-003-2.998e-003-3.522e-003-7.833e-002-2.029e-003 3.235e-002
 7.250e+004 2.930e+000 7.200e+001 5.890e-003-2.965e-002-1.000e-003 5.051e-003-4.278e-002 6.729e-001 9.383e-003-6.505e-002-4.195e-004 1.335e-002 2.445e-003-1.088e-003-1.991e-003-2.210e-002-1.838e-003 1.423e-002
 7.380e+004 2.930e+000 5.700e+001 1.480e-003-1.248e-003-1.186e-004 0.000e+000-1.932e-003 1.072e-002 2.421e-004 0.000e+000-1.712e-004 5.159e-004 2.211e-003 0.000e+000 0.000e+000 0.000e+000 0.000e+000 0.000e+000
 7.500e+004 2.930e+000 6.000e+001 1.949e-003-1.159e-003 2.338e-004 4.979e-005-2.102e-003 1.531e-002-1.417e-004-9.137e-004-1.476e-004 7.646e-004 1.679e-003-2.026e-004-3.034e-005 4.544e-004 3.453e-004 2.971e-003
 7.630e+004 2.930e+000 5.700e+001 1.981e-003-1.856e-003-1.152e-004-3.092e-005-1.102e-003 1.326e-002 1.037e-003 0.000e+000 3.040e-004 2.602e-004 1.098e-003 1.979e-004-4.930e-005 2.266e-004 8.341e-005 1.127e-003
 7.750e+004 2.930e+000 6.600e+001 1.813e-003-1.177e-003-4.633e-005-7.949e-005-1.843e-003 1.171e-002 6.006e-004 0.000e+000 1.409e-005 4.776e-004 1.799e-003-1.953e-004-1.765e-005 4.431e-004 1.321e-004 8.857e-004
 7.880e+004 2.930e+000 9.000e+001 2.987e-003-1.971e-003 5.723e-005 6.238e-005-3.019e-003 1.963e-002-1.738e-004 0.000e+000-4.123e-004 6.613e-004 2.549e-003-2.286e-004 9.562e-005 0.000e+000-1.255e-004 6.518e-004
 8.000e+004 2.930e+000 7.800e+001 2.013e-003-2.963e-003-7.319e-005 5.659e-004-6.679e-003 7.120e-002-1.189e-004-6.423e-003-1.247e-004 1.186e-003 1.424e-003 1.176e-004 3.476e-005 4.488e-003 2.703e-004 7.056e-003
 8.130e+004 2.930e+000 4.800e+001 1.080e-003-5.491e-004-1.538e-004 4.668e-005-1.121e-003 9.688e-003 1.326e-004-2.113e-004 2.605e-005-1.860e-004 7.491e-004 9.308e-005-3.119e-005-2.113e-004-6.626e-005 1.053e-003
 8.250e+004 2.930e+000 6.300e+001 1.750e-003-2.878e-003 7.105e-005-1.491e-005-1.954e-003 2.084e-002 4.627e-004 4.713e-007 1.698e-004-1.545e-004 1.071e-003 1.000e-004 7.726e-005-2.090e-004 1.380e-004 1.039e-003
 8.380e+004 2.930e+000 6.300e+001 1.580e-003-2.868e-003-4.221e-005 9.121e-005-2.987e-003 2.927e-002 5.765e-004-4.122e-004-1.075e-004 3.559e-004 1.311e-003-5.733e-005-6.298e-005 2.061e-004 1.123e-004 6.183e-004
 8.500e+004 2.930e+000 7.200e+001 1.487e-003-9.814e-004 3.070e-005 3.149e-005-1.589e-003 6.263e-003-5.536e-005-2.027e-004-1.415e-005 4.453e-004 9.682e-004-1.555e-004 4.420e-005 4.048e-004 2.560e-004 1.210e-003
 8.630e+004 2.930e+000 6.000e+001 1.021e-003-5.500e-004 9.301e-005-2.081e-004-1.140e-003 6.145e-003-9.050e-005 1.990e-004-8.722e-005 2.078e-004 8.238e-004-1.566e-004 8.184e-005 8.700e-007-2.958e-004 1.988e-003
 8.750e+004 2.930e+000 1.080e+002 2.356e-003-3.881e-003-1.699e-004 9.818e-005-4.414e-003 2.975e-002-2.540e-004-1.958e-004-2.896e-004 1.389e-003 1.607e-003-5.155e-004-1.383e-004-1.919e-004-2.187e-004 3.323e-003
 8.880e+004 2.930e+000 1.230e+002 3.003e-003-3.436e-003 1.384e-005-2.327e-004-4.012e-003 2.670e-002-5.296e-004 3.879e-004 3.020e-005 4.074e-004 1.838e-003-1.014e-003-2.246e-004-7.737e-004-1.191e-003 6.941e-003
 9.000e+004 2.930e+000 1.380e+002 2.098e-003-2.201e-003-4.019e-005 3.278e-004-2.563e-003 4.494e-002-1.689e-003 6.464e-003-1.196e-004-2.017e-004 2.740e-003-2.941e-003 6.096e-004-6.286e-003-3.454e-003 2.189e-002
 9.130e+004 2.930e+000 1.260e+002 1.895e-003-1.414e-003-2.411e-005 2.747e-004-1.410e-003 1.689e-002-2.460e-003 8.640e-003-1.474e-004-6.693e-004 2.595e-003-4.676e-003 4.455e-004-7.687e-003-4.073e-003 3.960e-002
 9.250e+004 2.930e+000 1.620e+002 2.755e-003-2.138e-003 1.191e-005-4.617e-004-2.972e-003 2.812e-002-2.660e-003 9.434e-003 7.300e-005 8.886e-004 3.622e-003-5.974e-003-4.241e-004-9.799e-003-6.347e-003 5.184e-002
 9.380e+004 2.930e+000 1.620e+002 2.507e-003-2.851e-003-6.199e-005 5.825e-004-3.077e-003 2.886e-002-2.832e-003 3.285e-003-2.759e-004 1.711e-003 3.199e-003-4.354e-003-8.799e-006-1.096e-002-4.824e-003 3.271e-002
 9.500e+004 2.930e+000 1.440e+002 2.075e-003-1.213e-003-1.978e-004 5.502e-004-1.813e-003 1.912e-002-8.289e-004-1.800e-003-4.992e-005 1.102e-003 2.561e-003-3.978e-003-1.224e-004-3.791e-003-3.697e-003 2.780e-002
 9.630e+004 2.930e+000 0.000e+000 0.000e+000 0.000e+000 0.000e+000 0.000e+000 0.000e+000 0.000e+000 0.000e+000 0.000e+000 0.000e+000 0.000e+000 0.000e+000 0.000e+000 0.000e+000 0.000e+000 0.000e+000 0.000e+000
 9.750e+004 2.930e+000 0.000e+000 0.000e+000 0.000e+000 0.000e+000 0.000e+000 0.000e+000 0.000e+000 0.000e+000 0.000e+000 0.000e+000 0.000e+000 0.000e+000 0.000e+000 0.000e+000 0.000e+000 0.000e+000 0.000e+000
 9.880e+004 2.930e+000 0.000e+000 0.000e+000 0.000e+000 0.000e+000 0.000e+000 0.000e+000 0.000e+000 0.000e+000 0.000e+000 0.000e+000 0.000e+000 0.000e+000 0.000e+000 0.000e+000 0.000e+000 0.000e+000 0.000e+000
 1.000e+005 2.930e+000 0.000e+000 0.000e+000 0.000e+000 0.000e+000 0.000e+000 0.000e+000 0.000e+000 0.000e+000 0.000e+000 0.000e+000 0.000e+000 0.000e+000 0.000e+000 0.000e+000 0.000e+000 0.000e+000 0.000e+000
