 6.250e+000 2.930e+000 0.000e+000 0.000e+000 0.000e+000 0.000e+000 0.000e+000 0.000e+000 0.000e+000 0.000e+000 0.000e+000 0.000e+000 0.000e+000 0.000e+000 0.000e+000 0.000e+000 0.000e+000 0.000e+000 0.000e+000
 7.500e+000 2.930e+000 0.000e+000 0.000e+000 0.000e+000 0.000e+000 0.000e+000 0.000e+000 0.000e+000 0.000e+000 0.000e+000 0.000e+000 0.000e+000 0.000e+000 0.000e+000 0.000e+000 0.000e+000 0.000e+000 0.000e+000
 8.750e+000 2.930e+000 0.000e+000 0.000e+000 0.000e+000 0.000e+000 0.000e+000 0.000e+000 0.000e+000 0.000e+000 0.000e+000 0.000e+000 0.000e+000 0.000e+000 0.000e+000 0.000e+000 0.000e+000 0.000e+000 0.000e+000
 1.000e+001 2.930e+000 0.000e+000 0.000e+000 0.000e+000 0.000e+000 0.000e+000 0.000e+000 0.000e+000 0.000e+000 0.000e+000 0.000e+000 0.000e+000 0.000e+000 0.000e+000 0.000e+000 0.000e+000 0.000e+000 0.000e+000
 1.130e+001 2.930e+000 2.400e+001 1.537e+004-9.197e+003 1.274e+002-1.093e+003 2.520e+003 1.576e+005 6.743e+003-5.127e+003 9.738e+003-5.303e+003 9.385e+003-2.107e+002-1.953e+003-2.191e+004-7.751e+001 1.229e+004
 1.250e+001 2.930e+000 0.000e+000 0.000e+000 0.000e+000 0.000e+000 0.000e+000 0.000e+000 0.000e+000 0.000e+000 0.000e+000 0.000e+000 0.000e+000 0.000e+000 0.000e+000 0.000e+000 0.000e+000 0.000e+000 0.000e+000
 1.380e+001 2.930e+000 0.000e+000 0.000e+000 0.000e+000 0.000e+000 0.000e+000 0.000e+000 0.000e+000 0.000e+000 0.000e+000 0.000e+000 0.000e+000 0.000e+000 0.000e+000 0.000e+000 0.000e+000 0.000e+000 0.000e+000
 1.500e+001 2.930e+000 2.400e+001 1.175e+004-1.930e+003 6.004e+002-1.045e+003 2.204e+004 1.402e+005 6.955e+003-4.401e+003 5.916e+003 6.522e+003 5.506e+003 1.105e+003-5.027e+003-2.841e+004-1.242e+003 1.281e+004
 1.630e+001 2.930e+000 0.000e+000 0.000e+000 0.000e+000 0.000e+000 0.000e+000 0.000e+000 0.000e+000 0.000e+000 0.000e+000 0.000e+000 0.000e+000 0.000e+000 0.000e+000 0.000e+000 0.000e+000 0.000e+000 0.000e+000
 1.750e+001 2.930e+000 2.100e+001 2.026e+004-5.250e+003 2.488e+003 5.108e+003 7.321e+003 6.884e+004 5.805e+003-2.169e+003 1.477e+004 1.085e+003 1.351e+004 5.353e+003-2.824e+003-1.648e+004 3.130e+002 8.381e+003
 1.880e+001 2.930e+000 0.000e+000 0.000e+000 0.000e+000 0.000e+000 0.000e+000 0.000e+000 0.000e+000 0.000e+000 0.000e+000 0.000e+000 0.000e+000 0.000e+000 0.000e+000 0.000e+000 0.000e+000 0.000e+000 0.000e+000
 2.000e+001 2.930e+000 1.800e+001 1.383e+004 1.182e+003-1.041e+003-1.372e+003 1.866e+004 7.657e+004 1.761e+003-5.378e+003 8.799e+003 8.258e+003 8.169e+003-2.697e+002-2.389e+003-9.097e+003-1.175e+003 4.254e+003
 2.130e+001 2.930e+000 0.000e+000 0.000e+000 0.000e+000 0.000e+000 0.000e+000 0.000e+000 0.000e+000 0.000e+000 0.000e+000 0.000e+000 0.000e+000 0.000e+000 0.000e+000 0.000e+000 0.000e+000 0.000e+000 0.000e+000
 2.250e+001 2.930e+000 0.000e+000 0.000e+000 0.000e+000 0.000e+000 0.000e+000 0.000e+000 0.000e+000 0.000e+000 0.000e+000 0.000e+000 0.000e+000 0.000e+000 0.000e+000 0.000e+000 0.000e+000 0.000e+000 0.000e+000
 2.380e+001 2.930e+000 2.400e+001 1.379e+004 8.360e+003-1.468e+003-1.130e+003 6.827e+003 7.905e+004-2.858e+003-2.891e+003 6.278e+003 2.898e+003 5.201e+003-3.753e+002 1.265e+003-1.366e+004 1.347e+003 6.461e+003
 2.500e+001 2.930e+000 0.000e+000 0.000e+000 0.000e+000 0.000e+000 0.000e+000 0.000e+000 0.000e+000 0.000e+000 0.000e+000 0.000e+000 0.000e+000 0.000e+000 0.000e+000 0.000e+000 0.000e+000 0.000e+000 0.000e+000
 2.630e+001 2.930e+000 2.400e+001 1.829e+004 1.698e+003-9.615e+002-1.278e+002 1.052e+004 5.048e+004-3.978e+002-3.663e+003 9.528e+003 4.458e+003 6.875e+003 9.195e+002-2.965e+003-1.006e+004-8.045e+002 7.440e+003
 2.750e+001 2.930e+000 0.000e+000 0.000e+000 0.000e+000 0.000e+000 0.000e+000 0.000e+000 0.000e+000 0.000e+000 0.000e+000 0.000e+000 0.000e+000 0.000e+000 0.000e+000 0.000e+000 0.000e+000 0.000e+000 0.000e+000
 2.880e+001 2.930e+000 2.400e+001 1.936e+004 4.042e+003 3.929e+002-1.400e+003 1.357e+004 4.705e+004-7.996e+002-2.425e+003 8.522e+003 2.934e+003 6.368e+003 2.300e+002-1.400e+003-7.866e+003 2.488e+002 3.352e+003
 3.000e+001 2.930e+000 0.000e+000 0.000e+000 0.000e+000 0.000e+000 0.000e+000 0.000e+000 0.000e+000 0.000e+000 0.000e+000 0.000e+000 0.000e+000 0.000e+000 0.000e+000 0.000e+000 0.000e+000 0.000e+000 0.000e+000
 3.130e+001 2.930e+000 0.000e+000 0.000e+000 0.000e+000 0.000e+000 0.000e+000 0.000e+000 0.000e+000 0.000e+000 0.000e+000 0.000e+000 0.000e+000 0.000e+000 0.000e+000 0.000e+000 0.000e+000 0.000e+000 0.000e+000
 3.250e+001 2.930e+000 2.400e+001 2.305e+004 4.986e+003 1.303e+003-1.802e+003 1.257e+004 5.995e+004-8.040e+002-3.295e+003 1.131e+004 6.168e+003 1.167e+004 4.006e+002-2.900e+003-1.296e+004 7.168e+002 5.976e+003
 3.380e+001 2.930e+000 0.000e+000 0.000e+000 0.000e+000 0.000e+000 0.000e+000 0.000e+000 0.000e+000 0.000e+000 0.000e+000 0.000e+000 0.000e+000 0.000e+000 0.000e+000 0.000e+000 0.000e+000 0.000e+000 0.000e+000
 3.500e+001 2.930e+000 2.400e+001 2.895e+004-1.492e+002 2.730e+003 2.847e+003 1.501e+004 6.086e+004 1.985e+003-1.124e+003 1.701e+004 3.406e+003 1.929e+004 2.225e+003-2.356e+003-1.429e+004 8.454e+002 7.679e+003
 3.630e+001 2.930e+000 0.000e+000 0.000e+000 0.000e+000 0.000e+000 0.000e+000 0.000e+000 0.000e+000 0.000e+000 0.000e+000 0.000e+000 0.000e+000 0.000e+000 0.000e+000 0.000e+000 0.000e+000 0.000e+000 0.000e+000
 3.750e+001 2.930e+000 2.100e+001 4.892e+004-7.890e+003 2.438e+003 9.346e+002 2.189e+004 8.053e+004 1.692e+004-6.483e+003 2.634e+004-5.296e+003 2.749e+004 5.647e+003-1.010e+002-1.700e+004 2.978e+003 7.564e+003
 3.880e+001 2.930e+000 0.000e+000 0.000e+000 0.000e+000 0.000e+000 0.000e+000 0.000e+000 0.000e+000 0.000e+000 0.000e+000 0.000e+000 0.000e+000 0.000e+000 0.000e+000 0.000e+000 0.000e+000 0.000e+000 0.000e+000
 4.000e+001 2.930e+000 0.000e+000 0.000e+000 0.000e+000 0.000e+000 0.000e+000 0.000e+000 0.000e+000 0.000e+000 0.000e+000 0.000e+000 0.000e+000 0.000e+000 0.000e+000 0.000e+000 0.000e+000 0.000e+000 0.000e+000
 4.130e+001 2.930e+000 2.400e+001 1.352e+005-2.735e+004-2.177e+004 1.485e+004 3.770e+004 8.328e+004 3.097e+004 6.288e+002 9.391e+004 2.402e+004 9.419e+004 1.432e+004-6.375e+003-1.846e+004-6.367e+003 6.936e+003
 4.250e+001 2.930e+000 0.000e+000 0.000e+000 0.000e+000 0.000e+000 0.000e+000 0.000e+000 0.000e+000 0.000e+000 0.000e+000 0.000e+000 0.000e+000 0.000e+000 0.000e+000 0.000e+000 0.000e+000 0.000e+000 0.000e+000
 4.380e+001 2.930e+000 2.400e+001 1.729e+005-3.209e+004 2.414e+004 1.106e+004 1.217e+005 1.674e+005 8.093e+004-3.327e+003 1.278e+005 7.046e+004 1.426e+005 2.528e+004-2.325e+004-3.580e+004-1.628e+004 1.043e+004
 4.500e+001 2.930e+000 0.000e+000 0.000e+000 0.000e+000 0.000e+000 0.000e+000 0.000e+000 0.000e+000 0.000e+000 0.000e+000 0.000e+000 0.000e+000 0.000e+000 0.000e+000 0.000e+000 0.000e+000 0.000e+000 0.000e+000
 4.630e+001 2.930e+000 2.400e+001 5.262e+005 4.583e+004-1.008e+005 9.067e+003 2.305e+005 2.981e+005 8.814e+004-7.825e+003 2.824e+005 9.445e+004 3.382e+005 4.909e+004-1.991e+004-5.909e+004-1.755e+004 1.698e+004
 4.750e+001 2.930e+000 0.000e+000 0.000e+000 0.000e+000 0.000e+000 0.000e+000 0.000e+000 0.000e+000 0.000e+000 0.000e+000 0.000e+000 0.000e+000 0.000e+000 0.000e+000 0.000e+000 0.000e+000 0.000e+000 0.000e+000
 4.880e+001 2.930e+000 0.000e+000 0.000e+000 0.000e+000 0.000e+000 0.000e+000 0.000e+000 0.000e+000 0.000e+000 0.000e+000 0.000e+000 0.000e+000 0.000e+000 0.000e+000 0.000e+000 0.000e+000 0.000e+000 0.000e+000
 5.000e+001 2.930e+000 2.400e+001 2.246e+008 6.427e+007-3.814e+006-8.789e+006 7.164e+007 4.158e+007-2.696e+007-4.074e+005 8.945e+007 2.765e+007 3.603e+007-3.654e+006-8.395e+006-5.242e+006-3.219e+006 6.673e+005
 5.130e+001 2.930e+000 0.000e+000 0.000e+000 0.000e+000 0.000e+000 0.000e+000 0.000e+000 0.000e+000 0.000e+000 0.000e+000 0.000e+000 0.000e+000 0.000e+000 0.000e+000 0.000e+000 0.000e+000 0.000e+000 0.000e+000
 5.250e+001 2.930e+000 2.400e+001 4.915e+005 7.891e+004-2.744e+004-6.382e+003 2.946e+005 3.384e+005 5.728e+004-1.092e+004 2.068e+005 1.101e+005 1.922e+005 2.812e+004-3.214e+004-6.020e+004-2.051e+004 1.501e+004
 5.380e+001 2.930e+000 0.000e+000 0.000e+000 0.000e+000 0.000e+000 0.000e+000 0.000e+000 0.000e+000 0.000e+000 0.000e+000 0.000e+000 0.000e+000 0.000e+000 0.000e+000 0.000e+000 0.000e+000 0.000e+000 0.000e+000
 5.500e+001 2.930e+000 0.000e+000 0.000e+000 0.000e+000 0.000e+000 0.000e+000 0.000e+000 0.000e+000 0.000e+000 0.000e+000 0.000e+000 0.000e+000 0.000e+000 0.000e+000 0.000e+000 0.000e+000 0.000e+000 0.000e+000
 5.630e+001 2.930e+000 2.400e+001 1.501e+005-5.426e+003-1.332e+004 3.501e+003 7.815e+004 7.409e+004 1.061e+004 4.337e+002 8.051e+004 3.915e+004 6.664e+004 6.266e+003-5.914e+003-1.111e+004-3.018e+003 3.859e+003
 5.750e+001 2.930e+000 0.000e+000 0.000e+000 0.000e+000 0.000e+000 0.000e+000 0.000e+000 0.000e+000 0.000e+000 0.000e+000 0.000e+000 0.000e+000 0.000e+000 0.000e+000 0.000e+000 0.000e+000 0.000e+000 0.000e+000
 5.880e+001 2.930e+000 2.400e+001 1.057e+005-2.759e+004-7.369e+003 8.473e+003 4.544e+004 8.037e+004 4.239e+004-3.455e+003 7.463e+004 2.669e+004 7.580e+004 1.378e+004-8.808e+003-1.919e+004-7.361e+003 7.206e+003
 6.000e+001 2.930e+000 0.000e+000 0.000e+000 0.000e+000 0.000e+000 0.000e+000 0.000e+000 0.000e+000 0.000e+000 0.000e+000 0.000e+000 0.000e+000 0.000e+000 0.000e+000 0.000e+000 0.000e+000 0.000e+000 0.000e+000
 6.130e+001 2.930e+000 2.400e+001 3.236e+004-3.462e+003-9.863e+002 3.234e+003 1.347e+004 3.646e+004 8.414e+003-1.106e+003 1.402e+004 9.729e+002 1.303e+004 4.228e+003-1.980e+003-8.731e+003-7.215e+002 4.085e+003
 6.250e+001 2.930e+000 0.000e+000 0.000e+000 0.000e+000 0.000e+000 0.000e+000 0.000e+000 0.000e+000 0.000e+000 0.000e+000 0.000e+000 0.000e+000 0.000e+000 0.000e+000 0.000e+000 0.000e+000 0.000e+000 0.000e+000
 6.380e+001 2.930e+000 0.000e+000 0.000e+000 0.000e+000 0.000e+000 0.000e+000 0.000e+000 0.000e+000 0.000e+000 0.000e+000 0.000e+000 0.000e+000 0.000e+000 0.000e+000 0.000e+000 0.000e+000 0.000e+000 0.000e+000
 6.500e+001 2.930e+000 2.400e+001 2.782e+004 7.877e+002-2.708e+002 1.049e+003 1.209e+004 3.097e+004 5.923e+003-1.400e+003 1.490e+004 4.511e+003 1.358e+004 2.630e+003-6.886e+002-6.040e+003 2.608e+002 3.192e+003
 6.630e+001 2.930e+000 0.000e+000 0.000e+000 0.000e+000 0.000e+000 0.000e+000 0.000e+000 0.000e+000 0.000e+000 0.000e+000 0.000e+000 0.000e+000 0.000e+000 0.000e+000 0.000e+000 0.000e+000 0.000e+000 0.000e+000
 6.750e+001 2.930e+000 2.400e+001 2.038e+004-3.348e+003 1.478e+002 1.768e+003 8.312e+003 3.039e+004 5.280e+003-1.975e+003 1.090e+004 2.570e+003 9.501e+003 1.884e+003-1.136e+003-4.316e+003-3.920e+002 2.402e+003
 6.880e+001 2.930e+000 0.000e+000 0.000e+000 0.000e+000 0.000e+000 0.000e+000 0.000e+000 0.000e+000 0.000e+000 0.000e+000 0.000e+000 0.000e+000 0.000e+000 0.000e+000 0.000e+000 0.000e+000 0.000e+000 0.000e+000
 7.000e+001 2.930e+000 2.400e+001 1.353e+004 9.141e+002 5.626e+002 1.065e+003 5.840e+003 1.756e+004 1.985e+003-1.596e+003 6.131e+003 1.304e+003 5.258e+003 1.485e+003 1.867e+001-3.594e+003 5.705e+002 2.591e+003
 7.130e+001 2.930e+000 0.000e+000 0.000e+000 0.000e+000 0.000e+000 0.000e+000 0.000e+000 0.000e+000 0.000e+000 0.000e+000 0.000e+000 0.000e+000 0.000e+000 0.000e+000 0.000e+000 0.000e+000 0.000e+000 0.000e+000
 7.250e+001 2.930e+000 0.000e+000 0.000e+000 0.000e+000 0.000e+000 0.000e+000 0.000e+000 0.000e+000 0.000e+000 0.000e+000 0.000e+000 0.000e+000 0.000e+000 0.000e+000 0.000e+000 0.000e+000 0.000e+000 0.000e+000
 7.380e+001 2.930e+000 2.400e+001 1.098e+004-1.190e+003 3.747e+002 4.129e+002 3.189e+003 1.526e+004 2.937e+003-1.161e+003 5.975e+003-1.224e+002 5.037e+003 8.414e+002-4.022e+002-2.693e+003 2.079e+002 2.041e+003
 7.500e+001 2.930e+000 0.000e+000 0.000e+000 0.000e+000 0.000e+000 0.000e+000 0.000e+000 0.000e+000 0.000e+000 0.000e+000 0.000e+000 0.000e+000 0.000e+000 0.000e+000 0.000e+000 0.000e+000 0.000e+000 0.000e+000
 7.630e+001 2.930e+000 2.400e+001 1.218e+004-3.176e+003 4.298e+002 9.506e+002 6.608e+003 1.998e+004 3.693e+003-1.866e+003 6.041e+003 2.368e+003 4.775e+003 1.115e+003-8.682e+002-3.292e+003-7.212e+002 3.108e+003
 7.750e+001 2.930e+000 0.000e+000 0.000e+000 0.000e+000 0.000e+000 0.000e+000 0.000e+000 0.000e+000 0.000e+000 0.000e+000 0.000e+000 0.000e+000 0.000e+000 0.000e+000 0.000e+000 0.000e+000 0.000e+000 0.000e+000
 7.880e+001 2.930e+000 2.400e+001 9.508e+003-2.084e+003 2.366e+002 2.176e+002 4.384e+003 2.082e+004 3.084e+003-1.918e+003 4.127e+003 4.140e+002 3.961e+003 1.250e+003-9.573e+002-3.205e+003-1.624e+002 3.132e+003
 8.000e+001 2.930e+000 0.000e+000 0.000e+000 0.000e+000 0.000e+000 0.000e+000 0.000e+000 0.000e+000 0.000e+000 0.000e+000 0.000e+000 0.000e+000 0.000e+000 0.000e+000 0.000e+000 0.000e+000 0.000e+000 0.000e+000
 8.130e+001 2.930e+000 0.000e+000 0.000e+000 0.000e+000 0.000e+000 0.000e+000 0.000e+000 0.000e+000 0.000e+000 0.000e+000 0.000e+000 0.000e+000 0.000e+000 0.000e+000 0.000e+000 0.000e+000 0.000e+000 0.000e+000
 8.250e+001 2.930e+000 2.400e+001 6.547e+003-1.949e+003 6.573e+002 8.426e+002 3.033e+003 1.621e+004 1.356e+003-1.060e+003 2.908e+003 4.145e+002 2.308e+003 8.386e+002-9.785e+002-2.786e+003-8.637e+001 1.826e+003
 8.380e+001 2.930e+000 0.000e+000 0.000e+000 0.000e+000 0.000e+000 0.000e+000 0.000e+000 0.000e+000 0.000e+000 0.000e+000 0.000e+000 0.000e+000 0.000e+000 0.000e+000 0.000e+000 0.000e+000 0.000e+000 0.000e+000
 8.500e+001 2.930e+000 2.100e+001 5.633e+003-9.835e+002 4.921e+002 8.215e+001 4.180e+003 1.193e+004 1.198e+003-9.268e+002 1.505e+003 8.364e+002 1.060e+003 3.280e+002-1.528e+003-1.915e+003-3.823e+002 1.766e+003
 8.630e+001 2.930e+000 0.000e+000 0.000e+000 0.000e+000 0.000e+000 0.000e+000 0.000e+000 0.000e+000 0.000e+000 0.000e+000 0.000e+000 0.000e+000 0.000e+000 0.000e+000 0.000e+000 0.000e+000 0.000e+000 0.000e+000
 8.750e+001 2.930e+000 2.400e+001 6.134e+003-1.649e+003 4.637e+002 2.941e+002 3.882e+003 1.486e+004 1.598e+003-1.579e+003 2.429e+003 1.138e+003 1.753e+003 5.055e+002-5.686e+002-2.422e+003-3.081e+002 1.973e+003
 8.880e+001 2.930e+000 0.000e+000 0.000e+000 0.000e+000 0.000e+000 0.000e+000 0.000e+000 0.000e+000 0.000e+000 0.000e+000 0.000e+000 0.000e+000 0.000e+000 0.000e+000 0.000e+000 0.000e+000 0.000e+000 0.000e+000
 9.000e+001 2.930e+000 0.000e+000 0.000e+000 0.000e+000 0.000e+000 0.000e+000 0.000e+000 0.000e+000 0.000e+000 0.000e+000 0.000e+000 0.000e+000 0.000e+000 0.000e+000 0.000e+000 0.000e+000 0.000e+000 0.000e+000
 9.130e+001 2.930e+000 2.400e+001 6.079e+003-1.499e+003 2.199e+002 3.312e+002 3.571e+003 1.063e+004 1.424e+003-3.142e+002 1.825e+003 7.602e+001 1.526e+003 4.379e+002-3.467e+002-1.683e+003 2.012e+002 1.103e+003
 9.250e+001 2.930e+000 0.000e+000 0.000e+000 0.000e+000 0.000e+000 0.000e+000 0.000e+000 0.000e+000 0.000e+000 0.000e+000 0.000e+000 0.000e+000 0.000e+000 0.000e+000 0.000e+000 0.000e+000 0.000e+000 0.000e+000
 9.380e+001 2.930e+000 2.400e+001 5.779e+003-1.209e+003 3.945e+002 1.121e+002 3.676e+003 1.090e+004 1.228e+003 9.364e+001 1.331e+003 4.088e+002 9.264e+002 2.798e+002-5.020e+002-1.923e+003 3.121e+001 7.374e+002
 9.500e+001 2.930e+000 0.000e+000 0.000e+000 0.000e+000 0.000e+000 0.000e+000 0.000e+000 0.000e+000 0.000e+000 0.000e+000 0.000e+000 0.000e+000 0.000e+000 0.000e+000 0.000e+000 0.000e+000 0.000e+000 0.000e+000
 9.630e+001 2.930e+000 2.400e+001 5.116e+003-1.256e+003 6.520e+002 1.706e+002 3.154e+003 9.489e+003 1.692e+003-1.703e+002 1.165e+003 2.547e+001 1.286e+003 4.027e+002-7.359e+002-2.097e+003-6.192e+001 6.612e+002
 9.750e+001 2.930e+000 0.000e+000 0.000e+000 0.000e+000 0.000e+000 0.000e+000 0.000e+000 0.000e+000 0.000e+000 0.000e+000 0.000e+000 0.000e+000 0.000e+000 0.000e+000 0.000e+000 0.000e+000 0.000e+000 0.000e+000
 9.880e+001 2.930e+000 0.000e+000 0.000e+000 0.000e+000 0.000e+000 0.000e+000 0.000e+000 0.000e+000 0.000e+000 0.000e+000 0.000e+000 0.000e+000 0.000e+000 0.000e+000 0.000e+000 0.000e+000 0.000e+000 0.000e+000
 1.000e+002 2.930e+000 3.600e+001 3.131e+004-9.087e+003 4.414e+003 2.208e+003-2.827e+003 1.289e+004 1.348e+003-1.659e+002 4.871e+003-2.434e+003 3.012e+003 2.839e+002 6.987e+002-2.787e+003 7.172e+002 9.256e+002
 1.130e+002 2.930e+000 5.700e+001 1.176e+004-2.320e+003 8.660e+002 2.541e+002 7.512e+003 2.098e+004 2.476e+003 3.526e+002 1.848e+003 9.095e+002 1.182e+003 6.860e+002-3.187e+002-3.590e+003 2.922e+002 2.723e+003
 1.250e+002 2.930e+000 4.200e+001 8.523e+003-1.802e+003 1.128e+003 6.322e+002 5.351e+003 1.617e+004 2.440e+003-5.334e+002 1.660e+003 5.063e+002 1.228e+003 8.869e+002-6.980e+002-3.144e+003 1.569e+002 2.352e+003
 1.380e+002 2.930e+000 5.100e+001 1.465e+004-2.183e+003 1.541e+003 2.836e+002 1.214e+004 2.422e+004 3.213e+003 1.016e+002 9.528e+002 5.839e+002 1.148e+003 8.085e+002-2.610e+003-4.875e+003-1.724e+001 1.477e+003
 1.500e+002 2.930e+000 3.000e+001 4.394e+004-8.153e+003-8.380e+002 5.034e+003-1.760e+003 1.632e+004 3.141e+003-1.178e+003 4.992e+003-2.151e+002 1.406e+003 1.103e+003-7.165e+002-3.773e+003-3.441e+002 1.383e+003
 1.630e+002 2.930e+000 4.500e+001 2.213e+004-8.703e+003 2.612e+003 2.660e+003 9.869e+003 2.304e+004 4.593e+003 5.951e+002 2.034e+003 9.091e+001 1.777e+003 1.337e+003-1.137e+003-5.194e+003 1.473e+002 2.412e+003
 1.750e+002 2.930e+000 5.100e+001 3.277e+004-1.698e+004 2.532e+003 2.386e+003 9.624e+003 3.590e+004 6.654e+003 5.145e+002 3.550e+003 1.182e+003 2.717e+003 1.795e+003-9.634e+002-5.622e+003 4.720e+001 3.749e+003
 1.880e+002 2.930e+000 7.500e+001 2.345e+005-8.859e+004 4.622e+003 1.730e+004-4.040e+003 9.001e+004 1.622e+004 3.795e+003 7.399e+003 2.288e+003 6.055e+003 4.534e+003 8.407e+003-1.849e+004 2.890e+002 8.521e+003
 2.000e+002 2.930e+000 8.100e+001 1.086e+007-3.089e+006-5.702e+004 5.950e+005-2.128e+006 1.430e+006-6.379e+004 9.762e+004-3.764e+005 9.535e+004 3.531e+004-3.213e+003 7.443e+005-3.508e+005-3.042e+004 9.955e+004
 2.130e+002 2.930e+000 6.600e+001 1.810e+005-8.456e+004 1.430e+004 1.975e+004 3.047e+004 1.215e+005 2.514e+004 1.750e+003 1.395e+004 5.612e+003 9.630e+003 7.663e+003-1.013e+004-2.812e+004-7.808e+002 1.008e+004
 2.250e+002 2.930e+000 9.900e+001 2.514e+005-1.103e+005 6.901e+004 3.404e+004 2.040e+005 3.027e+005 9.445e+004 8.175e+003 4.621e+004 1.401e+004 3.527e+004 2.469e+004-4.829e+004-7.369e+004-5.990e+002 2.076e+004
 2.380e+002 2.930e+000 9.600e+001 1.031e+006-4.234e+005 3.455e+005 1.492e+005 1.031e+006 1.306e+006 4.634e+005 4.893e+004 2.277e+005 8.022e+004 1.773e+005 1.208e+005-2.400e+005-3.249e+005-9.672e+002 8.795e+004
 2.500e+002 2.930e+000 9.600e+001 3.166e+007-1.261e+007 1.094e+007 4.466e+006 3.246e+007 3.974e+007 1.459e+007 1.540e+006 7.204e+006 2.768e+006 5.671e+006 3.776e+006-7.573e+006-9.919e+006-1.169e+005 2.546e+006
 2.630e+002 2.930e+000 9.600e+001 7.677e+005-2.870e+005 2.558e+005 1.015e+005 7.548e+005 9.371e+005 3.378e+005 3.696e+004 1.653e+005 6.894e+004 1.320e+005 8.677e+004-1.753e+005-2.286e+005-3.376e+003 6.176e+004
 2.750e+002 2.930e+000 9.600e+001 1.980e+005-7.814e+004 5.108e+004 2.387e+004 1.321e+005 2.239e+005 7.511e+004 5.749e+003 3.879e+004 1.330e+004 2.985e+004 1.825e+004-2.883e+004-4.921e+004-2.331e+002 1.492e+004
 2.880e+002 2.930e+000 5.400e+001 1.743e+005-5.884e+004-4.453e+003 1.684e+004-6.601e+004 1.307e+005 2.750e+004-2.226e+003 1.435e+004 3.571e+003 8.203e+003 6.407e+003 1.276e+004-2.802e+004-5.639e+002 8.176e+003
 3.000e+002 2.930e+000 9.600e+001 8.381e+006-1.990e+006-1.993e+005 4.489e+005-3.776e+006 2.324e+006 1.952e+005-2.688e+004 3.231e+005-9.534e+004 2.630e+004 4.161e+004 7.324e+005-4.676e+005 1.758e+004 9.839e+004
 3.130e+002 2.930e+000 5.400e+001 1.745e+005-6.266e+004-7.663e+003 1.359e+004-6.156e+004 8.011e+004 1.768e+004 1.295e+002 1.449e+004-2.974e+002 5.723e+003 4.717e+003 1.300e+004-1.840e+004-4.654e+001 5.231e+003
 3.250e+002 2.930e+000 6.300e+001 5.619e+004-3.670e+004 2.382e+003 1.080e+004 3.243e+003 6.889e+004 2.804e+004-5.755e+002 1.730e+004 3.117e+003 1.410e+004 8.808e+003-2.260e+003-1.954e+004-1.087e+003 6.466e+003
 3.380e+002 2.930e+000 8.700e+001 1.305e+005-1.195e+005 4.072e+004 3.780e+004 9.387e+004 2.717e+005 1.502e+005-4.868e+003 8.133e+004 3.374e+004 9.351e+004 4.964e+004-3.312e+004-8.809e+004-1.423e+004 3.033e+004
 3.500e+002 2.930e+000 9.600e+001 3.498e+006-3.937e+006 1.475e+006 1.286e+006 3.310e+006 8.119e+006 4.940e+006-9.883e+004 2.858e+006 1.137e+006 3.179e+006 1.659e+006-1.163e+006-2.744e+006-4.462e+005 9.332e+005
 3.630e+002 2.930e+000 9.300e+001 1.650e+005-1.381e+005 6.446e+004 4.384e+004 1.381e+005 3.103e+005 1.774e+005-1.918e+003 1.022e+005 4.164e+004 1.136e+005 5.780e+004-4.520e+004-9.776e+004-1.447e+004 3.375e+004
 3.750e+002 2.930e+000 8.700e+001 6.699e+004-3.156e+004 1.568e+004 1.022e+004 3.518e+004 7.959e+004 4.059e+004-2.448e+002 2.349e+004 6.997e+003 2.555e+004 1.392e+004-1.304e+004-2.562e+004-2.805e+003 9.851e+003
 3.880e+002 2.930e+000 4.800e+001 9.485e+004 2.875e+003 9.641e+003 1.721e+003 2.351e+004 2.841e+004 1.169e+004 1.147e+003 4.864e+003 2.262e+003 6.822e+003 4.039e+003-9.021e+003-8.206e+003-4.129e+002 3.184e+003
 4.000e+002 2.930e+000 6.900e+001 3.827e+006 6.079e+005 1.881e+005-1.366e+005 4.970e+005 1.975e+005 5.789e+004 7.163e+003-1.453e+005 1.103e+004 2.054e+004 1.590e+004-1.597e+005-5.045e+004-5.573e+002 1.402e+004
 4.130e+002 2.930e+000 5.700e+001 8.730e+004 1.045e+004 4.663e+003-3.128e+003 6.050e+003 2.287e+004 7.305e+003 4.665e+002-2.896e+003 3.411e+002 3.843e+003 2.128e+003-2.102e+003-5.040e+003 1.178e+002 1.744e+003
 4.250e+002 2.930e+000 6.600e+001 2.000e+004 3.109e+003 2.389e+003-6.324e+002 6.018e+003 2.607e+004 5.640e+003-9.429e+001-1.188e+002-5.936e+002 3.014e+003 1.771e+003-9.087e+002-5.912e+003 1.773e+002 1.956e+003
 4.380e+002 2.930e+000 5.700e+001 3.481e+004 2.006e+004-2.928e+003-3.847e+003-1.463e+003 4.680e+004 7.149e+003-1.495e+003-1.544e+003-4.490e+003 3.088e+003 2.039e+003 1.654e+003-9.999e+003 7.007e+002 2.713e+003
 4.500e+002 2.930e+000 9.000e+001 1.405e+006 1.587e+006-2.210e+005-3.199e+005-3.113e+004 2.097e+006 1.578e+005-6.163e+004-1.007e+005-2.757e+005 5.374e+004 4.180e+004 5.616e+004-4.271e+005 5.163e+004 9.005e+004
 4.630e+002 2.930e+000 6.600e+001 4.205e+004 3.651e+004-5.394e+003-6.847e+003-8.295e+003 9.387e+004 7.293e+003-1.585e+003 7.147e+002-7.548e+003 2.640e+003 1.919e+003 2.938e+003-1.867e+004 1.575e+003 4.578e+003
 4.750e+002 2.930e+000 3.900e+001 5.216e+003 6.791e+002-1.972e+001-2.190e+001-1.201e+003 3.515e+004 2.226e+003-8.990e+002 7.796e+002-1.589e+003 7.578e+002 5.901e+002 4.372e+002-6.460e+003 3.292e+002 1.577e+003
 4.880e+002 2.930e+000 4.500e+001 9.165e+003 1.750e+002 7.387e+002 7.626e+001-1.504e+002 5.197e+004 4.240e+003-8.741e+002 8.659e+002-1.713e+003 1.237e+003 1.030e+003-3.280e+001-1.017e+004 3.510e+002 2.315e+003
 5.000e+002 2.930e+000 7.500e+001 3.356e+005 1.213e+005 7.912e+004-3.809e+004 1.781e+005 3.808e+005 1.088e+005-2.675e+003-2.508e+004 2.264e+004 4.287e+004 3.171e+004-5.101e+004-1.016e+005-8.541e+003 2.915e+004
 5.130e+002 2.930e+000 6.900e+001 1.444e+004 6.780e+003 1.817e+003-1.806e+003 4.097e+003 2.634e+005 2.483e+004 4.506e+002-2.419e+002-7.620e+003 3.613e+003 5.345e+003-1.165e+003-5.387e+004 1.575e+003 1.200e+004
 5.250e+002 2.930e+000 6.600e+001 6.136e+003-1.347e+004 4.019e+002 2.795e+003-6.057e+003 4.775e+005 3.885e+004-1.207e+003 2.239e+003-1.650e+004 4.485e+003 8.077e+003 1.258e+003-9.636e+004 3.351e+003 2.008e+004
 5.380e+002 2.930e+000 8.100e+001 1.254e+004-1.118e+005-4.513e+002 2.222e+004-5.843e+004 2.428e+006 1.898e+005 5.158e+003 1.172e+004-7.880e+004 1.845e+004 3.755e+004 1.181e+004-4.774e+005 1.608e+004 9.486e+004
 5.500e+002 2.930e+000 9.600e+001 8.209e+005-1.023e+007-4.854e+004 2.053e+006-5.218e+006 1.657e+008 1.314e+007 4.645e+004 1.013e+006-5.971e+006 1.273e+006 2.637e+006 1.052e+006-3.322e+007 1.203e+006 6.663e+006
 5.630e+002 2.930e+000 1.080e+002 2.222e+004-2.105e+005 7.670e+002 4.190e+004-8.644e+004 3.143e+006 2.387e+005 5.107e+003 1.981e+004-1.034e+005 2.279e+004 4.767e+004 1.763e+004-6.239e+005 2.105e+004 1.249e+005
 5.750e+002 2.930e+000 7.800e+001 9.842e+003-3.815e+004 4.740e+002 7.966e+003-1.002e+004 3.670e+005 2.782e+004-6.944e+002 4.003e+003-1.122e+004 3.071e+003 5.801e+003 2.053e+003-7.294e+004 2.251e+003 1.515e+004
 5.880e+002 2.930e+000 7.500e+001 1.878e+004-3.265e+004 1.248e+003 6.144e+003-2.140e+003 1.532e+005 1.039e+004-1.274e+003 3.156e+003-5.120e+003 1.376e+003 2.116e+003-2.346e+002-2.875e+004 8.986e+002 5.943e+003
 6.000e+002 2.930e+000 6.600e+001 1.798e+006 1.009e+005 4.430e+004-1.727e+004 3.165e+005 1.395e+005 1.428e+004 1.645e+003 9.799e+003 2.015e+003 2.318e+003 3.304e+003-7.255e+004-2.944e+004-2.910e+002 6.696e+003
 6.130e+002 2.930e+000 6.900e+001 1.082e+004 2.365e+003 4.283e+002-3.790e+002 7.604e+002 4.613e+004 3.847e+003 2.170e+002 1.153e+002-1.123e+003 7.643e+002 9.009e+002-1.677e+002-9.255e+003 3.122e+002 2.143e+003
 6.250e+002 2.930e+000 3.900e+001 1.769e+003-5.001e+002 1.159e+002 8.637e+001-2.147e+002 1.155e+004 1.045e+003 6.591e+001 1.662e+002-4.113e+002 2.815e+002 2.686e+002 2.085e+001-2.201e+003 7.148e+001 5.676e+002
 6.380e+002 2.930e+000 4.500e+001 3.214e+003-3.930e+003 2.677e+002 9.147e+002 6.873e+002 1.995e+004 6.451e+002-1.805e+002-2.230e+002-7.907e+002 3.642e+002 1.343e+002-2.738e+002-4.100e+003 1.998e+002 1.057e+003
 6.500e+002 2.930e+000 6.900e+001 3.568e+005-1.202e+006 3.676e+004 2.804e+005 5.735e+003 4.230e+006-1.853e+005-1.321e+005-5.015e+004-1.420e+005 2.065e+004-3.703e+004-3.825e+004-9.839e+005 3.886e+004 2.338e+005
 6.630e+002 2.930e+000 4.200e+001 1.628e+003-3.027e+003 3.730e+001 6.862e+002-7.110e+002 1.873e+004 6.552e+002-3.391e+002 2.178e+002 6.580e+001 2.864e+002 1.757e+002 1.130e+002-4.247e+003 4.829e+000 1.063e+003
 6.750e+002 2.930e+000 4.800e+001 1.030e+003-1.562e+003 6.756e+001 4.103e+002-7.087e+002 1.674e+004 9.288e+002-3.380e+002 2.374e+002-4.216e+002 2.764e+002 2.511e+002 1.239e+002-3.361e+003 1.006e+002 8.317e+002
 6.880e+002 2.930e+000 4.800e+001 1.595e+003-5.118e+002 8.653e+000 1.877e+002-1.077e+003 9.052e+003 4.137e+002-6.539e+001 1.872e+002-1.193e+002 1.553e+002 8.804e+001 2.189e+002-1.745e+003 5.944e+001 4.636e+002
 7.000e+002 2.930e+000 3.900e+001 6.732e+004-3.947e+004 3.195e+003 1.172e+004 2.362e+004 6.693e+004 1.589e+004 3.739e+003 1.187e+004 4.276e+003 4.555e+003 4.515e+003-3.349e+003-1.704e+004-7.576e+001 4.770e+003
 7.130e+002 2.930e+000 3.300e+001 7.083e+002-2.062e+002 3.582e+001 8.089e+001-1.442e+002 4.762e+003 3.476e+002 1.289e+001 1.070e+002-1.884e+001 9.568e+001 9.937e+001-1.172e+001-8.616e+002 8.374e+000 2.575e+002
 7.250e+002 2.930e+000 3.300e+001 6.071e+002-2.615e+002 3.563e+001 7.953e+001-5.353e+001 3.052e+003 2.463e+002 1.620e+000 1.285e+002-3.633e+001 1.026e+002 7.749e+001 5.824e+000-6.860e+002 1.315e+001 2.048e+002
 7.380e+002 2.930e+000 4.200e+001 1.048e+003-2.664e+002-4.115e+001 1.175e+002-3.651e+002 3.477e+003 3.065e+002-1.154e+002 1.767e+002-1.298e+002 1.237e+002 8.730e+001 8.776e+001-7.037e+002 3.118e+001 1.983e+002
 7.500e+002 2.930e+000 7.500e+001 2.794e+005-9.248e+004-1.542e+004 2.882e+004-1.117e+005 8.541e+004 2.100e+004-6.589e+003 4.053e+004-1.200e+004 7.464e+003 5.657e+003 1.717e+004-1.875e+004 1.012e+003 4.822e+003
 7.630e+002 2.930e+000 3.900e+001 1.599e+003-3.875e+002-5.482e+001 1.325e+002-4.366e+002 3.531e+003 3.287e+002-5.119e+001 2.474e+002-1.002e+002 1.446e+002 1.054e+002 1.238e+002-7.364e+002 2.426e+001 2.143e+002
 7.750e+002 2.930e+000 2.400e+001 5.442e+002-1.539e+002 1.783e+001 5.700e+001-8.149e+001 1.903e+003 2.337e+002 4.284e+001 5.689e+001 2.697e+000 1.003e+002 6.966e+001 6.182e+000-4.497e+002 3.385e+000 1.351e+002
 7.880e+002 2.930e+000 5.400e+001 3.022e+003-2.030e+002-8.921e+000 5.913e+001-4.088e+002 3.577e+003 5.508e+002-6.321e+001 1.298e+002-2.241e+001 2.446e+002 1.570e+002 1.046e+002-7.112e+002-5.422e+000 1.964e+002
 8.000e+002 2.930e+000 6.300e+001 3.453e+005 5.955e+004-3.354e+002-1.887e+004-2.827e+004 2.012e+004 4.799e+003 8.707e+002-2.117e+004 1.758e+003 1.778e+003 1.520e+003 4.188e+003-5.602e+003-2.388e+002 1.696e+003
 8.130e+002 2.930e+000 3.900e+001 1.974e+003-8.224e+001 1.239e+001 2.882e+001-2.646e+002 1.701e+003 1.764e+002-3.850e+001 1.948e+001-2.982e+001 1.017e+002 6.312e+001 6.811e+001-3.978e+002-2.091e+000 1.361e+002
 8.250e+002 2.930e+000 4.800e+001 1.176e+003-2.491e+002-8.028e+001 1.189e+002-1.561e+002 2.817e+003 3.701e+002-8.942e+001 3.566e+002-1.603e+002 3.235e+002 1.420e+002 7.017e+001-5.903e+002 4.897e+001 1.877e+002
 8.380e+002 2.930e+000 1.020e+002 5.145e+003 1.442e+003-1.635e+003 3.166e+002-3.076e+003 9.327e+003 1.239e+003-9.509e+002 2.108e+003-2.746e+003 2.417e+003 1.087e+003 1.411e+003-2.581e+003 7.371e+002 1.063e+003
 8.500e+002 2.930e+000 6.900e+001 1.601e+005 7.789e+004-8.326e+004 1.018e+004-8.773e+004 1.245e+005 1.168e+004-3.681e+004 7.467e+004-9.802e+004 9.090e+004 3.676e+004 5.220e+004-3.368e+004 2.318e+004 2.198e+004
 8.630e+002 2.930e+000 4.800e+001 1.753e+003 1.043e+000-5.756e+002 2.198e+002-9.197e+002 3.671e+003 8.629e+002-3.481e+002 6.801e+002-7.987e+002 8.288e+002 4.863e+002 4.589e+002-1.078e+003 1.906e+002 4.569e+002
 8.750e+002 2.930e+000 5.100e+001 6.905e+002-3.026e+002-8.568e+001 1.352e+002-5.539e+002 4.872e+003 6.633e+002-1.930e+002 1.999e+002-4.106e+002 2.898e+002 2.390e+002 1.709e+002-1.165e+003 9.296e+001 3.466e+002
 8.880e+002 2.930e+000 7.200e+001 9.602e+002-4.430e+002-3.852e+001 1.672e+002-1.934e+002 4.765e+003 8.343e+002-1.552e+002 2.234e+002-2.229e+002 3.617e+002 3.191e+002 4.679e+001-1.472e+003 4.125e+001 5.332e+002
 9.000e+002 2.930e+000 4.500e+001 2.564e+004-8.856e+003-8.822e+002 8.910e+002-3.705e+003 9.028e+003 4.820e+002 1.300e+001-3.182e+002-1.186e+001 3.521e+002 2.658e+002 7.270e+002-2.183e+003 1.175e+002 8.174e+002
 9.130e+002 2.930e+000 5.100e+001 1.439e+003-1.128e+003-1.373e+002 4.162e+002-1.747e+003 9.523e+003 1.444e+003 1.410e+002 7.778e+002-1.640e+003 8.013e+002 5.854e+002 7.117e+002-3.544e+003 6.525e+002 1.548e+003
 9.250e+002 2.930e+000 3.900e+001 4.707e+002-6.113e+002-1.325e+002 2.168e+002-4.888e+002 3.956e+003 1.126e+003-9.661e+001 3.335e+002-3.470e+002 5.739e+002 4.150e+002 1.872e+002-1.280e+003 1.110e+002 4.724e+002
 9.380e+002 2.930e+000 1.050e+002 1.735e+003-3.321e+003-5.088e+002 1.320e+003-2.059e+003 2.455e+004 8.774e+003-1.801e+003 1.658e+003-2.726e+003 4.640e+003 3.333e+003 5.248e+002-8.044e+003 1.443e+002 2.958e+003
 9.500e+002 2.930e+000 8.700e+001 3.069e+004-3.836e+004-2.911e+004 2.347e+004-7.277e+004 4.594e+005 2.183e+005-5.818e+004 3.315e+004-7.882e+004 1.229e+005 8.647e+004 2.117e+004-1.572e+005-1.206e+003 6.239e+004
 9.630e+002 2.930e+000 5.700e+001 8.081e+002-7.609e+002-2.102e+002 2.428e+002-6.771e+002 1.000e+004 3.181e+003-8.332e+002 2.854e+002-1.022e+003 1.576e+003 1.180e+003 1.922e+002-2.997e+003 4.192e+001 1.086e+003
 9.750e+002 2.930e+000 3.600e+001 3.771e+002-1.286e+002 1.051e+001 3.327e+001 3.138e+001 2.212e+003 3.905e+002-1.815e+002 2.806e+001-1.143e+002 1.580e+002 1.340e+002 4.228e+001-5.761e+002 1.639e+001 2.216e+002
 9.880e+002 2.930e+000 6.300e+001 1.573e+003-5.940e+002 1.137e+002 1.691e+002-2.879e+002 4.065e+003 5.105e+002-2.163e+002 4.861e+001-2.869e+002 3.123e+002 1.924e+002 9.851e+001-1.379e+003 1.184e+002 5.842e+002
 1.000e+003 2.930e+000 2.070e+002 7.187e+004-3.261e+004-4.691e+002 1.149e+004-1.293e+004 8.630e+004 1.055e+003-3.696e+003-4.666e+003-4.139e+003 1.922e+003 1.252e+003 1.528e+003-3.443e+004 1.802e+003 1.614e+004
 1.130e+003 2.930e+000 2.160e+002 4.014e+004-1.983e+004-6.775e+003 7.791e+003 4.884e+004 1.406e+005-1.653e+004-1.985e+003-5.468e+002 1.341e+003 3.690e+003-8.255e+003-2.447e+004-6.695e+004-3.731e+002 3.262e+004
 1.250e+003 2.930e+000 1.530e+002 3.252e+004-1.506e+004-2.117e+003 5.498e+003 2.737e+004 6.020e+004-2.042e+003 1.331e+003-1.080e+003-6.389e+002 5.539e+002-6.609e+002-8.514e+003-2.086e+004 2.731e+002 7.704e+003
 1.380e+003 2.930e+000 1.440e+002 1.162e+004 2.504e+003-2.004e+002-3.907e+002-1.564e+004 8.980e+004 2.117e+003 6.381e+002 2.372e+002-1.005e+003 1.702e+002 8.571e+002 5.097e+003-3.314e+004 5.313e+002 1.321e+004
 1.500e+003 2.930e+000 5.400e+001 7.977e+002-2.093e+003 7.407e+001 8.828e+002-1.086e+003 4.034e+004 2.398e+003-1.990e+002 2.471e+002-1.436e+003 2.485e+002 9.304e+002 3.649e+002-1.482e+004 5.358e+002 5.542e+003
 1.630e+003 2.930e+000 6.600e+001 1.473e+003-4.994e+003-8.937e+001 1.973e+003-3.484e+003 8.199e+004 5.483e+003-1.869e+003 4.508e+002-2.082e+003 4.484e+002 2.094e+003 1.165e+003-3.050e+004 6.698e+002 1.147e+004
 1.750e+003 2.930e+000 4.800e+001 2.358e+003-1.985e+004 3.014e+002 7.623e+003-3.534e+003 3.214e+005 2.208e+004-8.836e+003 1.427e+003-9.452e+003 1.828e+003 8.602e+003 7.290e+002-1.217e+005 3.015e+003 4.651e+004
 1.880e+003 2.930e+000 7.200e+001 7.819e+003-4.533e+004-1.672e+003 1.722e+004-3.171e+004 7.696e+005 6.054e+004-1.774e+004 4.059e+003-1.357e+004 5.133e+003 2.169e+004 9.962e+003-2.737e+005 3.730e+003 9.899e+004
 2.000e+003 2.930e+000 7.200e+001 1.293e+004-1.204e+005 8.319e+002 4.514e+004-2.038e+004 1.797e+006 1.567e+005-4.300e+004 1.113e+004-3.612e+004 1.449e+004 5.886e+004 4.608e+003-6.646e+005 9.623e+003 2.470e+005
 2.130e+003 2.930e+000 4.800e+001 4.155e+003-2.403e+004 6.080e+001 9.025e+003-4.926e+003 3.507e+005 3.405e+004-8.760e+003 2.525e+003-8.269e+003 3.563e+003 1.278e+004 1.175e+003-1.293e+005 2.190e+003 4.796e+004
 2.250e+003 2.930e+000 7.200e+001 2.801e+003-1.232e+004 1.457e+002 4.630e+003-1.865e+003 1.491e+005 1.505e+004-3.415e+003 1.278e+003-4.228e+003 1.665e+003 5.693e+003 3.830e+002-5.545e+004 1.232e+003 2.072e+004
 2.380e+003 2.930e+000 7.200e+001 1.720e+003-6.836e+003-1.101e+002 2.304e+003-3.723e+003 1.081e+005 9.935e+003-3.296e+003 8.350e+002-4.353e+003 1.124e+003 3.493e+003 1.095e+003-3.656e+004 1.198e+003 1.273e+004
 2.500e+003 2.930e+000 4.800e+001 4.644e+002-2.300e+003-1.619e+000 8.258e+002-7.470e+002 3.938e+004 3.811e+003-1.003e+003 2.468e+002-1.242e+003 4.195e+002 1.360e+003 1.806e+002-1.369e+004 3.292e+002 4.826e+003
 2.630e+003 2.930e+000 6.600e+001 5.473e+002-2.480e+003 5.619e+001 9.687e+002-6.981e+002 3.264e+004 2.938e+003-9.193e+002 2.592e+002-1.354e+003 3.370e+002 1.139e+003 1.916e+002-1.228e+004 4.319e+002 4.660e+003
 2.750e+003 2.930e+000 7.200e+001 5.215e+002-2.798e+003 2.062e+001 1.054e+003-1.047e+003 3.806e+004 3.553e+003-6.301e+002 3.105e+002-1.625e+003 4.134e+002 1.341e+003 3.425e+002-1.410e+004 5.455e+002 5.242e+003
 2.880e+003 2.930e+000 4.500e+001 2.090e+002-4.235e+002-4.264e+001 1.649e+002-5.843e+002 9.503e+003 8.627e+002-1.489e+002 5.172e+001-3.225e+002 9.469e+001 3.190e+002 2.032e+002-3.460e+003 1.044e+002 1.266e+003
 3.000e+003 2.930e+000 7.200e+001 3.383e+002-1.353e+003 3.218e+001 5.170e+002-4.480e+002 2.656e+004 2.469e+003 3.247e+002 1.655e+002-1.391e+003 3.202e+002 9.060e+002 1.782e+002-9.977e+003 5.596e+002 3.784e+003
 3.130e+003 2.930e+000 6.300e+001 2.105e+002-2.445e+002-3.948e+001 9.537e+001-5.590e+002 1.098e+004 1.058e+003-1.766e+002 3.951e+001-4.583e+002 1.329e+002 3.975e+002 1.965e+002-4.050e+003 1.507e+002 1.503e+003
 3.250e+003 2.930e+000 4.500e+001 2.232e+002-1.177e+003 3.293e+001 4.362e+002-1.443e+002 1.621e+004 1.332e+003-2.275e+002 1.199e+002-5.999e+002 1.420e+002 4.990e+002 3.545e+001-5.958e+003 2.015e+002 2.196e+003
 3.380e+003 2.930e+000 7.200e+001 7.307e+002-1.782e+003-1.030e+002 7.246e+002-2.659e+003 3.891e+004 3.085e+003-7.467e+002 3.227e+002-2.365e+003 4.205e+002 1.212e+003 9.627e+002-1.471e+004 8.353e+002 5.578e+003
 3.500e+003 2.930e+000 7.200e+001 3.054e+003-2.714e+004-5.898e+002 1.069e+004-1.995e+004 4.687e+005 3.415e+004-9.304e+003 2.643e+003-1.530e+004 3.026e+003 1.325e+004 7.024e+003-1.776e+005 5.118e+003 6.751e+004
 3.630e+003 2.930e+000 4.500e+001 1.305e+003-1.148e+004 7.617e+002 4.369e+003-4.797e+003 1.375e+005 8.055e+003-2.302e+003 1.052e+003-1.147e+004 1.545e+003 3.209e+003 1.607e+003-5.147e+004 4.149e+003 1.931e+004
 3.750e+003 2.930e+000 5.400e+001 7.514e+002-1.068e+003 1.398e+000 4.042e+002-6.502e+002 1.968e+004 1.322e+003-3.402e+002 1.278e+002-1.065e+003 1.622e+002 5.190e+002 2.238e+002-7.456e+003 3.809e+002 2.832e+003
 3.880e+003 2.930e+000 6.600e+001 1.125e+003-8.500e+003-2.381e+001 3.352e+003-7.820e+003 1.696e+005 1.066e+004-2.835e+003 1.038e+003-8.989e+003 1.217e+003 4.202e+003 2.814e+003-6.446e+004 3.233e+003 2.455e+004
 4.000e+003 2.930e+000 4.800e+001 6.030e+002-1.596e+003-1.206e+002 6.476e+002-3.768e+003 4.912e+004 2.661e+003-6.322e+002 2.821e+002-2.465e+003 2.827e+002 1.032e+003 1.394e+003-1.854e+004 8.956e+002 7.033e+003
 4.130e+003 2.930e+000 7.200e+001 1.024e+003-9.953e+003-6.750e+001 3.909e+003-8.599e+003 2.214e+005 1.385e+004-2.828e+003 1.047e+003-1.041e+004 1.370e+003 5.415e+003 3.160e+003-8.442e+004 3.794e+003 3.224e+004
 4.250e+003 2.930e+000 6.300e+001 3.577e+002-2.021e+003 1.176e+001 7.914e+002-4.829e+002 4.184e+004 1.874e+003-4.857e+002 1.130e+002-1.770e+003 1.876e+002 7.289e+002 1.537e+002-1.587e+004 6.430e+002 6.034e+003
 4.380e+003 2.930e+000 4.800e+001 3.190e+002-8.601e+002-6.352e+001 3.549e+002-1.793e+003 2.238e+004 1.200e+003-3.692e+002 1.319e+002-1.029e+003 1.185e+002 4.709e+002 6.619e+002-8.457e+003 3.689e+002 3.204e+003
 4.500e+003 2.930e+000 6.900e+001 5.477e+002-4.498e+003 1.650e+002 1.731e+003-1.477e+003 6.816e+004 3.815e+003-8.441e+002 3.529e+002-3.562e+003 4.105e+002 1.497e+003 5.006e+002-2.593e+004 1.308e+003 9.881e+003
 4.630e+003 2.930e+000 6.900e+001 1.393e+002-2.907e+002-1.231e+001 1.165e+002-3.708e+002 9.539e+003 5.554e+002-1.290e+002 3.681e+001-4.290e+002 5.485e+001 2.163e+002 1.384e+002-3.610e+003 1.551e+002 1.371e+003
 4.750e+003 2.930e+000 4.800e+001 6.874e+001-3.665e+002 1.085e+001 1.383e+002-1.021e+002 9.095e+003 5.177e+002-1.443e+002 2.852e+001-3.874e+002 4.752e+001 1.951e+002 3.498e+001-3.330e+003 1.345e+002 1.228e+003
 4.880e+003 2.930e+000 4.800e+001 5.391e+001-1.313e+002 5.218e+000 4.203e+001 3.280e+001 3.733e+003 2.324e+002-3.911e+001 1.141e+001-7.539e+001 2.028e+001 7.865e+001-5.765e+000-1.285e+003 2.832e+001 4.566e+002
 5.000e+003 2.930e+000 5.700e+001 3.379e+001-9.366e+001-4.338e+000 3.721e+001-1.359e+002 3.304e+003 2.077e+002-6.815e+001 1.202e+001-1.422e+002 2.106e+001 8.008e+001 4.914e+001-1.233e+003 4.879e+001 4.647e+002
 5.130e+003 2.930e+000 3.900e+001 2.412e+001-1.058e+002 2.877e+000 3.903e+001 3.712e+000 1.868e+003 1.467e+002-3.202e+001 9.784e+000-2.879e+001 1.396e+001 5.409e+001-2.920e+000-6.860e+002 8.289e+000 2.535e+002
 5.250e+003 2.930e+000 5.400e+001 3.178e+001-4.247e+001 1.613e+000 1.613e+001-1.035e+001 1.017e+003 6.586e+001-7.056e+000 4.865e+000-3.355e+001 7.013e+000 2.511e+001 4.507e+000-3.858e+002 1.273e+001 1.487e+002
 5.380e+003 2.930e+000 6.600e+001 5.084e+001-2.296e+002 3.851e-001 8.794e+001-8.151e+001 5.075e+003 3.524e+002-1.332e+002 2.333e+001-1.252e+002 3.189e+001 1.284e+002 2.266e+001-1.796e+003 3.483e+001 6.432e+002
 5.500e+003 2.930e+000 3.300e+001 1.824e+001-6.476e+001-3.813e+000 2.308e+001-5.260e+001 9.982e+002 7.009e+001-9.554e+000 5.803e+000-1.098e+001 6.264e+000 2.544e+001 1.825e+001-3.672e+002 3.587e+000 1.371e+002
 5.630e+003 2.930e+000 4.500e+001 1.801e+001-1.363e+001-3.807e+000 3.762e+000-8.909e+001 4.390e+003 1.951e+002 7.531e+001 4.689e+000-1.206e+002 1.350e+001 6.705e+001 2.851e+001-1.571e+003 4.630e+001 5.746e+002
 5.750e+003 2.930e+000 6.300e+001 5.134e+001-4.503e+002 8.992e+000 1.673e+002-9.144e+000 8.165e+003 5.714e+002-2.749e+002 3.464e+001-1.260e+002 4.506e+001 2.152e+002-1.197e+001-3.021e+003 2.804e+001 1.134e+003
 5.880e+003 2.930e+000 4.500e+001 5.486e+001-2.726e+002-1.278e+001 1.074e+002-2.884e+002 4.617e+003 2.750e+002-1.399e+002 2.194e+001-8.137e+001 1.942e+001 1.015e+002 9.398e+001-1.667e+003 2.147e+001 6.090e+002
 6.000e+003 2.930e+000 6.600e+001 5.890e+001-5.812e+002 1.204e+001 2.281e+002-4.060e+001 1.552e+004 1.051e+003-2.987e+002 4.820e+001-4.656e+002 9.275e+001 4.080e+002 3.836e+000-5.820e+003 1.563e+002 2.204e+003
 6.130e+003 2.930e+000 6.900e+001 6.225e+001-2.155e+002-1.634e+001 9.154e+001-3.561e+002 5.159e+003 3.392e+002-1.781e+002 2.622e+001-1.816e+002 3.106e+001 1.298e+002 1.196e+002-1.884e+003 5.514e+001 7.007e+002
 6.250e+003 2.930e+000 4.200e+001 5.524e+001-3.036e+002 5.545e+000 9.539e+001-2.117e+001 3.230e+003 2.493e+002-1.046e+002 2.766e+001-7.701e+001 2.275e+001 8.213e+001 1.544e+000-1.044e+003 1.956e+001 3.533e+002
 6.380e+003 2.930e+000 6.600e+001 4.519e+001-2.656e+002-4.880e+000 1.020e+002-2.068e+002 4.348e+003 3.513e+002-1.308e+002 3.198e+001-1.920e+002 3.891e+001 1.344e+002 6.882e+001-1.589e+003 6.036e+001 5.913e+002
 6.500e+003 2.930e+000 6.300e+001 2.439e+001-8.991e+001 1.342e+000 3.411e+001-3.601e+001 2.456e+003 1.710e+002-9.204e+001 8.727e+000-1.062e+002 1.819e+001 6.714e+001 9.869e+000-9.058e+002 3.395e+001 3.437e+002
 6.630e+003 2.930e+000 4.200e+001 3.170e+001-1.912e+002-2.981e+000 7.211e+001-1.565e+002 3.251e+003 2.581e+002-4.738e+001 2.394e+001-1.576e+002 3.004e+001 9.665e+001 5.360e+001-1.198e+003 5.539e+001 4.486e+002
 6.750e+003 2.930e+000 6.600e+001 3.956e+001-6.520e+001-5.258e+000 2.689e+001-1.341e+002 1.938e+003 1.258e+002-4.687e+001 1.335e+001-1.172e+002 1.674e+001 4.974e+001 4.836e+001-7.216e+002 4.149e+001 2.765e+002
 6.880e+003 2.930e+000 6.300e+001 3.113e+001-2.005e+002 5.307e-001 8.229e+001-1.646e+002 3.618e+003 2.512e+002-1.691e+002 2.385e+001-2.045e+002 3.143e+001 1.031e+002 5.104e+001-1.338e+003 6.539e+001 5.123e+002
 7.000e+003 2.930e+000 4.200e+001 1.712e+001-4.467e+001-1.263e+000 1.745e+001-6.296e+001 9.671e+002 6.267e+001-1.981e+001 6.342e+000-4.900e+001 7.327e+000 2.391e+001 2.166e+001-3.520e+002 1.709e+001 1.336e+002
 7.130e+003 2.930e+000 6.600e+001 4.326e+001-2.148e+002 5.847e+000 8.252e+001-1.611e+002 2.268e+003 1.489e+002-6.286e+001 2.668e+001-1.690e+002 2.390e+001 5.932e+001 5.242e+001-8.245e+002 5.820e+001 3.090e+002
 7.250e+003 2.930e+000 6.300e+001 3.166e+001-6.521e+001-1.112e+001 2.652e+001-2.080e+002 2.349e+003 1.656e+002-4.225e+001 1.712e+001-1.337e+002 2.087e+001 6.336e+001 7.547e+001-8.655e+002 4.770e+001 3.285e+002
 7.380e+003 2.930e+000 3.900e+001 2.786e+001-7.277e+001-1.034e+000 2.797e+001-7.913e+001 6.790e+002 4.674e+001-1.926e+001 1.129e+001-4.640e+001 6.990e+000 1.858e+001 2.828e+001-2.494e+002 1.600e+001 9.655e+001
 7.500e+003 2.930e+000 5.100e+001 3.813e+001-1.672e+002 1.270e-001 6.212e+001-2.180e+002 2.966e+003 1.702e+002-7.258e+001 2.801e+001-2.341e+002 3.011e+001 6.625e+001 7.252e+001-1.046e+003 7.943e+001 3.791e+002
 7.630e+003 2.930e+000 5.100e+001 2.072e+001-5.438e+001-2.606e+000 2.320e+001-1.032e+002 1.103e+003 6.975e+001-3.025e+001 1.093e+001-7.552e+001 1.074e+001 2.992e+001 3.740e+001-4.214e+002 2.781e+001 1.706e+002
 7.750e+003 2.930e+000 3.900e+001 1.404e+001-6.724e+001-1.698e+000 2.711e+001-6.988e+001 1.205e+003 8.502e+001-4.448e+001 9.552e+000-6.844e+001 1.108e+001 3.458e+001 2.214e+001-4.495e+002 2.309e+001 1.761e+002
 7.880e+003 2.930e+000 4.200e+001 6.871e+000-3.247e+001 1.634e+000 1.651e+001-1.353e+001 6.675e+002 3.831e+001-6.555e+001 3.030e+000-3.304e+001 6.368e+000 2.297e+001-1.138e+000-2.856e+002 1.382e+001 1.529e+002
 8.000e+003 2.930e+000 4.800e+001 1.696e+001-7.233e+001 2.015e+000 4.743e+001-1.082e+002 2.206e+003 2.102e+001-4.827e+002 1.335e+001-2.063e+002 2.704e+001 5.463e+001 4.212e+001-1.067e+003 1.167e+002 7.022e+002
 8.130e+003 2.930e+000 3.900e+001 1.125e+001-6.751e+001-3.877e-001 2.565e+001-2.810e+001 8.716e+002 7.405e+001-4.690e+001 8.525e+000-3.366e+001 9.960e+000 3.069e+001 8.242e+000-3.193e+002 1.126e+001 1.332e+002
 8.250e+003 2.930e+000 5.100e+001 1.384e+001-1.480e+001-6.828e+000 7.215e+000-8.865e+001 9.207e+002 7.755e+001-2.541e+001 8.085e+000-6.511e+001 1.216e+001 2.997e+001 3.153e+001-3.283e+002 2.223e+001 1.263e+002
 8.380e+003 2.930e+000 5.400e+001 2.165e+001-8.243e+001 1.256e+000 2.746e+001-6.626e+001 1.200e+003 1.012e+002-2.870e+001 1.055e+001-6.494e+001 1.396e+001 3.850e+001 1.841e+001-4.116e+002 2.071e+001 1.560e+002
 8.500e+003 2.930e+000 4.200e+001 1.196e+001-3.057e+001-2.408e+000 1.347e+001-3.312e+001 5.270e+002 4.567e+001-3.486e+001 6.795e+000-3.125e+001 7.777e+000 1.968e+001 1.192e+001-1.867e+002 9.329e+000 7.861e+001
 8.630e+003 2.930e+000 3.900e+001 1.400e+001-3.902e+001-1.279e+000 1.550e+001-5.759e+001 7.696e+002 4.544e+001-1.246e+001 6.881e+000-5.298e+001 7.673e+000 1.764e+001 1.937e+001-2.666e+002 1.792e+001 9.896e+001
 8.750e+003 2.930e+000 6.600e+001 2.116e+001-1.078e+002 4.325e-001 4.372e+001-5.310e+001 1.134e+003 1.060e+002-3.205e+001 1.405e+001-5.784e+001 1.495e+001 4.450e+001 1.624e+001-4.316e+002 2.076e+001 1.795e+002
 8.880e+003 2.930e+000 4.500e+001 2.878e+001-4.889e+001-8.939e+000 2.685e+001-1.458e+002 1.252e+003 1.097e+002-7.318e+001 1.656e+001-1.006e+002 1.872e+001 4.735e+001 5.031e+001-4.550e+002 3.116e+001 1.779e+002
 9.000e+003 2.930e+000 6.600e+001 2.795e+001-1.071e+002 2.432e+000 4.475e+001-7.689e+001 1.523e+003 1.332e+002-7.700e+001 1.596e+001-1.048e+002 2.087e+001 5.627e+001 2.021e+001-5.560e+002 3.385e+001 2.214e+002
 9.130e+003 2.930e+000 6.300e+001 1.966e+001-4.333e+001-2.750e+000 2.083e+001-7.671e+001 8.721e+002 6.470e+001-5.393e+001 1.101e+001-6.710e+001 1.199e+001 2.965e+001 2.406e+001-3.068e+002 2.136e+001 1.241e+002
 9.250e+003 2.930e+000 4.200e+001 1.247e+001-2.600e+001-1.202e+000 1.285e+001-6.404e+001 6.801e+002 3.813e+001-3.318e+001 5.675e+000-4.019e+001 6.182e+000 1.763e+001 1.865e+001-2.321e+002 1.292e+001 8.947e+001
 9.380e+003 2.930e+000 6.300e+001 1.230e+001-5.163e+001 1.581e+000 2.082e+001-4.295e+001 8.844e+002 4.893e+001-6.380e+001 6.050e+000-5.428e+001 7.525e+000 2.316e+001 8.304e+000-3.030e+002 1.679e+001 1.253e+002
 9.500e+003 2.930e+000 6.600e+001 1.206e+001-3.427e+001-1.173e+000 1.579e+001-6.158e+001 1.132e+003 6.130e+001-5.949e+001 4.426e+000-5.364e+001 7.983e+000 2.750e+001 1.755e+001-3.976e+002 1.800e+001 1.574e+002
 9.630e+003 2.930e+000 4.500e+001 5.441e+000-2.776e+001 8.618e-001 1.040e+001-1.404e+001 4.316e+002 2.731e+001-1.727e+001 2.640e+000-2.192e+001 3.753e+000 1.216e+001 2.902e+000-1.516e+002 7.930e+000 6.499e+001
 9.750e+003 2.930e+000 5.400e+001 5.179e+000-1.146e+001-7.678e-001 3.724e+000-2.131e+001 7.739e+002 3.128e+001-3.573e+001 2.137e+000-3.693e+001 4.214e+000 1.371e+001 7.255e+000-2.641e+002 1.296e+001 1.042e+002
 9.880e+003 2.930e+000 6.300e+001 9.358e+000-4.004e+001-6.317e-001 1.755e+001-5.294e+001 1.181e+003 7.098e+001-6.514e+001 4.884e+000-5.860e+001 9.074e+000 3.111e+001 1.510e+001-4.262e+002 1.896e+001 1.739e+002
 1.000e+004 2.930e+000 2.940e+002 5.261e+001-2.316e+002-6.914e+000 9.818e+001-2.660e+002 6.094e+003 3.698e+002-3.202e+002 2.935e+001-2.720e+002 4.876e+001 1.688e+002 8.549e+001-2.243e+003 9.580e+001 9.402e+002
 1.130e+004 2.930e+000 5.700e+002 1.084e+002-5.316e+002-5.405e+000 2.222e+002-5.639e+002 8.335e+003 4.171e+002-4.249e+002 5.485e+001-3.706e+002 4.683e+001 1.890e+002 1.794e+002-2.998e+003 1.336e+002 1.246e+003
 1.250e+004 2.930e+000 5.910e+002 4.091e+001-1.718e+002-8.953e-001 7.226e+001-2.108e+002 5.530e+003 2.613e+002-2.123e+002 1.958e+001-2.761e+002 3.324e+001 1.253e+002 6.906e+001-2.058e+003 1.113e+002 9.127e+002
 1.380e+004 2.930e+000 5.760e+002 5.416e+001-2.816e+002-1.422e+000 1.213e+002-3.242e+002 6.731e+003 3.329e+002-2.748e+002 3.052e+001-3.484e+002 3.961e+001 1.550e+002 1.095e+002-2.604e+003 1.335e+002 1.112e+003
 1.500e+004 2.930e+000 5.820e+002 4.539e+001-2.134e+002-6.385e-001 9.383e+001-2.590e+002 5.950e+003 2.742e+002-3.176e+002 2.378e+001-3.189e+002 3.448e+001 1.339e+002 8.708e+001-2.280e+003 1.196e+002 9.856e+002
 1.630e+004 2.930e+000 4.890e+002 1.761e+001-6.847e+001-1.015e+000 2.777e+001-1.067e+002 2.129e+003 9.055e+001-8.420e+001 7.903e+000-1.039e+002 1.272e+001 5.014e+001 3.460e+001-8.027e+002 4.730e+001 4.048e+002
 1.750e+004 2.930e+000 3.660e+002 3.244e+000-9.314e+000-7.286e-001 5.572e-001-1.357e+001 2.873e+002 1.770e+001 3.159e+001 1.103e+000-9.555e+000 4.141e+000 1.513e+001 6.094e+000-1.241e+002 1.568e+001 1.351e+002
 1.880e+004 2.930e+000 2.880e+002 1.497e+000-4.136e+000-9.590e-002 9.682e-001-3.285e+000 7.249e+001 3.727e+000-7.626e+000 3.890e-001-3.679e+000 1.826e+000 6.749e+000 8.539e-001-3.618e+001 6.381e+000 5.938e+001
 2.000e+004 2.930e+000 5.070e+002 4.032e+000-4.938e+000-5.781e+000-3.251e+001-2.647e+001 4.387e+002 8.674e+001 4.521e+002-2.024e+000 2.342e+001 4.762e+001 1.883e+002 1.590e+001-2.806e+002 1.856e+002 1.494e+003
 2.130e+004 2.930e+000 2.520e+002 4.473e-001-5.715e-001 8.646e-003 1.031e-001-4.676e-001 1.436e+001 5.968e-001-3.448e+000 1.554e-001-1.380e+000 1.084e+000 3.391e+000 6.495e-002-8.960e+000 3.698e+000 2.944e+001
 2.250e+004 2.930e+000 2.250e+002 3.505e-001-7.645e-001 5.875e-002 4.012e-001-7.043e-001 2.422e+001 5.824e-001-4.576e+000 1.261e-001-1.573e+000 7.869e-001 2.589e+000-3.914e-002-1.045e+001 2.520e+000 2.159e+001
 2.380e+004 2.930e+000 2.370e+002 8.334e-001-2.340e+000-4.704e-002 3.116e+000-9.316e+000 1.879e+002 5.315e+000-3.426e+001 1.277e+000-2.252e+001 3.473e+000 9.200e+000 6.207e+000-1.300e+002 1.645e+001 1.092e+002
 2.500e+004 2.930e+000 1.170e+002 7.569e-002-9.282e-002 6.787e-003 7.769e-002-1.390e-001 4.495e+000 2.514e-002-1.321e+000 2.720e-002-2.421e-001 1.571e-001 3.916e-001 3.864e-002-1.664e+000 4.321e-001 3.441e+000
 2.630e+004 2.930e+000 8.100e+001 4.494e-002 7.155e-002 1.142e-003-5.039e-003 9.205e-002 5.976e+002-1.904e-001-3.370e+001 3.448e-003 1.908e+000 6.499e-002-3.448e-002-2.603e-002-1.331e+002-3.173e-001 3.238e+001
 2.750e+004 2.930e+000 8.100e+001 4.074e-002-5.946e-002 5.845e-003 5.462e-002-1.531e-001 5.591e+000-2.595e-003-4.820e-001 1.467e-002-1.593e-001 5.505e-002 9.576e-002 3.966e-002-1.563e+000 1.205e-001 1.009e+000
 2.880e+004 2.930e+000 1.830e+002 1.500e-001-4.577e-001-1.084e-001-1.040e-001-7.960e-001 1.551e+001 2.280e+000 7.467e+000 1.221e-001-7.689e-001 8.121e-001 2.591e+000 8.732e-001-1.183e+001 3.193e+000 2.305e+001
 3.000e+004 2.930e+000 1.530e+002 1.398e-001-6.408e-001 1.716e-002 3.173e-001-7.599e-001 1.922e+001 5.031e-001-1.098e+000 7.888e-002-1.096e+000 1.464e-001 3.056e-001 2.679e-001-7.725e+000 4.894e-001 3.582e+000
 3.130e+004 2.930e+000 1.530e+002 2.761e-001-1.585e+000 6.249e-002 9.451e-001-2.324e+000 5.201e+001 1.227e+000-5.566e+000 2.130e-001-3.641e+000 3.603e-001 9.579e-001 8.752e-001-2.307e+001 1.537e+000 1.113e+001
 3.250e+004 2.930e+000 1.950e+002 5.585e-001-3.663e+000 1.315e-001 2.054e+000-4.338e+000 1.022e+002 3.247e+000-9.849e+000 4.437e-001-7.239e+000 7.023e-001 2.180e+000 1.608e+000-4.540e+001 2.957e+000 2.147e+001
 3.380e+004 2.930e+000 9.900e+001 4.655e-002-1.071e-001 5.469e-003 5.399e-002-1.247e-001 2.347e+000 6.961e-002-1.607e-001 1.696e-002-1.250e-001 3.629e-002 5.319e-002 3.691e-002-9.358e-001 5.671e-002 5.170e-001
 3.500e+004 2.930e+000 1.200e+002 2.868e-002-4.179e-002 1.665e-003 2.279e-002-2.110e-002 8.551e-001 3.351e-002-5.738e-002 1.211e-002-4.613e-002 3.588e-002 3.768e-002 7.132e-003-2.845e-001 4.362e-002 2.695e-001
 3.630e+004 2.930e+000 1.380e+002 4.879e-002-1.868e-001 5.465e-003 1.049e-001-1.816e-001 4.461e+000 1.793e-001-4.782e-001 2.586e-002-2.666e-001 5.950e-002 1.546e-001 7.204e-002-1.997e+000 1.385e-001 1.248e+000
 3.750e+004 2.930e+000 9.300e+001 1.977e-002-4.998e-002 1.769e-003 2.466e-002-4.321e-002 1.209e+000 7.950e-002-8.066e-002 1.113e-002-7.996e-002 3.461e-002 4.642e-002 1.857e-002-4.803e-001 3.926e-002 2.590e-001
 3.880e+004 2.930e+000 8.100e+001 8.587e-003 1.236e-002-4.587e-004-3.859e-003-1.481e-002 5.305e-001 8.334e-003-4.504e-002 2.643e-003-3.146e-002 2.158e-002 1.272e-002 7.164e-003-1.620e-001 1.894e-002 1.030e-001
 4.000e+004 2.930e+000 1.680e+002 2.213e-001-1.305e+000 1.728e-002 7.918e-001-1.787e+000 3.261e+001 1.775e+000-2.211e+000 2.252e-001-2.642e+000 3.641e-001 1.106e+000 8.126e-001-1.650e+001 1.244e+000 8.649e+000
 4.130e+004 2.930e+000 1.110e+002 1.149e-002-1.856e-002-3.361e-004 9.704e-003-1.673e-002 8.687e-001 3.094e-002-1.563e-002 5.484e-003-2.993e-002 2.042e-002 2.554e-002 1.057e-002-2.974e-001 2.578e-002 1.949e-001
 4.250e+004 2.930e+000 9.000e+001 1.335e-002-2.207e-002 1.308e-003 1.539e-002-2.997e-002 5.123e-001 1.812e-002-1.387e-002 6.670e-003-3.707e-002 2.011e-002 2.862e-002 1.293e-002-1.835e-001 3.002e-002 1.918e-001
 4.380e+004 2.930e+000 9.900e+001 1.201e-002-1.105e-002 1.756e-003 1.903e-003-1.695e-003 2.182e-001-7.718e-006-1.093e-002 5.728e-003 1.176e-003 2.540e-002 2.512e-002-2.164e-003-2.993e-003 2.105e-002 1.555e-001
 4.500e+004 2.930e+000 7.800e+001 8.268e-003-8.283e-003 6.359e-005 3.332e-003 3.340e-003 1.577e-001-3.113e-003-1.678e-002 2.322e-003 5.822e-004 1.223e-002 7.914e-003-1.297e-004-3.230e-002 5.398e-003 5.102e-002
 4.630e+004 2.930e+000 8.400e+001 8.365e-003-9.058e-003-6.429e-004 7.340e-003-1.240e-002 4.907e-001 3.635e-002-3.118e-002 5.096e-003-3.691e-002 2.124e-002 2.687e-002 6.241e-003-2.115e-001 2.500e-002 1.359e-001
 4.750e+004 2.930e+000 3.270e+002 2.940e+000-1.652e+001 1.833e-001 9.371e+000-2.135e+001 3.760e+002 2.052e+001-2.680e+001 2.654e+000-3.046e+001 3.691e+000 1.197e+001 8.982e+000-1.788e+002 1.307e+001 8.717e+001
 4.880e+004 2.930e+000 2.730e+002 1.167e+000-4.984e+000 4.750e-002 2.842e+000-6.634e+000 1.073e+002 5.555e+000-7.594e+000 7.805e-001-8.410e+000 1.012e+000 3.257e+000 2.799e+000-5.098e+001 3.629e+000 2.492e+001
 5.000e+004 2.930e+000 9.600e+001 1.165e-002-4.316e-003 5.510e-004 4.171e-003-3.359e-002 7.545e-001 2.901e-002-3.653e-002 4.420e-003-6.340e-002 1.831e-002 1.941e-002 1.338e-002-2.984e-001 2.867e-002 1.445e-001
 5.130e+004 2.930e+000 7.500e+001 9.915e-003-6.905e-003 7.773e-004 4.504e-003-1.093e-002 2.069e-001 8.201e-003-4.668e-003 4.387e-003-1.478e-002 9.092e-003 6.254e-003 5.781e-003-7.612e-002 9.114e-003 4.693e-002
 5.250e+004 2.930e+000 6.000e+001 6.339e-003-2.036e-003-1.675e-003 3.579e-003-6.641e-003 1.204e-001 2.024e-003-8.507e-003 3.412e-003-7.915e-003 9.798e-003 5.400e-003 4.957e-003-3.473e-002 5.740e-003 2.294e-002
 5.380e+004 2.930e+000 1.140e+002 4.189e-002-1.278e-001 3.980e-003 6.379e-002-2.512e-001 4.007e+000 7.569e-002-2.564e-001 2.370e-002-2.378e-001 3.079e-002 4.782e-002 8.020e-002-1.337e+000 8.056e-002 4.893e-001
 5.500e+004 2.930e+000 1.470e+002 1.128e-001-4.175e-001-5.872e-004 2.280e-001-5.477e-001 9.461e+000 4.871e-001-6.220e-001 6.379e-002-6.663e-001 9.147e-002 2.702e-001 2.263e-001-4.348e+000 2.798e-001 2.072e+000
 5.630e+004 2.930e+000 3.870e+002 2.648e+000-1.290e+001 1.467e-001 7.417e+000-1.691e+001 2.721e+002 1.431e+001-2.113e+001 2.076e+000-2.168e+001 2.561e+000 8.424e+000 6.991e+000-1.278e+002 9.099e+000 6.176e+001
 5.750e+004 2.930e+000 8.100e+001 7.679e-003-2.058e-003-9.686e-004 1.565e-003-6.781e-003 1.909e-001 1.326e-002-7.482e-003 2.403e-003-1.130e-002 8.206e-003 6.238e-003 3.994e-003-6.514e-002 4.769e-003 3.167e-002
 5.880e+004 2.930e+000 6.600e+001 2.139e-002-9.969e-002-3.990e-003-1.412e-001-1.720e-001 2.791e+000-1.216e-001 1.178e+000-2.285e-002 3.101e-001 4.720e-002 2.217e-001-6.846e-002 1.746e+000 1.537e-001 1.724e+000
 6.000e+004 2.930e+000 6.600e+001 3.733e-003-5.084e-003 4.668e-004 5.756e-003-1.113e-002 3.864e-001 1.027e-002-1.357e-001 2.170e-003-4.580e-002 1.242e-002 2.383e-002 5.848e-003-2.452e-001 3.034e-002 2.286e-001
 6.130e+004 2.930e+000 5.700e+001 5.171e-003 2.205e-003-1.085e-005 5.977e-004-2.280e-003 8.044e-002 4.183e-003-2.511e-003 1.212e-003-2.650e-003 4.497e-003 2.085e-003 1.439e-003-1.340e-002 1.802e-003 6.146e-003
 6.250e+004 2.930e+000 9.900e+001 1.159e-002-8.141e-003 7.023e-004 5.789e-003-1.109e-002 2.823e-001 2.074e-002-1.796e-002 2.443e-003-1.777e-002 8.778e-003 1.005e-002 2.065e-003-9.346e-002 5.972e-003 4.223e-002
 6.380e+004 2.930e+000 2.730e+002 6.722e-001-3.524e+000 4.075e-002 2.155e+000-4.374e+000 7.199e+001 4.122e+000-6.125e+000 5.834e-001-5.884e+000 7.634e-001 2.567e+000 1.905e+000-3.573e+001 2.591e+000 1.834e+001
 6.500e+004 2.930e+000 6.600e+001 2.903e-002 3.204e-003-1.764e-003 1.585e-003-2.975e-002 7.011e-001 3.618e-002-5.527e-002 3.407e-003-4.691e-002 1.060e-002 2.072e-002 1.568e-002-2.992e-001 1.895e-002 1.419e-001
 6.630e+004 2.930e+000 4.800e+001 4.541e-003-2.408e-003-2.537e-004-2.891e-004-5.273e-004 6.602e-002 3.407e-003 1.319e-003 4.880e-004-2.361e-003 2.532e-003 1.559e-003 4.767e-004-1.742e-002 1.432e-003 9.626e-003
 6.750e+004 2.930e+000 2.100e+001 1.919e-003 1.697e-003 0.000e+000 0.000e+000-2.851e-003 1.197e-002-1.423e-004-3.548e-007 0.000e+000-7.044e-004 7.609e-004 6.972e-005 0.000e+000-1.528e-003 5.638e-004 1.017e-003
 6.880e+004 2.930e+000 5.400e+001 4.578e-003-1.725e-003-2.567e-004 1.305e-004 2.293e-003 5.810e-002 1.771e-003-2.489e-003 4.905e-004-4.874e-003 2.544e-003 1.052e-003 2.056e-004-1.197e-002 1.111e-003 3.737e-003
 7.000e+004 2.930e+000 1.800e+001 1.209e-003 1.544e-003 0.000e+000-1.328e-004 1.025e-003 1.225e-002 2.072e-004 0.000e+000 0.000e+000 1.415e-004 5.101e-004 2.069e-004-2.030e-004-1.712e-003-1.412e-004 7.345e-004
 7.130e+004 2.930e+000 3.600e+001 6.548e-003-2.113e-002-2.952e-004 1.167e-002-2.362e-002 5.634e-001 2.118e-002-3.816e-002 2.234e-003-2.930e-002 4.085e-003 1.245e-002 1.021e-002-2.633e-001 1.276e-002 1.294e-001
 7.250e+004 2.930e+000 7.200e+001 2.846e-002-2.081e-001 5.908e-004 1.228e-001-2.488e-001 4.910e+000 2.761e-001-3.679e-001 2.995e-002-3.473e-001 4.525e-002 1.635e-001 1.089e-001-2.445e+000 1.517e-001 1.254e+000
 7.380e+004 2.930e+000 3.300e+001 2.927e-003 1.653e-005-5.769e-006-7.106e-005 1.717e-003 2.100e-002 4.547e-004-7.040e-004 2.497e-004-3.581e-003 1.279e-003 3.697e-004-5.274e-004-4.436e-003 9.377e-004 1.400e-003
 7.500e+004 2.930e+000 4.500e+001 2.688e-003 1.549e-003 6.180e-006 1.942e-004 2.662e-003 3.471e-002 1.759e-003-9.135e-004-2.499e-004-2.011e-003 1.790e-003 7.644e-004-1.335e-004-5.479e-003 6.410e-004 1.827e-003
 7.630e+004 2.930e+000 4.200e+001 3.424e-003-1.518e-003 0.000e+000 1.928e-004 1.924e-003 1.941e-002 5.214e-004-6.771e-004 0.000e+000-1.108e-003 5.113e-004 2.858e-004-1.351e-004-3.613e-003 3.860e-004 1.129e-003
 7.750e+004 2.930e+000 3.600e+001 3.662e-003 1.433e-003-6.611e-006 1.149e-007 2.402e-003 1.927e-002 1.379e-003-8.881e-004 2.494e-004 1.488e-004 7.647e-004 3.333e-004-8.221e-008-2.887e-003 4.574e-005 8.880e-004
 7.880e+004 2.930e+000 2.700e+001 2.447e-003 5.940e-004 0.000e+000-8.624e-005 4.710e-003 2.538e-002-1.669e-004-8.677e-004 0.000e+000-1.322e-003 7.650e-004 1.028e-004-5.070e-004-4.764e-003 5.165e-004 1.733e-003
 8.000e+004 2.930e+000 5.100e+001 8.570e-003-3.251e-002-3.478e-004 1.882e-002-4.014e-002 9.867e-001 4.519e-002-5.979e-002 3.490e-003-4.670e-002 7.142e-003 2.582e-002 1.775e-002-4.809e-001 2.082e-002 2.447e-001
 8.130e+004 2.930e+000 2.100e+001 2.442e-003 3.641e-003 0.000e+000-3.199e-004 1.812e-003 3.455e-002 1.813e-003-6.340e-004 0.000e+000-1.525e-003 5.083e-004 9.067e-004-4.436e-005-9.760e-003 7.627e-004 4.243e-003
 8.250e+004 2.930e+000 3.000e+001 3.656e-003 1.560e-003 0.000e+000 0.000e+000 2.781e-003 7.912e-003 2.902e-004 0.000e+000 0.000e+000-3.562e-004 2.530e-004 1.451e-004 0.000e+000-6.252e-004 1.781e-004 4.166e-004
 8.380e+004 2.930e+000 2.400e+001 2.434e-003-1.288e-003 0.000e+000 0.000e+000 2.700e-003 9.632e-003 7.277e-004 0.000e+000 0.000e+000-8.758e-004 5.039e-004 2.910e-004 0.000e+000-1.029e-003 3.503e-004 4.116e-004
 8.500e+004 2.930e+000 2.400e+001 3.154e-003 2.820e-003 0.000e+000 0.000e+000 2.843e-003 1.147e-002 4.087e-004-2.009e-004 0.000e+000-8.301e-004 5.016e-004 2.900e-004 0.000e+000-8.031e-004 3.425e-004 4.015e-004
 8.630e+004 2.930e+000 1.500e+001 9.664e-004-6.808e-004 0.000e+000 1.376e-004 5.533e-004 7.154e-003 7.280e-004 0.000e+000 0.000e+000-8.414e-004 4.980e-004 1.457e-004 1.697e-004-1.587e-003 1.684e-004 5.944e-004
 8.750e+004 2.930e+000 3.900e+001 3.128e-003-4.805e-003-2.393e-005 2.526e-003-1.384e-003 9.811e-002 5.740e-003 1.161e-003 7.319e-004-5.507e-003 2.229e-003 3.098e-003 1.013e-003-4.347e-002 2.846e-003 2.251e-002
 8.880e+004 2.930e+000 9.900e+001 1.437e-003-2.071e-003-8.208e-006 6.928e-004-7.863e-004 1.146e-001 2.955e-003 3.682e-003 2.427e-004-2.626e-003 1.231e-003 1.624e-003 8.228e-004-4.723e-002 1.475e-003 2.826e-002
 9.000e+004 2.930e+000 3.300e+001 2.855e-003 1.780e-003 0.000e+000 2.779e-004 4.352e-004 1.717e-002 3.065e-004 5.705e-004 0.000e+000-1.305e-005 9.779e-004 1.223e-004 3.233e-004-1.724e-003 7.695e-004 3.815e-003
 9.130e+004 2.930e+000 2.100e+001 1.182e-003 7.347e-004 0.000e+000-4.368e-004 1.962e-004 5.259e-003 1.461e-004-3.758e-004 0.000e+000-1.550e-004 7.272e-004 8.870e-004-1.774e-004-1.692e-003 6.300e-004 4.511e-003
 9.250e+004 2.930e+000 1.800e+001 1.642e-003 1.160e-003 0.000e+000-3.862e-007 3.591e-004 2.953e-003 5.894e-004 7.382e-004 0.000e+000-3.094e-004 9.591e-004 1.759e-003-4.314e-007-1.481e-003 1.525e-003 7.226e-003
 9.380e+004 2.930e+000 3.300e+001 1.862e-003 9.745e-004 0.000e+000 4.446e-004 1.068e-003 1.117e-002 5.869e-004 9.139e-004 0.000e+000-3.005e-004 7.125e-004 8.755e-004-1.263e-004-1.832e-003 8.913e-004 4.930e-003
 9.500e+004 2.930e+000 2.700e+001 1.617e-003-4.345e-003-2.526e-005 2.158e-003-7.358e-003 1.642e-001 8.726e-003 2.511e-003 6.991e-004-7.559e-003 2.354e-003 4.218e-003 4.112e-003-7.291e-002 3.634e-003 3.592e-002
 9.630e+004 2.930e+000 0.000e+000 0.000e+000 0.000e+000 0.000e+000 0.000e+000 0.000e+000 0.000e+000 0.000e+000 0.000e+000 0.000e+000 0.000e+000 0.000e+000 0.000e+000 0.000e+000 0.000e+000 0.000e+000 0.000e+000
 9.750e+004 2.930e+000 0.000e+000 0.000e+000 0.000e+000 0.000e+000 0.000e+000 0.000e+000 0.000e+000 0.000e+000 0.000e+000 0.000e+000 0.000e+000 0.000e+000 0.000e+000 0.000e+000 0.000e+000 0.000e+000 0.000e+000
 9.880e+004 2.930e+000 0.000e+000 0.000e+000 0.000e+000 0.000e+000 0.000e+000 0.000e+000 0.000e+000 0.000e+000 0.000e+000 0.000e+000 0.000e+000 0.000e+000 0.000e+000 0.000e+000 0.000e+000 0.000e+000 0.000e+000
 1.000e+005 2.930e+000 0.000e+000 0.000e+000 0.000e+000 0.000e+000 0.000e+000 0.000e+000 0.000e+000 0.000e+000 0.000e+000 0.000e+000 0.000e+000 0.000e+000 0.000e+000 0.000e+000 0.000e+000 0.000e+000 0.000e+000
