 6.250e+000 2.930e+000 0.000e+000 0.000e+000 0.000e+000 0.000e+000 0.000e+000 0.000e+000 0.000e+000 0.000e+000 0.000e+000 0.000e+000 0.000e+000 0.000e+000 0.000e+000 0.000e+000 0.000e+000 0.000e+000 0.000e+000
 7.500e+000 2.930e+000 0.000e+000 0.000e+000 0.000e+000 0.000e+000 0.000e+000 0.000e+000 0.000e+000 0.000e+000 0.000e+000 0.000e+000 0.000e+000 0.000e+000 0.000e+000 0.000e+000 0.000e+000 0.000e+000 0.000e+000
 8.750e+000 2.930e+000 0.000e+000 0.000e+000 0.000e+000 0.000e+000 0.000e+000 0.000e+000 0.000e+000 0.000e+000 0.000e+000 0.000e+000 0.000e+000 0.000e+000 0.000e+000 0.000e+000 0.000e+000 0.000e+000 0.000e+000
 1.000e+001 2.930e+000 0.000e+000 0.000e+000 0.000e+000 0.000e+000 0.000e+000 0.000e+000 0.000e+000 0.000e+000 0.000e+000 0.000e+000 0.000e+000 0.000e+000 0.000e+000 0.000e+000 0.000e+000 0.000e+000 0.000e+000
 1.130e+001 2.930e+000 2.400e+001 4.576e+001-1.429e+003-5.228e+000 1.667e+003-5.062e+003 1.083e+006 6.195e+002-6.361e+004 1.346e+001-4.500e+003 4.829e+001 1.093e+003 4.316e+003-8.690e+005 3.631e+003 8.141e+005
 1.250e+001 2.930e+000 0.000e+000 0.000e+000 0.000e+000 0.000e+000 0.000e+000 0.000e+000 0.000e+000 0.000e+000 0.000e+000 0.000e+000 0.000e+000 0.000e+000 0.000e+000 0.000e+000 0.000e+000 0.000e+000 0.000e+000
 1.380e+001 2.930e+000 0.000e+000 0.000e+000 0.000e+000 0.000e+000 0.000e+000 0.000e+000 0.000e+000 0.000e+000 0.000e+000 0.000e+000 0.000e+000 0.000e+000 0.000e+000 0.000e+000 0.000e+000 0.000e+000 0.000e+000
 1.500e+001 2.930e+000 2.400e+001 4.331e+001-9.195e+002-2.287e+001 9.624e+002-4.006e+003 6.684e+005 2.063e+003-5.237e+004 6.436e+000-2.949e+003 8.015e+001 2.264e+003 3.594e+003-5.920e+005 3.080e+003 6.106e+005
 1.630e+001 2.930e+000 0.000e+000 0.000e+000 0.000e+000 0.000e+000 0.000e+000 0.000e+000 0.000e+000 0.000e+000 0.000e+000 0.000e+000 0.000e+000 0.000e+000 0.000e+000 0.000e+000 0.000e+000 0.000e+000 0.000e+000
 1.750e+001 2.930e+000 2.400e+001 2.805e+001-6.760e+002-3.804e+000 7.661e+002-2.551e+003 4.796e+005 6.943e+002-3.452e+004 4.686e+000-2.571e+003 4.091e+001 1.131e+003 2.592e+003-4.384e+005 2.468e+003 4.650e+005
 1.880e+001 2.930e+000 0.000e+000 0.000e+000 0.000e+000 0.000e+000 0.000e+000 0.000e+000 0.000e+000 0.000e+000 0.000e+000 0.000e+000 0.000e+000 0.000e+000 0.000e+000 0.000e+000 0.000e+000 0.000e+000 0.000e+000
 2.000e+001 2.930e+000 2.400e+001 6.644e+001-2.697e+003-6.991e+000 2.314e+003-6.302e+003 8.375e+005 1.776e+003 9.378e+003 2.864e+001-3.338e+003 4.248e+001 1.846e+003 5.688e+003-7.383e+005 3.307e+003 6.982e+005
 2.130e+001 2.930e+000 0.000e+000 0.000e+000 0.000e+000 0.000e+000 0.000e+000 0.000e+000 0.000e+000 0.000e+000 0.000e+000 0.000e+000 0.000e+000 0.000e+000 0.000e+000 0.000e+000 0.000e+000 0.000e+000 0.000e+000
 2.250e+001 2.930e+000 0.000e+000 0.000e+000 0.000e+000 0.000e+000 0.000e+000 0.000e+000 0.000e+000 0.000e+000 0.000e+000 0.000e+000 0.000e+000 0.000e+000 0.000e+000 0.000e+000 0.000e+000 0.000e+000 0.000e+000
 2.380e+001 2.930e+000 2.400e+001 4.692e+001-1.654e+003-7.007e-001 1.396e+003-3.842e+003 4.882e+005 2.470e+002-7.925e+003 1.167e+001-1.450e+003 2.073e+001 6.176e+002 3.820e+003-4.381e+005 1.485e+003 4.470e+005
 2.500e+001 2.930e+000 0.000e+000 0.000e+000 0.000e+000 0.000e+000 0.000e+000 0.000e+000 0.000e+000 0.000e+000 0.000e+000 0.000e+000 0.000e+000 0.000e+000 0.000e+000 0.000e+000 0.000e+000 0.000e+000 0.000e+000
 2.630e+001 2.930e+000 2.400e+001 5.453e+001-2.203e+003 4.831e+000 2.061e+003-4.546e+003 5.678e+005 1.638e+002-1.049e+004 1.581e+001-2.202e+003 2.806e+001 2.212e+002 4.296e+003-5.115e+005 2.038e+003 4.940e+005
 2.750e+001 2.930e+000 0.000e+000 0.000e+000 0.000e+000 0.000e+000 0.000e+000 0.000e+000 0.000e+000 0.000e+000 0.000e+000 0.000e+000 0.000e+000 0.000e+000 0.000e+000 0.000e+000 0.000e+000 0.000e+000 0.000e+000
 2.880e+001 2.930e+000 2.400e+001 5.605e+001-1.515e+003 7.740e+000 1.979e+003-4.372e+003 4.873e+005-1.364e+002-4.145e+004 2.103e+001-2.643e+003 3.713e+001 1.186e+002 4.351e+003-4.725e+005 2.535e+003 4.978e+005
 3.000e+001 2.930e+000 0.000e+000 0.000e+000 0.000e+000 0.000e+000 0.000e+000 0.000e+000 0.000e+000 0.000e+000 0.000e+000 0.000e+000 0.000e+000 0.000e+000 0.000e+000 0.000e+000 0.000e+000 0.000e+000 0.000e+000
 3.130e+001 2.930e+000 0.000e+000 0.000e+000 0.000e+000 0.000e+000 0.000e+000 0.000e+000 0.000e+000 0.000e+000 0.000e+000 0.000e+000 0.000e+000 0.000e+000 0.000e+000 0.000e+000 0.000e+000 0.000e+000 0.000e+000
 3.250e+001 2.930e+000 2.400e+001 5.849e+001-1.224e+003 3.302e+000 1.768e+003-4.344e+003 4.553e+005-7.949e+000-5.342e+004 1.106e+001-1.116e+003 1.382e+001 8.156e+001 4.591e+003-4.682e+005 1.221e+003 5.188e+005
 3.380e+001 2.930e+000 0.000e+000 0.000e+000 0.000e+000 0.000e+000 0.000e+000 0.000e+000 0.000e+000 0.000e+000 0.000e+000 0.000e+000 0.000e+000 0.000e+000 0.000e+000 0.000e+000 0.000e+000 0.000e+000 0.000e+000
 3.500e+001 2.930e+000 2.400e+001 9.574e+001-2.103e+003 1.009e+001 3.114e+003-7.732e+003 8.254e+005-8.247e+001-7.573e+004 2.172e+001-2.515e+003 1.662e+001 1.074e+002 7.837e+003-8.246e+005 2.639e+003 8.733e+005
 3.630e+001 2.930e+000 0.000e+000 0.000e+000 0.000e+000 0.000e+000 0.000e+000 0.000e+000 0.000e+000 0.000e+000 0.000e+000 0.000e+000 0.000e+000 0.000e+000 0.000e+000 0.000e+000 0.000e+000 0.000e+000 0.000e+000
 3.750e+001 2.930e+000 2.400e+001 1.203e+002-2.631e+003 3.567e+000 4.002e+003-8.233e+003 7.535e+005 6.214e+002-9.297e+004 2.996e+001-2.595e+003 2.336e+001 9.641e+002 9.003e+003-7.980e+005 2.652e+003 9.204e+005
 3.880e+001 2.930e+000 0.000e+000 0.000e+000 0.000e+000 0.000e+000 0.000e+000 0.000e+000 0.000e+000 0.000e+000 0.000e+000 0.000e+000 0.000e+000 0.000e+000 0.000e+000 0.000e+000 0.000e+000 0.000e+000 0.000e+000
 4.000e+001 2.930e+000 0.000e+000 0.000e+000 0.000e+000 0.000e+000 0.000e+000 0.000e+000 0.000e+000 0.000e+000 0.000e+000 0.000e+000 0.000e+000 0.000e+000 0.000e+000 0.000e+000 0.000e+000 0.000e+000 0.000e+000
 4.130e+001 2.930e+000 2.400e+001 1.808e+002-2.808e+003 5.579e+000 4.876e+003-1.242e+004 1.050e+006 2.395e+002-1.263e+005 2.385e+001-1.678e+003 1.172e+001 5.182e+002 1.395e+004-1.181e+006 2.114e+003 1.410e+006
 4.250e+001 2.930e+000 0.000e+000 0.000e+000 0.000e+000 0.000e+000 0.000e+000 0.000e+000 0.000e+000 0.000e+000 0.000e+000 0.000e+000 0.000e+000 0.000e+000 0.000e+000 0.000e+000 0.000e+000 0.000e+000 0.000e+000
 4.380e+001 2.930e+000 2.400e+001 5.739e+002-1.030e+004 4.256e+001 1.588e+004-3.493e+004 2.737e+006 8.003e+002-3.694e+005 1.129e+002-7.272e+003 3.761e+001 1.770e+003 3.768e+004-3.026e+006 7.858e+003 3.443e+006
 4.500e+001 2.930e+000 0.000e+000 0.000e+000 0.000e+000 0.000e+000 0.000e+000 0.000e+000 0.000e+000 0.000e+000 0.000e+000 0.000e+000 0.000e+000 0.000e+000 0.000e+000 0.000e+000 0.000e+000 0.000e+000 0.000e+000
 4.630e+001 2.930e+000 2.400e+001 4.141e+003-6.007e+004 5.430e+002 8.762e+004-1.621e+005 1.002e+007 1.636e+003-1.326e+006 9.429e+002-4.155e+004 3.301e+002 8.319e+003 1.686e+005-1.118e+007 4.455e+004 1.273e+007
 4.750e+001 2.930e+000 0.000e+000 0.000e+000 0.000e+000 0.000e+000 0.000e+000 0.000e+000 0.000e+000 0.000e+000 0.000e+000 0.000e+000 0.000e+000 0.000e+000 0.000e+000 0.000e+000 0.000e+000 0.000e+000 0.000e+000
 4.880e+001 2.930e+000 0.000e+000 0.000e+000 0.000e+000 0.000e+000 0.000e+000 0.000e+000 0.000e+000 0.000e+000 0.000e+000 0.000e+000 0.000e+000 0.000e+000 0.000e+000 0.000e+000 0.000e+000 0.000e+000 0.000e+000
 5.000e+001 2.930e+000 2.400e+001 6.438e+005-1.903e+007 1.386e+004 2.543e+007-2.526e+007 1.555e+009 2.717e+006-1.954e+008 1.102e+005-4.737e+006 1.920e+004 3.771e+006 2.715e+007-1.817e+009 5.195e+006 2.150e+009
 5.130e+001 2.930e+000 0.000e+000 0.000e+000 0.000e+000 0.000e+000 0.000e+000 0.000e+000 0.000e+000 0.000e+000 0.000e+000 0.000e+000 0.000e+000 0.000e+000 0.000e+000 0.000e+000 0.000e+000 0.000e+000 0.000e+000
 5.250e+001 2.930e+000 2.400e+001 3.102e+003-4.301e+003 3.717e+002 1.888e+004-1.526e+005 1.088e+007-6.978e+003-1.144e+006 5.004e+002-2.180e+004 1.646e+002-6.107e+003 1.756e+005-1.255e+007 2.509e+004 1.466e+007
 5.380e+001 2.930e+000 0.000e+000 0.000e+000 0.000e+000 0.000e+000 0.000e+000 0.000e+000 0.000e+000 0.000e+000 0.000e+000 0.000e+000 0.000e+000 0.000e+000 0.000e+000 0.000e+000 0.000e+000 0.000e+000 0.000e+000
 5.500e+001 2.930e+000 0.000e+000 0.000e+000 0.000e+000 0.000e+000 0.000e+000 0.000e+000 0.000e+000 0.000e+000 0.000e+000 0.000e+000 0.000e+000 0.000e+000 0.000e+000 0.000e+000 0.000e+000 0.000e+000 0.000e+000
 5.630e+001 2.930e+000 2.400e+001 4.887e+002-6.220e+003 2.104e+001 1.116e+004-3.037e+004 2.325e+006 4.771e+002-2.341e+005 8.253e+001-4.876e+003 2.181e+001 1.184e+003 3.448e+004-2.629e+006 5.702e+003 3.058e+006
 5.750e+001 2.930e+000 0.000e+000 0.000e+000 0.000e+000 0.000e+000 0.000e+000 0.000e+000 0.000e+000 0.000e+000 0.000e+000 0.000e+000 0.000e+000 0.000e+000 0.000e+000 0.000e+000 0.000e+000 0.000e+000 0.000e+000
 5.880e+001 2.930e+000 2.400e+001 2.395e+002-2.938e+003 1.557e+001 5.330e+003-1.492e+004 1.176e+006 9.286e+001-1.272e+005 4.612e+001-2.973e+003 1.420e+001 5.379e+002 1.619e+004-1.269e+006 3.296e+003 1.424e+006
 6.000e+001 2.930e+000 0.000e+000 0.000e+000 0.000e+000 0.000e+000 0.000e+000 0.000e+000 0.000e+000 0.000e+000 0.000e+000 0.000e+000 0.000e+000 0.000e+000 0.000e+000 0.000e+000 0.000e+000 0.000e+000 0.000e+000
 6.130e+001 2.930e+000 2.400e+001 1.344e+002-2.342e+003 6.761e+000 3.326e+003-8.720e+003 6.773e+005 1.442e+002-6.144e+004 2.942e+001-2.250e+003 1.178e+001 4.041e+002 9.224e+003-7.091e+005 2.238e+003 7.798e+005
 6.250e+001 2.930e+000 0.000e+000 0.000e+000 0.000e+000 0.000e+000 0.000e+000 0.000e+000 0.000e+000 0.000e+000 0.000e+000 0.000e+000 0.000e+000 0.000e+000 0.000e+000 0.000e+000 0.000e+000 0.000e+000 0.000e+000
 6.380e+001 2.930e+000 0.000e+000 0.000e+000 0.000e+000 0.000e+000 0.000e+000 0.000e+000 0.000e+000 0.000e+000 0.000e+000 0.000e+000 0.000e+000 0.000e+000 0.000e+000 0.000e+000 0.000e+000 0.000e+000 0.000e+000
 6.500e+001 2.930e+000 2.400e+001 8.816e+001-1.549e+003 9.762e-001 2.326e+003-6.366e+003 5.588e+005 3.788e+002-5.753e+004 2.206e+001-1.687e+003 1.249e+001 6.499e+002 6.554e+003-5.630e+005 1.723e+003 5.973e+005
 6.630e+001 2.930e+000 0.000e+000 0.000e+000 0.000e+000 0.000e+000 0.000e+000 0.000e+000 0.000e+000 0.000e+000 0.000e+000 0.000e+000 0.000e+000 0.000e+000 0.000e+000 0.000e+000 0.000e+000 0.000e+000 0.000e+000
 6.750e+001 2.930e+000 2.400e+001 6.415e+001-1.105e+003 5.031e-002 1.535e+003-4.274e+003 3.526e+005 2.746e+002-3.037e+004 1.283e+001-9.599e+002 6.345e+000 4.077e+002 4.331e+003-3.496e+005 9.453e+002 3.668e+005
 6.880e+001 2.930e+000 0.000e+000 0.000e+000 0.000e+000 0.000e+000 0.000e+000 0.000e+000 0.000e+000 0.000e+000 0.000e+000 0.000e+000 0.000e+000 0.000e+000 0.000e+000 0.000e+000 0.000e+000 0.000e+000 0.000e+000
 7.000e+001 2.930e+000 2.400e+001 5.696e+001-8.663e+002 3.089e+000 1.220e+003-3.642e+003 2.823e+005 4.392e+001-2.856e+004 1.378e+001-9.723e+002 7.559e+000 2.013e+002 3.575e+003-2.679e+005 9.391e+002 2.727e+005
 7.130e+001 2.930e+000 0.000e+000 0.000e+000 0.000e+000 0.000e+000 0.000e+000 0.000e+000 0.000e+000 0.000e+000 0.000e+000 0.000e+000 0.000e+000 0.000e+000 0.000e+000 0.000e+000 0.000e+000 0.000e+000 0.000e+000
 7.250e+001 2.930e+000 0.000e+000 0.000e+000 0.000e+000 0.000e+000 0.000e+000 0.000e+000 0.000e+000 0.000e+000 0.000e+000 0.000e+000 0.000e+000 0.000e+000 0.000e+000 0.000e+000 0.000e+000 0.000e+000 0.000e+000
 7.380e+001 2.930e+000 2.400e+001 4.021e+001-5.218e+002 3.835e+000 7.372e+002-2.617e+003 2.064e+005-5.346e+001-1.585e+004 8.574e+000-6.459e+002 5.818e+000 1.608e+001 2.579e+003-1.949e+005 6.248e+002 1.974e+005
 7.500e+001 2.930e+000 0.000e+000 0.000e+000 0.000e+000 0.000e+000 0.000e+000 0.000e+000 0.000e+000 0.000e+000 0.000e+000 0.000e+000 0.000e+000 0.000e+000 0.000e+000 0.000e+000 0.000e+000 0.000e+000 0.000e+000
 7.630e+001 2.930e+000 2.400e+001 2.732e+001-4.764e+002 1.930e+000 6.564e+002-1.703e+003 1.416e+005 9.438e+001-1.260e+004 7.380e+000-5.052e+002 3.661e+000 1.171e+002 1.751e+003-1.372e+005 5.002e+002 1.435e+005
 7.750e+001 2.930e+000 0.000e+000 0.000e+000 0.000e+000 0.000e+000 0.000e+000 0.000e+000 0.000e+000 0.000e+000 0.000e+000 0.000e+000 0.000e+000 0.000e+000 0.000e+000 0.000e+000 0.000e+000 0.000e+000 0.000e+000
 7.880e+001 2.930e+000 2.400e+001 2.526e+001-5.650e+002 4.298e-001 5.956e+002-1.601e+003 1.396e+005 1.424e+002-5.972e+003 6.575e+000-4.711e+002 3.705e+000 1.551e+002 1.609e+003-1.299e+005 4.729e+002 1.295e+005
 8.000e+001 2.930e+000 0.000e+000 0.000e+000 0.000e+000 0.000e+000 0.000e+000 0.000e+000 0.000e+000 0.000e+000 0.000e+000 0.000e+000 0.000e+000 0.000e+000 0.000e+000 0.000e+000 0.000e+000 0.000e+000 0.000e+000
 8.130e+001 2.930e+000 0.000e+000 0.000e+000 0.000e+000 0.000e+000 0.000e+000 0.000e+000 0.000e+000 0.000e+000 0.000e+000 0.000e+000 0.000e+000 0.000e+000 0.000e+000 0.000e+000 0.000e+000 0.000e+000 0.000e+000
 8.250e+001 2.930e+000 2.400e+001 2.673e+001-4.103e+002 9.772e-001 5.207e+002-1.774e+003 1.474e+005 1.093e+002-1.032e+004 8.522e+000-6.537e+002 7.350e+000 1.549e+002 1.685e+003-1.342e+005 6.179e+002 1.292e+005
 8.380e+001 2.930e+000 0.000e+000 0.000e+000 0.000e+000 0.000e+000 0.000e+000 0.000e+000 0.000e+000 0.000e+000 0.000e+000 0.000e+000 0.000e+000 0.000e+000 0.000e+000 0.000e+000 0.000e+000 0.000e+000 0.000e+000
 8.500e+001 2.930e+000 2.400e+001 2.016e+001-3.437e+002 8.459e-001 3.961e+002-1.204e+003 9.544e+004 8.619e+001-4.866e+003 4.750e+000-3.419e+002 2.766e+000 9.352e+001 1.186e+003-8.815e+004 3.103e+002 8.686e+004
 8.630e+001 2.930e+000 0.000e+000 0.000e+000 0.000e+000 0.000e+000 0.000e+000 0.000e+000 0.000e+000 0.000e+000 0.000e+000 0.000e+000 0.000e+000 0.000e+000 0.000e+000 0.000e+000 0.000e+000 0.000e+000 0.000e+000
 8.750e+001 2.930e+000 2.400e+001 1.371e+001-2.567e+002 1.884e+000 2.825e+002-8.097e+002 6.705e+004-3.160e+001-2.625e+003 4.020e+000-2.862e+002 3.476e+000-1.619e+001 8.433e+002-6.423e+004 3.088e+002 6.627e+004
 8.880e+001 2.930e+000 0.000e+000 0.000e+000 0.000e+000 0.000e+000 0.000e+000 0.000e+000 0.000e+000 0.000e+000 0.000e+000 0.000e+000 0.000e+000 0.000e+000 0.000e+000 0.000e+000 0.000e+000 0.000e+000 0.000e+000
 9.000e+001 2.930e+000 0.000e+000 0.000e+000 0.000e+000 0.000e+000 0.000e+000 0.000e+000 0.000e+000 0.000e+000 0.000e+000 0.000e+000 0.000e+000 0.000e+000 0.000e+000 0.000e+000 0.000e+000 0.000e+000 0.000e+000
 9.130e+001 2.930e+000 2.400e+001 1.490e+001-2.664e+002 1.020e+000 3.195e+002-1.034e+003 9.494e+004 3.823e+001-4.827e+003 5.402e+000-4.653e+002 7.531e+000 1.053e+002 9.838e+002-8.378e+004 4.878e+002 8.061e+004
 9.250e+001 2.930e+000 0.000e+000 0.000e+000 0.000e+000 0.000e+000 0.000e+000 0.000e+000 0.000e+000 0.000e+000 0.000e+000 0.000e+000 0.000e+000 0.000e+000 0.000e+000 0.000e+000 0.000e+000 0.000e+000 0.000e+000
 9.380e+001 2.930e+000 2.400e+001 1.095e+001-1.540e+002-1.814e-001 1.900e+002-7.201e+002 6.304e+004 6.128e+001-3.067e+003 2.693e+000-1.959e+002 1.284e+000 6.960e+001 7.191e+002-5.692e+004 1.914e+002 5.541e+004
 9.500e+001 2.930e+000 0.000e+000 0.000e+000 0.000e+000 0.000e+000 0.000e+000 0.000e+000 0.000e+000 0.000e+000 0.000e+000 0.000e+000 0.000e+000 0.000e+000 0.000e+000 0.000e+000 0.000e+000 0.000e+000 0.000e+000
 9.630e+001 2.930e+000 2.400e+001 9.936e+000-1.457e+002 8.024e-002 1.595e+002-5.930e+002 5.295e+004 3.970e+001-1.776e+003 2.344e+000-1.562e+002 1.293e+000 4.997e+001 6.108e+002-4.733e+004 1.608e+002 4.606e+004
 9.750e+001 2.930e+000 0.000e+000 0.000e+000 0.000e+000 0.000e+000 0.000e+000 0.000e+000 0.000e+000 0.000e+000 0.000e+000 0.000e+000 0.000e+000 0.000e+000 0.000e+000 0.000e+000 0.000e+000 0.000e+000 0.000e+000
 9.880e+001 2.930e+000 0.000e+000 0.000e+000 0.000e+000 0.000e+000 0.000e+000 0.000e+000 0.000e+000 0.000e+000 0.000e+000 0.000e+000 0.000e+000 0.000e+000 0.000e+000 0.000e+000 0.000e+000 0.000e+000 0.000e+000
 1.000e+002 2.930e+000 6.000e+001 4.895e+001 1.867e+003-3.925e-001-1.778e+003-9.815e+002 1.281e+005-4.291e+002-4.269e+003 9.996e+000-2.290e+002 5.289e+000-4.010e+002 1.026e+003-1.104e+005 2.576e+002 1.026e+005
 1.130e+002 2.930e+000 6.900e+001 2.210e+001-4.892e+002-2.776e-001 4.568e+002-1.493e+003 1.374e+005 1.729e+002-3.968e+003 6.230e+000-4.902e+002 6.445e+000 2.254e+002 1.346e+003-1.143e+005 4.451e+002 1.024e+005
 1.250e+002 2.930e+000 6.300e+001 1.990e+001-5.393e+002-1.575e-001 4.630e+002-1.390e+003 1.269e+005 2.147e+002-3.157e+003 6.742e+000-4.923e+002 3.796e+000 1.824e+002 1.151e+003-1.007e+005 3.963e+002 8.365e+004
 1.380e+002 2.930e+000 8.700e+001 2.679e+001-7.733e+002-6.843e-001 5.993e+002-2.069e+003 2.146e+005 3.189e+002 4.594e+001 8.117e+000-6.279e+002 4.794e+000 2.410e+002 1.644e+003-1.610e+005 5.003e+002 1.247e+005
 1.500e+002 2.930e+000 7.200e+001 1.794e+001-9.353e+002-8.154e-001 7.048e+002-1.177e+003 1.472e+005 3.489e+002 6.343e+001 4.812e+000-2.745e+002 2.026e+000 2.547e+002 9.137e+002-1.076e+005 2.162e+002 8.091e+004
 1.630e+002 2.930e+000 8.700e+001 2.547e+001-7.841e+002-1.618e+000 5.656e+002-1.797e+003 1.751e+005 3.423e+002 1.631e+003 6.902e+000-4.460e+002 7.953e+000 3.224e+002 1.386e+003-1.283e+005 4.103e+002 9.832e+004
 1.750e+002 2.930e+000 8.700e+001 3.959e+001-1.189e+003-1.786e+000 8.588e+002-2.485e+003 2.276e+005 4.816e+002 1.325e+003 1.189e+001-7.238e+002 6.454e+000 3.759e+002 1.851e+003-1.646e+005 5.518e+002 1.218e+005
 1.880e+002 2.930e+000 1.020e+002 1.170e+002-4.370e+003-1.419e+000 3.080e+003-6.042e+003 5.262e+005 1.567e+003 1.035e+004 3.707e+001-1.847e+003 1.643e+001 1.153e+003 4.525e+003-3.818e+005 1.434e+003 2.806e+005
 2.000e+002 2.930e+000 9.600e+001 3.068e+003-1.108e+005 1.076e+002 7.856e+004-1.262e+005 9.304e+006 3.348e+004 1.446e+005 1.039e+003-4.664e+004 3.632e+002 2.366e+004 9.338e+004-6.754e+006 3.446e+004 4.909e+006
 2.130e+002 2.930e+000 8.100e+001 9.988e+001-2.441e+003-4.523e+000 1.742e+003-6.010e+003 4.837e+005 1.243e+003 4.672e+002 3.118e+001-1.806e+003 1.771e+001 9.652e+002 4.304e+003-3.451e+005 1.371e+003 2.493e+005
 2.250e+002 2.930e+000 1.200e+002 1.691e+002-3.176e+003-1.567e+001 2.161e+003-1.240e+004 1.033e+006 2.162e+003 6.096e+003 4.474e+001-2.982e+003 2.234e+001 1.587e+003 8.680e+003-7.212e+005 2.195e+003 5.073e+005
 2.380e+002 2.930e+000 9.600e+001 6.938e+002-1.304e+004-8.492e+001 8.669e+003-5.227e+004 4.252e+006 9.776e+003 3.323e+004 1.745e+002-1.156e+004 6.094e+001 6.773e+003 3.641e+004-2.954e+006 8.167e+003 2.056e+006
 2.500e+002 2.930e+000 9.600e+001 2.118e+004-3.843e+005-2.711e+003 2.542e+005-1.563e+006 1.234e+008 2.953e+005 1.045e+006 5.265e+003-3.398e+005 1.665e+003 2.025e+005 1.090e+006-8.576e+007 2.386e+005 5.963e+007
 2.630e+002 2.930e+000 9.600e+001 6.476e+002-1.137e+004-6.879e+001 7.734e+003-4.654e+004 3.586e+006 7.871e+003 1.543e+004 1.659e+002-1.069e+004 5.313e+001 5.465e+003 3.243e+004-2.495e+006 7.502e+003 1.737e+006
 2.750e+002 2.930e+000 1.200e+002 2.044e+002-3.806e+003-1.789e+001 2.648e+003-1.447e+004 1.131e+006 2.346e+003 3.179e+003 5.619e+001-3.706e+003 2.521e+001 1.730e+003 1.016e+004-7.936e+005 2.694e+003 5.596e+005
 2.880e+002 2.930e+000 9.600e+001 1.845e+002-4.470e+003 4.008e+000 3.178e+003-1.485e+004 1.349e+006 9.104e+002-5.034e+003 5.163e+001-4.478e+003 2.157e+001 7.162e+002 1.036e+004-9.432e+005 3.185e+003 6.616e+005
 3.000e+002 2.930e+000 9.600e+001 3.512e+003-9.691e+004 2.063e+002 6.821e+004-3.045e+005 2.916e+007 1.063e+004-3.621e+004 1.035e+003-9.565e+004 3.229e+002 7.615e+003 2.130e+005-2.041e+007 6.698e+004 1.428e+007
 3.130e+002 2.930e+000 9.600e+001 1.836e+002-4.800e+003 1.056e+001 3.447e+003-1.382e+004 1.232e+006 5.621e+002-7.440e+003 5.142e+001-4.382e+003 2.101e+001 4.765e+002 9.640e+003-8.640e+005 3.124e+003 6.077e+005
 3.250e+002 2.930e+000 1.200e+002 1.293e+002-3.284e+003 6.903e+000 2.403e+003-7.667e+003 5.882e+005 4.926e+002-3.235e+003 3.294e+001-2.235e+003 1.273e+001 4.077e+002 5.414e+003-4.167e+005 1.620e+003 2.968e+005
 3.380e+002 2.930e+000 9.600e+001 3.318e+002-9.419e+003 2.892e+001 6.972e+003-1.590e+004 1.063e+006 1.085e+003-1.105e+004 8.417e+001-4.925e+003 2.736e+001 8.689e+002 1.133e+004-7.638e+005 3.565e+003 5.504e+005
 3.500e+002 2.930e+000 9.600e+001 8.405e+003-2.537e+005 9.017e+002 1.888e+005-3.729e+005 2.430e+007 2.570e+004-3.195e+005 2.171e+003-1.236e+005 6.608e+002 2.028e+004 2.668e+005-1.760e+007 8.921e+004 1.276e+007
 3.630e+002 2.930e+000 9.600e+001 3.189e+002-9.671e+003 3.035e+001 7.135e+003-1.439e+004 9.702e+005 1.362e+003-7.215e+003 8.610e+001-4.853e+003 3.112e+001 1.088e+003 1.033e+004-7.029e+005 3.552e+003 5.109e+005
 3.750e+002 2.930e+000 1.110e+002 8.366e+001-2.485e+003 7.773e+000 1.799e+003-4.157e+003 3.067e+005 3.079e+002-7.759e+002 2.201e+001-1.374e+003 9.576e+000 2.621e+002 2.954e+003-2.187e+005 1.009e+003 1.569e+005
 3.880e+002 2.930e+000 7.800e+001 3.258e+001-9.344e+002 3.438e+000 6.840e+002-1.933e+003 1.602e+005 9.188e+001-1.098e+003 9.556e+000-7.112e+002 5.493e+000 9.632e+001 1.374e+003-1.144e+005 5.300e+002 8.242e+004
 4.000e+002 2.930e+000 7.800e+001 4.779e+001-1.352e+003 6.572e+000 8.672e+002-4.978e+003 6.319e+005-4.622e+002 1.244e+004 9.518e+000-1.095e+003 5.727e+000-3.028e+002 3.508e+003-4.424e+005 7.800e+002 3.110e+005
 4.130e+002 2.930e+000 1.110e+002 2.320e+001-5.726e+002-7.597e-001 3.891e+002-1.475e+003 1.254e+005 2.964e+002 2.858e+003 7.404e+000-4.748e+002 6.062e+000 2.534e+002 1.081e+003-9.099e+004 3.879e+002 6.740e+004
 4.250e+002 2.930e+000 9.600e+001 2.196e+001-5.008e+002-2.868e-001 3.220e+002-1.461e+003 1.223e+005 1.772e+002 2.701e+003 5.729e+000-3.932e+002 2.498e+000 1.277e+002 1.041e+003-8.604e+004 2.888e+002 6.098e+004
 4.380e+002 2.930e+000 9.300e+001 3.688e+001-9.071e+002-6.278e-001 6.014e+002-2.829e+003 2.536e+005 3.943e+002 4.891e+003 1.161e+001-9.003e+002 5.693e+000 2.914e+002 2.037e+003-1.816e+005 6.713e+002 1.309e+005
 4.500e+002 2.930e+000 9.600e+001 6.865e+002-2.296e+004-2.951e+001 1.531e+004-5.531e+004 5.254e+006 1.077e+004 1.380e+005 2.485e+002-1.905e+004 9.338e+001 7.378e+003 4.090e+004-3.829e+006 1.420e+004 2.795e+006
 4.630e+002 2.930e+000 1.170e+002 3.409e+001-9.639e+002 3.824e-001 6.570e+002-2.509e+003 2.279e+005 3.180e+002 3.217e+003 1.081e+001-8.387e+002 5.936e+000 2.479e+002 1.802e+003-1.627e+005 6.269e+002 1.171e+005
 4.750e+002 2.930e+000 9.600e+001 1.897e+001-4.403e+002 1.113e+000 3.157e+002-1.384e+003 1.220e+005 7.889e+001-8.752e+001 6.552e+000-5.147e+002 3.259e+000 6.807e+001 9.763e+002-8.583e+004 3.717e+002 6.074e+004
 4.880e+002 2.930e+000 9.600e+001 2.466e+001-5.518e+002 2.615e-002 3.677e+002-1.901e+003 1.678e+005 1.830e+002 2.088e+003 7.600e+000-6.009e+002 4.284e+000 1.463e+002 1.348e+003-1.183e+005 4.453e+002 8.413e+004
 5.000e+002 2.930e+000 9.600e+001 5.727e+001-1.333e+003 3.261e+000 9.515e+002-5.059e+003 4.961e+005 1.579e+002-1.002e+003 1.966e+001-1.876e+003 8.792e+000 1.372e+002 3.600e+003-3.538e+005 1.357e+003 2.531e+005
 5.130e+002 2.930e+000 1.170e+002 7.225e+001-1.455e+003 2.799e+000 9.690e+002-5.508e+003 4.801e+005 2.574e+002 2.483e+003 2.097e+001-1.819e+003 8.844e+000 1.968e+002 3.817e+003-3.350e+005 1.294e+003 2.348e+005
 5.250e+002 2.930e+000 9.600e+001 1.340e+002-2.873e+003 3.901e+000 1.930e+003-1.069e+004 9.228e+005 6.221e+002 6.988e+003 4.281e+001-3.517e+003 1.552e+001 4.311e+002 7.495e+003-6.450e+005 2.480e+003 4.515e+005
 5.380e+002 2.930e+000 9.600e+001 5.742e+002-1.225e+004 1.612e+001 8.162e+003-4.561e+004 3.893e+006 2.528e+003 3.357e+004 1.782e+002-1.450e+004 5.802e+001 1.671e+003 3.194e+004-2.718e+006 1.017e+004 1.898e+006
 5.500e+002 2.930e+000 9.600e+001 9.192e+004-1.951e+006 2.978e+003 1.311e+006-7.221e+006 6.090e+008 3.832e+005 4.437e+006 2.911e+004-2.350e+006 9.320e+003 2.506e+005 5.059e+006-4.254e+008 1.645e+006 2.973e+008
 5.630e+002 2.930e+000 1.200e+002 9.535e+002-2.026e+004 2.651e+001 1.358e+004-7.442e+004 6.249e+006 4.315e+003 4.910e+004 3.000e+002-2.398e+004 9.639e+001 2.846e+003 5.219e+004-4.369e+006 1.681e+004 3.055e+006
 5.750e+002 2.930e+000 9.600e+001 1.215e+002-2.521e+003 4.659e+000 1.685e+003-9.331e+003 7.743e+005 3.903e+002 5.646e+003 3.587e+001-2.864e+003 1.179e+001 2.640e+002 6.506e+003-5.383e+005 2.005e+003 3.747e+005
 5.880e+002 2.930e+000 9.600e+001 5.637e+001-1.150e+003 1.949e+000 7.688e+002-4.231e+003 3.464e+005 2.028e+002 2.667e+003 1.639e+001-1.278e+003 6.045e+000 1.477e+002 2.952e+003-2.412e+005 9.044e+002 1.684e+005
 6.000e+002 2.930e+000 1.200e+002 7.817e+001-1.311e+003 2.783e+000 7.921e+002-5.695e+003 4.488e+005 2.281e+002 8.381e+003 2.448e+001-1.818e+003 9.125e+000 1.407e+002 3.904e+003-3.064e+005 1.254e+003 2.100e+005
 6.130e+002 2.930e+000 9.600e+001 2.072e+001-4.162e+002 3.805e-001 2.779e+002-1.503e+003 1.219e+005 1.015e+002 1.077e+003 6.068e+000-4.579e+002 2.514e+000 7.623e+001 1.052e+003-8.501e+004 3.268e+002 5.954e+004
 6.250e+002 2.930e+000 9.600e+001 1.493e+001-2.980e+002 1.260e+000 2.151e+002-1.071e+003 8.735e+004 1.357e+001-5.537e+002 4.544e+000-3.696e+002 3.011e+000 3.360e+001 7.424e+002-6.097e+004 2.721e+002 4.310e+004
 6.380e+002 2.930e+000 9.600e+001 1.169e+001-2.429e+002 3.302e-001 1.684e+002-8.077e+002 6.550e+004 6.755e+001 5.233e+002 3.585e+000-2.642e+002 1.745e+000 5.393e+001 5.748e+002-4.654e+004 1.946e+002 3.331e+004
 6.500e+002 2.930e+000 1.170e+002 2.856e+003-9.154e+004 4.065e+002 7.675e+004-1.735e+005 1.349e+007 1.301e+004-5.866e+005 1.175e+003-8.438e+004 5.432e+002 1.354e+004 1.271e+005-1.019e+007 6.324e+004 7.731e+006
 6.630e+002 2.930e+000 9.600e+001 1.098e+001-1.953e+002 8.285e-001 1.367e+002-7.730e+002 6.112e+004 1.100e+001-7.232e-001 3.351e+000-2.571e+002 1.954e+000 1.988e+001 5.349e+002-4.245e+004 1.869e+002 2.982e+004
 6.750e+002 2.930e+000 9.000e+001 6.208e+000-1.163e+002 2.640e-001 8.232e+001-4.408e+002 3.646e+004 2.183e+001-1.172e+002 1.829e+000-1.462e+002 1.347e+000 2.575e+001 3.078e+002-2.561e+004 1.115e+002 1.831e+004
 6.880e+002 2.930e+000 9.300e+001 5.452e+000-9.484e+001 2.220e-001 6.506e+001-3.742e+002 3.039e+004 1.833e+001-1.181e+000 1.507e+000-1.184e+002 1.112e+000 2.216e+001 2.610e+002-2.128e+004 8.953e+001 1.519e+004
 7.000e+002 2.930e+000 1.140e+002 6.583e+001-1.904e+003 2.134e+000 1.441e+003-4.019e+003 3.063e+005 4.233e+002-5.651e+003 1.882e+001-1.215e+003 6.080e+000 3.348e+002 2.835e+003-2.191e+005 8.667e+002 1.571e+005
 7.130e+002 2.930e+000 7.800e+001 3.739e+000-4.102e+001-1.068e-001 2.309e+001-2.199e+002 1.871e+004 1.502e+001 8.432e+001 8.024e-001-7.452e+001 6.768e-001 1.477e+001 1.513e+002-1.333e+004 5.838e+001 9.726e+003
 7.250e+002 2.930e+000 8.700e+001 4.038e+000-4.608e+001 4.849e-002 2.962e+001-2.633e+002 2.156e+004 1.401e+001 1.051e+002 1.064e+000-8.550e+001 9.339e-001 1.802e+001 1.831e+002-1.522e+004 6.591e+001 1.099e+004
 7.380e+002 2.930e+000 9.000e+001 3.795e+000-5.817e+001 2.155e-001 4.308e+001-2.620e+002 2.088e+004 4.972e+000-2.596e+002 1.128e+000-8.597e+001 7.043e-001 9.357e+000 1.805e+002-1.445e+004 6.275e+001 1.016e+004
 7.500e+002 2.930e+000 1.320e+002 3.918e+001-1.357e+003-1.766e+000 1.041e+003-2.645e+003 2.332e+005 7.334e+002-2.850e+003 1.716e+001-1.093e+003 8.796e+000 5.714e+002 1.933e+003-1.720e+005 8.056e+002 1.274e+005
 7.630e+002 2.930e+000 9.000e+001 3.200e+000-4.626e+001-1.128e-002 3.233e+001-2.221e+002 1.862e+004 1.623e+001 4.722e+001 9.197e-001-6.587e+001 7.079e-001 1.666e+001 1.588e+002-1.326e+004 5.123e+001 9.597e+003
 7.750e+002 2.930e+000 9.000e+001 2.520e+000-3.235e+001 1.651e-001 2.348e+001-1.711e+002 1.448e+004-3.921e+000-5.270e+001 6.671e-001-4.589e+001 5.431e-001 2.610e+000 1.182e+002-9.917e+003 3.501e+001 6.939e+003
 7.880e+002 2.930e+000 1.020e+002 2.946e+000-3.875e+001 3.417e-001 2.848e+001-2.227e+002 1.988e+004-1.248e+001-1.798e+002 8.309e-001-7.331e+001 8.824e-001 8.144e-001 1.524e+002-1.373e+004 5.702e+001 9.735e+003
 8.000e+002 2.930e+000 1.020e+002 5.576e+000-1.362e+002 5.186e-001 9.384e+001-4.129e+002 3.923e+004-2.017e+001-1.514e+001 1.327e+000-1.174e+002 8.943e-001-8.382e+000 2.871e+002-2.712e+004 8.673e+001 1.897e+004
 8.130e+002 2.930e+000 9.300e+001 4.094e+000-8.153e+001 2.823e-001 5.755e+001-3.438e+002 3.418e+004 9.263e+000 8.311e+001 1.187e+000-1.126e+002 1.020e+000 1.406e+001 2.419e+002-2.424e+004 8.771e+001 1.745e+004
 8.250e+002 2.930e+000 9.300e+001 6.232e+000-1.410e+002 9.688e-001 1.068e+002-5.108e+002 4.841e+004-6.241e+001-9.979e+002 1.248e+000-1.265e+002 8.112e-001-3.600e+001 3.445e+002-3.292e+004 9.186e+001 2.256e+004
 8.380e+002 2.930e+000 1.380e+002 3.872e+001-9.813e+002 8.552e+000 7.416e+002-3.275e+003 3.085e+005-5.905e+002-7.563e+003 6.265e+000-7.574e+002 3.772e+000-3.737e+002 2.185e+003-2.084e+005 5.357e+002 1.413e+005
 8.500e+002 2.930e+000 9.600e+001 1.206e+003-3.365e+004 2.512e+002 2.474e+004-9.866e+004 9.039e+006-1.552e+004-1.749e+005 1.853e+002-2.221e+004 8.400e+001-1.008e+004 6.625e+004-6.132e+006 1.539e+004 4.164e+006
 8.630e+002 2.930e+000 9.600e+001 3.056e+001-8.724e+002 4.607e+000 6.222e+002-2.292e+003 2.006e+005-2.248e+002-2.535e+003 4.602e+000-4.811e+002 1.993e+000-1.403e+002 1.544e+003-1.362e+005 3.365e+002 9.279e+004
 8.750e+002 2.930e+000 9.300e+001 9.573e+000-2.638e+002 9.925e-001 1.832e+002-6.573e+002 5.500e+004-2.999e+001-1.619e+002 1.538e+000-1.320e+002 7.846e-001-1.529e+001 4.462e+002-3.746e+004 9.466e+001 2.567e+004
 8.880e+002 2.930e+000 1.350e+002 9.569e+000-2.565e+002 4.160e-002 1.691e+002-6.658e+002 5.752e+004 5.907e+001 9.153e+002 2.248e+000-1.645e+002 1.327e+000 4.715e+001 4.703e+002-4.046e+004 1.258e+002 2.881e+004
 9.000e+002 2.930e+000 8.100e+001 2.761e+001-5.668e+002-3.478e+000 3.579e+002-1.791e+003 1.351e+005 4.517e+002 4.308e+003 1.185e+001-7.052e+002 6.946e+000 3.217e+002 1.339e+003-9.960e+004 5.512e+002 7.398e+004
 9.130e+002 2.930e+000 9.600e+001 3.215e+001-1.315e+003-6.980e+000 9.059e+002-2.639e+003 2.906e+005 1.349e+003 9.240e+003 1.737e+001-1.324e+003 1.514e+001 1.008e+003 2.045e+003-2.226e+005 1.093e+003 1.716e+005
 9.250e+002 2.930e+000 6.900e+001 6.562e+000-1.507e+002-6.939e-001 8.803e+001-4.279e+002 3.633e+004 8.072e+001 1.422e+003 1.805e+000-1.215e+002 1.349e+000 6.156e+001 3.157e+002-2.636e+004 1.023e+002 1.950e+004
 9.380e+002 2.930e+000 1.290e+002 2.841e+001-8.570e+002-5.060e+000 4.942e+002-1.711e+003 1.385e+005 5.620e+002 1.072e+004 9.469e+000-3.684e+002 6.144e+000 4.079e+002 1.322e+003-9.999e+004 3.496e+002 7.406e+004
 9.500e+002 2.930e+000 9.600e+001 5.643e+002-1.808e+004-1.448e+002 1.003e+004-3.187e+004 2.488e+006 1.439e+004 2.621e+005 2.079e+002-5.988e+003 1.363e+002 1.023e+004 2.563e+004-1.822e+006 6.430e+003 1.372e+006
 9.630e+002 2.930e+000 8.100e+001 2.168e+001-5.554e+002-4.064e+000 3.153e+002-1.277e+003 9.732e+004 4.061e+002 7.140e+003 8.197e+000-3.325e+002 5.250e+000 2.949e+002 9.982e+002-7.097e+004 3.067e+002 5.306e+004
 9.750e+002 2.930e+000 1.020e+002 7.309e+000-1.572e+002-9.594e-001 8.520e+001-4.386e+002 3.321e+004 9.855e+001 2.002e+003 2.080e+000-1.037e+002 1.503e+000 7.342e+001 3.248e+002-2.362e+004 9.298e+001 1.730e+004
 9.880e+002 2.930e+000 9.000e+001 4.857e+000-9.355e+001-7.405e-001 4.687e+001-3.174e+002 2.592e+004 6.883e+001 1.217e+003 1.122e+000-8.217e+001 1.575e+000 5.509e+001 2.313e+002-1.873e+004 8.029e+001 1.405e+004
 1.000e+003 2.930e+000 5.280e+002 5.663e+001-9.281e+002-6.537e+000 5.307e+002-3.928e+003 3.128e+005 7.902e+002 1.200e+004 1.901e+001-1.332e+003 1.341e+001 5.932e+002 2.972e+003-2.338e+005 1.115e+003 1.776e+005
 1.130e+003 2.930e+000 9.840e+002 3.718e+002-1.209e+004-5.762e+001 8.425e+003-3.250e+004 3.389e+006 1.025e+004 1.066e+005 1.924e+002-1.572e+004 1.388e+002 7.493e+003 2.573e+004-2.650e+006 1.267e+004 2.078e+006
 1.250e+003 2.930e+000 9.060e+002 2.540e+002-7.420e+003-6.416e+001 4.274e+003-2.664e+004 3.232e+006 1.119e+004 1.727e+005 1.145e+002-1.050e+004 8.876e+001 8.167e+003 2.073e+004-2.476e+006 8.701e+003 1.910e+006
 1.380e+003 2.930e+000 9.000e+002 4.210e+002-6.628e+003-1.062e+002 4.683e+003-3.354e+004 2.867e+006 1.230e+004 3.874e+004 2.427e+002-1.831e+004 1.831e+002 9.295e+003 2.601e+004-2.213e+006 1.434e+004 1.710e+006
 1.500e+003 2.930e+000 4.500e+001 2.141e+001-4.321e+002 3.142e+000 4.153e+002-1.603e+003 1.321e+005-1.677e+002-8.162e+003 3.435e+000-3.224e+002 1.395e+000-9.919e+001 1.135e+003-9.625e+004 2.458e+002 7.076e+004
 1.630e+003 2.930e+000 5.100e+001 5.661e+000-1.710e+002 1.123e+000 1.668e+002-4.728e+002 4.663e+004-8.323e+001-3.438e+003 7.291e-001-9.420e+001 5.218e-001-5.560e+001 3.484e+002-3.569e+004 7.879e+001 2.766e+004
 1.750e+003 2.930e+000 3.600e+001 1.539e+001-4.601e+002 3.508e+000 4.477e+002-1.350e+003 1.353e+005-2.797e+002-9.127e+003 1.133e+000-1.997e+002 1.146e+000-1.975e+002 1.007e+003-1.041e+005 1.744e+002 8.080e+004
 1.880e+003 2.930e+000 5.400e+001 7.750e+001-2.232e+003 1.952e+001 2.180e+003-6.606e+003 6.425e+005-1.480e+003-4.533e+004 7.693e+000-1.248e+003 6.287e+000-1.039e+003 4.902e+003-4.917e+005 1.066e+003 3.799e+005
 2.000e+003 2.930e+000 5.100e+001 9.788e+001-2.673e+003 2.276e+001 2.616e+003-7.692e+003 7.078e+005-1.726e+003-5.669e+004 8.256e+000-1.523e+003 1.060e+001-1.159e+003 5.733e+003-5.465e+005 1.365e+003 4.288e+005
 2.130e+003 2.930e+000 3.600e+001 2.263e+001-6.279e+002 5.476e+000 6.499e+002-1.998e+003 1.962e+005-4.399e+002-1.653e+004 1.781e+000-3.140e+002 2.008e+000-3.120e+002 1.489e+003-1.513e+005 2.828e+002 1.182e+005
 2.250e+003 2.930e+000 5.400e+001 6.215e+000-1.603e+002 1.204e+000 1.673e+002-4.856e+002 4.391e+004-7.656e+001-3.815e+003 8.900e-001-1.055e+002 5.539e-001-5.094e+001 3.654e+002-3.432e+004 9.008e+001 2.723e+004
 2.380e+003 2.930e+000 5.400e+001 1.169e+001-2.970e+002 1.343e+000 3.149e+002-9.568e+002 8.770e+004-7.137e+001-7.396e+003 1.759e+000-1.723e+002 6.483e-001-4.001e+001 7.271e+002-6.881e+004 1.427e+002 5.467e+004
 2.500e+003 2.930e+000 3.600e+001 2.053e+000-5.144e+001 3.324e-001 5.479e+001-1.710e+002 1.592e+004-2.226e+001-1.354e+003 2.288e-001-2.736e+001 1.216e-001-1.530e+001 1.301e+002-1.254e+004 2.365e+001 1.001e+004
 2.630e+003 2.930e+000 5.400e+001 4.915e+000-1.041e+002 1.004e+000 1.102e+002-3.512e+002 2.770e+004-5.400e+001-2.340e+003 8.266e-001-8.016e+001 4.029e-001-3.513e+001 2.640e+002-2.153e+004 6.717e+001 1.696e+004
 2.750e+003 2.930e+000 5.400e+001 1.427e+000-3.286e+001 2.878e-001 3.559e+001-9.455e+001 7.447e+003-1.074e+001-7.258e+002 3.529e-001-2.908e+001 2.129e-001-5.292e+000 7.166e+001-5.936e+003 2.446e+001 4.821e+003
 2.880e+003 2.930e+000 3.600e+001 7.766e-001-1.778e+001 1.570e-001 1.828e+001-5.324e+001 4.157e+003-7.760e+000-3.409e+002 1.457e-001-1.371e+001 8.654e-002-4.941e+000 4.056e+001-3.284e+003 1.164e+001 2.635e+003
 3.000e+003 2.930e+000 5.100e+001 3.006e+000-5.503e+001 5.877e-001 7.423e+001-1.766e+002 1.258e+004-1.093e+001-1.785e+003 1.403e+000-8.809e+001 8.560e-001 6.361e+000 1.405e+002-1.051e+004 7.692e+001 9.100e+003
 3.130e+003 2.930e+000 5.100e+001 5.795e-001-1.093e+001 1.451e-001 1.317e+001-3.888e+001 2.988e+003-7.435e+000-3.112e+002 1.507e-001-1.221e+001 1.245e-001-4.359e+000 3.058e+001-2.443e+003 1.127e+001 2.049e+003
 3.250e+003 2.930e+000 3.600e+001 7.278e-001-1.284e+001 2.464e-001 1.820e+001-4.656e+001 3.296e+003-1.016e+001-5.042e+002 3.532e-001-2.614e+001 4.086e-001-2.893e+000 3.758e+001-2.792e+003 2.543e+001 2.487e+003
 3.380e+003 2.930e+000 5.400e+001 1.866e+000-3.307e+001 4.798e-001 3.920e+001-1.319e+002 1.007e+004-2.935e+001-9.930e+002 2.281e-001-2.315e+001 2.497e-001-1.957e+001 1.001e+002-7.927e+003 2.186e+001 6.378e+003
 3.500e+003 2.930e+000 5.400e+001 2.681e+001-4.368e+002 6.885e+000 5.573e+002-1.825e+003 1.316e+005-4.173e+002-1.553e+004 3.134e+000-3.258e+002 2.203e+000-2.880e+002 1.376e+003-1.029e+005 3.047e+002 8.240e+004
 3.630e+003 2.930e+000 3.600e+001 1.107e+001-2.396e+002 2.058e+000 2.668e+002-7.625e+002 5.787e+004-8.955e+001-5.705e+003 2.364e+000-2.071e+002 9.563e-001-5.091e+001 5.852e+002-4.622e+004 1.749e+002 3.749e+004
 3.750e+003 2.930e+000 5.400e+001 2.265e+000-4.215e+001 4.445e-001 4.987e+001-1.489e+002 1.082e+004-2.201e+001-1.212e+003 4.291e-001-3.576e+001 2.477e-001-1.300e+001 1.114e+002-8.462e+003 3.064e+001 6.779e+003
 3.880e+003 2.930e+000 5.400e+001 8.803e+000-1.467e+002 1.505e+000 1.720e+002-6.225e+002 4.920e+004-7.630e+001-4.415e+003 2.111e+000-1.754e+002 1.132e+000-4.292e+001 4.668e+002-3.792e+004 1.448e+002 2.982e+004
 4.000e+003 2.930e+000 3.600e+001 2.609e+001-6.732e+002 4.518e-001 7.044e+002-1.547e+003 1.099e+005 2.190e+002-1.418e+004 9.680e+000-5.745e+002 3.930e+000 2.366e+002 1.076e+003-8.269e+004 4.033e+002 6.410e+004
 4.130e+003 2.930e+000 5.400e+001 1.410e+001-2.446e+002 2.633e+000 2.988e+002-9.269e+002 6.788e+004-1.244e+002-7.475e+003 3.250e+000-2.626e+002 1.779e+000-7.005e+001 7.073e+002-5.370e+004 2.287e+002 4.362e+004
 4.250e+003 2.930e+000 5.400e+001 1.306e+001-2.199e+002 3.759e+000 2.822e+002-8.719e+002 6.232e+004-2.145e+002-7.785e+003 2.249e+000-2.136e+002 1.617e+000-1.418e+002 6.575e+002-4.898e+004 1.960e+002 3.951e+004
 4.380e+003 2.930e+000 3.600e+001 8.111e-001-1.220e+001 1.591e-001 1.522e+001-5.142e+001 3.572e+003-6.842e+000-3.684e+002 2.408e-001-1.704e+001 1.585e-001-3.732e+000 4.029e+001-2.891e+003 1.478e+001 2.390e+003
 4.500e+003 2.930e+000 5.400e+001 2.672e+000-3.280e+001 9.744e-001 5.159e+001-1.674e+002 1.118e+004-4.903e+001-1.592e+003 1.090e+000-8.113e+001 9.634e-001-2.861e+001 1.334e+002-9.226e+003 7.522e+001 7.880e+003
 4.630e+003 2.930e+000 4.800e+001 7.060e-001-1.063e+001 4.561e-002 1.321e+001-4.083e+001 2.596e+003 1.762e+000-2.839e+002 3.049e-001-1.841e+001 1.900e-001 3.518e+000 3.254e+001-2.148e+003 1.553e+001 1.822e+003
 4.750e+003 2.930e+000 3.600e+001 7.775e-001-1.139e+001 1.179e-001 1.626e+001-4.759e+001 3.154e+003-2.066e+000-4.388e+002 3.758e-001-2.412e+001 2.647e-001 2.061e+000 3.868e+001-2.661e+003 2.148e+001 2.328e+003
 4.880e+003 2.930e+000 5.100e+001 2.048e+000-3.831e+001-1.060e-002 4.362e+001-1.179e+002 7.607e+003 1.614e+001-7.128e+002 8.432e-001-4.866e+001 3.861e-001 1.845e+001 9.682e+001-6.482e+003 4.037e+001 5.608e+003
 5.000e+003 2.930e+000 5.400e+001 5.261e-001-8.551e+000 4.345e-002 1.016e+001-3.132e+001 2.110e+003 4.072e-001-2.159e+002 2.029e-001-1.292e+001 1.150e-001 1.820e+000 2.493e+001-1.749e+003 1.105e+001 1.492e+003
 5.130e+003 2.930e+000 3.300e+001 3.595e-001-6.364e+000 4.828e-002 8.010e+000-2.175e+001 1.501e+003-1.645e+000-1.954e+002 9.170e-002-6.447e+000 5.122e-002-4.829e-001 1.701e+001-1.238e+003 5.850e+000 1.061e+003
 5.250e+003 2.930e+000 5.400e+001 2.534e-001-3.477e+000-3.229e-003 4.199e+000-1.396e+001 8.963e+002 1.923e+000-8.052e+001 1.145e-001-6.673e+000 1.013e-001 2.444e+000 1.166e+001-7.815e+002 6.313e+000 7.120e+002
 5.380e+003 2.930e+000 4.800e+001 5.455e-001-9.153e+000 1.102e-002 1.118e+001-3.303e+001 2.282e+003 1.975e+000-2.442e+002 1.819e-001-1.143e+001 1.181e-001 3.006e+000 2.708e+001-1.956e+003 1.016e+001 1.728e+003
 5.500e+003 2.930e+000 3.000e+001 2.134e-001-2.890e+000 1.258e-003 3.943e+000-1.210e+001 8.130e+002 1.469e+000-8.714e+001 1.113e-001-6.857e+000 8.532e-002 2.166e+000 1.048e+001-7.240e+002 6.234e+000 6.689e+002
 5.630e+003 2.930e+000 4.800e+001 7.451e-001-8.618e+000 1.281e-002 1.237e+001-4.602e+001 3.258e+003 3.484e+000-2.932e+002 3.469e-001-2.373e+001 2.490e-001 5.341e+000 3.828e+001-2.761e+003 2.071e+001 2.415e+003
 5.750e+003 2.930e+000 5.400e+001 9.864e-001-1.888e+000-3.450e-002 7.890e+000-5.372e+001 3.558e+003 5.164e+000-2.711e+002 4.000e-001-2.566e+001 2.923e-001 6.286e+000 4.251e+001-2.790e+003 2.189e+001 2.307e+003
 5.880e+003 2.930e+000 3.600e+001 8.258e-001-7.502e+000-1.177e-001 9.790e+000-4.530e+001 2.659e+003 1.095e+001-1.920e+002 4.294e-001-2.391e+001 3.512e-001 1.195e+001 3.962e+001-2.393e+003 2.196e+001 2.208e+003
 6.000e+003 2.930e+000 5.400e+001 5.481e+000-4.626e+001-1.301e+000 5.154e+001-3.060e+002 1.799e+004 9.715e+001-6.772e+002 2.885e+000-1.559e+002 2.175e+000 9.775e+001 2.738e+002-1.619e+004 1.436e+002 1.488e+004
 6.130e+003 2.930e+000 5.400e+001 1.382e+000-1.302e+001-1.748e-001 1.590e+001-7.541e+001 4.374e+003 1.516e+001-3.034e+002 6.415e-001-3.397e+001 4.431e-001 1.525e+001 6.283e+001-3.710e+003 2.910e+001 3.205e+003
 6.250e+003 2.930e+000 2.700e+001 3.034e-001-2.062e-001-2.067e-002 1.654e+000-1.898e+001 1.398e+003 2.030e+000-6.822e+001 1.398e-001-8.860e+000 9.205e-002 2.363e+000 1.592e+001-1.143e+003 7.622e+000 9.744e+002
 6.380e+003 2.930e+000 5.100e+001 5.302e-001-2.522e+000-2.676e-002 4.443e+000-3.088e+001 2.027e+003 3.607e+000-1.032e+002 2.154e-001-1.337e+001 1.776e-001 4.179e+000 2.503e+001-1.644e+003 1.202e+001 1.407e+003
 6.500e+003 2.930e+000 5.100e+001 3.834e-001-1.097e+000 6.836e-003 2.931e+000-2.057e+001 1.247e+003 7.314e-001-1.108e+002 1.716e-001-9.684e+000 1.772e-001 1.894e+000 1.770e+001-1.088e+003 9.479e+000 9.898e+002
 6.630e+003 2.930e+000 3.300e+001 3.360e-001-1.942e+000-3.074e-002 3.773e+000-1.782e+001 1.043e+003 3.240e+000-1.053e+002 1.964e-001-1.053e+001 1.764e-001 4.088e+000 1.562e+001-9.219e+002 9.605e+000 8.478e+002
 6.750e+003 2.930e+000 4.800e+001 4.578e-001-3.639e+000 2.824e-002 5.676e+000-2.364e+001 1.327e+003-1.811e-002-1.503e+002 1.500e-001-8.349e+000 1.175e-001 9.849e-001 1.967e+001-1.133e+003 7.604e+000 1.000e+003
 6.880e+003 2.930e+000 5.100e+001 3.518e-001-1.534e+000-9.898e-004 3.258e+000-1.929e+001 1.201e+003 1.617e+000-1.292e+002 1.524e-001-1.019e+001 1.784e-001 3.167e+000 1.642e+001-1.063e+003 9.704e+000 9.817e+002
 7.000e+003 2.930e+000 3.300e+001 2.266e-001-7.324e-001 1.555e-002 2.089e+000-1.248e+001 7.724e+002-4.437e-001-9.522e+001 1.017e-001-6.671e+000 1.096e-001 6.086e-001 1.095e+001-6.989e+002 6.636e+000 6.592e+002
 7.130e+003 2.930e+000 4.200e+001 3.230e-001-1.935e+000-2.269e-002 3.681e+000-1.787e+001 1.106e+003 2.321e+000-1.248e+002 1.741e-001-1.016e+001 1.520e-001 3.328e+000 1.596e+001-1.014e+003 9.478e+000 9.549e+002
 7.250e+003 2.930e+000 3.900e+001 2.186e-001-7.054e-002-1.216e-002 1.344e+000-1.237e+001 8.113e+002 1.434e+000-8.434e+001 1.249e-001-7.643e+000 1.334e-001 2.388e+000 1.108e+001-7.439e+002 7.059e+000 7.000e+002
 7.380e+003 2.930e+000 2.700e+001 2.455e-001 1.477e-001-5.302e-002 1.456e+000-1.507e+001 1.013e+003 3.713e+000-1.020e+002 1.706e-001-1.164e+001 2.021e-001 4.991e+000 1.432e+001-9.718e+002 1.117e+001 9.571e+002
 7.500e+003 2.930e+000 5.100e+001 5.316e-001-4.510e-001-5.182e-002 4.067e+000-3.339e+001 2.618e+003 6.915e+000-1.898e+002 3.448e-001-2.621e+001 4.264e-001 9.751e+000 2.898e+001-2.307e+003 2.467e+001 2.134e+003
 7.630e+003 2.930e+000 5.400e+001 5.451e-001-3.731e+000-8.894e-002 8.473e+000-3.994e+001 3.243e+003 1.191e+001-3.978e+002 5.744e-001-4.570e+001 7.802e-001 1.808e+001 3.909e+001-3.241e+003 4.515e+001 3.321e+003
 7.750e+003 2.930e+000 3.600e+001 9.293e-001 9.406e-001-3.144e-001 4.950e+000-6.340e+001 4.634e+003 2.165e+001-4.536e+002 8.156e-001-6.135e+001 1.016e+000 2.777e+001 6.159e+001-4.538e+003 5.896e+001 4.517e+003
 7.880e+003 2.930e+000 5.400e+001 1.171e+001-1.494e+001-3.912e+000 4.822e+001-6.986e+002 4.676e+004 2.553e+002-3.438e+003 8.202e+000-6.053e+002 1.023e+001 3.027e+002 6.548e+002-4.536e+004 5.922e+002 4.501e+004
 8.000e+003 2.930e+000 5.400e+001 9.230e+001 1.557e+001-3.685e+001 6.309e+002-6.743e+003 5.064e+005 2.744e+003-5.021e+004 9.608e+001-7.329e+003 1.220e+002 3.484e+003 6.710e+003-5.068e+005 7.089e+003 5.130e+005
 8.130e+003 2.930e+000 3.600e+001 2.814e+000-1.078e+001-6.437e-001 3.212e+001-1.887e+002 1.391e+004 5.867e+001-1.637e+003 2.669e+000-2.005e+002 3.302e+000 8.201e+001 1.805e+002-1.360e+004 1.923e+002 1.360e+004
 8.250e+003 2.930e+000 5.400e+001 1.513e+000-5.398e+000-3.847e-001 1.903e+001-1.078e+002 8.133e+003 3.747e+001-1.029e+003 1.563e+000-1.181e+002 2.023e+000 5.307e+001 1.063e+002-8.140e+003 1.146e+002 8.312e+003
 8.380e+003 2.930e+000 4.800e+001 5.531e-001 7.491e-001-1.349e-001 3.733e+000-3.396e+001 2.519e+003 1.075e+001-2.629e+002 4.705e-001-3.471e+001 6.364e-001 1.494e+001 3.259e+001-2.425e+003 3.381e+001 2.428e+003
 8.500e+003 2.930e+000 3.300e+001 2.221e-001-1.372e-001-4.478e-002 1.406e+000-1.244e+001 8.512e+002 2.959e+000-8.812e+001 1.454e-001-1.060e+001 2.031e-001 4.094e+000 1.158e+001-8.031e+002 1.015e+001 7.849e+002
 8.630e+003 2.930e+000 5.400e+001 4.749e-001-9.706e-001-5.721e-002 4.655e+000-2.668e+001 1.726e+003 5.151e+000-2.314e+002 3.686e-001-2.509e+001 4.948e-001 8.775e+000 2.567e+001-1.691e+003 2.496e+001 1.723e+003
 8.750e+003 2.930e+000 4.200e+001 3.403e-001-4.134e-001-3.149e-002 2.406e+000-1.652e+001 8.881e+002 2.167e+000-1.077e+002 1.835e-001-1.037e+001 2.120e-001 3.350e+000 1.451e+001-7.998e+002 9.930e+000 7.568e+002
 8.880e+003 2.930e+000 3.000e+001 1.438e-001 1.256e-001-1.375e-002 7.355e-001-7.597e+000 4.900e+002 8.847e-001-5.259e+001 1.014e-001-6.332e+000 1.325e-001 1.594e+000 7.257e+000-4.797e+002 6.313e+000 4.837e+002
 9.000e+003 2.930e+000 4.500e+001 3.498e-001-3.358e+000-1.986e-002 4.925e+000-1.539e+001 8.057e+002 2.896e+000-9.921e+001 1.882e-001-9.985e+000 2.286e-001 4.106e+000 1.400e+001-7.740e+002 1.012e+001 7.731e+002
 9.130e+003 2.930e+000 5.100e+001 2.675e-001-2.205e+000 1.737e-003 3.595e+000-1.259e+001 7.271e+002 1.592e+000-8.628e+001 1.477e-001-8.184e+000 1.748e-001 2.692e+000 1.186e+001-7.166e+002 8.100e+000 7.285e+002
 9.250e+003 2.930e+000 2.400e+001 1.126e-001-7.736e-001-2.017e-003 1.352e+000-4.848e+000 2.685e+002 7.532e-001-2.461e+001 5.951e-002-3.303e+000 7.290e-002 1.081e+000 4.710e+000-2.716e+002 3.448e+000 2.868e+002
 9.380e+003 2.930e+000 3.600e+001 3.126e-001-4.997e-001-6.361e-002 1.604e+000-1.494e+001 8.516e+002 3.593e+000-5.347e+001 1.577e-001-7.923e+000 1.658e-001 3.911e+000 1.313e+001-7.336e+002 7.452e+000 6.637e+002
 9.500e+003 2.930e+000 4.200e+001 4.640e-001-3.649e+000 2.560e-002 6.081e+000-2.168e+001 1.125e+003 1.287e+000-1.220e+002 2.482e-001-1.257e+001 2.211e-001 2.941e+000 2.085e+001-1.111e+003 1.271e+001 1.123e+003
 9.630e+003 2.930e+000 2.700e+001 1.358e-001-4.267e-001-1.513e-003 1.102e+000-6.058e+000 3.280e+002 8.058e-001-3.892e+001 6.035e-002-3.201e+000 8.641e-002 1.401e+000 5.541e+000-3.190e+002 3.200e+000 3.244e+002
 9.750e+003 2.930e+000 4.200e+001 2.305e-001-1.195e+000-3.208e-002 2.488e+000-1.144e+001 6.874e+002 3.231e+000-6.214e+001 1.428e-001-8.843e+000 2.330e-001 4.458e+000 1.107e+001-6.824e+002 9.403e+000 7.070e+002
 9.880e+003 2.930e+000 4.800e+001 9.821e-001-3.132e+000-2.375e-001 1.063e+001-5.025e+001 2.800e+003 1.581e+001-4.251e+002 9.174e-001-5.295e+001 1.296e+000 2.580e+001 5.275e+001-2.997e+003 5.556e+001 3.300e+003
 1.000e+004 2.930e+000 2.550e+002 7.422e+000-7.263e+000-1.357e+000 5.661e+001-3.694e+002 1.983e+004 7.672e+001-2.879e+003 5.523e+000-3.226e+002 7.231e+000 1.378e+002 3.643e+002-2.004e+004 3.379e+002 2.122e+004
 1.130e+004 2.930e+000 4.230e+002 8.351e+000-3.274e+001-6.539e-001 5.941e+001-3.419e+002 1.487e+004 4.386e+001-1.296e+003 3.336e+000-1.427e+002 2.273e+000 5.474e+001 3.037e+002-1.343e+004 1.311e+002 1.242e+004
 1.250e+004 2.930e+000 3.120e+002 1.654e+000-3.813e+000-2.455e-001 9.807e+000-6.628e+001 3.218e+003 1.551e+001-3.607e+002 1.053e+000-5.429e+001 1.728e+000 2.712e+001 6.621e+001-3.319e+003 6.060e+001 3.647e+003
 1.380e+004 2.930e+000 3.060e+002 8.287e-001-2.329e+000 1.065e-001 9.783e+000-3.064e+001 1.668e+003 5.442e-002-4.806e+002 7.428e-001-4.665e+001 2.026e+000 1.909e+001 3.211e+001-1.904e+003 5.870e+001 2.470e+003
 1.500e+004 2.930e+000 2.130e+002 4.737e-001-1.476e+000-5.437e-002 2.201e+000-1.407e+001 6.309e+002 3.268e+000-4.469e+001 2.095e-001-8.445e+000 3.949e-001 4.997e+000 1.404e+001-6.425e+002 1.086e+001 7.325e+002
 1.630e+004 2.930e+000 2.670e+002 4.349e+000 2.233e+001-3.417e+000-5.480e+001-1.548e+002 6.027e+003 1.304e+002 1.161e+003-6.269e-002-2.447e+001 3.908e+000 1.321e+002 1.472e+002-6.038e+003 6.021e+001 6.515e+003
 1.750e+004 2.930e+000 3.060e+002 3.463e+000-3.223e+001 8.432e-002 4.022e+001-9.419e+001 3.214e+003 1.348e+001-3.322e+002 1.710e+000-5.923e+001 1.998e+000 2.822e+001 9.643e+001-3.496e+003 7.384e+001 4.139e+003
 1.880e+004 2.930e+000 3.540e+002 3.570e+000-2.921e+001-2.581e-001 4.028e+001-9.903e+001 3.676e+003 3.004e+001-4.273e+002 2.167e+000-8.720e+001 3.361e+000 5.529e+001 1.112e+002-4.596e+003 1.223e+002 6.244e+003
 2.000e+004 2.930e+000 4.680e+002 3.165e+001 2.458e+003-1.642e+002-4.853e+003-1.532e+003 2.750e+005 5.159e+003-5.028e+004 3.700e+001-1.512e+004 9.311e+002 1.352e+004 3.613e+003-5.718e+005 3.055e+004 1.200e+006
 2.130e+004 2.930e+000 4.620e+002 1.582e+000 3.881e+001-3.033e+000-8.196e+001-4.939e+001 5.950e+003 1.070e+002-1.135e+003 1.045e+000-2.987e+002 1.836e+001 2.822e+002 8.964e+001-1.176e+004 5.963e+002 2.423e+004
 2.250e+004 2.930e+000 3.090e+002 8.259e-001-2.558e+000-1.747e-001 1.442e+000-2.052e+001 8.107e+002 7.741e+000-5.952e+001 2.877e-001-1.744e+001 9.605e-001 1.487e+001 2.150e+001-1.006e+003 2.851e+001 1.465e+003
 2.380e+004 2.930e+000 4.500e+002 1.507e+002-1.106e+003 3.185e+000 1.396e+003-4.370e+003 1.351e+005 3.062e+002-1.158e+004 5.413e+001-1.599e+003 2.010e+001 4.237e+002 3.952e+003-1.252e+005 1.460e+003 1.171e+005
 2.500e+004 2.930e+000 3.300e+002 2.948e+000-2.622e+001 1.981e-001 3.430e+001-8.141e+001 2.659e+003 8.588e+000-2.543e+002 1.359e+000-4.234e+001 1.025e+000 1.434e+001 7.900e+001-2.706e+003 4.545e+001 2.872e+003
 2.630e+004 2.930e+000 1.500e+002 3.680e-001-2.642e+000-8.046e-004 2.765e+000-5.963e+000 2.096e+002 6.486e-001-2.179e+001 9.678e-002-2.536e+000 1.240e-001 1.397e+000 5.653e+000-1.673e+002 2.982e+000 1.782e+002
 2.750e+004 2.930e+000 2.760e+002 4.550e+000-4.633e+001 4.552e-001 5.604e+001-1.013e+002 2.844e+003 1.210e+001-2.298e+002 2.060e+000-5.159e+001 1.174e+000 1.702e+001 9.960e+001-2.907e+003 5.269e+001 3.011e+003
 2.880e+004 2.930e+000 1.350e+002 3.768e-001-2.911e+000 6.866e-003 3.700e+000-8.032e+000 2.320e+002 1.234e+000-1.876e+001 1.430e-001-3.620e+000 1.270e-001 1.725e+000 7.893e+000-2.367e+002 3.808e+000 2.500e+002
 3.000e+004 2.930e+000 1.230e+002 1.751e-001-8.763e-001 2.402e-002 1.613e+000-2.371e+000 4.828e+001-6.147e-002-1.226e+001 3.968e-002-9.228e-001 6.830e-002 2.156e-001 2.265e+000-5.240e+001 1.239e+000 6.482e+001
 3.130e+004 2.930e+000 1.560e+002 6.730e-001-7.457e+000 3.383e-002 6.804e+000-9.188e+000 4.679e+002 5.805e+000-1.053e+002 5.554e-001-1.447e+001 7.514e-001 8.407e+000 1.028e+001-5.861e+002 1.951e+001 8.503e+002
 3.250e+004 2.930e+000 1.290e+002 9.973e-001-1.703e+001 3.712e-002 1.042e+001-4.008e+000 3.923e+002 8.251e+000-1.218e+002 4.814e-001-2.624e+000 2.902e-001 5.241e+000-3.161e+000-2.468e+002-9.863e-001 2.148e+002
 3.380e+004 2.930e+000 7.200e+001 3.049e-002 2.853e-001 7.103e-003-9.309e-002-3.206e-002 1.978e+001 3.855e-001 6.307e+000-7.419e-003 1.192e-002 3.405e-002 3.952e-001-1.316e-001-1.591e+001 2.466e-001 1.855e+001
 3.500e+004 2.930e+000 6.600e+001 2.044e-002-1.274e-002 1.032e-003 4.447e-002-2.384e-001 9.526e+000 9.328e-002 6.164e-002 6.367e-003-1.401e-001 2.433e-002 1.154e-001 2.127e-001-8.385e+000 1.846e-001 9.076e+000
 3.630e+004 2.930e+000 1.200e+002 1.903e-001-2.689e-001-5.611e-003 9.514e-001-5.383e+000 1.898e+002 7.773e-001-1.797e+001 9.465e-002-3.131e+000 1.015e-001 1.250e+000 5.332e+000-1.919e+002 3.368e+000 2.028e+002
 3.750e+004 2.930e+000 6.600e+001 2.416e-002 5.244e-002-2.325e-003-4.906e-002-3.373e-001 1.072e+001 1.917e-001 1.521e+000 1.538e-003-3.557e-002 2.100e-002 1.824e-001 2.229e-001-8.550e+000 1.113e-001 8.483e+000
 3.880e+004 2.930e+000 1.320e+002 7.986e-002-6.350e-001-5.335e-003 6.339e-001-1.710e+000 5.724e+001 5.607e-001-3.068e+000 2.463e-002-5.618e-001 4.301e-002 5.486e-001 1.330e+000-4.761e+001 5.283e-001 4.221e+001
 4.000e+004 2.930e+000 4.170e+002 4.564e+000-5.288e+001 2.964e-001 6.573e+001-1.243e+002 4.097e+003 1.459e+001-6.541e+002 1.882e+000-5.549e+001 9.291e-001 2.176e+001 9.826e+001-3.531e+003 4.591e+001 3.163e+003
 4.130e+004 2.930e+000 1.620e+002 8.292e-002-4.891e-001 6.276e-003 6.832e-001-1.609e+000 4.864e+001 1.773e-001-6.574e+000 2.586e-002-6.628e-001 5.174e-002 2.993e-001 1.303e+000-4.273e+001 6.594e-001 4.066e+001
 4.250e+004 2.930e+000 1.200e+002 4.762e-002-1.508e-002-6.291e-003-6.308e-002-1.224e+000 4.833e+001 5.470e-001 6.098e+000 8.769e-003-2.372e-001 4.424e-002 4.677e-001 9.664e-001-3.932e+001 4.028e-001 3.542e+001
 4.380e+004 2.930e+000 9.300e+001 2.421e-002-1.515e-002-3.292e-003 4.947e-003-4.507e-001 1.534e+001 1.353e-001 5.694e-001 4.378e-003-1.063e-001 2.378e-002 1.302e-001 3.767e-001-1.307e+001 1.457e-001 1.212e+001
 4.500e+004 2.930e+000 8.400e+001 2.553e-002-9.325e-002-4.613e-004 1.035e-001-3.696e-001 9.430e+000 5.932e-002-7.926e-001 7.039e-003-1.678e-001 1.943e-002 7.748e-002 2.990e-001-8.243e+000 1.681e-001 8.042e+000
 4.630e+004 2.930e+000 1.080e+002 4.865e-002-2.776e-001-2.497e-003 3.002e-001-8.065e-001 2.127e+001 2.344e-001-1.394e+000 1.796e-002-3.547e-001 2.722e-002 2.481e-001 6.518e-001-1.836e+001 3.210e-001 1.674e+001
 4.750e+004 2.930e+000 3.330e+002 2.187e+000-2.543e+001 3.755e-001 2.708e+001-4.062e+001 1.077e+003 4.627e+000-1.634e+002 9.763e-001-2.286e+001 5.673e-001 7.356e+000 2.947e+001-8.859e+002 1.816e+001 7.557e+002
 4.880e+004 2.930e+000 2.040e+002 8.117e-001-1.114e+001 1.581e-001 1.176e+001-1.508e+001 4.510e+002 2.428e+000-7.964e+001 3.818e-001-9.596e+000 2.571e-001 3.702e+000 1.032e+001-3.689e+002 7.472e+000 3.173e+002
 5.000e+004 2.930e+000 5.400e+001 9.018e-003-8.931e-003-5.125e-004 6.222e-003-1.028e-001 3.220e+000 3.267e-002 1.065e-002 1.896e-003-3.044e-002 8.981e-003 3.341e-002 9.009e-002-2.904e+000 4.156e-002 2.877e+000
 5.130e+004 2.930e+000 5.400e+001 6.767e-003-5.851e-003 3.549e-004 5.033e-003-4.946e-002 1.078e+000 1.079e-002 5.948e-003 1.674e-003-3.191e-002 9.917e-003 1.606e-002 4.758e-002-1.074e+000 4.492e-002 1.256e+000
 5.250e+004 2.930e+000 7.800e+001 1.061e-002 2.342e-002-1.375e-003-2.334e-002-8.362e-002 2.456e+000 4.153e-002 1.108e-001 1.208e-003-3.175e-002 1.130e-002 4.512e-002 8.124e-002-2.412e+000 4.988e-002 2.689e+000
 5.380e+004 2.930e+000 2.130e+002 9.514e-001-4.944e+000 1.903e-002 5.614e+000-1.868e+001 4.022e+002 2.426e+000-7.114e+000 5.309e-001-1.066e+001 3.261e-001 2.795e+000 1.990e+001-4.302e+002 1.140e+001 4.610e+002
 5.500e+004 2.930e+000 1.590e+002 1.682e-001-1.131e+000-4.470e-004 2.077e+000-4.752e+000 1.553e+002 6.094e-001-3.371e+001 7.877e-002-2.378e+000 6.096e-002 1.087e+000 4.146e+000-1.437e+002 2.097e+000 1.409e+002
 5.630e+004 2.930e+000 3.030e+002 7.901e-001-4.998e+000-1.312e-002 9.669e+000-2.325e+001 7.399e+002 2.862e+000-1.596e+002 3.856e-001-1.162e+001 2.303e-001 5.191e+000 2.056e+001-6.889e+002 1.023e+001 6.766e+002
 5.750e+004 2.930e+000 5.700e+001 7.024e-003-1.576e-002 8.505e-004 2.479e-002-7.119e-002 1.764e+000 2.029e-002-1.593e-001 2.291e-003-4.176e-002 6.559e-003 2.525e-002 6.987e-002-1.724e+000 4.788e-002 1.856e+000
 5.880e+004 2.930e+000 3.300e+001 4.301e-003-2.473e-003-4.049e-004 1.678e-003-2.386e-002 4.444e-001 7.267e-003-8.097e-003-2.126e-004-8.574e-003 3.228e-003 8.428e-003 1.956e-002-4.149e-001 1.094e-002 4.428e-001
 6.000e+004 2.930e+000 5.700e+001 2.170e-002-9.524e-002 2.817e-004 1.591e-001-4.310e-001 1.102e+001 9.408e-002-1.085e+000 1.715e-002-3.993e-001 2.064e-002 1.598e-001 5.352e-001-1.391e+001 5.014e-001 1.782e+001
 6.130e+004 2.930e+000 4.800e+001 3.400e-003 2.971e-003-2.701e-004-1.300e-004-5.005e-003 4.577e-001 6.235e-003-2.620e-002 4.283e-004-9.495e-003 6.410e-003 5.692e-003 2.798e-003-3.928e-001 1.622e-002 4.215e-001
 6.250e+004 2.930e+000 4.500e+001 4.274e-003-7.880e-003 5.125e-004 1.065e-002-2.740e-002 5.361e-001-2.148e-003-8.840e-002 5.681e-004-1.328e-002 3.294e-003 4.632e-003 2.199e-002-4.933e-001 1.442e-002 5.478e-001
 6.380e+004 2.930e+000 2.160e+002 4.394e-001-2.441e+000 2.279e-002 4.614e+000-1.046e+001 2.716e+002 5.655e-001-6.090e+001 1.952e-001-4.879e+000 1.064e-001 1.631e+000 9.134e+000-2.515e+002 4.408e+000 2.470e+002
 6.500e+004 2.930e+000 6.600e+001 7.369e-003-2.669e-002 1.143e-003 4.119e-002-8.672e-002 1.921e+000-7.198e-003-3.233e-001 1.993e-003-3.686e-002 5.664e-003 6.341e-003 7.128e-002-1.772e+000 3.903e-002 1.826e+000
 6.630e+004 2.930e+000 6.900e+001 4.330e-003 1.830e-003-2.567e-004 1.723e-003-1.943e-002 4.207e-001 4.129e-003-6.071e-002 8.632e-004-1.179e-002 4.892e-003 8.405e-003 2.117e-002-4.201e-001 1.437e-002 5.182e-001
 6.750e+004 2.930e+000 5.700e+001 3.061e-003-8.986e-004-1.635e-004-8.396e-004-1.128e-002 4.383e-001 6.107e-003 8.015e-003 3.346e-004-1.124e-002 4.449e-003 7.384e-003 9.366e-003-3.827e-001 1.590e-002 4.111e-001
 6.880e+004 2.930e+000 1.200e+002 1.651e-002-3.037e-002-2.014e-004 1.596e-001-3.849e-001 1.295e+001 1.139e-001-3.186e+000 2.657e-002-8.858e-001 7.294e-002 4.379e-001 6.533e-001-2.254e+001 1.561e+000 4.084e+001
 7.000e+004 2.930e+000 3.900e+001 2.632e-003-3.904e-003-5.031e-005 3.405e-003-1.416e-002 3.534e-001 4.965e-003-9.355e-003 4.699e-004-6.500e-004 2.062e-003 6.166e-003 1.295e-002-3.048e-001 3.183e-003 3.058e-001
 7.130e+004 2.930e+000 5.700e+001 6.423e-003-3.600e-002-5.986e-004 6.601e-002-1.187e-001 4.031e+000 3.478e-002-9.958e-001 2.670e-003-7.235e-002 4.877e-003 5.427e-002 1.128e-001-4.155e+000 6.944e-002 4.589e+000
 7.250e+004 2.930e+000 8.700e+001 5.732e-003-3.302e-003-1.123e-003 1.564e-002-6.619e-002 1.900e+000 2.785e-002-3.232e-001 8.624e-004-2.559e-002 5.040e-003 3.169e-002 6.119e-002-1.873e+000 2.532e-002 2.036e+000
 7.380e+004 2.930e+000 6.600e+001 3.004e-003 1.241e-003-4.539e-004 6.105e-004-2.132e-002 6.592e-001 1.286e-002 1.573e-003 5.553e-004-9.219e-003 3.717e-003 1.008e-002 1.742e-002-5.885e-001 1.078e-002 5.917e-001
 7.500e+004 2.930e+000 4.800e+001 2.084e-003-1.153e-003-2.401e-005 2.294e-003-1.356e-002 3.060e-001-7.327e-004-1.811e-002 2.735e-004-5.950e-003 2.174e-003 7.161e-004 1.263e-002-2.634e-001 6.217e-003 2.721e-001
 7.630e+004 2.930e+000 5.700e+001 2.061e-003-5.346e-004-1.070e-004 4.204e-004-1.236e-002 2.010e-001 3.474e-003-3.378e-003 2.051e-004-3.368e-003 2.157e-003 3.912e-003 1.055e-002-1.812e-001 4.385e-003 2.160e-001
 7.750e+004 2.930e+000 3.300e+001 1.002e-003-5.366e-004-1.073e-004 1.626e-004-4.096e-003 1.516e-001 3.651e-003 3.804e-003 1.654e-004-5.586e-003 1.634e-003 3.751e-003 2.905e-003-1.350e-001 5.994e-003 1.438e-001
 7.880e+004 2.930e+000 5.700e+001 2.025e-003-7.585e-004 8.561e-005 3.340e-004-1.106e-002 2.783e-001 1.486e-003-1.764e-002 2.312e-004-4.706e-003 2.064e-003 2.148e-003 1.037e-002-2.465e-001 5.985e-003 2.686e-001
 8.000e+004 2.930e+000 1.200e+002 8.028e-003 1.078e-002-9.305e-004 1.874e-002-1.556e-001 4.696e+000 2.958e-002-8.796e-001 2.275e-003-6.928e-002 4.533e-003 4.399e-002 1.575e-001-4.721e+000 6.716e-002 5.034e+000
 8.130e+004 2.930e+000 6.900e+001 2.512e-003-8.540e-004-2.210e-004 1.516e-003-8.482e-003 1.750e-001 2.571e-003-1.819e-002 3.138e-004 4.764e-004 2.924e-003 3.957e-003 8.289e-003-1.469e-001 2.155e-003 1.684e-001
 8.250e+004 2.930e+000 6.300e+001 2.508e-003 5.281e-003-2.656e-004-3.620e-003-1.326e-002 3.141e-001 5.055e-003-1.044e-002 1.437e-004-6.184e-003 1.937e-003 5.952e-003 9.836e-003-2.809e-001 6.563e-003 2.955e-001
 8.380e+004 2.930e+000 4.500e+001 1.122e-003 2.464e-004-1.036e-004-6.875e-004-3.596e-003 1.358e-001-1.094e-003-8.185e-003 8.793e-005-5.160e-003 1.504e-003-6.159e-004 3.372e-003-1.368e-001 6.834e-003 1.690e-001
 8.500e+004 2.930e+000 4.500e+001 1.336e-003-1.378e-003-1.258e-004 1.489e-003-3.645e-003 8.590e-002 9.650e-004-1.864e-005 2.364e-004-5.346e-003 1.441e-003 1.714e-003 2.201e-003-8.190e-002 6.723e-003 1.109e-001
 8.630e+004 2.930e+000 4.500e+001 1.078e-003-1.670e-005-1.012e-004 8.708e-004-4.506e-003 1.178e-001 1.601e-003 8.100e-004 3.548e-004-4.997e-003 1.219e-003 2.430e-003 5.441e-003-1.255e-001 6.599e-003 1.623e-001
 8.750e+004 2.930e+000 5.700e+001 2.981e-003 6.435e-003 7.151e-005 1.065e-003-3.556e-002 6.920e-001-2.719e-003-1.652e-001 9.331e-004-1.396e-002 2.091e-003 2.118e-003 4.272e-002-7.773e-001 1.957e-002 9.582e-001
 8.880e+004 2.930e+000 8.400e+001 4.122e-003-1.555e-003-7.070e-005 7.270e-003-3.589e-002 7.266e-001 7.891e-003-5.603e-002 1.185e-003-1.211e-002 2.702e-003 1.132e-002 4.388e-002-8.292e-001 1.909e-002 1.050e+000
 9.000e+004 2.930e+000 1.290e+002 3.879e-003-1.443e-002-6.825e-004 1.830e-002-2.178e-002 5.034e-001 2.849e-002 9.851e-002 1.592e-003-1.801e-002 5.240e-003 4.298e-002 3.328e-002-7.090e-001 3.943e-002 1.180e+000
 9.130e+004 2.930e+000 1.320e+002 4.257e-003-2.475e-002-2.375e-004 3.225e-002-2.154e-002 6.695e-001 3.857e-002 1.217e-001 2.394e-003-2.690e-002 6.826e-003 6.270e-002 3.740e-002-9.652e-001 5.387e-002 1.591e+000
 9.250e+004 2.930e+000 1.410e+002 3.976e-003-1.775e-002-1.174e-004 2.558e-002-2.338e-002 6.384e-001 3.578e-002 1.124e-001 2.349e-003-3.073e-002 6.705e-003 5.549e-002 3.922e-002-9.810e-001 6.443e-002 1.717e+000
 9.380e+004 2.930e+000 1.290e+002 4.449e-003-1.855e-002-1.585e-004 2.691e-002-2.095e-002 5.497e-001 3.269e-002 1.075e-001 2.305e-003-2.623e-002 6.711e-003 5.157e-002 3.616e-002-8.565e-001 5.739e-002 1.507e+000
 9.500e+004 2.930e+000 1.380e+002 4.507e-003-2.073e-002-3.332e-004 3.414e-002-3.467e-002 8.676e-001 3.840e-002-1.384e-002 3.323e-003-4.801e-002 8.339e-003 6.628e-002 5.199e-002-1.287e+000 8.737e-002 2.129e+000
 9.630e+004 2.930e+000 0.000e+000 0.000e+000 0.000e+000 0.000e+000 0.000e+000 0.000e+000 0.000e+000 0.000e+000 0.000e+000 0.000e+000 0.000e+000 0.000e+000 0.000e+000 0.000e+000 0.000e+000 0.000e+000 0.000e+000
 9.750e+004 2.930e+000 0.000e+000 0.000e+000 0.000e+000 0.000e+000 0.000e+000 0.000e+000 0.000e+000 0.000e+000 0.000e+000 0.000e+000 0.000e+000 0.000e+000 0.000e+000 0.000e+000 0.000e+000 0.000e+000 0.000e+000
 9.880e+004 2.930e+000 0.000e+000 0.000e+000 0.000e+000 0.000e+000 0.000e+000 0.000e+000 0.000e+000 0.000e+000 0.000e+000 0.000e+000 0.000e+000 0.000e+000 0.000e+000 0.000e+000 0.000e+000 0.000e+000 0.000e+000
 1.000e+005 2.930e+000 0.000e+000 0.000e+000 0.000e+000 0.000e+000 0.000e+000 0.000e+000 0.000e+000 0.000e+000 0.000e+000 0.000e+000 0.000e+000 0.000e+000 0.000e+000 0.000e+000 0.000e+000 0.000e+000 0.000e+000
