 6.250e+000 2.930e+000 0.000e+000 0.000e+000 0.000e+000 0.000e+000 0.000e+000 0.000e+000 0.000e+000 0.000e+000 0.000e+000 0.000e+000 0.000e+000 0.000e+000 0.000e+000 0.000e+000 0.000e+000 0.000e+000 0.000e+000
 7.500e+000 2.930e+000 0.000e+000 0.000e+000 0.000e+000 0.000e+000 0.000e+000 0.000e+000 0.000e+000 0.000e+000 0.000e+000 0.000e+000 0.000e+000 0.000e+000 0.000e+000 0.000e+000 0.000e+000 0.000e+000 0.000e+000
 8.750e+000 2.930e+000 0.000e+000 0.000e+000 0.000e+000 0.000e+000 0.000e+000 0.000e+000 0.000e+000 0.000e+000 0.000e+000 0.000e+000 0.000e+000 0.000e+000 0.000e+000 0.000e+000 0.000e+000 0.000e+000 0.000e+000
 1.000e+001 2.930e+000 0.000e+000 0.000e+000 0.000e+000 0.000e+000 0.000e+000 0.000e+000 0.000e+000 0.000e+000 0.000e+000 0.000e+000 0.000e+000 0.000e+000 0.000e+000 0.000e+000 0.000e+000 0.000e+000 0.000e+000
 1.130e+001 2.930e+000 2.400e+001 5.725e+001-6.627e+002 8.858e-001 5.037e+002-1.512e+003 1.380e+005-3.285e+001-1.451e+004-1.031e+001 1.463e+002 3.506e+001-4.372e+002 3.301e+002-9.766e-004-3.783e+002 3.736e+004
 1.250e+001 2.930e+000 0.000e+000 0.000e+000 0.000e+000 0.000e+000 0.000e+000 0.000e+000 0.000e+000 0.000e+000 0.000e+000 0.000e+000 0.000e+000 0.000e+000 0.000e+000 0.000e+000 0.000e+000 0.000e+000 0.000e+000
 1.380e+001 2.930e+000 0.000e+000 0.000e+000 0.000e+000 0.000e+000 0.000e+000 0.000e+000 0.000e+000 0.000e+000 0.000e+000 0.000e+000 0.000e+000 0.000e+000 0.000e+000 0.000e+000 0.000e+000 0.000e+000 0.000e+000
 1.500e+001 2.930e+000 2.400e+001 7.346e+001-4.875e+002-1.282e+001 5.270e+002-1.772e+003 1.110e+005 1.160e+003-2.255e+004-2.050e+001 5.873e+002 6.588e+001-4.801e+002 7.132e+002-6.817e+003-9.750e+002 4.081e+004
 1.630e+001 2.930e+000 0.000e+000 0.000e+000 0.000e+000 0.000e+000 0.000e+000 0.000e+000 0.000e+000 0.000e+000 0.000e+000 0.000e+000 0.000e+000 0.000e+000 0.000e+000 0.000e+000 0.000e+000 0.000e+000 0.000e+000
 1.750e+001 2.930e+000 2.400e+001 2.247e+001-2.402e+002-3.897e+000 1.788e+002-6.247e+002 6.610e+004 3.336e+002-7.679e+003-4.424e+000 2.048e+002 2.996e+001-7.993e+001 2.344e+002-1.436e+003-3.388e+002 2.155e+004
 1.880e+001 2.930e+000 0.000e+000 0.000e+000 0.000e+000 0.000e+000 0.000e+000 0.000e+000 0.000e+000 0.000e+000 0.000e+000 0.000e+000 0.000e+000 0.000e+000 0.000e+000 0.000e+000 0.000e+000 0.000e+000 0.000e+000
 2.000e+001 2.930e+000 2.400e+001 5.856e+001-4.397e+002 4.661e+000 4.112e+002-1.183e+003 8.975e+004 1.668e+002-1.142e+004-1.316e+001-8.647e-001 1.607e+001-2.242e+002 6.176e+002-3.358e+003-3.165e+002 2.956e+004
 2.130e+001 2.930e+000 0.000e+000 0.000e+000 0.000e+000 0.000e+000 0.000e+000 0.000e+000 0.000e+000 0.000e+000 0.000e+000 0.000e+000 0.000e+000 0.000e+000 0.000e+000 0.000e+000 0.000e+000 0.000e+000 0.000e+000
 2.250e+001 2.930e+000 0.000e+000 0.000e+000 0.000e+000 0.000e+000 0.000e+000 0.000e+000 0.000e+000 0.000e+000 0.000e+000 0.000e+000 0.000e+000 0.000e+000 0.000e+000 0.000e+000 0.000e+000 0.000e+000 0.000e+000
 2.380e+001 2.930e+000 2.400e+001 3.817e+001-3.258e+001-5.419e+000 3.091e+002-7.451e+002 7.377e+004 1.465e+002-6.824e+003-4.897e+000 5.999e+001 1.277e+001-6.223e+001 4.094e+002 8.288e+003-1.103e+002 2.298e+004
 2.500e+001 2.930e+000 0.000e+000 0.000e+000 0.000e+000 0.000e+000 0.000e+000 0.000e+000 0.000e+000 0.000e+000 0.000e+000 0.000e+000 0.000e+000 0.000e+000 0.000e+000 0.000e+000 0.000e+000 0.000e+000 0.000e+000
 2.630e+001 2.930e+000 2.400e+001 3.941e+001-1.964e+002 3.604e-001 2.636e+002-5.362e+002 4.919e+004 1.689e+002-3.777e+003-1.009e+001 7.351e+001 1.482e+001-1.029e+002 4.926e+002 1.873e+002-2.286e+002 1.758e+004
 2.750e+001 2.930e+000 0.000e+000 0.000e+000 0.000e+000 0.000e+000 0.000e+000 0.000e+000 0.000e+000 0.000e+000 0.000e+000 0.000e+000 0.000e+000 0.000e+000 0.000e+000 0.000e+000 0.000e+000 0.000e+000 0.000e+000
 2.880e+001 2.930e+000 2.400e+001 4.729e+001-3.230e+002 9.387e-001 2.410e+002-7.459e+002 3.921e+004 1.085e+002-6.302e+003-6.745e+000-5.680e+000 1.288e+001-2.379e+001 6.923e+002-7.042e+003-1.451e+002 2.264e+004
 3.000e+001 2.930e+000 0.000e+000 0.000e+000 0.000e+000 0.000e+000 0.000e+000 0.000e+000 0.000e+000 0.000e+000 0.000e+000 0.000e+000 0.000e+000 0.000e+000 0.000e+000 0.000e+000 0.000e+000 0.000e+000 0.000e+000
 3.130e+001 2.930e+000 0.000e+000 0.000e+000 0.000e+000 0.000e+000 0.000e+000 0.000e+000 0.000e+000 0.000e+000 0.000e+000 0.000e+000 0.000e+000 0.000e+000 0.000e+000 0.000e+000 0.000e+000 0.000e+000 0.000e+000
 3.250e+001 2.930e+000 2.400e+001 5.618e+001-3.318e+002-8.938e-001 3.201e+002-8.156e+002 5.519e+004 5.073e+001-4.052e+003-5.737e+000 2.079e+002 1.399e+001-6.163e+001 6.253e+002 3.839e+003-1.095e+002 2.185e+004
 3.380e+001 2.930e+000 0.000e+000 0.000e+000 0.000e+000 0.000e+000 0.000e+000 0.000e+000 0.000e+000 0.000e+000 0.000e+000 0.000e+000 0.000e+000 0.000e+000 0.000e+000 0.000e+000 0.000e+000 0.000e+000 0.000e+000
 3.500e+001 2.930e+000 2.400e+001 6.960e+001-1.329e+002-6.448e-001 4.764e+002-1.172e+003 5.169e+004-2.200e+000-8.888e+003-1.142e+001 2.139e+002 1.201e+001-1.018e+001 8.081e+002-5.111e+003-1.362e+002 2.593e+004
 3.630e+001 2.930e+000 0.000e+000 0.000e+000 0.000e+000 0.000e+000 0.000e+000 0.000e+000 0.000e+000 0.000e+000 0.000e+000 0.000e+000 0.000e+000 0.000e+000 0.000e+000 0.000e+000 0.000e+000 0.000e+000 0.000e+000
 3.750e+001 2.930e+000 2.400e+001 7.735e+001-1.264e+002 1.319e+000 8.347e+002-1.608e+003 7.161e+004-4.833e+001-1.851e+004-8.784e+000 1.170e+002 1.074e+001-7.504e+001 8.989e+002-9.091e+003-2.034e+002 3.041e+004
 3.880e+001 2.930e+000 0.000e+000 0.000e+000 0.000e+000 0.000e+000 0.000e+000 0.000e+000 0.000e+000 0.000e+000 0.000e+000 0.000e+000 0.000e+000 0.000e+000 0.000e+000 0.000e+000 0.000e+000 0.000e+000 0.000e+000
 4.000e+001 2.930e+000 0.000e+000 0.000e+000 0.000e+000 0.000e+000 0.000e+000 0.000e+000 0.000e+000 0.000e+000 0.000e+000 0.000e+000 0.000e+000 0.000e+000 0.000e+000 0.000e+000 0.000e+000 0.000e+000 0.000e+000
 4.130e+001 2.930e+000 2.400e+001 1.106e+002-5.764e+002-1.160e+001 1.023e+003-1.496e+003 6.882e+004 1.338e+002-1.101e+004-9.563e+000 1.254e+002 8.301e+000 2.229e+001 1.533e+003-1.858e+004-2.677e+002 4.118e+004
 4.250e+001 2.930e+000 0.000e+000 0.000e+000 0.000e+000 0.000e+000 0.000e+000 0.000e+000 0.000e+000 0.000e+000 0.000e+000 0.000e+000 0.000e+000 0.000e+000 0.000e+000 0.000e+000 0.000e+000 0.000e+000 0.000e+000
 4.380e+001 2.930e+000 2.400e+001 1.415e+002-2.736e+002-7.114e+000 1.168e+003-2.366e+003 8.962e+004 1.346e+002-2.315e+004-5.151e+000 2.018e+002 8.641e+000 1.106e+002 2.027e+003-2.910e+004-1.326e+002 5.318e+004
 4.500e+001 2.930e+000 0.000e+000 0.000e+000 0.000e+000 0.000e+000 0.000e+000 0.000e+000 0.000e+000 0.000e+000 0.000e+000 0.000e+000 0.000e+000 0.000e+000 0.000e+000 0.000e+000 0.000e+000 0.000e+000 0.000e+000
 4.630e+001 2.930e+000 2.400e+001 6.679e+002-2.554e+003-5.007e+001 5.814e+003-7.484e+003 2.138e+005 1.611e+002-2.424e+004 7.942e+000 1.311e+002 1.076e+001 7.058e+002 9.003e+003-1.084e+005-3.807e+002 1.959e+005
 4.750e+001 2.930e+000 0.000e+000 0.000e+000 0.000e+000 0.000e+000 0.000e+000 0.000e+000 0.000e+000 0.000e+000 0.000e+000 0.000e+000 0.000e+000 0.000e+000 0.000e+000 0.000e+000 0.000e+000 0.000e+000 0.000e+000
 4.880e+001 2.930e+000 0.000e+000 0.000e+000 0.000e+000 0.000e+000 0.000e+000 0.000e+000 0.000e+000 0.000e+000 0.000e+000 0.000e+000 0.000e+000 0.000e+000 0.000e+000 0.000e+000 0.000e+000 0.000e+000 0.000e+000
 5.000e+001 2.930e+000 2.400e+001 3.284e+005-2.597e+006-1.364e+004 3.285e+006-2.508e+006 3.998e+007 8.688e+004-8.441e+006-2.399e+003 1.276e+005 6.261e+002 6.336e+004 2.109e+006-4.205e+007-1.520e+005 4.643e+007
 5.130e+001 2.930e+000 0.000e+000 0.000e+000 0.000e+000 0.000e+000 0.000e+000 0.000e+000 0.000e+000 0.000e+000 0.000e+000 0.000e+000 0.000e+000 0.000e+000 0.000e+000 0.000e+000 0.000e+000 0.000e+000 0.000e+000
 5.250e+001 2.930e+000 2.400e+001 5.731e+002-2.413e+003-2.563e+001 5.073e+003-8.167e+003 1.966e+005 3.024e+002-3.751e+004 3.165e+000 1.107e+002 5.691e+000 2.762e+002 8.961e+003-1.304e+005-2.545e+002 2.114e+005
 5.380e+001 2.930e+000 0.000e+000 0.000e+000 0.000e+000 0.000e+000 0.000e+000 0.000e+000 0.000e+000 0.000e+000 0.000e+000 0.000e+000 0.000e+000 0.000e+000 0.000e+000 0.000e+000 0.000e+000 0.000e+000 0.000e+000
 5.500e+001 2.930e+000 0.000e+000 0.000e+000 0.000e+000 0.000e+000 0.000e+000 0.000e+000 0.000e+000 0.000e+000 0.000e+000 0.000e+000 0.000e+000 0.000e+000 0.000e+000 0.000e+000 0.000e+000 0.000e+000 0.000e+000
 5.630e+001 2.930e+000 2.400e+001 1.966e+002-1.494e+003-7.631e+000 1.352e+003-2.436e+003 6.983e+004 2.346e+001 4.978e+002-9.386e+000 1.935e+002 5.872e+000 7.020e+001 2.574e+003-3.417e+004-2.254e+002 4.987e+004
 5.750e+001 2.930e+000 0.000e+000 0.000e+000 0.000e+000 0.000e+000 0.000e+000 0.000e+000 0.000e+000 0.000e+000 0.000e+000 0.000e+000 0.000e+000 0.000e+000 0.000e+000 0.000e+000 0.000e+000 0.000e+000 0.000e+000
 5.880e+001 2.930e+000 2.400e+001 8.647e+001-5.840e+002-8.622e+000 4.553e+002-7.536e+002 3.134e+004 4.011e+001 3.015e+003-8.154e+000 8.751e+001 5.828e+000 8.712e+001 1.123e+003-8.877e+003-1.872e+002 2.276e+004
 6.000e+001 2.930e+000 0.000e+000 0.000e+000 0.000e+000 0.000e+000 0.000e+000 0.000e+000 0.000e+000 0.000e+000 0.000e+000 0.000e+000 0.000e+000 0.000e+000 0.000e+000 0.000e+000 0.000e+000 0.000e+000 0.000e+000
 6.130e+001 2.930e+000 2.400e+001 5.836e+001-2.910e+002-5.278e+000 3.295e+002-4.878e+002 2.021e+004 9.485e+001-5.975e+002-5.233e+000 1.083e+002 5.470e+000 2.115e+000 7.006e+002-3.893e+003-1.200e+002 1.426e+004
 6.250e+001 2.930e+000 0.000e+000 0.000e+000 0.000e+000 0.000e+000 0.000e+000 0.000e+000 0.000e+000 0.000e+000 0.000e+000 0.000e+000 0.000e+000 0.000e+000 0.000e+000 0.000e+000 0.000e+000 0.000e+000 0.000e+000
 6.380e+001 2.930e+000 0.000e+000 0.000e+000 0.000e+000 0.000e+000 0.000e+000 0.000e+000 0.000e+000 0.000e+000 0.000e+000 0.000e+000 0.000e+000 0.000e+000 0.000e+000 0.000e+000 0.000e+000 0.000e+000 0.000e+000
 6.500e+001 2.930e+000 2.400e+001 4.771e+001-4.137e+002-8.289e-001 2.046e+002-4.597e+002 1.956e+004 1.716e+001 2.941e+003-9.029e-001 4.024e+001 3.191e+000 1.202e+001 5.545e+002-4.257e+003-1.667e+001 1.025e+004
 6.630e+001 2.930e+000 0.000e+000 0.000e+000 0.000e+000 0.000e+000 0.000e+000 0.000e+000 0.000e+000 0.000e+000 0.000e+000 0.000e+000 0.000e+000 0.000e+000 0.000e+000 0.000e+000 0.000e+000 0.000e+000 0.000e+000
 6.750e+001 2.930e+000 2.400e+001 3.099e+001-1.088e+002 3.539e-001 1.817e+002-2.718e+002 1.659e+004-9.065e+000-2.390e+003-3.926e+000 7.620e+001 3.420e+000-3.391e+001 3.682e+002-1.132e+003-6.159e+001 8.017e+003
 6.880e+001 2.930e+000 0.000e+000 0.000e+000 0.000e+000 0.000e+000 0.000e+000 0.000e+000 0.000e+000 0.000e+000 0.000e+000 0.000e+000 0.000e+000 0.000e+000 0.000e+000 0.000e+000 0.000e+000 0.000e+000 0.000e+000
 7.000e+001 2.930e+000 2.400e+001 2.919e+001-5.057e+001-1.973e+000 1.674e+002-3.543e+002 1.084e+004 1.747e+001-1.604e+003-4.549e+000 6.985e+001 3.643e+000-4.611e+000 2.731e+002-2.770e+003-4.773e+001 4.912e+003
 7.130e+001 2.930e+000 0.000e+000 0.000e+000 0.000e+000 0.000e+000 0.000e+000 0.000e+000 0.000e+000 0.000e+000 0.000e+000 0.000e+000 0.000e+000 0.000e+000 0.000e+000 0.000e+000 0.000e+000 0.000e+000 0.000e+000
 7.250e+001 2.930e+000 0.000e+000 0.000e+000 0.000e+000 0.000e+000 0.000e+000 0.000e+000 0.000e+000 0.000e+000 0.000e+000 0.000e+000 0.000e+000 0.000e+000 0.000e+000 0.000e+000 0.000e+000 0.000e+000 0.000e+000
 7.380e+001 2.930e+000 2.400e+001 2.689e+001-1.753e+002-2.472e+000 8.870e+001-3.379e+002 1.186e+004-2.277e+001 1.910e+002-2.867e+000 5.200e+001 3.054e+000 3.255e+001 2.496e+002-1.772e+003-4.477e+001 4.461e+003
 7.500e+001 2.930e+000 0.000e+000 0.000e+000 0.000e+000 0.000e+000 0.000e+000 0.000e+000 0.000e+000 0.000e+000 0.000e+000 0.000e+000 0.000e+000 0.000e+000 0.000e+000 0.000e+000 0.000e+000 0.000e+000 0.000e+000
 7.630e+001 2.930e+000 2.400e+001 3.100e+001-1.191e+002 1.552e+000 1.194e+002-2.806e+002 9.912e+003-1.510e+001-4.718e+002-5.709e+000 5.568e+001 4.176e+000-5.437e+001 2.840e+002-1.124e+003-7.109e+001 4.988e+003
 7.750e+001 2.930e+000 0.000e+000 0.000e+000 0.000e+000 0.000e+000 0.000e+000 0.000e+000 0.000e+000 0.000e+000 0.000e+000 0.000e+000 0.000e+000 0.000e+000 0.000e+000 0.000e+000 0.000e+000 0.000e+000 0.000e+000
 7.880e+001 2.930e+000 2.400e+001 1.433e+001-3.505e+001 1.018e+000 6.815e+001-1.785e+002 9.056e+003-2.617e+000-1.450e+003-4.217e+000 5.013e+001 3.542e+000-3.513e+001 1.309e+002-4.162e+001-4.644e+001 3.167e+003
 8.000e+001 2.930e+000 0.000e+000 0.000e+000 0.000e+000 0.000e+000 0.000e+000 0.000e+000 0.000e+000 0.000e+000 0.000e+000 0.000e+000 0.000e+000 0.000e+000 0.000e+000 0.000e+000 0.000e+000 0.000e+000 0.000e+000
 8.130e+001 2.930e+000 0.000e+000 0.000e+000 0.000e+000 0.000e+000 0.000e+000 0.000e+000 0.000e+000 0.000e+000 0.000e+000 0.000e+000 0.000e+000 0.000e+000 0.000e+000 0.000e+000 0.000e+000 0.000e+000 0.000e+000
 8.250e+001 2.930e+000 2.400e+001 2.468e+001-1.174e+002-1.487e+000 1.017e+002-3.076e+002 7.207e+003-1.736e+001-4.582e+002-3.516e+000 3.515e+001 3.616e+000 2.510e+000 1.876e+002-1.896e+003-6.064e+001 3.338e+003
 8.380e+001 2.930e+000 0.000e+000 0.000e+000 0.000e+000 0.000e+000 0.000e+000 0.000e+000 0.000e+000 0.000e+000 0.000e+000 0.000e+000 0.000e+000 0.000e+000 0.000e+000 0.000e+000 0.000e+000 0.000e+000 0.000e+000
 8.500e+001 2.930e+000 2.400e+001 1.543e+001-4.594e+001-4.264e-001 7.638e+001-2.286e+002 6.381e+003-2.761e+000-8.137e+002-3.317e+000 6.406e+001 2.064e+000-1.522e+001 1.482e+002-2.038e+003-4.716e+001 2.690e+003
 8.630e+001 2.930e+000 0.000e+000 0.000e+000 0.000e+000 0.000e+000 0.000e+000 0.000e+000 0.000e+000 0.000e+000 0.000e+000 0.000e+000 0.000e+000 0.000e+000 0.000e+000 0.000e+000 0.000e+000 0.000e+000 0.000e+000
 8.750e+001 2.930e+000 2.400e+001 1.217e+001-6.766e+001 8.725e-001 2.891e+001-1.116e+002 3.118e+003-1.348e+001-3.746e+001-3.117e+000 1.892e+001 2.447e+000-1.436e+001 1.180e+002-1.046e+003-3.982e+001 2.095e+003
 8.880e+001 2.930e+000 0.000e+000 0.000e+000 0.000e+000 0.000e+000 0.000e+000 0.000e+000 0.000e+000 0.000e+000 0.000e+000 0.000e+000 0.000e+000 0.000e+000 0.000e+000 0.000e+000 0.000e+000 0.000e+000 0.000e+000
 9.000e+001 2.930e+000 0.000e+000 0.000e+000 0.000e+000 0.000e+000 0.000e+000 0.000e+000 0.000e+000 0.000e+000 0.000e+000 0.000e+000 0.000e+000 0.000e+000 0.000e+000 0.000e+000 0.000e+000 0.000e+000 0.000e+000
 9.130e+001 2.930e+000 2.400e+001 1.764e+001-3.359e+001-6.970e-001 4.569e+001-2.031e+002 4.709e+003 4.322e+000-2.870e+002-2.799e+000 3.559e+001 1.761e+000 5.658e-001 1.539e+002-1.640e+003-3.811e+001 1.942e+003
 9.250e+001 2.930e+000 0.000e+000 0.000e+000 0.000e+000 0.000e+000 0.000e+000 0.000e+000 0.000e+000 0.000e+000 0.000e+000 0.000e+000 0.000e+000 0.000e+000 0.000e+000 0.000e+000 0.000e+000 0.000e+000 0.000e+000
 9.380e+001 2.930e+000 2.400e+001 7.150e+000-1.846e+001-3.606e-001 3.049e+001-1.126e+002 3.117e+003 1.767e+000-2.839e+002-1.116e+000 2.441e+001 8.137e-001 1.871e+000 6.789e+001-1.112e+003-1.520e+001 1.071e+003
 9.500e+001 2.930e+000 0.000e+000 0.000e+000 0.000e+000 0.000e+000 0.000e+000 0.000e+000 0.000e+000 0.000e+000 0.000e+000 0.000e+000 0.000e+000 0.000e+000 0.000e+000 0.000e+000 0.000e+000 0.000e+000 0.000e+000
 9.630e+001 2.930e+000 2.400e+001 5.589e+000-1.698e+001-3.101e-001 1.145e+001-7.024e+001 1.955e+003 9.505e-002 1.703e+001-8.172e-001 1.370e+001 4.802e-001 2.517e+000 5.463e+001-8.996e+002-1.120e+001 7.662e+002
 9.750e+001 2.930e+000 0.000e+000 0.000e+000 0.000e+000 0.000e+000 0.000e+000 0.000e+000 0.000e+000 0.000e+000 0.000e+000 0.000e+000 0.000e+000 0.000e+000 0.000e+000 0.000e+000 0.000e+000 0.000e+000 0.000e+000
 9.880e+001 2.930e+000 0.000e+000 0.000e+000 0.000e+000 0.000e+000 0.000e+000 0.000e+000 0.000e+000 0.000e+000 0.000e+000 0.000e+000 0.000e+000 0.000e+000 0.000e+000 0.000e+000 0.000e+000 0.000e+000 0.000e+000
 1.000e+002 2.930e+000 4.800e+001 3.172e+001 3.511e+002 2.709e-001-1.011e+002-1.634e+002 6.759e+003 2.114e+001-1.014e+002-1.845e+000 1.649e+001 2.562e+000 3.989e+001 5.294e+001-1.370e+003-2.605e+001 1.617e+003
 1.130e+002 2.930e+000 5.700e+001 2.488e+001-1.221e+002-9.330e-001 6.982e+001-3.242e+002 7.436e+003-2.361e+001-8.945e+000-6.468e+000 8.393e+001 4.077e+000-1.748e+001 1.935e+002-3.382e+003-6.153e+001 2.535e+003
 1.250e+002 2.930e+000 5.400e+001 2.239e+001-1.268e+002-7.526e-001 5.219e+001-3.041e+002 7.006e+003-2.744e+001 3.211e+002-5.565e+000 8.405e+001 3.600e+000-1.328e+001 1.827e+002-3.211e+003-6.219e+001 2.290e+003
 1.380e+002 2.930e+000 8.100e+001 2.225e+001-1.396e+002-9.731e-001 6.184e+001-3.657e+002 8.773e+003-1.785e+001 3.582e+002-5.379e+000 1.059e+002 2.801e+000-8.307e+000 2.066e+002-4.306e+003-6.710e+001 2.649e+003
 1.500e+002 2.930e+000 6.000e+001 1.170e+001-1.569e+002-5.799e-001 7.502e+001-1.496e+002 6.471e+003-4.091e+001 5.795e+002-3.165e+000 5.454e+001 1.327e+000-1.744e+001 1.030e+002-3.196e+003-3.694e+001 1.856e+003
 1.630e+002 2.930e+000 6.000e+001 1.811e+001-1.269e+002-8.672e-001 5.469e+001-2.785e+002 6.648e+003-2.506e+001 4.844e+002-4.705e+000 8.318e+001 2.354e+000-9.968e+000 1.625e+002-3.201e+003-5.425e+001 2.093e+003
 1.750e+002 2.930e+000 7.200e+001 3.328e+001-2.388e+002-8.180e-001 8.536e+001-4.395e+002 9.525e+003-5.847e+001 1.028e+003-9.360e+000 1.295e+002 4.940e+000-2.527e+001 2.751e+002-4.682e+003-1.057e+002 3.716e+003
 1.880e+002 2.930e+000 8.400e+001 6.362e+001-5.139e+002-4.118e+000 2.280e+002-8.295e+002 1.778e+004-8.742e+001 1.743e+003-1.826e+001 2.791e+002 8.070e+000-3.184e+001 5.477e+002-9.385e+003-1.961e+002 6.237e+003
 2.000e+002 2.930e+000 9.600e+001 1.587e+003-1.473e+004-1.985e+002 6.431e+003-1.989e+004 3.895e+005-2.825e+003 4.106e+004-5.700e+002 8.992e+003 2.333e+002-6.917e+002 1.307e+004-2.243e+005-5.533e+003 1.353e+005
 2.130e+002 2.930e+000 9.600e+001 8.820e+001-8.722e+002-4.372e+000 3.163e+002-1.179e+003 2.745e+004-2.779e+002 4.121e+003-3.276e+001 4.846e+002 1.506e+001-9.063e+001 8.120e+002-1.433e+004-3.429e+002 9.720e+003
 2.250e+002 2.930e+000 1.170e+002 1.483e+002-1.597e+003-6.868e+000 6.767e+002-2.039e+003 4.830e+004-4.990e+002 5.994e+003-5.430e+001 8.211e+002 2.288e+001-1.859e+002 1.392e+003-2.704e+004-5.626e+002 1.732e+004
 2.380e+002 2.930e+000 9.600e+001 5.492e+002-6.487e+003-3.871e+001 2.705e+003-7.686e+003 1.876e+005-1.888e+003 2.542e+004-2.048e+002 3.355e+003 8.378e+001-6.413e+002 5.344e+003-1.078e+005-2.231e+003 6.665e+004
 2.500e+002 2.930e+000 9.600e+001 2.025e+004-2.407e+005-1.296e+003 9.807e+004-2.872e+005 6.975e+006-7.316e+004 1.025e+006-7.711e+003 1.262e+005 3.081e+003-2.421e+004 2.033e+005-4.075e+006-8.471e+004 2.535e+006
 2.630e+002 2.930e+000 9.600e+001 4.381e+002-4.892e+003-2.350e+001 2.015e+003-6.226e+003 1.470e+005-1.570e+003 1.996e+004-1.683e+002 2.710e+003 6.931e+001-5.523e+002 4.317e+003-8.525e+004-1.811e+003 5.305e+004
 2.750e+002 2.930e+000 1.200e+002 1.534e+002-1.602e+003-4.812e+000 6.046e+002-2.318e+003 5.510e+004-5.509e+002 6.268e+003-5.876e+001 9.435e+002 2.810e+001-1.953e+002 1.436e+003-2.899e+004-5.923e+002 1.696e+004
 2.880e+002 2.930e+000 9.600e+001 1.668e+002-1.523e+003 1.102e+000 5.904e+002-2.762e+003 6.192e+004-6.754e+002 5.786e+003-7.188e+001 1.205e+003 3.426e+001-2.763e+002 1.689e+003-3.409e+004-7.598e+002 2.020e+004
 3.000e+002 2.930e+000 9.600e+001 3.236e+003-2.745e+004 1.555e+002 9.562e+003-5.771e+004 1.265e+006-1.595e+004 1.251e+005-1.555e+003 2.646e+004 7.610e+002-6.269e+003 3.483e+004-7.036e+005-1.633e+004 4.046e+005
 3.130e+002 2.930e+000 9.600e+001 1.456e+002-1.201e+003 4.487e+000 1.617e+002-2.567e+003 5.711e+004-3.892e+002 4.109e+003-3.383e+001 6.015e+002 2.866e+001-1.490e+002 7.539e+002-1.583e+004-6.182e+002 1.495e+004
 3.250e+002 2.930e+000 1.170e+002 6.762e+001-7.001e+002-5.782e+000 2.818e+002-1.139e+003 2.847e+004-1.422e+002 1.791e+003-2.410e+001 4.779e+002 1.262e+001-4.002e+001 6.280e+002-1.402e+004-2.858e+002 8.092e+003
 3.380e+002 2.930e+000 9.600e+001 1.573e+002-1.697e+003-2.251e+001 7.354e+002-2.640e+003 6.466e+004-2.899e+001 4.032e+003-3.916e+001 9.186e+002 1.613e+001 4.104e+001 1.506e+003-3.389e+004-5.027e+002 1.855e+004
 3.500e+002 2.930e+000 9.600e+001 3.963e+003-4.191e+004-5.694e+002 1.921e+004-6.546e+004 1.530e+006 8.459e+002 7.294e+004-8.091e+002 1.943e+004 2.582e+002 1.399e+003 3.690e+004-8.155e+005-1.033e+004 4.390e+005
 3.630e+002 2.930e+000 9.600e+001 1.467e+002-1.400e+003-1.330e+001 5.898e+002-2.318e+003 5.094e+004-5.603e+001 2.663e+003-2.794e+001 5.870e+002 8.698e+000 5.326e+000 1.240e+003-2.558e+004-3.074e+002 1.348e+004
 3.750e+002 2.930e+000 1.140e+002 5.346e+001-4.632e+002-1.811e+000 1.906e+002-8.309e+002 1.772e+004-9.784e+001 8.112e+002-1.393e+001 2.365e+002 5.960e+000-3.648e+001 4.303e+002-8.467e+003-1.340e+002 4.566e+003
 3.880e+002 2.930e+000 9.300e+001 2.861e+001-2.428e+002 9.359e-001 7.600e+001-4.537e+002 9.844e+003-9.215e+001 8.000e+002-8.792e+000 1.327e+002 3.962e+000-3.281e+001 2.319e+002-4.377e+003-7.532e+001 2.293e+003
 4.000e+002 2.930e+000 9.600e+001 1.313e+002-1.024e+003 1.588e+001 2.261e+002-2.213e+003 4.599e+004-6.244e+002 4.869e+003-4.516e+001 6.439e+002 1.891e+001-2.152e+002 1.107e+003-2.062e+004-3.646e+002 1.002e+004
 4.130e+002 2.930e+000 1.200e+002 4.981e+001-4.103e+002 2.922e+000 1.131e+002-8.330e+002 1.804e+004-2.005e+002 1.618e+003-1.769e+001 2.738e+002 7.765e+000-7.122e+001 4.215e+002-8.178e+003-1.551e+002 4.199e+003
 4.250e+002 2.930e+000 9.600e+001 4.884e+001-4.070e+002 2.954e+000 1.225e+002-7.984e+002 1.710e+004-2.081e+002 1.521e+003-1.849e+001 2.737e+002 8.287e+000-7.680e+001 4.081e+002-7.778e+003-1.545e+002 3.981e+003
 4.380e+002 2.930e+000 9.300e+001 1.143e+002-1.058e+003 6.379e+000 3.938e+002-1.712e+003 3.630e+004-5.761e+002 3.634e+003-5.116e+001 7.011e+002 2.435e+001-2.406e+002 1.009e+003-1.900e+004-4.364e+002 1.060e+004
 4.500e+002 2.930e+000 9.600e+001 3.214e+003-3.372e+004 2.130e+002 1.296e+004-4.708e+004 1.045e+006-1.889e+004 1.221e+005-1.501e+003 1.978e+004 7.198e+002-8.040e+003 2.969e+004-5.716e+005-1.305e+004 3.274e+005
 4.630e+002 2.930e+000 1.200e+002 2.550e+002-2.511e+003 2.037e+001 8.163e+002-3.941e+003 8.669e+004-1.385e+003 9.905e+003-1.071e+002 1.453e+003 4.819e+001-5.349e+002 2.267e+003-4.343e+004-9.043e+002 2.333e+004
 4.750e+002 2.930e+000 9.600e+001 1.297e+002-1.179e+003 1.123e+001 3.342e+002-2.114e+003 4.578e+004-6.509e+002 4.804e+003-5.057e+001 7.181e+002 2.147e+001-2.328e+002 1.113e+003-2.134e+004-4.128e+002 1.072e+004
 4.880e+002 2.930e+000 9.600e+001 1.522e+002-1.330e+003 1.309e+001 3.405e+002-2.484e+003 5.279e+004-7.253e+002 5.823e+003-5.781e+001 8.220e+002 2.494e+001-2.473e+002 1.290e+003-2.420e+004-4.673e+002 1.197e+004
 5.000e+002 2.930e+000 9.600e+001 2.236e+002-1.923e+003 1.869e+001 5.075e+002-3.644e+003 7.673e+004-1.088e+003 8.243e+003-8.895e+001 1.291e+003 3.976e+001-3.777e+002 1.907e+003-3.575e+004-7.353e+002 1.787e+004
 5.130e+002 2.930e+000 1.200e+002 4.624e+002-3.895e+003 3.965e+001 8.459e+002-7.493e+003 1.549e+005-2.031e+003 1.771e+004-1.643e+002 2.343e+003 6.648e+001-6.447e+002 3.730e+003-6.791e+004-1.343e+003 3.384e+004
 5.250e+002 2.930e+000 9.600e+001 8.637e+002-7.267e+003 5.841e+001 1.955e+003-1.393e+004 2.864e+005-3.533e+003 2.534e+004-3.110e+002 4.555e+003 1.308e+002-1.251e+003 6.844e+003-1.274e+005-2.635e+003 6.549e+004
 5.380e+002 2.930e+000 9.600e+001 3.867e+003-3.203e+004 2.991e+002 8.303e+003-6.189e+004 1.256e+006-1.687e+004 1.338e+005-1.459e+003 2.088e+004 5.747e+002-5.626e+003 3.220e+004-5.843e+005-1.152e+004 2.863e+005
 5.500e+002 2.930e+000 9.600e+001 1.606e+005-1.314e+006 1.270e+004 3.349e+005-2.550e+006 5.125e+007-6.963e+005 5.573e+006-6.044e+004 8.560e+005 2.376e+004-2.314e+005 1.331e+006-2.388e+007-4.746e+005 1.173e+007
 5.630e+002 2.930e+000 1.200e+002 4.897e+003-3.928e+004 3.941e+002 9.893e+003-7.699e+004 1.527e+006-2.088e+004 1.657e+005-1.829e+003 2.561e+004 7.159e+002-6.922e+003 4.004e+004-7.091e+005-1.417e+004 3.476e+005
 5.750e+002 2.930e+000 9.600e+001 6.697e+002-5.262e+003 5.353e+001 1.282e+003-1.029e+004 2.000e+005-2.780e+003 2.249e+004-2.491e+002 3.409e+003 9.734e+001-9.071e+002 5.372e+003-9.269e+004-1.899e+003 4.565e+004
 5.880e+002 2.930e+000 9.600e+001 3.069e+002-2.357e+003 2.252e+001 5.914e+002-4.676e+003 8.973e+004-1.203e+003 9.412e+003-1.122e+002 1.540e+003 4.322e+001-3.934e+002 2.399e+003-4.118e+004-8.386e+002 2.004e+004
 6.000e+002 2.930e+000 1.200e+002 2.555e+002-1.980e+003 2.234e+001 5.248e+002-3.722e+003 7.257e+004-9.333e+002 6.771e+003-8.522e+001 1.157e+003 3.552e+001-3.118e+002 1.864e+003-3.246e+004-6.228e+002 1.543e+004
 6.130e+002 2.930e+000 9.600e+001 1.038e+002-7.625e+002 8.036e+000 1.765e+002-1.475e+003 2.707e+004-3.851e+002 3.061e+003-3.757e+001 4.835e+002 1.510e+001-1.219e+002 7.533e+002-1.218e+004-2.644e+002 5.957e+003
 6.250e+002 2.930e+000 9.600e+001 7.021e+001-5.182e+002 4.708e+000 1.368e+002-9.845e+002 1.798e+004-2.561e+002 1.694e+003-2.564e+001 3.283e+002 1.012e+001-8.545e+001 4.894e+002-8.026e+003-1.749e+002 3.876e+003
 6.380e+002 2.930e+000 9.600e+001 6.502e+001-5.624e+002 1.838e+000 1.859e+002-8.832e+002 1.772e+004-2.414e+002 1.291e+003-2.398e+001 3.274e+002 9.974e+000-9.101e+001 4.413e+002-8.183e+003-1.743e+002 4.099e+003
 6.500e+002 2.930e+000 1.200e+002 2.211e+003-2.836e+004-7.235e+001 1.435e+004-3.413e+004 8.940e+005-1.352e+004 3.018e+004-1.137e+003 1.853e+004 5.920e+002-6.789e+003 1.961e+004-4.891e+005-1.062e+004 2.692e+005
 6.630e+002 2.930e+000 9.600e+001 7.369e+001-6.770e+002 3.671e+000 2.442e+002-1.124e+003 2.397e+004-3.576e+002 2.000e+003-3.207e+001 4.665e+002 1.479e+001-1.428e+002 6.199e+002-1.206e+004-2.676e+002 6.349e+003
 6.750e+002 2.930e+000 9.600e+001 4.102e+001-3.316e+002 2.341e+000 1.078e+002-6.046e+002 1.195e+004-1.700e+002 1.034e+003-1.633e+001 2.236e+002 7.036e+000-6.450e+001 3.196e+002-5.726e+003-1.256e+002 2.936e+003
 6.880e+002 2.930e+000 9.600e+001 3.226e+001-2.415e+002 1.869e+000 6.974e+001-4.675e+002 8.869e+003-1.229e+002 8.235e+002-1.268e+001 1.710e+002 5.427e+000-4.301e+001 2.419e+002-4.127e+003-9.431e+001 2.101e+003
 7.000e+002 2.930e+000 1.200e+002 6.223e+001-5.942e+002 2.867e+000 1.896e+002-8.929e+002 1.913e+004-2.273e+002 1.557e+003-2.041e+001 2.697e+002 7.802e+000-8.134e+001 4.509e+002-8.484e+003-1.455e+002 4.055e+003
 7.130e+002 2.930e+000 9.600e+001 2.087e+001-1.460e+002 1.867e+000 3.552e+001-2.823e+002 5.060e+003-7.798e+001 5.065e+002-7.460e+000 8.784e+001 3.314e+000-2.722e+001 1.409e+002-2.192e+003-5.222e+001 1.139e+003
 7.250e+002 2.930e+000 9.600e+001 2.998e+001-2.299e+002 3.213e+000-1.366e+000-4.154e+002 7.761e+003-3.804e+001 5.415e+000-1.138e+000-1.627e+001 5.791e+000-2.275e+001 3.116e+001-2.703e+002-9.845e+001 1.927e+003
 7.380e+002 2.930e+000 9.600e+001 2.246e+001-1.742e+002 2.499e+000 2.139e+000-3.096e+002 5.869e+003-3.425e+001 8.997e+001-1.765e+000-2.446e+000 4.500e+000-1.767e+001 4.222e+001-4.621e+002-7.177e+001 1.371e+003
 7.500e+002 2.930e+000 1.410e+002 7.361e+001-4.025e+002-1.705e+000 3.212e+002-9.048e+002 1.448e+004-1.583e+002-1.028e+003-3.883e+001 4.949e+002 2.528e+001-1.834e+002 5.514e+002-8.336e+003-3.213e+002 6.049e+003
 7.630e+002 2.930e+000 9.300e+001 1.181e+001-7.777e+001 8.856e-001 1.784e+001-1.544e+002 2.699e+003-3.945e+001 2.832e+002-4.456e+000 5.176e+001 2.077e+000-1.371e+001 7.862e+001-1.169e+003-3.064e+001 6.385e+002
 7.750e+002 2.930e+000 9.600e+001 1.074e+001-6.767e+001 6.386e-001 1.708e+001-1.399e+002 2.409e+003-3.308e+001 2.358e+002-3.964e+000 4.779e+001 1.748e+000-1.119e+001 7.261e+001-1.088e+003-2.693e+001 5.724e+002
 7.880e+002 2.930e+000 1.200e+002 1.213e+001-7.383e+001 6.198e-001 1.704e+001-1.554e+002 2.622e+003-3.370e+001 2.444e+002-4.425e+000 5.334e+001 2.076e+000-1.148e+001 7.748e+001-1.133e+003-3.038e+001 6.149e+002
 8.000e+002 2.930e+000 1.140e+002 1.582e+001-1.175e+002-1.502e+000 2.140e+001-1.971e+002 3.767e+003 6.201e+000 2.595e+002-2.470e+000 5.601e+001 2.918e+000-1.097e+000 8.621e+001-1.375e+003-2.986e+001 7.168e+002
 8.130e+002 2.930e+000 8.100e+001 9.461e+000-6.644e+001-2.329e-001 8.762e+000-1.189e+002 2.252e+003-6.498e+000 3.035e+002-1.983e+000 3.230e+001 1.533e+000-1.927e+000 5.389e+001-7.978e+002-1.461e+001 4.171e+002
 8.250e+002 2.930e+000 9.300e+001 7.934e+000-4.908e+001 3.765e-001 1.209e+001-1.129e+002 2.178e+003-1.862e+001 1.068e+002-2.714e+000 3.758e+001 1.401e+000-7.860e+000 4.766e+001-7.917e+002-1.776e+001 3.840e+002
 8.380e+002 2.930e+000 1.380e+002 1.881e+001-1.309e+002-2.160e+000 5.115e+001-3.500e+002 8.244e+003 9.232e+000-2.065e+002-7.733e+000 1.724e+002 5.213e+000-1.016e+001 1.263e+002-2.830e+003-6.735e+001 1.166e+003
 8.500e+002 2.930e+000 9.600e+001 8.386e+002-7.454e+003-2.459e+002 3.748e+003-1.905e+004 5.027e+005 1.855e+003-3.377e+004-4.343e+002 1.210e+004 3.051e+002-2.548e+002 5.797e+003-1.655e+005-4.099e+003 5.780e+004
 8.630e+002 2.930e+000 9.000e+001 9.094e+000-5.481e+001-2.060e-001 1.446e+001-1.421e+002 2.892e+003-4.997e+000 6.281e+001-2.900e+000 5.351e+001 1.863e+000-5.433e+000 5.643e+001-1.018e+003-2.310e+001 4.554e+002
 8.750e+002 2.930e+000 8.700e+001 7.736e+000-4.590e+001 2.818e-001 8.120e+000-1.065e+002 1.913e+003-1.380e+001 1.434e+002-2.204e+000 2.833e+001 1.142e+000-5.290e+000 4.600e+001-7.071e+002-1.549e+001 3.458e+002
 8.880e+002 2.930e+000 1.170e+002 1.023e+001-6.397e+001 7.831e-001 3.695e+000-1.312e+002 2.459e+003-1.223e+001 2.380e+002-1.811e+000 2.326e+001 1.610e+000-7.052e+000 5.309e+001-7.901e+002-1.499e+001 3.790e+002
 9.000e+002 2.930e+000 8.700e+001 1.161e+002-7.663e+002 9.226e+000-7.214e+001-9.485e+002 1.426e+004 5.097e+001 1.866e+003 1.489e+001-1.453e+002 6.220e+000-3.557e+001 2.258e+002-1.866e+003-3.391e+000 8.813e+002
 9.130e+002 2.930e+000 7.500e+001 6.201e+001-1.071e+003-1.706e+001 3.611e+000-1.286e+003 4.958e+004 9.314e+002 7.582e+003 2.465e+001-2.136e+002 2.094e+001 1.316e+002 4.109e+002-9.312e+003 1.734e+002 3.099e+003
 9.250e+002 2.930e+000 8.100e+001 1.189e+001-1.149e+002 2.388e-001 3.284e+000-1.814e+002 4.518e+003 2.289e+001 6.163e+002-2.249e-001 1.214e+000 2.084e+000-5.607e+000 6.957e+001-1.103e+003-5.851e+000 5.249e+002
 9.380e+002 2.930e+000 1.320e+002 3.185e+001-2.814e+002 4.031e+000-6.405e+001-5.094e+002 1.174e+004 2.220e+001 1.460e+003 3.976e+000-8.910e+001 7.527e+000-2.026e+001 8.734e+001-1.054e+003-7.938e+001 2.038e+003
 9.500e+002 2.930e+000 9.600e+001 4.778e+002-4.506e+003 8.004e+001-8.537e+002-8.662e+003 2.053e+005-5.222e+002 4.218e+004 6.585e+001-1.829e+003 4.766e+001-6.715e+002 2.906e+003-4.460e+004 1.720e+002 2.111e+004
 9.630e+002 2.930e+000 9.000e+001 9.571e+000-7.390e+001 1.195e+000 4.395e+000-1.423e+002 2.950e+003-1.579e+001 3.082e+002-9.723e-001 4.336e+000 1.541e+000-1.235e+001 4.994e+001-7.809e+002-9.222e+000 3.797e+002
 9.750e+002 2.930e+000 1.080e+002 8.661e+000-5.334e+001 7.534e-001 4.967e+000-1.253e+002 2.370e+003-1.682e+001 2.154e+002-1.956e+000 2.176e+001 1.203e+000-7.174e+000 4.804e+001-7.353e+002-1.235e+001 3.309e+002
 9.880e+002 2.930e+000 1.140e+002 8.248e+000-7.151e+001-4.020e-001 9.377e-001-1.369e+002 3.329e+003 2.249e+001 3.363e+002-3.429e-001 4.702e+000 2.224e+000-7.084e+000 4.011e+001-6.514e+002-8.798e+000 3.644e+002
 1.000e+003 2.930e+000 4.620e+002 4.643e+001-4.817e+002 6.543e+000-6.888e+001-7.236e+002 2.036e+004 2.130e+002 5.763e+003 7.268e+000-2.227e+002 2.663e+001-2.001e+002 3.174e+002-2.970e+003 9.250e+001 4.218e+003
 1.130e+003 2.930e+000 8.010e+002 7.993e+002-7.686e+003-3.510e+002-3.077e+002-1.481e+004 3.883e+005 9.077e+003 5.444e+004 2.339e+002-2.115e+003 3.908e+002 1.903e+002 3.459e+003-7.389e+004 1.441e+003 3.474e+004
 1.250e+003 2.930e+000 7.020e+002 3.094e+002-8.491e+002-1.022e+002-5.707e+002-5.862e+003 3.742e+005 9.035e+003 6.673e+004-1.542e+001 1.871e+003 2.529e+002 2.143e+003 9.443e+002-7.197e+004 1.164e+003 3.241e+004
 1.380e+003 2.930e+000 8.220e+002 1.210e+003-4.524e+003-6.824e+002-1.042e+003-2.139e+004 4.376e+005 1.448e+004 3.737e+004 4.014e+002-5.535e+003 5.834e+002 1.633e+003 3.494e+003-6.539e+004 2.003e+003 1.495e+004
 1.500e+003 2.930e+000 5.100e+001 1.194e+001-7.445e+001-2.984e+000 1.709e+001-3.170e+002 1.023e+004 9.553e+001 1.114e+002 1.130e+000-3.340e-001 2.092e+000 2.546e+001 1.048e+002-3.527e+003-6.602e-001 1.346e+003
 1.630e+003 2.930e+000 5.100e+001 2.703e+000-2.827e+001-6.419e-001 1.289e+001-6.939e+001 2.485e+003 2.312e+001-1.314e+002 5.686e-001-4.724e+000 5.542e-001 7.194e+000 2.216e+001-8.861e+002-5.685e-001 3.611e+002
 1.750e+003 2.930e+000 4.800e+001 1.387e+001-8.011e+001-2.643e+000 6.067e+001-3.880e+002 1.209e+004 8.958e+001-7.949e+002 1.968e+000-3.823e+001 1.285e+000 3.668e+001 1.479e+002-4.830e+003 7.419e+000 2.104e+003
 1.880e+003 2.930e+000 7.200e+001 3.411e+001-3.358e+002-6.951e+000 2.139e+002-1.134e+003 4.204e+004 2.663e+002-2.224e+003 2.403e+000-1.040e+001 2.526e+000 1.174e+002 4.974e+002-1.907e+004-6.699e+000 8.922e+003
 2.000e+003 2.930e+000 7.200e+001 4.462e+001-3.873e+002-6.330e+000 2.338e+002-1.352e+003 4.617e+004 2.153e+002-2.662e+003 4.346e+000-7.113e+001 2.240e+000 8.414e+001 5.334e+002-1.929e+004 1.630e+001 8.399e+003
 2.130e+003 2.930e+000 4.200e+001 1.257e+001-1.684e+002-1.365e+000 8.708e+001-3.823e+002 1.527e+004 9.010e+001-3.589e+002 2.481e+000-5.879e+001 1.101e+000 3.627e+001 1.600e+002-6.527e+003 2.359e+001 2.905e+003
 2.250e+003 2.930e+000 6.900e+001 3.805e+000-3.304e+001-7.509e-001 1.945e+001-9.893e+001 3.303e+003 3.001e+001-2.178e+002 7.040e-001-7.006e+000 9.145e-001 8.541e+000 3.161e+001-1.190e+003-3.351e+000 5.909e+002
 2.380e+003 2.930e+000 6.300e+001 2.071e+001-2.823e+001-6.070e+000 7.722e+001-6.091e+002 2.035e+004 2.058e+002-1.915e+003-8.965e-001-1.216e+000 3.060e+000 6.870e+001 2.249e+002-7.478e+003-2.356e+001 3.041e+003
 2.500e+003 2.930e+000 4.200e+001 9.387e-001-1.326e+001-1.992e-001 5.543e+000-3.258e+001 1.630e+003 1.424e+001-6.723e+001 3.142e-001-1.117e+001 3.415e-001 3.598e+000 9.568e+000-5.103e+002 2.418e+000 1.968e+002
 2.630e+003 2.930e+000 5.400e+001 1.862e+000-1.602e+001 1.455e-001 6.940e+000-4.857e+001 1.618e+003 8.546e-001-6.947e+001 3.499e-001-8.523e+000 3.636e-001-1.330e+000 1.650e+001-5.864e+002 6.774e-001 2.820e+002
 2.750e+003 2.930e+000 4.500e+001 6.523e-001-4.284e+000-4.633e-002 1.896e+000-1.236e+001 3.777e+002 4.076e+000-3.076e+001 1.928e-001-4.106e+000 2.166e-001 2.986e-001 1.872e+000-6.432e+001-8.020e-001 4.937e+001
 2.880e+003 2.930e+000 3.900e+001 7.609e-001-6.405e+000-1.064e-001 2.199e+000-1.623e+001 4.649e+002 4.104e+000-2.577e+001 1.636e-001-2.860e+000 1.628e-001 4.371e-001 2.844e+000-8.730e+001-6.409e-001 3.840e+001
 3.000e+003 2.930e+000 5.400e+001 3.022e+000-4.501e+001 3.898e-001 1.372e+001-4.462e+001 1.787e+003-6.751e-001 1.681e+002 4.659e-002-1.044e+001 3.700e-001-2.772e+000 2.143e+001-6.656e+002 1.146e+000 3.154e+002
 3.130e+003 2.930e+000 5.100e+001 8.752e-001-8.799e+000-8.337e-002 4.022e+000-1.692e+001 4.797e+002 4.240e+000-6.231e+001 2.334e-001-3.263e+000 2.155e-001 6.565e-001 2.089e+000-1.064e+002-1.336e+000 5.928e+001
 3.250e+003 2.930e+000 4.500e+001 7.590e-001-1.948e+000-9.219e-002 3.096e+000-1.373e+001 3.963e+002 6.346e+000-9.713e+001-7.569e-002 1.366e+000 4.219e-001-1.882e-001 5.798e+000-1.317e+002-5.348e+000 1.232e+002
 3.380e+003 2.930e+000 5.400e+001 1.037e+000-6.640e+000-1.018e-001 2.679e+000-2.321e+001 6.204e+002 4.866e+000-3.801e+001 2.049e-001-2.741e+000 2.065e-001 1.232e+000 6.480e+000-1.949e+002-9.958e-001 9.080e+001
 3.500e+003 2.930e+000 6.900e+001 4.399e+000-1.728e+001-1.712e-001 2.077e+001-1.238e+002 3.736e+003 8.372e+000-4.750e+002 2.822e-001-2.768e+000 2.955e-001 1.805e+000 5.696e+001-1.793e+003-2.880e+000 1.007e+003
 3.630e+003 2.930e+000 4.200e+001 1.676e+000-1.002e+001-5.112e-002 5.833e+000-3.991e+001 1.087e+003 3.619e+000-9.554e+001 2.086e-001-2.481e+000 2.527e-001-3.506e-001 1.553e+001-4.524e+002-1.958e+000 2.608e+002
 3.750e+003 2.930e+000 6.900e+001 2.514e+000-2.322e+001-4.070e-001 8.694e+000-5.506e+001 1.556e+003 1.904e+001-1.575e+002 9.199e-001-1.292e+001 6.352e-001 3.584e+000 1.087e+001-3.782e+002-1.169e+000 1.680e+002
 3.880e+003 2.930e+000 6.900e+001 1.365e+001-1.197e+002-1.693e+000 4.214e+001-2.993e+002 8.030e+003 7.344e+001-4.718e+002 3.076e+000-4.143e+001 1.622e+000 1.452e+001 8.896e+001-2.482e+003 1.707e-001 1.098e+003
 4.000e+003 2.930e+000 4.800e+001 5.524e+001-7.204e+002-8.764e+000 1.034e+002-1.061e+003 3.006e+004 4.833e+002-1.380e+003 2.372e+001-3.346e+002 1.197e+001 5.129e+001 6.131e+001-2.639e+003 1.882e+000 4.747e+002
 4.130e+003 2.930e+000 7.200e+001 1.678e+001-7.828e+001-1.378e+000 7.075e+001-4.131e+002 1.128e+004 5.588e+001-1.520e+003 1.053e+000 1.928e-001 1.273e+000 9.475e+000 1.771e+002-5.002e+003-1.904e+001 2.841e+003
 4.250e+003 2.930e+000 7.200e+001 6.859e+000-3.484e+001-7.602e-001 2.036e+001-1.433e+002 3.357e+003 2.206e+001-2.256e+002 2.481e-001 1.135e+000 5.294e-001 6.823e+000 6.637e+001-1.545e+003-7.658e+000 8.867e+002
 4.380e+003 2.930e+000 4.200e+001 1.371e+000-7.810e+000-7.124e-002 1.668e+000-2.831e+001 7.022e+002 3.618e+000-1.027e+001 3.074e-001-4.426e+000 2.257e-001 5.500e-003 9.931e+000-2.402e+002-1.827e-001 1.290e+002
 4.500e+003 2.930e+000 7.200e+001 2.935e+000-1.972e+001-3.659e-001 5.750e+000-5.837e+001 1.445e+003 1.570e+001-7.253e+001 6.993e-001-8.785e+000 5.134e-001 4.148e+000 2.131e+001-5.332e+002-1.406e+000 3.103e+002
 4.630e+003 2.930e+000 6.900e+001 1.253e+000-1.227e+001-1.217e-001 1.224e+000-2.273e+001 5.803e+002 6.734e+000 7.493e+000 4.250e-001-5.767e+000 3.541e-001 3.252e-001 4.042e+000-1.004e+002-8.099e-001 4.981e+001
 4.750e+003 2.930e+000 3.900e+001 9.830e-001-6.380e+000-1.626e-001 7.206e-001-1.897e+001 4.494e+002 5.305e+000 1.999e+000 2.520e-001-3.413e+000 2.121e-001 8.255e-001 3.578e+000-9.076e+001-4.483e-001 3.579e+001
 4.880e+003 2.930e+000 5.100e+001 6.090e-001-5.846e+000-6.344e-002 9.696e-001-1.282e+001 4.000e+002 4.838e+000-1.134e+001 2.730e-001-5.686e+000 3.184e-001 3.714e-001 2.239e+000-8.732e+001-2.598e-002 4.258e+001
 5.000e+003 2.930e+000 4.800e+001 7.691e-001-5.979e+000-5.605e-002 1.891e-001-1.246e+001 2.749e+002 3.049e+000 5.307e+000 2.343e-001-3.402e+000 2.201e-001 1.991e-002 1.702e+000-3.682e+001-5.745e-001 2.161e+001
 5.130e+003 2.930e+000 4.500e+001 5.604e-001-5.838e+000 9.479e-003-4.985e-001-1.128e+001 3.455e+002 3.179e+000 2.405e+001 3.183e-001-6.361e+000 3.441e-001-8.192e-001 1.206e+000-3.471e+001-5.314e-001 2.295e+001
 5.250e+003 2.930e+000 6.600e+001 7.703e-001-7.101e+000 6.444e-003-6.776e-001-1.315e+001 3.206e+002 3.427e+000 1.817e+001 4.150e-001-5.944e+000 4.829e-001-1.242e+000 7.223e-001-1.973e+001-1.900e+000 3.261e+001
 5.380e+003 2.930e+000 6.000e+001 9.729e-001-7.716e+000-1.454e-001 1.879e+000-1.850e+001 4.575e+002 5.765e+000-1.897e+001 3.265e-001-4.310e+000 4.138e-001 2.694e-001 3.360e+000-9.777e+001-1.894e+000 5.510e+001
 5.500e+003 2.930e+000 4.200e+001 6.578e-001-6.657e+000-5.044e-002 9.008e-001-1.176e+001 2.937e+002 3.825e+000-1.821e+000 2.894e-001-4.648e+000 2.870e-001-3.881e-002 1.332e+000-3.443e+001-7.913e-001 2.039e+001
 5.630e+003 2.930e+000 6.000e+001 9.181e-001-1.048e+001 3.103e-002-2.502e-001-1.307e+001 3.555e+002 4.100e+000 2.406e+001 3.412e-001-5.916e+000 4.514e-001-1.061e+000 2.238e+000-2.890e+001-1.861e+000 3.944e+001
 5.750e+003 2.930e+000 6.300e+001 1.688e+000-1.779e+001-1.820e-001 1.632e-002-2.615e+001 6.458e+002 1.246e+001 3.672e+000 8.342e-001-1.051e+001 8.124e-001-1.172e+000 6.520e-001-1.843e+001-2.555e+000 3.632e+001
 5.880e+003 2.930e+000 4.800e+001 1.672e+000-1.689e+001-2.551e-001 2.089e+000-2.936e+001 7.244e+002 1.030e+001 2.097e+000 4.931e-001-5.493e+000 4.424e-001 8.611e-001 4.768e+000-1.115e+002-1.521e+000 5.151e+001
 6.000e+003 2.930e+000 6.900e+001 4.546e+000-4.832e+001-6.633e-001 6.746e+000-8.123e+001 2.036e+003 2.581e+001 9.220e+000 1.314e+000-1.639e+001 1.045e+000 1.659e+000 1.175e+001-2.927e+002-2.142e+000 9.580e+001
 6.130e+003 2.930e+000 7.200e+001 2.539e+000-2.589e+001-3.160e-001 3.017e+000-4.540e+001 1.146e+003 1.484e+001 2.809e-001 8.979e-001-1.186e+001 7.748e-001 2.161e-001 6.359e+000-1.620e+002-1.892e+000 7.593e+001
 6.250e+003 2.930e+000 3.900e+001 3.662e-001-2.621e+000-1.518e-002 4.929e-002-4.893e+000 1.094e+002 1.628e+000 2.302e+000 1.825e-001-1.808e+000 4.972e-001-1.101e+000 1.552e-001-7.814e+000-3.094e+000 3.274e+001
 6.380e+003 2.930e+000 5.700e+001 5.844e-001-5.599e+000-1.997e-001 1.730e+000-9.099e+000 2.529e+002 6.556e+000-4.167e+001 2.836e-001-8.411e-001 6.895e-001-9.122e-001-1.672e-001-2.724e+001-4.303e+000 4.721e+001
 6.500e+003 2.930e+000 6.300e+001 6.451e-001-5.379e+000-1.345e-001 5.168e-001-8.099e+000 1.855e+002 6.579e+000-3.766e+001 4.769e-001-3.124e+000 8.679e-001-1.511e+000-1.668e+000-5.515e+000-5.494e+000 5.814e+001
 6.630e+003 2.930e+000 3.300e+001 3.440e-001-3.240e+000-8.858e-002 5.929e-001-4.387e+000 1.165e+002 3.463e+000-2.094e+001 2.527e-001-9.265e-001 5.091e-001-6.948e-001-9.881e-001-1.163e+001-3.520e+000 3.429e+001
 6.750e+003 2.930e+000 6.300e+001 7.782e-001-6.359e+000-2.251e-001 7.195e-001-9.221e+000 2.050e+002 7.320e+000-2.917e+001 5.137e-001-2.626e+000 1.205e+000-2.444e+000-1.303e+000-1.033e+001-7.658e+000 7.926e+001
 6.880e+003 2.930e+000 6.900e+001 8.456e-001-8.208e+000-4.095e-001 2.568e+000-8.333e+000 1.941e+002 1.220e+001-7.319e+001 7.396e-001-1.555e+000 1.793e+000-1.931e+000-4.079e+000-2.474e+000-1.196e+001 9.626e+001
 7.000e+003 2.930e+000 4.800e+001 5.604e-001-4.651e+000-4.003e-001 2.172e+000-5.608e+000 1.216e+002 9.954e+000-5.854e+001 5.280e-001-1.233e+000 1.301e+000-1.451e+000-2.948e+000 4.894e+000-7.730e+000 5.645e+001
 7.130e+003 2.930e+000 6.900e+001 8.456e-001-6.592e+000-4.483e-001 1.866e+000-7.872e+000 1.508e+002 1.206e+001-6.342e+001 8.694e-001-3.045e+000 2.122e+000-3.114e+000-4.584e+000 1.541e+001-1.297e+001 9.880e+001
 7.250e+003 2.930e+000 7.200e+001 1.416e+000-1.221e+001-9.897e-001 5.245e+000-1.365e+001 2.890e+002 2.399e+001-1.453e+002 1.463e+000-7.570e-001 3.573e+000-3.638e+000-7.943e+000-1.398e+001-2.296e+001 1.765e+002
 7.380e+003 2.930e+000 4.800e+001 1.448e+000-1.364e+001-1.036e+000 5.604e+000-1.042e+001 2.384e+002 2.585e+001-1.755e+002 1.876e+000-1.520e-001 4.248e+000-5.267e+000-1.266e+001 9.099e+000-2.807e+001 2.057e+002
 7.500e+003 2.930e+000 7.200e+001 3.109e+000-3.085e+001-2.046e+000 9.585e+000-2.524e+001 5.797e+002 5.530e+001-3.111e+002 3.818e+000-5.721e+000 7.484e+000-7.256e+000-2.204e+001 4.366e+001-4.348e+001 2.828e+002
 7.630e+003 2.930e+000 7.200e+001 5.426e+000-5.119e+001-4.988e+000 2.070e+001-3.829e+001 7.995e+002 1.064e+002-6.429e+002 7.414e+000-2.774e+000 1.641e+001-2.450e+001-5.079e+001 1.471e+002-9.847e+001 6.466e+002
 7.750e+003 2.930e+000 4.800e+001 8.186e+000-7.998e+001-7.249e+000 3.070e+001-6.320e+001 1.330e+003 1.657e+002-9.650e+002 1.122e+001-1.232e+001 2.383e+001-2.980e+001-7.398e+001 2.401e+002-1.413e+002 8.929e+002
 7.880e+003 2.930e+000 7.200e+001 6.975e+001-6.557e+002-5.428e+001 2.257e+002-6.508e+002 1.362e+004 1.186e+003-6.540e+003 8.256e+001-1.061e+002 1.657e+002-2.091e+002-4.996e+002 9.680e+002-9.705e+002 6.239e+003
 8.000e+003 2.930e+000 7.200e+001 8.064e+002-7.855e+003-7.808e+002 3.060e+003-5.530e+003 1.167e+005 1.655e+004-9.788e+004 1.165e+003-1.153e+002 2.483e+003-3.395e+003-7.924e+003 2.191e+004-1.475e+004 9.260e+004
 8.130e+003 2.930e+000 4.800e+001 2.299e+001-2.231e+002-2.117e+001 9.205e+001-1.826e+002 3.815e+003 4.300e+002-2.493e+003 2.827e+001-4.724e-001 5.835e+001-7.236e+001-1.856e+002 3.804e+002-3.436e+002 2.161e+003
 8.250e+003 2.930e+000 7.200e+001 1.535e+001-1.458e+002-1.512e+001 5.908e+001-1.156e+002 2.329e+003 2.991e+002-1.704e+003 1.961e+001 1.531e+000 4.275e+001-6.532e+001-1.331e+002 3.926e+002-2.453e+002 1.542e+003
 8.380e+003 2.930e+000 7.200e+001 5.539e+000-5.074e+001-4.716e+000 1.972e+001-4.428e+001 8.890e+002 9.593e+001-5.278e+002 6.441e+000-3.024e+000 1.446e+001-2.072e+001-3.998e+001 9.825e+001-8.192e+001 5.163e+002
 8.500e+003 2.930e+000 4.800e+001 1.987e+000-1.726e+001-1.587e+000 4.958e+000-1.441e+001 2.789e+002 3.589e+001-1.810e+002 2.530e+000-3.936e+000 5.778e+000-9.746e+000-1.513e+001 6.637e+001-3.103e+001 1.930e+002
 8.630e+003 2.930e+000 7.200e+001 2.209e+000-1.801e+001-1.510e+000 6.733e+000-1.860e+001 3.938e+002 3.578e+001-1.979e+002 2.467e+000-4.379e+000 5.433e+000-6.425e+000-1.330e+001 3.473e+001-2.895e+001 1.767e+002
 8.750e+003 2.930e+000 7.200e+001 1.808e+000-1.597e+001-1.067e+000 3.905e+000-1.272e+001 2.651e+002 2.686e+001-1.330e+002 1.998e+000-3.628e+000 4.240e+000-7.384e+000-1.047e+001 3.668e+001-2.187e+001 1.431e+002
 8.880e+003 2.930e+000 4.200e+001 9.747e-001-8.116e+000-5.818e-001 2.938e+000-6.983e+000 1.359e+002 1.192e+001-6.425e+001 8.367e-001-2.176e-001 1.715e+000-2.539e+000-4.343e+000 2.408e-001-9.286e+000 6.548e+001
 9.000e+003 2.930e+000 7.200e+001 1.265e+000-1.059e+001-6.321e-001 4.239e+000-7.800e+000 1.810e+002 1.284e+001-5.929e+001 6.812e-001-8.421e-002 2.378e+000-6.279e+000-2.803e+000 4.798e+000-1.327e+001 1.146e+002
 9.130e+003 2.930e+000 7.200e+001 9.549e-001-7.137e+000-5.884e-001 2.906e+000-7.426e+000 1.362e+002 1.149e+001-5.699e+001 7.108e-001-4.401e-002 1.986e+000-3.908e+000-2.826e+000-4.493e+000-1.022e+001 7.896e+001
 9.250e+003 2.930e+000 4.200e+001 7.588e-001-3.835e+000-3.483e-001 2.621e+000-6.193e+000 8.417e+001 5.298e+000-3.114e+001 2.198e-001 8.401e-001 1.041e+000-1.541e+000 2.759e-001-1.878e+001-5.753e+000 4.663e+001
 9.380e+003 2.930e+000 6.600e+001 7.714e-001-5.750e+000-2.144e-001 1.253e+000-6.184e+000 1.179e+002 6.105e+000-2.124e+001 3.279e-001-7.375e-001 1.323e+000-3.484e+000-2.609e-001-3.544e+000-6.672e+000 5.456e+001
 9.500e+003 2.930e+000 6.300e+001 1.108e+000-6.129e+000-4.896e-001 4.238e+000-8.906e+000 1.531e+002 1.020e+001-5.122e+001 2.972e-001-5.556e-001 1.840e+000-5.201e+000 5.409e-001-3.789e+000-1.065e+001 1.034e+002
 9.630e+003 2.930e+000 4.200e+001 4.765e-001-3.058e+000-2.187e-001 1.854e+000-4.722e+000 1.110e+002 5.641e+000-1.240e+001 1.513e-001-2.266e+000 1.248e+000-4.731e+000 6.547e-002 1.013e+001-7.188e+000 7.620e+001
 9.750e+003 2.930e+000 6.600e+001 6.832e-001-5.227e+000-3.285e-001 1.602e+000-5.497e+000 1.154e+002 6.772e+000-1.958e+001 3.911e-001-1.412e+000 1.159e+000-3.025e+000-1.019e+000 4.709e+000-5.500e+000 5.025e+001
 9.880e+003 2.930e+000 5.400e+001 9.664e-001-7.146e+000-3.451e-001 2.212e+000-1.173e+001 2.417e+002 7.750e+000-1.787e+001 4.058e-001-2.811e+000 8.202e-001-1.189e+000 5.234e-001-2.846e+001-2.989e+000 3.493e+001
 1.000e+004 2.930e+000 3.270e+002 1.283e+001-7.469e+001-2.987e+000 1.242e+001-2.091e+002 4.419e+003 7.953e+001 1.173e+002 4.018e+000-5.995e+001 6.933e+000-1.043e+001 3.857e+001-7.396e+002-1.719e+001 4.562e+002
 1.130e+004 2.930e+000 5.160e+002 1.692e+001-7.573e+001-4.613e+000 1.874e+001-2.734e+002 5.451e+003 1.116e+002 4.167e+001 4.634e+000-8.490e+001 1.193e+001-3.165e+001 4.228e+001-6.388e+002-4.362e+001 7.367e+002
 1.250e+004 2.930e+000 4.740e+002 2.763e+000-1.600e+001-4.848e-001 8.143e+000-2.083e+001 4.378e+002 1.844e+001 1.218e+001-1.846e-001-1.526e+001 7.639e+000-3.531e+001 8.841e+000 6.708e+001-4.234e+001 4.822e+002
 1.380e+004 2.930e+000 4.350e+002 1.542e+000-6.376e+000-3.112e-001 6.275e+000-8.778e+000 1.907e+002 1.110e+001-8.428e+000-4.570e-001-7.708e+000 5.299e+000-2.524e+001 5.165e+000 6.101e+001-2.912e+001 3.269e+002
 1.500e+004 2.930e+000 4.800e+002 1.783e+000-3.717e+000-4.402e-001 7.733e+000-9.104e+000 1.961e+002 1.292e+001-2.284e+001-8.666e-001-8.587e+000 5.602e+000-2.322e+001 6.375e+000 6.055e+001-2.777e+001 2.829e+002
 1.630e+004 2.930e+000 5.730e+002 2.512e+001 3.055e+002-5.656e+001 4.318e+002-8.924e+001 4.933e+003 9.789e+002-1.568e+003-5.706e+001-6.011e+002 2.833e+002-1.048e+003 1.339e+001 5.903e+003-1.094e+003 8.165e+003
 1.750e+004 2.930e+000 3.750e+002 3.523e+000-1.804e+001 1.804e-002 1.456e+001-1.698e+001 2.372e+002-4.991e+000 1.552e+001-1.685e+000 3.616e+000 2.559e+000-1.387e+001 1.646e+001-1.212e+002-1.542e+001 2.134e+002
 1.880e+004 2.930e+000 4.110e+002 5.038e+000-2.579e+001 2.016e-001 2.244e+001-2.337e+001 2.910e+002-1.202e+001 3.632e+001-2.670e+000 7.918e+000 3.104e+000-2.010e+001 2.670e+001-2.099e+002-2.145e+001 3.289e+002
 2.000e+004 2.930e+000 5.040e+002 1.959e+000-2.739e+001-1.314e+000-1.381e+001-3.383e+001 2.258e+003 2.690e+002-4.800e+002 4.332e+000-2.227e+002 6.170e+001-3.100e+002-2.998e+001 2.693e+003-3.740e+002 3.858e+003
 2.130e+004 2.930e+000 3.960e+002 1.981e+000-8.611e+000 9.232e-002 9.729e+000-7.418e+000 1.063e+002-2.221e+000 2.592e+000-1.373e+000 1.582e+000 2.657e+000-1.546e+001 1.143e+001-4.025e+001-1.729e+001 2.273e+002
 2.250e+004 2.930e+000 4.890e+002 3.392e+000-2.434e+001 2.741e-001 1.160e+000-2.190e+001 3.568e+002-1.663e+000 2.576e+001-8.537e-002-2.065e+000 6.086e-001-1.484e+000 4.468e+000-3.050e+001-1.667e+000 2.280e+001
 2.380e+004 2.930e+000 6.420e+002 1.086e+003-7.185e+003-8.483e+001 7.274e+002-9.009e+003 1.225e+005 3.776e+002 3.583e+002-5.070e+001 9.710e+002 1.110e+001 3.592e+001 9.665e+002-1.276e+004-1.099e+002 1.414e+003
 2.500e+004 2.930e+000 5.250e+002 1.334e+001-8.152e+001-1.333e+000 1.368e+001-1.060e+002 1.411e+003 5.067e+000-1.062e+001-1.282e+000 1.445e+001 1.386e+000-5.728e+000 1.293e+001-1.448e+002-7.851e+000 1.073e+002
 2.630e+004 2.930e+000 2.490e+002 8.474e-001-7.347e+000-9.656e-002 9.684e-001-2.347e+001 4.554e+003 5.867e+000-2.427e+002-1.178e-001 4.410e+000 3.610e-001-1.726e+000-1.287e+000 4.469e+002-1.024e+000 6.975e+001
 2.750e+004 2.930e+000 3.240e+002 1.867e+000-1.371e+001-1.882e-001 2.586e-002-1.975e+001 3.769e+002 7.099e+000-2.402e+000 4.320e-001-5.495e+000 6.176e-001-1.205e+000-3.721e-001 1.360e+001-1.345e+000 1.083e+001
 2.880e+004 2.930e+000 2.820e+002 7.655e-001-4.630e+000-8.610e-002 3.402e-001-5.978e+000 1.044e+002 1.636e+000-2.424e+000-7.549e-006-3.992e-001 3.170e-001-5.069e-001 9.947e-002 1.687e+000-6.726e-001 5.790e+000
 3.000e+004 2.930e+000 2.310e+002 3.604e-001-1.415e+000-1.317e-002 1.299e-001-1.180e+000 1.507e+001-2.138e-001-8.000e-001-8.852e-002 2.679e-001 1.978e-001-2.186e-001 4.231e-002 1.517e-001-3.412e-001 3.050e+000
 3.130e+004 2.930e+000 5.490e+002 9.002e+001-4.982e+002 9.611e+000-1.416e+001-1.584e+002 3.095e+003-2.549e+002 3.319e+001-4.317e+001 1.947e+001 2.246e+001 6.022e+000 5.088e-001 8.389e+001-3.326e+000 2.151e+001
 3.250e+004 2.930e+000 5.820e+002 1.638e+002-9.796e+002 2.095e+001-3.315e+001-3.057e+002 6.481e+003-5.010e+002 5.127e+001-7.737e+001 1.582e+001 3.999e+001 1.559e+001-2.123e+000 2.155e+002-6.356e+000 4.097e+001
 3.380e+004 2.930e+000 3.870e+002 8.829e-001-5.416e+000 1.604e-001-3.409e-001-2.052e+000 4.470e+001-2.070e+000-1.743e+000-2.399e-001-4.779e-001 2.920e-001 8.697e-002-3.728e-001 3.747e+000-2.868e-001 3.393e+000
 3.500e+004 2.930e+000 3.690e+002 5.645e-001-3.564e+000 1.288e-001-3.306e-001-1.807e+000 3.484e+001-9.940e-001-3.596e+000-8.922e-002-5.849e-001 2.135e-001 4.144e-002-5.536e-001 5.068e+000-2.929e-001 4.060e+000
 3.630e+004 2.930e+000 3.810e+002 1.088e+000-8.599e+000 8.870e-002-3.888e-001-9.692e+000 1.796e+002 1.067e+000-4.251e-001 1.555e-001-2.843e+000 2.305e-001-5.867e-003-4.447e-001 3.792e+000-9.310e-002 4.044e+000
 3.750e+004 2.930e+000 3.810e+002 5.772e-001-4.036e+000 1.095e-001-1.797e-001-2.548e+000 4.632e+001-5.410e-001-9.721e+000 3.957e-003-8.632e-001 1.641e-001 1.207e-001-1.302e+000 8.204e+000-2.307e-001 5.385e+000
 3.880e+004 2.930e+000 5.670e+002 2.536e+000-2.005e+001 4.920e-001-3.270e-001-1.379e+001 2.463e+002-6.994e-001-6.914e+001 2.395e-001-5.405e+000 3.311e-001 1.525e+000-8.505e+000 5.202e+001-1.353e+000 3.421e+001
 4.000e+004 2.930e+000 6.480e+002 1.722e+002-1.432e+003 2.725e+001 3.093e+001-1.035e+003 1.815e+004 5.437e+001-5.982e+003 2.604e+001-3.840e+002 8.872e+000 1.142e+002-6.952e+002 3.931e+003-1.039e+002 2.847e+003
 4.130e+004 2.930e+000 5.760e+002 2.241e+000-1.724e+001 2.290e-001 1.221e+000-1.285e+001 2.177e+002 1.825e+000-8.135e+001 3.850e-001-4.051e+000 2.648e-001 1.071e+000-9.099e+000 4.540e+001-1.783e+000 4.240e+001
 4.250e+004 2.930e+000 4.830e+002 6.805e-001-4.781e+000 1.268e-002 6.199e-001-3.771e+000 6.175e+001 1.022e+000-2.453e+001 1.464e-001-9.900e-001 1.575e-001 1.134e-001-2.651e+000 1.167e+001-7.347e-001 1.345e+001
 4.380e+004 2.930e+000 4.620e+002 5.622e-001-3.533e+000-3.098e-002 8.262e-001-3.356e+000 4.906e+001 1.115e+000-2.020e+001 1.219e-001-5.901e-001 1.356e-001 1.157e-002-2.114e+000 7.974e+000-6.195e-001 1.203e+001
 4.500e+004 2.930e+000 4.350e+002 5.398e-001-3.195e+000-5.255e-002 1.100e+000-3.208e+000 4.370e+001 1.027e+000-2.262e+001 1.047e-001-2.794e-001 1.149e-001-1.071e-001-2.315e+000 8.379e+000-6.682e-001 1.459e+001
 4.630e+004 2.930e+000 5.640e+002 1.396e+000-8.560e+000-2.522e-001 3.841e+000-8.461e+000 1.101e+002 3.305e+000-6.993e+001 2.581e-001 4.479e-002 2.196e-001-7.224e-001-7.055e+000 2.040e+001-2.219e+000 4.999e+001
 4.750e+004 2.930e+000 6.450e+002 1.591e+002-1.021e+003-3.515e+001 5.804e+002-9.685e+002 1.245e+004 3.896e+002-9.227e+003 2.729e+001 5.933e+001 1.267e+001-9.670e+001-8.867e+002 1.677e+003-2.811e+002 7.069e+003
 4.880e+004 2.930e+000 5.940e+002 5.889e+001-3.779e+002-1.391e+001 2.374e+002-3.542e+002 4.561e+003 1.435e+002-3.522e+003 9.273e+000 3.354e+001 4.911e+000-3.973e+001-3.256e+002 4.361e+002-1.078e+002 2.764e+003
 5.000e+004 2.930e+000 4.770e+002 4.902e-001-2.792e+000-9.374e-002 1.958e+000-2.523e+000 3.272e+001 8.472e-001-2.474e+001 4.767e-002 3.791e-001 1.091e-001-3.390e-001-2.143e+000-1.526e-001-6.996e-001 1.978e+001
 5.130e+004 2.930e+000 3.450e+002 1.785e-001-8.954e-001-3.207e-002 6.154e-001-7.531e-001 9.628e+000 3.072e-001-6.723e+000 2.036e-002 1.109e-001 6.623e-002-8.470e-002-5.934e-001-7.537e-001-2.629e-001 5.539e+000
 5.250e+004 2.930e+000 3.180e+002 1.460e-001-8.182e-001-2.790e-002 5.333e-001-6.088e-001 8.998e+000 1.981e-001-5.524e+000 1.145e-002 1.459e-001 5.532e-002-1.074e-001-4.321e-001-1.523e+000-1.952e-001 4.702e+000
 5.380e+004 2.930e+000 4.500e+002 1.715e+000-1.240e+001-2.455e-002 6.777e+000-1.064e+001 1.602e+002-3.003e+000-1.313e+001-4.154e-001 2.937e+000 2.139e-001-1.904e+000 3.915e+000-7.623e+001-1.668e+000 4.561e+001
 5.500e+004 2.930e+000 5.910e+002 7.373e+000-5.164e+001-2.161e+000 4.585e+001-3.915e+001 5.752e+002 1.305e+001-4.369e+002 2.102e-001 1.421e+001 7.359e-001-6.813e+000-2.708e+001-1.788e+002-1.444e+001 3.894e+002
 5.630e+004 2.930e+000 6.240e+002 6.286e+001-4.407e+002-1.871e+001 4.026e+002-3.351e+002 4.881e+003 1.061e+002-3.709e+003 8.781e-001 1.266e+002 5.688e+000-6.072e+001-2.223e+002-1.639e+003-1.233e+002 3.370e+003
 5.750e+004 2.930e+000 4.560e+002 4.138e-001-2.513e+000-1.095e-001 2.279e+000-1.902e+000 2.671e+001 6.746e-001-2.023e+001 1.793e-002 6.784e-001 9.115e-002-3.216e-001-1.303e+000-8.756e+000-7.687e-001 1.883e+001
 5.880e+004 2.930e+000 2.820e+002 8.717e-002-4.358e-001-1.870e-002 3.785e-001-3.300e-001 4.448e+000 1.432e-001-3.100e+000 8.130e-003 1.008e-001 4.092e-002-3.548e-002-2.143e-001-1.381e+000-1.502e-001 2.922e+000
 6.000e+004 2.930e+000 1.800e+002 4.844e-002-2.005e-001-9.598e-003 2.101e-001-1.657e-001 1.938e+000 3.385e-002-1.350e+000-4.676e-003 7.964e-002 2.968e-002-8.796e-002-5.829e-002-8.782e-001-1.090e-001 1.934e+000
 6.130e+004 2.930e+000 2.010e+002 3.728e-002-1.546e-001-8.938e-003 1.231e-001-1.095e-001 1.422e+000 4.807e-002-9.587e-001 4.542e-003 3.607e-002 2.205e-002-1.445e-002-8.339e-002-4.099e-001-5.943e-002 9.590e-001
 6.250e+004 2.930e+000 3.510e+002 2.010e-001-1.316e+000-5.106e-002 1.109e+000-8.726e-001 1.414e+001 2.819e-001-9.022e+000 7.197e-003 3.542e-001 4.511e-002-1.239e-001-4.916e-001-5.845e+000-3.435e-001 8.504e+000
 6.380e+004 2.930e+000 6.240e+002 1.935e+001-1.464e+002-6.335e+000 1.303e+002-1.024e+002 1.654e+003 3.392e+001-1.105e+003 4.690e-002 4.782e+001 2.136e+000-1.765e+001-5.457e+001-6.992e+002-4.293e+001 1.034e+003
 6.500e+004 2.930e+000 4.200e+002 2.399e-001-1.585e+000-7.089e-002 1.372e+000-1.151e+000 1.801e+001 4.075e-001-1.168e+001 7.678e-003 4.981e-001 5.810e-002-1.879e-001-6.020e-001-6.892e+000-4.861e-001 1.075e+001
 6.630e+004 2.930e+000 1.950e+002 4.396e-002-2.135e-001-9.511e-003 2.014e-001-1.719e-001 2.202e+000 4.527e-002-1.453e+000 1.096e-003 6.154e-002 1.755e-002-4.024e-002-7.965e-002-8.407e-001-6.847e-002 1.497e+000
 6.750e+004 2.930e+000 1.740e+002 1.847e-002-4.915e-002-4.104e-003 5.321e-002-4.834e-002 5.378e-001 2.816e-002-3.724e-001 6.827e-004 1.197e-002 1.530e-002-2.513e-002-2.053e-002-6.378e-002-4.274e-002 6.085e-001
 6.880e+004 2.930e+000 3.060e+002 8.896e-002 2.608e-001 3.021e-002 1.506e+000 3.819e-001 5.808e+000 1.411e+000 2.875e+000-2.058e-001-1.290e+000 7.544e-001-5.696e+000 1.240e+000 1.695e+001-3.617e+000 6.221e+001
 7.000e+004 2.930e+000 1.470e+002 1.862e-002-7.369e-002-4.001e-003 6.964e-002-4.872e-002 6.652e-001 1.154e-002-3.941e-001 5.934e-004 2.065e-002 1.190e-002-2.070e-002-2.168e-002-3.326e-001-3.410e-002 6.054e-001
 7.130e+004 2.930e+000 3.900e+002 4.229e-001-3.113e+000-1.428e-001 3.482e+000-1.646e+000 3.094e+001-2.046e-002-1.932e+001-7.588e-002 1.418e+000 8.859e-002-9.214e-001-6.774e-001-2.424e+001-1.126e+000 3.157e+001
 7.250e+004 2.930e+000 3.870e+002 4.521e-001-3.392e+000-1.483e-001 3.793e+000-1.762e+000 3.368e+001-7.165e-002-1.984e+001-8.357e-002 1.511e+000 9.033e-002-9.767e-001-5.874e-001-2.727e+001-1.217e+000 3.433e+001
 7.380e+004 2.930e+000 1.170e+002 1.208e-002-4.399e-002-1.858e-003 4.773e-002-2.447e-002 3.275e-001 1.618e-003-2.018e-001 9.959e-005 1.487e-002 8.220e-003-1.380e-002-1.349e-002-2.345e-001-1.776e-002 3.682e-001
 7.500e+004 2.930e+000 8.700e+001 5.071e-003-7.840e-003 5.960e-005 4.232e-003-6.112e-003 5.583e-002 6.527e-005-1.830e-002 7.029e-004-1.094e-004 5.017e-003-2.873e-003-1.743e-003-1.511e-002-3.476e-003 3.408e-002
 7.630e+004 2.930e+000 9.000e+001 5.018e-003-8.782e-003 1.368e-004 3.486e-003-5.764e-003 6.482e-002 1.718e-003-1.189e-002 6.566e-004-1.571e-003 4.209e-003-2.313e-003-1.120e-003-7.404e-003-3.738e-003 2.628e-002
 7.750e+004 2.930e+000 7.200e+001 3.132e-003-2.961e-003 9.280e-005 1.010e-003-2.727e-003 3.070e-002-3.361e-004-2.640e-003 3.353e-004 1.036e-003 2.864e-003-1.544e-003 6.862e-004-1.081e-002-4.008e-003 2.779e-002
 7.880e+004 2.930e+000 1.080e+002 8.302e-003-5.319e-002-1.393e-003 5.105e-002-9.810e-003 5.909e-001-1.209e-002-1.149e-001-9.319e-004 1.897e-002 5.995e-003-1.874e-002-3.778e-003-5.593e-001-2.315e-002 6.219e-001
 8.000e+004 2.930e+000 3.480e+002 1.949e-001-2.130e+000-3.696e-002 2.093e+000-5.824e-001 2.679e+001-6.607e-001-1.709e+000-6.506e-002 6.359e-001 4.496e-002-6.978e-001 4.092e-001-2.565e+001-5.914e-001 2.522e+001
 8.130e+004 2.930e+000 1.200e+002 6.782e-003-2.606e-002-4.117e-004 2.099e-002-1.306e-002 2.782e-001-3.594e-003-3.963e-002 4.186e-004 5.686e-003 5.603e-003-8.701e-003 7.356e-004-2.174e-001-1.504e-002 3.024e-001
 8.250e+004 2.930e+000 9.300e+001 5.607e-003-1.756e-002-4.997e-005 7.231e-004-1.955e-002 2.372e-001 7.623e-003-1.021e-002 1.340e-003-3.138e-003 3.944e-003-1.349e-003 1.100e-004-9.592e-003-2.932e-003 2.081e-002
 8.380e+004 2.930e+000 1.050e+002 3.465e-003-4.024e-003-2.184e-004 5.292e-004-5.081e-003 3.977e-002 1.891e-003-1.642e-003 6.592e-004-7.948e-004 3.139e-003-2.961e-004-1.604e-004-2.461e-003-2.042e-003 1.597e-002
 8.500e+004 2.930e+000 9.900e+001 3.451e-003-3.062e-003-9.017e-005 4.682e-005-2.907e-003 3.004e-002 2.301e-003-6.124e-004 6.310e-004-2.026e-003 3.819e-003-3.810e-004-1.976e-003 3.633e-003-3.358e-003 1.896e-002
 8.630e+004 2.930e+000 9.300e+001 2.653e-003-3.295e-003 6.641e-005 2.438e-004-3.637e-003 2.999e-002 7.766e-004-1.782e-003 3.881e-004-1.329e-003 2.587e-003-1.428e-003 4.613e-004-1.561e-003-3.859e-003 2.342e-002
 8.750e+004 2.930e+000 2.760e+002 6.350e-002-5.467e-001 8.770e-003 7.699e-002-5.877e-001 1.168e+001-8.233e-002 1.958e+000 2.715e-003-9.975e-002 1.116e-002-4.511e-002 2.573e-001-3.657e+000-1.483e-002 1.936e+000
 8.880e+004 2.930e+000 2.730e+002 4.737e-002-3.718e-001 4.546e-003 2.911e-002-4.208e-001 7.943e+000-3.383e-002 1.115e+000 2.886e-003-6.178e-002 1.114e-002-2.368e-002 1.432e-001-1.924e+000-2.312e-002 1.030e+000
 9.000e+004 2.930e+000 1.530e+002 4.771e-003-4.438e-003 7.698e-004-3.820e-003-5.572e-003 7.648e-002-1.068e-003 1.049e-002-2.085e-004-1.265e-003 6.652e-003-8.866e-003 7.494e-003-1.889e-003-3.131e-002 2.712e-001
 9.130e+004 2.930e+000 1.710e+002 5.878e-003-3.177e-003 3.492e-004-8.170e-004-8.640e-003 7.676e-002-1.296e-003 1.283e-002-1.996e-003 4.321e-004 9.488e-003-1.031e-002 1.997e-002-1.775e-002-5.158e-002 4.741e-001
 9.250e+004 2.930e+000 1.950e+002 7.484e-003-5.235e-003 1.177e-004 2.825e-003-6.817e-003 9.262e-002 2.433e-003 5.493e-003-2.342e-003-7.495e-003 1.309e-002-1.898e-002 2.543e-002 4.760e-002-7.888e-002 7.071e-001
 9.380e+004 2.930e+000 1.620e+002 6.247e-003-4.168e-003-3.552e-004 9.467e-003-1.053e-002 8.594e-002-8.732e-004 7.180e-003-2.149e-003 4.872e-004 9.513e-003-2.225e-002 2.050e-002-2.922e-002-5.232e-002 4.995e-001
 9.500e+004 2.930e+000 2.310e+002 2.438e-002-1.262e-001-5.001e-006 2.968e-002-1.904e-001 3.135e+000 1.923e-002-4.849e-002 1.228e-003-2.470e-002 1.240e-002-2.803e-002 3.931e-002-4.868e-001-5.424e-002 6.805e-001
 9.630e+004 2.930e+000 0.000e+000 0.000e+000 0.000e+000 0.000e+000 0.000e+000 0.000e+000 0.000e+000 0.000e+000 0.000e+000 0.000e+000 0.000e+000 0.000e+000 0.000e+000 0.000e+000 0.000e+000 0.000e+000 0.000e+000
 9.750e+004 2.930e+000 0.000e+000 0.000e+000 0.000e+000 0.000e+000 0.000e+000 0.000e+000 0.000e+000 0.000e+000 0.000e+000 0.000e+000 0.000e+000 0.000e+000 0.000e+000 0.000e+000 0.000e+000 0.000e+000 0.000e+000
 9.880e+004 2.930e+000 0.000e+000 0.000e+000 0.000e+000 0.000e+000 0.000e+000 0.000e+000 0.000e+000 0.000e+000 0.000e+000 0.000e+000 0.000e+000 0.000e+000 0.000e+000 0.000e+000 0.000e+000 0.000e+000 0.000e+000
 1.000e+005 2.930e+000 0.000e+000 0.000e+000 0.000e+000 0.000e+000 0.000e+000 0.000e+000 0.000e+000 0.000e+000 0.000e+000 0.000e+000 0.000e+000 0.000e+000 0.000e+000 0.000e+000 0.000e+000 0.000e+000 0.000e+000
