 6.250e+000 2.930e+000 0.000e+000 0.000e+000 0.000e+000 0.000e+000 0.000e+000 0.000e+000 0.000e+000 0.000e+000 0.000e+000 0.000e+000 0.000e+000 0.000e+000 0.000e+000 0.000e+000 0.000e+000 0.000e+000 0.000e+000
 7.500e+000 2.930e+000 0.000e+000 0.000e+000 0.000e+000 0.000e+000 0.000e+000 0.000e+000 0.000e+000 0.000e+000 0.000e+000 0.000e+000 0.000e+000 0.000e+000 0.000e+000 0.000e+000 0.000e+000 0.000e+000 0.000e+000
 8.750e+000 2.930e+000 0.000e+000 0.000e+000 0.000e+000 0.000e+000 0.000e+000 0.000e+000 0.000e+000 0.000e+000 0.000e+000 0.000e+000 0.000e+000 0.000e+000 0.000e+000 0.000e+000 0.000e+000 0.000e+000 0.000e+000
 1.000e+001 2.930e+000 0.000e+000 0.000e+000 0.000e+000 0.000e+000 0.000e+000 0.000e+000 0.000e+000 0.000e+000 0.000e+000 0.000e+000 0.000e+000 0.000e+000 0.000e+000 0.000e+000 0.000e+000 0.000e+000 0.000e+000
 1.130e+001 2.930e+000 1.800e+001 1.198e+004 1.184e+005 3.543e+002-3.028e+004-1.627e+005 2.350e+008 3.235e+004 4.546e+006 1.045e+003-5.832e+004 6.097e+002 7.468e+003 4.220e+004-5.320e+007 1.490e+004 1.226e+007
 1.250e+001 2.930e+000 0.000e+000 0.000e+000 0.000e+000 0.000e+000 0.000e+000 0.000e+000 0.000e+000 0.000e+000 0.000e+000 0.000e+000 0.000e+000 0.000e+000 0.000e+000 0.000e+000 0.000e+000 0.000e+000 0.000e+000
 1.380e+001 2.930e+000 0.000e+000 0.000e+000 0.000e+000 0.000e+000 0.000e+000 0.000e+000 0.000e+000 0.000e+000 0.000e+000 0.000e+000 0.000e+000 0.000e+000 0.000e+000 0.000e+000 0.000e+000 0.000e+000 0.000e+000
 1.500e+001 2.930e+000 2.100e+001 1.848e+004-2.297e+004-5.525e+002 5.581e+003 1.515e+004 7.086e+007 2.473e+004 2.942e+006 8.855e+002 1.145e+004 3.846e+002 5.555e+003-1.295e+004-1.535e+007-1.636e+003 3.560e+006
 1.630e+001 2.930e+000 0.000e+000 0.000e+000 0.000e+000 0.000e+000 0.000e+000 0.000e+000 0.000e+000 0.000e+000 0.000e+000 0.000e+000 0.000e+000 0.000e+000 0.000e+000 0.000e+000 0.000e+000 0.000e+000 0.000e+000
 1.750e+001 2.930e+000 2.400e+001 3.774e+004 6.303e+004-6.335e+002 1.625e+004 1.022e+004 1.122e+007 1.097e+004 7.538e+005 4.653e+002 8.572e+003 2.262e+002 2.405e+003-3.458e+004-2.297e+006-1.098e+003 7.039e+005
 1.880e+001 2.930e+000 0.000e+000 0.000e+000 0.000e+000 0.000e+000 0.000e+000 0.000e+000 0.000e+000 0.000e+000 0.000e+000 0.000e+000 0.000e+000 0.000e+000 0.000e+000 0.000e+000 0.000e+000 0.000e+000 0.000e+000
 2.000e+001 2.930e+000 2.100e+001 1.335e+004 3.835e+004-3.108e+002-4.324e+003-2.877e+004 9.811e+006 2.769e+003 3.090e+005 5.957e+002-6.965e+003 2.514e+002 7.817e+002 6.834e+003-1.354e+006 1.846e+003 4.495e+005
 2.130e+001 2.930e+000 0.000e+000 0.000e+000 0.000e+000 0.000e+000 0.000e+000 0.000e+000 0.000e+000 0.000e+000 0.000e+000 0.000e+000 0.000e+000 0.000e+000 0.000e+000 0.000e+000 0.000e+000 0.000e+000 0.000e+000
 2.250e+001 2.930e+000 0.000e+000 0.000e+000 0.000e+000 0.000e+000 0.000e+000 0.000e+000 0.000e+000 0.000e+000 0.000e+000 0.000e+000 0.000e+000 0.000e+000 0.000e+000 0.000e+000 0.000e+000 0.000e+000 0.000e+000
 2.380e+001 2.930e+000 2.400e+001 1.818e+004-9.830e+004 6.250e+000 2.056e+004-3.923e+004 3.889e+006 6.753e+003 6.438e+004 1.238e+003-3.313e+003 2.340e+002 3.110e+003 1.278e+004-5.502e+005 6.327e+002 2.048e+005
 2.500e+001 2.930e+000 0.000e+000 0.000e+000 0.000e+000 0.000e+000 0.000e+000 0.000e+000 0.000e+000 0.000e+000 0.000e+000 0.000e+000 0.000e+000 0.000e+000 0.000e+000 0.000e+000 0.000e+000 0.000e+000 0.000e+000
 2.630e+001 2.930e+000 2.400e+001 1.820e+004-5.298e+004-7.730e+002 1.002e+003 2.463e+004 5.291e+006-1.219e+003-1.509e+005 9.163e+002-2.676e+003 3.757e+002 5.225e+002 1.948e+003-4.068e+005 1.501e+003 1.852e+005
 2.750e+001 2.930e+000 0.000e+000 0.000e+000 0.000e+000 0.000e+000 0.000e+000 0.000e+000 0.000e+000 0.000e+000 0.000e+000 0.000e+000 0.000e+000 0.000e+000 0.000e+000 0.000e+000 0.000e+000 0.000e+000 0.000e+000
 2.880e+001 2.930e+000 2.400e+001 2.346e+004-8.472e+004-1.282e+003 1.824e+004-1.164e+004 3.265e+006-5.077e+003 2.341e+005 1.779e+003 3.024e+003 5.722e+002 5.591e+002 5.429e+003-4.785e+005-1.244e+003 1.451e+005
 3.000e+001 2.930e+000 0.000e+000 0.000e+000 0.000e+000 0.000e+000 0.000e+000 0.000e+000 0.000e+000 0.000e+000 0.000e+000 0.000e+000 0.000e+000 0.000e+000 0.000e+000 0.000e+000 0.000e+000 0.000e+000 0.000e+000
 3.130e+001 2.930e+000 0.000e+000 0.000e+000 0.000e+000 0.000e+000 0.000e+000 0.000e+000 0.000e+000 0.000e+000 0.000e+000 0.000e+000 0.000e+000 0.000e+000 0.000e+000 0.000e+000 0.000e+000 0.000e+000 0.000e+000
 3.250e+001 2.930e+000 2.400e+001 6.362e+004-1.264e+005-1.642e+003 3.082e+004 6.819e+004 8.953e+006-3.527e+003 6.683e+005 1.968e+003-1.326e+004 1.099e+003-3.106e+002-3.884e+003-1.102e+006-9.009e+002 2.316e+005
 3.380e+001 2.930e+000 0.000e+000 0.000e+000 0.000e+000 0.000e+000 0.000e+000 0.000e+000 0.000e+000 0.000e+000 0.000e+000 0.000e+000 0.000e+000 0.000e+000 0.000e+000 0.000e+000 0.000e+000 0.000e+000 0.000e+000
 3.500e+001 2.930e+000 2.400e+001 5.019e+004 1.741e+005-1.594e+003 4.270e+003 3.091e+004 2.501e+008-5.887e+005 2.591e+007 2.274e+003 3.577e+005 3.385e+003-3.656e+004-2.482e+004-3.220e+007-1.083e+005 6.898e+006
 3.630e+001 2.930e+000 0.000e+000 0.000e+000 0.000e+000 0.000e+000 0.000e+000 0.000e+000 0.000e+000 0.000e+000 0.000e+000 0.000e+000 0.000e+000 0.000e+000 0.000e+000 0.000e+000 0.000e+000 0.000e+000 0.000e+000
 3.750e+001 2.930e+000 2.400e+001 7.146e+004-3.137e+004-2.077e+003 3.878e+004 8.851e+003 4.488e+006-1.476e+004 4.538e+005 6.208e+003-4.567e+003 1.266e+003-3.550e+002 1.927e+004-7.909e+005 1.641e+003 2.737e+005
 3.880e+001 2.930e+000 0.000e+000 0.000e+000 0.000e+000 0.000e+000 0.000e+000 0.000e+000 0.000e+000 0.000e+000 0.000e+000 0.000e+000 0.000e+000 0.000e+000 0.000e+000 0.000e+000 0.000e+000 0.000e+000 0.000e+000
 4.000e+001 2.930e+000 0.000e+000 0.000e+000 0.000e+000 0.000e+000 0.000e+000 0.000e+000 0.000e+000 0.000e+000 0.000e+000 0.000e+000 0.000e+000 0.000e+000 0.000e+000 0.000e+000 0.000e+000 0.000e+000 0.000e+000
 4.130e+001 2.930e+000 2.400e+001 1.051e+005 5.604e+003-1.449e+003 3.551e+004-2.685e+004 2.609e+006 2.713e+003 3.023e+005 8.274e+003-1.290e+003 9.608e+002 2.535e+003 6.944e+003-5.719e+005 8.644e+002 5.458e+005
 4.250e+001 2.930e+000 0.000e+000 0.000e+000 0.000e+000 0.000e+000 0.000e+000 0.000e+000 0.000e+000 0.000e+000 0.000e+000 0.000e+000 0.000e+000 0.000e+000 0.000e+000 0.000e+000 0.000e+000 0.000e+000 0.000e+000
 4.380e+001 2.930e+000 2.100e+001 1.999e+005-9.894e+003-5.445e+003 9.142e+004-2.709e+004 1.009e+006 2.442e+003 1.623e+004 1.315e+004 7.596e+002 1.293e+003 6.104e+003 3.854e+003-1.579e+005-2.321e+003 9.177e+004
 4.500e+001 2.930e+000 0.000e+000 0.000e+000 0.000e+000 0.000e+000 0.000e+000 0.000e+000 0.000e+000 0.000e+000 0.000e+000 0.000e+000 0.000e+000 0.000e+000 0.000e+000 0.000e+000 0.000e+000 0.000e+000 0.000e+000
 4.630e+001 2.930e+000 2.400e+001 8.339e+005-6.186e+004-2.326e+004 3.594e+005-1.126e+005 1.144e+006 7.113e+003 7.023e+003 6.048e+004-4.931e+003 5.455e+003 2.783e+004 6.762e+004-2.230e+005-5.409e+003 2.171e+005
 4.750e+001 2.930e+000 0.000e+000 0.000e+000 0.000e+000 0.000e+000 0.000e+000 0.000e+000 0.000e+000 0.000e+000 0.000e+000 0.000e+000 0.000e+000 0.000e+000 0.000e+000 0.000e+000 0.000e+000 0.000e+000 0.000e+000
 4.880e+001 2.930e+000 0.000e+000 0.000e+000 0.000e+000 0.000e+000 0.000e+000 0.000e+000 0.000e+000 0.000e+000 0.000e+000 0.000e+000 0.000e+000 0.000e+000 0.000e+000 0.000e+000 0.000e+000 0.000e+000 0.000e+000
 5.000e+001 2.930e+000 2.400e+001 5.227e+008-6.001e+007-1.213e+007 1.560e+008 1.443e+007 8.493e+006 4.086e+006 5.740e+005 3.821e+007 2.473e+006 3.134e+006 1.070e+007-3.308e+007-1.904e+007-6.045e+006 4.877e+007
 5.130e+001 2.930e+000 0.000e+000 0.000e+000 0.000e+000 0.000e+000 0.000e+000 0.000e+000 0.000e+000 0.000e+000 0.000e+000 0.000e+000 0.000e+000 0.000e+000 0.000e+000 0.000e+000 0.000e+000 0.000e+000 0.000e+000
 5.250e+001 2.930e+000 2.400e+001 9.668e+005-1.157e+005-2.229e+004 3.561e+005 7.334e+004 1.996e+006 1.212e+004 7.804e+004 7.234e+004 9.290e+003 6.163e+003 2.863e+004 7.533e+004-1.306e+005-2.742e+003 1.748e+005
 5.380e+001 2.930e+000 0.000e+000 0.000e+000 0.000e+000 0.000e+000 0.000e+000 0.000e+000 0.000e+000 0.000e+000 0.000e+000 0.000e+000 0.000e+000 0.000e+000 0.000e+000 0.000e+000 0.000e+000 0.000e+000 0.000e+000
 5.500e+001 2.930e+000 0.000e+000 0.000e+000 0.000e+000 0.000e+000 0.000e+000 0.000e+000 0.000e+000 0.000e+000 0.000e+000 0.000e+000 0.000e+000 0.000e+000 0.000e+000 0.000e+000 0.000e+000 0.000e+000 0.000e+000
 5.630e+001 2.930e+000 1.800e+001 1.898e+005-6.207e+004-3.957e+003 5.652e+004 5.927e+004 1.549e+006 6.097e+003-1.281e+005 1.306e+004 1.123e+003 1.107e+003 6.015e+003 1.780e+004-2.834e+005 6.356e+002 1.222e+005
 5.750e+001 2.930e+000 0.000e+000 0.000e+000 0.000e+000 0.000e+000 0.000e+000 0.000e+000 0.000e+000 0.000e+000 0.000e+000 0.000e+000 0.000e+000 0.000e+000 0.000e+000 0.000e+000 0.000e+000 0.000e+000 0.000e+000
 5.880e+001 2.930e+000 2.400e+001 1.092e+005 6.505e+003-2.934e+003 2.219e+004 3.511e+004 1.017e+006 1.881e+002 9.833e+003 7.094e+003-2.167e+003 7.381e+002 2.451e+003 4.816e+003-1.700e+005 6.637e+002 5.104e+004
 6.000e+001 2.930e+000 0.000e+000 0.000e+000 0.000e+000 0.000e+000 0.000e+000 0.000e+000 0.000e+000 0.000e+000 0.000e+000 0.000e+000 0.000e+000 0.000e+000 0.000e+000 0.000e+000 0.000e+000 0.000e+000 0.000e+000
 6.130e+001 2.930e+000 1.800e+001 4.395e+004-1.058e+004-1.171e+003 1.240e+004 6.932e+003 7.228e+005 3.217e+003 2.185e+004 3.597e+003 1.695e+003 5.535e+002 1.852e+003 6.476e+003-1.266e+005 4.600e+002 4.147e+004
 6.250e+001 2.930e+000 0.000e+000 0.000e+000 0.000e+000 0.000e+000 0.000e+000 0.000e+000 0.000e+000 0.000e+000 0.000e+000 0.000e+000 0.000e+000 0.000e+000 0.000e+000 0.000e+000 0.000e+000 0.000e+000 0.000e+000
 6.380e+001 2.930e+000 0.000e+000 0.000e+000 0.000e+000 0.000e+000 0.000e+000 0.000e+000 0.000e+000 0.000e+000 0.000e+000 0.000e+000 0.000e+000 0.000e+000 0.000e+000 0.000e+000 0.000e+000 0.000e+000 0.000e+000
 6.500e+001 2.930e+000 2.100e+001 5.006e+004-6.698e+003-3.753e+003 1.422e+004 1.274e+002 1.265e+006-2.824e+003 1.022e+004 5.236e+003-3.109e+003 1.279e+003 1.892e+003 3.307e+002-1.950e+005-2.328e+002 6.683e+004
 6.630e+001 2.930e+000 0.000e+000 0.000e+000 0.000e+000 0.000e+000 0.000e+000 0.000e+000 0.000e+000 0.000e+000 0.000e+000 0.000e+000 0.000e+000 0.000e+000 0.000e+000 0.000e+000 0.000e+000 0.000e+000 0.000e+000
 6.750e+001 2.930e+000 2.400e+001 1.008e+005-5.917e+004-2.292e+003 2.362e+002 5.683e+005 5.411e+006-2.552e+003-2.300e+005 1.179e+003-3.068e+003 6.476e+002-4.969e+002-1.864e+005-1.608e+006 2.452e+003 5.672e+005
 6.880e+001 2.930e+000 0.000e+000 0.000e+000 0.000e+000 0.000e+000 0.000e+000 0.000e+000 0.000e+000 0.000e+000 0.000e+000 0.000e+000 0.000e+000 0.000e+000 0.000e+000 0.000e+000 0.000e+000 0.000e+000 0.000e+000
 7.000e+001 2.930e+000 2.100e+001 2.372e+004 2.924e+004-9.098e+002-1.616e+002 8.095e+003 1.397e+006 1.322e+003-1.292e+005 1.621e+003-1.323e+003 2.842e+002 3.710e+003 2.374e+004-6.321e+005 2.867e+003 5.576e+005
 7.130e+001 2.930e+000 0.000e+000 0.000e+000 0.000e+000 0.000e+000 0.000e+000 0.000e+000 0.000e+000 0.000e+000 0.000e+000 0.000e+000 0.000e+000 0.000e+000 0.000e+000 0.000e+000 0.000e+000 0.000e+000 0.000e+000
 7.250e+001 2.930e+000 0.000e+000 0.000e+000 0.000e+000 0.000e+000 0.000e+000 0.000e+000 0.000e+000 0.000e+000 0.000e+000 0.000e+000 0.000e+000 0.000e+000 0.000e+000 0.000e+000 0.000e+000 0.000e+000 0.000e+000
 7.380e+001 2.930e+000 2.400e+001 1.924e+004 1.449e+004-5.228e+002 1.543e+003 8.169e+003 1.353e+006 1.126e+003 1.348e+004 1.123e+003-5.748e+002 1.923e+002 4.801e+002 2.362e+003-2.397e+005 2.172e+002 6.855e+004
 7.500e+001 2.930e+000 0.000e+000 0.000e+000 0.000e+000 0.000e+000 0.000e+000 0.000e+000 0.000e+000 0.000e+000 0.000e+000 0.000e+000 0.000e+000 0.000e+000 0.000e+000 0.000e+000 0.000e+000 0.000e+000 0.000e+000
 7.630e+001 2.930e+000 2.400e+001 1.563e+004 3.071e+004-4.506e+002 7.036e+002 3.189e+004 1.910e+006 1.652e+002 7.600e+004 4.494e+002 2.328e+003 8.735e+001-6.920e+001-3.639e+003-1.873e+005-5.481e+002 5.331e+004
 7.750e+001 2.930e+000 0.000e+000 0.000e+000 0.000e+000 0.000e+000 0.000e+000 0.000e+000 0.000e+000 0.000e+000 0.000e+000 0.000e+000 0.000e+000 0.000e+000 0.000e+000 0.000e+000 0.000e+000 0.000e+000 0.000e+000
 7.880e+001 2.930e+000 2.100e+001 1.242e+004-1.396e+004-8.380e+001-7.864e+001 6.267e+004 6.598e+006 2.383e+003-1.682e+005 5.091e+002 1.083e+004 1.050e+002 1.740e+002-3.039e+003-4.013e+005-3.098e+002 6.243e+004
 8.000e+001 2.930e+000 0.000e+000 0.000e+000 0.000e+000 0.000e+000 0.000e+000 0.000e+000 0.000e+000 0.000e+000 0.000e+000 0.000e+000 0.000e+000 0.000e+000 0.000e+000 0.000e+000 0.000e+000 0.000e+000 0.000e+000
 8.130e+001 2.930e+000 0.000e+000 0.000e+000 0.000e+000 0.000e+000 0.000e+000 0.000e+000 0.000e+000 0.000e+000 0.000e+000 0.000e+000 0.000e+000 0.000e+000 0.000e+000 0.000e+000 0.000e+000 0.000e+000 0.000e+000
 8.250e+001 2.930e+000 2.400e+001 1.179e+004 6.234e+004-2.732e+002-6.433e+003 1.124e+004 2.567e+006 1.787e+003 7.692e+003 1.608e+002-1.232e+003 5.784e+001 5.140e+002 6.420e+002-3.642e+005 4.003e+002 7.291e+004
 8.380e+001 2.930e+000 0.000e+000 0.000e+000 0.000e+000 0.000e+000 0.000e+000 0.000e+000 0.000e+000 0.000e+000 0.000e+000 0.000e+000 0.000e+000 0.000e+000 0.000e+000 0.000e+000 0.000e+000 0.000e+000 0.000e+000
 8.500e+001 2.930e+000 2.400e+001 1.316e+004 1.577e+004-1.877e+002-8.671e+002 1.202e+004 2.980e+006 6.045e+003 3.197e+004 7.696e+002 6.402e+002 1.705e+002 1.193e+003-1.486e+003-4.169e+005-7.614e+000 7.814e+004
 8.630e+001 2.930e+000 0.000e+000 0.000e+000 0.000e+000 0.000e+000 0.000e+000 0.000e+000 0.000e+000 0.000e+000 0.000e+000 0.000e+000 0.000e+000 0.000e+000 0.000e+000 0.000e+000 0.000e+000 0.000e+000 0.000e+000
 8.750e+001 2.930e+000 2.100e+001 9.146e+003 1.820e+004-1.839e+002-4.318e+003 6.761e+003 3.105e+006 6.833e+002 6.555e+003 1.834e+002 1.522e+003 3.880e+001 1.391e+002-1.906e+003-4.451e+005-3.195e+001 9.739e+004
 8.880e+001 2.930e+000 0.000e+000 0.000e+000 0.000e+000 0.000e+000 0.000e+000 0.000e+000 0.000e+000 0.000e+000 0.000e+000 0.000e+000 0.000e+000 0.000e+000 0.000e+000 0.000e+000 0.000e+000 0.000e+000 0.000e+000
 9.000e+001 2.930e+000 0.000e+000 0.000e+000 0.000e+000 0.000e+000 0.000e+000 0.000e+000 0.000e+000 0.000e+000 0.000e+000 0.000e+000 0.000e+000 0.000e+000 0.000e+000 0.000e+000 0.000e+000 0.000e+000 0.000e+000
 9.130e+001 2.930e+000 2.400e+001 8.440e+003 2.029e+004-1.556e+002-1.301e+004 1.804e+004 8.020e+006 3.962e+003-9.512e+005 1.852e+002 7.685e+003 5.355e+001 1.612e+002-1.500e+004-1.081e+005 4.337e+002 7.035e+005
 9.250e+001 2.930e+000 0.000e+000 0.000e+000 0.000e+000 0.000e+000 0.000e+000 0.000e+000 0.000e+000 0.000e+000 0.000e+000 0.000e+000 0.000e+000 0.000e+000 0.000e+000 0.000e+000 0.000e+000 0.000e+000 0.000e+000
 9.380e+001 2.930e+000 2.100e+001 7.270e+003 4.376e+004-8.050e+001-7.270e+003 4.343e+004 7.639e+006 6.222e+003 1.173e+005 1.883e+002 6.790e+003 3.981e+001 1.063e+003-3.505e+003-1.063e+006-5.225e+002 2.151e+005
 9.500e+001 2.930e+000 0.000e+000 0.000e+000 0.000e+000 0.000e+000 0.000e+000 0.000e+000 0.000e+000 0.000e+000 0.000e+000 0.000e+000 0.000e+000 0.000e+000 0.000e+000 0.000e+000 0.000e+000 0.000e+000 0.000e+000
 9.630e+001 2.930e+000 2.400e+001 7.915e+003 6.108e+004-1.065e+002-1.121e+004 3.781e+004 1.493e+007 8.048e+003 2.154e+005 2.594e+001 1.562e+003 2.066e+001 1.336e+003-6.082e+003-2.380e+006-1.447e+002 4.089e+005
 9.750e+001 2.930e+000 0.000e+000 0.000e+000 0.000e+000 0.000e+000 0.000e+000 0.000e+000 0.000e+000 0.000e+000 0.000e+000 0.000e+000 0.000e+000 0.000e+000 0.000e+000 0.000e+000 0.000e+000 0.000e+000 0.000e+000
 9.880e+001 2.930e+000 0.000e+000 0.000e+000 0.000e+000 0.000e+000 0.000e+000 0.000e+000 0.000e+000 0.000e+000 0.000e+000 0.000e+000 0.000e+000 0.000e+000 0.000e+000 0.000e+000 0.000e+000 0.000e+000 0.000e+000
 1.000e+002 2.930e+000 4.800e+001 4.902e+004 1.182e+005-1.272e+003-3.040e+004 9.099e+003 8.400e+008 7.352e+005 1.177e+007 8.802e+002-9.904e+005 2.018e+003 1.104e+005 5.267e+002-1.420e+008 1.783e+005 2.420e+007
 1.130e+002 2.930e+000 4.500e+001 1.440e+004-2.146e+005-2.995e+002 4.107e+004 1.755e+004 4.611e+007 2.834e+004 1.399e+006 3.080e+002 9.248e+003 7.398e+001 5.142e+003 1.571e+004-7.558e+006-1.432e+003 1.843e+006
 1.250e+002 2.930e+000 3.300e+001 1.149e+004-6.015e+004-8.269e+001 5.299e+003 2.630e+004 3.644e+006 1.128e+003-1.411e+004 1.353e+002-3.234e+002 2.121e+001 6.304e+000 1.049e+003-4.757e+005 7.969e+001 1.252e+005
 1.380e+002 2.930e+000 5.100e+001 1.967e+004-6.772e+004-1.597e+002 1.753e+003 3.563e+004 2.212e+006 9.414e+002 4.415e+004 1.112e+002 4.109e+002 3.030e+001 1.112e+002 2.482e+003-2.148e+005-4.090e+001 6.119e+004
 1.500e+002 2.930e+000 3.000e+001 4.233e+004-2.017e+003-6.444e+001 2.234e+003-9.205e+003 1.172e+006-4.222e+002 5.840e+003-1.522e+001 4.012e+002 1.073e+001-6.172e+001-1.415e+002-7.835e+004-2.207e+001 1.118e+004
 1.630e+002 2.930e+000 4.500e+001 4.046e+004 4.656e+004-2.924e+002-2.202e+004 1.744e+004 7.806e+006 6.602e+002-4.194e+004 1.752e+002-1.337e+003 2.643e+001-8.118e+001 1.212e+004-2.494e+005 1.192e+000 7.822e+004
 1.750e+002 2.930e+000 5.700e+001 7.166e+004 1.747e+005-8.404e+002-1.067e+004 3.127e+005 1.940e+008 9.012e+003 3.471e+005 9.740e+001-1.726e+004 4.999e+001 3.918e+002-2.413e+003-7.248e+006 8.497e+002 3.137e+005
 1.880e+002 2.930e+000 3.300e+001 7.756e+004-7.521e+004-1.183e+003-1.677e+003 7.662e+004 2.812e+006-9.843e+002-1.500e+005-1.412e+001 4.974e+002 6.321e+001 2.343e+002 1.076e+004-1.624e+004 2.337e+002 9.644e+004
 2.000e+002 2.930e+000 3.300e+001 4.288e+006 3.191e+005-2.286e+004-9.755e+004-6.129e+004 6.221e+006 6.210e+003-1.242e+006-1.590e+004 2.913e+003 2.683e+002-2.356e+003-2.189e+005 1.227e+006 9.499e+002 1.110e+006
 2.130e+002 2.930e+000 4.200e+001 7.494e+004-1.938e+005-1.063e+003-8.458e+004-1.547e+005 4.106e+007 8.406e+003 2.055e+007 8.020e+002 2.193e+003 2.153e+002 1.506e+003 6.877e+004-6.445e+005 4.264e+003 1.122e+007
 2.250e+002 2.930e+000 1.200e+001 3.932e+004-9.394e+003-1.757e+003 1.631e+004-7.036e+004 4.220e+006 3.969e+003-6.973e+005 6.129e+002 1.682e+003 9.724e+001 2.455e+002 6.459e+003-3.012e+005-7.765e+002 1.578e+005
 2.380e+002 2.930e+000 5.700e+001 8.251e+005 2.545e+005-5.034e+004-7.607e+004 4.810e+004 1.082e+007-1.474e+004-1.904e+005 1.119e+004-1.859e+004 3.422e+003 3.335e+003 7.804e+004-9.086e+005 7.130e+003 1.317e+005
 2.500e+002 2.930e+000 6.900e+001 6.885e+007 9.329e+006-4.340e+006-7.990e+006-4.900e+006 3.954e+006 1.565e+005-4.095e+005 1.096e+006-6.659e+005 2.921e+005 3.416e+005 7.424e+006-1.590e+006 6.248e+005 1.807e+006
 2.630e+002 2.930e+000 4.200e+001 9.378e+005-8.505e+005-5.112e+004-1.746e+005 7.544e+005 2.347e+007-1.484e+004 3.047e+005 1.475e+004 6.923e+004 3.193e+003 6.728e+003 1.959e+005 1.587e+006 1.467e+004 2.052e+005
 2.750e+002 2.930e+000 3.600e+001 1.537e+005 1.093e+005-8.029e+003-4.232e+004-1.315e+004 5.663e+005-1.685e+003 4.250e+004 1.971e+003-7.590e+003 5.638e+002 9.436e+002 3.632e+004-7.107e+004 3.517e+003 7.439e+004
 2.880e+002 2.930e+000 3.600e+001 5.488e+004 3.705e+004-2.628e+003-2.262e+004-5.680e+004 1.626e+006-1.034e+003 1.070e+005 3.816e+002-8.626e+003 2.992e+002-9.902e+002 2.369e+004-2.033e+005 4.168e+003 2.136e+005
 3.000e+002 2.930e+000 5.100e+001 1.087e+005-4.108e+005-4.660e+003 6.164e+005 2.586e+005 9.069e+006 6.415e+003 5.259e+005 2.640e+003 7.418e+002 6.035e+002 3.921e+002-3.981e+005-7.165e+006-2.933e+004 9.436e+006
 3.130e+002 2.930e+000 4.500e+001 3.568e+004-2.964e+005 1.257e+003 2.411e+005 7.908e+005 5.568e+008 9.345e+004 1.479e+008-3.787e+003-3.163e+006 1.849e+004-8.313e+005-7.984e+004-8.756e+007 5.230e+005 5.364e+007
 3.250e+002 2.930e+000 5.100e+001 3.076e+004-3.588e+004-1.133e+003-9.539e+003 2.188e+003 8.172e+006 1.214e+003 2.048e+006-9.123e+002-3.085e+004 7.475e+002-5.993e+003 8.184e+003-1.397e+006 2.954e+003 8.570e+005
 3.380e+002 2.930e+000 4.500e+001 1.407e+005 4.063e+004-3.046e+003-6.830e+004-1.407e+005 1.513e+006 5.030e+003 2.290e+005-2.252e+004 2.385e+004 4.439e+003 1.291e+004 9.029e+004-2.137e+005-1.678e+004 1.955e+005
 3.500e+002 2.930e+000 8.700e+001 6.438e+006 9.567e+004-1.010e+005-2.119e+006-4.981e+006 6.170e+006 8.732e+004 1.890e+006-1.108e+006 8.647e+005 1.941e+005 4.463e+005 5.097e+006-4.193e+006-8.532e+005 4.963e+006
 3.630e+002 2.930e+000 3.900e+001 2.640e+005 1.895e+006 4.659e+002-7.829e+005-1.475e+006 3.514e+007-1.721e+004 2.059e+006-1.293e+004 2.433e+004 2.089e+003-3.997e+003 4.822e+005-1.289e+007-1.679e+004 4.944e+006
 3.750e+002 2.930e+000 4.500e+001 8.858e+004 2.914e+005-1.185e+003-9.573e+004-1.560e+005 3.746e+006 1.339e+004-5.050e+004-4.400e+003 2.784e+003 3.607e+002 5.865e+003 9.042e+004-9.503e+005-3.177e+003 4.241e+005
 3.880e+002 2.930e+000 4.500e+001 9.152e+004-5.467e+004-1.048e+003-1.054e+004-1.133e+005 1.397e+006 3.059e+002 2.357e+004-2.826e+003 5.212e+003 2.007e+002 1.186e+003 3.998e+004-1.359e+005-1.429e+003 1.058e+005
 4.000e+002 2.930e+000 3.600e+001 8.638e+005-1.131e+004-8.521e+003-2.039e+004-1.074e+005 5.850e+005 1.103e+003 5.249e+004-3.082e+002 4.895e+002 1.790e+002 1.408e+003 1.414e+005-1.238e+005-9.292e+002 1.635e+005
 4.130e+002 2.930e+000 3.900e+001 1.697e+004-1.832e+005-4.205e+002 6.641e+004-1.689e+005 1.932e+007-7.282e+003 9.998e+006 2.414e+002 1.294e+004 1.012e+002-7.681e+002 2.230e+005-1.619e+007-1.591e+004 1.906e+007
 4.250e+002 2.930e+000 4.500e+001 1.949e+004 2.816e+004 1.772e+002-2.031e+004 8.252e+003 1.218e+006 2.086e+003 4.495e+005-1.379e+002-3.311e+003 6.564e+001 5.455e+001-1.484e+004-7.504e+005 3.048e+003 7.958e+005
 4.380e+002 2.930e+000 3.900e+001 1.295e+005-5.822e+003 4.975e+003 3.211e+004 1.137e+005 4.295e+005 4.535e+003 8.329e+004-9.463e+002-1.597e+003 3.008e+002 1.662e+003-5.200e+004-1.508e+005 2.392e+003 1.199e+005
 4.500e+002 2.930e+000 5.700e+001 7.118e+006 1.121e+006 3.433e+005 1.194e+006 2.206e+006 7.933e+006 1.190e+005 7.131e+005 6.428e+003 5.514e+004 1.679e+004 5.364e+004-1.070e+006-2.000e+005 5.746e+004 4.760e+005
 4.630e+002 2.930e+000 4.800e+001 3.383e+005-1.502e+006 4.033e+003 7.761e+005-1.674e+006 2.585e+007-2.164e+003-2.949e+006-3.791e+002 5.211e+003 2.271e+002-1.795e+003 4.793e+005-9.681e+006-7.256e+002 4.026e+006
 4.750e+002 2.930e+000 5.100e+001 1.023e+005-3.744e+004-2.258e+001 2.237e+004 4.373e+004 1.323e+006 2.790e+003-6.888e+004 4.677e+002 2.837e+003 8.341e+001 1.294e+003-1.746e+004-4.339e+005-9.391e+002 2.148e+005
 4.880e+002 2.930e+000 3.900e+001 3.813e+004-2.258e+004 4.236e+002 2.014e+003 1.415e+004 2.972e+005 3.032e+002-2.191e+003 1.781e+002 4.442e+002 4.082e+001 3.568e+002-8.594e+003-4.007e+004-9.278e+001 2.663e+004
 5.000e+002 2.930e+000 3.300e+001 2.450e+005 1.909e+004-2.041e+003-2.343e+004 1.192e+004 3.974e+005-3.014e+002 1.212e+004-3.408e+003 1.772e+002 1.575e+002 7.853e+002-1.414e+004 5.269e+003 7.999e+002 2.410e+004
 5.130e+002 2.930e+000 4.500e+001 1.358e+004-3.395e+004-2.382e+002-5.206e+003 1.253e+004 2.688e+006-3.836e+003 3.728e+005-1.871e+002-1.028e+002 1.826e+002 4.490e+002 1.404e+004 3.267e+005 1.226e+002 1.602e+005
 5.250e+002 2.930e+000 3.300e+001 5.445e+003-4.186e+005 1.627e+003-4.762e+004-3.292e+005 4.806e+008-3.044e+006 2.795e+007-2.700e+003 5.464e+005 2.025e+004 2.443e+005 3.558e+003 3.335e+007-1.378e+005 3.961e+006
 5.380e+002 2.930e+000 4.200e+001 2.477e+004-1.162e+004 2.224e+003 2.761e+004-1.575e+004 3.637e+005 2.953e+003-3.499e+004 6.334e+003-1.009e+004 3.343e+003 9.901e+003 1.472e+004-6.205e+004 1.183e+004 1.050e+005
 5.500e+002 2.930e+000 9.300e+001 1.029e+006-2.357e+006 2.196e+005 2.424e+006-1.473e+006 8.482e+006 8.514e+005-2.976e+005 5.023e+005-1.241e+006 2.985e+005 9.136e+005 1.344e+006-7.670e+006 1.202e+006 7.672e+006
 5.630e+002 2.930e+000 6.000e+001 2.098e+005-4.228e+004 6.035e+003 4.412e+004-3.988e+004 4.220e+005 6.698e+003-1.166e+004 8.517e+003-1.753e+004 3.959e+003 1.246e+004-1.313e+004-1.091e+005 1.564e+004 1.606e+005
 5.750e+002 2.930e+000 5.100e+001 4.380e+004 1.737e+005 1.788e+002-1.522e+004-1.086e+005 1.611e+006 1.772e+003-6.064e+003-1.824e+002-2.375e+003 4.076e+002 1.100e+003 1.064e+004-1.620e+005 1.717e+003 3.771e+004
 5.880e+002 2.930e+000 3.900e+001 5.722e+003 1.337e+003-3.043e+001 1.525e+003-4.056e+003 1.960e+006-5.107e+003-1.305e+005 2.001e+002 3.906e+002 1.453e+002 9.287e+002 1.933e+003 2.097e+005 1.293e+003 4.753e+004
 6.000e+002 2.930e+000 4.500e+001 7.215e+003-1.792e+004-1.230e+002 1.130e+004-8.926e+003 5.745e+005 8.665e+002-3.995e+004-8.389e+001-1.091e+003 1.732e+002 1.219e+002-3.653e+003-9.895e+004 1.131e+003 7.829e+004
 6.130e+002 2.930e+000 3.000e+001 1.160e+004 6.867e+003-8.574e+001-3.190e+003-4.158e+003 2.301e+005 2.573e+002 3.952e+004-8.728e+001-4.426e+002 8.138e+001 5.854e+002-3.312e+003-2.363e+004-3.028e+001 3.677e+004
 6.250e+002 2.930e+000 3.600e+001 1.625e+003-9.874e+003-1.787e+001-2.984e+003-4.178e+003 1.693e+006-4.463e+002 9.009e+005 1.070e+001 6.687e+002 2.301e+001 6.572e+002 5.598e+003 2.473e+005-6.827e+001 5.598e+005
 6.380e+002 2.930e+000 4.500e+001 3.871e+003-6.030e+003-1.812e+000 3.815e+002-4.948e+003 1.357e+006 3.151e+002 3.208e+005 1.195e+002-1.105e+003 3.005e+001-8.142e+001 1.107e+003 3.223e+005-6.651e+001 1.867e+005
 6.500e+002 2.930e+000 4.500e+001 1.659e+005-8.848e+004-6.423e+003 2.260e+005 1.223e+005 4.028e+005 6.766e+003 1.321e+005 2.028e+004 1.848e+004 2.874e+003 2.378e+004-1.117e+005-2.129e+005-2.299e+004 4.049e+005
 6.630e+002 2.930e+000 2.700e+001 1.654e+004-5.508e+004-4.812e+001 1.400e+004-1.393e+004 6.884e+005-1.124e+003 2.685e+004-8.035e+001 2.481e+002 1.414e+001 2.531e+001 1.177e+004-6.267e+004-9.493e+000 2.848e+004
 6.750e+002 2.930e+000 5.100e+001 3.754e+004-1.088e+005 2.085e+002 2.392e+004-1.755e+005 1.340e+006-6.423e+002-9.999e+004 2.000e+002-1.154e+003 3.189e+001 1.503e+002 3.603e+003-9.602e+004 1.553e+002 2.408e+004
 6.880e+002 2.930e+000 3.600e+001 3.052e+003-3.491e+003-8.951e+000 4.939e+002-3.394e+003 1.134e+005 1.215e+002-3.724e+003 2.673e+001-9.606e+001 1.059e+001 1.782e+001-6.811e+002-7.682e+003 2.451e+001 5.506e+003
 7.000e+002 2.930e+000 3.900e+001 8.366e+004 1.203e+004-8.892e+002-1.815e+004-1.229e+004 1.624e+005 1.883e+002 2.117e+004-4.022e+002-5.320e+002 3.708e+001 4.348e+001 8.622e+003 4.797e+003 2.395e+002 2.318e+004
 7.130e+002 2.930e+000 2.700e+001 2.301e+003-2.118e+004 5.344e+000-3.934e+002-1.955e+003 1.029e+006-3.430e+002 5.475e+005-8.930e+000 1.340e+002 7.087e+000 7.321e+001 1.127e+004-1.036e+005-2.254e+002 3.254e+005
 7.250e+002 2.930e+000 2.400e+001 8.935e+002-1.112e+005 3.995e+002 1.501e+004 9.728e+004 4.947e+007-6.100e+005 5.712e+005-2.761e+003-7.068e+005 1.769e+004-8.288e+004-1.100e+004-6.066e+006 7.980e+004 7.554e+005
 7.380e+002 2.930e+000 3.300e+001 8.550e+002-6.162e+002 2.855e+001 1.922e+003-7.792e+003 4.345e+005-2.201e+003-4.424e+004 1.608e+001-2.797e+003 7.773e+001-4.913e+002 3.446e+002-3.871e+004 3.141e+002 3.290e+004
 7.500e+002 2.930e+000 3.300e+001 1.765e+005 4.398e+004 5.306e+002-3.169e+003 1.520e+005 2.563e+005 3.368e+002-1.222e+004 1.202e+003 1.172e+003 4.059e+001-1.654e+000-4.239e+003-1.217e+004-4.014e+001 4.961e+003
 7.630e+002 2.930e+000 3.900e+001 7.774e+004 1.073e+005-1.422e+001-1.601e+004 1.674e+005 6.169e+005 7.734e+000 2.794e+004 8.916e+000-1.835e+002 1.764e+000 1.663e+001-4.576e+004-1.289e+005 1.529e+001 3.458e+004
 7.750e+002 2.930e+000 3.300e+001 6.366e+004 1.163e+004 4.086e+001-2.283e+003 1.247e+004 1.112e+005-9.759e+001-3.140e+003-4.982e+001 7.468e+001 3.521e+000 1.608e+001-7.713e+001-4.496e+003 7.193e+000 1.838e+003
 7.880e+002 2.930e+000 2.700e+001 2.594e+003-1.648e+004-1.956e+001-7.871e+002 2.347e+004 9.969e+005-6.992e+002-6.448e+004-8.897e+000 1.597e+001 3.519e+000-2.994e+001-2.378e+003-4.920e+004 3.273e+001 8.633e+003
 8.000e+002 2.930e+000 3.900e+001 2.761e+004-8.722e+003 5.266e+000 1.243e+002-2.009e+004 1.862e+006-9.611e+002 1.488e+004 4.798e+001-2.082e+002 1.759e+001-5.932e+000-3.633e+001 6.507e+003 3.900e+001 1.849e+003
 8.130e+002 2.930e+000 3.300e+001 4.146e+003-7.975e+003 2.549e+002 3.180e+003 4.860e+003 2.198e+005-4.584e+002-1.702e+004 1.488e+002-4.430e+002 1.420e+002 6.608e+002-2.663e+003-1.605e+004 4.929e+002 1.564e+004
 8.250e+002 2.930e+000 4.500e+001 1.776e+003 1.476e+004-1.848e+000 1.799e+003-1.837e+004 1.857e+006 4.644e+002-3.037e+005 3.709e+001-1.311e+002 8.742e+000 8.415e+001 2.383e+003-7.962e+004-1.566e+002 7.480e+004
 8.380e+002 2.930e+000 2.400e+001 8.773e+002-1.764e+003-1.755e+000-1.096e+002-3.328e+003 1.590e+005 6.596e+001 4.534e+004 1.577e+001-1.248e+002 1.736e+000 8.201e+000 3.029e+002-1.233e+004 1.466e+001 4.602e+004
 8.500e+002 2.930e+000 3.300e+001 2.528e+004-1.283e+005-3.448e+003 4.727e+004-5.611e+004 8.370e+005 4.380e+004-5.595e+004 6.948e+003 2.270e+003 2.485e+003 1.481e+004 1.051e+004-2.714e+005-3.534e+003 9.919e+004
 8.630e+002 2.930e+000 4.500e+001 4.252e+004-5.100e+003 8.766e+000 7.998e+003 2.895e+004 1.115e+005 1.635e+002 1.184e+004 8.749e+000 1.780e+002 4.335e+001-1.291e+002-2.406e+003-2.355e+003-6.145e+001 1.041e+004
 8.750e+002 2.930e+000 2.100e+001 1.632e+003 2.645e+002-3.504e+000-2.122e+003 1.101e+003 4.844e+004-3.229e-001-5.292e+003 1.757e+000 7.352e+000 1.735e+000 7.998e+000-9.140e+001-7.718e+002 1.438e+001 6.087e+003
 8.880e+002 2.930e+000 4.200e+001 2.130e+003 2.895e+004-4.717e+001-2.254e+003 1.389e+004 1.545e+006-4.204e+002-6.930e+004 1.792e+000-1.939e+003 2.247e+001 6.687e+001 2.715e+002-9.679e+004 1.876e+002 1.237e+004
 9.000e+002 2.930e+000 3.900e+001 9.492e+003 1.106e+004-5.209e+002-5.061e+002-4.486e+003 1.136e+005-3.536e+002-5.160e+003 3.386e+002-1.036e+003 8.111e+001 3.841e+002 2.749e+003 2.675e+003 4.983e+000 9.954e+003
 9.130e+002 2.930e+000 3.300e+001 1.184e+004 9.795e+003-1.382e+002 1.054e+004-2.717e+004 2.951e+005-1.015e+003-6.744e+004 2.047e+003-9.075e+003 8.444e+002 4.762e+003 4.935e+003-2.914e+004 9.406e+002 3.685e+004
 9.250e+002 2.930e+000 3.300e+001 8.374e+002 2.369e+003-2.791e+001-4.511e+002-2.803e+003 1.555e+005-2.842e+000 3.088e+004 3.319e+001-7.242e+002 4.149e+001-1.494e+002 1.063e+003-2.515e+004 1.786e+002 1.843e+004
 9.380e+002 2.930e+000 1.020e+002 3.784e+003 7.726e+001 4.397e+002 1.004e+004 2.906e+004 2.462e+006 1.861e+004 5.443e+005-2.533e+003-1.705e+005 1.457e+004-3.668e+004-1.312e+004-9.191e+005 8.060e+004 5.477e+005
 9.500e+002 2.930e+000 3.900e+001 9.377e+004 2.095e+005 3.304e+002 5.107e+004-1.775e+005 9.683e+005-2.753e+004-1.485e+005 1.167e+004-2.293e+004 1.581e+003 6.148e+003 3.126e+004 2.572e+004 4.542e+003 5.552e+004
 9.630e+002 2.930e+000 2.700e+001 3.183e+003-4.068e+003 4.574e-003 3.610e+002-2.128e+002 1.047e+005-3.031e+002 1.208e+004-1.576e+001-1.347e+002 8.671e+000 2.106e+000 1.163e+003-1.554e+004 4.218e+001 8.181e+003
 9.750e+002 2.930e+000 3.000e+001 8.803e+003 1.090e+004 3.855e+001 2.492e+003 3.868e+003 4.142e+004-5.051e+001-1.336e+004 5.788e+001 3.246e+001 5.209e+000-8.737e+000 1.024e+004 6.293e+003 1.054e+002 1.522e+004
 9.880e+002 2.930e+000 3.300e+001 3.283e+003-4.692e+003 2.280e+001-1.422e+003-1.317e+003 1.533e+005-6.430e+000 7.557e+003 5.092e+001-4.307e+002 1.564e+001-1.312e+002-2.214e-001-1.714e+003 1.358e+001 6.089e+003
 1.000e+003 2.930e+000 4.200e+001 3.501e+004-2.922e+004-1.866e+000 4.930e+003-8.290e+003 5.524e+005-3.145e+002 1.715e+004 3.672e+002 1.972e+002 1.739e+001-9.961e+001-5.671e+003-4.944e+004-1.026e+002 1.299e+004
 1.130e+003 2.930e+000 3.630e+002 2.639e+005-5.494e+005 2.545e+004 3.984e+005-5.118e+005 9.309e+006-1.197e+005-2.834e+005 3.121e+004 6.317e+004 1.637e+004 4.866e+004 5.415e+004-1.675e+006 2.079e+004 8.399e+005
 1.250e+003 2.930e+000 2.820e+002 2.680e+005-1.547e+005-2.863e+004 1.751e+005 5.464e+005 2.470e+006-6.844e+004 4.650e+005 3.627e+004 1.336e+005 1.217e+004 1.696e+004-6.393e+004-3.599e+005-4.219e+004 2.351e+005
 1.380e+003 2.930e+000 4.260e+002 3.655e+005-4.877e+005 4.800e+004 7.619e+005-1.066e+006 4.694e+006-2.822e+004-1.962e+006 9.724e+004-3.304e+005 4.320e+004 1.434e+005 4.051e+005-2.405e+006 2.328e+005 2.296e+006
 1.500e+003 2.930e+000 0.000e+000 0.000e+000 0.000e+000 0.000e+000 0.000e+000 0.000e+000 0.000e+000 0.000e+000 0.000e+000 0.000e+000 0.000e+000 0.000e+000 0.000e+000 0.000e+000 0.000e+000 0.000e+000 0.000e+000
 1.630e+003 2.930e+000 0.000e+000 0.000e+000 0.000e+000 0.000e+000 0.000e+000 0.000e+000 0.000e+000 0.000e+000 0.000e+000 0.000e+000 0.000e+000 0.000e+000 0.000e+000 0.000e+000 0.000e+000 0.000e+000 0.000e+000
 1.750e+003 2.930e+000 0.000e+000 0.000e+000 0.000e+000 0.000e+000 0.000e+000 0.000e+000 0.000e+000 0.000e+000 0.000e+000 0.000e+000 0.000e+000 0.000e+000 0.000e+000 0.000e+000 0.000e+000 0.000e+000 0.000e+000
 1.880e+003 2.930e+000 0.000e+000 0.000e+000 0.000e+000 0.000e+000 0.000e+000 0.000e+000 0.000e+000 0.000e+000 0.000e+000 0.000e+000 0.000e+000 0.000e+000 0.000e+000 0.000e+000 0.000e+000 0.000e+000 0.000e+000
 2.000e+003 2.930e+000 0.000e+000 0.000e+000 0.000e+000 0.000e+000 0.000e+000 0.000e+000 0.000e+000 0.000e+000 0.000e+000 0.000e+000 0.000e+000 0.000e+000 0.000e+000 0.000e+000 0.000e+000 0.000e+000 0.000e+000
 2.130e+003 2.930e+000 0.000e+000 0.000e+000 0.000e+000 0.000e+000 0.000e+000 0.000e+000 0.000e+000 0.000e+000 0.000e+000 0.000e+000 0.000e+000 0.000e+000 0.000e+000 0.000e+000 0.000e+000 0.000e+000 0.000e+000
 2.250e+003 2.930e+000 0.000e+000 0.000e+000 0.000e+000 0.000e+000 0.000e+000 0.000e+000 0.000e+000 0.000e+000 0.000e+000 0.000e+000 0.000e+000 0.000e+000 0.000e+000 0.000e+000 0.000e+000 0.000e+000 0.000e+000
 2.380e+003 2.930e+000 0.000e+000 0.000e+000 0.000e+000 0.000e+000 0.000e+000 0.000e+000 0.000e+000 0.000e+000 0.000e+000 0.000e+000 0.000e+000 0.000e+000 0.000e+000 0.000e+000 0.000e+000 0.000e+000 0.000e+000
 2.500e+003 2.930e+000 0.000e+000 0.000e+000 0.000e+000 0.000e+000 0.000e+000 0.000e+000 0.000e+000 0.000e+000 0.000e+000 0.000e+000 0.000e+000 0.000e+000 0.000e+000 0.000e+000 0.000e+000 0.000e+000 0.000e+000
 2.630e+003 2.930e+000 0.000e+000 0.000e+000 0.000e+000 0.000e+000 0.000e+000 0.000e+000 0.000e+000 0.000e+000 0.000e+000 0.000e+000 0.000e+000 0.000e+000 0.000e+000 0.000e+000 0.000e+000 0.000e+000 0.000e+000
 2.750e+003 2.930e+000 0.000e+000 0.000e+000 0.000e+000 0.000e+000 0.000e+000 0.000e+000 0.000e+000 0.000e+000 0.000e+000 0.000e+000 0.000e+000 0.000e+000 0.000e+000 0.000e+000 0.000e+000 0.000e+000 0.000e+000
 2.880e+003 2.930e+000 0.000e+000 0.000e+000 0.000e+000 0.000e+000 0.000e+000 0.000e+000 0.000e+000 0.000e+000 0.000e+000 0.000e+000 0.000e+000 0.000e+000 0.000e+000 0.000e+000 0.000e+000 0.000e+000 0.000e+000
 3.000e+003 2.930e+000 0.000e+000 0.000e+000 0.000e+000 0.000e+000 0.000e+000 0.000e+000 0.000e+000 0.000e+000 0.000e+000 0.000e+000 0.000e+000 0.000e+000 0.000e+000 0.000e+000 0.000e+000 0.000e+000 0.000e+000
 3.130e+003 2.930e+000 0.000e+000 0.000e+000 0.000e+000 0.000e+000 0.000e+000 0.000e+000 0.000e+000 0.000e+000 0.000e+000 0.000e+000 0.000e+000 0.000e+000 0.000e+000 0.000e+000 0.000e+000 0.000e+000 0.000e+000
 3.250e+003 2.930e+000 0.000e+000 0.000e+000 0.000e+000 0.000e+000 0.000e+000 0.000e+000 0.000e+000 0.000e+000 0.000e+000 0.000e+000 0.000e+000 0.000e+000 0.000e+000 0.000e+000 0.000e+000 0.000e+000 0.000e+000
 3.380e+003 2.930e+000 0.000e+000 0.000e+000 0.000e+000 0.000e+000 0.000e+000 0.000e+000 0.000e+000 0.000e+000 0.000e+000 0.000e+000 0.000e+000 0.000e+000 0.000e+000 0.000e+000 0.000e+000 0.000e+000 0.000e+000
 3.500e+003 2.930e+000 0.000e+000 0.000e+000 0.000e+000 0.000e+000 0.000e+000 0.000e+000 0.000e+000 0.000e+000 0.000e+000 0.000e+000 0.000e+000 0.000e+000 0.000e+000 0.000e+000 0.000e+000 0.000e+000 0.000e+000
 3.630e+003 2.930e+000 0.000e+000 0.000e+000 0.000e+000 0.000e+000 0.000e+000 0.000e+000 0.000e+000 0.000e+000 0.000e+000 0.000e+000 0.000e+000 0.000e+000 0.000e+000 0.000e+000 0.000e+000 0.000e+000 0.000e+000
 3.750e+003 2.930e+000 0.000e+000 0.000e+000 0.000e+000 0.000e+000 0.000e+000 0.000e+000 0.000e+000 0.000e+000 0.000e+000 0.000e+000 0.000e+000 0.000e+000 0.000e+000 0.000e+000 0.000e+000 0.000e+000 0.000e+000
 3.880e+003 2.930e+000 0.000e+000 0.000e+000 0.000e+000 0.000e+000 0.000e+000 0.000e+000 0.000e+000 0.000e+000 0.000e+000 0.000e+000 0.000e+000 0.000e+000 0.000e+000 0.000e+000 0.000e+000 0.000e+000 0.000e+000
 4.000e+003 2.930e+000 0.000e+000 0.000e+000 0.000e+000 0.000e+000 0.000e+000 0.000e+000 0.000e+000 0.000e+000 0.000e+000 0.000e+000 0.000e+000 0.000e+000 0.000e+000 0.000e+000 0.000e+000 0.000e+000 0.000e+000
 4.130e+003 2.930e+000 0.000e+000 0.000e+000 0.000e+000 0.000e+000 0.000e+000 0.000e+000 0.000e+000 0.000e+000 0.000e+000 0.000e+000 0.000e+000 0.000e+000 0.000e+000 0.000e+000 0.000e+000 0.000e+000 0.000e+000
 4.250e+003 2.930e+000 0.000e+000 0.000e+000 0.000e+000 0.000e+000 0.000e+000 0.000e+000 0.000e+000 0.000e+000 0.000e+000 0.000e+000 0.000e+000 0.000e+000 0.000e+000 0.000e+000 0.000e+000 0.000e+000 0.000e+000
 4.380e+003 2.930e+000 0.000e+000 0.000e+000 0.000e+000 0.000e+000 0.000e+000 0.000e+000 0.000e+000 0.000e+000 0.000e+000 0.000e+000 0.000e+000 0.000e+000 0.000e+000 0.000e+000 0.000e+000 0.000e+000 0.000e+000
 4.500e+003 2.930e+000 0.000e+000 0.000e+000 0.000e+000 0.000e+000 0.000e+000 0.000e+000 0.000e+000 0.000e+000 0.000e+000 0.000e+000 0.000e+000 0.000e+000 0.000e+000 0.000e+000 0.000e+000 0.000e+000 0.000e+000
 4.630e+003 2.930e+000 0.000e+000 0.000e+000 0.000e+000 0.000e+000 0.000e+000 0.000e+000 0.000e+000 0.000e+000 0.000e+000 0.000e+000 0.000e+000 0.000e+000 0.000e+000 0.000e+000 0.000e+000 0.000e+000 0.000e+000
 4.750e+003 2.930e+000 0.000e+000 0.000e+000 0.000e+000 0.000e+000 0.000e+000 0.000e+000 0.000e+000 0.000e+000 0.000e+000 0.000e+000 0.000e+000 0.000e+000 0.000e+000 0.000e+000 0.000e+000 0.000e+000 0.000e+000
 4.880e+003 2.930e+000 0.000e+000 0.000e+000 0.000e+000 0.000e+000 0.000e+000 0.000e+000 0.000e+000 0.000e+000 0.000e+000 0.000e+000 0.000e+000 0.000e+000 0.000e+000 0.000e+000 0.000e+000 0.000e+000 0.000e+000
 5.000e+003 2.930e+000 0.000e+000 0.000e+000 0.000e+000 0.000e+000 0.000e+000 0.000e+000 0.000e+000 0.000e+000 0.000e+000 0.000e+000 0.000e+000 0.000e+000 0.000e+000 0.000e+000 0.000e+000 0.000e+000 0.000e+000
 5.130e+003 2.930e+000 0.000e+000 0.000e+000 0.000e+000 0.000e+000 0.000e+000 0.000e+000 0.000e+000 0.000e+000 0.000e+000 0.000e+000 0.000e+000 0.000e+000 0.000e+000 0.000e+000 0.000e+000 0.000e+000 0.000e+000
 5.250e+003 2.930e+000 0.000e+000 0.000e+000 0.000e+000 0.000e+000 0.000e+000 0.000e+000 0.000e+000 0.000e+000 0.000e+000 0.000e+000 0.000e+000 0.000e+000 0.000e+000 0.000e+000 0.000e+000 0.000e+000 0.000e+000
 5.380e+003 2.930e+000 0.000e+000 0.000e+000 0.000e+000 0.000e+000 0.000e+000 0.000e+000 0.000e+000 0.000e+000 0.000e+000 0.000e+000 0.000e+000 0.000e+000 0.000e+000 0.000e+000 0.000e+000 0.000e+000 0.000e+000
 5.500e+003 2.930e+000 0.000e+000 0.000e+000 0.000e+000 0.000e+000 0.000e+000 0.000e+000 0.000e+000 0.000e+000 0.000e+000 0.000e+000 0.000e+000 0.000e+000 0.000e+000 0.000e+000 0.000e+000 0.000e+000 0.000e+000
 5.630e+003 2.930e+000 0.000e+000 0.000e+000 0.000e+000 0.000e+000 0.000e+000 0.000e+000 0.000e+000 0.000e+000 0.000e+000 0.000e+000 0.000e+000 0.000e+000 0.000e+000 0.000e+000 0.000e+000 0.000e+000 0.000e+000
 5.750e+003 2.930e+000 0.000e+000 0.000e+000 0.000e+000 0.000e+000 0.000e+000 0.000e+000 0.000e+000 0.000e+000 0.000e+000 0.000e+000 0.000e+000 0.000e+000 0.000e+000 0.000e+000 0.000e+000 0.000e+000 0.000e+000
 5.880e+003 2.930e+000 0.000e+000 0.000e+000 0.000e+000 0.000e+000 0.000e+000 0.000e+000 0.000e+000 0.000e+000 0.000e+000 0.000e+000 0.000e+000 0.000e+000 0.000e+000 0.000e+000 0.000e+000 0.000e+000 0.000e+000
 6.000e+003 2.930e+000 0.000e+000 0.000e+000 0.000e+000 0.000e+000 0.000e+000 0.000e+000 0.000e+000 0.000e+000 0.000e+000 0.000e+000 0.000e+000 0.000e+000 0.000e+000 0.000e+000 0.000e+000 0.000e+000 0.000e+000
 6.130e+003 2.930e+000 0.000e+000 0.000e+000 0.000e+000 0.000e+000 0.000e+000 0.000e+000 0.000e+000 0.000e+000 0.000e+000 0.000e+000 0.000e+000 0.000e+000 0.000e+000 0.000e+000 0.000e+000 0.000e+000 0.000e+000
 6.250e+003 2.930e+000 0.000e+000 0.000e+000 0.000e+000 0.000e+000 0.000e+000 0.000e+000 0.000e+000 0.000e+000 0.000e+000 0.000e+000 0.000e+000 0.000e+000 0.000e+000 0.000e+000 0.000e+000 0.000e+000 0.000e+000
 6.380e+003 2.930e+000 0.000e+000 0.000e+000 0.000e+000 0.000e+000 0.000e+000 0.000e+000 0.000e+000 0.000e+000 0.000e+000 0.000e+000 0.000e+000 0.000e+000 0.000e+000 0.000e+000 0.000e+000 0.000e+000 0.000e+000
 6.500e+003 2.930e+000 0.000e+000 0.000e+000 0.000e+000 0.000e+000 0.000e+000 0.000e+000 0.000e+000 0.000e+000 0.000e+000 0.000e+000 0.000e+000 0.000e+000 0.000e+000 0.000e+000 0.000e+000 0.000e+000 0.000e+000
 6.630e+003 2.930e+000 0.000e+000 0.000e+000 0.000e+000 0.000e+000 0.000e+000 0.000e+000 0.000e+000 0.000e+000 0.000e+000 0.000e+000 0.000e+000 0.000e+000 0.000e+000 0.000e+000 0.000e+000 0.000e+000 0.000e+000
 6.750e+003 2.930e+000 0.000e+000 0.000e+000 0.000e+000 0.000e+000 0.000e+000 0.000e+000 0.000e+000 0.000e+000 0.000e+000 0.000e+000 0.000e+000 0.000e+000 0.000e+000 0.000e+000 0.000e+000 0.000e+000 0.000e+000
 6.880e+003 2.930e+000 0.000e+000 0.000e+000 0.000e+000 0.000e+000 0.000e+000 0.000e+000 0.000e+000 0.000e+000 0.000e+000 0.000e+000 0.000e+000 0.000e+000 0.000e+000 0.000e+000 0.000e+000 0.000e+000 0.000e+000
 7.000e+003 2.930e+000 0.000e+000 0.000e+000 0.000e+000 0.000e+000 0.000e+000 0.000e+000 0.000e+000 0.000e+000 0.000e+000 0.000e+000 0.000e+000 0.000e+000 0.000e+000 0.000e+000 0.000e+000 0.000e+000 0.000e+000
 7.130e+003 2.930e+000 0.000e+000 0.000e+000 0.000e+000 0.000e+000 0.000e+000 0.000e+000 0.000e+000 0.000e+000 0.000e+000 0.000e+000 0.000e+000 0.000e+000 0.000e+000 0.000e+000 0.000e+000 0.000e+000 0.000e+000
 7.250e+003 2.930e+000 0.000e+000 0.000e+000 0.000e+000 0.000e+000 0.000e+000 0.000e+000 0.000e+000 0.000e+000 0.000e+000 0.000e+000 0.000e+000 0.000e+000 0.000e+000 0.000e+000 0.000e+000 0.000e+000 0.000e+000
 7.380e+003 2.930e+000 0.000e+000 0.000e+000 0.000e+000 0.000e+000 0.000e+000 0.000e+000 0.000e+000 0.000e+000 0.000e+000 0.000e+000 0.000e+000 0.000e+000 0.000e+000 0.000e+000 0.000e+000 0.000e+000 0.000e+000
 7.500e+003 2.930e+000 0.000e+000 0.000e+000 0.000e+000 0.000e+000 0.000e+000 0.000e+000 0.000e+000 0.000e+000 0.000e+000 0.000e+000 0.000e+000 0.000e+000 0.000e+000 0.000e+000 0.000e+000 0.000e+000 0.000e+000
 7.630e+003 2.930e+000 0.000e+000 0.000e+000 0.000e+000 0.000e+000 0.000e+000 0.000e+000 0.000e+000 0.000e+000 0.000e+000 0.000e+000 0.000e+000 0.000e+000 0.000e+000 0.000e+000 0.000e+000 0.000e+000 0.000e+000
 7.750e+003 2.930e+000 0.000e+000 0.000e+000 0.000e+000 0.000e+000 0.000e+000 0.000e+000 0.000e+000 0.000e+000 0.000e+000 0.000e+000 0.000e+000 0.000e+000 0.000e+000 0.000e+000 0.000e+000 0.000e+000 0.000e+000
 7.880e+003 2.930e+000 0.000e+000 0.000e+000 0.000e+000 0.000e+000 0.000e+000 0.000e+000 0.000e+000 0.000e+000 0.000e+000 0.000e+000 0.000e+000 0.000e+000 0.000e+000 0.000e+000 0.000e+000 0.000e+000 0.000e+000
 8.000e+003 2.930e+000 0.000e+000 0.000e+000 0.000e+000 0.000e+000 0.000e+000 0.000e+000 0.000e+000 0.000e+000 0.000e+000 0.000e+000 0.000e+000 0.000e+000 0.000e+000 0.000e+000 0.000e+000 0.000e+000 0.000e+000
 8.130e+003 2.930e+000 0.000e+000 0.000e+000 0.000e+000 0.000e+000 0.000e+000 0.000e+000 0.000e+000 0.000e+000 0.000e+000 0.000e+000 0.000e+000 0.000e+000 0.000e+000 0.000e+000 0.000e+000 0.000e+000 0.000e+000
 8.250e+003 2.930e+000 0.000e+000 0.000e+000 0.000e+000 0.000e+000 0.000e+000 0.000e+000 0.000e+000 0.000e+000 0.000e+000 0.000e+000 0.000e+000 0.000e+000 0.000e+000 0.000e+000 0.000e+000 0.000e+000 0.000e+000
 8.380e+003 2.930e+000 0.000e+000 0.000e+000 0.000e+000 0.000e+000 0.000e+000 0.000e+000 0.000e+000 0.000e+000 0.000e+000 0.000e+000 0.000e+000 0.000e+000 0.000e+000 0.000e+000 0.000e+000 0.000e+000 0.000e+000
 8.500e+003 2.930e+000 0.000e+000 0.000e+000 0.000e+000 0.000e+000 0.000e+000 0.000e+000 0.000e+000 0.000e+000 0.000e+000 0.000e+000 0.000e+000 0.000e+000 0.000e+000 0.000e+000 0.000e+000 0.000e+000 0.000e+000
 8.630e+003 2.930e+000 0.000e+000 0.000e+000 0.000e+000 0.000e+000 0.000e+000 0.000e+000 0.000e+000 0.000e+000 0.000e+000 0.000e+000 0.000e+000 0.000e+000 0.000e+000 0.000e+000 0.000e+000 0.000e+000 0.000e+000
 8.750e+003 2.930e+000 0.000e+000 0.000e+000 0.000e+000 0.000e+000 0.000e+000 0.000e+000 0.000e+000 0.000e+000 0.000e+000 0.000e+000 0.000e+000 0.000e+000 0.000e+000 0.000e+000 0.000e+000 0.000e+000 0.000e+000
 8.880e+003 2.930e+000 0.000e+000 0.000e+000 0.000e+000 0.000e+000 0.000e+000 0.000e+000 0.000e+000 0.000e+000 0.000e+000 0.000e+000 0.000e+000 0.000e+000 0.000e+000 0.000e+000 0.000e+000 0.000e+000 0.000e+000
 9.000e+003 2.930e+000 0.000e+000 0.000e+000 0.000e+000 0.000e+000 0.000e+000 0.000e+000 0.000e+000 0.000e+000 0.000e+000 0.000e+000 0.000e+000 0.000e+000 0.000e+000 0.000e+000 0.000e+000 0.000e+000 0.000e+000
 9.130e+003 2.930e+000 0.000e+000 0.000e+000 0.000e+000 0.000e+000 0.000e+000 0.000e+000 0.000e+000 0.000e+000 0.000e+000 0.000e+000 0.000e+000 0.000e+000 0.000e+000 0.000e+000 0.000e+000 0.000e+000 0.000e+000
 9.250e+003 2.930e+000 0.000e+000 0.000e+000 0.000e+000 0.000e+000 0.000e+000 0.000e+000 0.000e+000 0.000e+000 0.000e+000 0.000e+000 0.000e+000 0.000e+000 0.000e+000 0.000e+000 0.000e+000 0.000e+000 0.000e+000
 9.380e+003 2.930e+000 0.000e+000 0.000e+000 0.000e+000 0.000e+000 0.000e+000 0.000e+000 0.000e+000 0.000e+000 0.000e+000 0.000e+000 0.000e+000 0.000e+000 0.000e+000 0.000e+000 0.000e+000 0.000e+000 0.000e+000
 9.500e+003 2.930e+000 0.000e+000 0.000e+000 0.000e+000 0.000e+000 0.000e+000 0.000e+000 0.000e+000 0.000e+000 0.000e+000 0.000e+000 0.000e+000 0.000e+000 0.000e+000 0.000e+000 0.000e+000 0.000e+000 0.000e+000
 9.630e+003 2.930e+000 0.000e+000 0.000e+000 0.000e+000 0.000e+000 0.000e+000 0.000e+000 0.000e+000 0.000e+000 0.000e+000 0.000e+000 0.000e+000 0.000e+000 0.000e+000 0.000e+000 0.000e+000 0.000e+000 0.000e+000
 9.750e+003 2.930e+000 0.000e+000 0.000e+000 0.000e+000 0.000e+000 0.000e+000 0.000e+000 0.000e+000 0.000e+000 0.000e+000 0.000e+000 0.000e+000 0.000e+000 0.000e+000 0.000e+000 0.000e+000 0.000e+000 0.000e+000
 9.880e+003 2.930e+000 0.000e+000 0.000e+000 0.000e+000 0.000e+000 0.000e+000 0.000e+000 0.000e+000 0.000e+000 0.000e+000 0.000e+000 0.000e+000 0.000e+000 0.000e+000 0.000e+000 0.000e+000 0.000e+000 0.000e+000
 1.000e+004 2.930e+000 0.000e+000 0.000e+000 0.000e+000 0.000e+000 0.000e+000 0.000e+000 0.000e+000 0.000e+000 0.000e+000 0.000e+000 0.000e+000 0.000e+000 0.000e+000 0.000e+000 0.000e+000 0.000e+000 0.000e+000
 1.130e+004 2.930e+000 0.000e+000 0.000e+000 0.000e+000 0.000e+000 0.000e+000 0.000e+000 0.000e+000 0.000e+000 0.000e+000 0.000e+000 0.000e+000 0.000e+000 0.000e+000 0.000e+000 0.000e+000 0.000e+000 0.000e+000
 1.250e+004 2.930e+000 0.000e+000 0.000e+000 0.000e+000 0.000e+000 0.000e+000 0.000e+000 0.000e+000 0.000e+000 0.000e+000 0.000e+000 0.000e+000 0.000e+000 0.000e+000 0.000e+000 0.000e+000 0.000e+000 0.000e+000
 1.380e+004 2.930e+000 0.000e+000 0.000e+000 0.000e+000 0.000e+000 0.000e+000 0.000e+000 0.000e+000 0.000e+000 0.000e+000 0.000e+000 0.000e+000 0.000e+000 0.000e+000 0.000e+000 0.000e+000 0.000e+000 0.000e+000
 1.500e+004 2.930e+000 0.000e+000 0.000e+000 0.000e+000 0.000e+000 0.000e+000 0.000e+000 0.000e+000 0.000e+000 0.000e+000 0.000e+000 0.000e+000 0.000e+000 0.000e+000 0.000e+000 0.000e+000 0.000e+000 0.000e+000
 1.630e+004 2.930e+000 0.000e+000 0.000e+000 0.000e+000 0.000e+000 0.000e+000 0.000e+000 0.000e+000 0.000e+000 0.000e+000 0.000e+000 0.000e+000 0.000e+000 0.000e+000 0.000e+000 0.000e+000 0.000e+000 0.000e+000
 1.750e+004 2.930e+000 0.000e+000 0.000e+000 0.000e+000 0.000e+000 0.000e+000 0.000e+000 0.000e+000 0.000e+000 0.000e+000 0.000e+000 0.000e+000 0.000e+000 0.000e+000 0.000e+000 0.000e+000 0.000e+000 0.000e+000
 1.880e+004 2.930e+000 0.000e+000 0.000e+000 0.000e+000 0.000e+000 0.000e+000 0.000e+000 0.000e+000 0.000e+000 0.000e+000 0.000e+000 0.000e+000 0.000e+000 0.000e+000 0.000e+000 0.000e+000 0.000e+000 0.000e+000
 2.000e+004 2.930e+000 0.000e+000 0.000e+000 0.000e+000 0.000e+000 0.000e+000 0.000e+000 0.000e+000 0.000e+000 0.000e+000 0.000e+000 0.000e+000 0.000e+000 0.000e+000 0.000e+000 0.000e+000 0.000e+000 0.000e+000
 2.130e+004 2.930e+000 0.000e+000 0.000e+000 0.000e+000 0.000e+000 0.000e+000 0.000e+000 0.000e+000 0.000e+000 0.000e+000 0.000e+000 0.000e+000 0.000e+000 0.000e+000 0.000e+000 0.000e+000 0.000e+000 0.000e+000
 2.250e+004 2.930e+000 0.000e+000 0.000e+000 0.000e+000 0.000e+000 0.000e+000 0.000e+000 0.000e+000 0.000e+000 0.000e+000 0.000e+000 0.000e+000 0.000e+000 0.000e+000 0.000e+000 0.000e+000 0.000e+000 0.000e+000
 2.380e+004 2.930e+000 0.000e+000 0.000e+000 0.000e+000 0.000e+000 0.000e+000 0.000e+000 0.000e+000 0.000e+000 0.000e+000 0.000e+000 0.000e+000 0.000e+000 0.000e+000 0.000e+000 0.000e+000 0.000e+000 0.000e+000
 2.500e+004 2.930e+000 0.000e+000 0.000e+000 0.000e+000 0.000e+000 0.000e+000 0.000e+000 0.000e+000 0.000e+000 0.000e+000 0.000e+000 0.000e+000 0.000e+000 0.000e+000 0.000e+000 0.000e+000 0.000e+000 0.000e+000
 2.630e+004 2.930e+000 0.000e+000 0.000e+000 0.000e+000 0.000e+000 0.000e+000 0.000e+000 0.000e+000 0.000e+000 0.000e+000 0.000e+000 0.000e+000 0.000e+000 0.000e+000 0.000e+000 0.000e+000 0.000e+000 0.000e+000
 2.750e+004 2.930e+000 0.000e+000 0.000e+000 0.000e+000 0.000e+000 0.000e+000 0.000e+000 0.000e+000 0.000e+000 0.000e+000 0.000e+000 0.000e+000 0.000e+000 0.000e+000 0.000e+000 0.000e+000 0.000e+000 0.000e+000
 2.880e+004 2.930e+000 0.000e+000 0.000e+000 0.000e+000 0.000e+000 0.000e+000 0.000e+000 0.000e+000 0.000e+000 0.000e+000 0.000e+000 0.000e+000 0.000e+000 0.000e+000 0.000e+000 0.000e+000 0.000e+000 0.000e+000
 3.000e+004 2.930e+000 0.000e+000 0.000e+000 0.000e+000 0.000e+000 0.000e+000 0.000e+000 0.000e+000 0.000e+000 0.000e+000 0.000e+000 0.000e+000 0.000e+000 0.000e+000 0.000e+000 0.000e+000 0.000e+000 0.000e+000
 3.130e+004 2.930e+000 0.000e+000 0.000e+000 0.000e+000 0.000e+000 0.000e+000 0.000e+000 0.000e+000 0.000e+000 0.000e+000 0.000e+000 0.000e+000 0.000e+000 0.000e+000 0.000e+000 0.000e+000 0.000e+000 0.000e+000
 3.250e+004 2.930e+000 0.000e+000 0.000e+000 0.000e+000 0.000e+000 0.000e+000 0.000e+000 0.000e+000 0.000e+000 0.000e+000 0.000e+000 0.000e+000 0.000e+000 0.000e+000 0.000e+000 0.000e+000 0.000e+000 0.000e+000
 3.380e+004 2.930e+000 0.000e+000 0.000e+000 0.000e+000 0.000e+000 0.000e+000 0.000e+000 0.000e+000 0.000e+000 0.000e+000 0.000e+000 0.000e+000 0.000e+000 0.000e+000 0.000e+000 0.000e+000 0.000e+000 0.000e+000
 3.500e+004 2.930e+000 0.000e+000 0.000e+000 0.000e+000 0.000e+000 0.000e+000 0.000e+000 0.000e+000 0.000e+000 0.000e+000 0.000e+000 0.000e+000 0.000e+000 0.000e+000 0.000e+000 0.000e+000 0.000e+000 0.000e+000
 3.630e+004 2.930e+000 0.000e+000 0.000e+000 0.000e+000 0.000e+000 0.000e+000 0.000e+000 0.000e+000 0.000e+000 0.000e+000 0.000e+000 0.000e+000 0.000e+000 0.000e+000 0.000e+000 0.000e+000 0.000e+000 0.000e+000
 3.750e+004 2.930e+000 0.000e+000 0.000e+000 0.000e+000 0.000e+000 0.000e+000 0.000e+000 0.000e+000 0.000e+000 0.000e+000 0.000e+000 0.000e+000 0.000e+000 0.000e+000 0.000e+000 0.000e+000 0.000e+000 0.000e+000
 3.880e+004 2.930e+000 0.000e+000 0.000e+000 0.000e+000 0.000e+000 0.000e+000 0.000e+000 0.000e+000 0.000e+000 0.000e+000 0.000e+000 0.000e+000 0.000e+000 0.000e+000 0.000e+000 0.000e+000 0.000e+000 0.000e+000
 4.000e+004 2.930e+000 0.000e+000 0.000e+000 0.000e+000 0.000e+000 0.000e+000 0.000e+000 0.000e+000 0.000e+000 0.000e+000 0.000e+000 0.000e+000 0.000e+000 0.000e+000 0.000e+000 0.000e+000 0.000e+000 0.000e+000
 4.130e+004 2.930e+000 0.000e+000 0.000e+000 0.000e+000 0.000e+000 0.000e+000 0.000e+000 0.000e+000 0.000e+000 0.000e+000 0.000e+000 0.000e+000 0.000e+000 0.000e+000 0.000e+000 0.000e+000 0.000e+000 0.000e+000
 4.250e+004 2.930e+000 0.000e+000 0.000e+000 0.000e+000 0.000e+000 0.000e+000 0.000e+000 0.000e+000 0.000e+000 0.000e+000 0.000e+000 0.000e+000 0.000e+000 0.000e+000 0.000e+000 0.000e+000 0.000e+000 0.000e+000
 4.380e+004 2.930e+000 0.000e+000 0.000e+000 0.000e+000 0.000e+000 0.000e+000 0.000e+000 0.000e+000 0.000e+000 0.000e+000 0.000e+000 0.000e+000 0.000e+000 0.000e+000 0.000e+000 0.000e+000 0.000e+000 0.000e+000
 4.500e+004 2.930e+000 0.000e+000 0.000e+000 0.000e+000 0.000e+000 0.000e+000 0.000e+000 0.000e+000 0.000e+000 0.000e+000 0.000e+000 0.000e+000 0.000e+000 0.000e+000 0.000e+000 0.000e+000 0.000e+000 0.000e+000
 4.630e+004 2.930e+000 0.000e+000 0.000e+000 0.000e+000 0.000e+000 0.000e+000 0.000e+000 0.000e+000 0.000e+000 0.000e+000 0.000e+000 0.000e+000 0.000e+000 0.000e+000 0.000e+000 0.000e+000 0.000e+000 0.000e+000
 4.750e+004 2.930e+000 0.000e+000 0.000e+000 0.000e+000 0.000e+000 0.000e+000 0.000e+000 0.000e+000 0.000e+000 0.000e+000 0.000e+000 0.000e+000 0.000e+000 0.000e+000 0.000e+000 0.000e+000 0.000e+000 0.000e+000
 4.880e+004 2.930e+000 0.000e+000 0.000e+000 0.000e+000 0.000e+000 0.000e+000 0.000e+000 0.000e+000 0.000e+000 0.000e+000 0.000e+000 0.000e+000 0.000e+000 0.000e+000 0.000e+000 0.000e+000 0.000e+000 0.000e+000
 5.000e+004 2.930e+000 0.000e+000 0.000e+000 0.000e+000 0.000e+000 0.000e+000 0.000e+000 0.000e+000 0.000e+000 0.000e+000 0.000e+000 0.000e+000 0.000e+000 0.000e+000 0.000e+000 0.000e+000 0.000e+000 0.000e+000
 5.130e+004 2.930e+000 0.000e+000 0.000e+000 0.000e+000 0.000e+000 0.000e+000 0.000e+000 0.000e+000 0.000e+000 0.000e+000 0.000e+000 0.000e+000 0.000e+000 0.000e+000 0.000e+000 0.000e+000 0.000e+000 0.000e+000
 5.250e+004 2.930e+000 0.000e+000 0.000e+000 0.000e+000 0.000e+000 0.000e+000 0.000e+000 0.000e+000 0.000e+000 0.000e+000 0.000e+000 0.000e+000 0.000e+000 0.000e+000 0.000e+000 0.000e+000 0.000e+000 0.000e+000
 5.380e+004 2.930e+000 0.000e+000 0.000e+000 0.000e+000 0.000e+000 0.000e+000 0.000e+000 0.000e+000 0.000e+000 0.000e+000 0.000e+000 0.000e+000 0.000e+000 0.000e+000 0.000e+000 0.000e+000 0.000e+000 0.000e+000
 5.500e+004 2.930e+000 0.000e+000 0.000e+000 0.000e+000 0.000e+000 0.000e+000 0.000e+000 0.000e+000 0.000e+000 0.000e+000 0.000e+000 0.000e+000 0.000e+000 0.000e+000 0.000e+000 0.000e+000 0.000e+000 0.000e+000
 5.630e+004 2.930e+000 0.000e+000 0.000e+000 0.000e+000 0.000e+000 0.000e+000 0.000e+000 0.000e+000 0.000e+000 0.000e+000 0.000e+000 0.000e+000 0.000e+000 0.000e+000 0.000e+000 0.000e+000 0.000e+000 0.000e+000
 5.750e+004 2.930e+000 0.000e+000 0.000e+000 0.000e+000 0.000e+000 0.000e+000 0.000e+000 0.000e+000 0.000e+000 0.000e+000 0.000e+000 0.000e+000 0.000e+000 0.000e+000 0.000e+000 0.000e+000 0.000e+000 0.000e+000
 5.880e+004 2.930e+000 0.000e+000 0.000e+000 0.000e+000 0.000e+000 0.000e+000 0.000e+000 0.000e+000 0.000e+000 0.000e+000 0.000e+000 0.000e+000 0.000e+000 0.000e+000 0.000e+000 0.000e+000 0.000e+000 0.000e+000
 6.000e+004 2.930e+000 0.000e+000 0.000e+000 0.000e+000 0.000e+000 0.000e+000 0.000e+000 0.000e+000 0.000e+000 0.000e+000 0.000e+000 0.000e+000 0.000e+000 0.000e+000 0.000e+000 0.000e+000 0.000e+000 0.000e+000
 6.130e+004 2.930e+000 0.000e+000 0.000e+000 0.000e+000 0.000e+000 0.000e+000 0.000e+000 0.000e+000 0.000e+000 0.000e+000 0.000e+000 0.000e+000 0.000e+000 0.000e+000 0.000e+000 0.000e+000 0.000e+000 0.000e+000
 6.250e+004 2.930e+000 0.000e+000 0.000e+000 0.000e+000 0.000e+000 0.000e+000 0.000e+000 0.000e+000 0.000e+000 0.000e+000 0.000e+000 0.000e+000 0.000e+000 0.000e+000 0.000e+000 0.000e+000 0.000e+000 0.000e+000
 6.380e+004 2.930e+000 0.000e+000 0.000e+000 0.000e+000 0.000e+000 0.000e+000 0.000e+000 0.000e+000 0.000e+000 0.000e+000 0.000e+000 0.000e+000 0.000e+000 0.000e+000 0.000e+000 0.000e+000 0.000e+000 0.000e+000
 6.500e+004 2.930e+000 0.000e+000 0.000e+000 0.000e+000 0.000e+000 0.000e+000 0.000e+000 0.000e+000 0.000e+000 0.000e+000 0.000e+000 0.000e+000 0.000e+000 0.000e+000 0.000e+000 0.000e+000 0.000e+000 0.000e+000
 6.630e+004 2.930e+000 0.000e+000 0.000e+000 0.000e+000 0.000e+000 0.000e+000 0.000e+000 0.000e+000 0.000e+000 0.000e+000 0.000e+000 0.000e+000 0.000e+000 0.000e+000 0.000e+000 0.000e+000 0.000e+000 0.000e+000
 6.750e+004 2.930e+000 0.000e+000 0.000e+000 0.000e+000 0.000e+000 0.000e+000 0.000e+000 0.000e+000 0.000e+000 0.000e+000 0.000e+000 0.000e+000 0.000e+000 0.000e+000 0.000e+000 0.000e+000 0.000e+000 0.000e+000
 6.880e+004 2.930e+000 0.000e+000 0.000e+000 0.000e+000 0.000e+000 0.000e+000 0.000e+000 0.000e+000 0.000e+000 0.000e+000 0.000e+000 0.000e+000 0.000e+000 0.000e+000 0.000e+000 0.000e+000 0.000e+000 0.000e+000
 7.000e+004 2.930e+000 0.000e+000 0.000e+000 0.000e+000 0.000e+000 0.000e+000 0.000e+000 0.000e+000 0.000e+000 0.000e+000 0.000e+000 0.000e+000 0.000e+000 0.000e+000 0.000e+000 0.000e+000 0.000e+000 0.000e+000
 7.130e+004 2.930e+000 0.000e+000 0.000e+000 0.000e+000 0.000e+000 0.000e+000 0.000e+000 0.000e+000 0.000e+000 0.000e+000 0.000e+000 0.000e+000 0.000e+000 0.000e+000 0.000e+000 0.000e+000 0.000e+000 0.000e+000
 7.250e+004 2.930e+000 0.000e+000 0.000e+000 0.000e+000 0.000e+000 0.000e+000 0.000e+000 0.000e+000 0.000e+000 0.000e+000 0.000e+000 0.000e+000 0.000e+000 0.000e+000 0.000e+000 0.000e+000 0.000e+000 0.000e+000
 7.380e+004 2.930e+000 0.000e+000 0.000e+000 0.000e+000 0.000e+000 0.000e+000 0.000e+000 0.000e+000 0.000e+000 0.000e+000 0.000e+000 0.000e+000 0.000e+000 0.000e+000 0.000e+000 0.000e+000 0.000e+000 0.000e+000
 7.500e+004 2.930e+000 0.000e+000 0.000e+000 0.000e+000 0.000e+000 0.000e+000 0.000e+000 0.000e+000 0.000e+000 0.000e+000 0.000e+000 0.000e+000 0.000e+000 0.000e+000 0.000e+000 0.000e+000 0.000e+000 0.000e+000
 7.630e+004 2.930e+000 0.000e+000 0.000e+000 0.000e+000 0.000e+000 0.000e+000 0.000e+000 0.000e+000 0.000e+000 0.000e+000 0.000e+000 0.000e+000 0.000e+000 0.000e+000 0.000e+000 0.000e+000 0.000e+000 0.000e+000
 7.750e+004 2.930e+000 0.000e+000 0.000e+000 0.000e+000 0.000e+000 0.000e+000 0.000e+000 0.000e+000 0.000e+000 0.000e+000 0.000e+000 0.000e+000 0.000e+000 0.000e+000 0.000e+000 0.000e+000 0.000e+000 0.000e+000
 7.880e+004 2.930e+000 0.000e+000 0.000e+000 0.000e+000 0.000e+000 0.000e+000 0.000e+000 0.000e+000 0.000e+000 0.000e+000 0.000e+000 0.000e+000 0.000e+000 0.000e+000 0.000e+000 0.000e+000 0.000e+000 0.000e+000
 8.000e+004 2.930e+000 0.000e+000 0.000e+000 0.000e+000 0.000e+000 0.000e+000 0.000e+000 0.000e+000 0.000e+000 0.000e+000 0.000e+000 0.000e+000 0.000e+000 0.000e+000 0.000e+000 0.000e+000 0.000e+000 0.000e+000
 8.130e+004 2.930e+000 0.000e+000 0.000e+000 0.000e+000 0.000e+000 0.000e+000 0.000e+000 0.000e+000 0.000e+000 0.000e+000 0.000e+000 0.000e+000 0.000e+000 0.000e+000 0.000e+000 0.000e+000 0.000e+000 0.000e+000
 8.250e+004 2.930e+000 0.000e+000 0.000e+000 0.000e+000 0.000e+000 0.000e+000 0.000e+000 0.000e+000 0.000e+000 0.000e+000 0.000e+000 0.000e+000 0.000e+000 0.000e+000 0.000e+000 0.000e+000 0.000e+000 0.000e+000
 8.380e+004 2.930e+000 0.000e+000 0.000e+000 0.000e+000 0.000e+000 0.000e+000 0.000e+000 0.000e+000 0.000e+000 0.000e+000 0.000e+000 0.000e+000 0.000e+000 0.000e+000 0.000e+000 0.000e+000 0.000e+000 0.000e+000
 8.500e+004 2.930e+000 0.000e+000 0.000e+000 0.000e+000 0.000e+000 0.000e+000 0.000e+000 0.000e+000 0.000e+000 0.000e+000 0.000e+000 0.000e+000 0.000e+000 0.000e+000 0.000e+000 0.000e+000 0.000e+000 0.000e+000
 8.630e+004 2.930e+000 0.000e+000 0.000e+000 0.000e+000 0.000e+000 0.000e+000 0.000e+000 0.000e+000 0.000e+000 0.000e+000 0.000e+000 0.000e+000 0.000e+000 0.000e+000 0.000e+000 0.000e+000 0.000e+000 0.000e+000
 8.750e+004 2.930e+000 0.000e+000 0.000e+000 0.000e+000 0.000e+000 0.000e+000 0.000e+000 0.000e+000 0.000e+000 0.000e+000 0.000e+000 0.000e+000 0.000e+000 0.000e+000 0.000e+000 0.000e+000 0.000e+000 0.000e+000
 8.880e+004 2.930e+000 0.000e+000 0.000e+000 0.000e+000 0.000e+000 0.000e+000 0.000e+000 0.000e+000 0.000e+000 0.000e+000 0.000e+000 0.000e+000 0.000e+000 0.000e+000 0.000e+000 0.000e+000 0.000e+000 0.000e+000
 9.000e+004 2.930e+000 0.000e+000 0.000e+000 0.000e+000 0.000e+000 0.000e+000 0.000e+000 0.000e+000 0.000e+000 0.000e+000 0.000e+000 0.000e+000 0.000e+000 0.000e+000 0.000e+000 0.000e+000 0.000e+000 0.000e+000
 9.130e+004 2.930e+000 0.000e+000 0.000e+000 0.000e+000 0.000e+000 0.000e+000 0.000e+000 0.000e+000 0.000e+000 0.000e+000 0.000e+000 0.000e+000 0.000e+000 0.000e+000 0.000e+000 0.000e+000 0.000e+000 0.000e+000
 9.250e+004 2.930e+000 0.000e+000 0.000e+000 0.000e+000 0.000e+000 0.000e+000 0.000e+000 0.000e+000 0.000e+000 0.000e+000 0.000e+000 0.000e+000 0.000e+000 0.000e+000 0.000e+000 0.000e+000 0.000e+000 0.000e+000
 9.380e+004 2.930e+000 0.000e+000 0.000e+000 0.000e+000 0.000e+000 0.000e+000 0.000e+000 0.000e+000 0.000e+000 0.000e+000 0.000e+000 0.000e+000 0.000e+000 0.000e+000 0.000e+000 0.000e+000 0.000e+000 0.000e+000
 9.500e+004 2.930e+000 0.000e+000 0.000e+000 0.000e+000 0.000e+000 0.000e+000 0.000e+000 0.000e+000 0.000e+000 0.000e+000 0.000e+000 0.000e+000 0.000e+000 0.000e+000 0.000e+000 0.000e+000 0.000e+000 0.000e+000
 9.630e+004 2.930e+000 0.000e+000 0.000e+000 0.000e+000 0.000e+000 0.000e+000 0.000e+000 0.000e+000 0.000e+000 0.000e+000 0.000e+000 0.000e+000 0.000e+000 0.000e+000 0.000e+000 0.000e+000 0.000e+000 0.000e+000
 9.750e+004 2.930e+000 0.000e+000 0.000e+000 0.000e+000 0.000e+000 0.000e+000 0.000e+000 0.000e+000 0.000e+000 0.000e+000 0.000e+000 0.000e+000 0.000e+000 0.000e+000 0.000e+000 0.000e+000 0.000e+000 0.000e+000
 9.880e+004 2.930e+000 0.000e+000 0.000e+000 0.000e+000 0.000e+000 0.000e+000 0.000e+000 0.000e+000 0.000e+000 0.000e+000 0.000e+000 0.000e+000 0.000e+000 0.000e+000 0.000e+000 0.000e+000 0.000e+000 0.000e+000
 1.000e+005 2.930e+000 0.000e+000 0.000e+000 0.000e+000 0.000e+000 0.000e+000 0.000e+000 0.000e+000 0.000e+000 0.000e+000 0.000e+000 0.000e+000 0.000e+000 0.000e+000 0.000e+000 0.000e+000 0.000e+000 0.000e+000
