 6.250e+000 2.930e+000 0.000e+000 0.000e+000 0.000e+000 0.000e+000 0.000e+000 0.000e+000 0.000e+000 0.000e+000 0.000e+000 0.000e+000 0.000e+000 0.000e+000 0.000e+000 0.000e+000 0.000e+000 0.000e+000 0.000e+000
 7.500e+000 2.930e+000 0.000e+000 0.000e+000 0.000e+000 0.000e+000 0.000e+000 0.000e+000 0.000e+000 0.000e+000 0.000e+000 0.000e+000 0.000e+000 0.000e+000 0.000e+000 0.000e+000 0.000e+000 0.000e+000 0.000e+000
 8.750e+000 2.930e+000 0.000e+000 0.000e+000 0.000e+000 0.000e+000 0.000e+000 0.000e+000 0.000e+000 0.000e+000 0.000e+000 0.000e+000 0.000e+000 0.000e+000 0.000e+000 0.000e+000 0.000e+000 0.000e+000 0.000e+000
 1.000e+001 2.930e+000 0.000e+000 0.000e+000 0.000e+000 0.000e+000 0.000e+000 0.000e+000 0.000e+000 0.000e+000 0.000e+000 0.000e+000 0.000e+000 0.000e+000 0.000e+000 0.000e+000 0.000e+000 0.000e+000 0.000e+000
 1.130e+001 2.930e+000 2.400e+001 5.440e+004 1.598e+005 8.274e+002-1.258e+003-7.318e+005 7.250e+008-6.553e+005-5.347e+006 1.526e+004-5.799e+003 9.325e+003-5.045e+003 4.494e+003-2.130e+006 4.945e+003 7.726e+004
 1.250e+001 2.930e+000 0.000e+000 0.000e+000 0.000e+000 0.000e+000 0.000e+000 0.000e+000 0.000e+000 0.000e+000 0.000e+000 0.000e+000 0.000e+000 0.000e+000 0.000e+000 0.000e+000 0.000e+000 0.000e+000 0.000e+000
 1.380e+001 2.930e+000 0.000e+000 0.000e+000 0.000e+000 0.000e+000 0.000e+000 0.000e+000 0.000e+000 0.000e+000 0.000e+000 0.000e+000 0.000e+000 0.000e+000 0.000e+000 0.000e+000 0.000e+000 0.000e+000 0.000e+000
 1.500e+001 2.930e+000 2.400e+001 4.009e+004-9.768e+004-1.903e+003 8.965e+002 5.933e+005 1.014e+008 1.558e+004-2.828e+005 9.528e+003 2.157e+005 6.577e+003-1.670e+002 3.152e+003-1.442e+005 5.571e+002 1.311e+004
 1.630e+001 2.930e+000 0.000e+000 0.000e+000 0.000e+000 0.000e+000 0.000e+000 0.000e+000 0.000e+000 0.000e+000 0.000e+000 0.000e+000 0.000e+000 0.000e+000 0.000e+000 0.000e+000 0.000e+000 0.000e+000 0.000e+000
 1.750e+001 2.930e+000 2.400e+001 5.979e+004 8.083e+003 1.350e+003-6.521e+002 1.164e+005 1.466e+007 3.692e+004-3.278e+004 1.106e+004 1.828e+003 6.269e+003-1.482e+003-6.019e+002-8.584e+004-5.763e+002 1.093e+004
 1.880e+001 2.930e+000 0.000e+000 0.000e+000 0.000e+000 0.000e+000 0.000e+000 0.000e+000 0.000e+000 0.000e+000 0.000e+000 0.000e+000 0.000e+000 0.000e+000 0.000e+000 0.000e+000 0.000e+000 0.000e+000 0.000e+000
 2.000e+001 2.930e+000 1.800e+001 3.483e+004-2.726e+004 7.578e+002-1.948e+002-7.150e+004 7.272e+006 3.748e+004 1.472e+004 8.427e+003 7.545e+003 5.824e+003-1.054e+003-1.898e+003 1.338e+003-4.032e+002 8.027e+003
 2.130e+001 2.930e+000 0.000e+000 0.000e+000 0.000e+000 0.000e+000 0.000e+000 0.000e+000 0.000e+000 0.000e+000 0.000e+000 0.000e+000 0.000e+000 0.000e+000 0.000e+000 0.000e+000 0.000e+000 0.000e+000 0.000e+000
 2.250e+001 2.930e+000 0.000e+000 0.000e+000 0.000e+000 0.000e+000 0.000e+000 0.000e+000 0.000e+000 0.000e+000 0.000e+000 0.000e+000 0.000e+000 0.000e+000 0.000e+000 0.000e+000 0.000e+000 0.000e+000 0.000e+000
 2.380e+001 2.930e+000 2.400e+001 6.204e+004-6.890e+004-1.360e+003 6.840e+003 9.824e+004 6.090e+006 4.339e+004-4.214e+004 1.646e+004 2.994e+004 7.543e+003 9.955e+002-1.475e+003 2.809e+004-6.242e+002 1.522e+004
 2.500e+001 2.930e+000 0.000e+000 0.000e+000 0.000e+000 0.000e+000 0.000e+000 0.000e+000 0.000e+000 0.000e+000 0.000e+000 0.000e+000 0.000e+000 0.000e+000 0.000e+000 0.000e+000 0.000e+000 0.000e+000 0.000e+000
 2.630e+001 2.930e+000 2.100e+001 6.405e+004-9.518e+004-3.738e+003-8.265e+003-1.101e+004 4.656e+006 6.127e+004 3.330e+004 2.011e+004-1.321e+004 1.099e+004-9.850e+002 6.471e+003 4.682e+004 5.705e+003 1.977e+004
 2.750e+001 2.930e+000 0.000e+000 0.000e+000 0.000e+000 0.000e+000 0.000e+000 0.000e+000 0.000e+000 0.000e+000 0.000e+000 0.000e+000 0.000e+000 0.000e+000 0.000e+000 0.000e+000 0.000e+000 0.000e+000 0.000e+000
 2.880e+001 2.930e+000 1.800e+001 6.224e+004 2.128e+004-1.310e+003-2.698e+003 2.673e+004 2.985e+006-1.007e+004 3.839e+004 1.948e+004 1.919e+004 8.596e+003-1.219e+003-3.805e+003 1.498e+004-9.497e+001 5.619e+003
 3.000e+001 2.930e+000 0.000e+000 0.000e+000 0.000e+000 0.000e+000 0.000e+000 0.000e+000 0.000e+000 0.000e+000 0.000e+000 0.000e+000 0.000e+000 0.000e+000 0.000e+000 0.000e+000 0.000e+000 0.000e+000 0.000e+000
 3.130e+001 2.930e+000 0.000e+000 0.000e+000 0.000e+000 0.000e+000 0.000e+000 0.000e+000 0.000e+000 0.000e+000 0.000e+000 0.000e+000 0.000e+000 0.000e+000 0.000e+000 0.000e+000 0.000e+000 0.000e+000 0.000e+000
 3.250e+001 2.930e+000 2.400e+001 9.764e+004-2.068e+004-5.254e+003-3.311e+003 9.938e+004 6.775e+006 1.077e+005 1.873e+005 3.071e+004 2.039e+004 1.858e+004-9.722e+002-7.276e+003 1.022e+004-2.130e+003 2.809e+004
 3.380e+001 2.930e+000 0.000e+000 0.000e+000 0.000e+000 0.000e+000 0.000e+000 0.000e+000 0.000e+000 0.000e+000 0.000e+000 0.000e+000 0.000e+000 0.000e+000 0.000e+000 0.000e+000 0.000e+000 0.000e+000 0.000e+000
 3.500e+001 2.930e+000 2.400e+001 1.424e+005 1.052e+005-1.654e+004-7.005e+004-4.642e+005 1.099e+008 8.842e+004 1.304e+007 4.951e+004-3.825e+004 2.788e+004-1.490e+004-3.786e+004 1.477e+006 5.316e+003 1.601e+006
 3.630e+001 2.930e+000 0.000e+000 0.000e+000 0.000e+000 0.000e+000 0.000e+000 0.000e+000 0.000e+000 0.000e+000 0.000e+000 0.000e+000 0.000e+000 0.000e+000 0.000e+000 0.000e+000 0.000e+000 0.000e+000 0.000e+000
 3.750e+001 2.930e+000 2.400e+001 1.800e+005 4.286e+004-1.467e+004-2.756e+004-1.141e+005 3.180e+006-1.332e+003 8.788e+004 6.007e+004-4.753e+004 2.829e+004-1.465e+004-2.946e+004 5.403e+004-1.010e+004 2.305e+004
 3.880e+001 2.930e+000 0.000e+000 0.000e+000 0.000e+000 0.000e+000 0.000e+000 0.000e+000 0.000e+000 0.000e+000 0.000e+000 0.000e+000 0.000e+000 0.000e+000 0.000e+000 0.000e+000 0.000e+000 0.000e+000 0.000e+000
 4.000e+001 2.930e+000 0.000e+000 0.000e+000 0.000e+000 0.000e+000 0.000e+000 0.000e+000 0.000e+000 0.000e+000 0.000e+000 0.000e+000 0.000e+000 0.000e+000 0.000e+000 0.000e+000 0.000e+000 0.000e+000 0.000e+000
 4.130e+001 2.930e+000 2.400e+001 3.095e+005-9.317e+004-2.373e+004-3.841e+004-7.490e+004 1.659e+006 2.682e+004 1.873e+004 1.017e+005-7.409e+003 4.023e+004-1.590e+004-1.959e+004 4.013e+003-4.927e+003 1.472e+004
 4.250e+001 2.930e+000 0.000e+000 0.000e+000 0.000e+000 0.000e+000 0.000e+000 0.000e+000 0.000e+000 0.000e+000 0.000e+000 0.000e+000 0.000e+000 0.000e+000 0.000e+000 0.000e+000 0.000e+000 0.000e+000 0.000e+000
 4.380e+001 2.930e+000 2.400e+001 6.599e+005 1.085e+005-6.207e+004-6.640e+004-1.303e+005 1.515e+006-2.497e+004 2.372e+004 2.284e+005-4.686e+004 8.982e+004-3.047e+004-6.884e+004-5.619e+003-1.902e+004 2.497e+004
 4.500e+001 2.930e+000 0.000e+000 0.000e+000 0.000e+000 0.000e+000 0.000e+000 0.000e+000 0.000e+000 0.000e+000 0.000e+000 0.000e+000 0.000e+000 0.000e+000 0.000e+000 0.000e+000 0.000e+000 0.000e+000 0.000e+000
 4.630e+001 2.930e+000 2.400e+001 2.476e+006 5.928e+004-2.326e+005-2.990e+005 1.444e+005 1.602e+006-2.519e+004-4.682e+003 8.503e+005 6.075e+004 3.198e+005-1.337e+005-3.094e+005 2.809e+004-7.961e+004 8.311e+004
 4.750e+001 2.930e+000 0.000e+000 0.000e+000 0.000e+000 0.000e+000 0.000e+000 0.000e+000 0.000e+000 0.000e+000 0.000e+000 0.000e+000 0.000e+000 0.000e+000 0.000e+000 0.000e+000 0.000e+000 0.000e+000 0.000e+000
 4.880e+001 2.930e+000 0.000e+000 0.000e+000 0.000e+000 0.000e+000 0.000e+000 0.000e+000 0.000e+000 0.000e+000 0.000e+000 0.000e+000 0.000e+000 0.000e+000 0.000e+000 0.000e+000 0.000e+000 0.000e+000 0.000e+000
 5.000e+001 2.930e+000 2.400e+001 1.203e+009 7.530e+007-1.069e+008-1.490e+008 2.092e+007 6.054e+006-2.715e+007 1.916e+006 4.015e+008 4.545e+005 1.440e+008-5.628e+007-7.241e+007-1.066e+007-1.101e+007 2.286e+007
 5.130e+001 2.930e+000 0.000e+000 0.000e+000 0.000e+000 0.000e+000 0.000e+000 0.000e+000 0.000e+000 0.000e+000 0.000e+000 0.000e+000 0.000e+000 0.000e+000 0.000e+000 0.000e+000 0.000e+000 0.000e+000 0.000e+000
 5.250e+001 2.930e+000 2.400e+001 3.168e+006 1.023e+005-3.178e+005-3.183e+005 3.697e+005 1.055e+006-7.856e+004-6.763e+003 1.054e+006 1.104e+005 3.881e+005-1.526e+005-4.413e+005-5.827e+004-1.172e+005 1.025e+005
 5.380e+001 2.930e+000 0.000e+000 0.000e+000 0.000e+000 0.000e+000 0.000e+000 0.000e+000 0.000e+000 0.000e+000 0.000e+000 0.000e+000 0.000e+000 0.000e+000 0.000e+000 0.000e+000 0.000e+000 0.000e+000 0.000e+000
 5.500e+001 2.930e+000 0.000e+000 0.000e+000 0.000e+000 0.000e+000 0.000e+000 0.000e+000 0.000e+000 0.000e+000 0.000e+000 0.000e+000 0.000e+000 0.000e+000 0.000e+000 0.000e+000 0.000e+000 0.000e+000 0.000e+000
 5.630e+001 2.930e+000 2.400e+001 8.169e+005 8.915e+004-8.387e+004-7.192e+004 1.245e+005 1.463e+006-4.160e+004 1.232e+004 2.617e+005 4.714e+004 9.701e+004-3.258e+004-9.190e+004-4.436e+003-2.275e+004 2.119e+004
 5.750e+001 2.930e+000 0.000e+000 0.000e+000 0.000e+000 0.000e+000 0.000e+000 0.000e+000 0.000e+000 0.000e+000 0.000e+000 0.000e+000 0.000e+000 0.000e+000 0.000e+000 0.000e+000 0.000e+000 0.000e+000 0.000e+000
 5.880e+001 2.930e+000 2.400e+001 3.863e+005-9.113e+004-3.211e+004-2.319e+004 2.613e+005 2.380e+006 2.392e+004-2.482e+004 1.129e+005 6.468e+004 4.004e+004-1.033e+004-3.491e+004-2.294e+004-1.015e+004 1.030e+004
 6.000e+001 2.930e+000 0.000e+000 0.000e+000 0.000e+000 0.000e+000 0.000e+000 0.000e+000 0.000e+000 0.000e+000 0.000e+000 0.000e+000 0.000e+000 0.000e+000 0.000e+000 0.000e+000 0.000e+000 0.000e+000 0.000e+000
 6.130e+001 2.930e+000 2.400e+001 2.197e+005-1.616e+004-1.913e+004-1.318e+004 4.053e+004 8.798e+005-1.930e+003-7.581e+003 6.072e+004 1.290e+004 2.255e+004-4.452e+003-8.676e+003 5.797e+003-1.893e+003 4.013e+003
 6.250e+001 2.930e+000 0.000e+000 0.000e+000 0.000e+000 0.000e+000 0.000e+000 0.000e+000 0.000e+000 0.000e+000 0.000e+000 0.000e+000 0.000e+000 0.000e+000 0.000e+000 0.000e+000 0.000e+000 0.000e+000 0.000e+000
 6.380e+001 2.930e+000 0.000e+000 0.000e+000 0.000e+000 0.000e+000 0.000e+000 0.000e+000 0.000e+000 0.000e+000 0.000e+000 0.000e+000 0.000e+000 0.000e+000 0.000e+000 0.000e+000 0.000e+000 0.000e+000 0.000e+000
 6.500e+001 2.930e+000 2.400e+001 1.688e+005-5.141e+002-2.095e+004-1.952e+003 5.786e+004 1.171e+006 3.021e+003-4.257e+003 5.107e+004 3.046e+003 2.674e+004-6.222e+002-9.979e+003 7.236e+003-3.413e+003 2.980e+003
 6.630e+001 2.930e+000 0.000e+000 0.000e+000 0.000e+000 0.000e+000 0.000e+000 0.000e+000 0.000e+000 0.000e+000 0.000e+000 0.000e+000 0.000e+000 0.000e+000 0.000e+000 0.000e+000 0.000e+000 0.000e+000 0.000e+000
 6.750e+001 2.930e+000 2.100e+001 1.287e+005-9.335e+004-1.730e+004-6.055e+003-1.442e+005 4.541e+006 1.106e+005-1.506e+004 3.091e+004 3.391e+004 1.564e+004-3.045e+003-7.456e+003 3.257e+004-1.138e+003 5.293e+003
 6.880e+001 2.930e+000 0.000e+000 0.000e+000 0.000e+000 0.000e+000 0.000e+000 0.000e+000 0.000e+000 0.000e+000 0.000e+000 0.000e+000 0.000e+000 0.000e+000 0.000e+000 0.000e+000 0.000e+000 0.000e+000 0.000e+000
 7.000e+001 2.930e+000 2.400e+001 1.007e+005 6.846e+002-6.445e+003-5.382e+003 1.072e+005 6.837e+006-8.650e+003-8.077e+004 2.584e+004 5.844e+004 1.220e+004-2.220e+003-7.468e+003 1.284e+005-2.003e+003 1.014e+004
 7.130e+001 2.930e+000 0.000e+000 0.000e+000 0.000e+000 0.000e+000 0.000e+000 0.000e+000 0.000e+000 0.000e+000 0.000e+000 0.000e+000 0.000e+000 0.000e+000 0.000e+000 0.000e+000 0.000e+000 0.000e+000 0.000e+000
 7.250e+001 2.930e+000 0.000e+000 0.000e+000 0.000e+000 0.000e+000 0.000e+000 0.000e+000 0.000e+000 0.000e+000 0.000e+000 0.000e+000 0.000e+000 0.000e+000 0.000e+000 0.000e+000 0.000e+000 0.000e+000 0.000e+000
 7.380e+001 2.930e+000 2.400e+001 7.955e+004-7.345e+003-3.611e+003-1.629e+003 1.632e+004 9.941e+005-1.294e+003-5.244e+003 1.683e+004 7.904e+003 7.444e+003-5.051e+002-4.041e+003 8.241e+003-8.314e+002 1.873e+003
 7.500e+001 2.930e+000 0.000e+000 0.000e+000 0.000e+000 0.000e+000 0.000e+000 0.000e+000 0.000e+000 0.000e+000 0.000e+000 0.000e+000 0.000e+000 0.000e+000 0.000e+000 0.000e+000 0.000e+000 0.000e+000 0.000e+000
 7.630e+001 2.930e+000 2.400e+001 6.973e+004-4.309e+004-2.411e+003-7.009e+002 2.305e+004 1.185e+006 9.479e+003-7.203e+002 1.411e+004 2.140e+004 6.661e+003-7.314e+002-2.435e+003 7.564e+003-6.459e+002 1.441e+003
 7.750e+001 2.930e+000 0.000e+000 0.000e+000 0.000e+000 0.000e+000 0.000e+000 0.000e+000 0.000e+000 0.000e+000 0.000e+000 0.000e+000 0.000e+000 0.000e+000 0.000e+000 0.000e+000 0.000e+000 0.000e+000 0.000e+000
 7.880e+001 2.930e+000 2.400e+001 6.616e+004-5.844e+004-1.337e+003-5.796e+002 5.291e+004 2.508e+006 2.429e+004-3.226e+004 1.333e+004 5.044e+004 7.154e+003-1.281e+003-4.723e+003-9.364e+003-9.151e+002 3.121e+003
 8.000e+001 2.930e+000 0.000e+000 0.000e+000 0.000e+000 0.000e+000 0.000e+000 0.000e+000 0.000e+000 0.000e+000 0.000e+000 0.000e+000 0.000e+000 0.000e+000 0.000e+000 0.000e+000 0.000e+000 0.000e+000 0.000e+000
 8.130e+001 2.930e+000 0.000e+000 0.000e+000 0.000e+000 0.000e+000 0.000e+000 0.000e+000 0.000e+000 0.000e+000 0.000e+000 0.000e+000 0.000e+000 0.000e+000 0.000e+000 0.000e+000 0.000e+000 0.000e+000 0.000e+000
 8.250e+001 2.930e+000 2.100e+001 5.540e+004-5.846e+004-2.845e+002-3.225e+002-6.426e+004 1.676e+006-7.292e+002-1.639e+004 9.013e+003 1.502e+004 6.377e+003-2.070e+002-5.127e+001-8.696e+003 1.604e+002 1.003e+003
 8.380e+001 2.930e+000 0.000e+000 0.000e+000 0.000e+000 0.000e+000 0.000e+000 0.000e+000 0.000e+000 0.000e+000 0.000e+000 0.000e+000 0.000e+000 0.000e+000 0.000e+000 0.000e+000 0.000e+000 0.000e+000 0.000e+000
 8.500e+001 2.930e+000 2.100e+001 5.866e+004-4.360e+004-7.746e+002-3.615e+003 5.921e+003 1.238e+006 7.352e+003-9.364e+003 1.181e+004-3.473e+002 5.738e+003-1.044e+003-4.105e+003 8.396e+003-1.697e+003 3.552e+003
 8.630e+001 2.930e+000 0.000e+000 0.000e+000 0.000e+000 0.000e+000 0.000e+000 0.000e+000 0.000e+000 0.000e+000 0.000e+000 0.000e+000 0.000e+000 0.000e+000 0.000e+000 0.000e+000 0.000e+000 0.000e+000 0.000e+000
 8.750e+001 2.930e+000 2.100e+001 4.880e+004-3.806e+004-3.038e+002-1.043e+003 1.675e+004 1.761e+006 1.245e+004-2.310e+004 6.934e+003 7.926e+003 3.265e+003 5.578e+002-2.361e+003-3.434e+003-1.044e+002 3.746e+003
 8.880e+001 2.930e+000 0.000e+000 0.000e+000 0.000e+000 0.000e+000 0.000e+000 0.000e+000 0.000e+000 0.000e+000 0.000e+000 0.000e+000 0.000e+000 0.000e+000 0.000e+000 0.000e+000 0.000e+000 0.000e+000 0.000e+000
 9.000e+001 2.930e+000 0.000e+000 0.000e+000 0.000e+000 0.000e+000 0.000e+000 0.000e+000 0.000e+000 0.000e+000 0.000e+000 0.000e+000 0.000e+000 0.000e+000 0.000e+000 0.000e+000 0.000e+000 0.000e+000 0.000e+000
 9.130e+001 2.930e+000 2.400e+001 6.959e+004-5.199e+004 2.265e+003-3.482e+004 4.971e+004 2.279e+006 9.814e+003-1.133e+005 6.308e+003 5.979e+003 3.993e+003 2.220e+003-2.445e+004-1.873e+004-3.483e+003 9.908e+004
 9.250e+001 2.930e+000 0.000e+000 0.000e+000 0.000e+000 0.000e+000 0.000e+000 0.000e+000 0.000e+000 0.000e+000 0.000e+000 0.000e+000 0.000e+000 0.000e+000 0.000e+000 0.000e+000 0.000e+000 0.000e+000 0.000e+000
 9.380e+001 2.930e+000 2.100e+001 4.271e+004-5.214e+004 1.231e+003-2.462e+003 2.314e+004 2.814e+006-3.641e+003-7.111e+004 5.928e+003 1.580e+004 3.159e+003-8.152e+002-3.075e+003-3.804e+003 3.752e+002 1.083e+004
 9.500e+001 2.930e+000 0.000e+000 0.000e+000 0.000e+000 0.000e+000 0.000e+000 0.000e+000 0.000e+000 0.000e+000 0.000e+000 0.000e+000 0.000e+000 0.000e+000 0.000e+000 0.000e+000 0.000e+000 0.000e+000 0.000e+000
 9.630e+001 2.930e+000 1.800e+001 4.576e+004-8.382e+004-4.991e+002 3.617e+001 2.011e+004 5.808e+006 1.929e+004-7.520e+004 6.372e+003 3.554e+004 3.798e+003-6.698e+002 8.168e+002-1.589e+004-8.439e+000 3.121e+003
 9.750e+001 2.930e+000 0.000e+000 0.000e+000 0.000e+000 0.000e+000 0.000e+000 0.000e+000 0.000e+000 0.000e+000 0.000e+000 0.000e+000 0.000e+000 0.000e+000 0.000e+000 0.000e+000 0.000e+000 0.000e+000 0.000e+000
 9.880e+001 2.930e+000 0.000e+000 0.000e+000 0.000e+000 0.000e+000 0.000e+000 0.000e+000 0.000e+000 0.000e+000 0.000e+000 0.000e+000 0.000e+000 0.000e+000 0.000e+000 0.000e+000 0.000e+000 0.000e+000 0.000e+000
 1.000e+002 2.930e+000 9.000e+000 1.185e+005-1.135e+005-3.813e+004-2.037e+003-1.232e+005 3.149e+007 3.440e+002-6.806e+005 3.344e+004-1.504e+005 3.459e+004 2.818e+003 6.828e+002-2.091e+005 3.655e+003 1.724e+004
 1.130e+002 2.930e+000 3.900e+001 8.315e+004 4.262e+005 7.932e+003 1.235e+004-3.104e+003 4.417e+007-1.814e+005-2.608e+005 6.504e+003-1.214e+005 6.005e+003 7.311e+003-2.688e+003 1.120e+006-3.958e+003 5.567e+004
 1.250e+002 2.930e+000 5.400e+001 1.258e+005-2.921e+004 1.363e+004 3.169e+003 4.025e+004 4.224e+006 2.711e+004-1.659e+004 7.703e+003-3.580e+004 6.310e+003 4.814e+002-3.373e+002-3.091e+003-2.227e+002 1.993e+003
 1.380e+002 2.930e+000 5.400e+001 1.573e+005-1.179e+005 1.703e+004-5.709e+002 6.239e+004 2.252e+006 5.135e+003-5.293e+003 3.300e+003-1.207e+004 8.308e+003-4.529e+002 1.045e+002-4.071e+002 9.827e+001 4.071e+002
 1.500e+002 2.930e+000 2.400e+001 2.134e+005 1.944e+004-2.532e+004 7.430e+002-4.242e+004 1.016e+006-2.102e+004 1.836e+002 8.957e+004-7.074e+004 6.991e+004 7.179e+002 2.067e+003-4.774e+003 1.425e+003 3.672e+002
 1.630e+002 2.930e+000 4.800e+001 2.206e+005-5.215e+005 2.422e+004 3.420e+001-1.336e+005 6.864e+006 6.573e+004 3.177e+003 8.381e+003-1.298e+005 1.957e+004 5.149e+001 5.668e+002 1.672e+003 4.818e+001 3.344e+002
 1.750e+002 2.930e+000 6.000e+001 3.415e+005-1.737e+006 5.905e+004-3.103e+003 3.589e+005 1.434e+008 1.380e+005 1.217e+004 1.503e+004-2.348e+005 1.657e+004-9.081e+002 3.857e+003 1.348e+005 2.185e+001 1.582e+003
 1.880e+002 2.930e+000 5.700e+001 6.140e+005 2.456e+005 1.048e+005 2.922e+003-3.358e+004 1.192e+007 2.274e+004 2.014e+004 2.387e+004 1.737e+004 2.402e+004-3.681e+002 1.188e+003-4.624e+004 2.511e+002 2.811e+003
 2.000e+002 2.930e+000 3.000e+001 7.965e+006 2.660e+006 1.271e+006-5.173e+004 1.506e+006 3.657e+007 4.058e+005 4.633e+004-8.758e+004 4.637e+005 2.142e+005 2.406e+004-1.426e+005-2.882e+005-5.071e+003 6.970e+003
 2.130e+002 2.930e+000 4.500e+001 1.071e+006 9.286e+006 2.273e+005-6.522e+004 9.427e+006 1.912e+009 1.397e+006 2.201e+006 4.251e+004 1.199e+006 5.515e+004 1.649e+004-1.116e+005-1.956e+007-7.375e+003 2.096e+005
 2.250e+002 2.930e+000 4.200e+001 1.741e+006 1.395e+006 3.898e+005 1.103e+004-1.024e+006 1.833e+007-3.790e+005-1.639e+005 1.253e+005 2.186e+005 9.936e+004-4.889e+003 2.014e+004-1.252e+005 4.680e+003 7.433e+003
 2.380e+002 2.930e+000 4.200e+001 1.291e+007 4.752e+005 2.922e+006 1.184e+005-1.504e+006 1.991e+007-4.183e+005-6.539e+004 8.228e+005-3.195e+003 7.175e+005-3.746e+004 1.977e+005-1.824e+005 3.958e+004 7.609e+003
 2.500e+002 2.930e+000 9.300e+001 8.449e+008 4.943e+007 1.911e+008 9.523e+006-1.055e+007 8.253e+006-5.648e+006-1.199e+006 5.541e+007 1.050e+007 4.688e+007-3.527e+006 1.833e+007 3.220e+005 3.359e+006 5.182e+005
 2.630e+002 2.930e+000 5.100e+001 1.680e+007 9.001e+004 3.807e+006 1.536e+005 2.491e+006 1.318e+007 6.576e+005-2.584e+004 1.166e+006 1.567e+005 9.511e+005-5.804e+004 3.029e+005 9.838e+004 5.599e+004 9.504e+003
 2.750e+002 2.930e+000 4.500e+001 2.434e+006-2.000e+005 5.291e+005 1.893e+004 1.598e+005 1.851e+006 3.407e+003-8.025e+003 1.500e+005 4.613e+003 1.342e+005-4.265e+003 2.918e+004 1.711e+004 6.781e+003 2.403e+003
 2.880e+002 2.930e+000 3.000e+001 9.069e+005 4.584e+005 2.594e+005 3.012e+004-1.013e+004 5.023e+006-2.087e+005-5.168e+004 1.355e+005 2.442e+005 1.195e+005 4.951e+003 1.180e+004 5.796e+004 1.303e+004 4.051e+003
 3.000e+002 2.930e+000 5.400e+001 5.392e+006 1.793e+007 3.633e+006 7.332e+005-1.979e+006 8.079e+007-1.065e+007 2.049e+005 2.370e+006 1.264e+007 3.856e+006 5.060e+005-1.673e+005 3.064e+006 4.519e+005 1.364e+005
 3.130e+002 2.930e+000 1.500e+001 1.298e+005 1.755e+005 4.071e+002-2.707e+003 1.318e+005 1.690e+008 2.031e+005-4.862e+006-4.646e+003-3.418e+004 2.779e+003-1.284e+003 1.882e+004 2.403e+006-6.994e+003 1.767e+005
 3.250e+002 2.930e+000 3.600e+001 5.690e+005-2.383e+004 8.895e+004 2.634e+004-9.288e+004 5.998e+006-4.033e+004-1.275e+005 7.528e+004-3.239e+004 3.245e+004 4.381e+003 1.086e+004 5.513e+004 5.393e+003 6.094e+003
 3.380e+002 2.930e+000 3.900e+001 2.782e+006-1.039e+005 4.295e+005 1.233e+005-1.221e+005 1.979e+006-4.251e+004-2.164e+004 4.642e+005-4.812e+004 1.499e+005 6.097e+003 9.827e+004 8.135e+003 3.590e+004 1.046e+004
 3.500e+002 2.930e+000 9.600e+001 1.195e+008-1.448e+007 1.949e+007 6.247e+006 5.336e+006 7.279e+006 3.449e+006 8.662e+005 2.165e+007-1.414e+006 7.124e+006 1.588e+005 5.994e+006-4.182e+005 2.106e+006 6.398e+005
 3.630e+002 2.930e+000 3.900e+001 2.430e+006-6.481e+005 4.262e+005 9.127e+004-2.475e+005 1.993e+006 6.848e+004 1.786e+003 4.392e+005-1.611e+005 1.593e+005 3.125e+003 8.195e+004-3.075e+004 3.182e+004 8.025e+003
 3.750e+002 2.930e+000 3.900e+001 3.090e+005-4.526e+005 6.371e+004 3.371e+003-3.204e+005 6.445e+006-2.662e+004-5.407e+003 3.952e+004-1.196e+005 2.183e+004-2.002e+002 4.037e+003 1.723e+004 1.409e+003 8.020e+002
 3.880e+002 2.930e+000 5.100e+001 2.440e+005 1.148e+005 5.939e+004 9.415e+003-2.972e+005 6.952e+006-9.602e+004-2.877e+004 2.336e+004-5.091e+004 2.611e+004 8.519e+002-9.604e+001 1.620e+004 3.162e+003 3.378e+003
 4.000e+002 2.930e+000 3.600e+001 3.666e+005-3.242e+005-5.348e+004-4.427e+002-3.449e+005 9.260e+006-1.712e+005-1.049e+004-1.273e+005-2.924e+003 9.542e+004 4.888e+003 1.078e+004 4.683e+004-5.522e+003 1.574e+003
 4.130e+002 2.930e+000 4.200e+001 1.059e+005-3.034e+005 1.803e+004 2.578e+003-7.155e+005 4.500e+008-2.087e+005-7.974e+005 7.975e+003 3.616e+005 1.687e+004 2.664e+003-5.217e+003 4.578e+006 7.024e+003 5.036e+004
 4.250e+002 2.930e+000 4.500e+001 9.230e+004 3.917e+005 2.375e+004 6.828e+003 4.518e+005 3.359e+007 1.276e+005-2.695e+004-3.262e+003 2.410e+005 1.707e+004-2.189e+003 3.891e+003 2.776e+005 5.223e+003 5.334e+003
 4.380e+002 2.930e+000 4.200e+001 1.075e+005 8.350e+003 3.913e+004 2.413e+003 1.799e+005 5.869e+006 6.711e+004 1.161e+004-3.446e+004 7.461e+004 4.800e+004 1.000e+003-5.224e+003 4.482e+004 7.040e+003 3.119e+003
 4.500e+002 2.930e+000 8.100e+001 3.652e+006 1.836e+006 1.883e+006 2.995e+005 2.049e+006 1.342e+007 2.785e+006 6.204e+005-3.438e+006-7.258e+005 4.337e+006 7.817e+004-6.980e+005-2.439e+005 8.426e+005 1.730e+005
 4.630e+002 2.930e+000 4.200e+001 6.311e+004 1.854e+005 2.019e+004 3.478e+002 2.777e+005 7.972e+006-1.050e+005-2.738e+003-1.986e+004 2.077e+005 7.147e+004 1.388e+003-4.191e+003-4.281e+003 7.317e+003 1.614e+003
 4.750e+002 2.930e+000 4.200e+001 3.162e+004 5.125e+004 7.978e+003 5.274e+002 3.242e+004 1.143e+006-9.655e+003 6.699e+002 2.669e+003 3.695e+004 1.298e+004 6.377e+001 1.559e+002 1.310e+003 1.254e+003 6.341e+002
 4.880e+002 2.930e+000 3.600e+001 1.767e+004-2.735e+004 4.470e+003 3.221e+002 2.880e+004 1.712e+006 3.023e+004 2.224e+004 2.855e+003-1.108e+004 1.079e+004 9.151e+001 9.150e+002-6.226e+002 1.166e+003 1.013e+003
 5.000e+002 2.930e+000 3.300e+001 4.161e+004-1.366e+005-2.382e+004 8.181e+002-3.159e+004 2.067e+006 2.689e+005 6.739e+003 7.723e+004-1.029e+005 3.545e+005 1.380e+003 3.321e+002-5.419e+003-5.827e+003 1.804e+003
 5.130e+002 2.930e+000 5.700e+001 3.732e+004 2.713e+004 9.890e+003 1.560e+003 4.528e+004 4.240e+006-5.497e+003 1.717e+005 2.344e+003 5.195e+004 1.621e+004-5.808e+002 2.943e+003-8.960e+003-2.269e+003 5.096e+004
 5.250e+002 2.930e+000 3.600e+001 1.708e+004-1.170e+005 2.162e+003-3.152e+003-2.596e+005 1.456e+008-2.341e+004 4.883e+006 1.356e+003 3.452e+005 4.080e+003 9.489e+003 2.049e+004-8.519e+006-2.239e+004 6.685e+005
 5.380e+002 2.930e+000 4.200e+001 2.359e+004 2.382e+004-1.567e+003 3.471e+003 3.742e+004 3.144e+006-1.846e+004 2.956e+004 2.799e+003 2.111e+003 6.458e+003-4.223e+003-3.588e+003-1.327e+005-3.420e+003 1.371e+004
 5.500e+002 2.930e+000 9.000e+001 4.209e+006-8.540e+005-1.897e+006 1.408e+006 3.064e+006 5.891e+006-1.135e+006 5.562e+005 9.448e+005 1.052e+006 1.089e+006-7.402e+005-2.314e+006-1.928e+006-1.167e+006 1.768e+006
 5.630e+002 2.930e+000 4.200e+001 6.880e+004-9.220e+004-1.770e+004 8.246e+003-9.712e+004 4.330e+006 6.993e+004-3.239e+004 1.256e+004 1.307e+004 1.277e+004-6.328e+003-2.132e+004 9.139e+004-6.731e+003 1.150e+004
 5.750e+002 2.930e+000 4.800e+001 3.002e+004-6.486e+004-1.112e+003 8.919e+002-3.303e+003 2.195e+006 6.431e+004-9.817e+003 5.768e+003 2.165e+004 4.852e+003-2.012e+002-2.856e+003 6.125e+002-7.574e+002 1.621e+003
 5.880e+002 2.930e+000 4.800e+001 2.355e+004-5.777e+004 1.375e+003-1.800e+002 5.306e+004 2.501e+006 2.482e+004-4.551e+003 4.046e+003 1.688e+004 2.707e+003-3.833e+002-6.725e+002 8.195e+003-4.062e+001 6.061e+002
 6.000e+002 2.930e+000 4.200e+001 3.863e+005-4.569e+005 1.240e+005 3.435e+003-2.480e+005 5.304e+006-1.719e+005 5.566e+003-8.926e+004-8.006e+004 6.850e+004-5.682e+003 1.188e+004 6.489e+003-1.713e+003 1.141e+003
 6.130e+002 2.930e+000 3.600e+001 1.643e+004-2.343e+005 1.419e+003-1.478e+003 1.028e+004 2.738e+007 8.824e+004-1.276e+004 4.481e+003-1.653e+004 2.903e+003-1.071e+003-2.110e+002 1.364e+005-1.289e+002 1.780e+003
 6.250e+002 2.930e+000 6.000e+001 1.854e+004 1.378e+005 1.544e+003 1.948e+003 1.941e+005 9.405e+008 1.742e+005-1.364e+006 2.655e+003 7.097e+005 2.682e+003-2.449e+003 1.685e+003 7.938e+006 5.872e+003 7.120e+004
 6.380e+002 2.930e+000 4.800e+001 1.917e+004 1.300e+005 2.148e+003-1.180e+003 4.783e+004 2.258e+007-3.561e+004-2.496e+004 1.685e+003 6.815e+003 1.299e+003 1.676e+002 1.068e+003 1.237e+005-2.069e+002 3.745e+003
 6.500e+002 2.930e+000 6.000e+001 8.477e+006-9.876e+005 1.606e+006 3.743e+005 4.128e+005 6.248e+006 3.145e+003 1.024e+005-4.662e+005-2.204e+005 3.320e+005-2.151e+005 1.024e+006 4.761e+004 1.367e+004 1.462e+005
 6.630e+002 2.930e+000 2.700e+001 1.237e+004 1.079e+004 3.411e+003 5.145e+002 2.129e+004 3.042e+006-1.513e+003-6.446e+003 2.053e+003 8.229e+002 2.422e+003 6.470e+001 1.522e+002 1.821e+004 1.165e+002 3.322e+002
 6.750e+002 2.930e+000 3.000e+001 8.005e+003 2.526e+004 1.889e+003 2.162e+002 3.619e+003 1.410e+006-1.450e+004-5.229e+003 9.011e+002 1.240e+004 1.299e+003 1.293e+001-1.536e+002 1.019e+003 1.181e+002 2.836e+002
 6.880e+002 2.930e+000 6.000e+001 1.671e+004 6.865e+003 2.314e+003 3.290e+002 5.037e+003 9.852e+005-1.760e+003-4.217e+003 1.412e+003-9.637e+003 1.973e+003 1.054e+002-2.414e+002 6.345e+003-2.972e+002 7.147e+002
 7.000e+002 2.930e+000 3.300e+001 1.855e+005-2.128e+004 7.960e+004 6.626e+002 9.046e+004 1.080e+006 4.155e+004-4.252e+001 2.917e+004 1.037e+004 4.302e+004 3.313e+002-1.034e+003-5.257e+003 1.618e+002 3.133e+002
 7.130e+002 2.930e+000 2.400e+001 7.513e+003-7.409e+004 1.097e+003-3.366e+003 1.054e+004 1.568e+007 1.857e+005-2.904e+005 1.319e+003-8.733e+004 3.315e+003-6.300e+003-9.572e+002 6.662e+005-7.236e+003 3.482e+004
 7.250e+002 2.930e+000 3.900e+001 1.179e+004-1.013e+005 1.590e+003-6.104e+003-1.054e+005 4.966e+007-2.380e+005 4.020e+006 4.471e+002 1.170e+005 2.527e+003 3.603e+003 1.269e+004-1.282e+006-2.282e+004 3.637e+005
 7.380e+002 2.930e+000 3.000e+001 1.437e+004-1.046e+004 1.888e+003 3.064e+002 1.201e+004 2.264e+006 5.242e+003 7.254e+004 1.218e+003 1.276e+003 8.709e+002-4.186e+000 7.008e+002-1.576e+004 1.131e+002 3.336e+003
 7.500e+002 2.930e+000 3.000e+001 3.354e+006 2.036e+005 5.933e+005-1.188e+004-1.050e+006 6.631e+005-1.994e+005 5.069e+003 1.983e+005-2.723e+004 1.173e+005-7.096e+003 3.674e+004-1.391e+004 1.128e+002 1.025e+003
 7.630e+002 2.930e+000 2.700e+001 2.253e+004 1.280e+004 4.252e+003-8.751e+002-4.235e+004 1.328e+006-9.087e+003 1.137e+004 2.457e+003-7.761e+003 1.970e+003-1.963e+002 1.910e+002-2.905e+003-1.269e+002 3.593e+002
 7.750e+002 2.930e+000 2.100e+001 4.859e+003 5.023e+003 4.626e+002-1.779e+002 5.415e+003 1.653e+005 5.844e+002-7.041e+001 3.090e+002-1.126e+003 4.260e+002 3.798e+001-6.390e+001 7.745e+002-3.314e+001 2.112e+002
 7.880e+002 2.930e+000 5.100e+001 1.658e+004-2.482e+003 1.179e+003 9.456e+001 8.443e+003 7.111e+005-1.332e+002 2.513e+003-2.203e+002-8.677e+003 1.093e+003-9.095e+001 1.699e+002-2.056e+003 6.676e+001 1.741e+002
 8.000e+002 2.930e+000 2.100e+001 5.038e+004 2.251e+004-8.053e+003-1.892e+003-3.016e+004 5.856e+005 1.399e+004 9.692e+002-1.009e+004-1.200e+003 4.566e+003 1.922e+002-4.935e+001-3.318e+003 6.279e+002 8.880e+002
 8.130e+002 2.930e+000 3.900e+001 1.122e+004-1.421e+004 2.121e+002-1.298e+003 1.242e+004 6.178e+005 2.345e+003-1.264e+004 1.172e+003-3.311e+003 1.332e+003-2.193e+002-6.038e+002-3.445e+003 2.648e+002 3.833e+003
 8.250e+002 2.930e+000 3.900e+001 6.753e+003-2.141e+004 7.888e+002 2.555e+002-5.902e+003 3.968e+006 2.414e+002-1.602e+004 3.285e+002-1.615e+004 6.032e+002 9.159e+001 3.908e+002-5.880e+004 4.926e+002 1.900e+003
 8.380e+002 2.930e+000 3.300e+001 1.751e+004-2.488e+004 2.967e+003-4.241e+002 2.349e+004 2.472e+007 1.616e+004 7.711e+004-1.263e+003-5.127e+003 1.408e+003 2.924e+002 2.783e+002-4.147e+005-4.961e+001 7.858e+003
 8.500e+002 2.930e+000 3.900e+001 8.185e+005-4.396e+005 1.706e+005-1.203e+005-2.579e+005 9.383e+005-1.507e+005 1.907e+004-1.714e+005-3.309e+004 7.286e+004 3.275e+004-3.289e+004 7.081e+004-1.809e+004 2.127e+004
 8.630e+002 2.930e+000 3.000e+001 7.778e+003-1.561e+004 2.050e+003-6.461e+002 3.654e+003 3.696e+005 4.308e+003 3.587e+003-7.744e+002-1.179e+004 4.019e+003-5.634e+001-2.465e+001 8.732e+002-9.475e+001 8.588e+002
 8.750e+002 2.930e+000 3.600e+001 5.353e+003 1.660e+004 7.227e+002-1.134e+002 1.077e+004 4.061e+005-1.635e+003-1.795e+003 4.848e+002 6.273e+003 8.051e+002-1.310e+002 1.320e+002 3.478e+002 4.270e+001 1.568e+002
 8.880e+002 2.930e+000 3.900e+001 6.074e+003 6.767e+003 2.813e+002-2.219e+002 2.460e+003 5.099e+005 2.539e+003-6.193e+002 1.481e+000-2.400e+003 8.298e+002 7.284e+001 4.823e+002 2.723e+002-1.712e+002 4.627e+002
 9.000e+002 2.930e+000 3.000e+001 5.683e+004 1.463e+004-8.400e+003 9.961e+003-6.180e+004 4.013e+005 2.069e+004-1.286e+004-1.394e+004 3.451e+004 1.265e+004-4.450e+002 2.698e+003-9.261e+003-4.450e+003 3.884e+003
 9.130e+002 2.930e+000 4.500e+001 4.316e+004-5.223e+003-1.014e+004 1.003e+004-1.129e+004 9.374e+005 3.906e+003-3.503e+004-3.602e+003 3.932e+003 7.163e+003-1.002e+004-1.564e+004 2.099e+004-1.709e+003 3.136e+004
 9.250e+002 2.930e+000 3.300e+001 2.962e+003 3.874e+003 4.611e+002-7.904e+002 9.272e+003 2.524e+005 5.210e+003-3.330e+004 3.140e+002 2.058e+003 7.779e+002-8.429e+002 1.050e+003 1.373e+004-1.187e+003 1.236e+004
 9.380e+002 2.930e+000 3.300e+001 4.037e+003 6.917e+003 1.159e+003-5.695e+003 6.882e+004 6.427e+006 4.176e+004-5.980e+005-1.751e+002-5.848e+004 1.602e+003-2.506e+003 1.318e+004 1.100e+006-1.407e+004 2.504e+005
 9.500e+002 2.930e+000 7.800e+001 1.308e+004 4.216e+004-9.691e+003 2.456e+004-1.243e+004 4.907e+006 1.012e+005 1.424e+005-3.238e+003-1.615e+005 4.632e+004-8.194e+004-1.386e+004 6.046e+005-7.877e+004 3.033e+005
 9.630e+002 2.930e+000 5.100e+001 7.971e+003 2.055e+004 3.288e+001 1.996e+003 1.582e+002 3.657e+005-4.784e+003 4.532e+003 1.336e+003 4.320e+003 1.828e+003-3.261e+002-1.833e+003 8.946e+003-1.168e+003 4.688e+003
 9.750e+002 2.930e+000 3.000e+001 2.903e+003 3.000e+003 5.132e+000 2.330e+002-3.917e+003 2.836e+005-1.679e+003 5.881e+002 3.191e+002 1.246e+003 2.466e+002 8.549e+001-1.529e+002-1.046e+003-1.093e+002 4.798e+002
 9.880e+002 2.930e+000 3.900e+001 5.455e+003 4.831e+003 5.106e+002 7.235e+002-2.821e+003 2.453e+005-4.827e+003 6.132e+002 6.462e+002 1.859e+003 5.615e+002 2.931e+002-1.202e+002 3.405e+003 2.683e+001 6.655e+002
 1.000e+003 2.930e+000 1.050e+002 4.184e+005-1.857e+005 6.997e+004 5.692e+004 1.045e+003 2.818e+006 1.749e+004-2.454e+003 3.026e+004-1.923e+004 1.677e+004 2.446e+003 3.027e+003-3.663e+004 1.029e+004 1.208e+004
 1.130e+003 2.930e+000 2.970e+002 1.407e+006 1.250e+006 9.857e+004 6.809e+004 3.436e+005 3.203e+006-6.429e+005-3.969e+005 6.041e+005 2.168e+005 3.646e+005-1.634e+004 4.593e+005 1.353e+005 2.332e+005 2.343e+005
 1.250e+003 2.930e+000 3.540e+002 2.136e+006 1.224e+006-2.374e+005 4.664e+005-4.719e+004 7.685e+006-4.514e+005 6.501e+005 4.502e+005-3.323e+005 2.642e+005 1.040e+004-3.425e+005 5.598e+005-2.607e+005 3.445e+005
 1.380e+003 2.930e+000 3.480e+002 9.955e+005 1.582e+006 2.661e+005-1.754e+005 3.750e+005 3.730e+006-8.621e+005-1.281e+006 5.757e+005 6.539e+005 4.249e+005-3.130e+005 7.383e+005 1.066e+005 3.916e+005 6.692e+005
 1.500e+003 2.930e+000 0.000e+000 0.000e+000 0.000e+000 0.000e+000 0.000e+000 0.000e+000 0.000e+000 0.000e+000 0.000e+000 0.000e+000 0.000e+000 0.000e+000 0.000e+000 0.000e+000 0.000e+000 0.000e+000 0.000e+000
 1.630e+003 2.930e+000 0.000e+000 0.000e+000 0.000e+000 0.000e+000 0.000e+000 0.000e+000 0.000e+000 0.000e+000 0.000e+000 0.000e+000 0.000e+000 0.000e+000 0.000e+000 0.000e+000 0.000e+000 0.000e+000 0.000e+000
 1.750e+003 2.930e+000 0.000e+000 0.000e+000 0.000e+000 0.000e+000 0.000e+000 0.000e+000 0.000e+000 0.000e+000 0.000e+000 0.000e+000 0.000e+000 0.000e+000 0.000e+000 0.000e+000 0.000e+000 0.000e+000 0.000e+000
 1.880e+003 2.930e+000 0.000e+000 0.000e+000 0.000e+000 0.000e+000 0.000e+000 0.000e+000 0.000e+000 0.000e+000 0.000e+000 0.000e+000 0.000e+000 0.000e+000 0.000e+000 0.000e+000 0.000e+000 0.000e+000 0.000e+000
 2.000e+003 2.930e+000 0.000e+000 0.000e+000 0.000e+000 0.000e+000 0.000e+000 0.000e+000 0.000e+000 0.000e+000 0.000e+000 0.000e+000 0.000e+000 0.000e+000 0.000e+000 0.000e+000 0.000e+000 0.000e+000 0.000e+000
 2.130e+003 2.930e+000 0.000e+000 0.000e+000 0.000e+000 0.000e+000 0.000e+000 0.000e+000 0.000e+000 0.000e+000 0.000e+000 0.000e+000 0.000e+000 0.000e+000 0.000e+000 0.000e+000 0.000e+000 0.000e+000 0.000e+000
 2.250e+003 2.930e+000 0.000e+000 0.000e+000 0.000e+000 0.000e+000 0.000e+000 0.000e+000 0.000e+000 0.000e+000 0.000e+000 0.000e+000 0.000e+000 0.000e+000 0.000e+000 0.000e+000 0.000e+000 0.000e+000 0.000e+000
 2.380e+003 2.930e+000 0.000e+000 0.000e+000 0.000e+000 0.000e+000 0.000e+000 0.000e+000 0.000e+000 0.000e+000 0.000e+000 0.000e+000 0.000e+000 0.000e+000 0.000e+000 0.000e+000 0.000e+000 0.000e+000 0.000e+000
 2.500e+003 2.930e+000 0.000e+000 0.000e+000 0.000e+000 0.000e+000 0.000e+000 0.000e+000 0.000e+000 0.000e+000 0.000e+000 0.000e+000 0.000e+000 0.000e+000 0.000e+000 0.000e+000 0.000e+000 0.000e+000 0.000e+000
 2.630e+003 2.930e+000 0.000e+000 0.000e+000 0.000e+000 0.000e+000 0.000e+000 0.000e+000 0.000e+000 0.000e+000 0.000e+000 0.000e+000 0.000e+000 0.000e+000 0.000e+000 0.000e+000 0.000e+000 0.000e+000 0.000e+000
 2.750e+003 2.930e+000 0.000e+000 0.000e+000 0.000e+000 0.000e+000 0.000e+000 0.000e+000 0.000e+000 0.000e+000 0.000e+000 0.000e+000 0.000e+000 0.000e+000 0.000e+000 0.000e+000 0.000e+000 0.000e+000 0.000e+000
 2.880e+003 2.930e+000 0.000e+000 0.000e+000 0.000e+000 0.000e+000 0.000e+000 0.000e+000 0.000e+000 0.000e+000 0.000e+000 0.000e+000 0.000e+000 0.000e+000 0.000e+000 0.000e+000 0.000e+000 0.000e+000 0.000e+000
 3.000e+003 2.930e+000 0.000e+000 0.000e+000 0.000e+000 0.000e+000 0.000e+000 0.000e+000 0.000e+000 0.000e+000 0.000e+000 0.000e+000 0.000e+000 0.000e+000 0.000e+000 0.000e+000 0.000e+000 0.000e+000 0.000e+000
 3.130e+003 2.930e+000 0.000e+000 0.000e+000 0.000e+000 0.000e+000 0.000e+000 0.000e+000 0.000e+000 0.000e+000 0.000e+000 0.000e+000 0.000e+000 0.000e+000 0.000e+000 0.000e+000 0.000e+000 0.000e+000 0.000e+000
 3.250e+003 2.930e+000 0.000e+000 0.000e+000 0.000e+000 0.000e+000 0.000e+000 0.000e+000 0.000e+000 0.000e+000 0.000e+000 0.000e+000 0.000e+000 0.000e+000 0.000e+000 0.000e+000 0.000e+000 0.000e+000 0.000e+000
 3.380e+003 2.930e+000 0.000e+000 0.000e+000 0.000e+000 0.000e+000 0.000e+000 0.000e+000 0.000e+000 0.000e+000 0.000e+000 0.000e+000 0.000e+000 0.000e+000 0.000e+000 0.000e+000 0.000e+000 0.000e+000 0.000e+000
 3.500e+003 2.930e+000 0.000e+000 0.000e+000 0.000e+000 0.000e+000 0.000e+000 0.000e+000 0.000e+000 0.000e+000 0.000e+000 0.000e+000 0.000e+000 0.000e+000 0.000e+000 0.000e+000 0.000e+000 0.000e+000 0.000e+000
 3.630e+003 2.930e+000 0.000e+000 0.000e+000 0.000e+000 0.000e+000 0.000e+000 0.000e+000 0.000e+000 0.000e+000 0.000e+000 0.000e+000 0.000e+000 0.000e+000 0.000e+000 0.000e+000 0.000e+000 0.000e+000 0.000e+000
 3.750e+003 2.930e+000 0.000e+000 0.000e+000 0.000e+000 0.000e+000 0.000e+000 0.000e+000 0.000e+000 0.000e+000 0.000e+000 0.000e+000 0.000e+000 0.000e+000 0.000e+000 0.000e+000 0.000e+000 0.000e+000 0.000e+000
 3.880e+003 2.930e+000 0.000e+000 0.000e+000 0.000e+000 0.000e+000 0.000e+000 0.000e+000 0.000e+000 0.000e+000 0.000e+000 0.000e+000 0.000e+000 0.000e+000 0.000e+000 0.000e+000 0.000e+000 0.000e+000 0.000e+000
 4.000e+003 2.930e+000 0.000e+000 0.000e+000 0.000e+000 0.000e+000 0.000e+000 0.000e+000 0.000e+000 0.000e+000 0.000e+000 0.000e+000 0.000e+000 0.000e+000 0.000e+000 0.000e+000 0.000e+000 0.000e+000 0.000e+000
 4.130e+003 2.930e+000 0.000e+000 0.000e+000 0.000e+000 0.000e+000 0.000e+000 0.000e+000 0.000e+000 0.000e+000 0.000e+000 0.000e+000 0.000e+000 0.000e+000 0.000e+000 0.000e+000 0.000e+000 0.000e+000 0.000e+000
 4.250e+003 2.930e+000 0.000e+000 0.000e+000 0.000e+000 0.000e+000 0.000e+000 0.000e+000 0.000e+000 0.000e+000 0.000e+000 0.000e+000 0.000e+000 0.000e+000 0.000e+000 0.000e+000 0.000e+000 0.000e+000 0.000e+000
 4.380e+003 2.930e+000 0.000e+000 0.000e+000 0.000e+000 0.000e+000 0.000e+000 0.000e+000 0.000e+000 0.000e+000 0.000e+000 0.000e+000 0.000e+000 0.000e+000 0.000e+000 0.000e+000 0.000e+000 0.000e+000 0.000e+000
 4.500e+003 2.930e+000 0.000e+000 0.000e+000 0.000e+000 0.000e+000 0.000e+000 0.000e+000 0.000e+000 0.000e+000 0.000e+000 0.000e+000 0.000e+000 0.000e+000 0.000e+000 0.000e+000 0.000e+000 0.000e+000 0.000e+000
 4.630e+003 2.930e+000 0.000e+000 0.000e+000 0.000e+000 0.000e+000 0.000e+000 0.000e+000 0.000e+000 0.000e+000 0.000e+000 0.000e+000 0.000e+000 0.000e+000 0.000e+000 0.000e+000 0.000e+000 0.000e+000 0.000e+000
 4.750e+003 2.930e+000 0.000e+000 0.000e+000 0.000e+000 0.000e+000 0.000e+000 0.000e+000 0.000e+000 0.000e+000 0.000e+000 0.000e+000 0.000e+000 0.000e+000 0.000e+000 0.000e+000 0.000e+000 0.000e+000 0.000e+000
 4.880e+003 2.930e+000 0.000e+000 0.000e+000 0.000e+000 0.000e+000 0.000e+000 0.000e+000 0.000e+000 0.000e+000 0.000e+000 0.000e+000 0.000e+000 0.000e+000 0.000e+000 0.000e+000 0.000e+000 0.000e+000 0.000e+000
 5.000e+003 2.930e+000 0.000e+000 0.000e+000 0.000e+000 0.000e+000 0.000e+000 0.000e+000 0.000e+000 0.000e+000 0.000e+000 0.000e+000 0.000e+000 0.000e+000 0.000e+000 0.000e+000 0.000e+000 0.000e+000 0.000e+000
 5.130e+003 2.930e+000 0.000e+000 0.000e+000 0.000e+000 0.000e+000 0.000e+000 0.000e+000 0.000e+000 0.000e+000 0.000e+000 0.000e+000 0.000e+000 0.000e+000 0.000e+000 0.000e+000 0.000e+000 0.000e+000 0.000e+000
 5.250e+003 2.930e+000 0.000e+000 0.000e+000 0.000e+000 0.000e+000 0.000e+000 0.000e+000 0.000e+000 0.000e+000 0.000e+000 0.000e+000 0.000e+000 0.000e+000 0.000e+000 0.000e+000 0.000e+000 0.000e+000 0.000e+000
 5.380e+003 2.930e+000 0.000e+000 0.000e+000 0.000e+000 0.000e+000 0.000e+000 0.000e+000 0.000e+000 0.000e+000 0.000e+000 0.000e+000 0.000e+000 0.000e+000 0.000e+000 0.000e+000 0.000e+000 0.000e+000 0.000e+000
 5.500e+003 2.930e+000 0.000e+000 0.000e+000 0.000e+000 0.000e+000 0.000e+000 0.000e+000 0.000e+000 0.000e+000 0.000e+000 0.000e+000 0.000e+000 0.000e+000 0.000e+000 0.000e+000 0.000e+000 0.000e+000 0.000e+000
 5.630e+003 2.930e+000 0.000e+000 0.000e+000 0.000e+000 0.000e+000 0.000e+000 0.000e+000 0.000e+000 0.000e+000 0.000e+000 0.000e+000 0.000e+000 0.000e+000 0.000e+000 0.000e+000 0.000e+000 0.000e+000 0.000e+000
 5.750e+003 2.930e+000 0.000e+000 0.000e+000 0.000e+000 0.000e+000 0.000e+000 0.000e+000 0.000e+000 0.000e+000 0.000e+000 0.000e+000 0.000e+000 0.000e+000 0.000e+000 0.000e+000 0.000e+000 0.000e+000 0.000e+000
 5.880e+003 2.930e+000 0.000e+000 0.000e+000 0.000e+000 0.000e+000 0.000e+000 0.000e+000 0.000e+000 0.000e+000 0.000e+000 0.000e+000 0.000e+000 0.000e+000 0.000e+000 0.000e+000 0.000e+000 0.000e+000 0.000e+000
 6.000e+003 2.930e+000 0.000e+000 0.000e+000 0.000e+000 0.000e+000 0.000e+000 0.000e+000 0.000e+000 0.000e+000 0.000e+000 0.000e+000 0.000e+000 0.000e+000 0.000e+000 0.000e+000 0.000e+000 0.000e+000 0.000e+000
 6.130e+003 2.930e+000 0.000e+000 0.000e+000 0.000e+000 0.000e+000 0.000e+000 0.000e+000 0.000e+000 0.000e+000 0.000e+000 0.000e+000 0.000e+000 0.000e+000 0.000e+000 0.000e+000 0.000e+000 0.000e+000 0.000e+000
 6.250e+003 2.930e+000 0.000e+000 0.000e+000 0.000e+000 0.000e+000 0.000e+000 0.000e+000 0.000e+000 0.000e+000 0.000e+000 0.000e+000 0.000e+000 0.000e+000 0.000e+000 0.000e+000 0.000e+000 0.000e+000 0.000e+000
 6.380e+003 2.930e+000 0.000e+000 0.000e+000 0.000e+000 0.000e+000 0.000e+000 0.000e+000 0.000e+000 0.000e+000 0.000e+000 0.000e+000 0.000e+000 0.000e+000 0.000e+000 0.000e+000 0.000e+000 0.000e+000 0.000e+000
 6.500e+003 2.930e+000 0.000e+000 0.000e+000 0.000e+000 0.000e+000 0.000e+000 0.000e+000 0.000e+000 0.000e+000 0.000e+000 0.000e+000 0.000e+000 0.000e+000 0.000e+000 0.000e+000 0.000e+000 0.000e+000 0.000e+000
 6.630e+003 2.930e+000 0.000e+000 0.000e+000 0.000e+000 0.000e+000 0.000e+000 0.000e+000 0.000e+000 0.000e+000 0.000e+000 0.000e+000 0.000e+000 0.000e+000 0.000e+000 0.000e+000 0.000e+000 0.000e+000 0.000e+000
 6.750e+003 2.930e+000 0.000e+000 0.000e+000 0.000e+000 0.000e+000 0.000e+000 0.000e+000 0.000e+000 0.000e+000 0.000e+000 0.000e+000 0.000e+000 0.000e+000 0.000e+000 0.000e+000 0.000e+000 0.000e+000 0.000e+000
 6.880e+003 2.930e+000 0.000e+000 0.000e+000 0.000e+000 0.000e+000 0.000e+000 0.000e+000 0.000e+000 0.000e+000 0.000e+000 0.000e+000 0.000e+000 0.000e+000 0.000e+000 0.000e+000 0.000e+000 0.000e+000 0.000e+000
 7.000e+003 2.930e+000 0.000e+000 0.000e+000 0.000e+000 0.000e+000 0.000e+000 0.000e+000 0.000e+000 0.000e+000 0.000e+000 0.000e+000 0.000e+000 0.000e+000 0.000e+000 0.000e+000 0.000e+000 0.000e+000 0.000e+000
 7.130e+003 2.930e+000 0.000e+000 0.000e+000 0.000e+000 0.000e+000 0.000e+000 0.000e+000 0.000e+000 0.000e+000 0.000e+000 0.000e+000 0.000e+000 0.000e+000 0.000e+000 0.000e+000 0.000e+000 0.000e+000 0.000e+000
 7.250e+003 2.930e+000 0.000e+000 0.000e+000 0.000e+000 0.000e+000 0.000e+000 0.000e+000 0.000e+000 0.000e+000 0.000e+000 0.000e+000 0.000e+000 0.000e+000 0.000e+000 0.000e+000 0.000e+000 0.000e+000 0.000e+000
 7.380e+003 2.930e+000 0.000e+000 0.000e+000 0.000e+000 0.000e+000 0.000e+000 0.000e+000 0.000e+000 0.000e+000 0.000e+000 0.000e+000 0.000e+000 0.000e+000 0.000e+000 0.000e+000 0.000e+000 0.000e+000 0.000e+000
 7.500e+003 2.930e+000 0.000e+000 0.000e+000 0.000e+000 0.000e+000 0.000e+000 0.000e+000 0.000e+000 0.000e+000 0.000e+000 0.000e+000 0.000e+000 0.000e+000 0.000e+000 0.000e+000 0.000e+000 0.000e+000 0.000e+000
 7.630e+003 2.930e+000 0.000e+000 0.000e+000 0.000e+000 0.000e+000 0.000e+000 0.000e+000 0.000e+000 0.000e+000 0.000e+000 0.000e+000 0.000e+000 0.000e+000 0.000e+000 0.000e+000 0.000e+000 0.000e+000 0.000e+000
 7.750e+003 2.930e+000 0.000e+000 0.000e+000 0.000e+000 0.000e+000 0.000e+000 0.000e+000 0.000e+000 0.000e+000 0.000e+000 0.000e+000 0.000e+000 0.000e+000 0.000e+000 0.000e+000 0.000e+000 0.000e+000 0.000e+000
 7.880e+003 2.930e+000 0.000e+000 0.000e+000 0.000e+000 0.000e+000 0.000e+000 0.000e+000 0.000e+000 0.000e+000 0.000e+000 0.000e+000 0.000e+000 0.000e+000 0.000e+000 0.000e+000 0.000e+000 0.000e+000 0.000e+000
 8.000e+003 2.930e+000 0.000e+000 0.000e+000 0.000e+000 0.000e+000 0.000e+000 0.000e+000 0.000e+000 0.000e+000 0.000e+000 0.000e+000 0.000e+000 0.000e+000 0.000e+000 0.000e+000 0.000e+000 0.000e+000 0.000e+000
 8.130e+003 2.930e+000 0.000e+000 0.000e+000 0.000e+000 0.000e+000 0.000e+000 0.000e+000 0.000e+000 0.000e+000 0.000e+000 0.000e+000 0.000e+000 0.000e+000 0.000e+000 0.000e+000 0.000e+000 0.000e+000 0.000e+000
 8.250e+003 2.930e+000 0.000e+000 0.000e+000 0.000e+000 0.000e+000 0.000e+000 0.000e+000 0.000e+000 0.000e+000 0.000e+000 0.000e+000 0.000e+000 0.000e+000 0.000e+000 0.000e+000 0.000e+000 0.000e+000 0.000e+000
 8.380e+003 2.930e+000 0.000e+000 0.000e+000 0.000e+000 0.000e+000 0.000e+000 0.000e+000 0.000e+000 0.000e+000 0.000e+000 0.000e+000 0.000e+000 0.000e+000 0.000e+000 0.000e+000 0.000e+000 0.000e+000 0.000e+000
 8.500e+003 2.930e+000 0.000e+000 0.000e+000 0.000e+000 0.000e+000 0.000e+000 0.000e+000 0.000e+000 0.000e+000 0.000e+000 0.000e+000 0.000e+000 0.000e+000 0.000e+000 0.000e+000 0.000e+000 0.000e+000 0.000e+000
 8.630e+003 2.930e+000 0.000e+000 0.000e+000 0.000e+000 0.000e+000 0.000e+000 0.000e+000 0.000e+000 0.000e+000 0.000e+000 0.000e+000 0.000e+000 0.000e+000 0.000e+000 0.000e+000 0.000e+000 0.000e+000 0.000e+000
 8.750e+003 2.930e+000 0.000e+000 0.000e+000 0.000e+000 0.000e+000 0.000e+000 0.000e+000 0.000e+000 0.000e+000 0.000e+000 0.000e+000 0.000e+000 0.000e+000 0.000e+000 0.000e+000 0.000e+000 0.000e+000 0.000e+000
 8.880e+003 2.930e+000 0.000e+000 0.000e+000 0.000e+000 0.000e+000 0.000e+000 0.000e+000 0.000e+000 0.000e+000 0.000e+000 0.000e+000 0.000e+000 0.000e+000 0.000e+000 0.000e+000 0.000e+000 0.000e+000 0.000e+000
 9.000e+003 2.930e+000 0.000e+000 0.000e+000 0.000e+000 0.000e+000 0.000e+000 0.000e+000 0.000e+000 0.000e+000 0.000e+000 0.000e+000 0.000e+000 0.000e+000 0.000e+000 0.000e+000 0.000e+000 0.000e+000 0.000e+000
 9.130e+003 2.930e+000 0.000e+000 0.000e+000 0.000e+000 0.000e+000 0.000e+000 0.000e+000 0.000e+000 0.000e+000 0.000e+000 0.000e+000 0.000e+000 0.000e+000 0.000e+000 0.000e+000 0.000e+000 0.000e+000 0.000e+000
 9.250e+003 2.930e+000 0.000e+000 0.000e+000 0.000e+000 0.000e+000 0.000e+000 0.000e+000 0.000e+000 0.000e+000 0.000e+000 0.000e+000 0.000e+000 0.000e+000 0.000e+000 0.000e+000 0.000e+000 0.000e+000 0.000e+000
 9.380e+003 2.930e+000 0.000e+000 0.000e+000 0.000e+000 0.000e+000 0.000e+000 0.000e+000 0.000e+000 0.000e+000 0.000e+000 0.000e+000 0.000e+000 0.000e+000 0.000e+000 0.000e+000 0.000e+000 0.000e+000 0.000e+000
 9.500e+003 2.930e+000 0.000e+000 0.000e+000 0.000e+000 0.000e+000 0.000e+000 0.000e+000 0.000e+000 0.000e+000 0.000e+000 0.000e+000 0.000e+000 0.000e+000 0.000e+000 0.000e+000 0.000e+000 0.000e+000 0.000e+000
 9.630e+003 2.930e+000 0.000e+000 0.000e+000 0.000e+000 0.000e+000 0.000e+000 0.000e+000 0.000e+000 0.000e+000 0.000e+000 0.000e+000 0.000e+000 0.000e+000 0.000e+000 0.000e+000 0.000e+000 0.000e+000 0.000e+000
 9.750e+003 2.930e+000 0.000e+000 0.000e+000 0.000e+000 0.000e+000 0.000e+000 0.000e+000 0.000e+000 0.000e+000 0.000e+000 0.000e+000 0.000e+000 0.000e+000 0.000e+000 0.000e+000 0.000e+000 0.000e+000 0.000e+000
 9.880e+003 2.930e+000 0.000e+000 0.000e+000 0.000e+000 0.000e+000 0.000e+000 0.000e+000 0.000e+000 0.000e+000 0.000e+000 0.000e+000 0.000e+000 0.000e+000 0.000e+000 0.000e+000 0.000e+000 0.000e+000 0.000e+000
 1.000e+004 2.930e+000 0.000e+000 0.000e+000 0.000e+000 0.000e+000 0.000e+000 0.000e+000 0.000e+000 0.000e+000 0.000e+000 0.000e+000 0.000e+000 0.000e+000 0.000e+000 0.000e+000 0.000e+000 0.000e+000 0.000e+000
 1.130e+004 2.930e+000 0.000e+000 0.000e+000 0.000e+000 0.000e+000 0.000e+000 0.000e+000 0.000e+000 0.000e+000 0.000e+000 0.000e+000 0.000e+000 0.000e+000 0.000e+000 0.000e+000 0.000e+000 0.000e+000 0.000e+000
 1.250e+004 2.930e+000 0.000e+000 0.000e+000 0.000e+000 0.000e+000 0.000e+000 0.000e+000 0.000e+000 0.000e+000 0.000e+000 0.000e+000 0.000e+000 0.000e+000 0.000e+000 0.000e+000 0.000e+000 0.000e+000 0.000e+000
 1.380e+004 2.930e+000 0.000e+000 0.000e+000 0.000e+000 0.000e+000 0.000e+000 0.000e+000 0.000e+000 0.000e+000 0.000e+000 0.000e+000 0.000e+000 0.000e+000 0.000e+000 0.000e+000 0.000e+000 0.000e+000 0.000e+000
 1.500e+004 2.930e+000 0.000e+000 0.000e+000 0.000e+000 0.000e+000 0.000e+000 0.000e+000 0.000e+000 0.000e+000 0.000e+000 0.000e+000 0.000e+000 0.000e+000 0.000e+000 0.000e+000 0.000e+000 0.000e+000 0.000e+000
 1.630e+004 2.930e+000 0.000e+000 0.000e+000 0.000e+000 0.000e+000 0.000e+000 0.000e+000 0.000e+000 0.000e+000 0.000e+000 0.000e+000 0.000e+000 0.000e+000 0.000e+000 0.000e+000 0.000e+000 0.000e+000 0.000e+000
 1.750e+004 2.930e+000 0.000e+000 0.000e+000 0.000e+000 0.000e+000 0.000e+000 0.000e+000 0.000e+000 0.000e+000 0.000e+000 0.000e+000 0.000e+000 0.000e+000 0.000e+000 0.000e+000 0.000e+000 0.000e+000 0.000e+000
 1.880e+004 2.930e+000 0.000e+000 0.000e+000 0.000e+000 0.000e+000 0.000e+000 0.000e+000 0.000e+000 0.000e+000 0.000e+000 0.000e+000 0.000e+000 0.000e+000 0.000e+000 0.000e+000 0.000e+000 0.000e+000 0.000e+000
 2.000e+004 2.930e+000 0.000e+000 0.000e+000 0.000e+000 0.000e+000 0.000e+000 0.000e+000 0.000e+000 0.000e+000 0.000e+000 0.000e+000 0.000e+000 0.000e+000 0.000e+000 0.000e+000 0.000e+000 0.000e+000 0.000e+000
 2.130e+004 2.930e+000 0.000e+000 0.000e+000 0.000e+000 0.000e+000 0.000e+000 0.000e+000 0.000e+000 0.000e+000 0.000e+000 0.000e+000 0.000e+000 0.000e+000 0.000e+000 0.000e+000 0.000e+000 0.000e+000 0.000e+000
 2.250e+004 2.930e+000 0.000e+000 0.000e+000 0.000e+000 0.000e+000 0.000e+000 0.000e+000 0.000e+000 0.000e+000 0.000e+000 0.000e+000 0.000e+000 0.000e+000 0.000e+000 0.000e+000 0.000e+000 0.000e+000 0.000e+000
 2.380e+004 2.930e+000 0.000e+000 0.000e+000 0.000e+000 0.000e+000 0.000e+000 0.000e+000 0.000e+000 0.000e+000 0.000e+000 0.000e+000 0.000e+000 0.000e+000 0.000e+000 0.000e+000 0.000e+000 0.000e+000 0.000e+000
 2.500e+004 2.930e+000 0.000e+000 0.000e+000 0.000e+000 0.000e+000 0.000e+000 0.000e+000 0.000e+000 0.000e+000 0.000e+000 0.000e+000 0.000e+000 0.000e+000 0.000e+000 0.000e+000 0.000e+000 0.000e+000 0.000e+000
 2.630e+004 2.930e+000 0.000e+000 0.000e+000 0.000e+000 0.000e+000 0.000e+000 0.000e+000 0.000e+000 0.000e+000 0.000e+000 0.000e+000 0.000e+000 0.000e+000 0.000e+000 0.000e+000 0.000e+000 0.000e+000 0.000e+000
 2.750e+004 2.930e+000 0.000e+000 0.000e+000 0.000e+000 0.000e+000 0.000e+000 0.000e+000 0.000e+000 0.000e+000 0.000e+000 0.000e+000 0.000e+000 0.000e+000 0.000e+000 0.000e+000 0.000e+000 0.000e+000 0.000e+000
 2.880e+004 2.930e+000 0.000e+000 0.000e+000 0.000e+000 0.000e+000 0.000e+000 0.000e+000 0.000e+000 0.000e+000 0.000e+000 0.000e+000 0.000e+000 0.000e+000 0.000e+000 0.000e+000 0.000e+000 0.000e+000 0.000e+000
 3.000e+004 2.930e+000 0.000e+000 0.000e+000 0.000e+000 0.000e+000 0.000e+000 0.000e+000 0.000e+000 0.000e+000 0.000e+000 0.000e+000 0.000e+000 0.000e+000 0.000e+000 0.000e+000 0.000e+000 0.000e+000 0.000e+000
 3.130e+004 2.930e+000 0.000e+000 0.000e+000 0.000e+000 0.000e+000 0.000e+000 0.000e+000 0.000e+000 0.000e+000 0.000e+000 0.000e+000 0.000e+000 0.000e+000 0.000e+000 0.000e+000 0.000e+000 0.000e+000 0.000e+000
 3.250e+004 2.930e+000 0.000e+000 0.000e+000 0.000e+000 0.000e+000 0.000e+000 0.000e+000 0.000e+000 0.000e+000 0.000e+000 0.000e+000 0.000e+000 0.000e+000 0.000e+000 0.000e+000 0.000e+000 0.000e+000 0.000e+000
 3.380e+004 2.930e+000 0.000e+000 0.000e+000 0.000e+000 0.000e+000 0.000e+000 0.000e+000 0.000e+000 0.000e+000 0.000e+000 0.000e+000 0.000e+000 0.000e+000 0.000e+000 0.000e+000 0.000e+000 0.000e+000 0.000e+000
 3.500e+004 2.930e+000 0.000e+000 0.000e+000 0.000e+000 0.000e+000 0.000e+000 0.000e+000 0.000e+000 0.000e+000 0.000e+000 0.000e+000 0.000e+000 0.000e+000 0.000e+000 0.000e+000 0.000e+000 0.000e+000 0.000e+000
 3.630e+004 2.930e+000 0.000e+000 0.000e+000 0.000e+000 0.000e+000 0.000e+000 0.000e+000 0.000e+000 0.000e+000 0.000e+000 0.000e+000 0.000e+000 0.000e+000 0.000e+000 0.000e+000 0.000e+000 0.000e+000 0.000e+000
 3.750e+004 2.930e+000 0.000e+000 0.000e+000 0.000e+000 0.000e+000 0.000e+000 0.000e+000 0.000e+000 0.000e+000 0.000e+000 0.000e+000 0.000e+000 0.000e+000 0.000e+000 0.000e+000 0.000e+000 0.000e+000 0.000e+000
 3.880e+004 2.930e+000 0.000e+000 0.000e+000 0.000e+000 0.000e+000 0.000e+000 0.000e+000 0.000e+000 0.000e+000 0.000e+000 0.000e+000 0.000e+000 0.000e+000 0.000e+000 0.000e+000 0.000e+000 0.000e+000 0.000e+000
 4.000e+004 2.930e+000 0.000e+000 0.000e+000 0.000e+000 0.000e+000 0.000e+000 0.000e+000 0.000e+000 0.000e+000 0.000e+000 0.000e+000 0.000e+000 0.000e+000 0.000e+000 0.000e+000 0.000e+000 0.000e+000 0.000e+000
 4.130e+004 2.930e+000 0.000e+000 0.000e+000 0.000e+000 0.000e+000 0.000e+000 0.000e+000 0.000e+000 0.000e+000 0.000e+000 0.000e+000 0.000e+000 0.000e+000 0.000e+000 0.000e+000 0.000e+000 0.000e+000 0.000e+000
 4.250e+004 2.930e+000 0.000e+000 0.000e+000 0.000e+000 0.000e+000 0.000e+000 0.000e+000 0.000e+000 0.000e+000 0.000e+000 0.000e+000 0.000e+000 0.000e+000 0.000e+000 0.000e+000 0.000e+000 0.000e+000 0.000e+000
 4.380e+004 2.930e+000 0.000e+000 0.000e+000 0.000e+000 0.000e+000 0.000e+000 0.000e+000 0.000e+000 0.000e+000 0.000e+000 0.000e+000 0.000e+000 0.000e+000 0.000e+000 0.000e+000 0.000e+000 0.000e+000 0.000e+000
 4.500e+004 2.930e+000 0.000e+000 0.000e+000 0.000e+000 0.000e+000 0.000e+000 0.000e+000 0.000e+000 0.000e+000 0.000e+000 0.000e+000 0.000e+000 0.000e+000 0.000e+000 0.000e+000 0.000e+000 0.000e+000 0.000e+000
 4.630e+004 2.930e+000 0.000e+000 0.000e+000 0.000e+000 0.000e+000 0.000e+000 0.000e+000 0.000e+000 0.000e+000 0.000e+000 0.000e+000 0.000e+000 0.000e+000 0.000e+000 0.000e+000 0.000e+000 0.000e+000 0.000e+000
 4.750e+004 2.930e+000 0.000e+000 0.000e+000 0.000e+000 0.000e+000 0.000e+000 0.000e+000 0.000e+000 0.000e+000 0.000e+000 0.000e+000 0.000e+000 0.000e+000 0.000e+000 0.000e+000 0.000e+000 0.000e+000 0.000e+000
 4.880e+004 2.930e+000 0.000e+000 0.000e+000 0.000e+000 0.000e+000 0.000e+000 0.000e+000 0.000e+000 0.000e+000 0.000e+000 0.000e+000 0.000e+000 0.000e+000 0.000e+000 0.000e+000 0.000e+000 0.000e+000 0.000e+000
 5.000e+004 2.930e+000 0.000e+000 0.000e+000 0.000e+000 0.000e+000 0.000e+000 0.000e+000 0.000e+000 0.000e+000 0.000e+000 0.000e+000 0.000e+000 0.000e+000 0.000e+000 0.000e+000 0.000e+000 0.000e+000 0.000e+000
 5.130e+004 2.930e+000 0.000e+000 0.000e+000 0.000e+000 0.000e+000 0.000e+000 0.000e+000 0.000e+000 0.000e+000 0.000e+000 0.000e+000 0.000e+000 0.000e+000 0.000e+000 0.000e+000 0.000e+000 0.000e+000 0.000e+000
 5.250e+004 2.930e+000 0.000e+000 0.000e+000 0.000e+000 0.000e+000 0.000e+000 0.000e+000 0.000e+000 0.000e+000 0.000e+000 0.000e+000 0.000e+000 0.000e+000 0.000e+000 0.000e+000 0.000e+000 0.000e+000 0.000e+000
 5.380e+004 2.930e+000 0.000e+000 0.000e+000 0.000e+000 0.000e+000 0.000e+000 0.000e+000 0.000e+000 0.000e+000 0.000e+000 0.000e+000 0.000e+000 0.000e+000 0.000e+000 0.000e+000 0.000e+000 0.000e+000 0.000e+000
 5.500e+004 2.930e+000 0.000e+000 0.000e+000 0.000e+000 0.000e+000 0.000e+000 0.000e+000 0.000e+000 0.000e+000 0.000e+000 0.000e+000 0.000e+000 0.000e+000 0.000e+000 0.000e+000 0.000e+000 0.000e+000 0.000e+000
 5.630e+004 2.930e+000 0.000e+000 0.000e+000 0.000e+000 0.000e+000 0.000e+000 0.000e+000 0.000e+000 0.000e+000 0.000e+000 0.000e+000 0.000e+000 0.000e+000 0.000e+000 0.000e+000 0.000e+000 0.000e+000 0.000e+000
 5.750e+004 2.930e+000 0.000e+000 0.000e+000 0.000e+000 0.000e+000 0.000e+000 0.000e+000 0.000e+000 0.000e+000 0.000e+000 0.000e+000 0.000e+000 0.000e+000 0.000e+000 0.000e+000 0.000e+000 0.000e+000 0.000e+000
 5.880e+004 2.930e+000 0.000e+000 0.000e+000 0.000e+000 0.000e+000 0.000e+000 0.000e+000 0.000e+000 0.000e+000 0.000e+000 0.000e+000 0.000e+000 0.000e+000 0.000e+000 0.000e+000 0.000e+000 0.000e+000 0.000e+000
 6.000e+004 2.930e+000 0.000e+000 0.000e+000 0.000e+000 0.000e+000 0.000e+000 0.000e+000 0.000e+000 0.000e+000 0.000e+000 0.000e+000 0.000e+000 0.000e+000 0.000e+000 0.000e+000 0.000e+000 0.000e+000 0.000e+000
 6.130e+004 2.930e+000 0.000e+000 0.000e+000 0.000e+000 0.000e+000 0.000e+000 0.000e+000 0.000e+000 0.000e+000 0.000e+000 0.000e+000 0.000e+000 0.000e+000 0.000e+000 0.000e+000 0.000e+000 0.000e+000 0.000e+000
 6.250e+004 2.930e+000 0.000e+000 0.000e+000 0.000e+000 0.000e+000 0.000e+000 0.000e+000 0.000e+000 0.000e+000 0.000e+000 0.000e+000 0.000e+000 0.000e+000 0.000e+000 0.000e+000 0.000e+000 0.000e+000 0.000e+000
 6.380e+004 2.930e+000 0.000e+000 0.000e+000 0.000e+000 0.000e+000 0.000e+000 0.000e+000 0.000e+000 0.000e+000 0.000e+000 0.000e+000 0.000e+000 0.000e+000 0.000e+000 0.000e+000 0.000e+000 0.000e+000 0.000e+000
 6.500e+004 2.930e+000 0.000e+000 0.000e+000 0.000e+000 0.000e+000 0.000e+000 0.000e+000 0.000e+000 0.000e+000 0.000e+000 0.000e+000 0.000e+000 0.000e+000 0.000e+000 0.000e+000 0.000e+000 0.000e+000 0.000e+000
 6.630e+004 2.930e+000 0.000e+000 0.000e+000 0.000e+000 0.000e+000 0.000e+000 0.000e+000 0.000e+000 0.000e+000 0.000e+000 0.000e+000 0.000e+000 0.000e+000 0.000e+000 0.000e+000 0.000e+000 0.000e+000 0.000e+000
 6.750e+004 2.930e+000 0.000e+000 0.000e+000 0.000e+000 0.000e+000 0.000e+000 0.000e+000 0.000e+000 0.000e+000 0.000e+000 0.000e+000 0.000e+000 0.000e+000 0.000e+000 0.000e+000 0.000e+000 0.000e+000 0.000e+000
 6.880e+004 2.930e+000 0.000e+000 0.000e+000 0.000e+000 0.000e+000 0.000e+000 0.000e+000 0.000e+000 0.000e+000 0.000e+000 0.000e+000 0.000e+000 0.000e+000 0.000e+000 0.000e+000 0.000e+000 0.000e+000 0.000e+000
 7.000e+004 2.930e+000 0.000e+000 0.000e+000 0.000e+000 0.000e+000 0.000e+000 0.000e+000 0.000e+000 0.000e+000 0.000e+000 0.000e+000 0.000e+000 0.000e+000 0.000e+000 0.000e+000 0.000e+000 0.000e+000 0.000e+000
 7.130e+004 2.930e+000 0.000e+000 0.000e+000 0.000e+000 0.000e+000 0.000e+000 0.000e+000 0.000e+000 0.000e+000 0.000e+000 0.000e+000 0.000e+000 0.000e+000 0.000e+000 0.000e+000 0.000e+000 0.000e+000 0.000e+000
 7.250e+004 2.930e+000 0.000e+000 0.000e+000 0.000e+000 0.000e+000 0.000e+000 0.000e+000 0.000e+000 0.000e+000 0.000e+000 0.000e+000 0.000e+000 0.000e+000 0.000e+000 0.000e+000 0.000e+000 0.000e+000 0.000e+000
 7.380e+004 2.930e+000 0.000e+000 0.000e+000 0.000e+000 0.000e+000 0.000e+000 0.000e+000 0.000e+000 0.000e+000 0.000e+000 0.000e+000 0.000e+000 0.000e+000 0.000e+000 0.000e+000 0.000e+000 0.000e+000 0.000e+000
 7.500e+004 2.930e+000 0.000e+000 0.000e+000 0.000e+000 0.000e+000 0.000e+000 0.000e+000 0.000e+000 0.000e+000 0.000e+000 0.000e+000 0.000e+000 0.000e+000 0.000e+000 0.000e+000 0.000e+000 0.000e+000 0.000e+000
 7.630e+004 2.930e+000 0.000e+000 0.000e+000 0.000e+000 0.000e+000 0.000e+000 0.000e+000 0.000e+000 0.000e+000 0.000e+000 0.000e+000 0.000e+000 0.000e+000 0.000e+000 0.000e+000 0.000e+000 0.000e+000 0.000e+000
 7.750e+004 2.930e+000 0.000e+000 0.000e+000 0.000e+000 0.000e+000 0.000e+000 0.000e+000 0.000e+000 0.000e+000 0.000e+000 0.000e+000 0.000e+000 0.000e+000 0.000e+000 0.000e+000 0.000e+000 0.000e+000 0.000e+000
 7.880e+004 2.930e+000 0.000e+000 0.000e+000 0.000e+000 0.000e+000 0.000e+000 0.000e+000 0.000e+000 0.000e+000 0.000e+000 0.000e+000 0.000e+000 0.000e+000 0.000e+000 0.000e+000 0.000e+000 0.000e+000 0.000e+000
 8.000e+004 2.930e+000 0.000e+000 0.000e+000 0.000e+000 0.000e+000 0.000e+000 0.000e+000 0.000e+000 0.000e+000 0.000e+000 0.000e+000 0.000e+000 0.000e+000 0.000e+000 0.000e+000 0.000e+000 0.000e+000 0.000e+000
 8.130e+004 2.930e+000 0.000e+000 0.000e+000 0.000e+000 0.000e+000 0.000e+000 0.000e+000 0.000e+000 0.000e+000 0.000e+000 0.000e+000 0.000e+000 0.000e+000 0.000e+000 0.000e+000 0.000e+000 0.000e+000 0.000e+000
 8.250e+004 2.930e+000 0.000e+000 0.000e+000 0.000e+000 0.000e+000 0.000e+000 0.000e+000 0.000e+000 0.000e+000 0.000e+000 0.000e+000 0.000e+000 0.000e+000 0.000e+000 0.000e+000 0.000e+000 0.000e+000 0.000e+000
 8.380e+004 2.930e+000 0.000e+000 0.000e+000 0.000e+000 0.000e+000 0.000e+000 0.000e+000 0.000e+000 0.000e+000 0.000e+000 0.000e+000 0.000e+000 0.000e+000 0.000e+000 0.000e+000 0.000e+000 0.000e+000 0.000e+000
 8.500e+004 2.930e+000 0.000e+000 0.000e+000 0.000e+000 0.000e+000 0.000e+000 0.000e+000 0.000e+000 0.000e+000 0.000e+000 0.000e+000 0.000e+000 0.000e+000 0.000e+000 0.000e+000 0.000e+000 0.000e+000 0.000e+000
 8.630e+004 2.930e+000 0.000e+000 0.000e+000 0.000e+000 0.000e+000 0.000e+000 0.000e+000 0.000e+000 0.000e+000 0.000e+000 0.000e+000 0.000e+000 0.000e+000 0.000e+000 0.000e+000 0.000e+000 0.000e+000 0.000e+000
 8.750e+004 2.930e+000 0.000e+000 0.000e+000 0.000e+000 0.000e+000 0.000e+000 0.000e+000 0.000e+000 0.000e+000 0.000e+000 0.000e+000 0.000e+000 0.000e+000 0.000e+000 0.000e+000 0.000e+000 0.000e+000 0.000e+000
 8.880e+004 2.930e+000 0.000e+000 0.000e+000 0.000e+000 0.000e+000 0.000e+000 0.000e+000 0.000e+000 0.000e+000 0.000e+000 0.000e+000 0.000e+000 0.000e+000 0.000e+000 0.000e+000 0.000e+000 0.000e+000 0.000e+000
 9.000e+004 2.930e+000 0.000e+000 0.000e+000 0.000e+000 0.000e+000 0.000e+000 0.000e+000 0.000e+000 0.000e+000 0.000e+000 0.000e+000 0.000e+000 0.000e+000 0.000e+000 0.000e+000 0.000e+000 0.000e+000 0.000e+000
 9.130e+004 2.930e+000 0.000e+000 0.000e+000 0.000e+000 0.000e+000 0.000e+000 0.000e+000 0.000e+000 0.000e+000 0.000e+000 0.000e+000 0.000e+000 0.000e+000 0.000e+000 0.000e+000 0.000e+000 0.000e+000 0.000e+000
 9.250e+004 2.930e+000 0.000e+000 0.000e+000 0.000e+000 0.000e+000 0.000e+000 0.000e+000 0.000e+000 0.000e+000 0.000e+000 0.000e+000 0.000e+000 0.000e+000 0.000e+000 0.000e+000 0.000e+000 0.000e+000 0.000e+000
 9.380e+004 2.930e+000 0.000e+000 0.000e+000 0.000e+000 0.000e+000 0.000e+000 0.000e+000 0.000e+000 0.000e+000 0.000e+000 0.000e+000 0.000e+000 0.000e+000 0.000e+000 0.000e+000 0.000e+000 0.000e+000 0.000e+000
 9.500e+004 2.930e+000 0.000e+000 0.000e+000 0.000e+000 0.000e+000 0.000e+000 0.000e+000 0.000e+000 0.000e+000 0.000e+000 0.000e+000 0.000e+000 0.000e+000 0.000e+000 0.000e+000 0.000e+000 0.000e+000 0.000e+000
 9.630e+004 2.930e+000 0.000e+000 0.000e+000 0.000e+000 0.000e+000 0.000e+000 0.000e+000 0.000e+000 0.000e+000 0.000e+000 0.000e+000 0.000e+000 0.000e+000 0.000e+000 0.000e+000 0.000e+000 0.000e+000 0.000e+000
 9.750e+004 2.930e+000 0.000e+000 0.000e+000 0.000e+000 0.000e+000 0.000e+000 0.000e+000 0.000e+000 0.000e+000 0.000e+000 0.000e+000 0.000e+000 0.000e+000 0.000e+000 0.000e+000 0.000e+000 0.000e+000 0.000e+000
 9.880e+004 2.930e+000 0.000e+000 0.000e+000 0.000e+000 0.000e+000 0.000e+000 0.000e+000 0.000e+000 0.000e+000 0.000e+000 0.000e+000 0.000e+000 0.000e+000 0.000e+000 0.000e+000 0.000e+000 0.000e+000 0.000e+000
 1.000e+005 2.930e+000 0.000e+000 0.000e+000 0.000e+000 0.000e+000 0.000e+000 0.000e+000 0.000e+000 0.000e+000 0.000e+000 0.000e+000 0.000e+000 0.000e+000 0.000e+000 0.000e+000 0.000e+000 0.000e+000 0.000e+000
