 6.250e+000 2.930e+000 0.000e+000 0.000e+000 0.000e+000 0.000e+000 0.000e+000 0.000e+000 0.000e+000 0.000e+000 0.000e+000 0.000e+000 0.000e+000 0.000e+000 0.000e+000 0.000e+000 0.000e+000 0.000e+000 0.000e+000
 7.500e+000 2.930e+000 0.000e+000 0.000e+000 0.000e+000 0.000e+000 0.000e+000 0.000e+000 0.000e+000 0.000e+000 0.000e+000 0.000e+000 0.000e+000 0.000e+000 0.000e+000 0.000e+000 0.000e+000 0.000e+000 0.000e+000
 8.750e+000 2.930e+000 0.000e+000 0.000e+000 0.000e+000 0.000e+000 0.000e+000 0.000e+000 0.000e+000 0.000e+000 0.000e+000 0.000e+000 0.000e+000 0.000e+000 0.000e+000 0.000e+000 0.000e+000 0.000e+000 0.000e+000
 1.000e+001 2.930e+000 0.000e+000 0.000e+000 0.000e+000 0.000e+000 0.000e+000 0.000e+000 0.000e+000 0.000e+000 0.000e+000 0.000e+000 0.000e+000 0.000e+000 0.000e+000 0.000e+000 0.000e+000 0.000e+000 0.000e+000
 1.130e+001 2.930e+000 2.400e+001 8.405e+003-1.788e+002-7.309e+002-4.911e+003 1.409e+004 1.447e+005 2.202e+003-3.793e+003-3.870e+003-9.798e+003 9.044e+003 2.371e+002 4.161e+003 4.603e+004-1.924e+003 9.702e+004
 1.250e+001 2.930e+000 0.000e+000 0.000e+000 0.000e+000 0.000e+000 0.000e+000 0.000e+000 0.000e+000 0.000e+000 0.000e+000 0.000e+000 0.000e+000 0.000e+000 0.000e+000 0.000e+000 0.000e+000 0.000e+000 0.000e+000
 1.380e+001 2.930e+000 0.000e+000 0.000e+000 0.000e+000 0.000e+000 0.000e+000 0.000e+000 0.000e+000 0.000e+000 0.000e+000 0.000e+000 0.000e+000 0.000e+000 0.000e+000 0.000e+000 0.000e+000 0.000e+000 0.000e+000
 1.500e+001 2.930e+000 2.400e+001 7.175e+003-2.534e+003-1.016e+002-1.091e+004 8.119e+003 1.212e+005-4.834e+002-1.054e+004-4.102e+003-3.251e+003 7.612e+003 5.202e+003 5.607e+003 4.375e+004-5.075e+003 9.421e+004
 1.630e+001 2.930e+000 0.000e+000 0.000e+000 0.000e+000 0.000e+000 0.000e+000 0.000e+000 0.000e+000 0.000e+000 0.000e+000 0.000e+000 0.000e+000 0.000e+000 0.000e+000 0.000e+000 0.000e+000 0.000e+000 0.000e+000
 1.750e+001 2.930e+000 2.400e+001 9.646e+003-5.779e+003 1.345e+003-3.079e+002 7.188e+003 6.463e+004 9.596e+002 2.497e+002-3.957e+003-6.232e+003 5.538e+003-3.662e+003 2.662e+003 1.604e+004-1.313e+003 4.693e+004
 1.880e+001 2.930e+000 0.000e+000 0.000e+000 0.000e+000 0.000e+000 0.000e+000 0.000e+000 0.000e+000 0.000e+000 0.000e+000 0.000e+000 0.000e+000 0.000e+000 0.000e+000 0.000e+000 0.000e+000 0.000e+000 0.000e+000
 2.000e+001 2.930e+000 2.400e+001 1.061e+004-7.722e+003 3.831e+002-8.862e+003 5.647e+003 6.966e+004-6.408e+003-3.813e+003-6.008e+003-2.285e+003 7.331e+003 6.090e+003 8.299e+003 3.694e+004-3.589e+003 5.236e+004
 2.130e+001 2.930e+000 0.000e+000 0.000e+000 0.000e+000 0.000e+000 0.000e+000 0.000e+000 0.000e+000 0.000e+000 0.000e+000 0.000e+000 0.000e+000 0.000e+000 0.000e+000 0.000e+000 0.000e+000 0.000e+000 0.000e+000
 2.250e+001 2.930e+000 0.000e+000 0.000e+000 0.000e+000 0.000e+000 0.000e+000 0.000e+000 0.000e+000 0.000e+000 0.000e+000 0.000e+000 0.000e+000 0.000e+000 0.000e+000 0.000e+000 0.000e+000 0.000e+000 0.000e+000
 2.380e+001 2.930e+000 2.100e+001 1.188e+004-7.981e+003-3.851e+002-9.585e+003 3.952e+003 5.157e+004-3.455e+003-5.736e+003-7.282e+003-1.512e+003 8.764e+003 5.161e+003 2.472e+003 1.560e+004-4.760e+002 3.554e+004
 2.500e+001 2.930e+000 0.000e+000 0.000e+000 0.000e+000 0.000e+000 0.000e+000 0.000e+000 0.000e+000 0.000e+000 0.000e+000 0.000e+000 0.000e+000 0.000e+000 0.000e+000 0.000e+000 0.000e+000 0.000e+000 0.000e+000
 2.630e+001 2.930e+000 2.400e+001 2.400e+004-1.396e+004 3.645e+003-8.926e+003 3.796e+003 1.005e+005-7.270e+003-9.801e+003-1.790e+004 5.730e+002 1.964e+004-2.402e+002-6.119e+003 2.107e+004 7.416e+003 4.261e+004
 2.750e+001 2.930e+000 0.000e+000 0.000e+000 0.000e+000 0.000e+000 0.000e+000 0.000e+000 0.000e+000 0.000e+000 0.000e+000 0.000e+000 0.000e+000 0.000e+000 0.000e+000 0.000e+000 0.000e+000 0.000e+000 0.000e+000
 2.880e+001 2.930e+000 2.400e+001 1.963e+004-1.063e+004 1.278e+003-6.344e+003 2.119e+003 1.158e+005-8.532e+003-7.126e+003-1.276e+004-1.087e+003 1.526e+004-3.815e+003-3.023e+003 1.456e+004 7.180e+003 4.168e+004
 3.000e+001 2.930e+000 0.000e+000 0.000e+000 0.000e+000 0.000e+000 0.000e+000 0.000e+000 0.000e+000 0.000e+000 0.000e+000 0.000e+000 0.000e+000 0.000e+000 0.000e+000 0.000e+000 0.000e+000 0.000e+000 0.000e+000
 3.130e+001 2.930e+000 0.000e+000 0.000e+000 0.000e+000 0.000e+000 0.000e+000 0.000e+000 0.000e+000 0.000e+000 0.000e+000 0.000e+000 0.000e+000 0.000e+000 0.000e+000 0.000e+000 0.000e+000 0.000e+000 0.000e+000
 3.250e+001 2.930e+000 2.400e+001 4.094e+004-8.071e+003 2.980e+003-1.992e+004 1.382e+004 6.074e+005-7.781e+003-4.435e+004-2.855e+004-2.779e+003 2.623e+004 9.897e+003-5.653e+003-1.288e+004 7.095e+003 4.628e+004
 3.380e+001 2.930e+000 0.000e+000 0.000e+000 0.000e+000 0.000e+000 0.000e+000 0.000e+000 0.000e+000 0.000e+000 0.000e+000 0.000e+000 0.000e+000 0.000e+000 0.000e+000 0.000e+000 0.000e+000 0.000e+000 0.000e+000
 3.500e+001 2.930e+000 2.400e+001 4.255e+004 1.164e+005 7.045e+003-2.957e+004 4.902e+004 5.124e+006 1.444e+005-1.665e+004-2.500e+004-2.606e+004 2.521e+004 1.782e+004-2.853e+003-4.822e+005 5.153e+003 8.813e+004
 3.630e+001 2.930e+000 0.000e+000 0.000e+000 0.000e+000 0.000e+000 0.000e+000 0.000e+000 0.000e+000 0.000e+000 0.000e+000 0.000e+000 0.000e+000 0.000e+000 0.000e+000 0.000e+000 0.000e+000 0.000e+000 0.000e+000
 3.750e+001 2.930e+000 2.400e+001 6.860e+004 2.037e+004 7.856e+003-3.589e+004 4.378e+004 2.254e+005 3.795e+004 1.648e+004-4.937e+004-2.192e+004 5.298e+004 1.325e+004-3.367e+003-5.907e+003 9.736e+003 7.961e+004
 3.880e+001 2.930e+000 0.000e+000 0.000e+000 0.000e+000 0.000e+000 0.000e+000 0.000e+000 0.000e+000 0.000e+000 0.000e+000 0.000e+000 0.000e+000 0.000e+000 0.000e+000 0.000e+000 0.000e+000 0.000e+000 0.000e+000
 4.000e+001 2.930e+000 0.000e+000 0.000e+000 0.000e+000 0.000e+000 0.000e+000 0.000e+000 0.000e+000 0.000e+000 0.000e+000 0.000e+000 0.000e+000 0.000e+000 0.000e+000 0.000e+000 0.000e+000 0.000e+000 0.000e+000
 4.130e+001 2.930e+000 2.400e+001 1.919e+005 6.595e+004 1.739e+004-2.155e+004 7.472e+004 1.825e+005 1.029e+005 2.214e+003-1.645e+005-5.254e+004 1.825e+005-1.747e+004 4.169e+003 4.134e+004 1.950e+004 8.344e+004
 4.250e+001 2.930e+000 0.000e+000 0.000e+000 0.000e+000 0.000e+000 0.000e+000 0.000e+000 0.000e+000 0.000e+000 0.000e+000 0.000e+000 0.000e+000 0.000e+000 0.000e+000 0.000e+000 0.000e+000 0.000e+000 0.000e+000
 4.380e+001 2.930e+000 2.400e+001 3.197e+005-7.116e+004 2.496e+004-1.146e+005 1.849e+005 1.812e+005-4.578e+003-3.532e+004-2.679e+005-1.694e+005 3.206e+005 7.137e+003-5.962e+004 1.953e+004 1.213e+005 2.457e+005
 4.500e+001 2.930e+000 0.000e+000 0.000e+000 0.000e+000 0.000e+000 0.000e+000 0.000e+000 0.000e+000 0.000e+000 0.000e+000 0.000e+000 0.000e+000 0.000e+000 0.000e+000 0.000e+000 0.000e+000 0.000e+000 0.000e+000
 4.630e+001 2.930e+000 2.400e+001 1.118e+006-2.428e+005 2.539e+005-4.039e+005 6.446e+005 5.163e+005 9.168e+004-1.469e+005-8.715e+005-5.518e+005 1.147e+006 1.563e+004 7.772e+003 2.039e+005 2.079e+005 6.306e+005
 4.750e+001 2.930e+000 0.000e+000 0.000e+000 0.000e+000 0.000e+000 0.000e+000 0.000e+000 0.000e+000 0.000e+000 0.000e+000 0.000e+000 0.000e+000 0.000e+000 0.000e+000 0.000e+000 0.000e+000 0.000e+000 0.000e+000
 4.880e+001 2.930e+000 0.000e+000 0.000e+000 0.000e+000 0.000e+000 0.000e+000 0.000e+000 0.000e+000 0.000e+000 0.000e+000 0.000e+000 0.000e+000 0.000e+000 0.000e+000 0.000e+000 0.000e+000 0.000e+000 0.000e+000
 5.000e+001 2.930e+000 2.400e+001 3.946e+008-3.025e+007-7.321e+006-1.972e+008 1.549e+008 6.398e+007-1.182e+007-6.704e+007-1.135e+008-4.448e+007 3.336e+007 5.972e+007 1.400e+008 7.064e+007-3.670e+007 1.489e+008
 5.130e+001 2.930e+000 0.000e+000 0.000e+000 0.000e+000 0.000e+000 0.000e+000 0.000e+000 0.000e+000 0.000e+000 0.000e+000 0.000e+000 0.000e+000 0.000e+000 0.000e+000 0.000e+000 0.000e+000 0.000e+000 0.000e+000
 5.250e+001 2.930e+000 2.400e+001 1.363e+006-2.729e+005 2.210e+005-5.256e+005 7.784e+005 5.586e+005 3.430e+004-2.354e+005-8.780e+005-5.369e+005 7.944e+005 1.531e+005-1.508e+004 1.898e+005 1.093e+005 5.917e+005
 5.380e+001 2.930e+000 0.000e+000 0.000e+000 0.000e+000 0.000e+000 0.000e+000 0.000e+000 0.000e+000 0.000e+000 0.000e+000 0.000e+000 0.000e+000 0.000e+000 0.000e+000 0.000e+000 0.000e+000 0.000e+000 0.000e+000
 5.500e+001 2.930e+000 0.000e+000 0.000e+000 0.000e+000 0.000e+000 0.000e+000 0.000e+000 0.000e+000 0.000e+000 0.000e+000 0.000e+000 0.000e+000 0.000e+000 0.000e+000 0.000e+000 0.000e+000 0.000e+000 0.000e+000
 5.630e+001 2.930e+000 2.400e+001 3.177e+005-7.363e+004 4.615e+004-1.130e+005 1.500e+005 1.188e+005-5.916e+003-4.658e+004-1.935e+005-9.631e+004 1.831e+005 3.112e+004-3.144e+004 3.838e+004 6.793e+004 1.746e+005
 5.750e+001 2.930e+000 0.000e+000 0.000e+000 0.000e+000 0.000e+000 0.000e+000 0.000e+000 0.000e+000 0.000e+000 0.000e+000 0.000e+000 0.000e+000 0.000e+000 0.000e+000 0.000e+000 0.000e+000 0.000e+000 0.000e+000
 5.880e+001 2.930e+000 2.400e+001 2.492e+005-1.706e+004 2.121e+004-7.471e+004 1.050e+005 7.625e+004 5.441e+003-2.375e+004-1.637e+005-7.519e+004 1.335e+005 3.330e+004-1.893e+004 3.577e+003 2.745e+004 7.174e+004
 6.000e+001 2.930e+000 0.000e+000 0.000e+000 0.000e+000 0.000e+000 0.000e+000 0.000e+000 0.000e+000 0.000e+000 0.000e+000 0.000e+000 0.000e+000 0.000e+000 0.000e+000 0.000e+000 0.000e+000 0.000e+000 0.000e+000
 6.130e+001 2.930e+000 2.400e+001 6.851e+004-1.625e+004 4.407e+003-2.892e+004 3.569e+004 3.835e+004-3.958e+003-1.223e+004-3.768e+004-2.162e+004 3.438e+004 4.412e+003 1.580e+003 9.877e+003 8.037e+003 4.671e+004
 6.250e+001 2.930e+000 0.000e+000 0.000e+000 0.000e+000 0.000e+000 0.000e+000 0.000e+000 0.000e+000 0.000e+000 0.000e+000 0.000e+000 0.000e+000 0.000e+000 0.000e+000 0.000e+000 0.000e+000 0.000e+000 0.000e+000
 6.380e+001 2.930e+000 0.000e+000 0.000e+000 0.000e+000 0.000e+000 0.000e+000 0.000e+000 0.000e+000 0.000e+000 0.000e+000 0.000e+000 0.000e+000 0.000e+000 0.000e+000 0.000e+000 0.000e+000 0.000e+000 0.000e+000
 6.500e+001 2.930e+000 2.400e+001 5.042e+004-8.506e+003 3.679e+003-1.828e+004 2.500e+004 2.891e+004-1.758e+003-7.594e+003-2.905e+004-1.910e+004 2.708e+004 5.942e+003 3.016e+002 4.035e+003 8.117e+003 2.857e+004
 6.630e+001 2.930e+000 0.000e+000 0.000e+000 0.000e+000 0.000e+000 0.000e+000 0.000e+000 0.000e+000 0.000e+000 0.000e+000 0.000e+000 0.000e+000 0.000e+000 0.000e+000 0.000e+000 0.000e+000 0.000e+000 0.000e+000
 6.750e+001 2.930e+000 2.100e+001 2.467e+004-7.638e+003 1.043e+003-1.148e+004 5.093e+003 1.807e+004-1.266e+002-8.550e+002-1.531e+004-8.056e+002 1.783e+004 1.731e+002-1.641e+003 1.154e+004 7.889e+003 2.720e+004
 6.880e+001 2.930e+000 0.000e+000 0.000e+000 0.000e+000 0.000e+000 0.000e+000 0.000e+000 0.000e+000 0.000e+000 0.000e+000 0.000e+000 0.000e+000 0.000e+000 0.000e+000 0.000e+000 0.000e+000 0.000e+000 0.000e+000
 7.000e+001 2.930e+000 2.400e+001 2.620e+004-2.359e+003-4.882e+002-9.007e+003 7.404e+003 1.644e+004 1.273e+003 6.204e+002-1.402e+004-4.360e+003 1.264e+004 1.541e+003-9.534e+002 2.969e+003 3.454e+003 1.236e+004
 7.130e+001 2.930e+000 0.000e+000 0.000e+000 0.000e+000 0.000e+000 0.000e+000 0.000e+000 0.000e+000 0.000e+000 0.000e+000 0.000e+000 0.000e+000 0.000e+000 0.000e+000 0.000e+000 0.000e+000 0.000e+000 0.000e+000
 7.250e+001 2.930e+000 0.000e+000 0.000e+000 0.000e+000 0.000e+000 0.000e+000 0.000e+000 0.000e+000 0.000e+000 0.000e+000 0.000e+000 0.000e+000 0.000e+000 0.000e+000 0.000e+000 0.000e+000 0.000e+000 0.000e+000
 7.380e+001 2.930e+000 2.400e+001 1.901e+004-1.229e+003 2.173e+002-6.387e+003 5.832e+003 1.504e+004 7.590e+002-6.368e+001-8.635e+003-4.284e+003 7.897e+003 8.607e+002 2.519e+003 2.386e+003-3.354e+002 1.327e+004
 7.500e+001 2.930e+000 0.000e+000 0.000e+000 0.000e+000 0.000e+000 0.000e+000 0.000e+000 0.000e+000 0.000e+000 0.000e+000 0.000e+000 0.000e+000 0.000e+000 0.000e+000 0.000e+000 0.000e+000 0.000e+000 0.000e+000
 7.630e+001 2.930e+000 2.400e+001 1.592e+004-1.734e+003 9.062e+002-5.432e+003 6.296e+003 1.455e+004-1.213e+003-1.207e+003-7.472e+003-3.480e+003 7.650e+003 2.490e+003 2.338e+003 3.418e+003 1.614e+003 1.266e+004
 7.750e+001 2.930e+000 0.000e+000 0.000e+000 0.000e+000 0.000e+000 0.000e+000 0.000e+000 0.000e+000 0.000e+000 0.000e+000 0.000e+000 0.000e+000 0.000e+000 0.000e+000 0.000e+000 0.000e+000 0.000e+000 0.000e+000
 7.880e+001 2.930e+000 2.400e+001 1.194e+004-1.355e+003 1.175e+002-3.957e+003 2.096e+003 1.309e+004-4.997e+002 1.578e+003-4.416e+003-1.704e+003 4.642e+003 8.585e+002 1.810e+003 3.205e+003 4.656e+002 1.044e+004
 8.000e+001 2.930e+000 0.000e+000 0.000e+000 0.000e+000 0.000e+000 0.000e+000 0.000e+000 0.000e+000 0.000e+000 0.000e+000 0.000e+000 0.000e+000 0.000e+000 0.000e+000 0.000e+000 0.000e+000 0.000e+000 0.000e+000
 8.130e+001 2.930e+000 0.000e+000 0.000e+000 0.000e+000 0.000e+000 0.000e+000 0.000e+000 0.000e+000 0.000e+000 0.000e+000 0.000e+000 0.000e+000 0.000e+000 0.000e+000 0.000e+000 0.000e+000 0.000e+000 0.000e+000
 8.250e+001 2.930e+000 2.400e+001 9.127e+003-2.705e+003 1.174e+003-3.129e+003 3.532e+003 1.167e+004-5.872e+002-1.839e+002-2.179e+003-1.197e+003 3.337e+003 2.545e+002 2.224e+003 2.341e+003-1.419e+002 6.973e+003
 8.380e+001 2.930e+000 0.000e+000 0.000e+000 0.000e+000 0.000e+000 0.000e+000 0.000e+000 0.000e+000 0.000e+000 0.000e+000 0.000e+000 0.000e+000 0.000e+000 0.000e+000 0.000e+000 0.000e+000 0.000e+000 0.000e+000
 8.500e+001 2.930e+000 2.400e+001 8.053e+003 2.277e+002-5.893e+001-2.691e+003 1.549e+003 6.549e+003 7.678e+002 3.713e+002-2.612e+003-5.244e+002 4.508e+003 4.876e+002 1.289e+003 5.360e+002 1.123e+003 6.245e+003
 8.630e+001 2.930e+000 0.000e+000 0.000e+000 0.000e+000 0.000e+000 0.000e+000 0.000e+000 0.000e+000 0.000e+000 0.000e+000 0.000e+000 0.000e+000 0.000e+000 0.000e+000 0.000e+000 0.000e+000 0.000e+000 0.000e+000
 8.750e+001 2.930e+000 2.400e+001 7.114e+003-5.867e+002 9.589e+001-2.324e+003 2.244e+003 7.582e+003 9.875e+002 4.058e+001-2.291e+003-9.320e+002 4.642e+003 1.157e+001 5.584e+002 2.244e+003 1.158e+003 7.114e+003
 8.880e+001 2.930e+000 0.000e+000 0.000e+000 0.000e+000 0.000e+000 0.000e+000 0.000e+000 0.000e+000 0.000e+000 0.000e+000 0.000e+000 0.000e+000 0.000e+000 0.000e+000 0.000e+000 0.000e+000 0.000e+000 0.000e+000
 9.000e+001 2.930e+000 0.000e+000 0.000e+000 0.000e+000 0.000e+000 0.000e+000 0.000e+000 0.000e+000 0.000e+000 0.000e+000 0.000e+000 0.000e+000 0.000e+000 0.000e+000 0.000e+000 0.000e+000 0.000e+000 0.000e+000
 9.130e+001 2.930e+000 2.400e+001 7.282e+003 2.736e+002-1.008e+003-3.184e+003 1.870e+003 6.093e+003-2.533e+002 2.900e+002-2.172e+003-4.196e+002 4.350e+003 7.180e+002 1.096e+003 5.105e+002 1.661e+003 7.839e+003
 9.250e+001 2.930e+000 0.000e+000 0.000e+000 0.000e+000 0.000e+000 0.000e+000 0.000e+000 0.000e+000 0.000e+000 0.000e+000 0.000e+000 0.000e+000 0.000e+000 0.000e+000 0.000e+000 0.000e+000 0.000e+000 0.000e+000
 9.380e+001 2.930e+000 2.100e+001 5.118e+003-5.215e+002-3.306e+002-1.758e+003-2.649e+002 4.928e+003 7.764e+002 1.431e+003-1.044e+003-7.660e+002 4.228e+003-8.125e+002 6.106e+002-4.829e+002 1.142e+003 4.252e+003
 9.500e+001 2.930e+000 0.000e+000 0.000e+000 0.000e+000 0.000e+000 0.000e+000 0.000e+000 0.000e+000 0.000e+000 0.000e+000 0.000e+000 0.000e+000 0.000e+000 0.000e+000 0.000e+000 0.000e+000 0.000e+000 0.000e+000
 9.630e+001 2.930e+000 2.400e+001 7.283e+003-1.198e+002-2.000e+003-2.269e+003 1.592e+003 4.765e+003-5.135e+002 3.632e+002-1.194e+003-2.177e+003 8.151e+003-1.370e+003 5.283e+002-1.487e+003 3.357e+003 5.136e+003
 9.750e+001 2.930e+000 0.000e+000 0.000e+000 0.000e+000 0.000e+000 0.000e+000 0.000e+000 0.000e+000 0.000e+000 0.000e+000 0.000e+000 0.000e+000 0.000e+000 0.000e+000 0.000e+000 0.000e+000 0.000e+000 0.000e+000
 9.880e+001 2.930e+000 0.000e+000 0.000e+000 0.000e+000 0.000e+000 0.000e+000 0.000e+000 0.000e+000 0.000e+000 0.000e+000 0.000e+000 0.000e+000 0.000e+000 0.000e+000 0.000e+000 0.000e+000 0.000e+000 0.000e+000
 1.000e+002 2.930e+000 3.600e+001 1.382e+005 9.185e+003-6.712e+004-9.306e+003 3.666e+003 1.289e+004-9.498e+003-3.243e+001 3.984e+004-8.932e+003 6.889e+004-4.124e+003-4.047e+003-3.009e+003 5.379e+003 5.283e+003
 1.130e+002 2.930e+000 3.600e+001 5.355e+003 5.197e+002-1.137e+002-1.130e+003 8.715e+000 6.926e+003 2.638e+002 4.741e+002-1.134e+003-1.685e+002 4.231e+003-1.282e+003 5.457e+002-7.280e+002 1.413e+003 4.671e+003
 1.250e+002 2.930e+000 3.300e+001 5.226e+003 1.824e+002 6.892e+002-9.589e+002 2.108e+002 5.918e+003 9.156e+002 1.065e+003-1.720e+003-9.322e+002 4.650e+003-1.061e+003 1.015e+003-1.744e+002 1.186e+003 4.926e+003
 1.380e+002 2.930e+000 5.700e+001 3.022e+004 2.057e+003 4.235e+003-1.251e+003-1.287e+003 7.131e+003 1.647e+003 1.127e+003-6.441e+003-9.151e+002 1.113e+004-3.481e+003 3.636e+003-1.728e+003 2.062e+003 7.268e+003
 1.500e+002 2.930e+000 3.900e+001 1.801e+005 6.126e+004-3.943e+004-3.296e+004-3.701e+004 4.038e+004 2.552e+004 4.724e+003-3.710e+004-1.256e+004 3.552e+004 6.523e+003 1.182e+004-1.762e+004 1.243e+004 1.327e+004
 1.630e+002 2.930e+000 3.600e+001 2.723e+004 2.485e+003 4.005e+003 9.061e+002 9.982e+002 5.306e+003 3.059e+003 5.476e+002-1.319e+004-2.337e+003 1.764e+004-3.009e+003 3.983e+002-9.631e+001 3.007e+003 4.362e+003
 1.750e+002 2.930e+000 5.400e+001 2.085e+004 1.199e+003 1.230e+004 5.000e+003 6.323e+002 1.411e+004 7.772e+003 2.293e+003-1.693e+004-4.708e+003 5.181e+004-1.583e+004 4.660e+003-1.491e+002 6.741e+003 1.341e+004
 1.880e+002 2.930e+000 5.100e+001 6.678e+004 1.474e+004 4.206e+004 2.227e+004 2.201e+004 2.574e+004 4.551e+004 1.853e+004-1.066e+005-4.488e+004 2.758e+005-5.731e+004-6.756e+003-8.196e+002 4.551e+004 3.033e+004
 2.000e+002 2.930e+000 8.400e+001 4.178e+006 4.170e+005 3.328e+006 2.183e+006 1.909e+006 1.016e+006 2.420e+006 1.152e+006-8.651e+006-3.739e+006 2.103e+007-3.794e+006-1.037e+006-3.141e+005 3.994e+006 1.576e+006
 2.130e+002 2.930e+000 5.100e+001 5.297e+004-1.769e+003 3.990e+004 1.476e+004 8.409e+003 1.477e+004 1.429e+004 1.133e+004-5.469e+004-3.528e+004 2.023e+005-4.523e+004 4.265e+003-7.025e+003 4.441e+004 3.619e+004
 2.250e+002 2.930e+000 7.200e+001 9.903e+004-9.404e+003 6.221e+004-1.460e+004-1.910e+004 2.182e+004-4.918e+002 1.490e+004 2.766e+004-2.798e+004 1.198e+005-6.014e+004 5.348e+004-1.116e+004 2.881e+004 5.823e+004
 2.380e+002 2.930e+000 8.400e+001 6.098e+005-7.664e+004 3.758e+005-9.168e+004-1.087e+005 6.353e+004-4.665e+003 6.778e+004 2.702e+005-1.036e+005 4.563e+005-2.762e+005 3.332e+005-4.818e+004 1.038e+005 2.511e+005
 2.500e+002 2.930e+000 9.000e+001 2.566e+007-3.180e+006 1.662e+007-5.156e+006-4.430e+006 1.632e+006-6.026e+005 2.755e+006 1.172e+007-3.942e+006 1.834e+007-1.299e+007 1.528e+007-1.755e+006 3.433e+006 1.085e+007
 2.630e+002 2.930e+000 9.300e+001 6.114e+005-6.250e+004 3.667e+005-9.182e+004-8.459e+004 4.118e+004-1.406e+004 4.865e+004 2.599e+005-7.726e+004 4.283e+005-2.719e+005 3.402e+005-3.663e+004 7.139e+004 2.407e+005
 2.750e+002 2.930e+000 7.200e+001 1.299e+005-1.071e+004 6.372e+004-1.450e+004-6.923e+003 1.300e+004-1.272e+003 6.157e+003 2.993e+004-1.166e+004 7.181e+004-4.005e+004 6.085e+004-1.884e+003 6.153e+003 4.349e+004
 2.880e+002 2.930e+000 5.400e+001 8.234e+004 6.965e+002 7.769e+003 1.282e+002 7.858e+003 1.626e+004-5.714e+003 2.124e+003-8.721e+003-1.470e+004 5.090e+004-8.350e+003 3.143e+004 7.846e+003-1.155e+004 2.665e+004
 3.000e+002 2.930e+000 8.100e+001 9.952e+005 4.159e+005-7.031e+005 2.981e+005 4.508e+005 4.710e+005-3.089e+005-5.001e+004-1.305e+005-3.890e+005 8.432e+005 2.740e+005 4.254e+005 3.737e+005-2.851e+005 3.766e+005
 3.130e+002 2.930e+000 3.300e+001 6.999e+004 1.293e+004-1.458e+004 4.426e+003 1.167e+004 1.433e+004-7.268e+003-1.158e+003 4.254e+003-5.782e+003 1.447e+004 2.335e+003 1.131e+004 4.569e+003-2.613e+003 7.424e+003
 3.250e+002 2.930e+000 6.600e+001 2.475e+005 2.255e+004-2.731e+004 7.921e+003 2.273e+004 1.559e+004-6.540e+003 9.771e+002 2.582e+004-2.009e+003 1.711e+004 6.799e+002 7.032e+003 7.477e+002-3.084e+002 9.587e+003
 3.380e+002 2.930e+000 7.200e+001 1.302e+006 1.661e+005-1.558e+005 2.100e+004 1.245e+005 4.459e+004-2.748e+004 1.028e+003 1.008e+005-1.512e+004 4.790e+004 7.635e+003 1.163e+004-2.641e+003 5.510e+003 3.033e+004
 3.500e+002 2.930e+000 9.600e+001 4.002e+007 6.165e+006-5.614e+006 5.983e+005 4.109e+006 1.542e+006-1.029e+006 4.476e+004 3.269e+006-6.569e+005 1.324e+006 2.115e+005 3.393e+005-4.792e+004 1.190e+005 3.919e+005
 3.630e+002 2.930e+000 7.800e+001 1.127e+006 2.125e+005-1.694e+005 2.687e+004 1.090e+005 6.627e+004-3.711e+004 6.762e+003 1.062e+005-2.830e+004 5.895e+004 2.996e+003-8.099e+003-6.701e+003 3.250e+003 2.350e+004
 3.750e+002 2.930e+000 4.800e+001 1.217e+005 2.917e+004-1.995e+004-3.560e+003 1.007e+004 1.371e+004-6.172e+003 1.173e+003 7.813e+003-5.282e+003 1.666e+004-8.894e+002-2.111e+003-3.277e+003 2.354e+003 3.750e+003
 3.880e+002 2.930e+000 3.600e+001 6.256e+004 8.445e+003-1.062e+004 1.392e+003 3.107e+003 7.158e+003-3.316e+002 1.832e+003-2.619e+004-2.848e+003 3.351e+004-1.379e+003-5.095e+003-1.189e+003 3.104e+003 5.084e+003
 4.000e+002 2.930e+000 5.400e+001 1.072e+006 1.127e+005 5.332e+004-7.291e+004-1.011e+005 3.531e+004 1.077e+005 1.468e+004-1.177e+006 1.195e+005 1.394e+006 8.363e+004-3.408e+004-3.650e+003 4.122e+004 4.089e+004
 4.130e+002 2.930e+000 6.000e+001 1.354e+005 2.788e+004-1.169e+004-2.144e+003-1.396e+004 1.551e+004 1.666e+004 4.169e+003-7.557e+004 7.662e+003 6.314e+004 3.817e+003-1.225e+004-9.992e+002 8.866e+003 7.291e+003
 4.250e+002 2.930e+000 4.800e+001 7.099e+004 6.006e+003-9.264e+003-3.011e+001-2.053e+004 1.710e+004 4.765e+003 1.264e+003-1.613e+004 7.211e+003 1.366e+004 1.692e+003 3.388e+003-4.394e+003-1.034e+003 5.839e+003
 4.380e+002 2.930e+000 7.800e+001 5.249e+005 2.035e+003-5.214e+004 1.189e+004-7.294e+004 3.276e+004 8.106e+003 1.919e+003-5.781e+004 1.597e+004 2.647e+004 1.103e+003 5.967e+003-3.363e+003-5.080e+002 1.112e+004
 4.500e+002 2.930e+000 7.500e+001 1.737e+007-1.037e+006-1.634e+006 3.465e+005-1.717e+006 3.075e+005 3.768e+004 6.376e+003-1.615e+006 2.805e+005 3.917e+005 8.307e+003 4.184e+005-7.237e+004-7.700e+004 4.558e+004
 4.630e+002 2.930e+000 5.400e+001 3.542e+005-3.096e+004-2.831e+004 1.591e+004-3.802e+004 2.075e+004 1.586e+003 3.655e+003-2.971e+004 7.191e+003 1.011e+004 1.139e+002 1.269e+004-5.137e+003-1.761e+003 7.489e+003
 4.750e+002 2.930e+000 4.200e+001 5.749e+004-1.144e+002-7.654e+003-1.555e+003-2.080e+002 1.447e+004 2.102e+003 3.861e+003-5.156e+003 5.071e+003 7.016e+003 2.928e+003 5.710e+002-1.192e+003 9.597e+001 4.954e+003
 4.880e+002 2.930e+000 4.800e+001 2.529e+004-5.530e+003-8.750e+003 5.096e+002 1.660e+003 2.769e+004 1.814e+003 1.116e+004-3.082e+002 1.401e+004 1.988e+004 8.559e+003 3.452e+003-1.670e+003 1.875e+003 9.869e+003
 5.000e+002 2.930e+000 7.500e+001 3.650e+005-1.574e+005-2.482e+005 1.220e+005 1.180e+005 1.731e+005 1.079e+005 1.012e+005 3.834e+005 2.659e+005 7.159e+005 2.212e+005 8.702e+004-3.193e+004 2.362e+004 9.470e+004
 5.130e+002 2.930e+000 4.800e+001 2.589e+004 4.977e+002-1.577e+003 5.334e+003 3.322e+003 4.512e+004-2.956e+003 9.163e+003 7.783e+003 8.388e+003 1.556e+004 5.646e+003 1.348e+003-4.942e+003-7.567e+001 1.038e+004
 5.250e+002 2.930e+000 4.500e+001 1.012e+004-5.556e+003-5.364e+002-2.228e+003-1.568e+004 1.194e+005-7.328e+003 1.875e+004-1.330e+003 1.821e+004 5.738e+003 3.776e+003 1.541e+002 8.151e+002-1.519e+003 7.167e+003
 5.380e+002 2.930e+000 6.900e+001 2.961e+004 7.462e+003 8.256e+003-1.802e+004-9.054e+004 8.341e+005-6.651e+004 1.602e+005-1.764e+004 1.640e+005 4.186e+004 3.145e+004 2.281e+003-8.300e+003-1.632e+004 3.913e+004
 5.500e+002 2.930e+000 9.600e+001 6.524e+005 5.732e+004 3.834e+005-9.698e+005-4.662e+006 4.573e+007-3.634e+006 9.076e+006-9.798e+005 9.630e+006 2.360e+006 1.904e+006 4.660e+004-5.187e+004-7.804e+005 1.973e+006
 5.630e+002 2.930e+000 7.800e+001 2.612e+004-1.245e+004 4.311e+003-2.408e+004-1.166e+005 1.096e+006-8.035e+004 2.149e+005-2.690e+004 2.241e+005 5.732e+004 4.378e+004 3.243e+003-1.303e+004-1.868e+004 5.382e+004
 5.750e+002 2.930e+000 4.800e+001 7.409e+003-5.002e+003-4.078e+002-2.656e+003-1.348e+004 1.049e+005-4.297e+003 1.789e+004-4.080e+003 2.096e+004 6.731e+003 4.913e+003 1.958e+002 7.155e+002-8.387e+001 7.083e+003
 5.880e+002 2.930e+000 5.100e+001 8.584e+003-4.683e+003 2.045e+002-1.320e+003-6.851e+003 5.276e+004-2.701e+003 5.981e+003-2.878e+003 6.691e+003 4.967e+003 1.986e+003 7.289e+002-4.625e+003 3.842e+002 6.552e+003
 6.000e+002 2.930e+000 6.900e+001 2.790e+005-4.803e+004 1.120e+005 1.199e+004 7.885e+004 8.863e+004 1.560e+004-3.080e+003-8.371e+003-1.920e+004 9.163e+004 1.703e+004-4.946e+004-3.023e+004 1.802e+003 3.561e+004
 6.130e+002 2.930e+000 4.800e+001 5.866e+003-5.761e+003 6.209e+002 1.895e+003 2.686e+003 3.222e+004-1.451e+003-3.166e+003-1.141e+003-1.120e+003 2.341e+003 6.537e+002-2.391e+003-8.343e+003 1.807e+003 7.246e+003
 6.250e+002 2.930e+000 3.300e+001 3.073e+003-3.186e+003 5.073e+002 1.111e+003 5.666e+002 2.879e+004 8.633e+002-4.584e+003-1.871e+002-2.828e+003 1.414e+003 1.793e+003-1.644e+003-8.406e+003 1.420e+003 6.141e+003
 6.380e+002 2.930e+000 6.300e+001 1.206e+004-1.987e+004 2.917e+003 6.986e+003 9.271e+002 1.447e+005 1.195e+004-3.084e+004 1.218e+003-2.245e+004 6.983e+003 1.186e+004-5.643e+003-5.820e+004 7.675e+003 3.896e+004
 6.500e+002 2.930e+000 1.110e+002 8.320e+005-2.870e+006 6.692e+005 1.320e+006 8.369e+004 1.788e+007 2.367e+006-5.046e+006 3.434e+005-3.983e+006 1.228e+006 2.177e+006-8.801e+005-8.028e+006 1.159e+006 5.137e+006
 6.630e+002 2.930e+000 6.000e+001 7.413e+003-9.625e+003 2.614e+003 3.539e+003 6.440e+002 8.449e+004 1.163e+004-2.482e+004 2.020e+002-1.540e+004 6.446e+003 1.018e+004-5.028e+003-3.368e+004 3.220e+003 2.670e+004
 6.750e+002 2.930e+000 3.600e+001 2.834e+003-7.925e+002 4.821e+002-9.741e+001-1.719e+002 1.183e+004 1.749e+003-2.754e+003-3.207e+002-1.350e+003 1.628e+003 1.489e+003-7.900e+002-5.109e+003 6.440e-001 6.663e+003
 6.880e+002 2.930e+000 3.900e+001 2.020e+003-1.559e+003-5.933e+001-1.937e+001-1.300e+002 8.630e+003 1.001e+003-1.792e+003 3.600e+002-1.974e+002 1.341e+003 7.536e+002-3.995e+002-2.175e+003 4.044e+002 4.988e+003
 7.000e+002 2.930e+000 5.100e+001 2.254e+005-5.441e+004-4.023e+004-4.337e+004 4.897e+004 3.623e+004 2.865e+004-8.887e+003 1.533e+005 4.462e+004 1.398e+005-2.672e+004 8.128e+003 1.386e+004 1.578e+004 1.860e+004
 7.130e+002 2.930e+000 3.600e+001 1.985e+003-4.919e+002 2.361e+002 3.819e+002 2.770e+002 3.893e+003 3.369e+002-6.982e+002 4.156e+002-5.496e+002 1.575e+003 7.558e+002 9.581e+001-1.292e+003 1.050e+002 1.896e+003
 7.250e+002 2.930e+000 4.200e+001 2.016e+003-5.556e+002 1.445e+002 3.964e+002-1.387e+002 7.987e+003 2.066e+002-4.532e+002 1.482e+002-4.291e+002 6.119e+002 3.151e+002-2.276e+002-1.155e+003 3.880e+001 2.102e+003
 7.380e+002 2.930e+000 4.200e+001 1.838e+003-5.166e+002 3.803e+002 3.064e+002-6.887e+001 2.154e+003 1.413e+002 1.926e+002-1.712e+002-2.619e+002 7.525e+002 4.375e+002-3.171e+002-1.218e+003 6.696e+002 5.140e+003
 7.500e+002 2.930e+000 6.900e+001 3.771e+005 5.390e+004 5.008e+003-2.260e+004 2.496e+005 2.673e+005 6.071e+004-2.408e+003-2.716e+005-2.488e+005 2.704e+005 3.129e+004-1.209e+005-1.231e+005 1.184e+005 6.769e+004
 7.630e+002 2.930e+000 4.200e+001 1.872e+003 2.426e+002-8.204e+001-6.740e+001 3.175e+002 4.027e+003 2.454e+002 5.206e+001-1.351e+002-8.589e+002 7.408e+002 3.279e+002-1.870e+002-1.567e+003 3.222e+002 3.637e+003
 7.750e+002 2.930e+000 2.700e+001 9.124e+002 5.988e+001-4.459e+001 1.012e+002 3.873e+001 1.668e+003 1.759e+002-2.337e+002-1.564e+002-7.519e+001 4.155e+002 3.060e+002-7.507e+001-3.507e+002-9.592e+001 1.677e+003
 7.880e+002 2.930e+000 3.300e+001 1.205e+003 1.576e+002 5.515e+001-1.493e+002-1.426e+002 2.287e+003 2.303e+002 4.237e+000-5.334e+001-3.146e+002 6.017e+002 1.710e+002-7.333e+001-1.170e+003 2.761e+002 1.515e+003
 8.000e+002 2.930e+000 6.000e+001 3.625e+004 2.687e+003 2.544e+004-1.309e+003 4.954e+003 7.935e+003 3.082e+003-9.187e+002 8.469e+003 2.551e+003 2.779e+004-2.831e+002-1.698e+002-4.787e+003 3.730e+002 8.458e+003
 8.130e+002 2.930e+000 3.300e+001 1.164e+003-1.176e+002 5.137e+001-4.836e+001-6.752e+002 1.117e+004 2.761e+002-3.542e+002-1.098e+002 2.004e+002 4.769e+002 2.665e+002 4.768e+002-9.318e+003-7.759e+001 9.387e+003
 8.250e+002 2.930e+000 4.500e+001 1.943e+003 6.049e+002-1.296e+001-1.137e+002-1.055e+003 6.274e+003 5.499e+002-6.136e+002-5.299e+002 4.140e+002 6.347e+002 4.314e+002 4.612e+002-3.048e+003-2.965e+002 3.876e+003
 8.380e+002 2.930e+000 5.700e+001 4.905e+003 2.825e+003-3.065e+002-5.782e+002-3.015e+003 1.992e+004 8.696e+002 1.406e+003-2.966e+001 2.229e+002 7.175e+002 2.335e+002-1.656e+003-5.371e+003-3.411e+002 6.636e+003
 8.500e+002 2.930e+000 3.600e+001 3.321e+005 3.483e+005-3.844e+004-2.208e+004-4.143e+005 1.124e+006 4.434e+003 2.918e+005 4.222e+004-9.959e+004 2.465e+004-2.240e+004-1.839e+005 2.385e+005-3.318e+004 1.697e+005
 8.630e+002 2.930e+000 3.000e+001 1.612e+003 7.406e+002-9.131e+001-1.985e+002-1.051e+003 5.088e+003 4.363e+002-3.733e+002-2.486e+002 2.356e+002 2.895e+002 7.860e+001 3.102e+001-2.025e+003-5.793e+000 2.355e+003
 8.750e+002 2.930e+000 3.000e+001 6.392e+002 2.807e+002-2.996e+001 1.386e+001-9.412e+001 3.714e+003 5.905e+002-6.928e+002-1.507e+002-1.703e+002 4.095e+002 3.541e+002-8.720e+000-1.810e+003 1.102e+002 3.131e+003
 8.880e+002 2.930e+000 7.800e+001 2.307e+003 1.816e+003-2.298e+002-4.604e+002 2.970e+002 1.823e+004 1.132e+003-1.930e+003-2.065e+002-4.916e+002 9.678e+002 6.691e+002-3.154e+002-9.983e+003 4.734e+002 1.042e+004
 9.000e+002 2.930e+000 3.000e+001 1.181e+005 1.627e+004-2.900e+004 1.376e+003-2.883e+004 2.688e+004 3.781e+003-7.599e+003 1.601e+004-8.107e+003 1.430e+004 5.081e+003 2.259e+004-1.854e+004 3.293e+003 2.129e+004
 9.130e+002 2.930e+000 4.200e+001 1.897e+003 5.322e+003 6.711e+001-1.329e+003 1.550e+003 6.574e+004 7.393e+003 2.210e+002-1.426e+003-2.841e+002 2.304e+003 1.753e+003-2.751e+003-3.647e+004 2.908e+003 3.542e+004
 9.250e+002 2.930e+000 4.500e+001 1.491e+003 4.669e+003 2.035e+001-1.160e+003 6.595e+001 2.719e+004 4.536e+003 6.110e+003-1.086e+003 4.206e+002 1.658e+003 9.803e+002-1.540e+003-8.500e+003 2.168e+003 9.433e+003
 9.380e+002 2.930e+000 6.000e+001 3.848e+003 1.046e+004 3.908e+002-3.095e+003 3.828e+003 9.571e+004 9.866e+003-1.044e+004-2.041e+003 3.786e+003 2.281e+003 1.590e+003-2.205e+002-2.552e+004-9.177e+002 1.511e+004
 9.500e+002 2.930e+000 5.400e+001 1.771e+005 4.918e+005 8.101e+004-1.326e+005 6.882e+005 6.429e+006 7.391e+005-2.862e+005-5.502e+004 2.543e+005 1.165e+005 1.264e+005-1.239e+005-1.300e+006-7.386e+004 3.382e+005
 9.630e+002 2.930e+000 4.500e+001 2.461e+003 2.758e+003 2.507e+002-5.637e+002 4.417e+003 2.894e+004 3.099e+003-2.290e+003-8.738e+002-4.965e+002 1.061e+003-8.944e+001-6.765e+002-7.044e+003 1.162e+002 6.008e+003
 9.750e+002 2.930e+000 4.500e+001 1.377e+003 5.972e+002 7.203e+001-1.321e+002 1.769e+003 1.320e+004 1.260e+003 1.140e+003-3.664e+002-4.906e+002 5.800e+002-4.803e+002-1.162e+003-6.295e+003 9.768e+002 1.077e+004
 9.880e+002 2.930e+000 7.500e+001 2.309e+003 1.928e+003 3.039e+002 2.848e+002 7.821e+002 2.877e+004 1.376e+003-4.368e+003-1.207e+003 1.428e+002 1.760e+003-1.543e+003-6.163e+002-2.145e+004 1.077e+003 3.047e+004
 1.000e+003 2.930e+000 1.320e+002 2.164e+005-3.586e+004 3.736e+003 5.127e+004-6.030e+004 1.431e+005-1.618e+004-1.794e+004-1.213e+005 3.758e+004 7.585e+004-2.723e+004 1.477e+004-7.715e+004-5.610e+003 7.000e+004
 1.130e+003 2.930e+000 3.750e+002 1.514e+005 3.086e+005-9.256e+004-3.250e+004-6.562e+005 7.896e+006 8.714e+005-2.091e+006-3.418e+004-2.124e+005 1.309e+005 6.652e+005 5.452e+005-5.921e+006-7.792e+004 5.134e+006
 1.250e+003 2.930e+000 3.090e+002 8.279e+004 1.038e+005 1.787e+004-3.176e+004 3.834e+005 4.243e+006 1.834e+005 2.021e+005-4.614e+004-3.327e+005 5.870e+004 8.510e+004-2.303e+005-2.720e+006 2.049e+005 1.825e+006
 1.380e+003 2.930e+000 2.700e+002 1.072e+005-4.438e+004 1.377e+004 4.336e+004 1.086e+005 6.591e+006-3.697e+004-2.564e+006 1.547e+002-1.502e+005 8.473e+003 1.380e+004-1.348e+005-7.502e+006 1.900e+005 9.579e+006
 1.500e+003 2.930e+000 4.800e+001 3.606e+003 2.211e+004-1.566e+003-1.661e+004 4.562e+003 2.161e+005 6.729e+003-3.463e+003-1.213e+003-1.564e+004 1.732e+003 4.920e+003-2.612e+003-1.656e+005 1.174e+004 1.356e+005
 1.630e+003 2.930e+000 3.900e+001 1.789e+003 1.053e+004-2.985e+002-7.036e+003 1.262e+003 1.194e+005 4.350e+003-7.307e+003-6.325e+002-3.437e+003 6.008e+002 3.098e+003-9.274e+001-7.940e+004 1.982e+003 5.539e+004
 1.750e+003 2.930e+000 3.000e+001 8.740e+002 4.991e+003-1.930e+002-1.825e+003-2.920e+003 3.273e+005 1.497e+004-4.700e+004-3.969e+002-2.889e+003 9.874e+002 9.828e+003 2.642e+003-2.156e+005-2.517e+002 1.547e+005
 1.880e+003 2.930e+000 4.500e+001 2.596e+003 1.651e+004-2.042e+002-9.935e+003 2.344e+004 7.536e+005 1.836e+004 7.055e+004-1.959e+003-2.641e+004 2.311e+003 1.159e+004-2.026e+004-5.767e+005 2.288e+004 4.587e+005
 2.000e+003 2.930e+000 4.500e+001 2.780e+003 1.155e+004-1.900e+002 9.467e+002 5.150e+004 2.743e+006 4.949e+003 2.273e+005-2.927e+003-9.766e+004 4.698e+003-6.611e+003-3.956e+004-2.070e+006 7.482e+004 1.623e+006
 2.130e+003 2.930e+000 3.900e+001 1.227e+003-6.105e+003 5.250e+001 5.356e+003 5.825e+003 4.317e+005-5.990e+003 3.377e+004-7.535e+002-1.273e+004 9.557e+002-5.559e+003-4.192e+003-3.317e+005 9.454e+003 2.696e+005
 2.250e+003 2.930e+000 3.300e+001 1.078e+003 1.389e+003-2.006e+002-6.858e+002 4.991e+003 7.426e+004-2.177e+003 6.451e+003-3.052e+001-1.633e+003 3.178e+002-1.793e+003-3.679e+003-5.643e+004 1.010e+003 4.535e+004
 2.380e+003 2.930e+000 5.700e+001 2.887e+003-2.981e+004 2.333e+002 2.411e+004 1.740e+004 7.098e+005-3.570e+004 4.104e+004-2.813e+003-2.413e+004 3.417e+003-2.838e+004-1.375e+004-5.068e+005 1.808e+004 3.834e+005
 2.500e+003 2.930e+000 3.900e+001 1.183e+003-2.334e+003-1.221e+002 2.318e+003 2.716e+003 2.891e+004-1.905e+003-1.598e+003-3.624e+002-1.442e+003 3.286e+002-1.864e+003-3.083e+003-2.756e+004 1.658e+003 2.784e+004
 2.630e+003 2.930e+000 4.800e+001 6.369e+002-6.285e+003 4.521e+001 5.188e+003 1.531e+003 2.047e+005-4.886e+003 4.873e+003-2.024e+002-3.678e+003 3.139e+002-3.927e+003-1.222e+003-1.614e+005 2.803e+003 1.287e+005
 2.750e+003 2.930e+000 4.800e+001 3.273e+002-1.012e+003-2.869e+001 1.127e+003-4.049e+002 2.993e+004 6.183e+001-1.349e+003 4.930e+000-2.929e+001 1.209e+002 1.239e+002 6.107e+002-2.652e+004-1.564e+002 2.555e+004
 2.880e+003 2.930e+000 2.700e+001 1.552e+002 1.486e+002-1.498e+001-9.965e+001 4.001e+002 8.028e+003 1.474e+001 1.284e+002-2.123e+001-3.445e+002 5.095e+001 9.633e-001-2.409e+002-5.754e+003 2.172e+002 4.605e+003
 3.000e+003 2.930e+000 2.700e+001 1.191e+002 5.079e+000-1.450e+000 6.817e+001-1.988e+002 1.268e+004-2.672e+002 3.100e+002-9.908e+000-4.449e+002 5.897e+001-3.057e+002 1.494e+002-9.583e+003 3.156e+002 8.655e+003
 3.130e+003 2.930e+000 3.300e+001 1.397e+002-4.674e+002-1.767e+001 3.426e+002-1.872e+002 9.134e+003-3.677e+001-6.561e+001-3.764e+001 4.131e+001 4.555e+001-3.757e+001 1.068e+002-6.507e+003-4.723e+001 5.077e+003
 3.250e+003 2.930e+000 3.000e+001 8.008e+001-4.526e+002 2.881e+001 1.918e+002 2.999e+002 3.517e+004-2.859e+002 1.350e+003-4.383e+001-1.307e+003 9.784e+001-1.713e+002-8.858e+001-1.650e+004 5.306e+002 8.993e+003
 3.380e+003 2.930e+000 4.200e+001 8.361e+001 3.526e+002-6.674e+000-3.464e+002-3.217e+002 4.277e+004 1.641e+003 2.174e+003-4.383e+001 9.566e+002 1.634e+002 1.199e+003 2.188e+002-3.258e+004-5.604e+002 2.675e+004
 3.500e+003 2.930e+000 4.800e+001 1.384e+002-1.431e+002 1.518e+001 3.845e+002-3.021e+002 4.644e+004 6.766e+002-4.348e+003-4.814e+001 8.945e+002 1.728e+002-2.925e+002 2.879e+002-3.287e+004-5.520e+002 3.325e+004
 3.630e+003 2.930e+000 3.300e+001 2.909e+002 5.596e+003 3.464e+001-3.467e+003-2.499e+003 1.863e+005 8.045e+003-1.862e+003-3.265e+002 4.921e+003 5.326e+002 5.085e+003 1.549e+003-1.224e+005-3.187e+003 8.396e+004
 3.750e+003 2.930e+000 3.300e+001 4.125e+002-2.346e+003-8.691e+001 2.187e+003-2.204e+003 7.879e+004 7.391e+002-7.413e+003-1.573e+002 1.751e+003 1.614e+002 1.538e+002 1.391e+003-5.950e+004-1.370e+003 4.789e+004
 3.880e+003 2.930e+000 3.900e+001 4.699e+002 6.278e+003-2.665e+001-5.811e+003 2.929e+003 1.802e+005 3.843e+003-7.769e+003-2.239e+002-3.772e+003 2.520e+002 3.679e+003-2.811e+003-1.647e+005 3.375e+003 1.541e+005
 4.000e+003 2.930e+000 3.600e+001 2.114e+002 1.297e+003 1.484e+001-1.349e+003 2.266e+003 9.377e+004 2.111e+003-1.346e+004-1.168e+002-1.981e+003 1.519e+002 1.941e+003-1.782e+003-7.433e+004 1.280e+003 6.462e+004
 4.130e+003 2.930e+000 6.000e+001 3.642e+002 7.081e+003 1.285e+002-7.792e+003 1.437e+004 1.172e+006 1.638e+004-1.662e+005-3.029e+002-1.259e+004 4.445e+002 1.465e+004-1.036e+004-9.121e+005 7.730e+003 7.391e+005
 4.250e+003 2.930e+000 4.800e+001 5.180e+002 1.373e+004-1.903e+002-1.335e+004-9.219e+002 5.706e+005 1.691e+004 6.534e+004-4.654e+002-5.536e+003 6.618e+002 1.484e+004-1.001e+003-5.131e+005 7.235e+003 4.803e+005
 4.380e+003 2.930e+000 3.300e+001 2.005e+002-1.159e+003-9.472e+001 1.527e+003-9.551e+002 4.641e+004 4.407e+002-1.187e+003-1.142e+002 1.213e+003 1.565e+002 4.764e+001 9.068e+002-4.190e+004-1.347e+003 4.127e+004
 4.500e+003 2.930e+000 4.500e+001 1.549e+002 7.523e+002-4.445e+001-5.401e+002-3.654e+002 7.825e+004 2.124e+003-1.773e+003-6.574e+001-1.516e+003 1.505e+002 1.578e+003 6.102e+001-5.734e+004 1.194e+003 4.404e+004
 4.630e+003 2.930e+000 3.600e+001 1.453e+002 4.320e+002 3.304e+001-2.281e+002 1.530e+003 3.684e+004 7.964e+002 3.384e+003-2.923e+001-1.136e+002 3.513e+001 7.365e+002-1.530e+003-3.352e+004 1.842e+002 3.196e+004
 4.750e+003 2.930e+000 3.600e+001 4.851e+001 5.180e+002 8.157e+000-3.339e+002 5.195e+002 3.324e+004 3.718e+002-1.981e+003-3.130e+000 3.443e+002 2.331e+001 1.855e+002-3.637e+002-2.134e+004-1.995e+002 1.579e+004
 4.880e+003 2.930e+000 3.600e+001 2.878e+001 1.337e+002-5.994e+000-1.487e+002 8.007e-001 1.354e+004 1.855e+002 5.934e+003 3.041e+000-2.148e+002 2.170e+001-7.809e+001-1.847e+002-8.948e+003 2.167e+002 1.308e+004
 5.000e+003 2.930e+000 3.600e+001 3.658e+001 2.398e+002 3.008e+000-2.160e+002 4.706e+002 2.367e+004 3.509e+002-2.876e+002-1.505e+000-1.232e+002 1.778e+001 2.754e+002-4.362e+002-2.038e+004 8.626e+001 1.902e+004
 5.130e+003 2.930e+000 2.700e+001 3.404e+001 1.891e+002-6.471e+000 6.572e+001 5.517e+001 4.654e+003 2.301e+002-1.826e+003-1.915e+001-7.827e+001 2.605e+001 6.879e+001 8.532e+001-1.958e+003-1.621e+002 5.092e+003
 5.250e+003 2.930e+000 3.600e+001 2.807e+001-1.110e+002-2.328e+000 1.110e+002 1.498e+002 4.425e+003-1.062e+002 1.951e+003-1.417e+001-7.519e+001 2.221e+001-5.219e+001-2.763e+001-3.454e+003-7.236e+001 5.437e+003
 5.380e+003 2.930e+000 4.500e+001 4.521e+001 2.051e+002 7.402e+000-1.679e+002 3.547e+002 1.597e+004 3.781e+002 1.173e+003-2.552e+001-2.803e+002 2.762e+001 2.666e+002-7.451e+001-1.122e+004 1.125e+002 1.324e+004
 5.500e+003 2.930e+000 3.000e+001 3.530e+001-1.885e+001 3.464e+000 3.160e+001 8.010e+001 2.234e+003 2.828e+001 1.983e+002-1.739e+001-6.372e+001 1.487e+001 3.067e+001 1.444e+002-3.096e+003-5.472e+001 9.164e+003
 5.630e+003 2.930e+000 4.200e+001 5.339e+001 1.877e+002 1.497e+000-6.528e+001 5.073e+002 1.150e+004 2.955e+002 5.831e+002-4.019e+001-5.886e+002 5.057e+001 1.981e+002-2.261e+002-7.310e+003 3.034e+002 1.192e+004
 5.750e+003 2.930e+000 3.000e+001 2.458e+001-6.351e+001-2.105e+000-5.418e+001 7.538e+000 2.937e+003-5.028e+001 1.259e+003-1.292e+001-3.509e+001 1.637e+001 4.484e+001 1.711e+002-4.435e+003-1.079e+002 1.400e+004
 5.880e+003 2.930e+000 2.700e+001 2.344e+001 1.537e+001 5.303e-001 3.113e+001 1.880e+002 3.713e+003 2.290e+001 7.761e+002-1.418e+001-2.236e+002 2.327e+001-3.827e+001-8.066e+001-2.050e+003 1.437e+002 2.278e+003
 6.000e+003 2.930e+000 5.100e+001 4.197e+001-5.559e+001-4.572e+000 4.524e+001 1.814e+002 2.185e+004-1.741e+001 2.164e+003-1.791e+001-5.148e+002 3.325e+001-1.525e+001-1.309e+002-1.869e+004 4.352e+002 2.183e+004
 6.130e+003 2.930e+000 4.200e+001 2.656e+001 7.507e+001 3.283e+000 8.491e+001 2.373e+002 5.900e+003 1.551e+002 1.604e+003-1.156e+001-1.402e+002 2.051e+001 9.963e+001-2.380e+002-5.312e+003 1.721e+002 9.001e+003
 6.250e+003 2.930e+000 3.300e+001 1.465e+001 1.739e+002-2.293e+000 2.358e+001 3.526e+001 5.575e+003 1.161e+002 1.725e+003-6.211e+000-6.603e+001 8.692e+000 1.092e+000-5.059e+001-1.276e+003 3.973e+001 2.572e+003
 6.380e+003 2.930e+000 3.600e+001 1.719e+001-5.244e+001 3.574e+000 4.797e+001 4.850e+001 2.428e+003 2.459e+001-6.297e+001-2.804e+000-9.590e+000 7.080e+000 2.486e+001-1.029e+001-1.771e+003 3.470e+001 3.023e+003
 6.500e+003 2.930e+000 3.600e+001 1.493e+001 1.527e+002 4.700e+000-1.140e+002 1.209e+002 4.930e+003 1.419e+002-6.739e+002-7.864e+000-2.861e+001 1.049e+001 1.024e+002-6.004e+001-3.576e+003-7.705e+000 3.508e+003
 6.630e+003 2.930e+000 3.000e+001 1.252e+001 1.154e+002-3.342e+000-6.879e+001-2.074e+001 3.241e+003 1.266e+002-1.094e+002-6.421e+000-5.304e+001 1.532e+001 1.046e+002 2.051e+000-2.851e+003 2.672e+001 3.710e+003
 6.750e+003 2.930e+000 4.500e+001 2.028e+001 2.485e+002 3.480e-001-1.940e+002 1.005e+002 8.946e+003 1.747e+002-1.495e+002-6.260e+000-1.103e+002 1.010e+001 1.571e+002-8.053e+001-7.565e+003 9.734e+001 7.425e+003
 6.880e+003 2.930e+000 3.000e+001 7.625e+000 3.449e+001-5.587e-001-2.206e+001-3.543e+001 9.094e+003 1.306e+002-1.481e+003-9.222e-001-2.516e+002 1.313e+001 1.466e+002 2.353e+001-6.592e+003 1.660e+002 5.416e+003
 7.000e+003 2.930e+000 3.000e+001 6.173e+000 7.655e+001-2.157e-001-6.282e+001 2.753e+001 7.069e+003 2.652e+002-3.684e+002-2.752e+000-3.078e+001 1.590e+001 2.489e+002-1.431e+001-6.195e+003 1.537e+001 6.047e+003
 7.130e+003 2.930e+000 3.600e+001 1.341e+001 1.765e+002-1.983e+000-1.400e+002-7.109e+000 5.061e+003 6.663e+001-1.926e+002-1.872e+000-3.613e+001 5.211e+000 5.874e+001 9.746e+000-4.145e+003 2.598e+001 3.769e+003
 7.250e+003 2.930e+000 3.600e+001 1.177e+001 4.645e+001 3.263e+000-4.349e+001-1.012e+001 3.041e+003 3.259e+001-1.582e+002-2.295e+000 9.606e+000 7.189e+000 5.040e+001 8.992e+000-2.837e+003-1.444e+001 3.419e+003
 7.380e+003 2.930e+000 3.000e+001 7.083e+000 1.702e+001-4.981e-001-3.859e+000-3.139e+001 1.755e+003 5.980e+001 1.313e+002-2.851e+000 9.679e+000 6.372e+000 4.649e+001 3.395e+001-1.431e+003 6.571e+000 1.880e+003
 7.500e+003 2.930e+000 3.600e+001 6.901e+000 4.430e+001 3.076e-001-2.734e+001-2.565e+001 6.851e+003 9.264e+000 1.163e+002-2.287e+000-9.381e+001 8.117e+000 3.016e+000 1.653e+001-5.982e+003 8.374e+001 5.792e+003
 7.630e+003 2.930e+000 3.900e+001 6.373e+000 7.249e+000-1.182e-001 1.604e+001 1.662e+001 2.984e+003 5.574e+001 1.028e+002-1.188e+000-2.066e+001 4.584e+000 3.512e+001-4.711e+000-2.322e+003 6.068e+000 2.442e+003
 7.750e+003 2.930e+000 2.700e+001 7.936e+000 6.268e+001 8.482e-001-1.726e+001 1.684e+001 2.774e+003 1.415e+002 6.997e+002-5.615e+000-2.296e+001 1.258e+001 7.839e+001-2.269e+001-1.693e+003 5.999e+001 2.198e+003
 7.880e+003 2.930e+000 2.700e+001 8.936e+000 4.743e+001-1.292e+000-6.718e+001 5.114e+001 4.154e+003 4.295e+001 2.832e+002-2.553e+000-6.183e+001 3.714e+000 4.090e+001-6.799e+001-3.165e+003 5.710e+001 3.953e+003
 8.000e+003 2.930e+000 3.300e+001 1.279e+001-1.659e+002-2.439e-001 1.958e+002 5.322e+002 6.070e+004 4.360e+001 1.205e+004-4.906e+000-2.436e+002 1.252e+001-1.017e+001-2.246e+002-2.885e+004 8.112e+001 2.054e+004
 8.130e+003 2.930e+000 2.700e+001 7.802e+000 4.311e+001-1.251e+000-2.324e+001 4.947e+001 4.240e+003 8.668e+000 4.537e+001-3.256e+000-6.693e+001 6.870e+000 3.598e+001-3.543e+001-2.952e+003 7.710e+001 4.090e+003
 8.250e+003 2.930e+000 4.500e+001 1.023e+001-5.603e+001 6.141e-001 1.925e+001 1.031e+001 6.428e+003 1.868e+002 3.340e+002 1.882e+000-6.246e+001 1.097e+001 1.214e+002-1.225e+001-4.750e+003 4.865e+001 6.649e+003
 8.380e+003 2.930e+000 4.800e+001 1.431e+001 2.372e+002 3.691e+000-8.619e+001 3.976e+001 1.142e+004 3.650e+002 5.824e+002-1.414e+001 5.850e+001 3.100e+001 1.463e+002-4.358e+001-7.876e+003 6.699e+001 1.025e+004
 8.500e+003 2.930e+000 2.700e+001 3.300e+000-1.495e+000 5.832e-001 1.122e+001 3.274e+001 4.234e+003 1.810e+002 3.487e+002-1.871e+000-9.678e+001 1.515e+001 1.334e+002-3.860e+001-4.214e+003 1.389e+002 7.139e+003
 8.630e+003 2.930e+000 2.700e+001 4.047e+000 4.103e+001 7.865e-001-6.139e+001 2.833e+001 3.115e+003 8.573e+001 2.861e+002-7.806e-001 1.645e+001 5.959e+000 6.751e+001-3.765e+001-3.057e+003 1.249e+001 6.209e+003
 8.750e+003 2.930e+000 3.300e+001 8.702e+000 2.468e+001 1.451e+000 2.073e+001-2.517e+000 1.766e+003 7.779e+000-4.180e+001-3.241e+000 2.961e+000 8.168e+000-2.338e+001-1.495e+001-1.458e+003 3.960e+001 2.081e+003
 8.880e+003 2.930e+000 3.000e+001 1.066e+001 1.823e+002-2.548e+000-1.352e+002-1.986e+001 5.999e+003 2.404e+002 2.174e+003-9.110e+000-6.993e+001 1.341e+001 1.687e+002-7.774e+001-4.964e+003 1.819e+002 8.106e+003
 9.000e+003 2.930e+000 4.200e+001 2.729e+001 8.554e+001 2.997e+000 1.406e+002-2.519e+001 1.101e+004 7.693e+001-2.898e+003-1.101e+001 1.776e+002 1.117e+001-7.535e+001 6.784e+001-6.888e+003-1.017e+002 8.413e+003
 9.130e+003 2.930e+000 4.500e+001 1.648e+001 1.458e+002-5.427e-001 1.952e+001-1.371e+001 3.735e+003 1.906e+002 9.991e+002-1.309e+001-9.840e+000 1.732e+001 9.518e+001-1.356e+002-3.285e+003 1.924e+002 1.151e+004
 9.250e+003 2.930e+000 3.600e+001 1.074e+001-2.920e+000 1.554e+000 5.438e+001 1.107e+002 3.597e+003 5.546e+001 7.817e+002-1.127e+000-1.378e+001 3.505e+000 6.402e+001-3.390e+001-2.230e+003 3.572e+001 4.061e+003
 9.380e+003 2.930e+000 3.000e+001 7.311e+000 1.010e+002 7.660e-002-4.059e+001 1.599e+001 2.736e+003 7.006e+001-3.604e+001-3.924e+000-2.784e+001 4.677e+000 4.292e+001-4.477e+000-2.609e+003 4.857e+001 5.440e+003
 9.500e+003 2.930e+000 3.000e+001 6.246e+000 1.615e+001 1.623e+000 3.778e+001 3.497e+001 1.357e+003 3.284e+001 5.248e+002-2.853e+000-2.313e+001 4.015e+000 1.821e+001-5.839e+001-1.272e+003 5.984e+001 3.347e+003
 9.630e+003 2.930e+000 3.000e+001 7.301e+000 1.050e+002 1.108e+000-1.757e+001-6.789e+001 3.867e+003 7.732e+001-1.249e+003-3.571e+000 3.461e+001 4.845e+000 4.985e+001 6.407e+001-2.151e+003-3.408e+001 2.942e+003
 9.750e+003 2.930e+000 4.200e+001 1.093e+001 1.214e+002-1.646e+000-7.885e+001 3.172e+001 4.128e+003 1.274e+002 9.101e+002-6.940e+000-8.999e+001 1.053e+001 1.264e+002-8.382e+001-4.042e+003 1.240e+002 7.319e+003
 9.880e+003 2.930e+000 3.300e+001 7.348e+000-3.168e+001 2.026e+000 7.472e+001-2.378e+001 2.211e+003 4.264e+000-9.958e+002-2.781e+000-3.566e+001 5.717e+000 7.668e+001-2.574e+001-3.695e+003 8.551e+001 1.013e+004
 1.000e+004 2.930e+000 9.300e+001 1.284e+001 9.674e+000 3.210e-001 7.098e+001 2.226e+001 6.375e+003 1.047e+002-8.152e+002-4.167e+000-7.295e+001 1.132e+001 2.509e+002-7.088e+001-9.611e+003 1.568e+002 2.556e+004
 1.130e+004 2.930e+000 1.260e+002 6.006e+000-3.158e+001 1.917e+000 8.297e+001 4.558e+001 5.698e+003 8.503e+001-3.308e+003-1.410e+000-1.309e+002 9.805e+000 3.974e+002-1.413e+002-1.298e+004 2.844e+002 4.158e+004
 1.250e+004 2.930e+000 1.140e+002 4.564e+000 1.044e+001 9.533e-001 2.601e+001 1.924e+001 3.802e+003 9.137e+001-3.689e+003-1.063e+000-1.139e+002 8.333e+000 4.608e+002-8.945e+001-1.157e+004 3.076e+002 4.831e+004
 1.380e+004 2.930e+000 1.890e+002 7.771e+000 3.229e+001 2.688e+000 5.898e+001 9.671e+001 7.314e+003 1.796e+002-2.181e+003-3.963e+000-1.846e+002 1.441e+001 7.249e+002-2.817e+002-2.088e+004 5.891e+002 8.628e+004
 1.500e+004 2.930e+000 2.640e+002 8.474e+000 8.004e+001 2.126e+000-7.268e+000 9.517e+001 1.168e+004 3.002e+002-3.557e+003-5.247e+000-2.669e+002 1.834e+001 9.690e+002-3.015e+002-3.209e+004 7.987e+002 1.217e+005
 1.630e+004 2.930e+000 1.890e+002 6.267e+000 1.569e+002 2.426e+000-3.600e+001 1.858e+002 2.738e+004 2.346e+002-2.089e+004-9.154e-001-2.361e+002 1.407e+001 9.932e+002-5.692e+001-3.953e+004 8.272e+002 1.634e+005
 1.750e+004 2.930e+000 1.710e+002 2.684e+000-6.711e+001 4.583e+000 3.272e+002 5.930e+001 1.123e+004 2.095e+002-1.105e+004-1.755e+000-3.889e+002 2.289e+001 1.421e+003-3.829e+002-5.454e+004 1.844e+003 2.916e+005
 1.880e+004 2.930e+000 1.770e+002 2.906e+000-4.672e+001 3.772e+000 1.998e+002 8.078e+001 8.035e+003 1.360e+002-2.382e+003-3.493e+000-2.993e+002 1.941e+001 7.896e+002-4.268e+002-3.801e+004 1.542e+003 1.936e+005
 2.000e+004 2.930e+000 1.860e+002 1.511e+000 1.091e+000 7.070e-001 2.032e+001 4.243e+001 6.133e+003 9.217e+001-1.240e+003-2.122e+000-2.338e+002 1.288e+001 3.969e+002-1.629e+002-2.206e+004 8.531e+002 8.969e+004
 2.130e+004 2.930e+000 1.620e+002 6.473e-001 1.142e+000-1.596e-001-6.526e+000 1.504e+001 2.280e+003 2.143e+001-1.298e+003-2.864e-001-9.092e+001 7.064e+000 2.297e+002-2.822e+001-8.477e+003 4.188e+002 4.025e+004
 2.250e+004 2.930e+000 1.260e+002 3.999e-001-1.619e-001 8.653e-002-6.294e+000 1.082e+001 1.793e+003 1.182e+001-1.113e+003-6.279e-001-7.150e+001 3.728e+000 9.148e+001-3.977e+001-6.273e+003 2.536e+002 2.325e+004
 2.380e+004 2.930e+000 2.250e+002 3.556e+000 1.504e+002-6.692e+000-7.587e+002 2.447e+002 3.093e+004-4.595e+002-6.700e+004-2.523e+000-5.866e+002 2.222e+001 5.943e+002-4.195e+001-4.751e+004 2.027e+003 2.271e+005
 2.500e+004 2.930e+000 2.550e+002 2.726e+000 4.356e+001-3.994e+000-1.018e+002 4.433e+001 4.291e+003-1.456e+002-1.071e+004 2.087e+000-1.153e+002 2.919e+001 7.575e+002 1.988e+002-3.669e+003 1.319e+003 9.172e+004
 2.630e+004 2.930e+000 1.740e+002 4.097e-001 8.832e+000-3.224e-001-2.947e+001 1.366e+001 2.905e+003 3.476e+000-3.133e+003-5.130e-001-1.073e+002 7.398e+000 1.953e+002-2.463e+001-8.056e+003 4.309e+002 3.663e+004
 2.750e+004 2.930e+000 1.230e+002 1.610e-001 2.371e+000-1.920e-002-1.108e+001 5.320e+000 1.644e+003 1.874e+001-1.492e+003-3.902e-001-8.605e+001 5.922e+000 1.572e+002-1.844e+001-6.539e+003 3.392e+002 2.790e+004
 2.880e+004 2.930e+000 1.230e+002 1.119e-001 2.709e+000-6.798e-002-1.370e+001 5.042e+000 1.677e+003 1.916e+001-1.707e+003-3.748e-001-8.610e+001 5.595e+000 1.629e+002-1.702e+001-6.287e+003 3.124e+002 2.571e+004
 3.000e+004 2.930e+000 1.290e+002 8.913e-002 2.096e+000-2.698e-002-9.148e+000 3.866e+000 1.648e+003 1.629e+001-1.888e+003-2.741e-001-8.221e+001 5.418e+000 1.594e+002-1.237e+001-6.036e+003 3.046e+002 2.543e+004
 3.130e+004 2.930e+000 1.650e+002 7.306e-001 3.036e+001-9.347e-001-1.203e+002 6.021e+001 9.653e+003-3.409e+001-1.063e+004-1.190e+000-2.264e+002 9.001e+000 2.310e+002-8.583e+001-2.078e+004 6.298e+002 6.263e+004
 3.250e+004 2.930e+000 2.370e+002 1.441e+000 6.817e+001-1.697e+000-2.326e+002 1.090e+002 1.795e+004-3.585e+001-1.846e+004-2.173e+000-3.623e+002 1.232e+001 3.517e+002-1.437e+002-3.635e+004 9.146e+002 1.005e+005
 3.380e+004 2.930e+000 1.230e+002 7.781e-002 9.491e-001-1.614e-002-6.713e+000 3.403e+000 1.783e+003 1.239e+001-2.320e+003-2.436e-001-9.791e+001 6.774e+000 1.799e+002-1.213e+001-7.165e+003 3.874e+002 3.214e+004
 3.500e+004 2.930e+000 1.560e+002 6.427e-002-1.400e-002 4.032e-002-4.415e+000 4.346e+000 1.473e+003 1.151e+001-1.682e+003-3.068e-001-8.821e+001 6.424e+000 1.508e+002-1.824e+001-6.145e+003 3.606e+002 2.776e+004
 3.630e+004 2.930e+000 1.200e+002 6.349e-002 8.976e-001-2.722e-003-5.519e+000 3.356e+000 1.198e+003 9.839e+000-1.099e+003-2.598e-001-6.956e+001 4.975e+000 1.054e+002-1.257e+001-4.755e+003 2.734e+002 2.007e+004
 3.750e+004 2.930e+000 1.230e+002 4.373e-002 1.531e-001 2.265e-002-1.530e+000 2.041e+000 6.872e+002 6.106e+000-4.858e+002-1.537e-001-3.892e+001 2.857e+000 5.190e+001-7.721e+000-2.551e+003 1.454e+002 9.966e+003
 3.880e+004 2.930e+000 1.320e+002 3.549e-002 4.115e-001-8.586e-003-1.664e+000 1.068e+000 3.461e+002 3.001e+000-2.258e+002-7.765e-002-1.860e+001 1.330e+000 2.288e+001-3.579e+000-1.150e+003 6.319e+001 4.100e+003
 4.000e+004 2.930e+000 2.880e+002 1.360e+000 4.674e+001-7.907e-001-1.361e+002 1.151e+002 1.977e+004 7.236e+001-7.831e+003-3.126e+000-4.700e+002 1.299e+001 3.300e+002-2.035e+002-3.816e+004 8.874e+002 7.704e+004
 4.130e+004 2.930e+000 1.710e+002 4.034e-002 2.212e-001 2.017e-003-8.660e-001 8.882e-001 1.877e+002 1.671e+000-1.278e+002-4.002e-002-7.159e+000 4.464e-001 9.743e+000-1.732e+000-4.170e+002 1.676e+001 1.119e+003
 4.250e+004 2.930e+000 1.350e+002 2.198e-002 6.844e-002 9.942e-003-2.564e-001 3.183e-001 7.053e+001 5.919e-001-8.942e+001-2.291e-002-3.200e+000 2.261e-001 6.183e+000-9.651e-001-1.686e+002 8.290e+000 5.972e+002
 4.380e+004 2.930e+000 1.410e+002 1.992e-002 1.588e-001-1.443e-003-4.857e-001 2.755e-001 6.114e+001 5.012e-001-8.106e+001-1.257e-002-2.345e+000 1.392e-001 4.776e+000-2.676e-001-1.194e+002 4.787e+000 4.222e+002
 4.500e+004 2.930e+000 1.020e+002 1.353e-002 9.933e-002-2.261e-004-2.702e-001 1.493e-001 4.279e+001 3.844e-001-4.914e+001-8.257e-003-1.168e+000 6.621e-002 2.809e+000-1.867e-001-8.104e+001 2.713e+000 3.233e+002
 4.630e+004 2.930e+000 1.140e+002 4.896e-002 6.137e-001 1.308e-003-1.107e+000 1.173e+000 1.299e+002 4.646e-001-9.740e+001-2.010e-002-2.324e+000 9.438e-002 4.236e+000-1.624e+000-1.952e+002 5.289e+000 6.202e+002
 4.750e+004 2.930e+000 2.760e+002 1.317e+001 3.455e+002-3.035e+000-7.037e+002 7.350e+002 6.753e+004 8.192e+001-3.026e+004-9.349e+000-7.047e+002 9.139e+000 4.030e+002-6.377e+002-7.274e+004 7.263e+002 9.224e+004
 4.880e+004 2.930e+000 1.920e+002 3.811e+000 9.314e+001-1.354e+000-2.226e+002 2.268e+002 2.328e+004 4.886e+000-1.245e+004-3.128e+000-2.658e+002 3.716e+000 1.494e+002-1.933e+002-2.503e+004 2.856e+002 3.385e+004
 5.000e+004 2.930e+000 1.110e+002 1.688e-002 1.632e-002-1.853e-003-5.945e-001 3.470e-001 6.312e+001-3.006e-001-8.247e+001-9.813e-003-1.492e+000 6.205e-002 1.751e+000-8.703e-001-1.413e+002 4.790e+000 5.979e+002
 5.130e+004 2.930e+000 1.020e+002 8.499e-003-2.956e-002-1.051e-003-1.948e-001 1.542e-001 2.935e+001-1.530e-001-5.333e+001-7.315e-003-1.186e+000 7.753e-002 1.914e+000-6.219e-001-1.104e+002 5.460e+000 6.068e+002
 5.250e+004 2.930e+000 9.600e+001 7.278e-003 1.372e-002-1.743e-003-2.588e-001 1.068e-001 2.420e+001-2.430e-001-4.621e+001-5.816e-003-1.025e+000 6.306e-002 1.160e+000-4.100e-001-1.021e+002 5.138e+000 5.783e+002
 5.380e+004 2.930e+000 1.350e+002 2.972e-002 1.570e-001-4.237e-002-1.349e-001 4.993e-001 3.906e+001-2.122e+000-5.055e+001 4.932e-002 5.995e-001 4.878e-001 1.102e+001 2.241e+000 2.423e+001 1.685e+001 1.165e+003
 5.500e+004 2.930e+000 1.410e+002 1.107e-001 4.274e+000-1.704e-001-1.458e+001 5.169e+000 1.545e+003-3.549e+000-1.497e+003-1.342e-001-4.985e+001 1.901e+000 3.987e+001-7.917e+000-3.561e+003 1.198e+002 9.751e+003
 5.630e+004 2.930e+000 2.760e+002 5.981e-001 2.527e+001-9.437e-001-1.161e+002 6.688e+001 1.900e+004-2.998e+001-1.620e+004-2.191e+000-6.154e+002 2.162e+001 4.542e+002-1.344e+002-4.440e+004 1.466e+003 1.177e+005
 5.750e+004 2.930e+000 1.110e+002 7.912e-003 1.467e-002-2.149e-003-9.465e-002 7.805e-002 2.936e+001-6.502e-002-2.278e+001-6.020e-003-1.406e+000 1.087e-001 8.978e-001-2.059e-001-9.837e+001 5.511e+000 4.120e+002
 5.880e+004 2.930e+000 1.050e+002 4.417e-003-2.133e-002 2.405e-003 6.203e-002 1.015e-002 2.607e+001-1.336e-001-9.205e+000-4.706e-004-1.473e+000 1.200e-001-7.444e-002 3.531e-002-1.095e+002 6.785e+000 5.094e+002
 6.000e+004 2.930e+000 7.500e+001 4.899e-003-2.043e-003 1.981e-003 9.293e-003 1.044e-001 2.510e+001-1.496e-001-1.013e+001-8.173e-003-1.517e+000 1.225e-001-5.769e-002-4.305e-001-1.028e+002 6.674e+000 4.561e+002
 6.130e+004 2.930e+000 1.170e+002 1.128e-002 2.882e-002 1.329e-003-5.086e-002 1.722e-001 3.096e+001 1.456e-002-9.964e-001-1.307e-002-1.870e+000 1.429e-001 1.111e-001-6.054e-001-1.225e+002 7.572e+000 5.048e+002
 6.250e+004 2.930e+000 1.140e+002 1.017e-002-8.772e-002 5.510e-003 3.257e-001 2.531e-001 5.585e+001 9.786e-002 5.075e+000-1.309e-002-2.640e+000 1.645e-001-1.868e-001-7.175e-001-1.774e+002 8.937e+000 5.995e+002
 6.380e+004 2.930e+000 1.950e+002 9.678e-001 2.171e+001 3.337e-001-3.623e+001 8.075e+001 8.838e+003 8.230e+001 2.257e+002-1.890e+000-1.753e+002 4.647e+000 1.412e+002-1.433e+002-1.566e+004 3.150e+002 2.785e+004
 6.500e+004 2.930e+000 1.050e+002 1.166e-002-3.262e-002 1.140e-003 1.543e-001 2.340e-001 5.661e+001 8.195e-003 6.341e+000-1.126e-002-2.144e+000 1.313e-001-4.006e-001-6.784e-001-1.622e+002 6.513e+000 4.889e+002
 6.630e+004 2.930e+000 8.100e+001 3.824e-003-9.370e-003 1.061e-003 4.488e-002 9.155e-002 3.956e+001-1.697e-001 5.959e+000-4.903e-003-1.700e+000 9.797e-002-8.179e-001-2.529e-001-1.152e+002 5.054e+000 3.481e+002
 6.750e+004 2.930e+000 5.100e+001 1.919e-003-1.925e-003 7.190e-005 4.174e-002 6.564e-002 2.595e+001-1.207e-001 8.745e+000-4.192e-003-1.038e+000 5.605e-002-7.472e-001-1.819e-001-7.682e+001 3.118e+000 2.355e+002
 6.880e+004 2.930e+000 6.000e+001 1.928e-003 7.406e-003-6.877e-004-3.211e-004 5.650e-002 2.148e+001-1.157e-001 1.101e+001-2.985e-003-8.378e-001 4.504e-002-8.115e-001-1.807e-001-6.269e+001 2.438e+000 1.960e+002
 7.000e+004 2.930e+000 5.100e+001 3.384e-003-1.484e-002 3.271e-004 8.809e-002 7.079e-002 1.427e+001-1.504e-001 9.206e+000-3.967e-003-5.116e-001 2.627e-002-7.460e-001-1.768e-001-4.011e+001 1.400e+000 1.251e+002
 7.130e+004 2.930e+000 9.000e+001 1.649e-002 3.297e-001-6.910e-003-8.503e-001 7.646e-001 1.164e+002-6.478e-002-4.326e+001-1.483e-002-1.889e+000 4.442e-002 3.912e-001-1.224e+000-2.021e+002 3.366e+000 3.860e+002
 7.250e+004 2.930e+000 7.800e+001 1.216e-002 3.599e-001-6.371e-003-1.057e+000 1.013e+000 2.164e+002-8.272e-002-9.171e+001-1.660e-002-3.346e+000 6.366e-002 1.064e+000-1.626e+000-3.758e+002 5.844e+000 7.154e+002
 7.380e+004 2.930e+000 8.400e+001 1.463e-003 4.072e-003-2.382e-004 9.676e-003 1.451e-002 2.049e+000-2.184e-002 2.580e+000-5.052e-004-5.758e-002 3.326e-003-1.333e-001-3.243e-002-3.493e+000 6.527e-002 1.343e+001
 7.500e+004 2.930e+000 6.000e+000 0.000e+000 0.000e+000 0.000e+000 0.000e+000 0.000e+000 1.368e-001-3.907e-003 2.281e-001 0.000e+000-2.840e-003 5.115e-004-1.830e-002 0.000e+000-2.737e-001-4.617e-003 1.483e+000
 7.630e+004 2.930e+000 6.000e+000 0.000e+000 0.000e+000 0.000e+000 0.000e+000 0.000e+000 6.749e-002-3.855e-003 2.475e-001 0.000e+000-2.854e-003 7.670e-004-2.105e-002 0.000e+000-8.999e-002-8.279e-003 1.350e+000
 7.750e+004 2.930e+000 9.000e+000 2.441e-004 1.347e-003 0.000e+000-1.347e-003 1.882e-003 1.988e-001-6.653e-003 4.866e-001 0.000e+000 9.109e-004 5.098e-004-4.847e-003-1.882e-003-1.550e-001-1.422e-002 1.748e+000
 7.880e+004 2.930e+000 3.600e+001 2.447e-003 5.536e-002 6.808e-006-2.870e-002 4.822e-002 6.882e+000 1.584e-002-1.197e+000-2.497e-004-4.727e-002 2.805e-003 4.617e-002 3.809e-003-4.912e+000 3.260e-002 8.768e+000
 8.000e+004 2.930e+000 1.170e+002 1.616e-002 4.639e-001-7.223e-003-1.360e+000 1.245e+000 2.222e+002 4.137e-001-9.018e+001-2.770e-002-4.808e+000 1.186e-001 2.821e+000-2.056e+000-4.051e+002 8.613e+000 7.887e+002
 8.130e+004 2.930e+000 2.400e+001 1.221e-003 4.637e-004 7.381e-006-4.976e-003 8.202e-003 9.334e-001-3.560e-004 1.687e-001-2.490e-004-1.813e-002 1.779e-003 2.316e-002-1.046e-002-1.128e+000 1.423e-002 6.483e+000
 8.250e+004 2.930e+000 3.000e+000 0.000e+000 0.000e+000 0.000e+000 0.000e+000 0.000e+000 4.185e-002-1.784e-003-2.093e-002 0.000e+000-1.454e-003 2.530e-004 1.216e-002 0.000e+000 2.093e-001-6.937e-003 1.193e+000
 8.380e+004 2.930e+000 1.200e+001 7.303e-004-3.821e-004 0.000e+000 2.205e-003 3.130e-003 8.200e-002-3.206e-003 1.436e-001 0.000e+000 2.960e-004 5.039e-004 2.302e-002 2.093e-002 3.483e-001-4.343e-003 3.012e+000
 8.500e+004 2.930e+000 9.000e+000 7.278e-004 1.016e-003-2.465e-004 1.862e-002 4.848e-003 6.070e-002-3.178e-003 1.418e-001-7.819e-006 2.640e-004 7.524e-004 2.390e-002 1.633e-002 2.022e-001 3.477e-004 3.083e+000
 8.630e+004 2.930e+000 6.000e+000 2.416e-004 1.377e-003 0.000e+000-3.075e-003 1.698e-003 5.947e-002-1.684e-003-9.939e-002 0.000e+000-1.457e-003 4.980e-004 1.984e-002-3.217e-004 5.994e-002 9.325e-003 1.572e+000
 8.750e+004 2.930e+000 1.020e+002 6.255e-003 8.498e-002 3.796e-004-1.045e-001 1.916e-001 4.571e+001 4.955e-001 4.778e+000-4.139e-003-7.846e-001 2.774e-002 9.204e-001-3.585e-001-8.636e+001 1.626e+000 1.747e+002
 8.880e+004 2.930e+000 6.000e+001 2.155e-003 3.805e-002 6.566e-005-7.265e-002 5.521e-002 2.299e+001 3.011e-001 1.799e+000-1.941e-003-3.668e-001 1.453e-002 6.160e-001-1.331e-001-4.371e+001 7.652e-001 9.330e+001
 9.000e+004 2.930e+000 1.200e+001 2.379e-004-1.613e-003 0.000e+000 2.999e-003 1.387e-003 3.794e-002 0.000e+000 5.686e-002 0.000e+000 0.000e+000 1.467e-003 6.762e-002 2.262e-004 1.884e-002 2.870e-002 4.517e+000
 9.130e+004 2.930e+000 1.500e+001 7.093e-004 0.000e+000 0.000e+000 5.958e-003 0.000e+000 1.880e-002 1.553e-003 1.316e-001 0.000e+000 1.464e-003 1.454e-003 3.948e-002 3.793e-004 5.639e-002 4.500e-002 3.692e+000
 9.250e+004 2.930e+000 2.100e+001 4.692e-004 1.388e-003 0.000e+000-1.711e-003 1.551e-003 5.544e-002-1.519e-003-1.295e-001 0.000e+000-1.461e-003 1.918e-003 6.536e-002 4.322e-003 1.480e-001 1.316e-002 5.684e+000
 9.380e+004 2.930e+000 1.500e+001 4.655e-004 0.000e+000-2.350e-004-1.221e-002 0.000e+000 1.835e-002 0.000e+000 0.000e+000-8.533e-006 0.000e+000 1.663e-003 4.353e-002 1.115e-002 3.671e-002 8.296e-002 6.646e+000
 9.500e+004 2.930e+000 2.400e+001 1.155e-003 2.539e-002 8.421e-006-3.982e-002 1.533e-002 5.640e+000 5.090e-002-2.685e-001-2.330e-004-5.089e-002 2.354e-003 1.077e-001-1.297e-002-8.926e+000 9.308e-002 1.901e+001
 9.630e+004 2.930e+000 0.000e+000 0.000e+000 0.000e+000 0.000e+000 0.000e+000 0.000e+000 0.000e+000 0.000e+000 0.000e+000 0.000e+000 0.000e+000 0.000e+000 0.000e+000 0.000e+000 0.000e+000 0.000e+000 0.000e+000
 9.750e+004 2.930e+000 0.000e+000 0.000e+000 0.000e+000 0.000e+000 0.000e+000 0.000e+000 0.000e+000 0.000e+000 0.000e+000 0.000e+000 0.000e+000 0.000e+000 0.000e+000 0.000e+000 0.000e+000 0.000e+000 0.000e+000
 9.880e+004 2.930e+000 0.000e+000 0.000e+000 0.000e+000 0.000e+000 0.000e+000 0.000e+000 0.000e+000 0.000e+000 0.000e+000 0.000e+000 0.000e+000 0.000e+000 0.000e+000 0.000e+000 0.000e+000 0.000e+000 0.000e+000
 1.000e+005 2.930e+000 0.000e+000 0.000e+000 0.000e+000 0.000e+000 0.000e+000 0.000e+000 0.000e+000 0.000e+000 0.000e+000 0.000e+000 0.000e+000 0.000e+000 0.000e+000 0.000e+000 0.000e+000 0.000e+000 0.000e+000
