 6.250e+000 2.930e+000 0.000e+000 0.000e+000 0.000e+000 0.000e+000 0.000e+000 0.000e+000 0.000e+000 0.000e+000 0.000e+000 0.000e+000 0.000e+000 0.000e+000 0.000e+000 0.000e+000 0.000e+000 0.000e+000 0.000e+000
 7.500e+000 2.930e+000 0.000e+000 0.000e+000 0.000e+000 0.000e+000 0.000e+000 0.000e+000 0.000e+000 0.000e+000 0.000e+000 0.000e+000 0.000e+000 0.000e+000 0.000e+000 0.000e+000 0.000e+000 0.000e+000 0.000e+000
 8.750e+000 2.930e+000 0.000e+000 0.000e+000 0.000e+000 0.000e+000 0.000e+000 0.000e+000 0.000e+000 0.000e+000 0.000e+000 0.000e+000 0.000e+000 0.000e+000 0.000e+000 0.000e+000 0.000e+000 0.000e+000 0.000e+000
 1.000e+001 2.930e+000 0.000e+000 0.000e+000 0.000e+000 0.000e+000 0.000e+000 0.000e+000 0.000e+000 0.000e+000 0.000e+000 0.000e+000 0.000e+000 0.000e+000 0.000e+000 0.000e+000 0.000e+000 0.000e+000 0.000e+000
 1.130e+001 2.930e+000 2.400e+001 9.900e+003 8.644e+003 3.966e+002 8.651e+002-3.567e+003 1.291e+005-1.297e+003 1.147e+003 2.082e+003 1.701e+003 1.166e+003 5.839e+002-3.071e+002 3.488e+003 5.830e+002 5.736e+003
 1.250e+001 2.930e+000 0.000e+000 0.000e+000 0.000e+000 0.000e+000 0.000e+000 0.000e+000 0.000e+000 0.000e+000 0.000e+000 0.000e+000 0.000e+000 0.000e+000 0.000e+000 0.000e+000 0.000e+000 0.000e+000 0.000e+000
 1.380e+001 2.930e+000 0.000e+000 0.000e+000 0.000e+000 0.000e+000 0.000e+000 0.000e+000 0.000e+000 0.000e+000 0.000e+000 0.000e+000 0.000e+000 0.000e+000 0.000e+000 0.000e+000 0.000e+000 0.000e+000 0.000e+000
 1.500e+001 2.930e+000 2.400e+001 6.297e+003-1.865e+003 3.832e+001-3.250e+002-5.216e+003 1.127e+005 8.694e+002 3.109e+003 1.145e+003-6.220e+002 8.032e+002 1.767e+002 5.110e+002-2.416e+003 1.494e+002 2.978e+003
 1.630e+001 2.930e+000 0.000e+000 0.000e+000 0.000e+000 0.000e+000 0.000e+000 0.000e+000 0.000e+000 0.000e+000 0.000e+000 0.000e+000 0.000e+000 0.000e+000 0.000e+000 0.000e+000 0.000e+000 0.000e+000 0.000e+000
 1.750e+001 2.930e+000 2.100e+001 6.187e+003 1.165e+003 2.298e+002 2.018e+002-3.344e+003 4.621e+004-2.351e+002 2.575e+003 9.857e+002-4.863e+002 5.917e+002-8.413e+001-4.279e+002-2.591e+003 1.102e+002 1.467e+003
 1.880e+001 2.930e+000 0.000e+000 0.000e+000 0.000e+000 0.000e+000 0.000e+000 0.000e+000 0.000e+000 0.000e+000 0.000e+000 0.000e+000 0.000e+000 0.000e+000 0.000e+000 0.000e+000 0.000e+000 0.000e+000 0.000e+000
 2.000e+001 2.930e+000 2.400e+001 6.749e+003-4.344e+003-2.076e+002 8.711e+002-9.653e+002 4.740e+004 2.108e+003 3.117e+003 1.246e+003 1.340e+003 1.069e+003 3.396e+002 8.987e+002-3.920e+003 4.159e+002 2.381e+003
 2.130e+001 2.930e+000 0.000e+000 0.000e+000 0.000e+000 0.000e+000 0.000e+000 0.000e+000 0.000e+000 0.000e+000 0.000e+000 0.000e+000 0.000e+000 0.000e+000 0.000e+000 0.000e+000 0.000e+000 0.000e+000 0.000e+000
 2.250e+001 2.930e+000 0.000e+000 0.000e+000 0.000e+000 0.000e+000 0.000e+000 0.000e+000 0.000e+000 0.000e+000 0.000e+000 0.000e+000 0.000e+000 0.000e+000 0.000e+000 0.000e+000 0.000e+000 0.000e+000 0.000e+000
 2.380e+001 2.930e+000 2.100e+001 6.901e+003 2.390e+002-3.365e+002-5.162e+002-5.673e+003 3.282e+004-5.625e+002 5.502e+002 1.727e+003-1.342e+003 1.470e+003 2.234e+002 8.159e+002-1.370e+003 3.226e+002 1.370e+003
 2.500e+001 2.930e+000 0.000e+000 0.000e+000 0.000e+000 0.000e+000 0.000e+000 0.000e+000 0.000e+000 0.000e+000 0.000e+000 0.000e+000 0.000e+000 0.000e+000 0.000e+000 0.000e+000 0.000e+000 0.000e+000 0.000e+000
 2.630e+001 2.930e+000 2.100e+001 9.962e+003-1.958e+003-4.594e+002 1.074e+003-3.192e+003 5.516e+004 1.045e+003 3.226e+002 3.018e+003-4.260e+002 1.741e+003 5.700e+002-1.638e+002-2.164e+003 1.849e+002 3.715e+003
 2.750e+001 2.930e+000 0.000e+000 0.000e+000 0.000e+000 0.000e+000 0.000e+000 0.000e+000 0.000e+000 0.000e+000 0.000e+000 0.000e+000 0.000e+000 0.000e+000 0.000e+000 0.000e+000 0.000e+000 0.000e+000 0.000e+000
 2.880e+001 2.930e+000 2.400e+001 8.688e+003 5.804e+001-1.658e+002-3.617e+001-7.585e+003 3.967e+004-3.885e+002 1.161e+003 2.046e+003-1.225e+003 1.420e+003 5.518e+002 5.640e+002-1.133e+003 3.261e+002 1.807e+003
 3.000e+001 2.930e+000 0.000e+000 0.000e+000 0.000e+000 0.000e+000 0.000e+000 0.000e+000 0.000e+000 0.000e+000 0.000e+000 0.000e+000 0.000e+000 0.000e+000 0.000e+000 0.000e+000 0.000e+000 0.000e+000 0.000e+000
 3.130e+001 2.930e+000 0.000e+000 0.000e+000 0.000e+000 0.000e+000 0.000e+000 0.000e+000 0.000e+000 0.000e+000 0.000e+000 0.000e+000 0.000e+000 0.000e+000 0.000e+000 0.000e+000 0.000e+000 0.000e+000 0.000e+000
 3.250e+001 2.930e+000 2.400e+001 1.023e+004-7.716e+001-6.942e+002 1.073e+003-5.501e+003 3.472e+004 1.007e+003 2.980e+003 2.469e+003-1.684e+003 1.900e+003 5.020e+002 1.435e+003-2.162e+003 3.573e+002 2.094e+003
 3.380e+001 2.930e+000 0.000e+000 0.000e+000 0.000e+000 0.000e+000 0.000e+000 0.000e+000 0.000e+000 0.000e+000 0.000e+000 0.000e+000 0.000e+000 0.000e+000 0.000e+000 0.000e+000 0.000e+000 0.000e+000 0.000e+000
 3.500e+001 2.930e+000 2.400e+001 1.863e+004 1.436e+003-1.107e+003 1.358e+003-6.085e+003 2.953e+004-1.363e+003-5.385e+002 6.638e+003-2.702e+003 5.544e+003 1.360e+003 2.195e+003-8.584e+001 1.154e+003 2.341e+003
 3.630e+001 2.930e+000 0.000e+000 0.000e+000 0.000e+000 0.000e+000 0.000e+000 0.000e+000 0.000e+000 0.000e+000 0.000e+000 0.000e+000 0.000e+000 0.000e+000 0.000e+000 0.000e+000 0.000e+000 0.000e+000 0.000e+000
 3.750e+001 2.930e+000 2.100e+001 1.983e+004 3.514e+003-2.245e+003 1.916e+003-8.830e+003 3.949e+004-5.848e+003 1.707e+003 9.064e+003-1.879e+003 1.116e+004 3.072e+003 1.079e+003 7.852e+002-1.148e+003 2.370e+003
 3.880e+001 2.930e+000 0.000e+000 0.000e+000 0.000e+000 0.000e+000 0.000e+000 0.000e+000 0.000e+000 0.000e+000 0.000e+000 0.000e+000 0.000e+000 0.000e+000 0.000e+000 0.000e+000 0.000e+000 0.000e+000 0.000e+000
 4.000e+001 2.930e+000 0.000e+000 0.000e+000 0.000e+000 0.000e+000 0.000e+000 0.000e+000 0.000e+000 0.000e+000 0.000e+000 0.000e+000 0.000e+000 0.000e+000 0.000e+000 0.000e+000 0.000e+000 0.000e+000 0.000e+000
 4.130e+001 2.930e+000 2.400e+001 8.720e+004 2.145e+004-9.721e+003 7.277e+003-2.697e+004 5.263e+004-1.595e+004 5.886e+002 4.169e+004-1.577e+004 3.147e+004 4.810e+003 1.203e+002 8.294e+002-2.119e+003 2.462e+003
 4.250e+001 2.930e+000 0.000e+000 0.000e+000 0.000e+000 0.000e+000 0.000e+000 0.000e+000 0.000e+000 0.000e+000 0.000e+000 0.000e+000 0.000e+000 0.000e+000 0.000e+000 0.000e+000 0.000e+000 0.000e+000 0.000e+000
 4.380e+001 2.930e+000 2.400e+001 1.071e+005 4.849e+004-7.696e+002 1.279e+004-5.327e+004 1.155e+005-7.830e+004-9.989e+001 8.180e+004-3.562e+004 1.130e+005 1.769e+004 5.432e+002 1.103e+004-5.649e+003 4.108e+003
 4.500e+001 2.930e+000 0.000e+000 0.000e+000 0.000e+000 0.000e+000 0.000e+000 0.000e+000 0.000e+000 0.000e+000 0.000e+000 0.000e+000 0.000e+000 0.000e+000 0.000e+000 0.000e+000 0.000e+000 0.000e+000 0.000e+000
 4.630e+001 2.930e+000 2.400e+001 2.725e+005 4.324e+004-4.544e+004 2.128e+004-1.506e+005 1.716e+005-5.471e+004-1.251e+004 1.024e+005-7.638e+004 1.152e+005 2.317e+004 2.504e+004 1.522e+002-3.466e+002 6.924e+003
 4.750e+001 2.930e+000 0.000e+000 0.000e+000 0.000e+000 0.000e+000 0.000e+000 0.000e+000 0.000e+000 0.000e+000 0.000e+000 0.000e+000 0.000e+000 0.000e+000 0.000e+000 0.000e+000 0.000e+000 0.000e+000 0.000e+000
 4.880e+001 2.930e+000 0.000e+000 0.000e+000 0.000e+000 0.000e+000 0.000e+000 0.000e+000 0.000e+000 0.000e+000 0.000e+000 0.000e+000 0.000e+000 0.000e+000 0.000e+000 0.000e+000 0.000e+000 0.000e+000 0.000e+000
 5.000e+001 2.930e+000 2.400e+001 1.719e+008-3.945e+007-5.279e+006 8.914e+006-6.280e+007 3.211e+007 9.222e+006-1.382e+006 3.170e+007-1.037e+007 6.029e+006 1.899e+006 8.135e+006-5.034e+006 1.227e+006 8.517e+005
 5.130e+001 2.930e+000 0.000e+000 0.000e+000 0.000e+000 0.000e+000 0.000e+000 0.000e+000 0.000e+000 0.000e+000 0.000e+000 0.000e+000 0.000e+000 0.000e+000 0.000e+000 0.000e+000 0.000e+000 0.000e+000 0.000e+000
 5.250e+001 2.930e+000 2.400e+001 2.493e+005 2.348e+004-2.463e+003 1.673e+004-1.516e+005 1.602e+005-4.660e+004-3.626e+003 8.201e+004-4.309e+004 7.018e+004 1.525e+004 1.512e+004-1.207e+003-4.239e+002 5.421e+003
 5.380e+001 2.930e+000 0.000e+000 0.000e+000 0.000e+000 0.000e+000 0.000e+000 0.000e+000 0.000e+000 0.000e+000 0.000e+000 0.000e+000 0.000e+000 0.000e+000 0.000e+000 0.000e+000 0.000e+000 0.000e+000 0.000e+000
 5.500e+001 2.930e+000 0.000e+000 0.000e+000 0.000e+000 0.000e+000 0.000e+000 0.000e+000 0.000e+000 0.000e+000 0.000e+000 0.000e+000 0.000e+000 0.000e+000 0.000e+000 0.000e+000 0.000e+000 0.000e+000 0.000e+000
 5.630e+001 2.930e+000 2.400e+001 6.394e+004 6.560e+003 1.016e+003 2.228e+003-4.115e+004 5.726e+004-1.773e+004-1.700e+003 1.396e+004-1.303e+004 2.951e+004 6.118e+003 3.132e+003 1.119e+003-4.308e+002 2.282e+003
 5.750e+001 2.930e+000 0.000e+000 0.000e+000 0.000e+000 0.000e+000 0.000e+000 0.000e+000 0.000e+000 0.000e+000 0.000e+000 0.000e+000 0.000e+000 0.000e+000 0.000e+000 0.000e+000 0.000e+000 0.000e+000 0.000e+000
 5.880e+001 2.930e+000 2.400e+001 6.346e+004 1.733e+004-8.793e+003 5.008e+003-1.627e+004 3.822e+004-1.075e+004-1.166e+003 2.398e+004-1.108e+004 1.806e+004 3.863e+003 3.248e+003 1.718e+003 4.148e+002 1.405e+003
 6.000e+001 2.930e+000 0.000e+000 0.000e+000 0.000e+000 0.000e+000 0.000e+000 0.000e+000 0.000e+000 0.000e+000 0.000e+000 0.000e+000 0.000e+000 0.000e+000 0.000e+000 0.000e+000 0.000e+000 0.000e+000 0.000e+000
 6.130e+001 2.930e+000 2.400e+001 1.660e+004 2.617e+003-4.966e+002 1.778e+003-9.542e+003 2.504e+004-4.106e+003-4.103e+002 5.149e+003-4.278e+003 5.914e+003 1.775e+003 1.313e+003-1.249e+002-1.828e+001 1.458e+003
 6.250e+001 2.930e+000 0.000e+000 0.000e+000 0.000e+000 0.000e+000 0.000e+000 0.000e+000 0.000e+000 0.000e+000 0.000e+000 0.000e+000 0.000e+000 0.000e+000 0.000e+000 0.000e+000 0.000e+000 0.000e+000 0.000e+000
 6.380e+001 2.930e+000 0.000e+000 0.000e+000 0.000e+000 0.000e+000 0.000e+000 0.000e+000 0.000e+000 0.000e+000 0.000e+000 0.000e+000 0.000e+000 0.000e+000 0.000e+000 0.000e+000 0.000e+000 0.000e+000 0.000e+000
 6.500e+001 2.930e+000 2.400e+001 1.290e+004 1.561e+003-1.643e+003 1.198e+003-5.588e+003 1.771e+004-1.050e+003 1.490e+002 3.598e+003-2.119e+003 3.379e+003 9.517e+002 5.869e+002-5.917e+002-2.865e+002 9.875e+002
 6.630e+001 2.930e+000 0.000e+000 0.000e+000 0.000e+000 0.000e+000 0.000e+000 0.000e+000 0.000e+000 0.000e+000 0.000e+000 0.000e+000 0.000e+000 0.000e+000 0.000e+000 0.000e+000 0.000e+000 0.000e+000 0.000e+000
 6.750e+001 2.930e+000 2.100e+001 9.179e+003 1.314e+003-1.102e+003-4.528e+002-4.272e+003 1.908e+004-1.488e+003 5.659e+002 2.117e+003-1.291e+003 1.384e+003 4.955e+001 7.610e+001-3.664e+001 1.612e+002 9.039e+002
 6.880e+001 2.930e+000 0.000e+000 0.000e+000 0.000e+000 0.000e+000 0.000e+000 0.000e+000 0.000e+000 0.000e+000 0.000e+000 0.000e+000 0.000e+000 0.000e+000 0.000e+000 0.000e+000 0.000e+000 0.000e+000 0.000e+000
 7.000e+001 2.930e+000 2.100e+001 7.390e+003 1.840e+003-6.478e+001 5.135e+002-3.730e+003 1.186e+004-9.477e+002 6.438e+002 1.929e+003-1.246e+003 9.469e+002 1.819e+002 3.707e+002-2.341e+002 7.295e+001 1.155e+003
 7.130e+001 2.930e+000 0.000e+000 0.000e+000 0.000e+000 0.000e+000 0.000e+000 0.000e+000 0.000e+000 0.000e+000 0.000e+000 0.000e+000 0.000e+000 0.000e+000 0.000e+000 0.000e+000 0.000e+000 0.000e+000 0.000e+000
 7.250e+001 2.930e+000 0.000e+000 0.000e+000 0.000e+000 0.000e+000 0.000e+000 0.000e+000 0.000e+000 0.000e+000 0.000e+000 0.000e+000 0.000e+000 0.000e+000 0.000e+000 0.000e+000 0.000e+000 0.000e+000 0.000e+000
 7.380e+001 2.930e+000 2.400e+001 7.560e+003 2.587e+003-3.075e+002 4.331e+002-9.595e+002 1.503e+004-1.426e+003-3.821e+002 1.506e+003-7.723e+002 8.007e+002 2.278e+002-2.197e+002-2.135e+002-8.515e+000 6.742e+002
 7.500e+001 2.930e+000 0.000e+000 0.000e+000 0.000e+000 0.000e+000 0.000e+000 0.000e+000 0.000e+000 0.000e+000 0.000e+000 0.000e+000 0.000e+000 0.000e+000 0.000e+000 0.000e+000 0.000e+000 0.000e+000 0.000e+000
 7.630e+001 2.930e+000 2.400e+001 5.353e+003 2.402e+003-5.947e+002-8.311e+001-3.629e+003 1.548e+004-1.069e+003 1.621e+002 1.388e+003-1.103e+003 1.052e+003 3.551e+002 4.920e+002-1.077e+003 9.729e+001 1.207e+003
 7.750e+001 2.930e+000 0.000e+000 0.000e+000 0.000e+000 0.000e+000 0.000e+000 0.000e+000 0.000e+000 0.000e+000 0.000e+000 0.000e+000 0.000e+000 0.000e+000 0.000e+000 0.000e+000 0.000e+000 0.000e+000 0.000e+000
 7.880e+001 2.930e+000 2.400e+001 4.881e+003 1.267e+003-2.101e+002 4.960e+002-1.268e+003 1.668e+004-1.425e+003 5.827e+002 1.059e+003-3.315e+002 6.354e+002 2.009e+002 2.897e+002-2.116e+002-5.491e+001 8.567e+002
 8.000e+001 2.930e+000 0.000e+000 0.000e+000 0.000e+000 0.000e+000 0.000e+000 0.000e+000 0.000e+000 0.000e+000 0.000e+000 0.000e+000 0.000e+000 0.000e+000 0.000e+000 0.000e+000 0.000e+000 0.000e+000 0.000e+000
 8.130e+001 2.930e+000 0.000e+000 0.000e+000 0.000e+000 0.000e+000 0.000e+000 0.000e+000 0.000e+000 0.000e+000 0.000e+000 0.000e+000 0.000e+000 0.000e+000 0.000e+000 0.000e+000 0.000e+000 0.000e+000 0.000e+000
 8.250e+001 2.930e+000 2.400e+001 3.992e+003 8.796e+002 1.761e+002 5.404e+002-1.506e+003 1.268e+004-4.174e+002-2.575e+002 6.170e+002-5.127e+002 2.331e+002 1.932e+002-1.331e+002-3.344e+000 8.820e+001 4.783e+002
 8.380e+001 2.930e+000 0.000e+000 0.000e+000 0.000e+000 0.000e+000 0.000e+000 0.000e+000 0.000e+000 0.000e+000 0.000e+000 0.000e+000 0.000e+000 0.000e+000 0.000e+000 0.000e+000 0.000e+000 0.000e+000 0.000e+000
 8.500e+001 2.930e+000 2.400e+001 4.456e+003 1.136e+003-1.451e+002-1.623e+002-1.596e+003 1.224e+004-6.592e+002 2.712e+002 7.289e+002-7.146e+002 3.515e+002 1.551e+001 3.985e+002-1.169e+003 8.969e+001 6.523e+002
 8.630e+001 2.930e+000 0.000e+000 0.000e+000 0.000e+000 0.000e+000 0.000e+000 0.000e+000 0.000e+000 0.000e+000 0.000e+000 0.000e+000 0.000e+000 0.000e+000 0.000e+000 0.000e+000 0.000e+000 0.000e+000 0.000e+000
 8.750e+001 2.930e+000 2.100e+001 3.528e+003 5.174e+002-1.096e+002 1.515e+002-1.371e+003 8.094e+003-2.551e+002 6.555e+002 6.220e+002-1.730e+002 2.610e+002 1.121e+002 5.113e+002-5.026e+002 2.610e+001 8.865e+002
 8.880e+001 2.930e+000 0.000e+000 0.000e+000 0.000e+000 0.000e+000 0.000e+000 0.000e+000 0.000e+000 0.000e+000 0.000e+000 0.000e+000 0.000e+000 0.000e+000 0.000e+000 0.000e+000 0.000e+000 0.000e+000 0.000e+000
 9.000e+001 2.930e+000 0.000e+000 0.000e+000 0.000e+000 0.000e+000 0.000e+000 0.000e+000 0.000e+000 0.000e+000 0.000e+000 0.000e+000 0.000e+000 0.000e+000 0.000e+000 0.000e+000 0.000e+000 0.000e+000 0.000e+000
 9.130e+001 2.930e+000 2.400e+001 4.984e+003 1.110e+003-1.945e+002 1.902e+002-1.118e+003 8.978e+003-1.861e+002 3.746e+002 5.223e+002-2.302e+002 1.731e+002-1.078e+001 4.489e+002-6.162e+002 6.331e+001 7.522e+002
 9.250e+001 2.930e+000 0.000e+000 0.000e+000 0.000e+000 0.000e+000 0.000e+000 0.000e+000 0.000e+000 0.000e+000 0.000e+000 0.000e+000 0.000e+000 0.000e+000 0.000e+000 0.000e+000 0.000e+000 0.000e+000 0.000e+000
 9.380e+001 2.930e+000 2.100e+001 2.902e+003 2.661e+001 1.041e+002 8.275e+001-1.318e+003 6.719e+003-1.870e+002 2.926e+000 2.907e+002-1.128e+002 7.961e+001 3.337e+001 1.645e+002 2.634e+001 3.102e+001 2.019e+002
 9.500e+001 2.930e+000 0.000e+000 0.000e+000 0.000e+000 0.000e+000 0.000e+000 0.000e+000 0.000e+000 0.000e+000 0.000e+000 0.000e+000 0.000e+000 0.000e+000 0.000e+000 0.000e+000 0.000e+000 0.000e+000 0.000e+000
 9.630e+001 2.930e+000 2.100e+001 4.152e+003 8.954e+002 3.195e+001 1.826e+002-1.871e+003 7.043e+003-4.600e+002-7.378e+001 6.707e+002-1.902e+002 2.366e+002 6.242e+001 1.769e+002-2.440e+002 3.253e+000 9.932e+001
 9.750e+001 2.930e+000 0.000e+000 0.000e+000 0.000e+000 0.000e+000 0.000e+000 0.000e+000 0.000e+000 0.000e+000 0.000e+000 0.000e+000 0.000e+000 0.000e+000 0.000e+000 0.000e+000 0.000e+000 0.000e+000 0.000e+000
 9.880e+001 2.930e+000 0.000e+000 0.000e+000 0.000e+000 0.000e+000 0.000e+000 0.000e+000 0.000e+000 0.000e+000 0.000e+000 0.000e+000 0.000e+000 0.000e+000 0.000e+000 0.000e+000 0.000e+000 0.000e+000 0.000e+000
 1.000e+002 2.930e+000 2.700e+001 2.694e+004 4.007e+003 5.769e+002-1.177e+002-4.545e+002 9.510e+003-3.730e+002-1.403e+002 1.605e+003 4.952e+002 2.369e+002 1.407e-001 3.444e+002-3.339e+002 4.704e+001 1.174e+002
 1.130e+002 2.930e+000 3.600e+001 4.237e+003 1.457e+003-3.767e+001 1.964e+000-3.313e+003 1.195e+004-1.180e+002 6.285e+001 3.097e+002-2.087e+002 7.398e+001 8.405e+001 4.373e+002-5.264e+002 4.541e+001 4.961e+002
 1.250e+002 2.930e+000 3.600e+001 5.168e+003 1.264e+003 1.229e+002 2.974e+002-2.588e+003 1.091e+004-3.937e+002-7.216e+001 4.914e+002-2.641e+002 1.485e+002 1.498e+002 2.920e+002-2.356e+002 1.275e+002 7.510e+002
 1.380e+002 2.930e+000 4.200e+001 7.410e+003 1.196e+003 9.328e+001-2.313e+001-2.583e+003 9.164e+003-3.010e+002-1.534e+001 4.522e+002-2.505e+002 1.158e+002 3.355e+001-1.256e+001-5.049e+002 3.260e+001 4.861e+002
 1.500e+002 2.930e+000 4.800e+001 5.813e+004-2.991e+003-1.211e+003 4.541e+003 6.935e+001 9.220e+003-9.893e+001-1.762e+002 1.702e+003-1.076e+002 2.039e+002 1.369e+002-9.288e+002-3.713e+002-9.309e+001 6.962e+002
 1.630e+002 2.930e+000 4.200e+001 1.303e+004 1.122e+003-4.515e+002 7.703e+002-2.314e+003 9.889e+003-1.016e+002-7.867e+002 7.920e+002-6.141e+002 2.197e+002 1.741e+002 2.105e+002-1.602e+002 5.569e+001 6.284e+002
 1.750e+002 2.930e+000 5.400e+001 1.622e+004 3.991e+003-3.036e+002 8.618e+002-5.556e+003 1.506e+004-6.428e+002-6.268e+002 1.634e+003-9.905e+002 5.241e+002 3.736e+002 2.328e+001 5.627e+001 8.250e+001 1.291e+003
 1.880e+002 2.930e+000 5.100e+001 3.685e+004 2.066e+004-2.836e+003 1.616e+003-1.103e+004 4.418e+004-2.098e+003-2.605e+003 3.404e+003-2.946e+003 1.369e+003 8.352e+002 2.521e+003 8.371e+002 8.489e+001 1.999e+003
 2.000e+002 2.930e+000 8.400e+001 1.274e+006 1.175e+006-6.317e+004 3.079e+004 2.420e+005 2.334e+006-1.550e+004-1.631e+005 4.756e+004-8.379e+004 3.173e+004 1.771e+004 9.513e+004 4.872e+004-1.772e+003 1.954e+004
 2.130e+002 2.930e+000 5.100e+001 8.042e+004 4.723e+004-1.467e+003 8.654e+002-2.522e+003 4.436e+004-4.166e+003-2.825e+003 7.490e+003-1.617e+003 1.184e+003 5.023e+002 3.906e+003-4.112e+002 3.621e+002 1.007e+003
 2.250e+002 2.930e+000 7.500e+001 2.261e+005 1.097e+005-6.392e+003 6.556e+003-3.484e+004 7.690e+004-1.100e+004-5.814e+003 2.511e+004-7.382e+003 3.442e+003 1.266e+003 9.588e+003 7.111e+002 1.017e+003 1.596e+003
 2.380e+002 2.930e+000 9.300e+001 1.265e+006 6.127e+005-4.954e+004 3.109e+004-2.141e+005 3.622e+005-6.808e+004-3.652e+004 1.578e+005-5.051e+004 2.247e+004 7.189e+003 6.487e+004 2.866e+003 6.887e+003 6.232e+003
 2.500e+002 2.930e+000 9.600e+001 5.104e+007 2.629e+007-2.521e+006 1.541e+006-8.420e+006 1.525e+007-3.129e+006-1.750e+006 6.879e+006-2.418e+006 1.067e+006 3.594e+005 2.907e+006 2.991e+005 3.158e+005 2.188e+005
 2.630e+002 2.930e+000 9.000e+001 7.512e+005 4.304e+005-4.570e+004 2.037e+004-9.172e+004 2.947e+005-5.710e+004-2.689e+004 1.028e+005-4.069e+004 1.867e+004 6.240e+003 3.960e+004 6.692e+003 4.345e+003 4.500e+003
 2.750e+002 2.930e+000 7.500e+001 8.641e+004 6.222e+004-7.089e+003 3.281e+003-2.163e+003 7.825e+004-1.281e+004-3.765e+003 1.210e+004-7.193e+003 3.508e+003 1.465e+003 4.619e+003 3.005e+003 4.095e+002 2.047e+003
 2.880e+002 2.930e+000 5.400e+001 1.689e+005-5.083e+004-6.069e+003-1.327e+003 6.197e+004 8.066e+004-7.785e+003-2.135e+003-5.386e+003-1.786e+003 1.468e+003 4.780e+002 7.680e+002 5.829e+002 2.602e+002 7.242e+002
 3.000e+002 2.930e+000 8.400e+001 1.267e+007-4.393e+006-1.721e+005 1.163e+005 2.017e+006 1.988e+006-8.569e+004 4.483e+004-1.401e+005 3.594e+004 5.955e+003 4.738e+002 7.756e+004-2.867e+004-2.529e+003 3.106e+003
 3.130e+002 2.930e+000 5.100e+001 3.121e+005-5.904e+004-9.549e+002 1.110e+004 1.834e+004 4.098e+004 1.029e+003 1.212e+003 1.359e+004 1.748e+003 1.031e+003 7.434e+002-2.074e+003-2.880e+003-2.864e+002 1.059e+003
 3.250e+002 2.930e+000 8.400e+001 2.473e+005-6.782e+003 4.910e+003 1.516e+004-7.806e+002 3.551e+004-1.074e+003 1.126e+003 2.883e+004 1.299e+003 4.631e+003 2.681e+003-8.168e+003-8.680e+002-9.673e+002 2.254e+003
 3.380e+002 2.930e+000 9.000e+001 8.280e+005 5.275e+004 5.159e+004 6.667e+004-7.502e+004 6.638e+004-1.320e+004-2.689e+003 1.361e+005-8.341e+003 2.790e+004 1.574e+004-5.089e+004 6.442e+003-4.610e+003 1.039e+004
 3.500e+002 2.930e+000 9.600e+001 2.051e+007 2.129e+006 1.835e+006 1.762e+006-3.155e+006 8.425e+005-7.063e+005-1.108e+005 3.804e+006-4.157e+005 8.933e+005 4.900e+005-1.658e+006 4.551e+005-1.517e+005 2.961e+005
 3.630e+002 2.930e+000 9.300e+001 5.428e+005 6.983e+004 5.411e+004 4.310e+004-1.153e+005 7.249e+004-2.673e+004-3.838e+003 9.897e+004-1.523e+004 2.496e+004 1.324e+004-4.521e+004 1.473e+004-3.991e+003 8.203e+003
 3.750e+002 2.930e+000 8.100e+001 1.104e+005 2.647e+004 9.018e+003 7.370e+003-2.805e+004 3.911e+004-8.124e+003 3.445e+002 1.857e+004-2.265e+003 4.712e+003 2.283e+003-6.816e+003 3.568e+003-6.061e+002 1.429e+003
 3.880e+002 2.930e+000 5.700e+001 4.850e+004 1.565e+004 2.546e+003 2.633e+003-1.276e+004 2.549e+004-3.652e+003 2.769e+002 5.789e+003-4.438e+002 1.414e+003 7.228e+002-1.881e+003 1.598e+003-1.222e+002 5.305e+002
 4.000e+002 2.930e+000 6.300e+001 5.009e+005 9.982e+004 3.234e+003 1.371e+004-5.043e+004 1.049e+005-1.777e+004-6.423e+003 2.375e+004-5.660e+003 4.408e+003 2.265e+003 4.837e+003 7.432e+003 7.378e+002 1.618e+003
 4.130e+002 2.930e+000 4.800e+001 1.346e+004-1.486e+003 2.681e+002 6.020e+002-2.793e+003 2.822e+004-2.299e+003-4.892e+001 7.926e+002 1.089e+002 6.073e+002 2.975e+002-2.587e+002 2.640e+001-2.474e+001 5.824e+002
 4.250e+002 2.930e+000 5.400e+001 1.358e+004 5.752e+003 3.673e+002 1.487e+002-9.006e+003 4.147e+004-2.969e+003 3.634e+002 9.078e+002 3.355e+002 6.795e+002 2.980e+002-6.998e+000 3.294e+002-3.979e+001 3.127e+002
 4.380e+002 2.930e+000 5.700e+001 3.454e+004 1.111e+004 9.357e+002-8.087e+002-3.447e+004 9.899e+004-4.177e+003 1.983e+003-5.208e+002 2.632e+003 6.441e+002 2.266e+002 5.814e+002-6.392e+002-1.059e+002 2.740e+002
 4.500e+002 2.930e+000 9.000e+001 6.968e+005 9.217e+003 4.945e+004-4.111e+004-9.962e+005 1.753e+006-9.184e+004 7.220e+004-6.043e+004 1.094e+005 1.307e+004 4.245e+003 1.322e+004-2.010e+004-5.091e+003 4.013e+003
 4.630e+002 2.930e+000 5.700e+001 2.252e+004 1.836e+004 1.335e+003-4.111e+001-2.633e+004 1.013e+005-5.006e+003 1.407e+003 9.131e+002 1.867e+003 5.483e+002 1.664e+002-7.267e+001-4.730e+002-1.003e+002 2.932e+002
 4.750e+002 2.930e+000 6.900e+001 1.828e+004 2.334e+004-6.895e+001 6.998e+002-7.456e+003 8.165e+004-3.902e+003 1.950e+002 1.923e+003-9.276e+001 3.993e+002 1.438e+002 1.445e+002 6.866e+001-2.330e+001 3.389e+002
 4.880e+002 2.930e+000 7.800e+001 1.120e+005 8.538e+004-1.671e+003 3.159e+003-2.514e+004 1.493e+005-9.143e+003-4.574e+002 8.601e+003-1.714e+003 1.042e+003 3.142e+002 7.202e+002 7.431e+002-3.011e+001 2.942e+002
 5.000e+002 2.930e+000 9.300e+001 4.075e+006 6.862e+005-9.070e+004 1.228e+005 3.005e+004 3.314e+005-4.208e+004-3.474e+002 1.835e+005-1.272e+004 1.126e+004 5.884e+003 1.062e+004 1.791e+004-2.333e+003 4.134e+003
 5.130e+002 2.930e+000 1.050e+002 1.746e+005-5.850e+004-6.494e+003 5.266e+003 1.124e+005 3.966e+005-1.460e+004 4.571e+003 4.546e+003 8.927e+003 1.099e+003 1.272e+002-1.445e+003-5.829e+003-3.221e+002 5.492e+002
 5.250e+002 2.930e+000 7.500e+001 3.864e+004-5.197e+003-4.731e+003 1.344e+003 1.163e+005 7.251e+005-2.924e+004 5.756e+003 2.272e+003 1.071e+004 1.503e+003-1.498e+002-1.461e+003-7.890e+003-3.403e+002 3.559e+002
 5.380e+002 2.930e+000 8.700e+001 7.172e+004 1.688e+005-1.846e+004 1.626e+003 4.632e+005 4.385e+006-2.004e+005 3.030e+004 1.480e+004 6.055e+004 1.030e+004-1.605e+003-6.458e+003-4.755e+004-2.013e+003 9.898e+002
 5.500e+002 2.930e+000 9.600e+001 1.980e+006 9.452e+006-5.671e+005 5.392e+003 1.431e+007 1.522e+008-7.476e+006 1.061e+006 6.713e+005 2.157e+006 4.019e+005-5.928e+004-2.135e+005-1.569e+006-7.335e+004 2.602e+004
 5.630e+002 2.930e+000 1.140e+002 7.989e+004 4.041e+005-1.734e+004-4.276e+002 4.818e+005 5.545e+006-2.565e+005 3.044e+004 2.561e+004 6.951e+004 1.319e+004-1.558e+003-6.135e+003-4.723e+004-1.937e+003 1.003e+003
 5.750e+002 2.930e+000 6.300e+001 1.273e+004 5.270e+004-1.481e+003-2.551e+002 4.685e+004 5.311e+005-2.245e+004 1.470e+003 2.862e+003 5.110e+003 1.106e+003-1.165e+002-4.886e+002-4.187e+003-9.157e+001 1.484e+002
 5.880e+002 2.930e+000 4.800e+001 8.804e+003 1.900e+004-4.131e+002-1.497e+002 1.905e+004 2.026e+005-7.701e+003 8.175e+001 1.090e+003 2.162e+003 3.826e+002-2.825e+001-1.290e+002-1.496e+003-2.542e+001 6.324e+001
 6.000e+002 2.930e+000 4.800e+001 8.592e+004 2.271e+004-9.010e+002-1.414e+002 1.600e+004 1.284e+005-5.425e+003-8.621e+001 8.819e+002 1.983e+002 3.553e+002 3.496e+001 3.335e+002-4.410e+002-3.026e+000 9.340e+001
 6.130e+002 2.930e+000 5.100e+001 6.055e+003 1.050e+004-4.899e+001 3.858e+001 8.145e+003 6.964e+004-2.038e+003 5.491e+002 6.797e+002 1.185e+003 1.645e+002 1.454e+001-1.371e+002-6.979e+002-1.656e+001 8.642e+001
 6.250e+002 2.930e+000 5.700e+001 3.388e+003 1.018e+004 2.104e+002 2.135e+002 4.421e+003 6.788e+004-1.515e+003 1.112e+003 3.912e+002 1.548e+003 1.452e+002 6.733e+001-1.359e+002 4.429e+002 9.748e+000 1.090e+002
 6.380e+002 2.930e+000 5.700e+001 7.125e+003 2.666e+004 6.297e+002 6.500e+002 9.203e+003 1.346e+005-8.966e+002 4.152e+003 4.748e+002 3.435e+003 2.316e+002 1.651e+002-7.676e+002 1.510e+003 5.446e+001 3.047e+002
 6.500e+002 2.930e+000 1.170e+002 3.945e+005 1.420e+006 5.361e+004 4.628e+004 4.831e+005 5.930e+006 7.098e+004 3.086e+005 1.178e+003 2.025e+005 1.019e+004 1.101e+004-6.697e+004 8.161e+004 6.614e+003 1.855e+004
 6.630e+002 2.930e+000 4.800e+001 5.467e+003 1.393e+004 2.819e+002 2.901e+002 6.956e+003 6.217e+004 1.341e+002 2.069e+003 6.983e+001 1.148e+003 9.017e+001 5.309e+001-4.734e+002 2.340e+002 4.167e+001 1.528e+002
 6.750e+002 2.930e+000 5.400e+001 3.637e+003 6.148e+003 1.241e+001 4.956e+001 4.255e+003 2.958e+004-3.025e+002 5.307e+002 8.209e+001 1.821e+002 3.012e+001 1.030e+001-1.371e+002-2.227e+002 2.995e+000 6.575e+001
 6.880e+002 2.930e+000 4.800e+001 8.809e+003 5.201e+003-8.583e+001 1.229e+002 3.579e+003 1.789e+004-1.814e+002 2.114e+002 1.871e+002 1.051e+002 3.177e+001 1.265e+001 6.544e+001 5.766e+001 1.162e+000 3.393e+001
 7.000e+002 2.930e+000 5.100e+001 9.345e+005 7.229e+004-3.341e+004-7.881e+003 6.944e+004 2.372e+004-3.855e+003-3.044e+003 1.164e+004-1.589e+003 1.476e+003 1.248e+003 3.502e+004 2.117e+003 7.369e+002 1.509e+003
 7.130e+002 2.930e+000 5.100e+001 6.797e+003 1.090e+003-1.070e+002-9.814e+001-7.504e+002 8.384e+003-1.148e+002 9.914e+001 9.293e+001 3.832e+001 2.835e+001 1.919e+001 1.673e+002 2.500e+001 4.198e+000 5.510e+001
 7.250e+002 2.930e+000 4.800e+001 2.219e+003 7.160e+002-1.785e+001-4.334e+001-6.479e+001 6.715e+003-1.029e+002 3.393e+001 7.130e+000 5.313e+001 1.415e+001 8.173e+000-3.123e+001 8.392e+000-3.345e-001 4.008e+001
 7.380e+002 2.930e+000 4.500e+001 1.405e+003 9.507e+002 7.119e+000-2.167e+001-2.064e+002 5.999e+003-6.819e+001 9.532e+001 4.106e+001 9.687e+001 1.590e+001 6.453e+000-2.688e+001-1.018e+002-1.081e+000 2.197e+001
 7.500e+002 2.930e+000 7.200e+001 1.658e+004 1.491e+004 3.755e+003-1.563e+003-1.406e+004 6.314e+004-7.570e+003 7.543e+003 3.142e+002 6.678e+003 1.925e+003 1.122e+003-2.200e+003 8.680e+002-9.204e+002 1.261e+003
 7.630e+002 2.930e+000 4.500e+001 9.082e+002 6.190e+002 3.588e+000 1.178e+001-1.139e+002 4.848e+003-9.276e+001 2.524e+001 2.135e+001 2.483e+001 1.588e+001 8.752e+000 1.231e+001 1.357e+001-3.643e-001 3.162e+001
 7.750e+002 2.930e+000 4.500e+001 9.807e+002 8.094e+002-3.549e+000-6.797e+000-1.163e+002 4.348e+003-6.048e+001 2.623e+001 8.894e+000 7.757e+000 1.056e+001 4.737e+000 9.071e+000 3.619e+001-2.021e-001 1.629e+001
 7.880e+002 2.930e+000 3.300e+001 2.201e+003 1.147e+003-4.982e+001 1.888e+001 1.679e+002 3.062e+003-1.754e+002 3.260e+001 8.358e+001 7.833e+000 3.167e+001 2.175e+001 1.506e+001 8.826e+001-3.308e+000 2.842e+001
 8.000e+002 2.930e+000 5.400e+001 1.374e+005-9.862e+003-1.267e+002-4.405e+003 8.846e+003 1.046e+004-1.860e+003-1.481e+003-4.430e+003-1.451e+003 8.359e+002 7.704e+002-6.881e+002 1.643e+003 8.433e+001 7.810e+002
 8.130e+002 2.930e+000 2.700e+001 5.882e+002 3.385e+002 1.762e+000 2.097e+001 5.395e+001 1.967e+003-5.088e+001 6.277e+001 3.010e+001 1.693e+001 1.052e+001 9.086e+000-3.444e+001 5.693e+001-3.501e+000 3.787e+001
 8.250e+002 2.930e+000 3.900e+001 8.584e+002 4.445e+002 3.330e+000 7.086e+001 2.858e+002 2.821e+003-9.553e+001 4.945e+001 9.186e+001 6.871e+001 4.371e+001 3.077e+001 3.529e+001 9.956e+001 6.157e+000 4.538e+001
 8.380e+002 2.930e+000 6.900e+001 1.662e+003 4.144e+002-2.561e+001 4.706e+002 1.278e+003 8.297e+003-1.165e+002 8.813e+002 4.514e+002 7.546e+002 2.140e+002 2.159e+002 6.072e+001 3.568e+002 2.838e+001 3.045e+002
 8.500e+002 2.930e+000 5.400e+001 1.617e+005 1.546e+004 2.029e+004 7.209e+004 2.818e+005 6.126e+005 3.442e+004 1.470e+005 7.051e+004 1.427e+005 3.798e+004 3.775e+004-1.375e+004-2.101e+004 3.736e+003 3.814e+004
 8.630e+002 2.930e+000 3.300e+001 5.060e+002 4.146e+002-1.221e+001 7.128e+001 2.228e+002 3.042e+003-7.195e+001 1.262e+002 5.781e+001 2.967e+001 2.081e+001 2.429e+001 1.346e+001 7.753e+001-6.243e+000 5.386e+001
 8.750e+002 2.930e+000 4.500e+001 5.471e+002 4.788e+002 1.055e+001 5.422e+001 7.927e+001 3.525e+003-1.203e+002 1.700e+002 3.154e+001 8.122e+001 3.297e+001 2.848e+001-6.148e+000 2.252e+002 9.091e+000 6.966e+001
 8.880e+002 2.930e+000 6.300e+001 1.443e+003 1.003e+003 4.033e+001 1.399e+002 1.675e+002 3.478e+003-1.064e+002 8.321e+001 1.012e+002 5.950e+001 5.597e+001 4.763e+001-6.907e+001 3.222e+002-6.631e+000 1.178e+002
 9.000e+002 2.930e+000 3.600e+001 2.639e+005-1.970e+004 2.091e+003 5.599e+003 3.673e+004 1.241e+004-4.943e+001 7.605e+002 7.808e+002 1.954e+001 1.105e+002 1.198e+002-3.221e+003-4.930e+002 5.068e+001 3.365e+002
 9.130e+002 2.930e+000 2.700e+001 5.036e+002 7.231e+002-6.853e+000 1.709e+002 7.258e+002 8.339e+003-4.851e+002-7.290e+002 1.936e+002 5.276e+002 1.416e+002 1.513e+002 2.851e+002 2.700e+003 2.234e+002 1.079e+003
 9.250e+002 2.930e+000 3.600e+001 5.659e+002 3.304e+002-1.912e+001 1.331e+002 1.783e+002 2.418e+003-1.891e+002 1.339e+002 1.467e+002 1.828e+002 8.125e+001 8.839e+001 1.228e+002 3.920e+002 5.121e+001 1.891e+002
 9.380e+002 2.930e+000 7.200e+001 3.243e+003 1.846e+003 7.006e+001 8.774e+002 1.246e+003 6.628e+003-7.799e+002 6.207e+002 1.118e+003 5.542e+002 5.106e+002 4.161e+002-3.366e+002 9.918e+002-1.030e+002 4.961e+002
 9.500e+002 2.930e+000 4.200e+001 2.230e+005 1.995e+005 4.375e+004 7.076e+004 5.615e+004 2.326e+005-8.046e+004 8.786e+004 9.479e+004 7.027e+004 5.429e+004 4.784e+004-6.944e+004 4.932e+004-1.728e+004 4.811e+004
 9.630e+002 2.930e+000 3.900e+001 4.332e+002 1.738e+002 1.744e+000 3.854e+001 1.129e+002 1.961e+003-2.816e+001 1.343e+002 2.452e+001 2.893e+001 1.214e+001 1.275e+001 1.734e+001 1.091e+002 1.485e+000 5.754e+001
 9.750e+002 2.930e+000 5.100e+001 6.055e+002 3.800e+002 8.755e+000 3.332e+001 6.698e+001 2.703e+003-7.863e+001 1.985e+002 2.981e+001 4.444e+001 1.910e+001 1.909e+001 2.594e+000 1.903e+002 3.250e+000 9.149e+001
 9.880e+002 2.930e+000 6.600e+001 1.268e+003 7.698e+002 6.731e+001 2.566e+002 3.613e+002 3.836e+003-1.927e+002 3.860e+002 2.164e+002 2.178e+002 9.299e+001 1.005e+002-2.620e+001 6.263e+002 2.911e+001 2.981e+002
 1.000e+003 2.930e+000 9.900e+001 1.959e+005-4.126e+003 5.900e+003-4.200e+003 2.060e+004 5.680e+004 3.941e+002 7.448e+003-1.389e+003 3.816e+003 7.289e+002 7.393e+002 3.890e+003 1.157e+004 6.626e+002 4.936e+003
 1.130e+003 2.930e+000 1.890e+002 7.078e+004-7.784e+004 1.008e+003-1.401e+004 1.501e+004 2.490e+005 1.671e+004 5.239e+003 6.063e+003-2.631e+003 1.594e+003-2.919e+003 8.746e+003 4.804e+004-7.439e+001 1.090e+004
 1.250e+003 2.930e+000 2.640e+002 6.085e+004-3.278e+003 3.592e+002 2.573e+003 7.941e+004 2.211e+005 5.174e+001 4.871e+003 9.963e+002 2.459e+003 1.074e+002 1.619e+002 8.699e+003 2.785e+004 3.574e+002 5.163e+003
 1.380e+003 2.930e+000 2.040e+002 3.868e+004 2.507e+004 7.668e+002 3.336e+003 3.197e+002 9.060e+004-2.240e+003 1.752e+002 1.827e+001 1.407e+003 1.563e+002 6.261e+002-3.146e+003 2.105e+004 4.047e+002 6.082e+003
 1.500e+003 2.930e+000 6.600e+001 1.418e+003 2.477e+003-1.711e+001 9.505e+002 3.812e+003 6.459e+004-1.819e+003 2.106e+003 2.783e+002 1.118e+003 1.166e+002 4.289e+002 4.803e+002 9.692e+003 1.561e+002 2.021e+003
 1.630e+003 2.930e+000 6.600e+001 4.891e+003 1.417e+004-1.613e+001 3.099e+003 6.262e+003 1.186e+005-5.104e+003 4.434e+003 7.527e+002 1.790e+003 2.586e+002 1.049e+003 7.299e+002 2.266e+004 1.600e+002 4.578e+003
 1.750e+003 2.930e+000 4.800e+001 7.879e+003 6.793e+004-1.025e+001 1.445e+004 2.709e+004 8.071e+005-3.447e+004 2.852e+004 3.365e+003 1.358e+004 1.714e+003 7.325e+003 2.994e+003 1.606e+005 1.505e+003 3.315e+004
 1.880e+003 2.930e+000 6.600e+001 1.925e+004 1.113e+005-1.706e+003 2.199e+004 5.922e+004 1.038e+006-5.023e+004 2.990e+004 6.006e+003 1.045e+004 2.573e+003 9.133e+003 7.120e+003 1.827e+005 5.374e+002 3.396e+004
 2.000e+003 2.930e+000 7.200e+001 4.387e+004 2.630e+005 6.597e+002 5.375e+004 4.191e+004 1.868e+006-1.059e+005 4.958e+004 1.557e+004 2.056e+004 6.311e+003 2.180e+004 1.214e+003 3.739e+005 1.351e+003 7.642e+004
 2.130e+003 2.930e+000 4.800e+001 1.399e+004 6.212e+004 1.740e+002 1.310e+004 9.638e+003 3.556e+005-2.293e+004 1.054e+004 4.120e+003 5.003e+003 1.575e+003 4.895e+003 2.445e+002 7.325e+004 3.493e+002 1.545e+004
 2.250e+003 2.930e+000 7.200e+001 5.865e+003 2.180e+004-3.570e+002 4.911e+003 1.165e+004 1.738e+005-1.123e+004 5.743e+003 1.636e+003 3.020e+003 7.943e+002 2.446e+003 1.670e+003 3.612e+004 2.602e+002 7.731e+003
 2.380e+003 2.930e+000 6.000e+001 2.614e+003 9.775e+003 9.343e+001 1.699e+003 1.420e+003 6.421e+004-3.725e+003 2.989e+003 6.069e+002 1.465e+003 2.688e+002 7.315e+002-2.545e+002 1.114e+004 9.769e+001 2.332e+003
 2.500e+003 2.930e+000 4.800e+001 1.462e+003 4.774e+003-7.820e+001 1.046e+003 2.737e+003 3.428e+004-2.159e+003 1.312e+003 3.753e+002 7.017e+002 1.546e+002 4.592e+002 4.181e+002 6.789e+003 6.096e+001 1.446e+003
 2.630e+003 2.930e+000 7.200e+001 9.611e+002 2.117e+003-1.570e+001 5.434e+002 1.549e+003 1.986e+004-1.124e+003 9.028e+002 1.756e+002 4.635e+002 8.118e+001 2.547e+002 2.062e+002 3.993e+003 4.455e+001 8.640e+002
 2.750e+003 2.930e+000 6.900e+001 8.638e+002 3.560e+003 7.077e+001 8.557e+002 1.256e+003 2.406e+004-1.521e+003 1.200e+003 2.770e+002 9.366e+002 1.398e+002 3.862e+002 8.730e+001 5.273e+003 1.315e+002 1.227e+003
 2.880e+003 2.930e+000 4.800e+001 3.799e+002 7.823e+002-5.755e+001 2.089e+002 1.299e+003 1.156e+004-6.965e+002 4.097e+002 7.706e+001 2.857e+002 5.169e+001 1.600e+002 2.374e+002 2.441e+003 3.569e+001 5.386e+002
 3.000e+003 2.930e+000 6.900e+001 5.476e+002 1.593e+003-1.788e+001 4.351e+002 1.536e+003 2.665e+004-1.458e+003 4.757e+002 1.916e+002 1.194e+003 1.448e+002 3.745e+002 3.624e+002 6.332e+003 2.708e+002 1.550e+003
 3.130e+003 2.930e+000 6.900e+001 4.996e+002 6.647e+002-1.772e+001 1.601e+002 7.633e+002 7.694e+003-3.927e+002 2.574e+002 5.144e+001 2.122e+002 3.109e+001 9.336e+001 1.223e+002 1.611e+003 3.263e+001 3.536e+002
 3.250e+003 2.930e+000 4.500e+001 4.000e+002 2.455e+003 7.618e+001 4.940e+002-1.789e+002 2.582e+004-1.274e+003 8.142e+002 1.328e+002 6.660e+002 8.501e+001 2.757e+002-1.038e+002 5.082e+003 9.319e+001 1.033e+003
 3.380e+003 2.930e+000 7.200e+001 8.308e+002 1.553e+003-8.282e+001 5.216e+002 3.084e+003 3.637e+004-1.447e+003 1.955e+003 2.297e+002 1.481e+003 1.355e+002 3.902e+002 5.674e+002 7.343e+003 2.223e+002 1.610e+003
 3.500e+003 2.930e+000 7.200e+001 4.774e+003 3.524e+004-6.667e+001 7.790e+003 1.434e+004 3.482e+005-1.573e+004 9.416e+003 1.868e+003 5.826e+003 8.242e+002 3.463e+003 2.063e+003 7.282e+004 7.942e+002 1.550e+004
 3.630e+003 2.930e+000 4.200e+001 2.007e+003 7.127e+003 1.455e+002 1.753e+003 8.658e+003 8.194e+004-1.483e+003 3.711e+003 5.067e+002 2.734e+003 1.662e+002 4.396e+002 1.135e+003 1.452e+004 4.170e+002 2.801e+003
 3.750e+003 2.930e+000 6.300e+001 8.908e+002 3.636e+003 3.384e+001 8.229e+002 2.264e+003 2.840e+004-1.033e+003 1.144e+003 2.163e+002 8.585e+002 7.347e+001 2.475e+002 2.877e+002 5.588e+003 1.274e+002 1.157e+003
 3.880e+003 2.930e+000 6.600e+001 1.362e+003 7.080e+003 8.399e+000 1.659e+003 4.711e+003 7.099e+004-3.036e+003 2.586e+003 4.752e+002 2.127e+003 2.111e+002 7.192e+002 7.072e+002 1.457e+004 3.244e+002 3.109e+003
 4.000e+003 2.930e+000 4.500e+001 1.192e+003 3.576e+003-6.846e+001 9.061e+002 5.320e+003 4.489e+004-1.395e+003 1.881e+003 2.767e+002 1.333e+003 8.646e+001 3.353e+002 8.959e+002 8.940e+003 2.126e+002 1.889e+003
 4.130e+003 2.930e+000 7.200e+001 4.850e+003 3.027e+004 1.186e+002 6.969e+003 2.033e+004 2.963e+005-1.161e+004 1.079e+004 1.804e+003 8.870e+003 7.245e+002 2.709e+003 3.054e+003 6.075e+004 1.395e+003 1.286e+004
 4.250e+003 2.930e+000 7.200e+001 1.565e+003 7.406e+003 2.431e+001 1.590e+003 5.302e+003 6.158e+004-1.821e+003 1.780e+003 3.345e+002 1.445e+003 9.620e+001 4.050e+002 8.164e+002 1.200e+004 2.273e+002 2.401e+003
 4.380e+003 2.930e+000 4.800e+001 7.793e+002 3.288e+003-4.183e+001 8.048e+002 4.140e+003 4.224e+004-1.401e+003 1.600e+003 2.338e+002 1.226e+003 8.354e+001 3.227e+002 6.868e+002 8.284e+003 1.877e+002 1.688e+003
 4.500e+003 2.930e+000 7.200e+001 5.722e+002 3.729e+003 5.951e+001 7.965e+002 1.089e+003 3.361e+004-1.251e+003 1.062e+003 1.755e+002 9.228e+002 7.523e+001 2.857e+002 1.097e+002 6.795e+003 1.478e+002 1.414e+003
 4.630e+003 2.930e+000 6.600e+001 2.805e+002 5.001e+002-3.124e+001 1.620e+002 1.493e+003 1.118e+004-3.488e+002 4.760e+002 6.700e+001 3.675e+002 2.428e+001 8.528e+001 2.734e+002 2.197e+003 5.747e+001 4.549e+002
 4.750e+003 2.930e+000 4.800e+001 1.291e+002 6.288e+002-4.212e+000 1.621e+002 7.984e+002 1.017e+004-2.746e+002 5.306e+002 4.133e+001 2.925e+002 1.685e+001 6.864e+001 1.224e+002 1.973e+003 4.319e+001 4.136e+002
 4.880e+003 2.930e+000 5.700e+001 1.957e+002 1.059e+003-7.406e+000 2.125e+002 5.350e+002 8.457e+003-3.386e+002 4.252e+002 5.277e+001 1.297e+002 1.727e+001 6.653e+001 4.029e+001 1.513e+003 7.711e+000 2.995e+002
 5.000e+003 2.930e+000 6.600e+001 6.814e+001 2.150e+002-1.049e+000 5.612e+001 2.249e+002 2.723e+003-8.630e+001 1.243e+002 1.465e+001 6.813e+001 5.386e+000 2.210e+001 3.815e+001 5.892e+002 1.104e+001 1.375e+002
 5.130e+003 2.930e+000 4.500e+001 6.654e+001 3.670e+002 1.082e+000 8.910e+001 1.219e+002 2.748e+003-1.310e+002 1.019e+002 2.018e+001 5.146e+001 7.799e+000 3.254e+001 1.380e+001 6.324e+002 6.896e+000 1.527e+002
 5.250e+003 2.930e+000 4.200e+001 2.192e+001 4.321e+001 3.142e-001 8.882e+000 2.682e+001 3.521e+002-1.113e+001 9.204e+000 2.337e+000 6.477e+000 1.017e+000 3.307e+000 3.629e+000 6.724e+001 8.113e-001 1.768e+001
 5.380e+003 2.930e+000 6.300e+001 5.639e+001 2.152e+002-3.187e+000 6.502e+001 1.504e+002 2.653e+003-1.282e+002 1.210e+002 1.636e+001 3.748e+001 8.556e+000 3.499e+001 2.165e+001 6.252e+002 3.300e+000 1.640e+002
 5.500e+003 2.930e+000 3.900e+001 1.906e+001 6.037e+001 1.787e+000 1.407e+001 2.944e+001 6.052e+002-2.186e+001 1.395e+001 3.775e+000 1.628e+001 1.955e+000 5.990e+000 3.621e+000 1.266e+002 2.799e+000 3.260e+001
 5.630e+003 2.930e+000 5.400e+001 3.998e+001 9.234e+001-5.240e+000 1.258e+001 3.097e+002 4.868e+003-1.213e+002-9.872e+001 8.988e+000 8.547e+001 5.795e+000 2.249e+001 5.383e+001 8.856e+002 1.883e+001 1.787e+002
 5.750e+003 2.930e+000 6.600e+001 5.927e+001 4.151e+002-2.054e-001 9.902e+001 1.252e+002 6.238e+003-2.641e+002 8.115e+001 2.087e+001 5.230e+001 1.315e+001 6.192e+001 1.894e+001 1.378e+003 9.443e+000 3.224e+002
 5.880e+003 2.930e+000 4.800e+001 3.686e+001 9.431e+001-7.325e+000 2.497e+001 2.325e+002 3.251e+003-1.374e+002 6.109e+001 5.156e+000 3.066e+001 7.483e+000 3.302e+001 4.467e+001 7.036e+002 5.314e+000 1.650e+002
 6.000e+003 2.930e+000 6.300e+001 9.749e+001 6.036e+002-8.711e+000 1.536e+002 2.970e+002 1.253e+004-5.636e+002 6.022e+001 4.240e+001 1.941e+002 3.295e+001 1.348e+002 6.982e+001 2.785e+003 4.295e+001 6.501e+002
 6.130e+003 2.930e+000 6.900e+001 5.770e+001 1.786e+002-2.302e+000 4.795e+001 1.653e+002 3.986e+003-1.761e+002 1.900e+002 1.133e+001 1.094e+002 1.247e+001 4.648e+001 2.685e+001 8.617e+002 1.700e+001 2.150e+002
 6.250e+003 2.930e+000 4.200e+001 7.849e+001 3.836e+002 1.248e+001 5.627e+001-1.635e+002 3.395e+003-1.702e+002 1.491e+002 1.956e+001 3.978e+001 1.001e+001 3.191e+001-4.152e+001 5.658e+002 1.171e+000 1.172e+002
 6.380e+003 2.930e+000 6.600e+001 6.002e+001 2.283e+002-7.509e+000 6.058e+001 2.943e+002 4.074e+003-2.061e+002 1.895e+002 2.239e+001 1.511e+002 1.772e+001 5.535e+001 5.740e+001 8.836e+002 2.666e+001 2.300e+002
 6.500e+003 2.930e+000 6.900e+001 3.275e+001 1.161e+002 3.048e+000 2.463e+001 2.743e+001 2.241e+003-8.410e+001 1.154e+002 6.090e+000 7.763e+001 7.388e+000 2.309e+001-2.084e+000 4.209e+002 1.398e+001 1.136e+002
 6.630e+003 2.930e+000 4.800e+001 5.010e+001 1.201e+002-1.165e+001 3.417e+001 3.173e+002 3.302e+003-1.550e+002 1.247e+002 2.045e+001 1.333e+002 1.442e+001 3.779e+001 6.004e+001 6.483e+002 2.353e+001 1.501e+002
 6.750e+003 2.930e+000 4.500e+001 2.313e+001 8.152e+001 9.153e-001 1.551e+001 6.488e+001 1.128e+003-3.691e+001 7.737e+001 4.412e+000 5.053e+001 4.415e+000 1.289e+001 5.816e+000 2.103e+002 8.988e+000 6.674e+001
 6.880e+003 2.930e+000 5.400e+001 2.113e+001 7.035e+001-1.995e+000 2.220e+001 1.291e+002 1.892e+003-6.596e+001 1.198e+002 8.752e+000 7.347e+001 7.536e+000 2.006e+001 1.746e+001 3.003e+002 1.249e+001 9.903e+001
 7.000e+003 2.930e+000 3.300e+001 1.686e+001 2.782e+001 1.568e-001 6.146e+000 5.368e+001 3.518e+002-5.401e+000 2.166e+001 2.681e+000 1.314e+001 1.400e+000 3.974e+000 9.029e+000 5.833e+001 4.913e+000 3.873e+001
 7.130e+003 2.930e+000 4.200e+001 1.680e+001 4.475e+001 5.530e-001 1.325e+001 8.659e+001 9.858e+002-2.163e+001 7.377e+001 6.006e+000 5.080e+001 4.288e+000 9.686e+000 1.102e+001 1.666e+002 9.263e+000 5.263e+001
 7.250e+003 2.930e+000 5.100e+001 1.944e+001 2.561e+001-2.394e+000 1.434e+001 8.722e+001 7.064e+002-2.581e+001 7.145e+001 4.546e+000 2.521e+001 3.215e+000 1.199e+001 1.561e+001 1.395e+002 6.927e+000 7.512e+001
 7.380e+003 2.930e+000 3.900e+001 2.022e+001 3.360e+001 5.391e-001 4.681e+000 3.675e+001 3.555e+002-7.645e+000 1.656e+001 1.952e+000 1.085e+001 1.434e+000 4.367e+000 5.473e-001 4.044e+001 4.816e+000 3.955e+001
 7.500e+003 2.930e+000 5.100e+001 3.635e+001 1.251e+002 6.641e-001 3.693e+001 2.248e+002 2.378e+003-6.103e+001 2.157e+002 1.596e+001 1.280e+002 1.025e+001 2.542e+001 2.350e+001 3.852e+002 2.122e+001 1.341e+002
 7.630e+003 2.930e+000 5.100e+001 2.460e+001 7.339e+001 2.358e-003 9.177e+000 6.626e+001 5.771e+002-1.565e+001 2.018e+001 4.362e+000 1.326e+001 2.590e+000 7.479e+000 2.567e+000 3.895e+001 8.006e+000 6.921e+001
 7.750e+003 2.930e+000 4.200e+001 2.573e+001 8.940e+001-2.234e+000 2.721e+001 9.030e+001 7.217e+002-3.309e+001 7.648e+001 7.231e+000 2.112e+001 4.407e+000 1.507e+001 1.039e+001 1.448e+002 7.080e+000 8.470e+001
 7.880e+003 2.930e+000 6.600e+001 3.030e+001 1.232e+002-8.965e-001 4.228e+001 6.693e+001 1.396e+003-4.105e+001 5.976e+001 9.466e+000 2.751e+001 6.132e+000 2.357e+001 1.856e+001 3.398e+002 1.972e+001 2.056e+002
 8.000e+003 2.930e+000 6.000e+001 3.562e+001 8.249e+001 4.819e+000 7.817e+001 1.799e+002 2.158e+003 3.055e+001 7.616e+002 1.807e+001 1.698e+002 1.982e+001 5.943e+001 5.852e+001 7.716e+002 9.853e+001 7.138e+002
 8.130e+003 2.930e+000 3.000e+001 1.094e+001 4.790e+001-1.460e+000 1.540e+001 3.229e+001 4.875e+002-2.852e+001 1.504e+001 4.204e+000 8.206e+000 3.250e+000 1.289e+001 7.508e+000 1.432e+002 6.028e+000 8.977e+001
 8.250e+003 2.930e+000 5.700e+001 2.134e+001 5.686e+001-2.091e+000 2.212e+001 6.560e+001 5.163e+002-2.852e+001 4.076e+001 7.743e+000 1.999e+001 5.275e+000 1.646e+001 1.280e+001 1.117e+002 1.032e+001 1.036e+002
 8.380e+003 2.930e+000 6.000e+001 5.854e+001 1.736e+002-3.157e+000 4.795e+001 2.022e+002 1.446e+003-6.155e+001 9.720e+001 1.457e+001 3.987e+001 6.077e+000 2.117e+001 2.445e+001 2.667e+002 8.615e+000 1.121e+002
 8.500e+003 2.930e+000 3.900e+001 1.330e+001 1.806e+001-1.580e+000 8.052e+000 3.527e+001 3.428e+002-1.275e+001 3.726e+001 3.671e+000 1.725e+001 2.739e+000 7.632e+000 6.248e+000 5.623e+001 5.308e+000 4.580e+001
 8.630e+003 2.930e+000 6.600e+001 4.967e+001 1.741e+002 3.690e+000 5.324e+001 1.563e+002 1.438e+003-3.677e+001 1.618e+002 1.352e+001 6.555e+001 6.849e+000 2.221e+001 1.186e+001 2.316e+002 1.628e+001 1.324e+002
 8.750e+003 2.930e+000 6.000e+001 3.530e+001 7.871e+001-3.316e+000 2.703e+001 1.053e+002 6.581e+002-3.826e+001 4.359e+001 9.333e+000 2.043e+001 5.731e+000 1.848e+001 1.616e+001 1.256e+002 9.349e+000 1.002e+002
 8.880e+003 2.930e+000 4.200e+001 5.070e+001 8.288e+001-5.261e+000 3.532e+001 1.581e+002 7.656e+002-4.354e+001 6.925e+001 1.401e+001 3.960e+001 6.463e+000 1.978e+001 3.194e+001 1.773e+002 1.195e+001 9.978e+001
 9.000e+003 2.930e+000 6.600e+001 5.881e+001 1.532e+002-3.585e-001 5.916e+001 2.153e+002 1.600e+003-6.493e+001 1.867e+002 1.823e+001 7.616e+001 8.988e+000 2.983e+001 1.565e+001 2.780e+002 1.380e+001 1.526e+002
 9.130e+003 2.930e+000 5.400e+001 3.886e+001 6.164e+001-4.019e+000 2.784e+001 1.359e+002 8.402e+002-3.645e+001 6.741e+001 1.094e+001 3.859e+001 5.907e+000 1.820e+001 2.702e+001 1.647e+002 1.363e+001 1.067e+002
 9.250e+003 2.930e+000 4.500e+001 4.126e+001 1.640e+002 1.568e-001 4.476e+001 1.501e+002 1.407e+003-5.648e+001 9.275e+001 1.270e+001 5.085e+001 5.818e+000 1.975e+001 1.496e+001 2.619e+002 1.210e+001 1.092e+002
 9.380e+003 2.930e+000 5.700e+001 2.471e+001 5.772e+001 2.102e-002 2.591e+001 1.001e+002 7.775e+002-2.479e+001 6.354e+001 6.647e+000 3.029e+001 5.363e+000 1.917e+001 1.022e+001 1.383e+002 1.708e+001 1.430e+002
 9.500e+003 2.930e+000 5.100e+001 2.519e+001 6.407e+001-1.690e+000 1.516e+001 1.124e+002 9.749e+002-2.702e+001 2.501e+001 4.833e+000 1.963e+001 4.153e+000 1.429e+001 1.170e+001 1.270e+002 1.483e+001 1.204e+002
 9.630e+003 2.930e+000 3.900e+001 1.633e+001 4.024e+001-1.119e+000 1.577e+001 7.883e+001 7.030e+002-2.585e+001 4.326e+001 4.542e+000 2.397e+001 3.365e+000 1.191e+001 1.119e+001 1.402e+002 9.899e+000 8.410e+001
 9.750e+003 2.930e+000 4.800e+001 1.056e+001 3.334e+001-4.839e-001 8.734e+000 4.471e+001 6.849e+002-1.868e+001 2.715e+001 3.006e+000 2.209e+001 3.720e+000 1.257e+001 7.243e+000 1.213e+002 1.389e+001 1.086e+002
 9.880e+003 2.930e+000 6.600e+001 3.424e+001 1.087e+002-1.409e+000 3.245e+001 1.075e+002 1.278e+003-3.826e+001 5.632e+001 7.445e+000 2.705e+001 4.812e+000 1.718e+001 9.737e+000 2.009e+002 1.330e+001 1.287e+002
 1.000e+004 2.930e+000 2.880e+002 1.304e+002 4.598e+002-5.452e+000 1.315e+002 4.603e+002 5.936e+003-1.592e+002 4.980e+002 3.164e+001 1.669e+002 2.952e+001 1.091e+002 5.624e+001 8.903e+002 8.127e+001 7.876e+002
 1.130e+004 2.930e+000 5.880e+002 2.243e+002 9.026e+002-2.790e+000 2.232e+002 9.834e+002 1.026e+004-2.083e+002 7.422e+002 4.608e+001 1.969e+002 4.026e+001 1.680e+002 9.456e+001 1.374e+003 1.525e+002 1.417e+003
 1.250e+004 2.930e+000 5.850e+002 9.829e+001 3.705e+002-4.396e+000 5.791e+001 4.289e+002 5.590e+003-9.772e+001 2.586e+002 1.475e+001 6.998e+001 2.717e+001 1.090e+002 3.591e+001 5.322e+002 1.120e+002 9.732e+002
 1.380e+004 2.930e+000 5.730e+002 8.671e+001 3.498e+002 7.753e-001 8.109e+001 3.939e+002 4.935e+003-9.231e+001 2.207e+002 1.610e+001 8.028e+001 2.068e+001 8.683e+001 3.326e+001 6.046e+002 8.007e+001 7.269e+002
 1.500e+004 2.930e+000 5.670e+002 8.536e+001 3.396e+002-1.406e+000 8.689e+001 3.865e+002 5.388e+003-1.200e+002 3.122e+002 1.732e+001 1.228e+002 1.518e+001 6.954e+001 5.818e+001 1.005e+003 5.734e+001 5.780e+002
 1.630e+004 2.930e+000 5.100e+002 4.498e+001 1.824e+002-2.372e+000 2.796e+001 2.318e+002 3.019e+003-6.219e+001 2.266e+001 6.782e+000 3.595e+001 8.750e+000 3.930e+001 2.789e+001 4.184e+002 3.501e+001 3.488e+002
 1.750e+004 2.930e+000 4.770e+002 1.186e+001 5.588e+001-3.656e+000-8.730e+000 5.119e+001 7.535e+002-2.878e+001-1.745e+002 1.765e+000-1.604e+001 6.510e+000 2.584e+001 2.152e+001 6.357e+001 2.884e+001 2.494e+002
 1.880e+004 2.930e+000 4.380e+002 3.973e+000 1.483e+001-1.219e+000-1.835e+000 1.041e+001 2.191e+002-1.192e+001-7.603e+001 1.035e+000-5.807e+000 4.779e+000 2.079e+001 8.732e+000 3.082e+001 2.219e+001 2.128e+002
 2.000e+004 2.930e+000 5.070e+002 7.927e+000 3.206e+001-7.369e+000 3.456e-001 2.008e+001 4.833e+002-7.317e+001-6.379e+002 8.444e+000-7.131e+001 4.693e+001 1.968e+002 6.937e+001-3.844e+001 2.224e+002 1.899e+003
 2.130e+004 2.930e+000 3.060e+002 9.067e-001 1.641e+000-6.781e-002 1.155e-001 2.470e+000 3.504e+001-7.352e-001-4.471e+000 1.736e-001-3.214e-001 1.164e+000 4.575e+000 9.485e-001 4.090e+000 5.468e+000 5.205e+001
 2.250e+004 2.930e+000 2.910e+002 9.703e-001 2.425e+000-3.159e-003 1.219e+000 3.693e+000 5.335e+001-9.009e-001 4.111e+000 2.885e-001 1.440e+000 7.217e-001 2.498e+000 1.269e+000 1.325e+001 2.983e+000 2.694e+001
 2.380e+004 2.930e+000 2.730e+002 2.800e+000 6.178e+000 5.216e-002 6.377e+000 1.968e+001 2.234e+002-4.335e+000 3.682e+001 1.822e+000 1.789e+001 2.041e+000 6.570e+000 9.375e+000 1.112e+002 1.025e+001 7.850e+001
 2.500e+004 2.930e+000 1.560e+002 3.320e-001 5.472e-001 2.705e-002 4.954e-001 7.892e-001 8.349e+000-2.628e-002 7.998e-001 8.892e-002 1.830e-001 2.090e-001 6.395e-001 3.441e-001 1.903e+000 8.733e-001 9.236e+000
 2.630e+004 2.930e+000 9.000e+001 1.084e-001 2.462e-001 2.617e-003-6.370e-003 5.370e-001 7.213e+000 2.830e-002-2.336e+000 2.888e-003-1.206e-001 6.075e-002 1.361e-001-3.289e-002-2.289e+000 2.664e-001 2.044e+001
 2.750e+004 2.930e+000 1.140e+002 1.585e-001 3.989e-001 4.532e-003 3.274e-001 7.767e-001 1.873e+001 5.563e-002-3.421e+001 6.792e-003-5.039e-002 4.972e-002 3.782e-001-7.599e-001-6.122e+001 3.693e-001 4.791e+002
 2.880e+004 2.930e+000 2.130e+002 3.594e-001 1.277e+000-1.362e-001 1.605e-001 1.109e+000 1.708e+001-1.388e+000-6.693e+000 2.290e-001-3.475e-002 8.488e-001 3.089e+000 1.558e+000 4.900e+000 3.866e+000 3.290e+001
 3.000e+004 2.930e+000 1.980e+002 3.945e-001 1.842e+000 3.001e-002 6.194e-001 1.935e+000 3.094e+001-1.500e-001 3.045e+000 1.105e-001 8.990e-001 1.337e-001 4.033e-001 3.732e-001 5.331e+000 4.766e-001 5.103e+000
 3.130e+004 2.930e+000 2.070e+002 8.631e-001 3.956e+000 1.103e-001 1.648e+000 5.479e+000 7.042e+001-5.194e-001 8.446e+000 2.733e-001 2.744e+000 2.218e-001 6.768e-001 9.195e-001 1.662e+001 8.867e-001 7.595e+000
 3.250e+004 2.930e+000 2.460e+002 1.159e+000 6.842e+000 1.693e-001 2.681e+000 7.136e+000 1.159e+002-1.784e+000 1.361e+001 4.112e-001 4.670e+000 3.108e-001 1.178e+000 1.108e+000 3.038e+001 1.187e+000 1.139e+001
 3.380e+004 2.930e+000 1.380e+002 9.657e-002 3.009e-001 4.457e-003 8.626e-002 3.784e-001 4.598e+000-5.773e-002 2.274e-001 1.736e-002 9.555e-002 4.656e-002 8.414e-002 5.896e-002 6.279e-001 1.024e-001 9.555e-001
 3.500e+004 2.930e+000 1.740e+002 8.965e-002 2.098e-001 5.830e-003 4.576e-002 3.081e-001 3.727e+000-5.297e-003-1.142e-002 9.903e-003 2.374e-002 4.115e-002 6.503e-002 9.459e-003 1.046e-001 6.343e-002 6.140e-001
 3.630e+004 2.930e+000 1.470e+002 9.633e-002 2.928e-001 7.134e-003 8.994e-002 3.352e-001 4.210e+000-6.604e-002 1.584e-001 2.168e-002 9.870e-002 3.703e-002 6.907e-002 8.910e-002 8.036e-001 9.136e-002 9.361e-001
 3.750e+004 2.930e+000 1.830e+002 9.105e-002 2.598e-001 7.183e-003 5.090e-002 3.459e-001 4.328e+000-3.830e-002 1.486e-001 1.025e-002 5.856e-002 3.889e-002 8.672e-002-7.084e-003 3.820e-001 6.217e-002 8.872e-001
 3.880e+004 2.930e+000 1.470e+002 5.095e-002 8.224e-002 4.949e-003 3.422e-002 1.008e-001 1.557e+000 2.282e-002 8.632e-002 6.175e-003-2.150e-002 4.849e-002 1.211e-001-1.856e-003-9.715e-002 1.462e-001 1.187e+000
 4.000e+004 2.930e+000 2.370e+002 6.077e-001 2.561e+000 1.981e-002 1.170e+000 3.466e+000 3.798e+001-1.145e+000 3.202e+000 2.581e-001 1.844e+000 1.998e-001 7.112e-001 9.784e-001 1.275e+001 6.568e-001 6.064e+000
 4.130e+004 2.930e+000 1.170e+002 3.313e-002 5.593e-002 9.141e-004 3.124e-002 5.328e-002 8.288e-001 9.035e-003 5.521e-002 9.539e-003 2.925e-002 3.356e-002 6.135e-002 3.403e-002 8.506e-002 8.162e-002 5.008e-001
 4.250e+004 2.930e+000 1.710e+002 6.856e-002 1.804e-001 2.838e-003 3.729e-002 2.306e-001 2.838e+000-2.049e-002 1.716e-001 1.199e-002 7.879e-002 3.057e-002 4.713e-002 3.164e-002 4.359e-001 5.186e-002 5.101e-001
 4.380e+004 2.930e+000 1.290e+002 2.044e-002 2.047e-002 2.757e-003 1.296e-002 3.166e-002 4.836e-001-1.627e-003 3.202e-002 4.120e-003 1.384e-002 1.486e-002 2.083e-002-4.776e-003 6.559e-002 1.135e-002 1.511e-001
 4.500e+004 2.930e+000 9.900e+001 1.629e-002 3.164e-002-1.379e-004 1.046e-002 3.283e-002 4.968e-001-1.341e-002 1.877e-002 4.393e-003 1.862e-002 1.143e-002 8.430e-003 1.187e-002 1.133e-001 1.352e-002 9.496e-002
 4.630e+004 2.930e+000 7.800e+001 2.436e-002 4.193e-002 1.311e-003 9.533e-003 3.950e-002 6.190e-001-1.382e-002 2.627e-002 1.748e-003 1.619e-002 7.341e-003 1.143e-002-3.780e-003 8.697e-002 1.145e-002 8.691e-002
 4.750e+004 2.930e+000 3.120e+002 6.743e+000 2.901e+001 3.194e-001 1.270e+001 3.672e+001 4.186e+002-1.239e+001 3.913e+001 2.661e+000 2.048e+001 1.441e+000 5.914e+000 9.005e+000 1.332e+002 5.404e+000 4.655e+001
 4.880e+004 2.930e+000 2.070e+002 1.952e+000 8.229e+000 1.036e-001 3.542e+000 9.498e+000 1.103e+002-3.416e+000 1.048e+001 7.071e-001 5.370e+000 4.039e-001 1.634e+000 2.271e+000 3.537e+001 1.431e+000 1.267e+001
 5.000e+004 2.930e+000 1.290e+002 2.973e-002 7.086e-002 8.002e-004 2.543e-002 1.005e-001 1.404e+000-1.166e-002 1.272e-001 4.662e-003 4.282e-002 1.373e-002 1.371e-002 1.945e-002 3.168e-001 1.400e-002 1.366e-001
 5.130e+004 2.930e+000 1.080e+002 2.007e-002 4.242e-002 2.790e-004 9.111e-003 5.387e-002 5.491e-001-1.662e-002 2.015e-002 3.416e-003 1.871e-002 8.839e-003 6.203e-003 5.102e-003 9.583e-002 6.375e-003 6.165e-002
 5.250e+004 2.930e+000 9.900e+001 1.761e-002 3.015e-002 7.465e-004 5.206e-003 3.452e-002 3.475e-001-2.330e-003-1.532e-002 2.423e-003 9.401e-003 7.788e-003 3.352e-003 9.490e-003 7.435e-002 4.668e-003 6.190e-002
 5.380e+004 2.930e+000 1.080e+002 4.798e-002 8.650e-002 9.890e-004 6.902e-002 2.451e-001 2.011e+000 8.644e-004 3.168e-001 4.594e-003 3.270e-002 8.010e-003 1.030e-002 5.513e-002 4.279e-001-3.256e-003 2.514e+000
 5.500e+004 2.930e+000 1.380e+002 1.941e-001 8.080e-001 1.676e-002 3.130e-001 6.879e-001 8.597e+000-1.640e-001 8.885e-001 4.201e-002 3.299e-001 2.624e-002 8.678e-002 1.174e-001 2.573e+000 8.502e-002 9.297e-001
 5.630e+004 2.930e+000 3.330e+002 5.558e+000 2.259e+001 3.419e-001 1.032e+001 2.785e+001 2.814e+002-8.088e+000 2.983e+001 2.095e+000 1.435e+001 1.017e+000 4.178e+000 6.726e+000 9.195e+001 3.846e+000 3.335e+001
 5.750e+004 2.930e+000 9.000e+001 1.350e-002 1.801e-002 1.197e-003 4.194e-003 2.822e-002 3.460e-001-4.516e-003 1.617e-002 2.168e-003 9.741e-003 4.725e-003 1.056e-003 4.216e-003 6.439e-002 3.209e-003 2.365e-002
 5.880e+004 2.930e+000 7.200e+001 6.974e-003 1.566e-002 2.373e-004 2.876e-003 1.329e-002 1.651e-001-2.958e-003 7.051e-003 7.219e-004 6.735e-003 3.229e-003 1.088e-003 6.646e-004 2.313e-002 1.224e-003 8.496e-003
 6.000e+004 2.930e+000 9.000e+001 1.400e-002 2.876e-002 2.373e-003 3.916e-002 5.419e-002 4.691e-001-1.411e-003 2.249e-001 5.072e-003 3.723e-002 8.696e-003 2.654e-002 1.217e-002 2.221e-001 2.013e-002 2.944e-001
 6.130e+004 2.930e+000 6.900e+001 7.756e-003 7.698e-003 2.401e-004 1.872e-003 1.909e-002 1.306e-001-5.489e-004 1.088e-002 2.445e-004 1.850e-003 1.999e-003 2.861e-004 1.548e-003 1.341e-002 4.463e-004 7.818e-003
 6.250e+004 2.930e+000 1.080e+002 1.159e-002 1.543e-002-1.695e-005 5.837e-003 2.936e-002 3.989e-001 4.265e-002 1.513e-001 1.461e-003 2.283e-004 2.984e-002 1.231e-001 5.945e-003-2.024e-001 9.575e-002 1.052e+000
 6.380e+004 2.930e+000 2.070e+002 1.441e+000 6.408e+000 8.890e-002 3.092e+000 7.533e+000 7.726e+001-2.564e+000 8.078e+000 6.192e-001 4.112e+000 3.260e-001 1.359e+000 2.042e+000 2.782e+001 1.216e+000 1.090e+001
 6.500e+004 2.930e+000 8.100e+001 5.188e-002 1.107e-001 6.347e-004 4.589e-002 1.124e-001 1.021e+000-2.056e-002 9.811e-002 7.117e-003 3.577e-002 4.796e-003 1.031e-002 2.454e-002 3.114e-001 1.059e-002 1.153e-001
 6.630e+004 2.930e+000 5.400e+001 5.975e-003 7.538e-003 2.343e-004 2.231e-003 1.231e-002 8.031e-002-1.691e-003 3.109e-003 7.417e-004 2.567e-003 1.266e-003 6.839e-005 2.119e-003 1.426e-002 5.691e-004 4.410e-003
 6.750e+004 2.930e+000 7.500e+001 6.236e-003 7.398e-003 0.000e+000 4.579e-004 1.110e-002 7.175e-002 1.410e-006 2.508e-004 0.000e+000 9.156e-004 7.609e-004-7.096e-005 1.174e-003 6.622e-003 3.522e-004 3.561e-003
 6.880e+004 2.930e+000 6.300e+001 6.024e-003 8.084e-003-2.521e-004 3.894e-004 1.113e-002 6.539e-002-1.604e-003-1.496e-003 2.430e-004 1.311e-004 1.018e-003 2.085e-004 1.503e-003 7.756e-003-1.404e-004 2.998e-003
 7.000e+004 2.930e+000 7.800e+001 7.493e-003 1.083e-002-9.855e-006 2.145e-003 1.036e-002 9.150e-002-2.010e-003 2.454e-003 4.965e-004-1.583e-004 7.652e-004 7.608e-004 1.505e-003 1.395e-002-2.160e-004 4.898e-003
 7.130e+004 2.930e+000 8.400e+001 2.207e-002 7.398e-002 4.098e-004 3.094e-002 1.000e-001 1.249e+000-2.584e-002 8.133e-002 4.239e-003 3.690e-002 4.595e-003 1.145e-002 2.841e-002 4.215e-001 1.133e-002 1.593e-001
 7.250e+004 2.930e+000 7.800e+001 9.609e-002 4.505e-001 1.956e-003 2.144e-001 5.527e-001 6.032e+000-1.743e-001 5.593e-001 3.596e-002 2.439e-001 1.943e-002 8.634e-002 1.579e-001 2.184e+000 7.232e-002 8.538e-001
 7.380e+004 2.930e+000 5.400e+001 5.122e-003 7.351e-003-5.769e-006 7.338e-004 9.111e-003 4.649e-002-5.676e-004 9.352e-004 2.497e-004 7.940e-004 2.558e-004 0.000e+000 6.534e-004 3.722e-003 0.000e+000 9.311e-004
 7.500e+004 2.930e+000 3.600e+001 3.176e-003 1.689e-003-6.180e-006-6.077e-005 2.864e-003 2.769e-002-5.693e-004-5.766e-007 2.499e-004 7.834e-004 2.558e-004 1.423e-004 3.294e-004 2.524e-003 1.959e-004 9.188e-004
 7.630e+004 2.930e+000 4.200e+001 3.669e-003 5.354e-003 0.000e+000 0.000e+000 5.997e-003 2.614e-002 0.000e+000 0.000e+000 0.000e+000 0.000e+000 0.000e+000 0.000e+000 0.000e+000 0.000e+000 0.000e+000 0.000e+000
 7.750e+004 2.930e+000 6.000e+001 4.883e-003 4.086e-003-6.611e-006 2.712e-004 6.509e-003 3.409e-002-4.311e-004 0.000e+000 2.494e-004 5.698e-004 2.549e-004 0.000e+000 3.789e-004 1.557e-003 0.000e+000 4.447e-004
 7.880e+004 2.930e+000 2.700e+001 2.447e-003 5.310e-003 0.000e+000 2.728e-004 4.123e-003 2.242e-002 0.000e+000-2.172e-004 0.000e+000 0.000e+000 0.000e+000 0.000e+000 3.725e-004 1.524e-003 0.000e+000 4.355e-004
 8.000e+004 2.930e+000 8.400e+001 1.714e-002 8.443e-002 1.588e-004 3.453e-002 9.148e-002 1.353e+000-2.394e-002 1.101e-001 3.254e-003 2.524e-002 3.061e-003 1.060e-002 2.435e-002 4.703e-001 7.454e-003 1.849e-001
 8.130e+004 2.930e+000 3.000e+001 3.174e-003 3.134e-003 0.000e+000 1.367e-004 4.177e-003 2.067e-002 0.000e+000 6.358e-004 0.000e+000 0.000e+000 0.000e+000 0.000e+000 1.819e-004 4.239e-004 0.000e+000 2.119e-004
 8.250e+004 2.930e+000 5.100e+001 4.875e-003 5.023e-003-7.547e-006 0.000e+000 6.930e-003 2.973e-002-1.451e-004 0.000e+000 2.482e-004 1.780e-004 2.530e-004 0.000e+000 0.000e+000 0.000e+000 0.000e+000 0.000e+000
 8.380e+004 2.930e+000 5.700e+001 4.625e-003 4.139e-003-2.475e-004 1.376e-004 6.397e-003 2.623e-002-4.666e-004 0.000e+000-7.624e-006 2.049e-004 2.519e-004 0.000e+000 1.764e-004 6.169e-004 0.000e+000 2.056e-004
 8.500e+004 2.930e+000 4.800e+001 3.882e-003 3.611e-003-7.819e-006 3.767e-004 4.194e-003 2.318e-002-1.456e-004-6.067e-004 2.465e-004 1.720e-004 2.508e-004-2.638e-005 8.312e-004 2.628e-003 3.176e-004 1.616e-003
 8.630e+004 2.930e+000 1.800e+001 1.450e-003 1.720e-003 0.000e+000 0.000e+000 1.428e-003 6.956e-003 0.000e+000 0.000e+000 0.000e+000 0.000e+000 0.000e+000 0.000e+000 0.000e+000 0.000e+000 0.000e+000 0.000e+000
 8.750e+004 2.930e+000 3.900e+001 4.812e-003 9.241e-003-2.519e-004 2.063e-003 1.290e-002 1.359e-001-1.184e-003 2.132e-004 2.360e-004 1.009e-003 2.476e-004 4.367e-004 4.201e-003 3.618e-002 4.948e-004 1.369e-002
 8.880e+004 2.930e+000 6.000e+001 5.507e-003 1.328e-002-8.208e-006 2.618e-003 1.611e-002 1.565e-001-4.540e-004-1.542e-003 2.427e-004 1.787e-004 4.924e-004 1.297e-004 5.113e-003 4.027e-002 4.700e-004 1.877e-002
 9.000e+004 2.930e+000 3.600e+001 2.855e-003 4.462e-003-8.365e-006 2.302e-005 4.862e-003 2.703e-002 1.590e-004-3.417e-003 2.410e-004 1.466e-004 2.445e-004 3.180e-004-3.010e-004-1.146e-003-2.932e-004 5.317e-003
 9.130e+004 2.930e+000 4.200e+001 3.074e-003 5.002e-003-8.441e-006 6.180e-005 3.459e-003 2.274e-002-7.762e-004-6.394e-003 2.393e-004-7.331e-004 7.272e-004 1.172e-003 1.349e-003 7.586e-004 1.243e-003 9.214e-003
 9.250e+004 2.930e+000 3.900e+001 2.111e-003 2.591e-003-8.458e-006 4.009e-004 3.832e-003 2.350e-002-6.074e-004-5.553e-003 2.370e-004-5.846e-004 1.199e-003 2.335e-003 7.602e-004 1.289e-003 2.428e-003 1.664e-002
 9.380e+004 2.930e+000 6.900e+001 5.585e-003 5.985e-003-2.560e-005 7.212e-004 6.552e-003 3.311e-002-2.928e-004-5.584e-004 7.049e-004 2.981e-004 7.125e-004 2.897e-004 1.803e-004-9.134e-004 5.931e-004 9.878e-003
 9.500e+004 2.930e+000 7.200e+001 1.085e-002 2.886e-002 1.909e-004 6.418e-003 3.520e-002 3.989e-001-2.182e-003 4.132e-003 1.174e-003 4.216e-003 7.063e-004 1.018e-003 9.885e-003 1.108e-001 1.599e-003 4.867e-002
 9.630e+004 2.930e+000 0.000e+000 0.000e+000 0.000e+000 0.000e+000 0.000e+000 0.000e+000 0.000e+000 0.000e+000 0.000e+000 0.000e+000 0.000e+000 0.000e+000 0.000e+000 0.000e+000 0.000e+000 0.000e+000 0.000e+000
 9.750e+004 2.930e+000 0.000e+000 0.000e+000 0.000e+000 0.000e+000 0.000e+000 0.000e+000 0.000e+000 0.000e+000 0.000e+000 0.000e+000 0.000e+000 0.000e+000 0.000e+000 0.000e+000 0.000e+000 0.000e+000 0.000e+000
 9.880e+004 2.930e+000 0.000e+000 0.000e+000 0.000e+000 0.000e+000 0.000e+000 0.000e+000 0.000e+000 0.000e+000 0.000e+000 0.000e+000 0.000e+000 0.000e+000 0.000e+000 0.000e+000 0.000e+000 0.000e+000 0.000e+000
 1.000e+005 2.930e+000 0.000e+000 0.000e+000 0.000e+000 0.000e+000 0.000e+000 0.000e+000 0.000e+000 0.000e+000 0.000e+000 0.000e+000 0.000e+000 0.000e+000 0.000e+000 0.000e+000 0.000e+000 0.000e+000 0.000e+000
