 6.250e+000 2.930e+000 0.000e+000 0.000e+000 0.000e+000 0.000e+000 0.000e+000 0.000e+000 0.000e+000 0.000e+000 0.000e+000 0.000e+000 0.000e+000 0.000e+000 0.000e+000 0.000e+000 0.000e+000 0.000e+000 0.000e+000
 7.500e+000 2.930e+000 0.000e+000 0.000e+000 0.000e+000 0.000e+000 0.000e+000 0.000e+000 0.000e+000 0.000e+000 0.000e+000 0.000e+000 0.000e+000 0.000e+000 0.000e+000 0.000e+000 0.000e+000 0.000e+000 0.000e+000
 8.750e+000 2.930e+000 0.000e+000 0.000e+000 0.000e+000 0.000e+000 0.000e+000 0.000e+000 0.000e+000 0.000e+000 0.000e+000 0.000e+000 0.000e+000 0.000e+000 0.000e+000 0.000e+000 0.000e+000 0.000e+000 0.000e+000
 1.000e+001 2.930e+000 0.000e+000 0.000e+000 0.000e+000 0.000e+000 0.000e+000 0.000e+000 0.000e+000 0.000e+000 0.000e+000 0.000e+000 0.000e+000 0.000e+000 0.000e+000 0.000e+000 0.000e+000 0.000e+000 0.000e+000
 1.130e+001 2.930e+000 2.400e+001 3.141e+003 4.650e+002 5.141e+002-4.079e+003 8.351e+002 9.137e+004-4.246e+003-7.023e+001 5.057e+003-9.916e+003 2.089e+004-6.695e+003-5.817e+003-1.100e+003-1.510e+004 5.464e+004
 1.250e+001 2.930e+000 0.000e+000 0.000e+000 0.000e+000 0.000e+000 0.000e+000 0.000e+000 0.000e+000 0.000e+000 0.000e+000 0.000e+000 0.000e+000 0.000e+000 0.000e+000 0.000e+000 0.000e+000 0.000e+000 0.000e+000
 1.380e+001 2.930e+000 0.000e+000 0.000e+000 0.000e+000 0.000e+000 0.000e+000 0.000e+000 0.000e+000 0.000e+000 0.000e+000 0.000e+000 0.000e+000 0.000e+000 0.000e+000 0.000e+000 0.000e+000 0.000e+000 0.000e+000
 1.500e+001 2.930e+000 2.100e+001 2.110e+003 2.058e+003 1.176e+003-9.412e+002 1.315e+003 6.334e+004-1.423e+003 1.967e+003 2.385e+003 2.336e+003 7.061e+003 1.804e+003-3.000e+003 1.682e+004-7.011e+003 4.735e+004
 1.630e+001 2.930e+000 0.000e+000 0.000e+000 0.000e+000 0.000e+000 0.000e+000 0.000e+000 0.000e+000 0.000e+000 0.000e+000 0.000e+000 0.000e+000 0.000e+000 0.000e+000 0.000e+000 0.000e+000 0.000e+000 0.000e+000
 1.750e+001 2.930e+000 2.100e+001 1.994e+003 1.817e+003 3.545e+002-8.217e+002 7.006e+002 5.161e+004-2.082e+003 5.026e+003 3.068e+003-1.552e+003 7.093e+003-2.127e+003-4.078e+003-2.325e+003-4.741e+003 3.847e+004
 1.880e+001 2.930e+000 0.000e+000 0.000e+000 0.000e+000 0.000e+000 0.000e+000 0.000e+000 0.000e+000 0.000e+000 0.000e+000 0.000e+000 0.000e+000 0.000e+000 0.000e+000 0.000e+000 0.000e+000 0.000e+000 0.000e+000
 2.000e+001 2.930e+000 2.400e+001 2.970e+003 2.303e+003 8.241e+002-1.673e+003 1.927e+003 6.436e+004-6.132e+003-5.886e+003 4.489e+003 5.015e+003 1.242e+004-3.450e+003-4.835e+003-1.021e+004-8.462e+003 3.480e+004
 2.130e+001 2.930e+000 0.000e+000 0.000e+000 0.000e+000 0.000e+000 0.000e+000 0.000e+000 0.000e+000 0.000e+000 0.000e+000 0.000e+000 0.000e+000 0.000e+000 0.000e+000 0.000e+000 0.000e+000 0.000e+000 0.000e+000
 2.250e+001 2.930e+000 0.000e+000 0.000e+000 0.000e+000 0.000e+000 0.000e+000 0.000e+000 0.000e+000 0.000e+000 0.000e+000 0.000e+000 0.000e+000 0.000e+000 0.000e+000 0.000e+000 0.000e+000 0.000e+000 0.000e+000
 2.380e+001 2.930e+000 2.400e+001 4.981e+003 7.952e+003 8.095e+002-1.194e+003 5.407e+003 7.648e+004-1.762e+004 7.597e+003 8.354e+003 1.096e+004 2.038e+004-1.039e+003-4.905e+003-8.252e+003-5.113e+003 3.608e+004
 2.500e+001 2.930e+000 0.000e+000 0.000e+000 0.000e+000 0.000e+000 0.000e+000 0.000e+000 0.000e+000 0.000e+000 0.000e+000 0.000e+000 0.000e+000 0.000e+000 0.000e+000 0.000e+000 0.000e+000 0.000e+000 0.000e+000
 2.630e+001 2.930e+000 2.400e+001 1.229e+004-8.393e+003 4.724e+003-5.282e+002-7.380e+003 8.247e+004 1.146e+004-6.076e+003 2.372e+004-1.284e+004 5.486e+004-1.420e+002-4.553e+003-6.108e+003-7.754e+003 2.517e+004
 2.750e+001 2.930e+000 0.000e+000 0.000e+000 0.000e+000 0.000e+000 0.000e+000 0.000e+000 0.000e+000 0.000e+000 0.000e+000 0.000e+000 0.000e+000 0.000e+000 0.000e+000 0.000e+000 0.000e+000 0.000e+000 0.000e+000
 2.880e+001 2.930e+000 2.100e+001 8.626e+003-6.182e+003 2.208e+003-3.777e+002-1.630e+003 1.653e+005 5.477e+003-2.809e+002 1.613e+004-5.011e+003 4.022e+004 2.913e+003-8.288e+003-8.494e+003-1.621e+004 3.412e+004
 3.000e+001 2.930e+000 0.000e+000 0.000e+000 0.000e+000 0.000e+000 0.000e+000 0.000e+000 0.000e+000 0.000e+000 0.000e+000 0.000e+000 0.000e+000 0.000e+000 0.000e+000 0.000e+000 0.000e+000 0.000e+000 0.000e+000
 3.130e+001 2.930e+000 0.000e+000 0.000e+000 0.000e+000 0.000e+000 0.000e+000 0.000e+000 0.000e+000 0.000e+000 0.000e+000 0.000e+000 0.000e+000 0.000e+000 0.000e+000 0.000e+000 0.000e+000 0.000e+000 0.000e+000
 3.250e+001 2.930e+000 2.400e+001 1.371e+004-3.454e+002 7.494e+003 1.227e+003-1.650e+004 9.062e+005-1.490e+004 2.297e+004 2.314e+004-1.836e+004 5.233e+004 1.561e+003-8.286e+003-4.390e+004-9.066e+003 3.651e+004
 3.380e+001 2.930e+000 0.000e+000 0.000e+000 0.000e+000 0.000e+000 0.000e+000 0.000e+000 0.000e+000 0.000e+000 0.000e+000 0.000e+000 0.000e+000 0.000e+000 0.000e+000 0.000e+000 0.000e+000 0.000e+000 0.000e+000
 3.500e+001 2.930e+000 2.400e+001 2.178e+004-1.812e+004 1.257e+004-3.362e+003 5.112e+004 5.204e+006 5.071e+004-8.410e+004 3.528e+004 1.061e+005 7.890e+004-1.888e+003-2.013e+004-1.524e+005-3.076e+004 4.439e+004
 3.630e+001 2.930e+000 0.000e+000 0.000e+000 0.000e+000 0.000e+000 0.000e+000 0.000e+000 0.000e+000 0.000e+000 0.000e+000 0.000e+000 0.000e+000 0.000e+000 0.000e+000 0.000e+000 0.000e+000 0.000e+000 0.000e+000
 3.750e+001 2.930e+000 2.400e+001 8.835e+004 2.890e+004 6.044e+004-1.856e+004 3.518e+004 2.456e+005-4.885e+004-3.357e+003 1.709e+005 9.120e+004 3.954e+005-1.069e+004-6.015e+004-2.451e+004-1.244e+005 7.623e+004
 3.880e+001 2.930e+000 0.000e+000 0.000e+000 0.000e+000 0.000e+000 0.000e+000 0.000e+000 0.000e+000 0.000e+000 0.000e+000 0.000e+000 0.000e+000 0.000e+000 0.000e+000 0.000e+000 0.000e+000 0.000e+000 0.000e+000
 4.000e+001 2.930e+000 0.000e+000 0.000e+000 0.000e+000 0.000e+000 0.000e+000 0.000e+000 0.000e+000 0.000e+000 0.000e+000 0.000e+000 0.000e+000 0.000e+000 0.000e+000 0.000e+000 0.000e+000 0.000e+000 0.000e+000
 4.130e+001 2.930e+000 2.400e+001 1.484e+005 8.270e+004 9.691e+004-2.745e+004 8.112e+003 1.661e+005-1.735e+005-8.595e+003 2.912e+005 9.836e+004 6.771e+005-4.712e+004-7.195e+004-2.617e+004-1.463e+005 1.094e+005
 4.250e+001 2.930e+000 0.000e+000 0.000e+000 0.000e+000 0.000e+000 0.000e+000 0.000e+000 0.000e+000 0.000e+000 0.000e+000 0.000e+000 0.000e+000 0.000e+000 0.000e+000 0.000e+000 0.000e+000 0.000e+000 0.000e+000
 4.380e+001 2.930e+000 2.400e+001 1.243e+005 2.350e+004 6.024e+004-4.199e+004 3.532e+004 1.000e+005-5.141e+004-6.885e+004 2.217e+005 1.105e+005 4.725e+005-7.917e+004-9.623e+004-3.476e+004-1.475e+005 2.089e+005
 4.500e+001 2.930e+000 0.000e+000 0.000e+000 0.000e+000 0.000e+000 0.000e+000 0.000e+000 0.000e+000 0.000e+000 0.000e+000 0.000e+000 0.000e+000 0.000e+000 0.000e+000 0.000e+000 0.000e+000 0.000e+000 0.000e+000
 4.630e+001 2.930e+000 2.400e+001 2.789e+005-6.724e+003 1.589e+005-1.351e+004 4.309e+004 2.041e+005-1.068e+005-2.268e+005 4.432e+005 1.953e+005 1.018e+006-6.434e+004-2.817e+005-9.630e+004-3.192e+005 5.768e+005
 4.750e+001 2.930e+000 0.000e+000 0.000e+000 0.000e+000 0.000e+000 0.000e+000 0.000e+000 0.000e+000 0.000e+000 0.000e+000 0.000e+000 0.000e+000 0.000e+000 0.000e+000 0.000e+000 0.000e+000 0.000e+000 0.000e+000
 4.880e+001 2.930e+000 0.000e+000 0.000e+000 0.000e+000 0.000e+000 0.000e+000 0.000e+000 0.000e+000 0.000e+000 0.000e+000 0.000e+000 0.000e+000 0.000e+000 0.000e+000 0.000e+000 0.000e+000 0.000e+000 0.000e+000
 5.000e+001 2.930e+000 2.400e+001 6.067e+007-3.285e+007-1.158e+007-2.713e+007 2.134e+007 2.592e+007 2.223e+007-5.631e+007 4.826e+007 2.354e+007 4.116e+007-3.817e+007-8.623e+007-1.533e+007-6.307e+007 1.351e+008
 5.130e+001 2.930e+000 0.000e+000 0.000e+000 0.000e+000 0.000e+000 0.000e+000 0.000e+000 0.000e+000 0.000e+000 0.000e+000 0.000e+000 0.000e+000 0.000e+000 0.000e+000 0.000e+000 0.000e+000 0.000e+000 0.000e+000
 5.250e+001 2.930e+000 2.400e+001 3.497e+005-5.921e+004 1.082e+005-4.588e+003 5.693e+004 1.991e+005 3.271e+003-2.737e+005 5.051e+005 1.662e+005 8.942e+005-2.449e+004-4.472e+005-1.247e+005-5.663e+005 8.305e+005
 5.380e+001 2.930e+000 0.000e+000 0.000e+000 0.000e+000 0.000e+000 0.000e+000 0.000e+000 0.000e+000 0.000e+000 0.000e+000 0.000e+000 0.000e+000 0.000e+000 0.000e+000 0.000e+000 0.000e+000 0.000e+000 0.000e+000
 5.500e+001 2.930e+000 0.000e+000 0.000e+000 0.000e+000 0.000e+000 0.000e+000 0.000e+000 0.000e+000 0.000e+000 0.000e+000 0.000e+000 0.000e+000 0.000e+000 0.000e+000 0.000e+000 0.000e+000 0.000e+000 0.000e+000
 5.630e+001 2.930e+000 2.400e+001 5.799e+004-1.184e+004 2.594e+004-1.166e+003 8.517e+003 6.267e+004-4.526e+003-6.752e+004 8.551e+004 4.648e+004 1.908e+005-2.543e+004-7.326e+004-2.144e+004-9.099e+004 1.730e+005
 5.750e+001 2.930e+000 0.000e+000 0.000e+000 0.000e+000 0.000e+000 0.000e+000 0.000e+000 0.000e+000 0.000e+000 0.000e+000 0.000e+000 0.000e+000 0.000e+000 0.000e+000 0.000e+000 0.000e+000 0.000e+000 0.000e+000
 5.880e+001 2.930e+000 2.400e+001 7.242e+004 1.969e+004 3.377e+004-3.981e+004 2.543e+004 5.284e+004-4.224e+004-2.961e+004 1.343e+005 7.261e+004 2.969e+005-7.113e+004-6.232e+004-3.894e+004-1.135e+005 1.273e+005
 6.000e+001 2.930e+000 0.000e+000 0.000e+000 0.000e+000 0.000e+000 0.000e+000 0.000e+000 0.000e+000 0.000e+000 0.000e+000 0.000e+000 0.000e+000 0.000e+000 0.000e+000 0.000e+000 0.000e+000 0.000e+000 0.000e+000
 6.130e+001 2.930e+000 2.400e+001 7.419e+004 3.727e+004 6.282e+004-6.205e+003 1.196e+004 4.315e+004-7.034e+004-1.681e+003 1.350e+005 6.380e+004 3.240e+005-3.651e+003-3.509e+004-1.710e+004-6.196e+004 5.157e+004
 6.250e+001 2.930e+000 0.000e+000 0.000e+000 0.000e+000 0.000e+000 0.000e+000 0.000e+000 0.000e+000 0.000e+000 0.000e+000 0.000e+000 0.000e+000 0.000e+000 0.000e+000 0.000e+000 0.000e+000 0.000e+000 0.000e+000
 6.380e+001 2.930e+000 0.000e+000 0.000e+000 0.000e+000 0.000e+000 0.000e+000 0.000e+000 0.000e+000 0.000e+000 0.000e+000 0.000e+000 0.000e+000 0.000e+000 0.000e+000 0.000e+000 0.000e+000 0.000e+000 0.000e+000
 6.500e+001 2.930e+000 2.400e+001 1.789e+004 1.871e+003 9.944e+003-2.281e+002 5.886e+003 1.946e+004-7.175e+003-8.190e+003 2.764e+004 1.552e+004 6.019e+004-3.214e+003-1.154e+004-5.597e+003-1.367e+004 2.382e+004
 6.630e+001 2.930e+000 0.000e+000 0.000e+000 0.000e+000 0.000e+000 0.000e+000 0.000e+000 0.000e+000 0.000e+000 0.000e+000 0.000e+000 0.000e+000 0.000e+000 0.000e+000 0.000e+000 0.000e+000 0.000e+000 0.000e+000
 6.750e+001 2.930e+000 2.400e+001 8.911e+003 6.790e+002 3.959e+003 1.831e+002 2.634e+003 1.679e+004-2.541e+003-6.067e+003 1.282e+004 7.766e+003 2.834e+004-3.876e+003-6.736e+003 3.111e+003-7.421e+003 2.074e+004
 6.880e+001 2.930e+000 0.000e+000 0.000e+000 0.000e+000 0.000e+000 0.000e+000 0.000e+000 0.000e+000 0.000e+000 0.000e+000 0.000e+000 0.000e+000 0.000e+000 0.000e+000 0.000e+000 0.000e+000 0.000e+000 0.000e+000
 7.000e+001 2.930e+000 2.400e+001 5.297e+003 2.239e+002 2.105e+003 2.420e+003-8.949e+002 1.451e+004-3.001e+003-7.211e+003 7.479e+003 1.657e+003 1.613e+004 1.959e+003-3.471e+003 3.473e+003-1.066e+003 1.370e+004
 7.130e+001 2.930e+000 0.000e+000 0.000e+000 0.000e+000 0.000e+000 0.000e+000 0.000e+000 0.000e+000 0.000e+000 0.000e+000 0.000e+000 0.000e+000 0.000e+000 0.000e+000 0.000e+000 0.000e+000 0.000e+000 0.000e+000
 7.250e+001 2.930e+000 0.000e+000 0.000e+000 0.000e+000 0.000e+000 0.000e+000 0.000e+000 0.000e+000 0.000e+000 0.000e+000 0.000e+000 0.000e+000 0.000e+000 0.000e+000 0.000e+000 0.000e+000 0.000e+000 0.000e+000
 7.380e+001 2.930e+000 2.100e+001 6.576e+003 1.570e+003 1.922e+003-4.640e+002 2.417e+003 1.089e+004-5.516e+003-1.348e+003 1.098e+004 6.021e+003 2.535e+004-5.112e+003-5.265e+003-5.057e+003-7.315e+003 1.449e+004
 7.500e+001 2.930e+000 0.000e+000 0.000e+000 0.000e+000 0.000e+000 0.000e+000 0.000e+000 0.000e+000 0.000e+000 0.000e+000 0.000e+000 0.000e+000 0.000e+000 0.000e+000 0.000e+000 0.000e+000 0.000e+000 0.000e+000
 7.630e+001 2.930e+000 2.400e+001 6.294e+003 9.882e+002 1.259e+003-5.815e+002 1.376e+003 7.167e+003-2.415e+003-3.746e+002 1.003e+004 3.125e+003 2.010e+004-2.024e+003-5.170e+003-3.638e+002-7.306e+003 1.091e+004
 7.750e+001 2.930e+000 0.000e+000 0.000e+000 0.000e+000 0.000e+000 0.000e+000 0.000e+000 0.000e+000 0.000e+000 0.000e+000 0.000e+000 0.000e+000 0.000e+000 0.000e+000 0.000e+000 0.000e+000 0.000e+000 0.000e+000
 7.880e+001 2.930e+000 2.100e+001 2.602e+003-4.202e+002 2.462e+002 1.222e+002 2.159e+001 2.952e+003 2.483e+002-2.584e+003 3.552e+003 9.210e+002 7.162e+003-1.201e+003-2.757e+003-3.468e+000-3.264e+003 8.473e+003
 8.000e+001 2.930e+000 0.000e+000 0.000e+000 0.000e+000 0.000e+000 0.000e+000 0.000e+000 0.000e+000 0.000e+000 0.000e+000 0.000e+000 0.000e+000 0.000e+000 0.000e+000 0.000e+000 0.000e+000 0.000e+000 0.000e+000
 8.130e+001 2.930e+000 0.000e+000 0.000e+000 0.000e+000 0.000e+000 0.000e+000 0.000e+000 0.000e+000 0.000e+000 0.000e+000 0.000e+000 0.000e+000 0.000e+000 0.000e+000 0.000e+000 0.000e+000 0.000e+000 0.000e+000
 8.250e+001 2.930e+000 2.400e+001 2.498e+003-4.183e+002 1.123e+002 5.376e+002 3.725e+002 5.097e+003-4.333e+002-1.107e+003 3.410e+003 1.552e+003 6.888e+003-6.560e+002-2.547e+003-8.461e+002-3.318e+003 6.073e+003
 8.380e+001 2.930e+000 0.000e+000 0.000e+000 0.000e+000 0.000e+000 0.000e+000 0.000e+000 0.000e+000 0.000e+000 0.000e+000 0.000e+000 0.000e+000 0.000e+000 0.000e+000 0.000e+000 0.000e+000 0.000e+000 0.000e+000
 8.500e+001 2.930e+000 2.400e+001 1.938e+003-5.221e+002 1.552e+002 3.099e+002 7.976e+002 2.360e+003 7.218e+002-8.170e+002 2.388e+003 1.822e+003 5.479e+003-5.788e+002-1.584e+003 1.324e+002-1.490e+003 6.174e+003
 8.630e+001 2.930e+000 0.000e+000 0.000e+000 0.000e+000 0.000e+000 0.000e+000 0.000e+000 0.000e+000 0.000e+000 0.000e+000 0.000e+000 0.000e+000 0.000e+000 0.000e+000 0.000e+000 0.000e+000 0.000e+000 0.000e+000
 8.750e+001 2.930e+000 2.400e+001 1.820e+003-2.558e+002 3.751e+002-8.775e+001 6.139e+002 3.786e+003-2.897e+002-1.058e+003 2.006e+003 1.054e+003 5.665e+003-9.618e+002-1.679e+003 1.249e+002-1.284e+003 6.046e+003
 8.880e+001 2.930e+000 0.000e+000 0.000e+000 0.000e+000 0.000e+000 0.000e+000 0.000e+000 0.000e+000 0.000e+000 0.000e+000 0.000e+000 0.000e+000 0.000e+000 0.000e+000 0.000e+000 0.000e+000 0.000e+000 0.000e+000
 9.000e+001 2.930e+000 0.000e+000 0.000e+000 0.000e+000 0.000e+000 0.000e+000 0.000e+000 0.000e+000 0.000e+000 0.000e+000 0.000e+000 0.000e+000 0.000e+000 0.000e+000 0.000e+000 0.000e+000 0.000e+000 0.000e+000
 9.130e+001 2.930e+000 2.100e+001 1.704e+003 1.616e+001 4.481e+002 4.677e+002 2.434e+002 3.081e+003-1.253e+003-9.908e+002 3.279e+003 1.767e+002 1.070e+004 1.174e+003-9.871e+002 3.565e+002-1.431e+003 4.223e+003
 9.250e+001 2.930e+000 0.000e+000 0.000e+000 0.000e+000 0.000e+000 0.000e+000 0.000e+000 0.000e+000 0.000e+000 0.000e+000 0.000e+000 0.000e+000 0.000e+000 0.000e+000 0.000e+000 0.000e+000 0.000e+000 0.000e+000
 9.380e+001 2.930e+000 2.400e+001 1.027e+003-3.513e+002 2.866e+002 1.663e+002-6.403e+001 2.300e+003-2.334e+002-9.657e+002 1.413e+003 7.766e+002 5.662e+003 2.593e+001-9.949e+002-2.019e+002-6.756e+002 3.567e+003
 9.500e+001 2.930e+000 0.000e+000 0.000e+000 0.000e+000 0.000e+000 0.000e+000 0.000e+000 0.000e+000 0.000e+000 0.000e+000 0.000e+000 0.000e+000 0.000e+000 0.000e+000 0.000e+000 0.000e+000 0.000e+000 0.000e+000
 9.630e+001 2.930e+000 2.400e+001 1.329e+003-6.733e+001 4.515e+002-5.823e+001 1.739e+002 2.015e+003-8.498e+002-7.719e+002 2.244e+003 1.374e+003 8.551e+003-6.964e+002-1.181e+003-7.123e+002-2.488e+003 4.194e+003
 9.750e+001 2.930e+000 0.000e+000 0.000e+000 0.000e+000 0.000e+000 0.000e+000 0.000e+000 0.000e+000 0.000e+000 0.000e+000 0.000e+000 0.000e+000 0.000e+000 0.000e+000 0.000e+000 0.000e+000 0.000e+000 0.000e+000
 9.880e+001 2.930e+000 0.000e+000 0.000e+000 0.000e+000 0.000e+000 0.000e+000 0.000e+000 0.000e+000 0.000e+000 0.000e+000 0.000e+000 0.000e+000 0.000e+000 0.000e+000 0.000e+000 0.000e+000 0.000e+000 0.000e+000
 1.000e+002 2.930e+000 2.700e+001 2.595e+003 2.508e+002 2.622e+003 9.845e+002 8.684e+002 7.001e+003 5.516e+003-6.642e+002 6.159e+003 3.532e+003 4.245e+004 2.597e+003-3.225e+002 4.454e+001-3.747e+003 3.530e+003
 1.130e+002 2.930e+000 2.100e+001 4.071e+002 1.357e+001 8.808e+001 3.526e+001 1.283e+002 1.817e+003-2.516e+002-2.988e+002 9.607e+002 9.716e+002 3.813e+003 1.876e+002-2.715e+002 2.130e+002-4.055e+002 1.570e+003
 1.250e+002 2.930e+000 3.300e+001 7.285e+002-1.181e+002 1.250e+002-7.299e+000 3.399e+002 1.940e+003-2.748e+002 2.854e+002 1.263e+003 9.667e+002 4.768e+003-4.632e+002-4.084e+002 2.454e+002-6.825e+002 3.110e+003
 1.380e+002 2.930e+000 5.100e+001 7.045e+002-4.180e+001-1.077e+002-1.092e+002 1.689e+002 3.054e+003-8.665e+002 3.271e+002 1.480e+003 7.380e+002 1.560e+004-1.723e+003-2.095e+002 3.268e+002-9.038e+000 4.948e+003
 1.500e+002 2.930e+000 3.900e+001 1.550e+003 1.684e+003 2.711e+003-2.906e+003-3.727e+003 2.016e+004-1.299e+004 1.013e+004 2.270e+003 9.453e+002 2.001e+004-5.102e+003 3.381e+002-6.646e+003-6.445e+003 1.108e+004
 1.630e+002 2.930e+000 4.500e+001 7.115e+002 4.493e+002 1.661e+002-7.057e+002 1.049e+002 3.620e+003-3.887e+003 9.812e+002 2.033e+003 2.261e+003 2.135e+004-1.315e+003-4.135e+002-1.071e+003-2.929e+003 5.483e+003
 1.750e+002 2.930e+000 4.800e+001 1.870e+003 2.260e+003 9.339e+001-1.714e+003 2.081e+002 6.688e+003-1.159e+004 1.080e+003 7.086e+003 1.678e+003 4.897e+004-4.899e+003-5.409e+002-1.977e+003-4.478e+003 6.900e+003
 1.880e+002 2.930e+000 7.500e+001 1.156e+004 1.604e+004 1.673e+004-7.542e+003 6.026e+002 2.950e+004-1.068e+005 1.803e+004 6.405e+004 3.255e+004 5.472e+005-8.036e+003-1.014e+004-9.622e+003-8.071e+004 2.563e+004
 2.000e+002 2.930e+000 9.600e+001 3.203e+005 6.298e+005 8.157e+005 1.029e+005-3.050e+004 1.279e+006-5.763e+006 8.862e+005 2.803e+006 1.414e+006 2.840e+007 2.405e+006-4.359e+005 2.704e+005-3.757e+006 7.723e+005
 2.130e+002 2.930e+000 6.600e+001 5.117e+003 8.683e+003 8.981e+003 1.835e+003-4.351e+002 2.818e+004-9.881e+004 1.373e+004 3.358e+004 2.198e+004 4.653e+005 9.331e+004-3.144e+003 1.836e+004-3.657e+004 4.048e+004
 2.250e+002 2.930e+000 9.000e+001 2.675e+003-7.772e+002-1.993e+003-6.939e+003-1.255e+003 1.850e+004-4.867e+004 1.092e+004-1.013e+003 1.734e+004 1.993e+005 1.015e+005 1.328e+003 2.804e+004 1.165e+004 7.654e+004
 2.380e+002 2.930e+000 7.800e+001 1.440e+004-1.817e+004-3.023e+004-5.977e+004-4.158e+003 4.408e+004-7.853e+004 3.488e+004-3.747e+004 6.133e+004 3.293e+005 2.585e+005 1.284e+004 9.879e+004 1.061e+005 3.188e+005
 2.500e+002 2.930e+000 9.600e+001 7.132e+005-7.476e+005-1.376e+006-2.706e+006-1.903e+005 1.284e+006-1.733e+006 1.106e+006-1.285e+006 1.967e+006 7.224e+006 6.829e+006 4.161e+005 3.349e+006 4.810e+006 1.149e+007
 2.630e+002 2.930e+000 8.100e+001 1.542e+004-1.367e+004-3.136e+004-5.333e+004-5.592e+003 3.014e+004-2.262e+004 2.653e+004-1.711e+004 4.391e+004 1.735e+005 1.041e+005 5.335e+003 6.403e+004 1.115e+005 2.200e+005
 2.750e+002 2.930e+000 7.800e+001 5.055e+003-2.602e+003-1.057e+004-1.429e+004-2.378e+003 1.348e+004 5.772e+003 8.842e+003 2.621e+003 1.487e+004 5.432e+004-1.879e+003 4.754e+002 1.445e+004 4.028e+004 5.215e+004
 2.880e+002 2.930e+000 6.000e+001 2.961e+003-3.071e+003-6.490e+003-7.503e+003 1.165e+003 1.971e+004 2.283e+004 3.592e+003 1.223e+004 3.609e+004 1.396e+005-3.043e+004 1.909e+003 1.878e+004 4.806e+004 3.442e+004
 3.000e+002 2.930e+000 9.000e+001 2.298e+004-1.810e+004 7.885e+004-2.477e+004 1.095e+005 6.847e+005 7.739e+005-1.737e+004 2.692e+005 1.479e+006 4.345e+006-6.045e+005 7.837e+004 4.883e+005 1.055e+006 3.763e+005
 3.130e+002 2.930e+000 4.500e+001 1.748e+003 3.134e+003 4.729e+003-1.904e+002 3.412e+002 3.185e+004 2.545e+003 4.051e+003 1.263e+003 2.036e+004 4.814e+004 2.532e+003-9.304e+002 2.804e+003 7.645e+003 9.649e+003
 3.250e+002 2.930e+000 7.200e+001 3.978e+003 7.923e+003 6.142e+003-3.836e+003-4.558e+003 2.754e+004-8.378e+003 1.877e+004 5.924e+002 1.545e+004 2.048e+004 1.053e+004-6.464e+003 3.142e+003-4.245e+003 2.146e+004
 3.380e+002 2.930e+000 9.300e+001 2.413e+004 3.781e+004 3.021e+004-2.572e+004-3.722e+004 1.315e+005-6.581e+004 1.155e+005 1.120e+004 3.478e+004 5.935e+004 4.950e+004-4.668e+004 3.945e+004-4.798e+004 1.306e+005
 3.500e+002 2.930e+000 9.600e+001 7.263e+005 1.022e+006 8.798e+005-7.496e+005-1.190e+006 3.484e+006-2.149e+006 3.313e+006 5.040e+005 3.839e+005 1.506e+006 1.297e+006-1.488e+006 1.397e+006-1.924e+006 3.865e+006
 3.630e+002 2.930e+000 9.300e+001 2.123e+004 2.908e+004 2.719e+004-2.244e+004-3.727e+004 1.174e+005-8.114e+004 1.051e+005 2.127e+004-1.576e+003 6.829e+004 3.954e+004-4.570e+004 5.271e+004-7.241e+004 1.315e+005
 3.750e+002 2.930e+000 4.200e+001 2.056e+003 2.448e+003 2.693e+003-2.642e+003-3.216e+003 1.184e+004-8.983e+003 1.019e+004 2.573e+003-9.163e+002 1.053e+004 3.668e+003-4.440e+003 5.257e+003-8.283e+003 1.600e+004
 3.880e+002 2.930e+000 3.600e+001 1.035e+003 1.532e+003 1.029e+003-9.567e+002-1.034e+003 6.709e+003-6.323e+003 5.383e+003 2.298e+003-1.798e+003 1.267e+004 1.080e+003-1.984e+003 2.336e+003-7.286e+003 9.258e+003
 4.000e+002 2.930e+000 5.700e+001 6.761e+003 1.451e+004-4.425e+003 6.186e+003 5.804e+003 4.711e+004-2.705e+004 3.468e+004 9.364e+003-2.080e+002 2.624e+005 6.095e+003-1.093e+004 9.154e+003-3.301e+004 3.563e+004
 4.130e+002 2.930e+000 3.300e+001 3.911e+002 4.811e+002 3.648e+002-1.932e+002-8.811e+001 3.794e+003-6.053e+002 1.415e+003 4.563e+002 1.075e+003 8.506e+003 5.201e+002-4.239e+002 2.581e+002-1.536e+003 2.293e+003
 4.250e+002 2.930e+000 2.400e+001 2.277e+002 3.977e+002 4.131e+001-1.440e+002-1.646e+002 2.716e+003-1.279e+003 8.856e+002 4.709e+002-4.226e+002 2.439e+003 6.290e+001-2.115e+002 5.211e+002-6.188e+002 1.688e+003
 4.380e+002 2.930e+000 4.500e+001 1.147e+003 2.867e+003-1.339e+003 1.905e+001-8.698e+002 1.301e+004-7.223e+003 3.984e+003 3.215e+003-6.426e+003 1.374e+004-8.114e+002-9.152e+002 2.587e+003-3.338e+003 3.956e+003
 4.500e+002 2.930e+000 9.300e+001 1.225e+005 2.190e+005-1.821e+005 1.593e+004-6.218e+004 4.534e+005-3.046e+005 8.808e+004 2.237e+005-4.434e+005 8.015e+005-2.687e+004-4.796e+004 6.066e+004-1.118e+005 4.041e+004
 4.630e+002 2.930e+000 3.600e+001 2.428e+003 2.606e+003-3.163e+003-7.653e+002-1.887e+003 9.022e+003-4.200e+002 2.569e+003 3.589e+003-5.610e+003 1.272e+004-3.178e+003-1.196e+003 1.828e+003-1.067e+002 3.391e+003
 4.750e+002 2.930e+000 3.900e+001 7.710e+002-7.887e+001-8.242e+002-8.803e+002-6.031e+002 4.782e+003 9.801e+002 1.576e+003 6.648e+002 4.365e+002 3.138e+003-1.310e+003-1.855e+002 1.588e+003 1.390e+003 3.116e+003
 4.880e+002 2.930e+000 5.700e+001 1.506e+003-1.421e+003-2.231e+003-1.974e+003-5.103e+002 9.092e+003 3.198e+002 2.515e+003 6.909e+002 3.708e+003 1.119e+004-1.130e+003-5.262e+001 4.240e+003 4.477e+003 6.768e+003
 5.000e+002 2.930e+000 5.700e+001 1.473e+004 5.498e+003-5.833e+004-1.434e+004 4.976e+003 2.051e+004-1.542e+003 1.327e+004-3.197e+004-5.381e+004 4.468e+005-8.140e+004-2.378e+004-1.352e+004 1.153e+005 6.641e+004
 5.130e+002 2.930e+000 4.800e+001 8.326e+002-3.798e+002-6.464e+002-2.900e+003-1.871e+003 3.556e+004 8.372e+003 1.800e+004 2.652e+003-1.200e+004 1.617e+004-1.436e+004 1.024e+003 4.481e+003 7.546e+003 2.320e+004
 5.250e+002 2.930e+000 7.500e+001 1.570e+003-6.920e+003-2.811e+002-7.390e+003-6.210e+003 8.662e+004 2.818e+004 5.625e+004 5.001e+003-2.228e+004 1.968e+004-2.705e+004 2.617e+003 2.908e+004 1.174e+004 5.201e+004
 5.380e+002 2.930e+000 9.600e+001 8.452e+003-4.359e+004-1.833e+003-4.211e+004-3.773e+004 4.475e+005 1.325e+005 2.856e+005 2.301e+004-9.927e+004 6.747e+004-1.169e+005 1.438e+004 1.676e+005 4.923e+004 2.550e+005
 5.500e+002 2.930e+000 9.600e+001 5.817e+005-3.118e+006-4.591e+004-2.799e+006-2.556e+006 2.951e+007 7.646e+006 1.846e+007 1.363e+006-5.859e+006 3.236e+006-6.564e+006 1.083e+006 1.092e+007 2.736e+006 1.588e+007
 5.630e+002 2.930e+000 1.050e+002 1.096e+004-5.970e+004-1.893e+002-5.380e+004-4.848e+004 6.383e+005 1.355e+005 3.757e+005 2.418e+004-1.102e+005 5.618e+004-1.216e+005 1.839e+004 2.382e+005 4.172e+004 3.232e+005
 5.750e+002 2.930e+000 4.500e+001 9.999e+002-4.183e+003 2.433e+002-4.456e+003-4.195e+003 5.722e+004 6.160e+003 3.322e+004 2.000e+003-1.081e+004 5.148e+003-9.966e+003 1.240e+003 1.941e+004 5.029e+002 2.870e+004
 5.880e+002 2.930e+000 4.200e+001 3.605e+002-1.176e+003 1.178e+002-1.138e+003-7.942e+002 1.670e+004-5.072e+002 9.842e+003 4.753e+002-2.747e+003 3.258e+003-2.577e+003 4.566e+002 4.621e+003-9.117e+002 9.314e+003
 6.000e+002 2.930e+000 4.500e+001 2.381e+003-4.489e+003-2.895e+004-4.464e+003 3.456e+003 3.496e+004-7.294e+004-1.268e+003-7.110e+003 4.809e+004 5.547e+005 8.861e+003-2.782e+002 8.824e+003 5.331e+004 1.554e+004
 6.130e+002 2.930e+000 4.800e+001 4.514e+002 1.481e+002-1.241e+002-2.750e+002-4.320e+002 1.517e+004 3.990e+003 3.365e+003 5.745e+002-1.433e+003 6.005e+003-4.703e+003-9.413e+001-6.305e+002 2.793e+003 1.338e+004
 6.250e+002 2.930e+000 3.900e+001 5.872e+002 1.297e+003 6.194e+001-2.353e+002 7.064e+002 1.295e+004 1.864e+002 3.760e+003 6.965e+002 8.207e+002 1.653e+003-6.320e+002-3.610e+002-4.540e+000 2.841e+002 2.504e+003
 6.380e+002 2.930e+000 4.800e+001 3.499e+003 8.918e+003-2.914e+000 9.893e+002 1.093e+004 6.938e+004-1.123e+004 1.055e+004 4.869e+003 1.410e+004 7.547e+003 7.800e+002-1.049e+003 1.167e+003-1.180e+003 4.165e+003
 6.500e+002 2.930e+000 8.700e+001 7.181e+005 1.531e+006-1.228e+005 1.640e+005 2.153e+006 9.860e+006-2.575e+006 9.038e+005 1.038e+006 2.831e+006 1.535e+006 1.908e+005-1.763e+005-1.299e+005-2.852e+005 1.782e+005
 6.630e+002 2.930e+000 5.700e+001 3.241e+003 7.564e+003-1.379e+003 2.067e+002 7.506e+003 4.433e+004-1.567e+004 3.714e+003 5.419e+003 8.544e+003 1.058e+004-4.813e+002-3.997e+002 7.238e+002-9.794e+002 2.547e+003
 6.750e+002 2.930e+000 4.200e+001 9.937e+002 1.980e+003-6.906e+002-1.016e+003 3.381e+002 1.042e+004-4.047e+003 2.436e+003 1.896e+003-8.949e+002 4.589e+003-2.286e+003-2.071e+002-1.575e+003 1.669e+002 2.900e+003
 6.880e+002 2.930e+000 6.000e+001 4.015e+002 8.007e+002-3.597e+002-1.975e+002 1.907e+001 7.484e+003-2.704e+003 2.039e+003 1.012e+003-2.201e+003 5.194e+003-1.372e+003-8.136e+001 5.362e+002-8.902e+002 2.530e+003
 7.000e+002 2.930e+000 4.800e+001 9.906e+002-4.347e+003 1.029e+004-5.813e+003 1.957e+003 4.718e+004 4.131e+004 1.148e+004 1.068e+003-6.815e+004 2.326e+005-7.241e+004 3.887e+003 4.833e+004-8.467e+004 7.074e+004
 7.130e+002 2.930e+000 3.000e+001 8.809e+001-3.296e+001 9.657e+001-6.796e+001 2.964e+000 4.745e+003 1.624e+002 2.028e+002 1.730e+002-1.410e+002 1.260e+003-5.745e+002 1.326e+002-1.654e+002 3.765e+002 9.286e+002
 7.250e+002 2.930e+000 3.300e+001 6.845e+001 5.773e+001-2.148e+001-7.108e+001-6.757e+001 1.790e+003-8.576e+001-9.333e+001 1.106e+002 8.665e+001 4.669e+002-3.071e+002 4.257e+001-1.844e+002 6.114e+001 6.638e+002
 7.380e+002 2.930e+000 3.300e+001 5.591e+001 1.126e+001 1.729e+000-5.158e+001-8.177e+001 1.288e+003-2.973e+002 1.875e+001 1.071e+002-5.930e+001 7.508e+002-3.446e+002 4.246e+001-2.769e+002-8.290e+001 8.021e+002
 7.500e+002 2.930e+000 7.200e+001 8.707e+002 5.462e+003 1.029e+004-4.618e+003-8.461e+003 1.771e+005-9.082e+004-8.437e+003-5.910e+003 1.783e+005 2.495e+005-8.613e+004 7.497e+003-1.514e+005-1.545e+005 1.373e+005
 7.630e+002 2.930e+000 3.600e+001 4.846e+001-4.664e+000 1.309e-001-6.955e+001-6.969e+001 1.428e+003-1.700e+002-4.028e+001 9.430e+001 2.095e+002 7.990e+002-3.760e+002 2.709e+001-5.420e+002-5.622e+001 9.154e+002
 7.750e+002 2.930e+000 2.700e+001 4.850e+001 7.656e+001-7.058e+000-2.155e+001-2.407e+000 9.017e+002-1.338e+002-2.525e+001 6.580e+001 6.172e+001 2.588e+002-9.355e+001 1.927e+001-3.118e+002 1.199e+001 6.940e+002
 7.880e+002 2.930e+000 3.600e+001 3.775e+001-3.254e+001-2.312e+001 3.357e+001-3.660e+001 1.051e+003-1.087e+002-1.504e+001 1.774e+000-9.095e+001 5.454e+002-2.785e+002 5.694e+000-3.862e+002-3.509e+001 9.856e+002
 8.000e+002 2.930e+000 5.400e+001 7.491e+002 1.508e+003 5.302e+001-1.760e+003 3.707e+001 1.060e+004-1.150e+004 2.682e+003 4.037e+003-1.394e+003 5.522e+004-1.440e+004-1.027e+003-7.711e+003-8.131e+003 1.247e+004
 8.130e+002 2.930e+000 3.600e+001 1.198e+002-1.052e+003-1.682e+002 1.569e+003 3.618e+002 3.453e+004-7.893e+003 4.206e+003-9.211e+001 2.371e+003 2.916e+003-1.078e+004-3.938e+002-4.739e+004-4.275e+003 6.765e+004
 8.250e+002 2.930e+000 3.900e+001 2.106e+002 3.359e+002-9.269e+001-1.975e+002 1.322e+001 4.540e+003-1.144e+003-9.123e+001 3.796e+002-6.888e+001 1.161e+003-8.762e+002 1.044e+002-3.573e+003 2.095e+002 4.229e+003
 8.380e+002 2.930e+000 6.300e+001 1.488e+003-1.520e+003-1.687e+002 3.274e+003 2.623e+003 1.382e+004-1.727e+003 4.665e+003 3.224e+002 3.491e+002 2.292e+003-1.038e+003-9.418e+002-1.121e+004-3.772e+002 1.513e+004
 8.500e+002 2.930e+000 6.900e+001 1.168e+005-1.406e+005-1.017e+005 3.378e+005 2.921e+005 9.423e+005-2.232e+005 6.241e+005 3.315e+004 2.072e+005 1.155e+005-7.656e+004-1.846e+005-9.123e+005-3.534e+005 1.338e+006
 8.630e+002 2.930e+000 3.300e+001 5.290e+002-5.326e+002-2.258e+002 1.411e+003 1.252e+003 6.835e+003-1.400e+003 3.750e+003 1.456e+002 2.175e+002 9.501e+002-9.988e+002-4.272e+002-5.621e+003-5.764e+002 8.802e+003
 8.750e+002 2.930e+000 3.600e+001 1.115e+002 1.705e+002-1.384e+001-1.027e+002 2.731e+001 3.321e+003-5.889e+002-4.146e+002 1.735e+002-4.316e+002 5.778e+002-6.791e+002 1.709e+002-2.770e+003 7.657e+002 4.337e+003
 8.880e+002 2.930e+000 7.200e+001 1.811e+002 4.126e+002 5.673e+001-2.602e+002-2.133e+002 1.235e+004-5.037e+002-3.932e+003 1.502e+002 5.621e+001 1.087e+003-1.066e+003 3.624e+002-1.003e+004 2.694e+002 1.308e+004
 9.000e+002 2.930e+000 4.200e+001 4.506e+002 7.010e+002 1.180e+003-1.402e+003 3.081e+002 3.697e+004 3.031e+003-2.109e+004 1.641e+003 6.139e+003 1.780e+004-4.201e+003 3.159e+002-3.372e+004-8.222e+003 4.709e+004
 9.130e+002 2.930e+000 3.300e+001 7.308e+002-6.498e+002 2.315e+002 8.218e+003-1.350e+004 5.142e+005-1.906e+004-2.906e+005-6.907e+002 5.043e+004 7.564e+003-4.754e+004 1.294e+004-5.024e+005-3.859e+004 6.581e+005
 9.250e+002 2.930e+000 5.700e+001 8.304e+002 3.346e+003-2.191e+002-4.362e+003 1.306e+003 3.502e+004-8.216e+003-1.298e+004 1.512e+003 2.650e+003 3.585e+003-9.760e+003 6.183e+002-2.996e+004 1.472e+003 4.123e+004
 9.380e+002 2.930e+000 8.700e+001 2.707e+003 7.444e+003-1.572e+002-7.393e+003-5.099e+003 5.126e+004-1.106e+004 4.274e+003 3.659e+003-5.984e+003 6.719e+003-1.260e+004 2.080e+003-3.723e+004 2.736e+003 4.039e+004
 9.500e+002 2.930e+000 8.100e+001 1.127e+005 2.323e+005-1.492e+004-2.241e+005-2.337e+005 1.055e+006-3.280e+005 4.486e+005 1.692e+005-3.798e+005 2.803e+005-3.546e+005 1.539e+004-5.597e+005 5.290e+004 5.508e+005
 9.630e+002 2.930e+000 4.800e+001 1.289e+003 2.008e+003-3.857e+002-1.479e+003-2.581e+003 1.697e+004-2.589e+003 3.433e+003 1.516e+003-3.616e+003 3.111e+003-3.077e+003 1.153e+002-9.235e+003 2.823e+002 9.736e+003
 9.750e+002 2.930e+000 3.300e+001 2.337e+002 5.298e+002-7.732e+001-3.058e+002 1.571e+001 4.607e+003-1.368e+003 5.193e+002 4.313e+002 6.211e+001 1.153e+003-1.161e+003-2.860e+002-3.805e+003-6.262e+002 5.784e+003
 9.880e+002 2.930e+000 6.000e+001 3.721e+002-2.590e+002-9.873e+001 8.489e+002-1.304e+002 1.317e+004 9.982e+001 1.970e+002 3.684e+002 2.890e+002 1.037e+003 1.024e+003 4.152e+002-1.340e+004-2.361e+002 1.909e+004
 1.000e+003 2.930e+000 1.560e+002 1.112e+003 1.111e+003-9.141e+002 2.167e+003-3.335e+003 1.743e+005-1.201e+004-1.035e+005-1.306e+003 8.171e+004 7.149e+004-6.511e+004 8.002e+003-2.375e+005-1.089e+005 4.143e+005
 1.130e+003 2.930e+000 5.310e+002 2.981e+004 1.261e+005 1.254e+004-1.189e+005-2.702e+004 6.493e+006-4.768e+005-2.457e+006 4.069e+004 5.633e+005 1.397e+005-8.411e+005 2.511e+004-9.437e+006-7.286e+005 1.500e+007
 1.250e+003 2.930e+000 3.900e+002 1.913e+004 1.330e+005-9.449e+002-7.592e+004 1.961e+005 6.226e+006-3.863e+005 8.176e+005 3.874e+004 1.084e+005 1.312e+005-2.825e+005-2.598e+005-6.849e+006-2.002e+005 7.952e+006
 1.380e+003 2.930e+000 3.420e+002 1.091e+004-7.974e+004-9.740e+003 3.165e+005-1.973e+005 4.406e+006 2.973e+004-3.791e+006-1.815e+004 4.271e+005 4.914e+004-3.084e+005 2.827e+005-7.833e+006-7.916e+005 1.727e+007
 1.500e+003 2.930e+000 5.100e+001 6.107e+002 5.103e+003-5.315e+001-4.146e+003 6.161e+003 1.293e+005-7.217e+003 1.298e+004 7.240e+002 8.083e+003 1.707e+003-7.852e+003-7.806e+003-1.490e+005-1.118e+004 1.898e+005
 1.630e+003 2.930e+000 5.700e+001 2.680e+002 3.221e+003 3.639e+001-3.184e+003 2.319e+003 7.045e+004-4.014e+003-1.807e+004 3.871e+002 3.745e+003 1.680e+003-4.830e+003-1.178e+003-6.324e+004-2.348e+003 6.983e+004
 1.750e+003 2.930e+000 4.200e+001 6.789e+002 1.145e+004 1.180e+002-1.219e+004 6.562e+003 2.806e+005-4.389e+003-8.714e+004 3.405e+002 5.866e+003 7.337e+002-5.593e+003-2.026e+003-2.553e+005-3.493e+003 2.739e+005
 1.880e+003 2.930e+000 7.200e+001 2.182e+003 2.662e+004 7.459e+002-3.915e+004 2.100e+004 6.152e+005-1.998e+004-2.914e+005 1.961e+003 2.930e+004 3.253e+003-3.502e+004-3.835e+003-5.783e+005-1.967e+004 8.061e+005
 2.000e+003 2.930e+000 6.900e+001 2.252e+003 1.833e+004 1.488e+003-3.325e+004 4.653e+004 1.211e+006 9.391e+003-4.760e+005 2.642e+003 6.422e+004 5.655e+003-1.486e+004-2.913e+004-9.551e+005-5.599e+004 1.015e+006
 2.130e+003 2.930e+000 2.700e+001 2.796e+002 1.445e+003 2.022e+002-2.903e+003 4.300e+003 1.063e+005 2.841e+003-5.448e+004 2.266e+002 4.944e+003 1.145e+003 9.384e+002-2.483e+003-8.720e+004-5.322e+003 1.149e+005
 2.250e+003 2.930e+000 4.200e+001 9.115e+001 1.373e+002 4.927e+001-8.843e+002 1.886e+003 5.681e+004 1.562e+003-2.699e+004 1.185e+002 3.176e+003 5.708e+002-2.915e+002-1.474e+003-4.756e+004-3.549e+003 5.703e+004
 2.380e+003 2.930e+000 3.600e+001 5.239e+002-5.727e+003 2.813e+002 1.451e+003 1.126e+004 4.435e+005 2.398e+004-1.252e+005 1.133e+003 1.841e+004 3.075e+003 1.350e+004-1.093e+004-3.481e+005-2.269e+004 3.138e+005
 2.500e+003 2.930e+000 2.700e+001 3.548e+001-1.580e+002-1.755e+001 1.251e+002 2.053e+002 9.322e+003 5.451e+002-4.421e+003 5.926e+001 5.172e+002 2.453e+002 7.261e+001-2.944e+002-7.262e+003-8.511e+002 9.699e+003
 2.630e+003 2.930e+000 5.700e+001 1.033e+002-1.741e+003-2.775e+001 9.952e+002 2.474e+003 1.077e+005 1.816e+003-1.837e+004 1.330e+002 4.188e+003 5.342e+002 8.045e+002-2.156e+003-8.157e+004-3.666e+003 7.011e+004
 2.750e+003 2.930e+000 3.600e+001 1.311e+001-1.200e+002 3.805e+000-3.608e+001 2.826e+002 1.768e+004 5.316e+001-8.415e+003 4.169e+000-1.756e+002 8.879e+001 2.313e+002-2.071e+002-8.485e+003-1.500e+001 1.058e+004
 2.880e+003 2.930e+000 3.000e+001 5.619e+000 3.445e+001 9.423e+000-4.740e+001 8.096e+001 3.876e+003 2.055e+002-9.113e+002 1.186e+001 2.338e+002 1.132e+002 1.220e+002-5.289e+001-3.050e+003-2.652e+002 3.542e+003
 3.000e+003 2.930e+000 3.600e+001 1.729e+001 6.035e+001 6.405e+000-1.271e+002 2.043e+002 4.936e+003-2.456e+001-1.565e+003 3.155e+001 4.192e+002 1.125e+002-1.819e+002 2.763e+001-1.054e+003-6.575e+000 5.789e+003
 3.130e+003 2.930e+000 3.600e+001 8.765e+000 9.970e+001 6.193e+000-8.707e+001 8.588e+001 3.978e+003-1.075e+001-3.951e+002 1.471e+001 2.711e+002 7.034e+001-2.838e+001-4.645e+001-3.464e+003-1.709e+002 4.661e+003
 3.250e+003 2.930e+000 3.000e+001 3.402e+001 8.093e+001 2.768e+001-4.053e+001 4.807e+002 1.043e+004 3.940e+002-1.228e+001 4.573e+001 6.695e+002 1.183e+002 5.162e+002-5.628e+002-1.156e+004-7.247e+002 1.430e+004
 3.380e+003 2.930e+000 5.400e+001 8.275e+001 1.287e+003-5.118e+001-1.168e+003 3.368e+002 2.775e+004-1.570e+003-8.353e+003 1.212e+002-5.426e+002 3.561e+002-9.510e+002 2.346e+002-2.283e+004 1.369e+003 2.486e+004
 3.500e+003 2.930e+000 5.400e+001 3.095e+002 5.874e+003 2.517e+002-3.083e+003 4.415e+003 1.907e+005-1.928e+003 4.089e+004 3.390e+002 9.491e+003 7.719e+002 8.039e+002-4.084e+003-1.292e+005-6.357e+003 1.011e+005
 3.630e+003 2.930e+000 3.600e+001 4.942e+002 9.077e+003-2.845e+002-1.115e+004-4.273e+003 2.178e+005-7.128e+003 9.720e+004 5.661e+002-1.028e+004 9.123e+002-1.227e+004 2.802e+002-2.156e+005 7.215e+003 2.622e+005
 3.750e+003 2.930e+000 5.700e+001 6.688e+001 1.262e+003-2.285e+000-1.251e+003 7.230e+001 3.494e+004-6.935e+002 8.556e+003 5.755e+001 6.114e+002 2.030e+002-5.670e+002-2.758e+002-3.291e+004-5.792e+002 3.596e+004
 3.880e+003 2.930e+000 6.900e+001 3.235e+002 7.843e+003 1.883e+002-5.936e+003 4.188e+003 2.670e+005-1.033e+004 8.332e+004 5.348e+002 1.187e+004 1.158e+003-5.865e+003-5.662e+003-2.310e+005-1.340e+004 2.506e+005
 4.000e+003 2.930e+000 4.500e+001 8.638e+001 1.985e+003-1.672e+001-1.988e+003 6.260e+002 5.919e+004-2.559e+003 1.279e+004 9.608e+001-3.252e+002 3.162e+002-3.029e+003-8.879e+002-5.636e+004-4.502e+002 6.454e+004
 4.130e+003 2.930e+000 7.200e+001 2.580e+002 6.831e+003-1.007e+002-6.720e+003 1.381e+003 1.966e+005-2.869e+003 5.622e+004 1.046e+002-2.063e+003 2.690e+002-3.783e+003-3.279e+003-2.009e+005 1.520e+003 2.278e+005
 4.250e+003 2.930e+000 7.200e+001 5.845e+002 1.182e+004 1.032e+002-1.227e+004 3.638e+003 2.672e+005-8.605e+003-3.150e+003 4.688e+002 5.305e+003 5.190e+002-9.006e+003-3.473e+003-2.731e+005-4.984e+003 2.855e+005
 4.380e+003 2.930e+000 4.200e+001 6.877e+001 1.766e+003 2.382e+001-1.346e+003 4.097e+002 5.024e+004 6.438e+002 9.928e+003-1.451e+001 6.345e+002 7.637e+001 4.890e+002-6.775e+002-3.956e+004-3.107e+002 3.669e+004
 4.500e+003 2.930e+000 5.700e+001 7.722e+001 1.445e+003 5.174e+000-1.450e+003 8.560e+002 4.104e+004-1.598e+003 8.917e+003 8.102e+001 8.227e+002 1.434e+002-1.657e+003-1.211e+003-4.469e+004-1.286e+003 5.625e+004
 4.630e+003 2.930e+000 5.400e+001 1.383e+001 3.354e+002-3.126e-001-2.035e+002 1.040e+002 1.101e+004-1.628e+002 8.627e+002 6.589e+000 1.715e+002 4.240e+001-1.390e+002-1.136e+002-6.698e+003-1.822e+002 6.483e+003
 4.750e+003 2.930e+000 3.300e+001 8.940e+000 2.835e+002-5.626e+000-2.537e+002 2.856e+001 1.302e+004-3.093e+002 2.676e+003 7.928e+000-2.392e+002 2.599e+001-3.659e+002-9.956e+001-9.613e+003 9.455e+001 1.045e+004
 4.880e+003 2.930e+000 4.500e+001 9.335e+000 2.155e+002 5.367e+000-3.082e+002 1.237e+002 8.710e+003-5.968e+001-5.269e+003 7.145e+000 2.298e+002 2.429e+001-2.363e+002-2.413e+001-8.957e+003-2.996e+002 2.014e+004
 5.000e+003 2.930e+000 6.600e+001 1.600e+001 4.200e+002 2.779e+000-3.756e+002-4.218e+001 1.386e+004-3.345e+002 1.601e+003 1.051e+001 3.814e+001 3.490e+001-2.674e+002-2.168e+001-1.182e+004 2.292e+001 1.392e+004
 5.130e+003 2.930e+000 3.300e+001 4.316e+000 2.307e+001 2.570e+000-3.393e+001-5.671e+000 3.132e+003-6.664e+000-1.617e+003 3.522e+000-6.584e+001 1.534e+001 7.675e+001-6.826e+001-9.058e+002-7.189e+001 3.767e+003
 5.250e+003 2.930e+000 2.700e+001 2.361e+000 4.319e+001 1.739e-001-4.602e+001-7.613e+000 1.751e+003-1.321e+001 7.105e+002 1.693e+000 7.143e+000 8.001e+000-2.768e+001-1.602e+001-1.230e+003-2.055e+001 1.801e+003
 5.380e+003 2.930e+000 3.300e+001 1.626e+001 2.472e+002-2.298e+000-2.718e+002 2.058e+002 9.613e+003-3.007e+002-9.681e+002 1.904e+001 1.891e+002 2.793e+001-3.532e+002-2.017e+002-6.945e+003-1.901e+002 7.956e+003
 5.500e+003 2.930e+000 3.600e+001 2.043e+000 1.824e+001 5.548e-001-3.468e+001 7.011e+000 1.077e+003 4.799e+000-7.214e+001 3.103e+000 1.828e+001 1.501e+001-3.091e+001-1.983e+001-5.187e+002-9.440e+001 2.030e+003
 5.630e+003 2.930e+000 5.400e+001 2.018e+001 1.452e+002 3.239e+000-6.449e+002 2.356e+002 5.151e+003-2.426e+002-8.162e+003 3.673e+001 4.435e+002 7.723e+001-1.206e+003-5.388e+001-6.166e+003-1.960e+002 2.586e+004
 5.750e+003 2.930e+000 3.900e+001 1.022e+001-6.572e+001 6.060e+000-1.312e+002-3.888e+000 1.677e+003 1.190e+002-2.177e+003 2.098e+001-8.333e+001 5.533e+001-1.477e+002-2.233e+002 8.172e+002-5.715e+002 8.311e+003
 5.880e+003 2.930e+000 3.300e+001 5.791e+000-3.526e+001-5.070e-002-8.339e+001 6.740e+001 2.039e+003 7.675e+001-1.872e+003 1.060e+001 1.293e+002 2.407e+001-1.723e+002-8.141e+001-4.743e+002-1.497e+002 3.107e+003
 6.000e+003 2.930e+000 5.100e+001 8.827e+000-1.488e+000 5.273e+000-1.751e+002 9.621e+001 1.178e+004 2.879e+002-8.733e+003 1.260e+001 7.215e+000 3.873e+001-1.761e+002-2.964e+001-2.633e+003-3.306e+002 1.283e+004
 6.130e+003 2.930e+000 4.800e+001 4.408e+000 6.357e+000-1.167e+000-6.835e+001 8.643e+001 4.164e+003-3.377e+001-1.787e+003 5.397e+000 9.252e+001 1.371e+001-1.193e+002-8.539e+001-2.354e+003-9.590e+001 4.002e+003
 6.250e+003 2.930e+000 3.300e+001 2.487e+000 4.982e+001-7.558e-001-2.699e+001 4.477e+001 3.645e+003-1.284e+002 3.148e+003 3.500e+000-2.104e+001 1.460e+001-2.450e+002-6.575e+001-2.640e+003-1.742e+002 1.108e+004
 6.380e+003 2.930e+000 3.600e+001 2.672e+000 4.087e+001-1.233e-001-3.693e+001 1.941e+001 2.538e+003-2.596e+001-7.146e+001 2.866e+000-8.398e+000 7.642e+000-2.691e+001-3.276e+001-1.433e+003-3.633e+001 1.589e+003
 6.500e+003 2.930e+000 4.200e+001 5.920e+000 1.129e+002-9.544e-003-9.887e+001 5.461e+001 3.365e+003-9.842e+001-1.583e+002 4.959e+000 4.392e+001 8.733e+000-9.262e+001-4.320e+001-2.653e+003-4.854e+001 2.684e+003
 6.630e+003 2.930e+000 3.600e+001 5.258e+000 7.239e+001-1.319e+000-6.214e+001 5.273e+001 2.229e+003-1.054e+002 2.150e+002 6.032e+000 3.012e+001 1.305e+001-7.812e+001-8.458e+001-2.449e+003-7.280e+001 3.935e+003
 6.750e+003 2.930e+000 6.300e+001 6.739e+000 1.568e+002-1.619e+000-1.090e+002 8.608e+001 6.213e+003-1.696e+002 1.143e+003 5.132e+000-7.963e+000 1.428e+001-1.430e+002-1.100e+002-4.667e+003-5.985e+001 4.785e+003
 6.880e+003 2.930e+000 3.600e+001 4.296e+000 5.985e+001 6.783e-001-4.294e+001 5.400e+001 1.966e+003-4.533e+001 1.463e+002 3.830e+000 4.071e+001 7.067e+000-5.684e+001-3.310e+001-1.210e+003-3.396e+001 1.345e+003
 7.000e+003 2.930e+000 3.600e+001 4.359e+000 9.861e+001 1.500e-002-4.938e+001 6.157e+001 3.664e+003-5.937e+001 7.204e+002 2.413e+000 1.922e+001 5.605e+000-3.749e+001-5.544e+001-2.224e+003-2.209e+001 1.731e+003
 7.130e+003 2.930e+000 6.600e+001 7.988e+000 1.833e+002-2.084e+000-1.397e+002 4.773e+001 5.612e+003-1.192e+002 1.603e+003 4.251e+000-2.901e+001 9.448e+000-1.078e+002-8.667e+001-4.336e+003-1.000e+001 4.265e+003
 7.250e+003 2.930e+000 5.400e+001 6.200e+000 1.099e+002 7.209e-001-5.373e+001 6.870e+001 3.210e+003-8.732e+001 1.312e+003 5.162e+000 5.886e+001 8.173e+000-4.295e+001-9.563e+001-2.439e+003-8.060e+001 2.888e+003
 7.380e+003 2.930e+000 3.300e+001 1.660e+000 2.866e+001-1.689e-001-2.439e+001 1.538e+001 9.030e+002-2.303e+001 4.049e+002 1.017e+000 3.233e+000 3.586e+000-2.229e+001-2.610e+001-9.094e+002-1.648e+001 1.420e+003
 7.500e+003 2.930e+000 5.100e+001 9.122e+000 1.723e+002-2.755e-001-1.336e+002 6.195e+001 5.084e+003-7.854e+001 1.880e+003 4.344e+000 2.921e+001 5.667e+000-5.774e+001-1.297e+002-4.447e+003-6.687e+001 5.147e+003
 7.630e+003 2.930e+000 3.600e+001 2.516e+000 5.207e+001-2.857e-001-3.886e+001 2.050e+001 1.772e+003-2.645e+001 4.537e+002 1.230e+000-1.397e+000 7.772e+000-4.956e+001-2.982e+001-1.384e+003-1.489e+001 1.734e+003
 7.750e+003 2.930e+000 3.000e+001 5.066e+000 7.562e+001-2.467e+000-5.310e+001 3.423e+001 2.060e+003-1.051e+002-6.475e+001 5.941e+000-5.591e+000 1.144e+001-6.140e+001-5.998e-001-1.129e+003 2.512e+001 1.142e+003
 7.880e+003 2.930e+000 3.300e+001 4.598e+000 2.515e+001 1.460e+000-4.235e+001 5.664e+001 3.048e+003-6.209e+001 8.775e+002 4.776e+000 6.006e+001 1.055e+001-8.993e+001-1.564e+001-1.724e+003-6.741e+001 3.086e+003
 8.000e+003 2.930e+000 4.500e+001 2.336e+001-4.525e+002 2.885e+000 5.961e+002 1.071e+003 7.110e+004 2.895e+002 3.030e+004 1.045e+001 2.019e+002 1.504e+001 1.204e+002-2.269e+002-2.903e+004 6.411e+001 2.694e+004
 8.130e+003 2.930e+000 3.000e+001 2.642e+000 4.340e+001 3.366e-001-2.061e+001 3.368e+001 2.836e+003-4.305e+001 1.305e+003 3.043e+000 3.472e+001 6.887e+000-3.614e+001-4.508e+001-1.647e+003-5.175e+001 2.513e+003
 8.250e+003 2.930e+000 3.300e+001 1.738e+000 2.892e+001-6.472e-003-5.921e+000 1.761e+001 1.162e+003-2.855e+001 6.340e+002 1.579e+000 1.718e+001 6.158e+000-1.982e+001-3.028e+001-6.620e+002-1.502e+001 1.236e+003
 8.380e+003 2.930e+000 3.900e+001 5.942e+000 1.062e+002-1.966e+000-9.785e+001-3.102e+000 2.625e+003-1.491e+002 7.510e+002 8.555e+000-4.403e+001 1.669e+001-1.587e+002-2.759e+001-2.517e+003-2.656e+001 3.566e+003
 8.500e+003 2.930e+000 3.000e+001 2.275e+000 3.884e+001 1.176e+000-2.416e+001 7.866e+000 9.353e+002-3.159e+001 1.427e+002 1.699e+000 2.951e+001 3.976e+000-1.641e+001-8.839e+000-5.845e+002-2.136e+001 7.787e+002
 8.630e+003 2.930e+000 4.800e+001 4.130e+000 7.846e+001-1.368e+000-4.200e+001 4.348e+000 1.939e+003-7.429e+001 4.074e+002 4.034e+000-1.771e+001 8.426e+000-5.219e+001-1.894e+001-1.027e+003-6.888e+000 9.624e+002
 8.750e+003 2.930e+000 5.100e+001 2.050e+000 3.517e+001-8.992e-002-1.396e+001 1.070e+001 1.746e+003-2.782e+001 1.076e+003 2.035e+000-1.735e+001 6.238e+000-2.353e+001-2.316e+001-8.667e+002-1.157e+001 1.636e+003
 8.880e+003 2.930e+000 3.000e+001 5.395e+000 1.113e+002 7.351e-001-3.851e+001 3.277e+001 2.719e+003-8.346e+001 1.100e+003 4.468e+000 4.352e+001 6.596e+000-1.555e+001-5.631e+001-1.207e+003-5.578e+001 1.278e+003
 9.000e+003 2.930e+000 3.900e+001 5.328e+000 1.293e+002-1.154e+000-3.570e+001-3.926e+000 3.667e+003-1.017e+002 1.946e+003 4.320e+000-3.896e+001 6.542e+000-4.784e+001-5.997e+001-9.711e+002-2.960e+001 2.304e+003
 9.130e+003 2.930e+000 4.500e+001 3.858e+000 7.883e+001-7.319e-001-2.022e+001 5.009e+000 1.967e+003-8.244e+001 1.049e+003 3.954e+000-4.815e+000 6.315e+000-2.791e+001-4.108e+001-4.502e+002-4.347e+001 1.379e+003
 9.250e+003 2.930e+000 3.300e+001 5.171e+000 1.116e+002-1.731e+000 1.614e+001 2.013e+001 2.835e+003-1.080e+002 1.683e+003 4.714e+000-2.233e+001 6.334e+000-5.577e+000-6.274e+001 1.403e+002-6.424e+001 1.537e+003
 9.380e+003 2.930e+000 3.000e+001 1.922e+000 3.153e+001-5.574e-001 2.453e+000 2.623e+000 7.174e+002-4.184e+001 3.663e+002 2.550e+000-1.521e+001 6.081e+000-9.083e+000-1.117e+001 1.413e+002-3.063e+001 7.829e+002
 9.500e+003 2.930e+000 4.500e+001 4.441e+000 8.471e+001-1.068e+000 6.292e+001 4.717e+001 2.672e+003-1.247e+002 1.637e+003 5.580e+000 3.608e+001 9.437e+000 8.974e+001-2.014e+001 1.141e+003-4.807e+001 2.728e+003
 9.630e+003 2.930e+000 3.300e+001 1.849e+000 3.786e+001-8.870e-001 2.283e+000 5.214e+000 1.220e+003-4.344e+001 6.556e+002 2.235e+000-2.712e+001 6.367e+000-1.543e+001-1.162e+001 2.993e+002-3.465e+001 1.233e+003
 9.750e+003 2.930e+000 3.300e+001 1.908e+000 3.046e+001-9.275e-002 1.364e+001 1.451e+001 8.418e+002-2.633e+001 3.544e+002 1.657e+000 5.511e+000 3.450e+000 7.128e+000-5.326e+000 1.537e+002-9.816e+000 6.687e+002
 9.880e+003 2.930e+000 3.600e+001 2.712e+000 2.848e+001-1.415e-001 6.938e+001 5.093e+001 1.913e+003-3.058e+001 1.077e+003 2.840e+000 4.442e+001 5.740e+000 8.699e+001 4.294e+001 1.405e+003 4.043e+001 3.826e+003
 1.000e+004 2.930e+000 8.700e+001 4.536e+000 5.171e+000 8.583e-002 1.150e+001 6.797e+001 2.932e+003 2.596e+000 1.115e+002 2.870e+000 3.182e+001 7.456e+000 1.215e+001 2.289e+001-1.807e+002 4.300e+001 2.336e+003
 1.130e+004 2.930e+000 1.260e+002 2.460e+000 1.048e+001 8.995e-001 1.708e+001 4.338e+001 1.641e+003 7.995e+000-1.268e+002 1.906e+000 4.609e+001 5.296e+000-4.233e+001 3.039e+001-4.752e+001 2.333e+001 3.473e+003
 1.250e+004 2.930e+000 1.590e+002 1.208e+000-5.310e+000 7.470e-001 1.511e+000 8.977e-001 1.794e+003-5.291e+001 1.151e+002 3.879e-001 1.613e+001 5.476e+000-1.287e+002 1.545e+001-2.720e+003-6.531e+001 6.983e+003
 1.380e+004 2.930e+000 2.160e+002 5.340e+000-4.329e+001 6.451e-002 1.875e+002 1.878e+001 3.007e+003-1.267e+002 5.133e+003-2.064e+000 2.425e+001 1.059e+001-2.835e+002 1.936e+002-5.607e+003-3.445e+002 3.037e+004
 1.500e+004 2.930e+000 2.790e+002 3.693e+000 7.308e+001 9.860e-001-6.269e+001 3.571e+001 2.523e+003-7.286e+001-5.082e+002 2.819e+000 5.315e+001 5.936e+000-1.179e+002 1.176e+001-2.421e+003-5.063e+001 5.374e+003
 1.630e+004 2.930e+000 2.160e+002 1.363e+001 4.203e+002 1.449e+000-3.649e+002 3.005e+002 2.298e+004-2.254e+002-2.543e+004 6.090e+000 1.901e+002 7.368e+000-3.227e+002 4.881e+002-3.878e+003 1.621e+002 3.669e+004
 1.750e+004 2.930e+000 1.710e+002 2.086e+000 2.299e-001-7.049e-001 4.553e+001 4.001e+001 1.288e+003-3.237e+001 1.635e+003-5.165e-001-1.493e+001 2.002e+000-7.803e+000 7.050e+001 1.184e+003-7.151e+001 5.917e+003
 1.880e+004 2.930e+000 1.650e+002 1.137e+000 7.881e+000 9.470e-002 1.210e+001 1.518e+001 4.706e+002-4.275e+000 9.475e+001 1.066e-001-4.481e+000 1.159e+000-1.130e+001 2.643e+001 5.167e+002-9.531e+000 1.581e+003
 2.000e+004 2.930e+000 1.890e+002 1.237e+000 7.923e+000 5.309e-001-1.244e+001 1.522e+001 8.140e+002-4.831e+000 2.089e+002-4.605e-001 9.823e+000 2.267e+000-7.553e+000 3.931e+001 1.268e+002-5.853e+001 2.960e+003
 2.130e+004 2.930e+000 1.350e+002 3.110e-001 1.624e+000-1.376e-002 2.212e+000 4.096e+000 9.807e+001-4.625e-001-6.535e+000-1.849e-002-7.579e-001 1.473e-001-4.145e-001 6.828e+000 1.158e+002-1.372e+000 3.242e+002
 2.250e+004 2.930e+000 1.230e+002 1.426e-001 8.904e-001-2.187e-002 6.454e-001 2.342e+000 8.231e+001-7.705e-001-7.814e+000-1.843e-002-6.303e-001 1.663e-001-2.400e-001 4.016e+000 8.358e+001-1.929e+000 2.803e+002
 2.380e+004 2.930e+000 3.030e+002 4.101e+001 5.384e+002 1.619e+001 6.029e+002-8.427e+001 7.470e+003 3.967e+002-4.338e+004-3.257e+001 2.858e+002 3.783e+001-1.767e+003 3.186e+003 1.027e+003-2.331e+003 2.595e+005
 2.500e+004 2.930e+000 3.360e+002 3.144e+001 2.639e+002 5.949e+000 2.342e+002 3.268e+002 5.853e+003 1.750e+002-8.582e+003-1.456e+001-1.017e+002 1.257e+001-3.843e+002 1.332e+003 1.554e+004-6.155e+002 6.044e+004
 2.630e+004 2.930e+000 1.350e+002 7.629e-001 8.332e+000 1.079e-001-6.826e+000 1.140e+001 6.196e+002 2.129e+000-4.944e+002-1.922e-001 1.005e-001 2.406e-001-5.156e+000 2.602e+001 2.328e+002-9.589e+000 1.280e+003
 2.750e+004 2.930e+000 1.590e+002 1.708e-001 5.882e-001-3.080e-002 7.180e-001 4.701e+000 2.167e+002-2.161e+000-4.644e+000 1.011e-003 3.689e-001 1.305e-001-1.208e+000 2.484e+000 2.813e+001-1.688e+000 2.828e+002
 2.880e+004 2.930e+000 1.020e+002 6.208e-002 6.616e-002-1.385e-002 6.382e-001 1.217e+000 5.532e+001-4.795e-001-3.264e-001 1.613e-003 2.217e-001 5.717e-002-2.395e-001 1.015e+000-8.822e+000-7.585e-001 1.634e+002
 3.000e+004 2.930e+000 1.170e+002 1.326e-001 1.222e+000-2.801e-002-1.106e-001 3.259e+000 1.396e+002-1.347e+000-2.837e+001 1.878e-002 6.361e-001 8.745e-002-1.100e+000 1.769e+000 8.938e+000-7.740e-001 1.818e+002
 3.130e+004 2.930e+000 2.160e+002 4.836e+000 2.124e+000 1.620e+000 2.254e+002-1.169e+002 2.985e+003-3.744e+001-5.812e+003-7.414e+000 1.858e+002 1.515e+001-5.303e+002 5.157e+002-1.277e+004-7.318e+002 6.706e+004
 3.250e+004 2.930e+000 2.880e+002 1.027e+001-3.894e+000 3.212e+000 5.081e+002-2.548e+002 6.604e+003-8.944e+001-1.240e+004-1.609e+001 4.054e+002 3.307e+001-1.161e+003 1.115e+003-2.850e+004-1.611e+003 1.484e+005
 3.380e+004 2.930e+000 1.320e+002 9.136e-002 1.204e+000-3.455e-003-3.486e-001 1.630e+000 9.856e+001-1.189e+000-5.082e+001 1.194e-002 9.237e-001 1.167e-001-1.875e+000 2.644e+000-8.149e+000-1.934e+000 2.933e+002
 3.500e+004 2.930e+000 7.800e+001 1.714e-002 8.467e-002 1.060e-003 1.028e-001 1.345e-002 2.605e+000-5.855e-002-3.505e+000 1.261e-003 3.141e-002 1.942e-002-3.027e-001 5.180e-001-2.025e+000-2.297e-001 5.523e+001
 3.630e+004 2.930e+000 9.000e+001 1.595e-002 2.222e-001 2.366e-003-8.061e-002 5.143e-002 1.379e+001-1.957e-001-9.682e+000 3.025e-003 1.731e-001 2.880e-002-2.985e-001 3.014e-001-4.173e+000-2.935e-001 4.417e+001
 3.750e+004 2.930e+000 1.080e+002 1.647e-002 1.297e-001 2.556e-003-2.760e-001 6.569e-002 8.915e+000-1.769e-001-8.903e+000 2.602e-003 1.529e-001 3.307e-002-6.669e-001 2.343e-001-1.040e+001-4.795e-001 6.326e+001
 3.880e+004 2.930e+000 1.200e+002 1.717e-002 1.441e-001 3.274e-003-1.399e-001-1.950e-001 2.193e+001-3.602e-001-1.640e+001-1.093e-002 7.650e-001 1.067e-001-2.213e+000 1.006e+000-6.989e+001-3.125e+000 3.054e+002
 4.000e+004 2.930e+000 4.200e+002 2.864e+000-5.911e+001 1.197e+000 2.336e+002-1.450e+002 8.958e+003-2.142e+002-1.751e+003-7.004e+000 3.441e+002 2.500e+001-8.106e+002 4.927e+002-3.095e+004-1.152e+003 1.078e+005
 4.130e+004 2.930e+000 1.650e+002 2.725e-002-4.095e-001-1.892e-003 1.629e+000-6.717e-001 6.468e+001-1.490e+000-7.013e+000-3.494e-002 2.313e+000 2.568e-001-5.533e+000 2.382e+000-2.174e+002-8.466e+000 7.989e+002
 4.250e+004 2.930e+000 1.260e+002 1.492e-002 6.465e-002 4.641e-003 1.787e-002-1.902e-001 3.154e+001-6.834e-001-1.194e+001-5.535e-003 9.343e-001 8.290e-002-2.406e+000 8.917e-001-9.041e+001-2.917e+000 3.065e+002
 4.380e+004 2.930e+000 1.320e+002 1.098e-002-7.163e-002 1.067e-003 2.911e-001-1.833e-001 5.387e+001-1.221e+000-8.609e+000-7.919e-003 1.506e+000 1.067e-001-3.528e+000 6.000e-001-1.363e+002-3.881e+000 3.765e+002
 4.500e+004 2.930e+000 1.170e+002 6.765e-003 6.622e-002 5.691e-003-9.307e-002-8.197e-002 8.169e+001-1.198e+000-2.984e+001 3.606e-004 2.221e+000 1.143e-001-3.555e+000 2.609e-001-1.773e+002-4.640e+000 4.176e+002
 4.630e+004 2.930e+000 1.470e+002 2.141e-002 1.695e+000 5.094e-002-3.096e+000-5.418e-002 3.875e+002-4.417e+000-2.608e+002 1.634e-002 1.140e+001 5.563e-001-1.622e+001 1.487e+000-7.404e+002-1.912e+001 1.620e+003
 4.750e+004 2.930e+000 4.920e+002 6.802e+000 5.605e+002 1.971e+001-9.404e+002-6.356e+001 4.785e+004-4.266e+002-4.938e+004 2.798e+000 1.622e+003 7.984e+001-2.447e+003 6.963e+002-8.596e+004-2.475e+003 2.056e+005
 4.880e+004 2.930e+000 3.660e+002 4.400e+000 2.938e+002 1.024e+001-4.756e+002-4.533e+001 2.041e+004-1.615e+002-2.491e+004 7.828e-001 6.883e+002 3.475e+001-1.131e+003 4.410e+002-3.691e+004-1.049e+003 9.720e+004
 5.000e+004 2.930e+000 1.140e+002 1.213e-002 4.011e-001 1.524e-002-6.590e-001-9.012e-002 3.207e+001-2.017e-001-4.528e+001-6.957e-004 1.252e+000 8.926e-002-2.238e+000 8.040e-001-6.402e+001-2.482e+000 2.120e+002
 5.130e+004 2.930e+000 1.140e+002 7.791e-003 6.620e-002 2.454e-003-1.165e-001-1.691e-002 5.855e+000-1.417e-001-5.092e+000 1.196e-003 1.924e-001 2.955e-002-6.533e-001 2.150e-001-1.368e+001-4.262e-001 5.448e+001
 5.250e+004 2.930e+000 1.410e+002 1.221e-002 3.066e-002 2.170e-003 1.180e-002-6.957e-002 4.284e+000-5.990e-002-3.631e+000-2.202e-003 1.250e-001 2.337e-002-4.457e-001 4.484e-001-1.232e+001-5.238e-001 6.410e+001
 5.380e+004 2.930e+000 1.920e+002 7.438e-001 2.998e+000 7.778e-002 6.974e+000 7.351e+000 9.899e+001 1.816e+000-2.229e+001-3.005e-001-2.422e+000 2.145e-001-5.900e+000 2.275e+001 2.278e+002-9.616e+000 8.850e+002
 5.500e+004 2.930e+000 3.300e+002 3.354e+000-1.595e+001 1.678e+000 8.881e+001-6.269e+001 1.268e+003-5.168e+001-6.431e+001-4.130e+000 7.015e+001 7.902e+000-2.811e+002 3.361e+002-6.787e+003-3.754e+002 3.650e+004
 5.630e+004 2.930e+000 5.520e+002 1.575e+001-1.081e+002 7.200e+000 4.704e+002-3.144e+002 7.076e+003-2.805e+002 1.624e+003-1.988e+001 3.489e+002 4.445e+001-1.332e+003 1.603e+003-3.545e+004-1.817e+003 1.783e+005
 5.750e+004 2.930e+000 2.310e+002 4.933e-002-4.424e-001 3.011e-003 1.902e+000-7.944e-001 2.737e+001-7.583e-001 1.537e+001-4.666e-002 1.105e+000 1.693e-001-3.535e+000 4.570e+000-1.351e+002-6.389e+000 7.485e+002
 5.880e+004 2.930e+000 8.400e+001 4.649e-003-1.847e-002 4.994e-006 1.525e-001-3.459e-002 1.200e+000-3.901e-002-5.922e-002-1.202e-003 5.191e-002 1.292e-002-2.514e-001 2.154e-001-5.738e+000-3.388e-001 4.257e+001
 6.000e+004 2.930e+000 8.700e+001 1.376e-002 4.994e-002 1.947e-003 1.831e-002 5.104e-002 1.972e+000-3.183e-003-1.145e+000-3.117e-003 2.006e-002 1.044e-002-1.484e-001 3.138e-001-1.687e+000-2.656e-001 2.739e+001
 6.130e+004 2.930e+000 6.000e+001 1.880e-003-1.077e-003 4.868e-004-1.008e-002-1.143e-002 6.144e-001-1.987e-002-5.532e-002-2.380e-004 3.123e-002 7.495e-003-1.116e-001 5.173e-002-1.985e+000-1.359e-001 1.041e+001
 6.250e+004 2.930e+000 6.300e+001 2.601e-003-1.754e-002 1.472e-003 5.513e-002-2.802e-002 6.974e+000-2.822e-001 2.598e+000-9.571e-004 2.887e-001 3.962e-002-7.749e-001 1.215e-001-2.092e+001-1.021e+000 6.848e+001
 6.380e+004 2.930e+000 3.000e+002 1.491e+000-6.523e+001 2.283e-001 1.463e+002-8.135e+001 7.479e+003-2.090e+002 2.408e+003-4.350e+000 2.337e+002 1.592e+001-4.778e+002 2.365e+002-1.978e+004-6.862e+002 5.314e+004
 6.500e+004 2.930e+000 1.410e+002 1.713e-002-6.151e-001 9.287e-003 1.484e+000-6.763e-001 7.892e+001-3.278e+000 2.458e+001-5.012e-002 2.343e+000 7.517e-001-8.307e+000 2.069e+000-2.157e+002-7.733e+000 6.080e+002
 6.630e+004 2.930e+000 7.200e+001 1.912e-003-1.087e-002 1.549e-005 3.225e-002-7.811e-003 1.714e+000-5.953e-002 5.444e-001-9.837e-004 4.368e-002 9.873e-003-1.678e-001 4.137e-002-4.911e+000-1.750e-001 1.660e+001
 6.750e+004 2.930e+000 5.100e+001 7.195e-004-2.077e-003 4.229e-006 6.818e-003 1.331e-003 2.031e-001-5.632e-003 3.506e-004-2.466e-004 8.454e-003 5.072e-003-4.281e-002 1.492e-003-5.586e-001-6.903e-002 4.573e+000
 6.880e+004 2.930e+000 3.000e+001 9.638e-004-1.331e-003 2.476e-004 5.923e-003-2.052e-003 7.508e-002-1.413e-003-2.511e-002 4.579e-006 2.095e-003 2.036e-003-1.000e-002 1.366e-002-1.753e-001-3.279e-002 2.793e+000
 7.000e+004 2.930e+000 3.900e+001 4.834e-004 3.361e-003 0.000e+000-9.444e-003 7.117e-004 2.678e-001-5.622e-003-1.216e-001 0.000e+000 8.216e-003 3.061e-003-3.152e-002 3.267e-003-7.784e-001-3.274e-002 4.671e+000
 7.130e+004 2.930e+000 1.860e+002 7.809e-002 5.995e-001 1.030e-001-8.422e-001-3.330e+000 1.732e+002-4.097e+000-5.890e+001-1.193e-001 7.164e+000 4.662e-001-1.590e+001 1.108e+001-5.641e+002-2.216e+001 1.875e+003
 7.250e+004 2.930e+000 1.410e+002 3.868e-002-1.775e-002 4.310e-002 4.275e-001-1.723e+000 1.025e+002-2.678e+000-2.347e+001-6.566e-002 3.899e+000 2.613e-001-9.797e+000 5.642e+000-3.335e+002-1.217e+001 1.102e+003
 7.380e+004 2.930e+000 3.300e+001 4.878e-004 6.267e-004 0.000e+000 8.014e-004-3.315e-003 1.869e-001-2.845e-003-4.663e-002 0.000e+000 3.980e-003 2.814e-003-3.554e-002 1.388e-002-5.607e-001-2.872e-002 3.340e+000
 7.500e+004 2.930e+000 3.000e+000 0.000e+000 0.000e+000 0.000e+000 0.000e+000 0.000e+000 0.000e+000 0.000e+000 0.000e+000 0.000e+000 0.000e+000 2.558e-004-1.416e-003 0.000e+000 0.000e+000-1.949e-003 2.269e-002
 7.630e+004 2.930e+000 6.000e+000 0.000e+000 0.000e+000 0.000e+000 0.000e+000 0.000e+000 0.000e+000 0.000e+000 0.000e+000 0.000e+000 0.000e+000 5.113e-004-2.855e-003 0.000e+000 0.000e+000-3.857e-003 4.504e-002
 7.750e+004 2.930e+000 3.000e+000 0.000e+000 0.000e+000 0.000e+000 0.000e+000 0.000e+000 0.000e+000 0.000e+000 0.000e+000 0.000e+000 0.000e+000 2.549e-004 1.430e-003 0.000e+000 0.000e+000 1.890e-003 2.204e-002
 7.880e+004 2.930e+000 3.000e+001 4.894e-004-3.582e-003 6.808e-006 2.225e-002-8.784e-003 1.428e+000-2.895e-002-5.191e-001-2.497e-004 4.887e-002 5.100e-003-9.034e-002 2.648e-002-4.197e+000-1.588e-001 1.411e+001
 8.000e+004 2.930e+000 1.890e+002 7.615e-002-1.960e-001 6.607e-002 1.129e+000-2.733e+000 1.173e+002-3.143e+000-2.087e+001-1.094e-001 4.348e+000 2.864e-001-1.115e+001 8.991e+000-3.847e+002-1.385e+001 1.280e+003
 8.130e+004 2.930e+000 3.900e+001 2.198e-003-1.554e-002 7.987e-004 3.205e-002-5.100e-002 4.949e+000-1.186e-001-1.019e+000-1.721e-003 1.372e-001 9.404e-003-3.861e-001 1.753e-001-1.463e+001-4.052e-001 4.690e+001
 8.250e+004 2.930e+000 6.000e+000 0.000e+000 0.000e+000 0.000e+000 0.000e+000 0.000e+000 0.000e+000 0.000e+000 0.000e+000 0.000e+000 0.000e+000 5.061e-004-5.007e-003 0.000e+000 0.000e+000 1.130e-003 2.500e-001
 8.380e+004 2.930e+000 9.000e+000 0.000e+000 0.000e+000 0.000e+000 0.000e+000 0.000e+000 0.000e+000 0.000e+000 0.000e+000 0.000e+000 0.000e+000 7.558e-004-4.643e-003 0.000e+000 0.000e+000-2.040e-003 8.164e-002
 8.500e+004 2.930e+000 3.000e+000 0.000e+000 0.000e+000 0.000e+000 0.000e+000 0.000e+000 0.000e+000 0.000e+000 0.000e+000 0.000e+000 0.000e+000 2.508e-004-1.448e-003 0.000e+000 0.000e+000-1.710e-003 4.004e-002
 8.630e+004 2.930e+000 1.500e+001 2.416e-004 0.000e+000 0.000e+000 0.000e+000 0.000e+000 1.976e-002-1.452e-003 0.000e+000 0.000e+000 1.678e-003 1.245e-003-1.062e-002 0.000e+000-3.952e-002-5.498e-003 2.970e-001
 8.750e+004 2.930e+000 1.530e+002 3.224e-002-8.499e-001 9.702e-003 2.026e+000-9.950e-001 7.611e+001-2.326e+000 3.131e+001-5.024e-002 1.958e+000 1.488e-001-5.876e+000 3.223e+000-2.188e+002-6.635e+000 6.522e+002
 8.880e+004 2.930e+000 1.050e+002 1.700e-002-4.415e-001 4.851e-003 1.012e+000-5.779e-001 4.422e+001-1.245e+000 1.650e+001-2.850e-002 1.149e+000 8.248e-002-3.138e+000 1.805e+000-1.257e+002-3.778e+000 3.715e+002
 9.000e+004 2.930e+000 1.200e+001 0.000e+000 0.000e+000 0.000e+000 0.000e+000 0.000e+000 0.000e+000 0.000e+000 0.000e+000 0.000e+000 0.000e+000 9.779e-004-9.017e-003 0.000e+000 0.000e+000-3.426e-003 1.523e-001
 9.130e+004 2.930e+000 9.000e+000 0.000e+000 0.000e+000 0.000e+000 0.000e+000 0.000e+000 0.000e+000 0.000e+000 0.000e+000 0.000e+000 0.000e+000 7.272e-004-1.380e-003 0.000e+000 0.000e+000-4.566e-003 7.494e-002
 9.250e+004 2.930e+000 0.000e+000 0.000e+000 0.000e+000 0.000e+000 0.000e+000 0.000e+000 0.000e+000 0.000e+000 0.000e+000 0.000e+000 0.000e+000 0.000e+000 0.000e+000 0.000e+000 0.000e+000 0.000e+000 0.000e+000
 9.380e+004 2.930e+000 3.000e+000 0.000e+000 0.000e+000 0.000e+000 0.000e+000 0.000e+000 0.000e+000 0.000e+000 0.000e+000 0.000e+000 0.000e+000 2.375e-004-1.463e-003 0.000e+000 0.000e+000-1.490e-003 1.835e-002
 9.500e+004 2.930e+000 5.100e+001 6.928e-004-2.222e-002 4.211e-005 5.534e-002-2.388e-002 9.752e+000-2.329e-001 1.241e+000-1.165e-003 2.095e-001 1.389e-002-5.677e-001 6.545e-002-2.456e+001-5.733e-001 6.421e+001
 9.630e+004 2.930e+000 0.000e+000 0.000e+000 0.000e+000 0.000e+000 0.000e+000 0.000e+000 0.000e+000 0.000e+000 0.000e+000 0.000e+000 0.000e+000 0.000e+000 0.000e+000 0.000e+000 0.000e+000 0.000e+000 0.000e+000
 9.750e+004 2.930e+000 0.000e+000 0.000e+000 0.000e+000 0.000e+000 0.000e+000 0.000e+000 0.000e+000 0.000e+000 0.000e+000 0.000e+000 0.000e+000 0.000e+000 0.000e+000 0.000e+000 0.000e+000 0.000e+000 0.000e+000
 9.880e+004 2.930e+000 0.000e+000 0.000e+000 0.000e+000 0.000e+000 0.000e+000 0.000e+000 0.000e+000 0.000e+000 0.000e+000 0.000e+000 0.000e+000 0.000e+000 0.000e+000 0.000e+000 0.000e+000 0.000e+000 0.000e+000
 1.000e+005 2.930e+000 0.000e+000 0.000e+000 0.000e+000 0.000e+000 0.000e+000 0.000e+000 0.000e+000 0.000e+000 0.000e+000 0.000e+000 0.000e+000 0.000e+000 0.000e+000 0.000e+000 0.000e+000 0.000e+000 0.000e+000
