 6.250e+000 2.930e+000 0.000e+000 0.000e+000 0.000e+000 0.000e+000 0.000e+000 0.000e+000 0.000e+000 0.000e+000 0.000e+000 0.000e+000 0.000e+000 0.000e+000 0.000e+000 0.000e+000 0.000e+000 0.000e+000 0.000e+000
 7.500e+000 2.930e+000 0.000e+000 0.000e+000 0.000e+000 0.000e+000 0.000e+000 0.000e+000 0.000e+000 0.000e+000 0.000e+000 0.000e+000 0.000e+000 0.000e+000 0.000e+000 0.000e+000 0.000e+000 0.000e+000 0.000e+000
 8.750e+000 2.930e+000 0.000e+000 0.000e+000 0.000e+000 0.000e+000 0.000e+000 0.000e+000 0.000e+000 0.000e+000 0.000e+000 0.000e+000 0.000e+000 0.000e+000 0.000e+000 0.000e+000 0.000e+000 0.000e+000 0.000e+000
 1.000e+001 2.930e+000 0.000e+000 0.000e+000 0.000e+000 0.000e+000 0.000e+000 0.000e+000 0.000e+000 0.000e+000 0.000e+000 0.000e+000 0.000e+000 0.000e+000 0.000e+000 0.000e+000 0.000e+000 0.000e+000 0.000e+000
 1.130e+001 2.930e+000 2.400e+001 1.383e+002-6.787e+002-7.220e-001 1.419e+002-7.037e+002 1.193e+005 3.719e+002 1.826e+003-1.458e+001-3.994e+002 9.307e+001-2.646e+002 6.449e+002-9.997e+003-6.527e+002 1.229e+004
 1.250e+001 2.930e+000 0.000e+000 0.000e+000 0.000e+000 0.000e+000 0.000e+000 0.000e+000 0.000e+000 0.000e+000 0.000e+000 0.000e+000 0.000e+000 0.000e+000 0.000e+000 0.000e+000 0.000e+000 0.000e+000 0.000e+000
 1.380e+001 2.930e+000 0.000e+000 0.000e+000 0.000e+000 0.000e+000 0.000e+000 0.000e+000 0.000e+000 0.000e+000 0.000e+000 0.000e+000 0.000e+000 0.000e+000 0.000e+000 0.000e+000 0.000e+000 0.000e+000 0.000e+000
 1.500e+001 2.930e+000 2.400e+001 1.007e+002-8.562e+002 2.338e+001 2.517e+002-1.003e+003 1.217e+005-1.514e+003 4.589e+003-4.882e+001 2.389e+002 1.389e+002-1.010e+003 6.197e+002-2.641e+004-9.438e+002 2.163e+004
 1.630e+001 2.930e+000 0.000e+000 0.000e+000 0.000e+000 0.000e+000 0.000e+000 0.000e+000 0.000e+000 0.000e+000 0.000e+000 0.000e+000 0.000e+000 0.000e+000 0.000e+000 0.000e+000 0.000e+000 0.000e+000 0.000e+000
 1.750e+001 2.930e+000 2.400e+001 1.205e+002-1.790e+003-1.187e+001 3.508e+002-9.719e+002 1.247e+005-5.258e+002 1.088e+004-2.420e+001-5.516e+002 1.035e+002-5.187e+002 4.673e+002-1.586e+004-7.388e+002 1.403e+004
 1.880e+001 2.930e+000 0.000e+000 0.000e+000 0.000e+000 0.000e+000 0.000e+000 0.000e+000 0.000e+000 0.000e+000 0.000e+000 0.000e+000 0.000e+000 0.000e+000 0.000e+000 0.000e+000 0.000e+000 0.000e+000 0.000e+000
 2.000e+001 2.930e+000 2.400e+001 1.557e+002-1.302e+003-1.904e+001 3.643e+001-7.438e+002 1.105e+005 5.992e+002-2.943e+002-7.109e+000 1.685e+002 6.786e+001-2.952e+002 2.998e+002-1.244e+004-4.214e+002 8.976e+003
 2.130e+001 2.930e+000 0.000e+000 0.000e+000 0.000e+000 0.000e+000 0.000e+000 0.000e+000 0.000e+000 0.000e+000 0.000e+000 0.000e+000 0.000e+000 0.000e+000 0.000e+000 0.000e+000 0.000e+000 0.000e+000 0.000e+000
 2.250e+001 2.930e+000 0.000e+000 0.000e+000 0.000e+000 0.000e+000 0.000e+000 0.000e+000 0.000e+000 0.000e+000 0.000e+000 0.000e+000 0.000e+000 0.000e+000 0.000e+000 0.000e+000 0.000e+000 0.000e+000 0.000e+000
 2.380e+001 2.930e+000 2.400e+001 9.187e+001-9.145e+001-4.440e+000-1.871e+002-4.714e+002 1.119e+005 5.158e+002 3.488e+003 7.302e+000-9.405e+002 6.813e+001-3.282e+002 1.722e+002-9.446e+003-1.884e+002 7.410e+003
 2.500e+001 2.930e+000 0.000e+000 0.000e+000 0.000e+000 0.000e+000 0.000e+000 0.000e+000 0.000e+000 0.000e+000 0.000e+000 0.000e+000 0.000e+000 0.000e+000 0.000e+000 0.000e+000 0.000e+000 0.000e+000 0.000e+000
 2.630e+001 2.930e+000 1.800e+001 7.572e+001-9.466e+002 1.531e+001 3.319e+000-4.011e+000 1.042e+005 6.653e+001 1.717e+003-1.665e+001-5.829e+002 3.276e+001-1.189e+002 2.143e+002-1.407e+004-6.470e+001 4.859e+003
 2.750e+001 2.930e+000 0.000e+000 0.000e+000 0.000e+000 0.000e+000 0.000e+000 0.000e+000 0.000e+000 0.000e+000 0.000e+000 0.000e+000 0.000e+000 0.000e+000 0.000e+000 0.000e+000 0.000e+000 0.000e+000 0.000e+000
 2.880e+001 2.930e+000 2.400e+001 1.790e+002-2.158e+003 1.780e-001 2.318e+002-1.401e+003 3.347e+005-5.562e+002 2.744e+003-5.591e+001 5.959e+002 4.959e+001-2.421e+002 7.655e+002-5.954e+004-4.201e+002 1.594e+004
 3.000e+001 2.930e+000 0.000e+000 0.000e+000 0.000e+000 0.000e+000 0.000e+000 0.000e+000 0.000e+000 0.000e+000 0.000e+000 0.000e+000 0.000e+000 0.000e+000 0.000e+000 0.000e+000 0.000e+000 0.000e+000 0.000e+000
 3.130e+001 2.930e+000 0.000e+000 0.000e+000 0.000e+000 0.000e+000 0.000e+000 0.000e+000 0.000e+000 0.000e+000 0.000e+000 0.000e+000 0.000e+000 0.000e+000 0.000e+000 0.000e+000 0.000e+000 0.000e+000 0.000e+000
 3.250e+001 2.930e+000 2.400e+001 1.585e+002-1.440e+003-2.916e+001-7.554e+001-2.194e+003 1.103e+006 2.070e+003-1.949e+004 1.377e+000 2.593e+003 1.070e+002-2.470e+002 3.717e+002-1.955e+005-8.489e+002 4.451e+004
 3.380e+001 2.930e+000 0.000e+000 0.000e+000 0.000e+000 0.000e+000 0.000e+000 0.000e+000 0.000e+000 0.000e+000 0.000e+000 0.000e+000 0.000e+000 0.000e+000 0.000e+000 0.000e+000 0.000e+000 0.000e+000 0.000e+000
 3.500e+001 2.930e+000 2.400e+001 4.643e+002 1.862e+003 6.937e+000-6.255e+002-1.049e+005 5.445e+007-1.251e+004 2.742e+004-1.731e+002 6.208e+004 1.295e+002-2.674e+003 2.185e+004-1.094e+007-1.285e+004 2.208e+006
 3.630e+001 2.930e+000 0.000e+000 0.000e+000 0.000e+000 0.000e+000 0.000e+000 0.000e+000 0.000e+000 0.000e+000 0.000e+000 0.000e+000 0.000e+000 0.000e+000 0.000e+000 0.000e+000 0.000e+000 0.000e+000 0.000e+000
 3.750e+001 2.930e+000 2.100e+001 3.036e+002-2.232e+003-6.274e+000-5.071e+002-1.642e+003 5.234e+005 5.444e+001 1.366e+004-5.051e+001-7.403e+001 7.674e+001-2.298e+002 9.358e+002-8.565e+004-2.921e+002 2.328e+004
 3.880e+001 2.930e+000 0.000e+000 0.000e+000 0.000e+000 0.000e+000 0.000e+000 0.000e+000 0.000e+000 0.000e+000 0.000e+000 0.000e+000 0.000e+000 0.000e+000 0.000e+000 0.000e+000 0.000e+000 0.000e+000 0.000e+000
 4.000e+001 2.930e+000 0.000e+000 0.000e+000 0.000e+000 0.000e+000 0.000e+000 0.000e+000 0.000e+000 0.000e+000 0.000e+000 0.000e+000 0.000e+000 0.000e+000 0.000e+000 0.000e+000 0.000e+000 0.000e+000 0.000e+000
 4.130e+001 2.930e+000 2.100e+001 3.282e+002-1.471e+003-1.187e+001-5.324e+002 4.391e+001 1.671e+005 7.062e+002 1.532e+003-6.288e+001-4.888e+002 7.198e+001-1.371e+002 7.179e+002-1.600e+004-2.275e+002 1.136e+004
 4.250e+001 2.930e+000 0.000e+000 0.000e+000 0.000e+000 0.000e+000 0.000e+000 0.000e+000 0.000e+000 0.000e+000 0.000e+000 0.000e+000 0.000e+000 0.000e+000 0.000e+000 0.000e+000 0.000e+000 0.000e+000 0.000e+000
 4.380e+001 2.930e+000 2.400e+001 6.350e+002-4.674e+003-5.639e+001-1.140e+003 1.473e+002 1.482e+005 5.495e+002 6.561e+003-1.239e+002 4.168e+002 2.084e+002-7.282e+002 1.683e+003 2.216e+003-7.889e+002 2.055e+004
 4.500e+001 2.930e+000 0.000e+000 0.000e+000 0.000e+000 0.000e+000 0.000e+000 0.000e+000 0.000e+000 0.000e+000 0.000e+000 0.000e+000 0.000e+000 0.000e+000 0.000e+000 0.000e+000 0.000e+000 0.000e+000 0.000e+000
 4.630e+001 2.930e+000 2.400e+001 2.263e+003-1.708e+004 2.796e+001-1.657e+003 4.848e+003 2.503e+005-2.445e+002 4.656e+004-7.407e+002-1.104e+003 7.128e+002-2.947e+003 8.348e+003 6.371e+004-3.204e+003 5.956e+004
 4.750e+001 2.930e+000 0.000e+000 0.000e+000 0.000e+000 0.000e+000 0.000e+000 0.000e+000 0.000e+000 0.000e+000 0.000e+000 0.000e+000 0.000e+000 0.000e+000 0.000e+000 0.000e+000 0.000e+000 0.000e+000 0.000e+000
 4.880e+001 2.930e+000 0.000e+000 0.000e+000 0.000e+000 0.000e+000 0.000e+000 0.000e+000 0.000e+000 0.000e+000 0.000e+000 0.000e+000 0.000e+000 0.000e+000 0.000e+000 0.000e+000 0.000e+000 0.000e+000 0.000e+000
 5.000e+001 2.930e+000 2.400e+001 6.347e+005-2.969e+006 1.147e+005-4.398e+005 3.918e+006 3.817e+007 5.742e+005 7.639e+006-2.908e+004-7.160e+005 2.235e+004-3.813e+005 2.212e+006 1.573e+007-1.805e+005 8.029e+006
 5.130e+001 2.930e+000 0.000e+000 0.000e+000 0.000e+000 0.000e+000 0.000e+000 0.000e+000 0.000e+000 0.000e+000 0.000e+000 0.000e+000 0.000e+000 0.000e+000 0.000e+000 0.000e+000 0.000e+000 0.000e+000 0.000e+000
 5.250e+001 2.930e+000 2.400e+001 2.196e+003-2.090e+004 1.291e+002-4.953e+003 9.431e+003 3.109e+005 1.238e+003 4.506e+004-3.134e+002-3.081e+003 3.370e+002-1.758e+003 7.445e+003 1.042e+005-1.879e+003 5.329e+004
 5.380e+001 2.930e+000 0.000e+000 0.000e+000 0.000e+000 0.000e+000 0.000e+000 0.000e+000 0.000e+000 0.000e+000 0.000e+000 0.000e+000 0.000e+000 0.000e+000 0.000e+000 0.000e+000 0.000e+000 0.000e+000 0.000e+000
 5.500e+001 2.930e+000 0.000e+000 0.000e+000 0.000e+000 0.000e+000 0.000e+000 0.000e+000 0.000e+000 0.000e+000 0.000e+000 0.000e+000 0.000e+000 0.000e+000 0.000e+000 0.000e+000 0.000e+000 0.000e+000 0.000e+000
 5.630e+001 2.930e+000 2.400e+001 6.721e+002-4.896e+003 1.078e+001-9.858e+002 2.199e+003 7.804e+004-1.618e+002 1.065e+004-1.562e+002-9.575e+002 1.071e+002-1.419e+002 2.211e+003 2.007e+004-7.392e+002 1.200e+004
 5.750e+001 2.930e+000 0.000e+000 0.000e+000 0.000e+000 0.000e+000 0.000e+000 0.000e+000 0.000e+000 0.000e+000 0.000e+000 0.000e+000 0.000e+000 0.000e+000 0.000e+000 0.000e+000 0.000e+000 0.000e+000 0.000e+000
 5.880e+001 2.930e+000 2.400e+001 3.224e+002-2.433e+003-3.163e-001-4.110e+002 5.061e+002 4.653e+004-6.953e+001 4.565e+003-7.331e+001-2.750e+002 8.850e+001-3.302e+002 9.669e+002 4.874e+003-5.477e+002 8.957e+003
 6.000e+001 2.930e+000 0.000e+000 0.000e+000 0.000e+000 0.000e+000 0.000e+000 0.000e+000 0.000e+000 0.000e+000 0.000e+000 0.000e+000 0.000e+000 0.000e+000 0.000e+000 0.000e+000 0.000e+000 0.000e+000 0.000e+000
 6.130e+001 2.930e+000 2.400e+001 1.765e+002-1.905e+003 1.112e+000 2.129e+001-2.882e+002 4.599e+004 3.522e+002 1.543e+003-1.388e+001-1.464e+002 4.938e+001-2.898e+002 3.596e+002 1.124e+003-2.549e+002 4.370e+003
 6.250e+001 2.930e+000 0.000e+000 0.000e+000 0.000e+000 0.000e+000 0.000e+000 0.000e+000 0.000e+000 0.000e+000 0.000e+000 0.000e+000 0.000e+000 0.000e+000 0.000e+000 0.000e+000 0.000e+000 0.000e+000 0.000e+000
 6.380e+001 2.930e+000 0.000e+000 0.000e+000 0.000e+000 0.000e+000 0.000e+000 0.000e+000 0.000e+000 0.000e+000 0.000e+000 0.000e+000 0.000e+000 0.000e+000 0.000e+000 0.000e+000 0.000e+000 0.000e+000 0.000e+000
 6.500e+001 2.930e+000 2.400e+001 1.963e+002-1.334e+003-6.283e+000 1.326e+000-1.943e+002 2.950e+004-2.905e+002 1.932e+003-5.054e+001 8.887e+001 4.864e+001-1.592e+002 5.736e+002-3.171e+003-3.394e+002 4.878e+003
 6.630e+001 2.930e+000 0.000e+000 0.000e+000 0.000e+000 0.000e+000 0.000e+000 0.000e+000 0.000e+000 0.000e+000 0.000e+000 0.000e+000 0.000e+000 0.000e+000 0.000e+000 0.000e+000 0.000e+000 0.000e+000 0.000e+000
 6.750e+001 2.930e+000 2.400e+001 1.508e+002-1.626e+003 1.291e+001-1.260e+002-1.210e+003 4.955e+004-2.312e+002 6.225e+003-8.322e+000-3.643e+002 5.563e+001-3.207e+002 4.463e+002-3.900e+003-2.590e+002 5.187e+003
 6.880e+001 2.930e+000 0.000e+000 0.000e+000 0.000e+000 0.000e+000 0.000e+000 0.000e+000 0.000e+000 0.000e+000 0.000e+000 0.000e+000 0.000e+000 0.000e+000 0.000e+000 0.000e+000 0.000e+000 0.000e+000 0.000e+000
 7.000e+001 2.930e+000 2.400e+001 5.548e+001-4.240e+002-2.701e+000-5.869e+001-2.549e+001 2.159e+004 3.414e+001-7.804e+001-6.577e+000-1.476e+002 2.697e+001-1.030e+002 6.006e+001-8.428e+002-1.214e+002 1.970e+003
 7.130e+001 2.930e+000 0.000e+000 0.000e+000 0.000e+000 0.000e+000 0.000e+000 0.000e+000 0.000e+000 0.000e+000 0.000e+000 0.000e+000 0.000e+000 0.000e+000 0.000e+000 0.000e+000 0.000e+000 0.000e+000 0.000e+000
 7.250e+001 2.930e+000 0.000e+000 0.000e+000 0.000e+000 0.000e+000 0.000e+000 0.000e+000 0.000e+000 0.000e+000 0.000e+000 0.000e+000 0.000e+000 0.000e+000 0.000e+000 0.000e+000 0.000e+000 0.000e+000 0.000e+000
 7.380e+001 2.930e+000 2.400e+001 5.119e+001-2.479e+002-5.003e+000 5.507e+000 5.911e+001 1.365e+004 4.702e+001 1.236e+002-1.326e+001-1.387e+002 2.974e+001-1.132e+002 7.927e+001-2.247e+001-1.241e+002 1.543e+003
 7.500e+001 2.930e+000 0.000e+000 0.000e+000 0.000e+000 0.000e+000 0.000e+000 0.000e+000 0.000e+000 0.000e+000 0.000e+000 0.000e+000 0.000e+000 0.000e+000 0.000e+000 0.000e+000 0.000e+000 0.000e+000 0.000e+000
 7.630e+001 2.930e+000 2.400e+001 7.245e+001-5.447e+002-4.129e+000 8.519e+001-3.016e+002 1.406e+004-2.817e+002 2.121e+003-2.885e+001 7.294e+001 3.828e+001-1.480e+002 2.513e+002-2.809e+003-2.207e+002 2.672e+003
 7.750e+001 2.930e+000 0.000e+000 0.000e+000 0.000e+000 0.000e+000 0.000e+000 0.000e+000 0.000e+000 0.000e+000 0.000e+000 0.000e+000 0.000e+000 0.000e+000 0.000e+000 0.000e+000 0.000e+000 0.000e+000 0.000e+000
 7.880e+001 2.930e+000 2.400e+001 6.484e+001-1.129e+003 1.005e+001 1.063e+002-7.710e+002 3.913e+004-3.671e+002 3.992e+003-1.149e+001-1.906e+002 3.642e+001-2.394e+002 2.650e+002-5.969e+003-1.657e+002 3.264e+003
 8.000e+001 2.930e+000 0.000e+000 0.000e+000 0.000e+000 0.000e+000 0.000e+000 0.000e+000 0.000e+000 0.000e+000 0.000e+000 0.000e+000 0.000e+000 0.000e+000 0.000e+000 0.000e+000 0.000e+000 0.000e+000 0.000e+000
 8.130e+001 2.930e+000 0.000e+000 0.000e+000 0.000e+000 0.000e+000 0.000e+000 0.000e+000 0.000e+000 0.000e+000 0.000e+000 0.000e+000 0.000e+000 0.000e+000 0.000e+000 0.000e+000 0.000e+000 0.000e+000 0.000e+000
 8.250e+001 2.930e+000 2.400e+001 5.589e+001-7.146e+002 7.171e+000 1.696e+002-4.956e+002 2.516e+004-4.172e+002 1.482e+003-1.822e+001 1.690e+002 3.386e+001-2.617e+002 2.677e+002-7.856e+003-2.341e+002 4.532e+003
 8.380e+001 2.930e+000 0.000e+000 0.000e+000 0.000e+000 0.000e+000 0.000e+000 0.000e+000 0.000e+000 0.000e+000 0.000e+000 0.000e+000 0.000e+000 0.000e+000 0.000e+000 0.000e+000 0.000e+000 0.000e+000 0.000e+000
 8.500e+001 2.930e+000 2.400e+001 3.993e+001-4.602e+002-2.726e+000 2.142e+001-2.919e+002 1.818e+004 3.299e+001 2.067e+002-2.164e+000-6.191e+001 1.317e+001-4.087e+001 6.617e+001-1.566e+003-5.104e+001 9.106e+002
 8.630e+001 2.930e+000 0.000e+000 0.000e+000 0.000e+000 0.000e+000 0.000e+000 0.000e+000 0.000e+000 0.000e+000 0.000e+000 0.000e+000 0.000e+000 0.000e+000 0.000e+000 0.000e+000 0.000e+000 0.000e+000 0.000e+000
 8.750e+001 2.930e+000 2.400e+001 3.453e+001-3.292e+002 1.110e-001-1.952e+001-2.023e+002 1.198e+004 4.125e+001 7.304e+002 1.367e+000-1.425e+002 1.409e+001-5.869e+001 3.526e+001 7.492e+001-5.257e+001 7.055e+002
 8.880e+001 2.930e+000 0.000e+000 0.000e+000 0.000e+000 0.000e+000 0.000e+000 0.000e+000 0.000e+000 0.000e+000 0.000e+000 0.000e+000 0.000e+000 0.000e+000 0.000e+000 0.000e+000 0.000e+000 0.000e+000 0.000e+000
 9.000e+001 2.930e+000 0.000e+000 0.000e+000 0.000e+000 0.000e+000 0.000e+000 0.000e+000 0.000e+000 0.000e+000 0.000e+000 0.000e+000 0.000e+000 0.000e+000 0.000e+000 0.000e+000 0.000e+000 0.000e+000 0.000e+000
 9.130e+001 2.930e+000 2.400e+001 1.714e+001-1.185e+002 1.720e+000 8.213e+000-4.625e+001 6.247e+003-2.080e+001 1.661e+002-2.179e+000-9.798e+000 9.986e+000-4.208e+001 3.252e+001-8.186e+002-4.860e+001 7.038e+002
 9.250e+001 2.930e+000 0.000e+000 0.000e+000 0.000e+000 0.000e+000 0.000e+000 0.000e+000 0.000e+000 0.000e+000 0.000e+000 0.000e+000 0.000e+000 0.000e+000 0.000e+000 0.000e+000 0.000e+000 0.000e+000 0.000e+000
 9.380e+001 2.930e+000 2.400e+001 1.854e+001-2.051e+002 5.900e+000 9.755e+000-8.290e+001 9.019e+003-1.052e+002 9.891e+002-5.963e+000-5.476e+001 8.714e+000-5.472e+001 9.092e+001-1.691e+003-4.601e+001 9.862e+002
 9.500e+001 2.930e+000 0.000e+000 0.000e+000 0.000e+000 0.000e+000 0.000e+000 0.000e+000 0.000e+000 0.000e+000 0.000e+000 0.000e+000 0.000e+000 0.000e+000 0.000e+000 0.000e+000 0.000e+000 0.000e+000 0.000e+000
 9.630e+001 2.930e+000 2.400e+001 1.934e+001-1.708e+002 4.575e-001 1.609e+001-6.664e+001 7.134e+003-2.495e+001 1.532e+002-4.868e+000 8.849e+000 5.857e+000-1.633e+001 4.937e+001-9.960e+002-3.148e+001 4.625e+002
 9.750e+001 2.930e+000 0.000e+000 0.000e+000 0.000e+000 0.000e+000 0.000e+000 0.000e+000 0.000e+000 0.000e+000 0.000e+000 0.000e+000 0.000e+000 0.000e+000 0.000e+000 0.000e+000 0.000e+000 0.000e+000 0.000e+000
 9.880e+001 2.930e+000 0.000e+000 0.000e+000 0.000e+000 0.000e+000 0.000e+000 0.000e+000 0.000e+000 0.000e+000 0.000e+000 0.000e+000 0.000e+000 0.000e+000 0.000e+000 0.000e+000 0.000e+000 0.000e+000 0.000e+000
 1.000e+002 2.930e+000 3.900e+001 3.540e+001 8.943e+002 2.523e+000-2.130e+002-2.022e+002 1.554e+005 2.768e+002-1.024e+003-5.488e+000-3.391e+002 1.780e+001 1.016e+002 7.974e+000-2.728e+004 1.522e+001 5.372e+003
 1.130e+002 2.930e+000 5.100e+001 5.650e+001-8.619e+002 5.193e-001 2.398e+002-6.989e+002 3.775e+004-2.775e+002-4.989e+002-1.832e+001 2.658e+002 2.226e+001-1.727e+002 2.139e+002-9.231e+003-1.683e+002 3.647e+003
 1.250e+002 2.930e+000 5.100e+001 5.472e+001-9.150e+002 6.618e-001 1.594e+002-7.467e+002 3.311e+004-2.529e+001-1.014e+002-3.854e+000 7.028e-001 2.614e+001-1.620e+002 1.313e+002-5.395e+003-1.322e+002 2.700e+003
 1.380e+002 2.930e+000 7.200e+001 3.129e+001-4.146e+002 1.743e+000 1.020e+002-3.354e+002 1.781e+004-8.579e+001-1.433e+002-1.047e+001 9.387e+001 2.336e+001-1.274e+002 1.103e+002-4.070e+003-1.207e+002 2.153e+003
 1.500e+002 2.930e+000 3.900e+001 1.107e+001-1.437e+002-1.271e+000 2.431e+001-1.587e+002 1.548e+004 1.763e+002 4.743e+002-4.922e+000 1.699e+002 9.906e+000 3.275e+001 5.628e+001-3.346e+003-5.285e+001 9.650e+002
 1.630e+002 2.930e+000 6.000e+001 5.227e+001-8.770e+002 5.060e+000 1.453e+002-6.478e+002 3.308e+004-1.398e+002 4.077e+002-7.148e+000 1.642e+001 3.226e+001-2.279e+002 1.429e+002-6.778e+003-1.777e+002 4.032e+003
 1.750e+002 2.930e+000 6.600e+001 8.020e+001-1.348e+003 5.197e+000 3.531e+002-1.058e+003 4.886e+004-5.139e+002 1.163e+003-3.247e+001 2.944e+002 5.738e+001-3.983e+002 3.357e+002-1.362e+004-3.014e+002 6.818e+003
 1.880e+002 2.930e+000 7.800e+001 1.877e+002-2.053e+003-3.141e+001 4.603e+002-2.410e+003 8.169e+004-3.154e+001 2.060e+003-6.171e+001 5.329e+002 1.144e+002-5.645e+002 3.647e+002-1.576e+004-3.725e+002 8.611e+003
 2.000e+002 2.930e+000 9.300e+001 3.913e+003-8.553e+003-1.787e+003 1.521e+003-4.034e+004 4.801e+005 1.594e+004-1.991e+004-1.638e+003 1.936e+004 1.648e+003-3.834e+003-5.883e+003 5.219e+004 1.944e+003 1.638e+004
 2.130e+002 2.930e+000 7.200e+001 2.248e+002-2.927e+003-3.514e+000 6.019e+002-1.792e+003 7.812e+004-4.148e+002-2.710e+002-6.452e+001 3.184e+002 9.649e+001-5.202e+002 2.892e+002-1.615e+004-2.959e+002 8.084e+003
 2.250e+002 2.930e+000 9.000e+001 1.770e+002-3.250e+003 8.602e+001 5.398e+002-1.768e+002 8.960e+004-2.630e+002 6.771e+003-5.512e+001-1.902e+003 1.283e+002-5.482e+002 4.213e+002-1.272e+004-2.753e+001 5.639e+003
 2.380e+002 2.930e+000 9.000e+001 5.031e+002-9.280e+003 4.296e+002 1.253e+003 3.912e+003 2.302e+005 1.165e+003 3.206e+004-1.688e+002-9.939e+003 5.236e+002-1.730e+003 1.131e+003-1.435e+004 5.157e+002 9.330e+003
 2.500e+002 2.930e+000 9.300e+001 1.379e+004-2.544e+005 1.335e+004 3.856e+004 1.498e+005 6.446e+006 4.675e+004 9.689e+005-5.548e+003-3.103e+005 1.547e+004-4.490e+004 2.851e+004-3.833e+005 2.575e+004 1.837e+005
 2.630e+002 2.930e+000 8.700e+001 4.242e+002-7.612e+003 3.663e+002 1.311e+003 3.397e+003 1.925e+005 6.041e+002 2.819e+004-1.851e+002-8.383e+003 4.761e+002-1.669e+003 9.795e+002-1.620e+004 5.386e+002 9.457e+003
 2.750e+002 2.930e+000 9.300e+001 1.562e+002-3.051e+003 8.177e+001 6.039e+002-1.148e+002 8.928e+004-3.846e+002 5.648e+003-5.155e+001-1.423e+003 1.079e+002-4.624e+002 4.035e+002-1.834e+004-4.223e+001 7.149e+003
 2.880e+002 2.930e+000 6.900e+001 1.279e+002-2.017e+003 2.074e+001 3.978e+002-1.231e+003 6.520e+004-2.694e+002 2.308e+003-2.587e+001-2.476e+002 6.222e+001-3.881e+002 2.972e+002-1.274e+004-1.653e+002 6.160e+003
 3.000e+002 2.930e+000 9.300e+001 1.152e+003-1.011e+004-1.288e+002-1.474e+003-1.658e+004 3.568e+005 4.398e+003 1.166e+004 2.750e+002-3.517e+003 1.469e+002-1.061e+003-1.992e+003 3.697e+004-4.299e+002 1.255e+004
 3.130e+002 2.930e+000 3.900e+001 6.162e+001-1.199e+003-3.517e+000 3.013e+002-8.684e+002 8.260e+004-1.657e+002-1.576e+003-8.970e+000 4.381e+002 2.595e+001-1.927e+002 1.262e+002-1.824e+004-2.218e+002 6.093e+003
 3.250e+002 2.930e+000 9.300e+001 1.013e+002-2.044e+003-1.195e+000 5.112e+002-9.483e+002 6.211e+004-5.629e+002 2.711e+003-2.845e+001 2.179e+002 4.397e+001-3.349e+002 3.443e+002-1.632e+004-2.358e+002 6.603e+003
 3.380e+002 2.930e+000 9.000e+001 2.946e+002-5.362e+003-2.898e+001 1.590e+003-1.516e+003 1.185e+005-2.459e+003 1.129e+004-1.418e+002 1.095e+003 9.926e+001-8.049e+002 1.059e+003-3.741e+004-7.382e+002 1.483e+004
 3.500e+002 2.930e+000 9.300e+001 7.464e+003-1.295e+005-8.164e+002 4.047e+004-2.118e+004 2.360e+006-7.014e+004 3.280e+005-4.207e+003 2.487e+004 2.529e+003-2.003e+004 2.564e+004-7.805e+005-1.893e+004 3.112e+005
 3.630e+002 2.930e+000 9.300e+001 3.106e+002-5.334e+003-2.271e+001 1.638e+003-1.151e+003 1.062e+005-2.904e+003 1.313e+004-1.759e+002 9.559e+002 1.247e+002-9.616e+002 1.126e+003-3.427e+004-8.401e+002 1.466e+004
 3.750e+002 2.930e+000 1.020e+002 9.542e+001-1.773e+003-8.109e-001 5.554e+002-6.296e+002 4.738e+004-9.552e+002 3.961e+003-5.254e+001 2.536e+002 5.203e+001-4.290e+002 3.926e+002-1.527e+004-2.800e+002 6.932e+003
 3.880e+002 2.930e+000 7.500e+001 5.284e+001-1.053e+003 5.446e+000 2.859e+002-5.776e+002 3.567e+004-5.731e+002 3.233e+003-2.427e+001 8.930e+001 2.872e+001-2.880e+002 2.859e+002-1.141e+004-1.495e+002 5.259e+003
 4.000e+002 2.930e+000 5.400e+001 4.469e+001-9.320e+002 6.608e+000 3.045e+002-4.794e+002 3.141e+004-2.892e+002 4.864e+003-1.944e+001-7.125e+001 4.299e+001-3.717e+002 3.056e+002-1.056e+004 1.750e+001 6.901e+003
 4.130e+002 2.930e+000 5.400e+001 2.461e+001-5.423e+002-8.618e-001 1.701e+002-3.493e+002 2.071e+004-2.263e+002 5.673e+002-1.135e+001 1.407e+002 1.393e+001-1.267e+002 1.287e+002-6.519e+003-9.190e+001 2.783e+003
 4.250e+002 2.930e+000 4.500e+001 1.669e+001-3.576e+002-8.539e-001 1.222e+002-2.369e+002 1.344e+004-1.810e+002 4.187e+002-8.553e+000 1.332e+002 1.059e+001-1.012e+002 9.687e+001-4.800e+003-7.814e+001 2.223e+003
 4.380e+002 2.930e+000 5.100e+001 3.029e+001-5.926e+002-1.615e+000 1.721e+002-4.515e+002 2.258e+004-2.196e+002 9.129e+002-1.134e+001 1.689e+002 1.550e+001-1.348e+002 1.718e+002-7.213e+003-1.107e+002 3.248e+003
 4.500e+002 2.930e+000 8.100e+001 6.054e+002-5.650e+003-8.103e+001 1.088e+003-8.915e+003 1.989e+005 2.306e+002 1.838e+004-1.114e+002 2.282e+003 4.548e+001 2.805e+002 3.839e+003-7.076e+004-8.698e+002 2.923e+004
 4.630e+002 2.930e+000 6.000e+001 2.939e+001-5.513e+002-1.869e+000 1.654e+002-4.702e+002 2.213e+004-1.786e+002 5.124e+002-9.700e+000 1.915e+002 1.061e+001-8.911e+001 1.603e+002-7.067e+003-8.392e+001 2.748e+003
 4.750e+002 2.930e+000 5.100e+001 1.293e+001-2.920e+002-9.995e-001 6.694e+001-2.206e+002 1.270e+004-2.843e+001 3.137e+002-2.489e+000 6.723e+001 9.153e+000-6.161e+001 5.815e+001-3.057e+003-4.783e+001 1.439e+003
 4.880e+002 2.930e+000 3.600e+001 1.139e+001-2.446e+002-9.987e-001 8.024e+001-2.136e+002 1.156e+004-1.310e+002 8.880e+002-6.004e+000 8.767e+001 1.007e+001-9.902e+001 8.175e+001-3.975e+003-6.380e+001 2.066e+003
 5.000e+002 2.930e+000 5.700e+001 2.338e+002-1.384e+003-8.967e+001 1.056e+003-2.047e+003 3.544e+004 1.840e+001-5.445e+003-1.211e+002 1.436e+003 1.062e+002-4.996e+002 3.586e+002-1.179e+004-5.719e+002 6.838e+003
 5.130e+002 2.930e+000 4.500e+001 2.007e+001-4.315e+002-2.942e+000 1.208e+002-2.889e+002 1.974e+004-3.924e+001 7.563e+002-4.834e+000 9.536e+001 9.170e+000-7.041e+001 7.809e+001-5.104e+003-4.383e+001 2.084e+003
 5.250e+002 2.930e+000 4.200e+001 1.973e+001-3.492e+002-6.442e+000 6.407e+001-1.025e+003 1.124e+005 1.340e+002 4.103e+002-4.292e+000 4.534e+002 1.341e+001-6.775e+001 1.751e+002-2.141e+004-1.002e+002 5.073e+003
 5.380e+002 2.930e+000 8.400e+001 5.696e+001-6.162e+002-5.025e+001-3.432e+001-1.933e+003 8.260e+004 1.987e+003 4.260e+003 7.455e+000-1.751e+001 6.846e+001-1.564e+002 6.864e+000-3.361e+002 7.301e+001 1.809e+003
 5.500e+002 2.930e+000 9.600e+001 1.249e+004-1.047e+005-1.398e+004-2.904e+004-4.747e+005 1.916e+007 5.636e+005 1.001e+006 2.977e+003-6.089e+002 1.669e+004-2.818e+004-1.833e+004 9.288e+005 2.987e+004 1.081e+005
 5.630e+002 2.930e+000 1.050e+002 9.151e+001-9.421e+002-8.527e+001-9.040e+001-3.194e+003 1.342e+005 3.414e+003 6.533e+003 1.475e+001-1.697e+000 1.070e+002-2.074e+002-2.988e+001 1.539e+003 1.435e+002 2.154e+003
 5.750e+002 2.930e+000 7.800e+001 1.841e+001-3.166e+002-1.060e+001 6.509e+001-4.717e+002 2.177e+004 2.908e+002 2.863e+002-1.823e+000 1.007e+002 1.690e+001-7.057e+001 3.815e+001-2.505e+003-3.595e+001 1.412e+003
 5.880e+002 2.930e+000 4.200e+001 6.334e+000-1.075e+002-2.519e+000 3.546e+001-1.397e+002 6.691e+003 1.944e+001 2.106e+002-1.952e+000 3.344e+001 6.613e+000-5.333e+001 2.098e+001-1.390e+003-2.944e+001 9.805e+002
 6.000e+002 2.930e+000 4.800e+001 2.897e+001-2.193e+002-1.135e+001 8.366e+001-4.251e+002 1.911e+004 2.682e+002-4.146e+002-7.372e+000 1.281e+002 1.664e+001 5.515e+001 1.324e+002-5.800e+003-7.924e+001 2.134e+003
 6.130e+002 2.930e+000 5.100e+001 1.773e+001-3.470e+002-3.611e+000 1.061e+002-2.209e+002 1.163e+004-3.854e+001 1.469e+001-3.592e+000 1.033e+002 6.001e+000-5.026e+001 5.254e+001-3.332e+003-4.977e+001 1.431e+003
 6.250e+002 2.930e+000 6.600e+001 7.556e+000-1.690e+002-1.118e+000 5.333e+001-1.348e+002 7.786e+003-4.412e+001 3.801e+002-2.467e+000 4.557e+001 4.162e+000-4.052e+001 4.357e+001-2.392e+003-2.688e+001 1.101e+003
 6.380e+002 2.930e+000 5.100e+001 7.078e+000-1.551e+002-7.236e-001 4.165e+001-1.166e+002 7.081e+003-3.538e+001 3.252e+002-1.958e+000 3.199e+001 3.190e+000-2.882e+001 4.115e+001-2.056e+003-2.409e+001 9.155e+002
 6.500e+002 2.930e+000 5.700e+001 8.019e+003 1.673e+004-2.668e+003 1.938e+004-4.997e+004 3.559e+005 2.579e+004-2.125e+005-4.380e+003 2.169e+004 3.285e+003 3.845e+003 4.342e+004-2.326e+005-3.018e+004 2.839e+005
 6.630e+002 2.930e+000 4.200e+001 7.963e+000-1.612e+002-8.025e-001 5.224e+001-1.472e+002 7.143e+003-5.143e+001 2.076e+002-2.675e+000 5.770e+001 2.526e+000-3.055e+001 5.055e+001-2.393e+003-2.934e+001 1.060e+003
 6.750e+002 2.930e+000 5.700e+001 7.837e+000-1.791e+002-2.267e-001 5.636e+001-1.265e+002 7.363e+003-5.898e+001 2.218e+002-2.527e+000 5.655e+001 3.071e+000-3.334e+001 4.523e+001-2.563e+003-3.016e+001 1.155e+003
 6.880e+002 2.930e+000 6.300e+001 5.621e+000-1.281e+002-4.661e-001 3.869e+001-8.155e+001 5.030e+003-3.069e+001 1.610e+002-1.389e+000 3.666e+001 2.354e+000-2.328e+001 2.905e+001-1.647e+003-2.146e+001 7.421e+002
 7.000e+002 2.930e+000 7.500e+001 1.528e+001-3.124e+002 7.434e-001 5.571e+001-2.488e+002 1.200e+004-4.920e+001 7.663e+002-9.918e-001 3.924e+000 2.991e+000-3.696e+001 7.138e+001-2.906e+003-2.016e+001 1.210e+003
 7.130e+002 2.930e+000 5.700e+001 4.703e+000-1.189e+002-2.960e-001 3.502e+001-8.296e+001 5.499e+003-3.236e+001 2.248e+002-1.411e+000 3.420e+001 1.276e+000-1.580e+001 3.040e+001-1.720e+003-1.630e+001 6.744e+002
 7.250e+002 2.930e+000 5.100e+001 6.758e+000-1.435e+002 4.430e-003 3.872e+001-3.311e+002 4.064e+004-6.973e+001 5.652e+002-2.103e+000 1.596e+002 1.958e+000-2.218e+001 8.340e+001-8.809e+003-4.372e+001 2.124e+003
 7.380e+002 2.930e+000 4.800e+001 6.837e+000-1.043e+002 1.259e-001 3.917e+001-3.259e+002 3.526e+004-1.150e+002-4.775e+001-2.624e+000 1.916e+002 2.603e+000-3.773e+001 8.357e+001-8.200e+003-5.279e+001 2.147e+003
 7.500e+002 2.930e+000 1.320e+002 1.814e+002-3.897e+003-5.085e+001 8.515e+002-2.506e+003 1.215e+005 1.282e+003 7.740e+003 2.651e+001 7.342e+002 2.214e+001 3.604e+002 9.098e+002-3.164e+004-1.139e+002 9.341e+003
 7.630e+002 2.930e+000 7.500e+001 7.230e+000-1.594e+002-7.227e-001 5.219e+001-1.197e+002 6.447e+003-2.384e+001 1.803e+002-1.262e+000 4.018e+001 1.741e+000-1.627e+001 4.501e+001-2.210e+003-2.089e+001 9.273e+002
 7.750e+002 2.930e+000 8.100e+001 9.360e+000-2.035e+002-2.957e-001 6.462e+001-1.460e+002 7.934e+003-3.593e+001 2.968e+002-1.569e+000 4.220e+001 1.701e+000-1.800e+001 5.977e+001-2.799e+003-2.117e+001 1.154e+003
 7.880e+002 2.930e+000 8.400e+001 8.644e+000-1.941e+002-5.774e-001 6.477e+001-1.429e+002 7.983e+003-3.126e+001 1.941e+002-1.565e+000 4.393e+001 1.640e+000-1.562e+001 5.581e+001-2.846e+003-2.095e+001 1.171e+003
 8.000e+002 2.930e+000 9.600e+001 3.300e+001-5.144e+002-3.891e+000 1.745e+002-4.698e+002 1.791e+004 6.050e+001 3.969e+002-1.146e+000 6.967e+001 2.491e+000 2.344e+001 2.030e+002-6.892e+003-3.361e+001 2.916e+003
 8.130e+002 2.930e+000 8.700e+001 6.004e+001-9.374e+002-2.410e+000 3.057e+002-6.959e+002 2.412e+004 3.778e+001 1.312e+003 1.129e+000 3.055e+001 1.182e+000 9.926e+000 3.076e+002-8.880e+003-1.078e+001 3.482e+003
 8.250e+002 2.930e+000 9.000e+001 2.678e+001-5.332e+002-8.388e-001 1.792e+002-3.142e+002 1.573e+004-2.317e+001 8.669e+002-1.560e+000 3.727e+001 1.384e+000-1.320e+001 1.466e+002-5.770e+003-1.814e+001 2.335e+003
 8.380e+002 2.930e+000 1.440e+002 1.567e+002-2.813e+003-4.456e+000 8.995e+002-1.738e+003 7.335e+004-4.148e+001 5.936e+003-5.810e+000 1.551e+002 2.138e+000-1.234e+001 8.947e+002-2.749e+004-6.705e+001 1.125e+004
 8.500e+002 2.930e+000 9.600e+001 4.324e+003-7.565e+004-1.001e+002 2.472e+004-4.496e+004 1.804e+006-1.650e+003 1.719e+005-1.571e+002 3.220e+003 1.332e+001-3.612e+002 2.442e+004-6.932e+005-1.350e+003 2.850e+005
 8.630e+002 2.930e+000 9.600e+001 1.408e+002-2.610e+003-5.963e+000 8.820e+002-1.555e+003 6.740e+004-3.227e+001 4.637e+003-5.141e+000 1.652e+002 1.502e+000-8.290e+000 7.738e+002-2.570e+004-6.401e+001 1.037e+004
 8.750e+002 2.930e+000 9.600e+001 5.642e+001-1.189e+003-2.350e+000 4.167e+002-6.940e+002 3.550e+004-4.870e+000 1.536e+003-1.543e+000 6.730e+001 1.432e+000-5.919e+000 3.168e+002-1.338e+004-2.639e+001 5.333e+003
 8.880e+002 2.930e+000 1.440e+002 1.101e+002-2.433e+003-1.410e+001 8.705e+002-1.431e+003 7.514e+004 2.430e+002 6.029e+002 2.658e+000 2.828e+002 4.564e+000 7.824e+001 5.442e+002-2.762e+004-1.081e+002 1.052e+004
 9.000e+002 2.930e+000 9.600e+001 7.441e+002-1.607e+004-1.369e+002 5.659e+003-9.490e+003 4.702e+005 3.372e+003-4.101e+003 7.478e+001 2.010e+003 3.855e+001 1.148e+003 3.137e+003-1.632e+005-7.079e+002 5.727e+004
 9.130e+002 2.930e+000 9.600e+001 1.036e+003-2.266e+004-2.102e+002 8.166e+003-1.361e+004 6.762e+005 5.038e+003-5.854e+003 1.055e+002 3.195e+003 6.079e+001 1.703e+003 4.625e+003-2.404e+005-1.181e+003 8.616e+004
 9.250e+002 2.930e+000 9.600e+001 1.260e+002-2.999e+003-1.510e+001 1.167e+003-1.754e+003 9.831e+004 3.503e+000 2.261e+002-7.946e+000 4.719e+002 5.868e+000-2.963e+001 6.863e+002-3.846e+004-1.830e+002 1.553e+004
 9.380e+002 2.930e+000 1.320e+002 4.750e+002-1.063e+004-6.070e+001 3.930e+003-7.107e+003 3.724e+005 6.423e+002 3.157e+003-9.791e+000 1.621e+003 1.152e+001 2.433e+002 2.714e+003-1.348e+005-5.866e+002 5.002e+004
 9.500e+002 2.930e+000 9.600e+001 1.116e+004-2.598e+005-1.347e+003 9.423e+004-1.635e+005 8.448e+006 1.581e+004 1.468e+005-1.699e+002 3.386e+004 1.745e+002 6.433e+003 6.555e+004-3.156e+006-1.239e+004 1.183e+006
 9.630e+002 2.930e+000 9.600e+001 3.967e+002-9.279e+003-5.012e+001 3.362e+003-5.768e+003 3.028e+005 6.676e+002 4.526e+003-2.548e+000 1.216e+003 8.277e+000 2.574e+002 2.279e+003-1.126e+005-4.457e+002 4.216e+004
 9.750e+002 2.930e+000 1.200e+002 1.331e+002-3.202e+003-2.452e+001 1.225e+003-2.122e+003 1.129e+005 2.246e+002-1.924e+002-7.095e+000 7.285e+002 9.823e+000 5.570e+001 8.076e+002-4.321e+004-2.885e+002 1.685e+004
 9.880e+002 2.930e+000 1.200e+002 7.236e+001-1.760e+003-1.789e+001 6.807e+002-1.230e+003 6.623e+004 2.497e+002-1.056e+003-2.808e+000 5.121e+002 7.851e+000 7.210e+001 4.379e+002-2.516e+004-2.058e+002 9.827e+003
 1.000e+003 2.930e+000 5.910e+002 4.274e+002-1.097e+004-1.050e+002 3.899e+003-8.036e+003 4.442e+005 2.632e+003 8.214e+003 2.378e+001 2.256e+003 4.764e+001 8.739e+002 3.148e+003-1.641e+005-8.127e+002 6.283e+004
 1.130e+003 2.930e+000 1.092e+003 7.609e+003-2.424e+005-2.207e+003 1.091e+005-1.876e+005 1.248e+007 5.657e+004-2.990e+005 3.461e+001 6.910e+004 6.768e+002 2.234e+004 7.459e+004-5.367e+006-3.097e+004 2.324e+006
 1.250e+003 2.930e+000 1.008e+003 6.693e+003-1.415e+005-1.387e+003 4.373e+004-1.829e+005 8.046e+006 5.061e+004 4.968e+005 5.765e+002 1.522e+004 4.361e+002 2.010e+004 8.054e+004-3.162e+006-3.555e+003 1.287e+006
 1.380e+003 2.930e+000 9.750e+002 1.300e+003-7.204e+004-9.663e+002 3.220e+004-5.821e+004 6.697e+006 5.228e+004-3.006e+005 1.432e+002 4.813e+004 7.660e+002 1.928e+004 2.074e+004-2.751e+006-2.219e+004 1.148e+006
 1.500e+003 2.930e+000 6.900e+001 7.359e+001-1.996e+003-2.217e+001 1.041e+003-2.143e+003 1.254e+005 4.029e+002-4.760e+003-1.046e+001 9.652e+002 1.193e+001 1.156e+002 9.898e+002-6.202e+004-5.072e+002 3.224e+004
 1.630e+003 2.930e+000 7.200e+001 2.723e+001-8.337e+002-6.658e+000 5.095e+002-7.455e+002 4.878e+004 3.829e+000-2.512e+003-6.418e+000 3.995e+002 4.288e+000-3.254e+001 3.785e+002-2.719e+004-2.263e+002 1.571e+004
 1.750e+003 2.930e+000 4.500e+001 2.438e+002-7.290e+003-6.010e+001 4.825e+003-7.040e+003 4.241e+005-3.588e+002-3.367e+004-6.989e+001 3.826e+003 3.557e+001-5.218e+002 3.532e+003-2.477e+005-2.213e+003 1.477e+005
 1.880e+003 2.930e+000 7.200e+001 2.183e+002-6.022e+003-6.165e+001 3.966e+003-6.447e+003 3.675e+005-6.398e+001-3.050e+004-6.643e+001 3.772e+003 4.197e+001-3.742e+002 3.164e+003-2.090e+005-2.162e+003 1.222e+005
 2.000e+003 2.930e+000 7.200e+001 3.675e+002-1.055e+004-1.187e+002 7.214e+003-1.262e+004 7.522e+005 6.762e+002-6.913e+004-1.230e+002 7.831e+003 9.401e+001-3.652e+002 6.363e+003-4.357e+005-4.622e+003 2.605e+005
 2.130e+003 2.930e+000 4.500e+001 7.372e+001-2.165e+003-2.533e+001 1.384e+003-2.345e+003 1.461e+005 2.281e+002-1.382e+004-1.904e+001 1.411e+003 1.609e+001-4.376e+001 1.076e+003-8.097e+004-8.120e+002 4.761e+004
 2.250e+003 2.930e+000 7.200e+001 3.483e+001-9.683e+002-1.230e+001 5.972e+002-1.217e+003 7.423e+004 1.736e+002-6.706e+003-9.456e+000 7.260e+002 9.186e+000 3.910e+000 5.363e+002-3.830e+004-4.033e+002 2.104e+004
 2.380e+003 2.930e+000 5.400e+001 9.716e+001-2.113e+003-3.127e+001 1.557e+003-3.410e+003 1.686e+005 1.415e+002-1.635e+004-4.474e+001 2.248e+003 3.133e+001-1.416e+002 1.769e+003-9.776e+004-1.318e+003 5.849e+004
 2.500e+003 2.930e+000 4.500e+001 8.662e+000-2.539e+002-2.829e+000 1.696e+002-2.949e+002 1.902e+004 2.049e+001-2.295e+003-2.734e+000 1.838e+002 2.291e+000-1.449e+001 1.284e+002-1.040e+004-1.054e+002 6.171e+003
 2.630e+003 2.930e+000 7.200e+001 4.114e+001-8.703e+002-1.047e+001 6.207e+002-1.403e+003 6.780e+004-7.700e+001-5.642e+003-2.094e+001 9.505e+002 1.406e+001-1.281e+002 7.439e+002-3.931e+004-5.499e+002 2.346e+004
 2.750e+003 2.930e+000 6.900e+001 9.572e+000-2.585e+002-2.755e+000 1.724e+002-3.073e+002 1.795e+004-1.229e+001-1.730e+003-3.767e+000 2.038e+002 2.530e+000-2.729e+001 1.427e+002-9.898e+003-1.123e+002 5.742e+003
 2.880e+003 2.930e+000 4.800e+001 2.226e+000-5.496e+001-5.882e-001 3.486e+001-8.196e+001 4.739e+003 8.931e-001-3.315e+002-8.706e-001 4.945e+001 6.189e-001-3.236e+000 3.976e+001-2.525e+003-2.715e+001 1.439e+003
 3.000e+003 2.930e+000 6.900e+001 8.520e+000-1.658e+002-2.054e+000 9.672e+001-2.214e+002 1.055e+004 1.629e+001-1.001e+003-1.934e+000 1.186e+002 1.611e+000-6.312e+000 9.610e+001-5.653e+003-7.216e+001 3.556e+003
 3.130e+003 2.930e+000 6.900e+001 2.743e+000-6.207e+001-6.484e-001 4.247e+001-9.678e+001 5.166e+003 2.081e+000-5.300e+002-8.632e-001 4.901e+001 5.972e-001-4.769e+000 4.360e+001-2.693e+003-2.689e+001 1.541e+003
 3.250e+003 2.930e+000 4.800e+001 3.515e+000-8.470e+001-1.324e+000 6.080e+001-1.192e+002 6.512e+003 4.183e+000-7.280e+002-1.645e+000 9.195e+001 1.461e+000-9.331e+000 5.518e+001-3.539e+003-5.196e+001 2.086e+003
 3.380e+003 2.930e+000 7.200e+001 7.791e+000-2.271e+002-2.114e+000 1.680e+002-2.530e+002 1.530e+004-3.485e+001-1.638e+003-3.446e+000 1.753e+002 2.346e+000-4.237e+001 1.305e+002-9.386e+003-1.062e+002 6.061e+003
 3.500e+003 2.930e+000 7.200e+001 5.732e+001-1.334e+003-1.826e+001 1.113e+003-1.989e+003 1.006e+005-7.161e+001-1.205e+004-3.035e+001 1.480e+003 2.220e+001-2.274e+002 1.142e+003-6.572e+004-9.665e+002 4.465e+004
 3.630e+003 2.930e+000 4.800e+001 7.069e+001-2.132e+003-1.830e+001 1.415e+003-2.375e+003 1.448e+005-3.472e+002-8.712e+003-3.205e+001 1.635e+003 1.955e+001-3.073e+002 1.290e+003-8.632e+004-9.583e+002 5.213e+004
 3.750e+003 2.930e+000 7.200e+001 8.883e+000-2.293e+002-2.734e+000 1.668e+002-3.083e+002 1.716e+004-1.115e+001-1.482e+003-4.235e+000 2.238e+002 3.139e+000-2.811e+001 1.697e+002-1.047e+004-1.396e+002 6.688e+003
 3.880e+003 2.930e+000 7.200e+001 3.862e+001-1.015e+003-1.329e+001 8.004e+002-1.411e+003 7.874e+004-4.045e+001-8.397e+003-1.996e+001 1.089e+003 1.548e+001-1.456e+002 7.948e+002-5.047e+004-7.034e+002 3.364e+004
 4.000e+003 2.930e+000 4.800e+001 2.862e+001-7.186e+002-7.451e+000 4.885e+002-1.050e+003 5.682e+004-5.848e+001-2.760e+003-1.314e+001 6.774e+002 9.420e+000-9.227e+001 6.039e+002-3.473e+004-4.467e+002 2.287e+004
 4.130e+003 2.930e+000 7.200e+001 3.415e+001-8.565e+002-1.112e+001 6.984e+002-1.256e+003 6.818e+004-2.863e+001-6.192e+003-1.737e+001 9.263e+002 1.293e+001-1.095e+002 7.744e+002-4.633e+004-6.362e+002 3.258e+004
 4.250e+003 2.930e+000 7.200e+001 1.048e+001-2.445e+002-2.952e+000 1.631e+002-3.766e+002 1.980e+004 5.683e+000-1.484e+003-4.102e+000 2.312e+002 3.111e+000-2.218e+001 1.879e+002-1.127e+004-1.465e+002 7.344e+003
 4.380e+003 2.930e+000 4.800e+001 9.524e+000-2.281e+002-3.096e+000 1.757e+002-3.464e+002 1.829e+004 1.520e+001-1.974e+003-4.023e+000 2.274e+002 3.112e+000-2.110e+001 1.860e+002-1.127e+004-1.512e+002 7.700e+003
 4.500e+003 2.930e+000 7.200e+001 1.329e+001-3.222e+002-4.736e+000 2.664e+002-5.004e+002 2.741e+004 2.775e+001-3.356e+003-5.980e+000 3.648e+002 5.609e+000-3.854e+001 2.791e+002-1.810e+004-2.703e+002 1.366e+004
 4.630e+003 2.930e+000 7.200e+001 5.296e+000-1.009e+002-9.930e-001 5.526e+001-1.962e+002 9.548e+003-5.672e+000-1.162e+002-2.045e+000 1.051e+002 1.574e+000-1.127e+001 1.011e+002-5.249e+003-7.071e+001 3.563e+003
 4.750e+003 2.930e+000 4.800e+001 4.570e+000-1.017e+002-8.317e-001 6.808e+001-1.826e+002 9.881e+003-2.136e+001-2.248e+002-2.325e+000 1.198e+002 1.803e+000-2.405e+001 1.136e+002-6.444e+003-8.665e+001 4.784e+003
 4.880e+003 2.930e+000 6.900e+001 3.658e+000-6.854e+001-5.599e-001 3.378e+001-1.276e+002 6.049e+003-9.662e+000 2.006e+002-1.423e+000 6.699e+001 9.609e-001-6.137e+000 7.238e+001-3.420e+003-4.313e+001 2.216e+003
 5.000e+003 2.930e+000 7.200e+001 4.413e+000-9.606e+001-1.033e+000 6.112e+001-1.606e+002 8.319e+003-5.620e+000-2.509e+002-1.846e+000 9.832e+001 1.463e+000-1.072e+001 8.883e+001-4.886e+003-6.259e+001 3.127e+003
 5.130e+003 2.930e+000 4.200e+001 1.515e+000-2.373e+001-1.291e-001 9.016e+000-5.252e+001 2.379e+003-4.418e+000 3.868e+001-4.136e-001 2.060e+001 3.970e-001-4.810e+000 2.139e+001-1.037e+003-1.267e+001 5.945e+002
 5.250e+003 2.930e+000 6.000e+001 1.266e+000-1.671e+001-2.293e-001 7.624e+000-4.383e+001 2.079e+003 2.142e+000-1.102e+002-2.123e-001 2.039e+001 5.615e-001-4.744e+000 1.363e+001-8.603e+002-1.362e+001 5.409e+002
 5.380e+003 2.930e+000 6.900e+001 1.861e+000-3.092e+001-1.503e-001 1.479e+001-6.698e+001 3.407e+003-8.206e+000 3.219e+001-6.791e-001 3.757e+001 8.266e-001-8.116e+000 3.279e+001-1.776e+003-2.633e+001 1.148e+003
 5.500e+003 2.930e+000 4.800e+001 6.701e-001-8.387e+000-9.767e-002 3.793e+000-2.102e+001 9.583e+002-1.074e+000-2.454e+001-1.798e-001 1.279e+001 3.869e-001-3.430e+000 8.144e+000-4.656e+002-9.690e+000 3.424e+002
 5.630e+003 2.930e+000 6.000e+001 1.207e+000-1.367e+001-1.193e-001 1.149e+001-3.867e+001 1.670e+003-2.936e+000-1.277e+002-3.913e-001 2.060e+001 5.383e-001-7.319e+000 1.941e+001-1.029e+003-1.741e+001 8.681e+002
 5.750e+003 2.930e+000 6.000e+001 1.558e+000-1.181e+001-9.255e-002 9.959e-001-5.130e+001 2.060e+003 3.661e-001 3.293e+001 5.784e-002 6.279e+000 6.134e-001-8.117e+000 1.245e+001-6.501e+002-1.068e+001 5.109e+002
 5.880e+003 2.930e+000 4.500e+001 1.363e+000-8.216e+000-1.335e-001-9.481e-001-3.838e+001 1.356e+003 9.690e-001 1.978e+001 8.320e-002 9.029e+000 7.174e-001-8.759e+000 9.140e+000-5.367e+002-1.389e+001 5.381e+002
 6.000e+003 2.930e+000 6.900e+001 3.881e+000-2.431e+001 2.061e+000-4.182e+000-1.494e+002 6.930e+003-1.019e+002 2.322e+002-2.752e+000 1.908e+002 1.632e+001-1.532e+002 1.073e+002-6.013e+003-3.037e+002 7.883e+003
 6.130e+003 2.930e+000 5.700e+001 1.491e+000-1.521e+001-4.027e-001 1.395e+001-4.645e+001 1.867e+003 7.574e+000-2.673e+002-3.362e-001 2.370e+001 6.914e-001-3.720e+000 1.724e+001-9.320e+002-1.939e+001 7.458e+002
 6.250e+003 2.930e+000 4.500e+001 8.406e-001-7.578e+000-2.823e-001 9.296e+000-2.630e+001 1.037e+003 6.127e+000-2.295e+002-2.184e-001 1.449e+001 5.072e-001-3.217e+000 9.152e+000-5.236e+002-1.324e+001 5.022e+002
 6.380e+003 2.930e+000 6.300e+001 1.116e+000-4.783e+000-3.145e-002 4.784e-001-3.168e+001 1.248e+003-1.483e+000 1.784e+001-7.971e-002 1.437e+001 6.745e-001-5.802e+000 1.071e+001-6.210e+002-1.553e+001 5.704e+002
 6.500e+003 2.930e+000 6.900e+001 2.826e+000-2.632e+001-4.335e-001 1.204e+001-9.411e+001 3.899e+003 5.969e+000-1.235e+002-6.008e-001 4.488e+001 1.427e+000-1.004e+001 3.807e+001-1.900e+003-3.518e+001 1.361e+003
 6.630e+003 2.930e+000 4.200e+001 1.934e+000-1.685e+001-3.262e-001 1.015e+001-5.905e+001 2.350e+003 5.728e+000-1.830e+002-2.463e-001 2.524e+001 8.374e-001-5.386e+000 1.977e+001-1.083e+003-2.133e+001 7.970e+002
 6.750e+003 2.930e+000 6.600e+001 2.372e+000-1.742e+001-3.959e-001 8.325e+000-6.793e+001 2.748e+003 5.732e+000-2.226e+002-1.481e-001 3.780e+001 1.933e+000-1.713e+001 2.061e+001-1.424e+003-4.360e+001 1.453e+003
 6.880e+003 2.930e+000 7.200e+001 2.135e+000-7.960e+000-3.835e-002-4.353e-001-6.669e+001 2.693e+003-1.637e+000 2.413e+001-3.479e-001 3.476e+001 1.568e+000-1.549e+001 2.373e+001-1.264e+003-3.128e+001 1.124e+003
 7.000e+003 2.930e+000 3.900e+001 1.633e+000-6.868e+000-2.138e-001 7.262e+000-5.297e+001 2.188e+003 1.580e+000-1.638e+002-4.662e-001 3.372e+001 1.162e+000-8.686e+000 2.103e+001-1.168e+003-2.851e+001 9.530e+002
 7.130e+003 2.930e+000 6.600e+001 2.155e+000 6.624e+000 5.912e-001-4.833e+000-6.996e+001 2.862e+003-1.549e+001-1.116e+002-7.609e-001 5.115e+001 1.989e+000-2.366e+001 3.298e+001-1.559e+003-4.054e+001 1.328e+003
 7.250e+003 2.930e+000 5.700e+001 2.285e+000 4.240e+000 2.729e-001-7.968e+000-7.427e+001 2.934e+003-1.016e+001 7.964e+001-5.263e-001 4.215e+001 1.840e+000-2.121e+001 2.473e+001-1.359e+003-3.907e+001 1.303e+003
 7.380e+003 2.930e+000 4.500e+001 2.127e+000 2.276e+001 1.073e+000-2.151e+001-6.569e+001 2.845e+003-2.445e+001 2.226e+002-5.292e-001 5.385e+001 2.262e+000-2.181e+001 2.425e+001-1.424e+003-4.326e+001 1.217e+003
 7.500e+003 2.930e+000 6.600e+001 3.454e+000 3.350e+001 1.294e+000-1.837e+001-1.191e+002 5.335e+003-2.226e+001 2.820e+001-1.741e+000 1.073e+002 3.302e+000-2.235e+001 5.290e+001-2.621e+003-6.614e+001 1.780e+003
 7.630e+003 2.930e+000 7.200e+001 6.771e+000 8.470e+001 3.120e+000-3.834e+001-2.510e+002 1.171e+004-5.128e+001-1.315e+002-4.618e+000 2.633e+002 7.077e+000-3.518e+001 1.122e+002-5.554e+003-1.364e+002 3.072e+003
 7.750e+003 2.930e+000 4.800e+001 1.005e+001 1.448e+002 5.307e+000-7.000e+001-3.562e+002 1.594e+004-8.557e+001-2.165e+002-6.448e+000 3.622e+002 1.014e+001-6.040e+001 1.549e+002-7.438e+003-1.898e+002 4.082e+003
 7.880e+003 2.930e+000 7.200e+001 6.100e+001 1.048e+003 4.075e+001-5.401e+002-2.208e+003 9.948e+004-7.113e+002 7.529e+002-4.318e+001 2.346e+003 6.364e+001-3.679e+002 1.041e+003-4.810e+004-1.189e+003 2.481e+004
 8.000e+003 2.930e+000 7.200e+001 8.202e+002 1.452e+004 5.707e+002-6.845e+003-3.017e+004 1.369e+006-9.483e+003-1.781e+004-6.483e+002 3.408e+004 9.188e+002-5.214e+003 1.517e+004-6.809e+005-1.690e+004 3.410e+005
 8.130e+003 2.930e+000 4.800e+001 2.534e+001 4.025e+002 1.607e+001-1.893e+002-9.121e+002 3.983e+004-2.742e+002-3.140e+002-1.898e+001 9.634e+002 2.585e+001-1.469e+002 4.418e+002-1.928e+004-4.736e+002 9.632e+003
 8.250e+003 2.930e+000 7.200e+001 1.546e+001 2.289e+002 1.005e+001-1.213e+002-5.326e+002 2.276e+004-1.842e+002 2.076e+002-1.067e+001 5.593e+002 1.611e+001-9.421e+001 2.591e+002-1.145e+004-2.942e+002 6.080e+003
 8.380e+003 2.930e+000 7.200e+001 4.898e+000 4.497e+001 2.286e+000-2.355e+001-1.549e+002 6.639e+003-4.394e+001-2.087e+002-2.679e+000 1.679e+002 6.207e+000-4.573e+001 6.780e+001-3.366e+003-1.052e+002 2.342e+003
 8.500e+003 2.930e+000 4.800e+001 3.003e+000 9.303e+000 1.930e-001-8.100e+000-8.399e+001 2.895e+003-2.003e+000-9.788e+001-6.165e-001 4.898e+001 2.485e+000-2.289e+001 1.542e+001-9.640e+002-4.099e+001 1.023e+003
 8.630e+003 2.930e+000 7.200e+001 3.652e+000 1.753e+001 1.195e+000-1.958e+001-9.499e+001 3.671e+003-2.730e+001 1.160e+002-9.482e-001 8.587e+001 4.135e+000-3.166e+001 3.339e+001-1.977e+003-7.631e+001 1.864e+003
 8.750e+003 2.930e+000 6.900e+001 2.188e+000 7.659e+000 3.022e-001-8.912e+000-5.552e+001 1.916e+003-6.773e+000-1.690e+001-3.475e-001 3.854e+001 2.193e+000-1.870e+001 1.089e+001-7.808e+002-3.660e+001 8.726e+002
 8.880e+003 2.930e+000 4.500e+001 1.778e+000-5.451e-002 1.846e-001-8.964e+000-4.403e+001 1.431e+003-6.835e+000 1.415e+002-7.592e-002 2.020e+001 1.339e+000-1.222e+001 6.529e+000-5.012e+002-2.287e+001 5.980e+002
 9.000e+003 2.930e+000 6.300e+001 2.246e+000-7.791e+000-2.473e-001-7.667e-001-5.156e+001 1.738e+003 3.372e+000-8.242e+001-1.044e-001 3.168e+001 1.961e+000-1.507e+001 9.238e+000-7.277e+002-3.420e+001 8.668e+002
 9.130e+003 2.930e+000 6.000e+001 1.819e+000 1.312e+000 1.281e-001-8.605e+000-4.293e+001 1.300e+003-4.573e+000 1.197e+002-3.470e-002 1.744e+001 1.275e+000-1.122e+001 5.574e+000-4.212e+002-2.062e+001 5.384e+002
 9.250e+003 2.930e+000 4.800e+001 1.155e+000-1.335e+000 8.104e-002-7.179e+000-2.134e+001 6.273e+002-1.211e+000 6.129e+001 3.367e-001 7.083e+000 1.104e+000-9.800e+000-1.102e+000-2.085e+002-1.756e+001 4.373e+002
 9.380e+003 2.930e+000 6.000e+001 1.331e+000-4.085e+000-1.196e-001-3.419e+000-2.785e+001 8.276e+002 2.598e+000-1.646e+001 1.274e-001 1.080e+001 1.026e+000-9.295e+000 3.731e-001-2.237e+002-1.617e+001 4.147e+002
 9.500e+003 2.930e+000 5.700e+001 1.571e+000 3.795e-001 1.082e-001-1.212e+001-2.989e+001 8.032e+002-3.970e+000 1.614e+002 5.136e-001 5.906e+000 1.558e+000-1.539e+001-2.703e+000-2.555e+002-2.541e+001 6.738e+002
 9.630e+003 2.930e+000 4.500e+001 9.904e-001-1.494e+000 6.068e-003-4.616e+000-1.829e+001 5.109e+002-8.741e-001 5.199e+001 2.328e-001 5.197e+000 7.705e-001-6.627e+000-1.811e+000-1.639e+002-1.428e+001 3.898e+002
 9.750e+003 2.930e+000 6.000e+001 1.473e+000-3.027e+000-5.564e-002-1.205e+001-2.346e+001 5.786e+002 3.119e+000 6.706e+001 8.384e-001-7.233e-001 1.599e+000-1.697e+001-1.062e+001-2.512e+001-2.392e+001 6.156e+002
 9.880e+003 2.930e+000 6.600e+001 2.441e+000-4.475e+000 8.222e-003-2.631e+001-3.596e+001 7.040e+002 3.892e+000 2.348e+002 1.859e+000-1.637e+001 2.661e+000-2.991e+001-2.837e+001 2.495e+002-4.435e+001 1.164e+003
 1.000e+004 2.930e+000 3.240e+002 1.986e+001-7.505e+001 3.518e+000-1.999e+002-3.716e+002 8.096e+003-1.715e+001 2.791e+003 1.198e+001-1.883e+002 1.397e+001-1.352e+002-1.490e+002 2.596e+003-2.403e+002 5.897e+003
 1.130e+004 2.930e+000 5.730e+002 1.483e+001-5.093e+001 9.129e-002-8.250e+001-2.455e+002 5.390e+003-1.142e+001 1.194e+003 5.264e+000-1.857e+001 8.614e+000-8.742e+001-4.821e+001-5.315e+002-1.374e+002 3.690e+003
 1.250e+004 2.930e+000 5.760e+002 3.793e+001-1.744e+002 1.336e+001-4.838e+002-7.671e+002 1.735e+004-2.543e+002 1.000e+004 1.160e+001-2.565e+002 1.383e+001-1.697e+002-5.057e+001 2.319e+003-2.859e+002 8.754e+003
 1.380e+004 2.930e+000 6.030e+002 2.995e+001 5.995e+001 2.410e+001-7.588e+002-5.570e+002 1.167e+004-5.703e+002 1.635e+004 2.213e+001-2.951e+002 4.851e+001-3.169e+002-3.707e+002 3.570e+003-1.180e+003 3.146e+004
 1.500e+004 2.930e+000 5.730e+002 1.178e+001-2.196e+001 1.354e+000-6.451e+001-1.626e+002 2.840e+003-2.893e+001 8.273e+002 4.463e+000-2.905e+001 6.152e+000-5.147e+001-6.155e+001 2.491e+002-1.003e+002 2.417e+003
 1.630e+004 2.930e+000 6.420e+002 6.815e+002-1.479e+003 1.129e+002-3.336e+003-1.110e+004 1.849e+005-1.480e+003 4.662e+004 1.829e+002-3.166e+003 7.834e+001-3.516e+002-3.710e+003 6.639e+004-1.766e+003 4.216e+004
 1.750e+004 2.930e+000 5.610e+002 3.128e+001-5.950e+001 7.032e+000-2.418e+002-4.277e+002 6.196e+003-6.687e+001 2.577e+003 1.949e+001-2.732e+002 1.602e+001-6.739e+001-4.154e+002 6.070e+003-3.522e+002 8.440e+003
 1.880e+004 2.930e+000 4.680e+002 4.660e+000-1.915e+001 1.366e-001-1.901e+001-4.735e+001 7.127e+002 1.475e+000 6.321e+001 1.559e+000-8.487e+000 1.765e+000-1.514e+001-2.598e+001 1.988e+002-2.503e+001 6.371e+002
 2.000e+004 2.930e+000 5.250e+002 1.367e+001-9.566e+001 2.393e+000 2.152e+001-2.397e+002 6.568e+003-2.245e+002 5.050e+002-4.035e+000 2.029e+002 3.095e+001-2.870e+002 1.301e+001-3.960e+003-4.184e+002 8.855e+003
 2.130e+004 2.930e+000 4.530e+002 7.627e+000-1.108e+001 1.492e+000-7.141e+001-6.458e+001 1.000e+003-1.667e+001 1.874e+002 6.558e+000-2.238e+001 1.031e+001-8.892e+001-1.047e+002 4.549e+002-1.539e+002 3.316e+003
 2.250e+004 2.930e+000 4.110e+002 1.204e+001-4.351e+001 2.401e+000-6.342e+001-1.569e+002 2.324e+003-1.414e+001 4.110e+002 5.589e+000-7.715e+001 3.940e+000-1.095e+001-1.165e+002 1.717e+003-7.601e+001 1.690e+003
 2.380e+004 2.930e+000 5.970e+002 1.971e+002-1.625e+003-9.989e+001 2.266e+003-1.818e+003 3.058e+004 1.063e+003-2.655e+004 2.137e+001 6.518e+002 5.915e+001-1.630e+002-7.560e+002-1.230e+004-1.349e+003 3.154e+004
 2.500e+004 2.930e+000 5.430e+002 2.084e+001-9.138e+001-1.776e-002-1.641e+002-7.867e+001 8.637e+002 8.286e+001-7.295e+002 1.949e+001-5.326e+001 2.200e+001-1.915e+002-2.699e+002 1.353e+003-3.154e+002 6.370e+003
 2.630e+004 2.930e+000 3.720e+002 1.317e+001-5.452e+001 3.154e+000-6.537e+001-1.749e+002 2.988e+003-2.256e+001 5.242e+002 4.836e+000-7.337e+001 3.269e+000-8.711e+000-8.284e+001 1.356e+003-5.368e+001 1.022e+003
 2.750e+004 2.930e+000 4.080e+002 6.281e+000-2.366e+001 1.603e+000-3.069e+001-7.915e+001 1.175e+003-1.452e+001 2.527e+002 2.029e+000-2.708e+001 1.818e+000-5.345e+000-3.320e+001 4.826e+002-2.615e+001 4.815e+002
 2.880e+004 2.930e+000 3.090e+002 1.600e+000-6.401e+000 3.622e-001-9.504e+000-1.612e+001 2.351e+002-1.892e+000 4.765e+001 7.018e-001-6.098e+000 8.899e-001-4.718e+000-9.356e+000 1.059e+002-1.099e+001 2.019e+002
 3.000e+004 2.930e+000 3.870e+002 7.250e+000-2.687e+001 2.152e+000-3.805e+001-9.358e+001 1.360e+003-2.151e+001 3.774e+002 2.158e+000-3.371e+001 1.829e+000-2.440e+000-3.450e+001 5.647e+002-2.679e+001 4.617e+002
 3.130e+004 2.930e+000 4.920e+002 2.199e+001-2.784e+002-9.171e+000 2.044e+002-3.035e+002 7.854e+003-8.287e+001 1.134e+003-1.582e+001 3.455e+002 1.730e+001-2.434e+001 3.005e+002-6.941e+003-3.356e+002 6.641e+003
 3.250e+004 2.930e+000 5.430e+002 3.388e+001-4.300e+002-1.376e+001 3.160e+002-4.731e+002 1.239e+004-1.295e+002 1.792e+003-2.317e+001 5.247e+002 2.673e+001-3.687e+001 4.495e+002-1.079e+004-5.312e+002 1.071e+004
 3.380e+004 2.930e+000 4.080e+002 3.181e+000-1.167e+001 8.511e-001-1.160e+001-3.830e+001 5.361e+002-8.465e+000 1.160e+002 8.321e-001-1.236e+001 8.192e-001-7.941e-001-1.095e+001 1.656e+002-9.697e+000 1.452e+002
 3.500e+004 2.930e+000 2.190e+002 1.596e-001-6.178e-001 3.032e-002-5.392e-001-9.228e-001 1.447e+001-1.300e-001 1.672e+000 4.392e-002 7.317e-002 1.869e-001-5.629e-001-3.003e-001-1.336e+000-1.468e+000 2.159e+001
 3.630e+004 2.930e+000 3.030e+002 1.324e+000-4.496e+000 3.324e-001-4.061e+000-1.518e+001 2.067e+002-3.081e+000 3.765e+001 3.365e-001-4.605e+000 3.457e-001-4.357e-001-3.880e+000 5.543e+001-3.098e+000 4.208e+001
 3.750e+004 2.930e+000 2.970e+002 1.789e+000-6.614e+000 4.796e-001-4.607e+000-2.094e+001 2.841e+002-4.615e+000 4.679e+001 3.657e-001-5.750e+000 3.534e-001-1.733e-001-3.278e+000 5.214e+001-2.868e+000 3.297e+001
 3.880e+004 2.930e+000 4.380e+002 9.468e-001-5.358e+000 3.235e-001-4.082e+000-1.396e+001 2.694e+002-7.202e+000 1.048e+002-2.376e-001 2.634e+000 3.946e-001-7.057e-001 4.749e+000-6.291e+001-4.564e+000 7.876e+001
 4.000e+004 2.930e+000 6.480e+002 6.442e+001-4.709e+002 2.494e+001-4.121e+002-1.187e+003 2.541e+004-6.801e+002 1.235e+004-2.973e+001 3.689e+002 2.389e+001-5.785e+001 6.418e+002-8.871e+003-4.623e+002 9.164e+003
 4.130e+004 2.930e+000 5.370e+002 1.203e+000-6.988e+000 4.332e-001-5.932e+000-1.798e+001 3.428e+002-9.711e+000 1.500e+002-4.174e-001 4.695e+000 4.861e-001-8.141e-001 8.105e+000-9.950e+001-6.224e+000 1.103e+002
 4.250e+004 2.930e+000 4.980e+002 1.120e+000-5.163e+000 3.290e-001-3.607e+000-1.422e+001 2.275e+002-5.557e+000 7.035e+001-1.709e-001 1.223e+000 2.956e-001-4.600e-001 3.520e+000-3.456e+001-2.694e+000 4.427e+001
 4.380e+004 2.930e+000 5.550e+002 1.039e+000-4.904e+000 3.638e-001-4.609e+000-1.326e+001 2.169e+002-6.399e+000 9.066e+001-2.422e-001 1.978e+000 3.380e-001-4.749e-001 4.606e+000-4.213e+001-3.473e+000 5.883e+001
 4.500e+004 2.930e+000 5.430e+002 1.194e+000-6.126e+000 4.338e-001-6.579e+000-1.528e+001 2.474e+002-7.642e+000 1.211e+002-3.318e-001 2.414e+000 3.828e-001-3.463e-001 5.841e+000-4.526e+001-4.414e+000 7.654e+001
 4.630e+004 2.930e+000 6.330e+002 3.868e+000-2.124e+001 1.289e+000-2.101e+001-5.101e+001 8.180e+002-2.314e+001 3.911e+002-9.834e-001 6.378e+000 8.316e-001-8.584e-001 1.858e+001-1.340e+002-1.235e+001 2.205e+002
 4.750e+004 2.930e+000 6.480e+002 2.743e+002-1.706e+003 8.719e+001-1.591e+003-3.828e+003 6.408e+004-1.692e+003 3.133e+004-7.630e+001 5.232e+002 4.911e+001-2.297e+001 1.465e+003-1.055e+004-9.140e+002 1.707e+004
 4.880e+004 2.930e+000 6.240e+002 1.223e+002-7.707e+002 3.765e+001-6.772e+002-1.697e+003 2.844e+004-7.414e+002 1.351e+004-3.464e+001 2.439e+002 2.154e+001-8.327e+000 6.501e+002-4.759e+003-3.932e+002 7.225e+003
 5.000e+004 2.930e+000 5.460e+002 1.007e+000-5.236e+000 2.794e-001-3.801e+000-1.161e+001 1.765e+002-4.753e+000 6.700e+001-2.521e-001 1.775e+000 2.401e-001-2.151e-002 3.546e+000-2.363e+001-2.185e+000 3.446e+001
 5.130e+004 2.930e+000 3.840e+002 2.611e-001-1.079e+000 6.883e-002-7.402e-001-2.577e+000 3.654e+001-1.010e+000 1.176e+001-5.156e-002 3.282e-001 8.639e-002-6.034e-003 6.401e-001-4.161e+000-4.115e-001 6.703e+000
 5.250e+004 2.930e+000 2.730e+002 1.405e-001-5.443e-001 3.823e-002-3.194e-001-1.306e+000 1.848e+001-5.685e-001 5.066e+000-3.144e-002 2.049e-001 5.709e-002-1.811e-002 3.289e-001-2.193e+000-2.350e-001 3.694e+000
 5.380e+004 2.930e+000 3.750e+002 7.827e-001-5.572e+000 2.163e-002-2.127e+000-5.666e+000 9.231e+001 5.380e-001 4.780e+000 1.051e-001-2.713e-001 1.359e-001-6.793e-001-1.200e+000 1.774e+001-9.853e-001 2.075e+001
 5.500e+004 2.930e+000 5.820e+002 1.234e+001-8.227e+001 4.390e+000-6.556e+001-1.638e+002 2.741e+003-9.077e+001 1.499e+003-4.802e+000 3.473e+001 3.526e+000-7.610e+000 9.291e+001-8.016e+002-5.996e+001 1.063e+003
 5.630e+004 2.930e+000 6.060e+002 6.145e+001-4.068e+002 2.282e+001-3.484e+002-8.236e+002 1.375e+004-4.692e+002 7.863e+003-2.460e+001 1.789e+002 1.843e+001-3.929e+001 4.811e+002-4.147e+003-3.225e+002 5.757e+003
 5.750e+004 2.930e+000 3.750e+002 3.554e-001-1.863e+000 1.339e-001-1.590e+000-3.746e+000 5.604e+001-2.200e+000 3.002e+001-1.208e-001 6.919e-001 1.405e-001-2.512e-001 2.023e+000-1.427e+001-1.452e+000 2.379e+001
 5.880e+004 2.930e+000 1.680e+002 4.669e-002-1.575e-001 1.419e-002-1.040e-001-3.764e-001 4.710e+000-1.605e-001 1.435e+000-1.061e-002 4.442e-002 2.368e-002-1.856e-002 1.210e-001-7.914e-001-8.345e-002 1.493e+000
 6.000e+004 2.930e+000 8.400e+001 1.965e-002-6.560e-002 6.478e-003-3.474e-002-1.249e-001 1.601e+000-5.967e-002 3.444e-001-2.269e-003 6.871e-003 1.085e-002-1.440e-002 2.851e-002-1.145e-001-4.366e-002 5.159e-001
 6.130e+004 2.930e+000 6.600e+001 1.395e-002-3.913e-002 6.110e-003-3.727e-002-8.676e-002 1.147e+000-4.699e-002 3.622e-001-1.287e-003-9.099e-003 7.486e-003-1.106e-002 2.048e-002 2.756e-002-3.596e-002 4.737e-001
 6.250e+004 2.930e+000 2.490e+002 1.574e-001-5.422e-001 7.592e-002-1.016e+000-1.209e+000 1.340e+001-6.689e-001 1.042e+001-1.348e-002-1.562e-001 6.354e-002-1.661e-001 4.617e-001-8.232e-002-6.074e-001 1.034e+001
 6.380e+004 2.930e+000 6.000e+002 2.711e+001-1.307e+002 1.528e+001-2.678e+002-2.776e+002 3.486e+003-1.656e+002 3.149e+003-1.817e+000-5.500e+001 8.822e+000-2.890e+001 8.285e+001 4.423e+002-1.571e+002 2.914e+003
 6.500e+004 2.930e+000 3.240e+002 4.367e-001-1.872e+000 2.159e-001-3.357e+000-3.765e+000 4.393e+001-2.032e+000 3.512e+001-2.116e-002-7.471e-001 1.377e-001-3.421e-001 1.014e+000 5.846e+000-1.813e+000 3.177e+001
 6.630e+004 2.930e+000 9.900e+001 3.985e-002-1.745e-001 1.515e-002-1.698e-001-2.513e-001 3.071e+000-1.237e-001 1.562e+000-3.617e-003-3.971e-002 1.332e-002-7.404e-003 5.699e-002 3.646e-001-8.450e-002 1.328e+000
 6.750e+004 2.930e+000 4.800e+001 9.085e-003-2.543e-002 3.649e-003-1.245e-002-5.866e-002 5.819e-001-2.347e-002 1.262e-001 4.114e-004-1.336e-002 4.195e-003-4.841e-003 6.492e-003 0.000e+000-8.072e-003 1.010e-001
 6.880e+004 2.930e+000 3.900e+001 7.270e-003-2.474e-002 1.542e-003-2.410e-003-3.274e-002 3.746e-001-1.136e-002 2.502e-002-2.910e-004-1.779e-003 2.674e-003-4.403e-004 7.002e-004 0.000e+000-1.928e-003 2.502e-002
 7.000e+004 2.930e+000 1.050e+002 3.204e-002-1.497e-001 9.006e-003-5.872e-002-1.869e-001 2.265e+000-6.245e-002 5.109e-001-1.026e-003-3.407e-002 7.912e-003-2.639e-003 1.990e-002 1.215e-001-1.723e-002 3.894e-001
 7.130e+004 2.930e+000 4.230e+002 2.217e+000-1.539e+001 7.031e-001-1.220e+001-1.819e+001 2.612e+002-7.619e+000 1.397e+002-2.567e-001-2.803e+000 2.797e-001-3.092e-001 5.408e+000 4.094e+001-4.601e+000 8.485e+001
 7.250e+004 2.930e+000 4.350e+002 1.296e+000-8.814e+000 3.926e-001-6.540e+000-1.016e+001 1.445e+002-4.201e+000 7.398e+001-1.560e-001-1.450e+000 1.642e-001-1.497e-001 3.099e+000 2.072e+001-2.442e+000 4.429e+001
 7.380e+004 2.930e+000 7.200e+001 2.287e-002-1.186e-001 3.293e-003-3.268e-002-1.367e-001 1.728e+000-3.201e-002 3.736e-001-1.992e-003-6.148e-003 3.984e-003 8.465e-004 2.130e-002 2.334e-002-9.889e-003 2.802e-001
 7.500e+004 2.930e+000 6.000e+000 4.497e-004-3.232e-003 8.008e-005 0.000e+000-7.648e-004 4.598e-002-1.334e-003 0.000e+000-1.361e-004-1.518e-004 1.883e-004 0.000e+000 0.000e+000 0.000e+000 0.000e+000 0.000e+000
 7.630e+004 2.930e+000 3.000e+000 1.276e-003-1.738e-003 6.065e-004-4.445e-003-7.153e-003 4.513e-002-3.142e-003 2.257e-002 2.917e-004-2.798e-003 4.078e-004 1.721e-004-2.707e-003 2.257e-002-2.970e-003 2.257e-002
 7.750e+004 2.930e+000 1.200e+001 1.199e-003-6.304e-003 8.564e-004 0.000e+000-3.471e-003 8.802e-002-4.689e-003 0.000e+000 5.334e-005-4.587e-003 1.283e-003 0.000e+000 0.000e+000 0.000e+000 0.000e+000 0.000e+000
 7.880e+004 2.930e+000 4.800e+001 2.396e-002-1.461e-001 7.700e-003-8.149e-002-1.707e-001 2.423e+000-7.947e-002 8.653e-001-4.695e-003-2.316e-002 6.413e-003-5.837e-003 4.091e-002 3.028e-001-4.830e-002 6.273e-001
 8.000e+004 2.930e+000 3.060e+002 5.999e-001-4.195e+000 2.754e-001-3.500e+000-4.432e+000 6.476e+001-2.826e+000 3.968e+001-1.076e-001-1.189e+000 1.676e-001-2.590e-001 1.858e+000 1.177e+001-2.086e+000 2.980e+001
 8.130e+004 2.930e+000 4.500e+001 2.340e-002-1.102e-001 3.474e-003-3.381e-002-1.619e-001 1.975e+000-2.598e-002 2.124e-001-2.590e-003-1.214e-002 5.197e-003-8.044e-003 2.221e-003 3.399e-001-3.314e-002 5.310e-001
 8.250e+004 2.930e+000 3.000e+000 8.972e-005-1.090e-003 4.615e-005 0.000e+000-6.101e-004 2.086e-002-1.268e-004 0.000e+000-1.384e-005-7.946e-004 9.314e-005 0.000e+000 0.000e+000 0.000e+000 0.000e+000 0.000e+000
 8.380e+004 2.930e+000 6.000e+000 3.578e-004-2.338e-003 1.833e-004-1.816e-003-2.412e-003 4.095e-002-1.689e-003 2.042e-002-3.987e-005-5.472e-004 2.314e-004-5.472e-004 1.254e-003 0.000e+000-1.689e-003 2.042e-002
 8.500e+004 2.930e+000 0.000e+000 0.000e+000 0.000e+000 0.000e+000 0.000e+000 0.000e+000 0.000e+000 0.000e+000 0.000e+000 0.000e+000 0.000e+000 0.000e+000 0.000e+000 0.000e+000 0.000e+000 0.000e+000 0.000e+000
 8.630e+004 2.930e+000 3.000e+000 1.480e-004-1.510e-003-2.907e-005 0.000e+000-2.507e-004 1.979e-002-3.339e-004 0.000e+000-3.100e-005 4.365e-004 1.526e-005 0.000e+000 0.000e+000 0.000e+000 0.000e+000 0.000e+000
 8.750e+004 2.930e+000 2.430e+002 2.632e-001-1.769e+000 1.110e-001-1.430e+000-1.475e+000 2.292e+001-4.387e-001 8.809e+000 8.040e-003-9.062e-001 8.382e-002-3.040e-001 1.542e-001 1.084e+001-8.852e-001 1.274e+001
 8.880e+004 2.930e+000 1.590e+002 1.542e-001-1.012e+000 5.769e-002-7.952e-001-8.901e-001 1.352e+001-2.047e-001 4.349e+000 6.827e-003-4.872e-001 4.726e-002-1.681e-001 2.937e-002 6.304e+000-5.078e-001 7.526e+000
 9.000e+004 2.930e+000 1.200e+001 4.663e-004 0.000e+000 9.360e-005-6.463e-004 0.000e+000 0.000e+000 0.000e+000 0.000e+000 2.841e-004 0.000e+000 8.385e-004-2.043e-003-3.475e-003 0.000e+000-5.910e-003 7.624e-002
 9.130e+004 2.930e+000 1.800e+001 8.533e-004-7.666e-004-5.630e-005-2.004e-003-2.705e-003 1.885e-002 3.373e-004 0.000e+000 3.497e-004-4.070e-004 1.038e-003-5.787e-003-1.749e-003 0.000e+000-6.159e-003 9.374e-002
 9.250e+004 2.930e+000 3.000e+001 6.170e-004-6.352e-004 7.254e-006-1.677e-003-8.091e-004 1.844e-002 0.000e+000 0.000e+000 2.035e-004 0.000e+000 1.906e-003-8.556e-003-1.303e-003 0.000e+000-1.256e-002 1.667e-001
 9.380e+004 2.930e+000 1.500e+001 6.268e-004-3.184e-003 1.200e-004-8.774e-004-7.174e-004 3.647e-002 3.376e-004 0.000e+000 2.636e-004-3.908e-004 8.142e-004-1.748e-003-1.918e-003 0.000e+000-5.992e-003 7.339e-002
 9.500e+004 2.930e+000 1.140e+002 6.987e-002-3.986e-001 3.732e-003-1.012e-001-4.343e-001 5.936e+000 1.539e-002 2.163e-001 1.290e-003-5.549e-002 9.049e-003-3.859e-002-6.771e-002 1.439e+000-5.957e-002 1.188e+000
 9.630e+004 2.930e+000 0.000e+000 0.000e+000 0.000e+000 0.000e+000 0.000e+000 0.000e+000 0.000e+000 0.000e+000 0.000e+000 0.000e+000 0.000e+000 0.000e+000 0.000e+000 0.000e+000 0.000e+000 0.000e+000 0.000e+000
 9.750e+004 2.930e+000 0.000e+000 0.000e+000 0.000e+000 0.000e+000 0.000e+000 0.000e+000 0.000e+000 0.000e+000 0.000e+000 0.000e+000 0.000e+000 0.000e+000 0.000e+000 0.000e+000 0.000e+000 0.000e+000 0.000e+000
 9.880e+004 2.930e+000 0.000e+000 0.000e+000 0.000e+000 0.000e+000 0.000e+000 0.000e+000 0.000e+000 0.000e+000 0.000e+000 0.000e+000 0.000e+000 0.000e+000 0.000e+000 0.000e+000 0.000e+000 0.000e+000 0.000e+000
 1.000e+005 2.930e+000 0.000e+000 0.000e+000 0.000e+000 0.000e+000 0.000e+000 0.000e+000 0.000e+000 0.000e+000 0.000e+000 0.000e+000 0.000e+000 0.000e+000 0.000e+000 0.000e+000 0.000e+000 0.000e+000 0.000e+000
