 6.250e+000 2.930e+000 0.000e+000 0.000e+000 0.000e+000 0.000e+000 0.000e+000 0.000e+000 0.000e+000 0.000e+000 0.000e+000 0.000e+000 0.000e+000 0.000e+000 0.000e+000 0.000e+000 0.000e+000 0.000e+000 0.000e+000
 7.500e+000 2.930e+000 0.000e+000 0.000e+000 0.000e+000 0.000e+000 0.000e+000 0.000e+000 0.000e+000 0.000e+000 0.000e+000 0.000e+000 0.000e+000 0.000e+000 0.000e+000 0.000e+000 0.000e+000 0.000e+000 0.000e+000
 8.750e+000 2.930e+000 0.000e+000 0.000e+000 0.000e+000 0.000e+000 0.000e+000 0.000e+000 0.000e+000 0.000e+000 0.000e+000 0.000e+000 0.000e+000 0.000e+000 0.000e+000 0.000e+000 0.000e+000 0.000e+000 0.000e+000
 1.000e+001 2.930e+000 0.000e+000 0.000e+000 0.000e+000 0.000e+000 0.000e+000 0.000e+000 0.000e+000 0.000e+000 0.000e+000 0.000e+000 0.000e+000 0.000e+000 0.000e+000 0.000e+000 0.000e+000 0.000e+000 0.000e+000
 1.130e+001 2.930e+000 2.400e+001 4.207e+001-2.112e+002 9.440e-001 6.316e+001-1.270e+003 3.079e+005-6.155e+001-5.930e+003-2.881e+001 7.504e+002 1.148e+002-2.666e+002-2.148e+002-1.323e+004 3.306e+002 7.011e+004
 1.250e+001 2.930e+000 0.000e+000 0.000e+000 0.000e+000 0.000e+000 0.000e+000 0.000e+000 0.000e+000 0.000e+000 0.000e+000 0.000e+000 0.000e+000 0.000e+000 0.000e+000 0.000e+000 0.000e+000 0.000e+000 0.000e+000
 1.380e+001 2.930e+000 0.000e+000 0.000e+000 0.000e+000 0.000e+000 0.000e+000 0.000e+000 0.000e+000 0.000e+000 0.000e+000 0.000e+000 0.000e+000 0.000e+000 0.000e+000 0.000e+000 0.000e+000 0.000e+000 0.000e+000
 1.500e+001 2.930e+000 2.400e+001 4.540e+001-2.931e+002 3.362e+001-1.516e+002-1.808e+002 8.975e+004 2.256e+002-1.046e+004-1.876e+001 9.972e+001 1.680e+002-4.163e+002 1.327e+001-1.807e+004-1.619e+002 5.239e+004
 1.630e+001 2.930e+000 0.000e+000 0.000e+000 0.000e+000 0.000e+000 0.000e+000 0.000e+000 0.000e+000 0.000e+000 0.000e+000 0.000e+000 0.000e+000 0.000e+000 0.000e+000 0.000e+000 0.000e+000 0.000e+000 0.000e+000
 1.750e+001 2.930e+000 2.400e+001 2.984e+001 4.045e+000 3.022e-001 3.118e+001-3.791e+002 5.315e+004 8.685e+002-1.215e+003-1.478e+001 2.227e+001 8.307e+001-2.950e+002-1.659e+002-2.893e+003-2.777e+002 3.469e+004
 1.880e+001 2.930e+000 0.000e+000 0.000e+000 0.000e+000 0.000e+000 0.000e+000 0.000e+000 0.000e+000 0.000e+000 0.000e+000 0.000e+000 0.000e+000 0.000e+000 0.000e+000 0.000e+000 0.000e+000 0.000e+000 0.000e+000
 2.000e+001 2.930e+000 2.400e+001 2.367e+001-1.253e+002 6.964e+000 1.572e+001-3.624e+002 4.582e+004-6.444e+001-7.712e+003-1.526e+001 4.148e+002 7.853e+001-5.301e+002-2.903e+001-6.764e+003-1.639e+002 2.096e+004
 2.130e+001 2.930e+000 0.000e+000 0.000e+000 0.000e+000 0.000e+000 0.000e+000 0.000e+000 0.000e+000 0.000e+000 0.000e+000 0.000e+000 0.000e+000 0.000e+000 0.000e+000 0.000e+000 0.000e+000 0.000e+000 0.000e+000
 2.250e+001 2.930e+000 0.000e+000 0.000e+000 0.000e+000 0.000e+000 0.000e+000 0.000e+000 0.000e+000 0.000e+000 0.000e+000 0.000e+000 0.000e+000 0.000e+000 0.000e+000 0.000e+000 0.000e+000 0.000e+000 0.000e+000
 2.380e+001 2.930e+000 2.400e+001 2.049e+001-8.268e+001 1.924e+000-4.327e+001-1.953e+002 2.594e+004-6.544e+001 5.048e+002-6.054e+000 1.654e+002 4.283e+001-2.686e+002-4.324e+001-1.044e+003-1.856e+002 1.158e+004
 2.500e+001 2.930e+000 0.000e+000 0.000e+000 0.000e+000 0.000e+000 0.000e+000 0.000e+000 0.000e+000 0.000e+000 0.000e+000 0.000e+000 0.000e+000 0.000e+000 0.000e+000 0.000e+000 0.000e+000 0.000e+000 0.000e+000
 2.630e+001 2.930e+000 2.400e+001 3.271e+001-1.381e+002 8.088e+000-6.004e+001-2.357e+002 2.649e+004-3.277e+001-4.562e+003-7.244e+000 1.836e+002 4.792e+001-3.306e+002 3.243e+001-3.437e+003-1.753e+002 1.175e+004
 2.750e+001 2.930e+000 0.000e+000 0.000e+000 0.000e+000 0.000e+000 0.000e+000 0.000e+000 0.000e+000 0.000e+000 0.000e+000 0.000e+000 0.000e+000 0.000e+000 0.000e+000 0.000e+000 0.000e+000 0.000e+000 0.000e+000
 2.880e+001 2.930e+000 2.400e+001 3.136e+001-7.404e+001 5.065e+000 6.083e+001-1.030e+002 1.343e+004 1.589e+002-4.488e+003-1.082e+001 3.184e+002 5.659e+001-3.154e+002-9.071e+001-1.989e+003-1.871e+002 8.947e+003
 3.000e+001 2.930e+000 0.000e+000 0.000e+000 0.000e+000 0.000e+000 0.000e+000 0.000e+000 0.000e+000 0.000e+000 0.000e+000 0.000e+000 0.000e+000 0.000e+000 0.000e+000 0.000e+000 0.000e+000 0.000e+000 0.000e+000
 3.130e+001 2.930e+000 0.000e+000 0.000e+000 0.000e+000 0.000e+000 0.000e+000 0.000e+000 0.000e+000 0.000e+000 0.000e+000 0.000e+000 0.000e+000 0.000e+000 0.000e+000 0.000e+000 0.000e+000 0.000e+000 0.000e+000
 3.250e+001 2.930e+000 2.400e+001 3.761e+001-1.198e+002 2.009e+000 4.597e+001-1.649e+002 1.627e+004 2.138e+001-3.840e+002-1.327e+001-1.267e+000 4.516e+001-3.573e+002-2.196e+001 8.017e+002-1.690e+002 7.484e+003
 3.380e+001 2.930e+000 0.000e+000 0.000e+000 0.000e+000 0.000e+000 0.000e+000 0.000e+000 0.000e+000 0.000e+000 0.000e+000 0.000e+000 0.000e+000 0.000e+000 0.000e+000 0.000e+000 0.000e+000 0.000e+000 0.000e+000
 3.500e+001 2.930e+000 2.100e+001 4.589e+001 6.415e+001 2.025e+000 3.382e+001-2.740e+002 8.316e+003 1.108e+002-2.437e+002-1.213e+001 3.845e+001 5.190e+001-2.605e+002-8.635e+001 7.137e+002-1.143e+002 3.234e+003
 3.630e+001 2.930e+000 0.000e+000 0.000e+000 0.000e+000 0.000e+000 0.000e+000 0.000e+000 0.000e+000 0.000e+000 0.000e+000 0.000e+000 0.000e+000 0.000e+000 0.000e+000 0.000e+000 0.000e+000 0.000e+000 0.000e+000
 3.750e+001 2.930e+000 2.400e+001 5.207e+001-1.226e+002 1.649e+001-5.748e+001-2.094e+002 1.010e+004 5.551e+001-2.007e+003-1.882e+001 1.808e+002 6.087e+001-2.648e+002 5.234e+000-3.803e+002-2.200e+002 5.518e+003
 3.880e+001 2.930e+000 0.000e+000 0.000e+000 0.000e+000 0.000e+000 0.000e+000 0.000e+000 0.000e+000 0.000e+000 0.000e+000 0.000e+000 0.000e+000 0.000e+000 0.000e+000 0.000e+000 0.000e+000 0.000e+000 0.000e+000
 4.000e+001 2.930e+000 0.000e+000 0.000e+000 0.000e+000 0.000e+000 0.000e+000 0.000e+000 0.000e+000 0.000e+000 0.000e+000 0.000e+000 0.000e+000 0.000e+000 0.000e+000 0.000e+000 0.000e+000 0.000e+000 0.000e+000
 4.130e+001 2.930e+000 2.400e+001 2.010e+002 2.673e+002 4.870e+001-3.004e+001-1.030e+002 1.021e+004 7.622e+001-7.294e+001-4.525e+001 1.137e+002 5.580e+001-1.306e+002-2.551e+002-9.499e+002-8.938e+001 3.738e+003
 4.250e+001 2.930e+000 0.000e+000 0.000e+000 0.000e+000 0.000e+000 0.000e+000 0.000e+000 0.000e+000 0.000e+000 0.000e+000 0.000e+000 0.000e+000 0.000e+000 0.000e+000 0.000e+000 0.000e+000 0.000e+000 0.000e+000
 4.380e+001 2.930e+000 1.800e+001 3.727e+002 3.995e+002 6.130e+001-3.990e+002 1.079e+002 1.662e+004 4.498e+002-6.993e+002-6.976e+001-9.440e+000 5.314e+001 1.041e+002-8.023e+002 4.332e+001-3.351e+001 4.820e+003
 4.500e+001 2.930e+000 0.000e+000 0.000e+000 0.000e+000 0.000e+000 0.000e+000 0.000e+000 0.000e+000 0.000e+000 0.000e+000 0.000e+000 0.000e+000 0.000e+000 0.000e+000 0.000e+000 0.000e+000 0.000e+000 0.000e+000
 4.630e+001 2.930e+000 2.400e+001 5.866e+002-6.768e+002 5.567e+001 2.513e+002-2.703e+003 2.867e+004-2.299e+002-3.245e+003-1.059e+002 3.315e+002 3.527e+001 3.424e+000-9.126e+002 4.233e+003 1.642e+002 2.699e+003
 4.750e+001 2.930e+000 0.000e+000 0.000e+000 0.000e+000 0.000e+000 0.000e+000 0.000e+000 0.000e+000 0.000e+000 0.000e+000 0.000e+000 0.000e+000 0.000e+000 0.000e+000 0.000e+000 0.000e+000 0.000e+000 0.000e+000
 4.880e+001 2.930e+000 0.000e+000 0.000e+000 0.000e+000 0.000e+000 0.000e+000 0.000e+000 0.000e+000 0.000e+000 0.000e+000 0.000e+000 0.000e+000 0.000e+000 0.000e+000 0.000e+000 0.000e+000 0.000e+000 0.000e+000
 5.000e+001 2.930e+000 2.400e+001 2.313e+005-5.510e+005 1.463e+004-4.553e+004-8.836e+005 4.699e+006-1.172e+005-4.781e+005-2.563e+004 6.316e+004 3.782e+003 2.238e+004-2.738e+005 1.154e+006 2.744e+004 3.343e+005
 5.130e+001 2.930e+000 0.000e+000 0.000e+000 0.000e+000 0.000e+000 0.000e+000 0.000e+000 0.000e+000 0.000e+000 0.000e+000 0.000e+000 0.000e+000 0.000e+000 0.000e+000 0.000e+000 0.000e+000 0.000e+000 0.000e+000
 5.250e+001 2.930e+000 2.400e+001 6.047e+002 1.935e+002 4.551e+001 1.216e+002-3.014e+003 2.555e+004-8.217e+001-1.490e+003-7.015e+001 3.267e+002 1.802e+001 6.036e+001-1.126e+003 4.466e+003 1.191e+002 3.360e+003
 5.380e+001 2.930e+000 0.000e+000 0.000e+000 0.000e+000 0.000e+000 0.000e+000 0.000e+000 0.000e+000 0.000e+000 0.000e+000 0.000e+000 0.000e+000 0.000e+000 0.000e+000 0.000e+000 0.000e+000 0.000e+000 0.000e+000
 5.500e+001 2.930e+000 0.000e+000 0.000e+000 0.000e+000 0.000e+000 0.000e+000 0.000e+000 0.000e+000 0.000e+000 0.000e+000 0.000e+000 0.000e+000 0.000e+000 0.000e+000 0.000e+000 0.000e+000 0.000e+000 0.000e+000
 5.630e+001 2.930e+000 2.400e+001 2.521e+002-8.985e+001 4.104e+001-2.682e+001-4.696e+002 8.392e+003 9.112e+001-1.925e+003-3.009e+001 6.267e+001 2.981e+001-4.473e+000-4.367e+002 5.729e+002-4.858e+001 2.748e+003
 5.750e+001 2.930e+000 0.000e+000 0.000e+000 0.000e+000 0.000e+000 0.000e+000 0.000e+000 0.000e+000 0.000e+000 0.000e+000 0.000e+000 0.000e+000 0.000e+000 0.000e+000 0.000e+000 0.000e+000 0.000e+000 0.000e+000
 5.880e+001 2.930e+000 2.400e+001 1.857e+002 3.153e+001 1.435e+001 3.699e+001-1.503e+002 3.980e+003 7.007e+001-1.590e+002-3.553e+001-9.762e+000 2.800e+001-7.894e+001-3.439e+002 3.342e+002 4.366e+000 2.301e+003
 6.000e+001 2.930e+000 0.000e+000 0.000e+000 0.000e+000 0.000e+000 0.000e+000 0.000e+000 0.000e+000 0.000e+000 0.000e+000 0.000e+000 0.000e+000 0.000e+000 0.000e+000 0.000e+000 0.000e+000 0.000e+000 0.000e+000
 6.130e+001 2.930e+000 2.100e+001 4.423e+001 6.875e+000-3.912e+000 2.900e+001-1.717e+002 2.501e+003 5.770e+001-2.940e+002-6.628e+000 4.762e+001 2.475e+001-1.324e+002-1.372e+002 2.752e+002-8.128e+001 1.863e+003
 6.250e+001 2.930e+000 0.000e+000 0.000e+000 0.000e+000 0.000e+000 0.000e+000 0.000e+000 0.000e+000 0.000e+000 0.000e+000 0.000e+000 0.000e+000 0.000e+000 0.000e+000 0.000e+000 0.000e+000 0.000e+000 0.000e+000
 6.380e+001 2.930e+000 0.000e+000 0.000e+000 0.000e+000 0.000e+000 0.000e+000 0.000e+000 0.000e+000 0.000e+000 0.000e+000 0.000e+000 0.000e+000 0.000e+000 0.000e+000 0.000e+000 0.000e+000 0.000e+000 0.000e+000
 6.500e+001 2.930e+000 2.400e+001 3.010e+001 8.323e+000 6.907e+000 1.445e+000-1.703e+002 3.358e+003 5.336e+001-9.241e+002-5.744e+000 5.949e+001 3.082e+001-1.571e+002-5.019e+000 2.722e+002-1.195e+002 2.030e+003
 6.630e+001 2.930e+000 0.000e+000 0.000e+000 0.000e+000 0.000e+000 0.000e+000 0.000e+000 0.000e+000 0.000e+000 0.000e+000 0.000e+000 0.000e+000 0.000e+000 0.000e+000 0.000e+000 0.000e+000 0.000e+000 0.000e+000
 6.750e+001 2.930e+000 2.400e+001 2.749e+001 2.167e+001-1.841e-001-4.384e+000-9.697e+001 2.044e+003 4.936e+001-2.835e+002-3.732e+000 4.436e+000 2.589e+001-1.255e+002-5.153e+001 8.981e+001-1.023e+002 1.861e+003
 6.880e+001 2.930e+000 0.000e+000 0.000e+000 0.000e+000 0.000e+000 0.000e+000 0.000e+000 0.000e+000 0.000e+000 0.000e+000 0.000e+000 0.000e+000 0.000e+000 0.000e+000 0.000e+000 0.000e+000 0.000e+000 0.000e+000
 7.000e+001 2.930e+000 2.400e+001 1.635e+001 2.684e+001-5.939e+000 5.950e+001-7.328e+001 1.772e+003 6.124e+001-5.396e+002-6.882e+000 1.602e+001 2.757e+001-1.607e+002-4.347e+001 2.137e+002-1.265e+002 2.062e+003
 7.130e+001 2.930e+000 0.000e+000 0.000e+000 0.000e+000 0.000e+000 0.000e+000 0.000e+000 0.000e+000 0.000e+000 0.000e+000 0.000e+000 0.000e+000 0.000e+000 0.000e+000 0.000e+000 0.000e+000 0.000e+000 0.000e+000
 7.250e+001 2.930e+000 0.000e+000 0.000e+000 0.000e+000 0.000e+000 0.000e+000 0.000e+000 0.000e+000 0.000e+000 0.000e+000 0.000e+000 0.000e+000 0.000e+000 0.000e+000 0.000e+000 0.000e+000 0.000e+000 0.000e+000
 7.380e+001 2.930e+000 2.400e+001 1.640e+001 4.075e+001-2.301e+000 6.173e+001-1.029e+002 2.692e+003 1.389e+002-1.049e+003-1.008e+001 5.178e+001 3.078e+001-1.715e+002 2.028e+000 4.697e+002-1.213e+002 1.890e+003
 7.500e+001 2.930e+000 0.000e+000 0.000e+000 0.000e+000 0.000e+000 0.000e+000 0.000e+000 0.000e+000 0.000e+000 0.000e+000 0.000e+000 0.000e+000 0.000e+000 0.000e+000 0.000e+000 0.000e+000 0.000e+000 0.000e+000
 7.630e+001 2.930e+000 2.400e+001 1.889e+001-1.595e+001-2.070e+000 3.037e+001-6.753e+001 2.105e+003 6.972e+001-7.846e+002-2.990e+000 3.740e+001 1.689e+001-9.787e+001-5.275e+001 1.812e+002-8.344e+001 1.681e+003
 7.750e+001 2.930e+000 0.000e+000 0.000e+000 0.000e+000 0.000e+000 0.000e+000 0.000e+000 0.000e+000 0.000e+000 0.000e+000 0.000e+000 0.000e+000 0.000e+000 0.000e+000 0.000e+000 0.000e+000 0.000e+000 0.000e+000
 7.880e+001 2.930e+000 2.400e+001 1.568e+001 4.221e+000 1.141e+000 3.939e+000-1.182e+002 2.234e+003 5.059e+001-2.166e+002-3.038e+000 1.755e+001 2.135e+001-1.100e+002-2.489e+001 4.685e+002-9.313e+001 1.362e+003
 8.000e+001 2.930e+000 0.000e+000 0.000e+000 0.000e+000 0.000e+000 0.000e+000 0.000e+000 0.000e+000 0.000e+000 0.000e+000 0.000e+000 0.000e+000 0.000e+000 0.000e+000 0.000e+000 0.000e+000 0.000e+000 0.000e+000
 8.130e+001 2.930e+000 0.000e+000 0.000e+000 0.000e+000 0.000e+000 0.000e+000 0.000e+000 0.000e+000 0.000e+000 0.000e+000 0.000e+000 0.000e+000 0.000e+000 0.000e+000 0.000e+000 0.000e+000 0.000e+000 0.000e+000
 8.250e+001 2.930e+000 2.400e+001 1.045e+001-5.012e+000 2.796e-001 2.287e+001-7.829e+001 1.657e+003 3.661e+001-3.680e+002-3.924e+000 1.510e+001 2.177e+001-1.245e+002-3.697e+000 1.434e+002-9.453e+001 1.506e+003
 8.380e+001 2.930e+000 0.000e+000 0.000e+000 0.000e+000 0.000e+000 0.000e+000 0.000e+000 0.000e+000 0.000e+000 0.000e+000 0.000e+000 0.000e+000 0.000e+000 0.000e+000 0.000e+000 0.000e+000 0.000e+000 0.000e+000
 8.500e+001 2.930e+000 2.400e+001 1.010e+001 1.072e+001-1.126e+000 2.514e+001-6.172e+001 1.050e+003 2.421e+001-2.977e+002-3.920e+000 2.894e+001 1.435e+001-7.684e+001-2.154e+001 5.362e+001-6.489e+001 1.076e+003
 8.630e+001 2.930e+000 0.000e+000 0.000e+000 0.000e+000 0.000e+000 0.000e+000 0.000e+000 0.000e+000 0.000e+000 0.000e+000 0.000e+000 0.000e+000 0.000e+000 0.000e+000 0.000e+000 0.000e+000 0.000e+000 0.000e+000
 8.750e+001 2.930e+000 2.400e+001 8.621e+000-3.409e+000-2.585e+000 1.617e+001-7.367e+001 1.479e+003 5.213e+001-3.590e+002-8.580e-003-1.412e+000 1.276e+001-6.631e+001-3.082e+001 3.474e+002-6.725e+001 9.245e+002
 8.880e+001 2.930e+000 0.000e+000 0.000e+000 0.000e+000 0.000e+000 0.000e+000 0.000e+000 0.000e+000 0.000e+000 0.000e+000 0.000e+000 0.000e+000 0.000e+000 0.000e+000 0.000e+000 0.000e+000 0.000e+000 0.000e+000
 9.000e+001 2.930e+000 0.000e+000 0.000e+000 0.000e+000 0.000e+000 0.000e+000 0.000e+000 0.000e+000 0.000e+000 0.000e+000 0.000e+000 0.000e+000 0.000e+000 0.000e+000 0.000e+000 0.000e+000 0.000e+000 0.000e+000
 9.130e+001 2.930e+000 2.400e+001 8.666e+000 5.381e+000-9.020e-001 2.393e+001-7.657e+001 1.454e+003 5.270e+001-2.860e+002-4.022e+000 7.016e+000 1.528e+001-8.341e+001 2.327e+000 2.343e+002-5.582e+001 8.714e+002
 9.250e+001 2.930e+000 0.000e+000 0.000e+000 0.000e+000 0.000e+000 0.000e+000 0.000e+000 0.000e+000 0.000e+000 0.000e+000 0.000e+000 0.000e+000 0.000e+000 0.000e+000 0.000e+000 0.000e+000 0.000e+000 0.000e+000
 9.380e+001 2.930e+000 2.400e+001 5.339e+000 2.193e+000 3.691e-001 6.569e+000-4.051e+001 8.623e+002 6.005e+000-6.527e+001-1.506e+000-3.131e+000 5.139e+000-2.081e+001 7.646e-001 7.253e+000-1.560e+001 3.206e+002
 9.500e+001 2.930e+000 0.000e+000 0.000e+000 0.000e+000 0.000e+000 0.000e+000 0.000e+000 0.000e+000 0.000e+000 0.000e+000 0.000e+000 0.000e+000 0.000e+000 0.000e+000 0.000e+000 0.000e+000 0.000e+000 0.000e+000
 9.630e+001 2.930e+000 2.400e+001 5.753e+000 4.211e+000-1.392e-001 4.092e-002-3.301e+001 7.546e+002-1.301e+000-4.149e+001-4.401e-003 5.472e+000 1.701e+000-5.411e+000-8.752e+000-6.470e+001-4.761e+000 1.737e+002
 9.750e+001 2.930e+000 0.000e+000 0.000e+000 0.000e+000 0.000e+000 0.000e+000 0.000e+000 0.000e+000 0.000e+000 0.000e+000 0.000e+000 0.000e+000 0.000e+000 0.000e+000 0.000e+000 0.000e+000 0.000e+000 0.000e+000
 9.880e+001 2.930e+000 0.000e+000 0.000e+000 0.000e+000 0.000e+000 0.000e+000 0.000e+000 0.000e+000 0.000e+000 0.000e+000 0.000e+000 0.000e+000 0.000e+000 0.000e+000 0.000e+000 0.000e+000 0.000e+000 0.000e+000
 1.000e+002 2.930e+000 4.500e+001 2.052e+001 1.182e+002-6.866e-001 9.732e+000-3.033e+001 1.334e+003 2.984e+001-2.273e+002-3.683e+000 1.876e+001 9.914e+000 9.965e+000 2.147e+001-1.455e+002-3.593e+001 4.394e+002
 1.130e+002 2.930e+000 6.900e+001 1.508e+001-1.731e+001-1.797e+000 3.730e+001-1.421e+002 2.609e+003 6.401e+001-3.835e+002-4.182e+000-1.426e+001 2.829e+001-1.631e+002-8.633e+000 4.077e+002-1.231e+002 1.892e+003
 1.250e+002 2.930e+000 7.500e+001 1.718e+001-1.683e+001-2.743e+000 3.744e+001-1.693e+002 2.828e+003 1.004e+002-5.857e+002-4.003e+000-2.763e+000 3.278e+001-1.980e+002-1.759e+001 6.656e+002-1.628e+002 2.364e+003
 1.380e+002 2.930e+000 9.300e+001 1.999e+001-1.757e+001-2.335e+000 4.367e+001-2.121e+002 3.209e+003 5.052e+001-5.206e+002-4.223e+000 2.501e+001 2.006e+001-1.176e+002-1.801e-001 8.338e+001-9.034e+001 1.425e+003
 1.500e+002 2.930e+000 6.900e+001 1.593e+001-7.233e+001-1.145e+000 2.409e+001-1.784e+002 3.307e+003 2.142e+001-3.774e+002-1.813e+000 2.496e+001 3.698e+000-2.121e+001-2.500e+000-1.433e+002-8.391e+000 3.272e+002
 1.630e+002 2.930e+000 7.800e+001 2.162e+001-3.877e+001-3.881e+000 1.876e+001-2.246e+002 3.270e+003 1.052e+002-4.625e+002 1.015e+000-4.032e+001 2.468e+001-1.530e+002-3.921e+001 8.813e+002-1.517e+002 2.100e+003
 1.750e+002 2.930e+000 8.400e+001 2.974e+001-4.243e+001-7.860e+000 6.968e+001-2.995e+002 4.227e+003 1.929e+002-8.334e+002-3.260e+000-5.367e+001 5.503e+001-3.432e+002-4.349e+001 1.382e+003-2.949e+002 4.051e+003
 1.880e+002 2.930e+000 9.600e+001 7.247e+001-1.687e+002-5.838e+000 7.235e+001-5.707e+002 6.388e+003 1.861e+002-9.728e+002-2.846e+000-5.628e+001 6.808e+001-4.205e+002-5.202e+001 1.426e+003-3.914e+002 5.236e+003
 2.000e+002 2.930e+000 9.300e+001 2.135e+003-2.510e+003 2.429e+001 9.356e+002-1.036e+004 5.710e+004-2.216e+002-9.070e+003-2.410e+002 9.916e+002 8.459e+001-3.237e+002-2.760e+003 1.277e+004-4.050e+001 9.946e+003
 2.130e+002 2.930e+000 8.400e+001 1.081e+002-1.461e+001-2.610e+000-6.598e+001-8.757e+002 8.815e+003 1.311e+002 2.089e+002-1.168e+001 2.015e+001 5.070e+001-2.971e+002 1.906e+001 6.147e+002-2.968e+002 4.083e+003
 2.250e+002 2.930e+000 1.200e+002 2.350e+002 5.039e+001-2.546e+001 1.100e+001-2.246e+003 2.285e+004 3.302e+002-3.351e+002-4.067e+001 3.146e+002 6.450e+001-3.216e+002 2.641e+002-2.043e+003-3.678e+002 4.913e+003
 2.380e+002 2.930e+000 9.600e+001 9.285e+002-1.162e+002-7.829e+001-2.727e+002-9.164e+003 9.161e+004 8.322e+002 2.717e+003-1.310e+002 1.234e+003 6.338e+001-7.036e+001 1.472e+003-1.394e+004-4.006e+002 5.537e+003
 2.500e+002 2.930e+000 9.600e+001 2.934e+004-6.097e+003-2.354e+003-1.508e+004-2.876e+005 2.827e+006 2.244e+004 1.553e+005-3.491e+003 3.455e+004 6.503e+002 5.369e+003 4.710e+004-4.581e+005-4.677e+003 8.821e+004
 2.630e+002 2.930e+000 9.600e+001 7.217e+002-2.881e+002-6.834e+001-4.183e+002-6.747e+003 6.466e+004 6.712e+002 4.177e+003-7.234e+001 6.469e+002 5.329e+001-9.070e+001 8.816e+002-7.600e+003-2.675e+002 4.286e+003
 2.750e+002 2.930e+000 1.140e+002 1.974e+002-8.181e+001-1.757e+001-5.807e+001-1.593e+003 1.427e+004 2.180e+002 3.239e+002-3.400e+001 1.873e+002 5.007e+001-2.311e+002 1.803e+002-7.009e+002-2.739e+002 3.669e+003
 2.880e+002 2.930e+000 8.400e+001 1.319e+002-2.668e+002-1.311e+001 2.718e+001-9.180e+002 8.131e+003 1.356e+002-7.502e+002-2.865e+001 1.496e+002 4.524e+001-2.249e+002-5.680e+001 1.249e+003-2.260e+002 3.028e+003
 3.000e+002 2.930e+000 9.600e+001 2.361e+003-7.471e+003-3.438e+002 2.130e+003-2.030e+004 2.004e+005 1.518e+003-2.350e+004-4.937e+002 5.303e+003 1.819e+002-7.861e+002-1.377e+003 5.432e+003-2.211e+002 5.250e+003
 3.130e+002 2.930e+000 9.600e+001 1.531e+002-2.233e+002-2.093e+001 7.047e+001-1.276e+003 1.283e+004 2.269e+002-9.540e+002-3.321e+001 2.717e+002 4.076e+001-1.806e+002-6.720e+000 1.435e+002-2.020e+002 2.506e+003
 3.250e+002 2.930e+000 6.900e+001 7.394e+001 4.571e+001-2.073e+000-3.360e+001-4.427e+002 4.396e+003 1.196e+002-3.494e+002-2.363e+001 1.290e+002 3.033e+001-8.400e+001 6.172e+000-2.467e+002-1.568e+002 1.887e+003
 3.380e+002 2.930e+000 5.400e+001 1.921e+002 2.422e+002 3.654e+001-4.826e+002-3.416e+002 2.807e+003 6.972e+001 9.429e+002-5.829e+001 1.286e+002 3.665e+001 1.453e+002-2.448e+002-6.014e+002-9.223e+001 2.714e+003
 3.500e+002 2.930e+000 7.800e+001 6.647e+003 9.129e+003 1.290e+003-1.579e+004-6.741e+003 3.267e+004 2.034e+003 2.988e+004-2.242e+003 4.042e+003 1.029e+003 7.384e+003-1.069e+004-1.467e+004 3.927e+002 5.758e+004
 3.630e+002 2.930e+000 4.800e+001 1.396e+002 1.444e+002 2.892e+001-3.421e+002-2.510e+002 1.551e+003 3.357e+001 6.400e+002-4.412e+001 8.561e+001 2.802e+001 1.231e+002-1.795e+002-1.342e+002-5.623e+001 1.563e+003
 3.750e+002 2.930e+000 6.300e+001 4.473e+001 1.587e+000 3.271e+000-5.954e+001-1.939e+002 1.713e+003 3.655e+001 3.433e+001-1.054e+001 2.167e+001 1.529e+001-3.764e+001-5.776e+001 3.036e+002-6.958e+001 1.120e+003
 3.880e+002 2.930e+000 6.300e+001 3.437e+001-5.213e+001-3.617e+000 2.407e+001-2.114e+002 2.009e+003 6.115e+001-3.530e+002-6.043e+000 7.695e+000 1.751e+001-8.987e+001-7.128e+001 6.518e+002-8.870e+001 1.294e+003
 4.000e+002 2.930e+000 7.800e+001 6.593e+001-1.102e+002-3.235e-001 1.856e+001-4.338e+002 3.568e+003 3.276e+001-3.847e+002-1.292e+001 6.246e+001 2.061e+001-8.624e+001-1.801e+001 3.478e+002-1.085e+002 1.231e+003
 4.130e+002 2.930e+000 1.050e+002 4.694e+001-1.030e+002-4.369e-001-1.204e+001-3.535e+002 3.373e+003 2.491e+001-9.925e+001-7.784e+000 2.429e+001 2.074e+001-9.326e+001-4.082e+001 6.180e+002-1.242e+002 1.508e+003
 4.250e+002 2.930e+000 9.000e+001 5.247e+001-1.296e+002-7.211e+000 4.139e+001-4.138e+002 3.915e+003 6.204e+001-5.712e+002-6.750e+000 4.783e+001 1.457e+001-8.036e+001-8.761e+001 7.565e+002-8.161e+001 1.188e+003
 4.380e+002 2.930e+000 8.700e+001 9.745e+001-2.907e+002-9.916e+000 1.230e+002-7.503e+002 6.988e+003 4.728e+001-1.282e+003-1.976e+001 1.523e+002 1.812e+001-9.641e+001-9.449e+001 5.991e+002-7.577e+001 1.146e+003
 4.500e+002 2.930e+000 9.600e+001 1.325e+003-5.822e+003-8.692e+001 2.002e+003-1.004e+004 1.024e+005-1.167e+002-2.189e+004-1.859e+002 1.762e+003 4.577e+001-4.396e+002-1.495e+003 2.623e+003-1.608e+001 5.851e+003
 4.630e+002 2.930e+000 1.200e+002 7.779e+001-2.386e+002-8.078e+000 1.032e+002-6.097e+002 6.064e+003 3.873e+001-9.173e+002-1.531e+001 1.219e+002 1.786e+001-8.795e+001-3.755e+001 1.577e+002-8.889e+001 1.173e+003
 4.750e+002 2.930e+000 9.600e+001 6.432e+001-1.551e+002-8.276e+000 6.765e+001-5.330e+002 5.065e+003 5.125e+001-6.010e+002-1.396e+001 1.099e+002 1.497e+001-7.664e+001-3.730e+001 3.424e+002-6.921e+001 9.022e+002
 4.880e+002 2.930e+000 9.600e+001 9.175e+001-2.173e+002-1.188e+001 1.383e+002-7.387e+002 6.734e+003 5.338e+001-1.152e+003-2.732e+001 2.246e+002 1.967e+001-9.228e+001-7.481e+000-4.827e+001-7.895e+001 9.201e+002
 5.000e+002 2.930e+000 9.000e+001 1.369e+002-4.440e+002-1.472e+001 1.574e+002-1.136e+003 1.340e+004 1.053e+002-1.932e+003-2.946e+001 3.302e+002 1.883e+001-6.599e+001-5.522e+001-7.041e+002-8.714e+001 1.131e+003
 5.130e+002 2.930e+000 1.200e+002 3.097e+002-6.864e+002-2.715e+001 2.454e+002-2.396e+003 2.040e+004 8.961e+001-2.409e+003-6.551e+001 5.494e+002 2.801e+001-1.282e+002-2.022e+002 1.187e+003-6.038e+001 1.266e+003
 5.250e+002 2.930e+000 9.600e+001 6.190e+002-1.431e+003-5.610e+001 6.220e+002-4.746e+003 3.987e+004 1.010e+002-5.412e+003-1.485e+002 1.255e+003 4.952e+001-2.149e+002-2.675e+002 7.362e+002-4.888e+001 1.350e+003
 5.380e+002 2.930e+000 9.600e+001 2.832e+003-6.745e+003-2.552e+002 2.775e+003-2.160e+004 1.810e+005 4.136e+002-2.460e+004-6.494e+002 5.541e+003 1.799e+002-8.058e+002-1.444e+003 4.568e+003 2.771e+001 4.057e+003
 5.500e+002 2.930e+000 9.600e+001 1.860e+005-4.465e+005-1.740e+004 1.938e+005-1.407e+006 1.171e+007 2.980e+004-1.707e+006-4.243e+004 3.627e+005 1.132e+004-5.359e+004-9.987e+004 2.903e+005 4.577e+003 2.572e+005
 5.630e+002 2.930e+000 1.200e+002 4.002e+003-9.622e+003-3.608e+002 3.972e+003-2.986e+004 2.462e+005 5.547e+002-3.478e+004-8.960e+002 7.534e+003 2.420e+002-1.122e+003-2.129e+003 6.501e+003 6.206e+001 5.695e+003
 5.750e+002 2.930e+000 9.600e+001 5.393e+002-1.309e+003-5.068e+001 5.059e+002-3.949e+003 3.224e+004 1.215e+002-4.608e+003-1.087e+002 9.069e+002 3.414e+001-1.684e+002-3.587e+002 1.519e+003-2.385e+001 1.216e+003
 5.880e+002 2.930e+000 9.600e+001 2.400e+002-5.499e+002-2.437e+001 2.649e+002-1.722e+003 1.372e+004 5.977e+001-2.209e+003-5.443e+001 4.341e+002 2.117e+001-9.986e+001-1.274e+002 4.108e+002-4.233e+001 8.161e+002
 6.000e+002 2.930e+000 1.200e+002 2.009e+002-4.565e+002-1.755e+001 2.081e+002-1.470e+003 1.200e+004 1.621e+001-1.414e+003-5.504e+001 4.374e+002 2.576e+001-8.488e+001 5.810e+001-9.277e+002-1.070e+002 1.127e+003
 6.130e+002 2.930e+000 9.600e+001 8.236e+001-1.907e+002-6.072e+000 6.010e+001-5.807e+002 4.663e+003 1.412e+001-5.120e+002-1.560e+001 1.112e+002 9.030e+000-3.896e+001-4.008e+001 2.464e+002-3.398e+001 4.446e+002
 6.250e+002 2.930e+000 9.600e+001 5.688e+001-1.269e+002-4.003e+000 3.452e+001-4.008e+002 3.211e+003 1.556e+001-3.401e+002-8.264e+000 5.572e+001 7.038e+000-3.233e+001-4.674e+001 3.456e+002-3.354e+001 4.540e+002
 6.380e+002 2.930e+000 9.600e+001 4.933e+001-1.004e+002-3.188e+000 3.589e+001-3.611e+002 2.961e+003 7.159e+000-3.318e+002-8.487e+000 5.747e+001 7.144e+000-3.112e+001-4.557e+001 3.512e+002-3.172e+001 4.528e+002
 6.500e+002 2.930e+000 1.200e+002 4.528e+003-1.542e+004 3.875e+002-1.160e+003-3.628e+004 3.440e+005-7.965e+003 8.618e+003-1.430e+003 1.012e+004 4.951e+002 3.656e+002-1.903e+002 5.406e+003-1.035e+002 9.764e+002
 6.630e+002 2.930e+000 9.300e+001 6.050e+001-1.680e+002-4.194e+000 3.063e+001-4.146e+002 3.412e+003-5.664e+000-3.033e+002-1.405e+001 9.892e+001 8.303e+000-2.801e+001-3.463e+001 2.381e+002-2.332e+001 3.241e+002
 6.750e+002 2.930e+000 9.600e+001 3.690e+001-8.971e+001-4.108e+000 3.481e+001-2.484e+002 1.977e+003 1.055e+001-2.666e+002-8.801e+000 6.010e+001 7.078e+000-2.855e+001-1.650e+001 1.047e+002-2.975e+001 3.444e+002
 6.880e+002 2.930e+000 9.600e+001 2.707e+001-6.246e+001-1.973e+000 1.864e+001-1.724e+002 1.307e+003-2.731e-001-1.206e+002-6.815e+000 4.139e+001 4.882e+000-1.758e+001-3.778e+000 2.887e+001-1.994e+001 2.125e+002
 7.000e+002 2.930e+000 1.200e+002 4.877e+001-8.083e+001 3.051e-002-1.975e+001-2.921e+002 2.071e+003-7.284e+000 2.951e+001-1.371e+001 7.749e+001 9.227e+000-1.944e+001 5.620e+001-2.530e+002-6.163e+001 7.113e+002
 7.130e+002 2.930e+000 9.600e+001 1.798e+001-4.210e+001-2.522e+000 1.810e+001-1.166e+002 9.325e+002 1.299e+001-1.525e+002-3.433e+000 2.106e+001 4.522e+000-2.073e+001-1.578e+001 1.138e+002-2.226e+001 2.665e+002
 7.250e+002 2.930e+000 9.600e+001 1.468e+001-3.325e+001-2.100e+000 1.767e+001-8.839e+001 6.625e+002 7.495e+000-1.203e+002-3.695e+000 2.257e+001 3.812e+000-1.529e+001-6.210e+000 3.248e+001-1.779e+001 1.881e+002
 7.380e+002 2.930e+000 9.300e+001 1.249e+001-2.862e+001-8.551e-001 8.880e+000-7.750e+001 5.917e+002 2.312e+000-5.818e+001-2.851e+000 1.418e+001 3.701e+000-1.485e+001-1.204e+000 3.363e+001-2.009e+001 2.041e+002
 7.500e+002 2.930e+000 1.440e+002 9.997e+001-2.691e+002-1.343e+001 1.528e+002-7.797e+002 7.002e+003 2.153e+001-1.011e+003-3.284e+001 2.926e+002 1.673e+001-5.268e+001 8.502e+001-1.138e+003-8.014e+001 6.785e+002
 7.630e+002 2.930e+000 9.600e+001 9.943e+000-2.049e+001-1.666e+000 1.345e+001-6.142e+001 4.709e+002 8.615e+000-9.408e+001-2.136e+000 1.169e+001 3.171e+000-1.379e+001-6.755e+000 5.040e+001-1.627e+001 1.753e+002
 7.750e+002 2.930e+000 8.700e+001 8.427e+000-1.766e+001-6.532e-001 6.992e+000-4.881e+001 3.595e+002 1.748e+000-4.740e+001-2.145e+000 1.135e+001 2.337e+000-8.511e+000-8.831e-001 9.659e+000-1.151e+001 1.194e+002
 7.880e+002 2.930e+000 1.110e+002 1.056e+001-2.322e+001-4.708e-001 7.780e-002-6.246e+001 4.833e+002 2.641e+000-1.546e+001-1.943e+000 7.272e+000 2.969e+000-8.822e+000-2.519e+000 4.219e+001-1.639e+001 1.742e+002
 8.000e+002 2.930e+000 1.170e+002 8.641e+001-1.904e+002-1.577e+001 1.351e+002-5.555e+002 4.095e+003 6.218e+001-1.138e+003-1.928e+001 1.547e+002 9.279e+000-6.007e+001-1.189e+002 4.691e+002-1.148e+001 5.346e+002
 8.130e+002 2.930e+000 9.000e+001 8.233e+000-1.645e+001-1.357e+000 1.322e+001-5.034e+001 3.869e+002 5.067e+000-7.876e+001-2.007e+000 1.102e+001 2.503e+000-1.073e+001-3.751e+000 2.173e+001-1.371e+001 1.556e+002
 8.250e+002 2.930e+000 9.000e+001 8.532e+000-1.911e+001-7.309e-001 4.673e+000-5.068e+001 3.923e+002 3.047e+000-4.169e+001-1.848e+000 8.853e+000 2.249e+000-8.958e+000-3.516e+000 4.003e+001-1.223e+001 1.559e+002
 8.380e+002 2.930e+000 1.230e+002 2.017e+001-5.118e+001-2.944e+000 1.765e+001-1.295e+002 1.088e+003 1.533e+001-3.048e+002-3.350e+000 2.644e+001 2.784e+000-1.800e+001-5.407e+001 2.819e+002-6.037e+000 4.050e+002
 8.500e+002 2.930e+000 9.300e+001 5.002e+002-1.494e+003-8.241e+001 4.039e+002-2.919e+003 2.205e+004 2.924e+002-1.115e+004-6.896e+001 6.457e+002 2.570e+001-5.190e+002-2.789e+003 1.474e+004 2.900e+002 1.718e+004
 8.630e+002 2.930e+000 6.900e+001 7.229e+000-1.906e+001-1.109e+000 1.047e+001-4.277e+001 3.605e+002 3.998e+000-1.128e+002-1.426e+000 1.057e+001 1.300e+000-8.286e+000-1.515e+001 5.068e+001-6.194e+000 1.722e+002
 8.750e+002 2.930e+000 6.000e+001 4.501e+000-1.128e+001-4.474e-001 2.843e+000-3.101e+001 2.988e+002 4.401e+000-4.797e+001-5.134e-001 2.377e+000 1.116e+000-5.072e+000-6.237e+000 4.493e+001-6.306e+000 9.748e+001
 8.880e+002 2.930e+000 9.300e+001 5.785e+000-1.419e+001-9.169e-001 8.259e+000-4.137e+001 4.463e+002 7.176e+000-9.081e+001-9.811e-001 8.146e+000 1.313e+000-5.057e+000-4.192e+000-1.485e+001-7.048e+000 1.005e+002
 9.000e+002 2.930e+000 7.800e+001 1.666e+001-3.479e+001-3.023e+000 2.216e+001-1.215e+002 1.056e+003 1.662e+001-1.877e+002-4.752e+000 3.796e+001 3.768e+000-1.194e+001 1.489e-001-4.420e+001-1.719e+001 1.770e+002
 9.130e+002 2.930e+000 6.000e+001 6.037e+000-2.259e+001 4.300e+000-3.397e+001-4.196e+001 5.076e+002-5.268e+001 4.417e+002-3.341e+000 5.235e+000 1.311e+001-4.306e+001 3.939e+001-2.229e+002-1.189e+002 1.314e+003
 9.250e+002 2.930e+000 5.700e+001 3.451e+000-1.419e+001-1.803e-001 4.283e+000-2.254e+001 2.984e+002 3.054e+000-5.470e+001-2.195e-001 4.419e-001 8.132e-001-3.152e+000-2.833e+000-9.643e+000-5.416e+000 8.060e+001
 9.380e+002 2.930e+000 9.000e+001 1.664e+001-1.263e+002 7.758e-002 4.190e+001-9.494e+001 1.790e+003 8.777e+000-5.389e+002-2.946e-001-4.796e+000 1.699e+000-2.249e+000-3.076e+001-1.944e+002-9.562e+000 2.964e+002
 9.500e+002 2.930e+000 9.300e+001 5.440e+002-5.038e+003 3.249e+001 1.455e+003-3.000e+003 6.614e+004 3.217e+002-2.134e+004 4.291e+001-5.802e+002 1.238e+001 2.231e+002-1.400e+003-6.596e+003-4.763e+001 8.051e+003
 9.630e+002 2.930e+000 8.100e+001 1.355e+001-9.166e+001-2.281e-001 2.944e+001-6.956e+001 1.142e+003 9.556e+000-4.064e+002 3.309e-001-2.850e+000 1.046e+000-1.856e+000-3.284e+001-6.355e+001-7.562e+000 2.280e+002
 9.750e+002 2.930e+000 7.500e+001 5.488e+000-2.524e+001-5.690e-001 8.995e+000-3.505e+001 4.101e+002 6.223e+000-1.229e+002-1.458e-001 1.934e+000 1.060e+000-3.834e+000-1.014e+001 1.640e+001-7.461e+000 1.101e+002
 9.880e+002 2.930e+000 1.080e+002 8.147e+000-2.869e+001-1.288e+000 4.874e+000-5.376e+001 5.618e+002 1.368e+001-1.172e+002 6.238e-001-3.226e+000 2.283e+000-1.289e+001-2.261e+001 1.274e+002-1.676e+001 2.474e+002
 1.000e+003 2.930e+000 5.430e+002 4.653e+001-1.476e+002 4.951e+000 1.415e+001-3.437e+002 3.646e+003-8.045e+001 2.893e+002-1.695e+001 7.659e+001 4.705e+001-1.461e+002 9.638e+001-6.590e+002-3.771e+002 3.759e+003
 1.130e+003 2.930e+000 1.041e+003 2.134e+002-1.199e+003 1.143e+001 2.834e+002-1.762e+003 2.235e+004-6.579e+002-2.155e+002-9.786e+001 7.353e+002 8.066e+001-2.833e+002 3.834e+002-4.958e+003-4.703e+002 4.594e+003
 1.250e+003 2.930e+000 8.640e+002 6.585e+001-4.351e+001-1.010e+001 3.681e+001-5.501e+002 5.237e+003 5.084e+001-1.696e+001-2.729e+001 1.934e+002 4.966e+001-1.009e+002 1.778e+002-1.571e+003-3.437e+002 3.115e+003
 1.380e+003 2.930e+000 9.120e+002 6.148e+001-1.897e+002 3.301e+000 1.003e+002-5.958e+002 6.962e+003-1.070e+002-4.466e+002-2.793e+001 2.673e+002 3.368e+001-1.248e+002 2.326e+002-2.888e+003-2.938e+002 3.340e+003
 1.500e+003 2.930e+000 7.200e+001 4.947e+001-1.199e+002 7.292e-001-2.011e+001-5.014e+002 5.648e+003-2.404e+001 1.776e+002-7.490e+000 8.616e+001 2.067e+000 7.479e-001 1.768e+001-4.811e+002-2.393e+001 5.702e+002
 1.630e+003 2.930e+000 6.900e+001 1.611e+001-5.443e+001-1.718e+000 4.922e+001-1.981e+002 2.713e+003 5.137e+000-3.875e+002-4.538e+000 6.735e+001 2.250e+000-8.181e+000 6.301e+001-1.096e+003-4.137e+001 8.437e+002
 1.750e+003 2.930e+000 4.800e+001 7.882e+001-2.901e+002-1.452e+001 3.763e+002-9.809e+002 1.338e+004 8.942e+001-3.269e+003-2.341e+001 3.544e+002 1.129e+001-4.811e+001 3.549e+002-6.045e+003-2.120e+002 4.260e+003
 1.880e+003 2.930e+000 7.200e+001 3.594e+002-9.349e+002-2.080e+001 5.422e+002-4.382e+003 5.639e+004-8.193e+001-1.633e+003-1.063e+002 1.364e+003 4.160e+001-1.092e+002 1.476e+003-1.993e+004-6.448e+002 1.054e+004
 2.000e+003 2.930e+000 7.200e+001 5.988e+002-1.381e+003-6.105e+001 1.338e+003-7.309e+003 9.280e+004 2.914e+002-1.005e+004-1.979e+002 2.565e+003 7.278e+001-1.657e+002 2.720e+003-3.647e+004-1.053e+003 1.564e+004
 2.130e+003 2.930e+000 4.800e+001 9.920e+001-2.015e+002-1.030e+001 2.129e+002-1.219e+003 1.549e+004 5.897e+001-1.682e+003-3.364e+001 4.348e+002 1.270e+001-2.478e+001 4.604e+002-6.123e+003-1.810e+002 2.644e+003
 2.250e+003 2.930e+000 7.200e+001 2.612e+001-5.891e+001-2.459e+000 5.773e+001-3.049e+002 3.729e+003 9.692e+000-4.075e+002-8.747e+000 1.084e+002 3.345e+000-7.897e+000 1.199e+002-1.549e+003-4.801e+001 7.202e+002
 2.380e+003 2.930e+000 7.200e+001 2.449e+001-5.412e+001-3.788e+000 6.556e+001-2.926e+002 3.683e+003 3.202e+001-5.539e+002-1.024e+001 1.300e+002 7.503e+000-1.005e+001 1.407e+002-1.816e+003-9.448e+001 1.251e+003
 2.500e+003 2.930e+000 4.800e+001 1.024e+001-2.098e+001-2.135e+000 3.367e+001-1.180e+002 1.416e+003 1.778e+001-3.004e+002-3.989e+000 5.075e+001 2.506e+000-3.434e+000 5.003e+001-6.506e+002-3.187e+001 4.162e+002
 2.630e+003 2.930e+000 7.200e+001 1.719e+001-4.095e+001-2.044e+000 4.103e+001-1.837e+002 2.073e+003 6.967e+000-2.468e+002-6.357e+000 7.290e+001 2.726e+000-5.581e+000 8.138e+001-9.712e+002-3.636e+001 5.018e+002
 2.750e+003 2.930e+000 7.200e+001 4.300e+000-1.138e+001-4.276e-001 9.471e+000-4.870e+001 5.924e+002 6.957e-001-5.062e+001-1.554e+000 1.884e+001 6.779e-001-1.437e+000 2.080e+001-2.658e+002-9.173e+000 1.328e+002
 2.880e+003 2.930e+000 4.800e+001 2.882e+000-6.368e+000-3.880e-001 7.243e+000-3.029e+001 3.386e+002 1.681e+000-4.667e+001-1.041e+000 1.161e+001 5.064e-001-1.119e+000 1.255e+001-1.487e+002-6.075e+000 7.921e+001
 3.000e+003 2.930e+000 7.200e+001 1.076e+001-4.019e+001-1.175e+000 4.140e+001-8.645e+001 8.887e+002-1.837e+001-7.184e+001-7.349e+000 5.996e+001 5.744e+000-2.323e+001 6.510e+001-6.667e+002-5.220e+001 5.823e+002
 3.130e+003 2.930e+000 7.200e+001 1.908e+000-5.104e+000-2.078e-001 4.804e+000-1.809e+001 1.939e+002-2.398e-001-2.104e+001-8.130e-001 7.948e+000 5.360e-001-1.431e+000 8.686e+000-9.567e+001-5.363e+000 6.344e+001
 3.250e+003 2.930e+000 4.800e+001 2.808e+000-7.619e+000 1.908e-001 3.938e+000-2.646e+001 2.774e+002-4.071e+000-5.604e+000-1.039e+000 8.820e+000 6.536e-001-2.687e+000 1.257e+001-1.280e+002-5.770e+000 7.229e+001
 3.380e+003 2.930e+000 7.200e+001 4.932e+000-1.294e+001-1.162e+000 1.564e+001-4.641e+001 4.787e+002 7.073e+000-1.057e+002-1.525e+000 1.771e+001 8.856e-001-1.052e+000 1.647e+001-2.013e+002-9.886e+000 1.172e+002
 3.500e+003 2.930e+000 7.200e+001 3.520e+001-5.375e+001-4.523e+000 6.763e+001-3.410e+002 3.396e+003 2.454e+001-4.300e+002-1.294e+001 1.328e+002 5.444e+000-5.267e+000 1.509e+002-1.573e+003-6.519e+001 7.908e+002
 3.630e+003 2.930e+000 4.800e+001 2.998e+001-7.916e+001-5.445e+000 8.840e+001-2.765e+002 2.766e+003 2.567e+001-5.695e+002-9.369e+000 1.012e+002 4.019e+000-1.048e+001 9.424e+001-1.110e+003-4.637e+001 5.690e+002
 3.750e+003 2.930e+000 7.200e+001 1.287e+001-2.523e+001-1.820e+000 2.986e+001-1.216e+002 1.205e+003 9.659e+000-1.954e+002-3.967e+000 4.158e+001 1.672e+000-2.617e+000 4.513e+001-4.914e+002-1.951e+001 2.407e+002
 3.880e+003 2.930e+000 7.200e+001 6.347e+001-1.124e+002-7.426e+000 1.317e+002-5.821e+002 5.558e+003 3.596e+001-8.507e+002-1.905e+001 1.907e+002 7.708e+000-1.365e+001 2.092e+002-2.179e+003-8.689e+001 1.038e+003
 4.000e+003 2.930e+000 4.800e+001 3.282e+001-5.133e+001-1.244e-001 4.799e+001-2.691e+002 2.335e+003 4.822e+000-3.604e+002 1.652e+000 3.198e+000 6.363e+000 6.707e+000 2.017e+001-3.656e+002-4.570e+001 4.324e+002
 4.130e+003 2.930e+000 7.200e+001 5.599e+001-1.030e+002-7.968e+000 1.441e+002-5.079e+002 4.810e+003 3.393e+001-9.263e+002-2.061e+001 2.040e+002 9.816e+000-2.439e+001 2.049e+002-2.149e+003-1.041e+002 1.193e+003
 4.250e+003 2.930e+000 7.200e+001 1.773e+001-2.860e+001-3.255e+000 4.092e+001-1.609e+002 1.509e+003 1.846e+001-2.644e+002-6.922e+000 6.870e+001 3.682e+000-3.865e+000 6.646e+001-6.745e+002-3.581e+001 3.620e+002
 4.380e+003 2.930e+000 4.800e+001 6.684e+000-8.802e+000-1.235e+000 1.525e+001-6.137e+001 5.775e+002 8.038e+000-1.065e+002-2.540e+000 2.520e+001 1.303e+000-1.040e+000 2.595e+001-2.605e+002-1.343e+001 1.420e+002
 4.500e+003 2.930e+000 7.200e+001 1.227e+001-1.863e+001-1.688e+000 2.474e+001-1.126e+002 1.064e+003 8.697e+000-1.578e+002-4.540e+000 4.442e+001 2.069e+000-2.772e+000 4.614e+001-4.624e+002-2.141e+001 2.307e+002
 4.630e+003 2.930e+000 7.200e+001 1.334e+000-1.479e+000-1.528e-001 2.669e+000-1.173e+001 1.069e+002 7.817e-001-1.798e+001-5.047e-001 4.848e+000 3.105e-001-4.572e-001 5.106e+000-4.966e+001-2.894e+000 3.087e+001
 4.750e+003 2.930e+000 4.800e+001 1.763e+000-1.289e+000 1.007e-002-1.530e-001-1.575e+001 1.443e+002-6.109e-001 7.095e+000-8.418e-001 7.854e+000 5.071e-001 2.600e-001 6.940e+000-6.604e+001-4.169e+000 3.831e+001
 4.880e+003 2.930e+000 7.200e+001 1.387e+000-1.955e+000-1.072e-001 5.984e-001-1.356e+001 1.412e+002-2.884e-001 1.168e+001-8.804e-001 9.483e+000 7.399e-001 6.061e-001 1.023e+001-1.089e+002-8.170e+000 9.615e+001
 5.000e+003 2.930e+000 6.900e+001 9.770e-001-9.281e-001-6.610e-002 9.937e-001-8.338e+000 7.380e+001 2.397e-001-5.481e+000-3.471e-001 3.238e+000 2.338e-001-1.629e-001 2.995e+000-2.804e+001-1.816e+000 1.716e+001
 5.130e+003 2.930e+000 4.800e+001 6.872e-001-7.870e-001 1.106e-002 6.419e-001-5.737e+000 5.012e+001-4.570e-001-1.857e+000-3.227e-001 2.773e+000 2.177e-001-4.168e-001 3.049e+000-2.678e+001-1.792e+000 1.753e+001
 5.250e+003 2.930e+000 7.200e+001 3.859e-001-4.294e-001-2.606e-004 1.654e-001-2.999e+000 2.543e+001-1.548e-001 2.919e-001-1.392e-001 1.219e+000 1.504e-001-1.125e-001 1.410e+000-1.197e+001-1.082e+000 1.039e+001
 5.380e+003 2.930e+000 7.200e+001 1.190e+000-1.600e+000 3.624e-002 6.223e-001-9.907e+000 8.694e+001-1.264e+000 3.760e+000-5.976e-001 5.267e+000 5.466e-001-4.460e-001 5.566e+000-4.951e+001-4.361e+000 3.873e+001
 5.500e+003 2.930e+000 4.500e+001 4.094e-001-4.666e-001 1.477e-003 2.621e-002-3.215e+000 2.690e+001-2.256e-001 1.819e+000-1.472e-001 1.302e+000 2.748e-001-1.653e-001 1.409e+000-1.210e+001-2.022e+000 1.741e+001
 5.630e+003 2.930e+000 7.200e+001 2.687e+000-3.671e+000 2.953e-001-7.182e-001-2.136e+001 1.766e+002-5.573e+000 3.642e+001-2.265e+000 1.811e+001 3.411e+000-2.598e+000 2.160e+001-1.752e+002-3.137e+001 2.953e+002
 5.750e+003 2.930e+000 7.200e+001 9.609e-001-5.984e-001-9.466e-002 1.324e+000-7.792e+000 6.529e+001 3.885e-001-6.792e+000-5.757e-001 4.698e+000 1.527e+000-7.270e-001 5.319e+000-4.357e+001-1.333e+001 1.207e+002
 5.880e+003 2.930e+000 4.800e+001 1.304e+000-7.386e-001-4.991e-003 3.144e-001-1.029e+001 8.282e+001-5.403e-001 3.509e+000-8.435e-001 6.731e+000 1.524e+000-1.943e-001 7.904e+000-6.288e+001-1.373e+001 1.272e+002
 6.000e+003 2.930e+000 7.200e+001 2.720e+000-2.450e+000 3.289e-002 1.107e+000-2.160e+001 1.758e+002-1.298e+000 8.507e-001-1.134e+000 9.095e+000 9.644e-001-9.073e-001 1.047e+001-8.499e+001-8.111e+000 7.290e+001
 6.130e+003 2.930e+000 7.200e+001 1.008e+000-7.073e-001-1.213e-001 1.074e+000-7.905e+000 6.426e+001 6.107e-001-5.342e+000-4.848e-001 4.032e+000 4.359e-001-7.488e-002 4.320e+000-3.531e+001-3.047e+000 2.530e+001
 6.250e+003 2.930e+000 4.800e+001 1.054e+000-9.907e-001 1.351e-001-9.744e-001-8.162e+000 6.547e+001-1.317e+000 1.037e+001-2.752e-001 2.012e+000 2.782e-001-9.284e-002 2.711e+000-1.980e+001-2.092e+000 1.819e+001
 6.380e+003 2.930e+000 7.200e+001 1.348e+000-1.385e+000-2.328e-001 2.177e+000-1.056e+001 8.600e+001 1.189e+000-1.121e+001-6.294e-001 5.339e+000 4.378e-001-9.790e-002 5.672e+000-4.756e+001-3.490e+000 3.159e+001
 6.500e+003 2.930e+000 7.200e+001 9.615e-001-8.869e-001-1.276e-001 1.135e+000-7.316e+000 5.773e+001 6.216e-001-5.701e+000-4.219e-001 3.480e+000 3.760e-001-1.909e-001 3.469e+000-2.814e+001-2.296e+000 1.792e+001
 6.630e+003 2.930e+000 4.800e+001 5.098e-001-4.800e-001-2.804e-001 2.386e+000-3.644e+000 2.787e+001 1.764e+000-1.469e+001-2.707e-001 2.283e+000 6.566e-001-3.524e-001 2.200e+000-1.819e+001-4.863e+000 3.905e+001
 6.750e+003 2.930e+000 7.200e+001 8.879e-001-7.791e-001-1.724e-001 1.360e+000-6.483e+000 4.959e+001 1.047e+000-7.970e+000-3.466e-001 2.843e+000 3.834e-001-2.051e-001 2.878e+000-2.298e+001-2.272e+000 1.699e+001
 6.880e+003 2.930e+000 6.600e+001 6.278e-001-8.361e-001-3.160e-002 3.944e-001-4.298e+000 3.201e+001-1.460e-002-3.176e-001-2.065e-001 1.591e+000 2.521e-001-2.531e-001 1.891e+000-1.387e+001-1.346e+000 1.115e+001
 7.000e+003 2.930e+000 4.800e+001 2.725e-001-2.309e-001 1.606e-003 2.150e-001-1.819e+000 1.346e+001 2.435e-002-1.329e+000-4.208e-002 4.187e-001 1.134e-001-9.824e-002 6.475e-001-5.001e+000-5.175e-001 4.695e+000
 7.130e+003 2.930e+000 6.300e+001 3.444e-001-4.031e-001-5.122e-002 4.217e-001-2.455e+000 1.931e+001 3.004e-001-2.331e+000-8.782e-002 8.052e-001 1.961e-001-6.704e-002 8.566e-001-6.972e+000-8.499e-001 6.382e+000
 7.250e+003 2.930e+000 5.700e+001 2.486e-001-1.312e-001 5.693e-003 4.513e-002-1.475e+000 1.014e+001-5.081e-002-2.799e-001-8.148e-002 5.752e-001 1.980e-001-2.970e-001 6.769e-001-4.649e+000-8.393e-001 6.494e+000
 7.380e+003 2.930e+000 4.500e+001 2.335e-001-1.722e-001-1.416e-002 1.985e-001-1.429e+000 9.321e+000 6.221e-002-8.421e-001-5.446e-002 4.022e-001 1.882e-001-1.852e-001 6.260e-001-4.238e+000-8.430e-001 6.044e+000
 7.500e+003 2.930e+000 6.600e+001 5.559e-001-5.011e-001-3.342e-002 4.430e-001-3.645e+000 2.572e+001 1.394e-001-2.102e+000-1.585e-001 1.265e+000 3.468e-001-4.110e-001 1.550e+000-1.141e+001-1.685e+000 1.234e+001
 7.630e+003 2.930e+000 5.700e+001 2.699e-001-1.738e-001-9.918e-003 8.727e-002-1.550e+000 1.057e+001-4.982e-003-1.265e-002-9.499e-002 7.105e-001 3.556e-001-5.074e-001 8.300e-001-5.818e+000-1.791e+000 1.238e+001
 7.750e+003 2.930e+000 4.800e+001 4.759e-001-2.332e-001 8.808e-003 1.489e-002-2.967e+000 2.027e+001-1.457e-001 2.818e-002-1.353e-001 1.038e+000 4.366e-001-4.717e-001 1.129e+000-8.136e+000-2.261e+000 1.512e+001
 7.880e+003 2.930e+000 6.600e+001 8.122e-001-5.551e-001 1.746e-001-1.700e+000-3.868e+000 2.165e+001-8.577e-001 9.206e+000 6.204e-002-7.111e-001 7.904e-001-1.647e+000 6.812e-001-2.747e+000-3.317e+000 2.308e+001
 8.000e+003 2.930e+000 7.200e+001 1.154e+000-5.337e-001-5.709e-001 4.207e+000-4.436e+000 2.430e+001 1.147e+000-4.232e+000-1.152e+000 9.967e-001 5.302e+000-1.091e+001 3.255e+000-4.723e+000-1.861e+001 9.376e+001
 8.130e+003 2.930e+000 4.200e+001 3.973e-001-5.500e-002 4.075e-003-1.494e-001-2.459e+000 1.678e+001-1.889e-001 1.880e+000-1.580e-001 1.051e+000 4.969e-001-5.699e-001 1.325e+000-9.369e+000-2.439e+000 1.669e+001
 8.250e+003 2.930e+000 6.000e+001 2.380e-001-2.938e-001-1.990e-002 1.104e-001-1.357e+000 9.403e+000 3.143e-001-9.029e-001 2.891e-002-1.126e-001 3.787e-001-5.363e-001 1.869e-001-1.063e+000-1.456e+000 9.682e+000
 8.380e+003 2.930e+000 6.900e+001 5.862e-001-4.870e-001-7.639e-002 6.651e-001-3.790e+000 2.664e+001 6.080e-001-4.221e+000-1.872e-001 1.562e+000 5.379e-001-6.062e-001 1.857e+000-1.373e+001-2.826e+000 2.037e+001
 8.500e+003 2.930e+000 4.200e+001 1.895e-001-1.557e-001-5.055e-002 1.934e-001-1.115e+000 7.613e+000 4.847e-001-1.969e+000 3.315e-003 1.758e-001 2.730e-001-2.374e-001 2.498e-001-2.267e+000-1.237e+000 7.703e+000
 8.630e+003 2.930e+000 6.600e+001 3.253e-001-4.218e-001-2.354e-002 3.316e-001-1.753e+000 1.137e+001 3.691e-001-2.802e+000 3.833e-002 1.285e-001 4.340e-001-6.085e-001 2.259e-001-2.725e+000-1.705e+000 1.076e+001
 8.750e+003 2.930e+000 7.200e+001 7.885e-001-1.136e+000-2.581e-001 1.794e+000-5.181e+000 3.749e+001 1.496e+000-9.966e+000-2.801e-001 2.547e+000 6.077e-001-4.364e-001 2.288e+000-1.901e+001-3.430e+000 2.396e+001
 8.880e+003 2.930e+000 4.200e+001 3.726e-001-4.039e-001-6.853e-002 4.182e-001-2.181e+000 1.439e+001 4.702e-001-2.466e+000-3.491e-003 2.683e-001 2.624e-001-3.364e-001 4.693e-001-3.929e+000-1.191e+000 7.777e+000
 9.000e+003 2.930e+000 7.200e+001 1.741e+000-2.305e+000-5.371e-001 3.849e+000-1.053e+001 6.826e+001 2.991e+000-2.061e+001-3.429e-001 3.060e+000 7.345e-001-5.480e-001 2.960e+000-2.393e+001-3.855e+000 2.544e+001
 9.130e+003 2.930e+000 7.200e+001 6.818e-001-1.035e+000-1.254e-001 8.507e-001-3.855e+000 2.499e+001 9.514e-001-4.980e+000 4.862e-003 4.960e-001 4.578e-001-6.970e-001 7.915e-001-6.614e+000-1.915e+000 1.234e+001
 9.250e+003 2.930e+000 4.800e+001 9.265e-001-1.056e+000-2.566e-001 2.035e+000-5.412e+000 3.394e+001 1.292e+000-1.066e+001-2.629e-001 1.997e+000 4.759e-001-7.370e-001 1.752e+000-1.301e+001-2.365e+000 1.550e+001
 9.380e+003 2.930e+000 6.900e+001 6.597e-001-8.742e-001-1.402e-001 1.006e+000-3.708e+000 2.336e+001 8.888e-001-5.643e+000-2.280e-002 3.677e-001 4.092e-001-6.883e-001 3.589e-001-3.289e+000-1.752e+000 1.089e+001
 9.500e+003 2.930e+000 6.900e+001 7.784e-001-1.048e+000-5.075e-002 6.220e-001-4.123e+000 2.467e+001 4.210e-001-3.734e+000-8.357e-002 7.246e-001 4.210e-001-7.743e-001 8.676e-001-5.902e+000-1.812e+000 1.141e+001
 9.630e+003 2.930e+000 4.500e+001 3.603e-001-5.284e-001-3.544e-002 2.688e-001-1.825e+000 1.116e+001 3.175e-001-1.279e+000-3.397e-002 2.823e-001 2.849e-001-3.796e-001 4.540e-001-2.595e+000-1.088e+000 6.240e+000
 9.750e+003 2.930e+000 6.300e+001 5.868e-001-7.820e-001-5.909e-002 4.506e-001-2.911e+000 1.668e+001 2.879e-001-1.779e+000-7.454e-002 6.039e-001 3.603e-001-7.115e-001 6.732e-001-4.313e+000-1.481e+000 9.350e+000
 9.880e+003 2.930e+000 6.600e+001 5.223e-001-6.223e-001-8.053e-002 5.564e-001-2.639e+000 1.558e+001 5.734e-001-3.458e+000-9.249e-002 8.544e-001 4.464e-001-8.196e-001 7.845e-001-5.311e+000-1.943e+000 1.186e+001
 1.000e+004 2.930e+000 3.360e+002 3.084e+000-3.584e+000-4.289e-001 3.101e+000-1.495e+001 8.397e+001 2.561e+000-1.581e+001-5.295e-001 4.291e+000 2.054e+000-2.595e+000 4.574e+000-2.971e+001-8.434e+000 4.915e+001
 1.130e+004 2.930e+000 5.820e+002 4.208e+000-4.904e+000-1.859e-001 3.168e+000-1.888e+001 9.938e+001 3.206e-001-8.845e+000-1.130e+000 6.685e+000 2.383e+000-3.140e+000 8.547e+000-4.665e+001-9.021e+000 5.404e+001
 1.250e+004 2.930e+000 4.800e+002 1.973e+000-2.466e+000 4.733e-002 8.023e-001-7.471e+000 3.740e+001 1.461e-001-2.200e+000-3.209e-001 1.948e+000 1.654e+000-1.871e+000 3.338e+000-1.600e+001-5.619e+000 3.142e+001
 1.380e+004 2.930e+000 3.870e+002 1.361e+000-1.897e+000 1.546e-002-7.578e-001-4.886e+000 2.431e+001 9.248e-001 9.008e-001 2.467e-001-5.912e-001 1.798e+000-2.635e+000 4.705e-001-7.273e-001-5.833e+000 3.017e+001
 1.500e+004 2.930e+000 4.170e+002 1.471e+000-2.367e+000 5.117e-002-6.092e-001-5.007e+000 2.534e+001 1.237e+000 3.235e-003 2.922e-001-8.263e-001 1.689e+000-2.781e+000 5.226e-001-1.510e-001-5.060e+000 2.733e+001
 1.630e+004 2.930e+000 3.210e+002 6.963e-001-1.183e+000 9.757e-002-7.889e-001-2.019e+000 1.101e+001 1.007e+000-6.712e-001 2.390e-001-6.801e-001 1.480e+000-2.588e+000-6.073e-002 2.456e+000-4.307e+000 2.154e+001
 1.750e+004 2.930e+000 3.150e+002 1.793e+000-4.108e+000-1.803e-002 1.594e+000-4.653e+000 2.450e+001-9.362e-001-3.037e-001-6.120e-001 1.898e+000 1.997e+000-3.711e+000 2.530e+000-1.068e+001-6.451e+000 3.346e+001
 1.880e+004 2.930e+000 3.060e+002 3.077e+000-7.902e+000 1.158e-001 3.756e+000-8.402e+000 4.589e+001-3.811e+000 3.766e+000-1.441e+000 3.751e+000 2.302e+000-5.526e+000 5.784e+000-2.518e+001-7.597e+000 4.245e+001
 2.000e+004 2.930e+000 2.280e+002 2.805e-001-5.758e-001 1.024e-001-9.286e-001-4.815e-001 3.560e+000 9.496e-001-3.151e-001 3.123e-001-1.185e+000 9.648e-001-1.920e+000-7.410e-001 5.984e+000-2.650e+000 1.323e+001
 2.130e+004 2.930e+000 3.210e+002 2.510e+000-7.120e+000-6.279e-003-1.367e+000-6.516e+000 3.936e+001 1.717e+000-9.717e-001 5.608e-001-1.463e+000 6.504e-001-1.115e+000-1.540e+000 8.697e+000-1.423e+000 7.484e+000
 2.250e+004 2.930e+000 1.260e+002 8.913e-002-6.069e-002 9.341e-003-3.930e-002-5.347e-002 2.783e-001 5.848e-002-2.269e-002 2.176e-002-6.880e-002 1.312e-001-1.360e-001-3.187e-002 2.412e-001-1.660e-001 7.445e-001
 2.380e+004 2.930e+000 2.250e+002 3.400e-001-6.512e-001 2.040e-001-1.468e-001-4.798e-001 2.632e+000-8.315e-001 2.938e+000-2.316e-001-1.267e-001 8.327e-001-1.409e+000 1.216e+000-1.397e+000-2.278e+000 1.005e+001
 2.500e+004 2.930e+000 6.300e+001 2.872e-002-1.577e-002 5.842e-003-1.781e-003-1.120e-002 6.399e-002 1.509e-003 8.386e-003 2.558e-003-1.102e-002 4.284e-002-1.467e-002 6.552e-003 3.712e-006-1.206e-002 5.444e-002
 2.630e+004 2.930e+000 6.300e+001 2.243e-002-1.643e-001 4.111e-003 2.189e-002-7.729e-002 3.498e+001 1.463e-001-4.457e-001 4.867e-003-4.260e-001 3.352e-002 2.524e-002 8.406e-003-4.869e+000 5.604e-002 7.096e-001
 2.750e+004 2.930e+000 8.100e+001 3.589e-002-3.614e-002-4.994e-003 2.002e-003-5.324e-002 4.537e-001 3.975e-002-9.275e-002 1.232e-002-2.210e-003 5.718e-002-2.189e-002-2.938e-002 4.914e-002-2.418e-002 1.003e-001
 2.880e+004 2.930e+000 7.500e+001 2.749e-002-1.624e-002 5.402e-004 2.691e-003-1.087e-002 5.916e-002 8.303e-003-7.891e-003 4.967e-003-4.955e-003 3.071e-002-1.372e-003-1.680e-003 7.079e-004-7.633e-003 2.237e-002
 3.000e+004 2.930e+000 8.400e+001 2.927e-002-1.213e-002 2.552e-003 1.583e-003-1.731e-002 5.271e-002 6.690e-004-8.801e-003 2.317e-003-8.984e-003 3.474e-002-1.627e-002 9.292e-003-7.931e-003-2.259e-002 9.263e-002
 3.130e+004 2.930e+000 1.650e+002 6.715e-002-1.775e-002 1.528e-002 2.829e-001-3.344e-002 9.779e-002-1.253e-002-2.823e-001-1.134e-001 1.243e-001 7.460e-001-1.708e+000 3.528e-001-4.232e-001-1.887e+000 9.436e+000
 3.250e+004 2.930e+000 6.300e+001 1.658e-002-9.040e-003 4.406e-003-1.437e-003-5.762e-003 3.629e-002 3.815e-003-9.998e-004 2.920e-003-4.061e-003 2.414e-002-6.969e-003-3.109e-003 1.131e-002-9.861e-003 4.456e-002
 3.380e+004 2.930e+000 5.100e+001 1.119e-002-3.873e-003-1.812e-003-2.301e-003-2.397e-003 1.893e-002 6.919e-003-2.421e-003 2.229e-003-4.610e-003 2.285e-002-1.279e-002-4.513e-003 2.034e-002-1.189e-002 4.683e-002
 3.500e+004 2.930e+000 9.300e+001 2.091e-002-3.722e-003-8.972e-004 1.498e-004-3.879e-003 1.530e-002 2.590e-003-1.105e-003 5.965e-004-2.015e-003 3.060e-002-4.872e-003-1.596e-003 1.128e-003-6.481e-003 1.681e-002
 3.630e+004 2.930e+000 8.700e+001 2.497e-002-3.187e-002 3.948e-003-1.495e-003-2.326e-002 1.742e-001 4.564e-003-7.091e-003 3.504e-003-1.046e-002 2.523e-002-1.779e-003-2.262e-003 1.171e-002-3.084e-003 1.500e-002
 3.750e+004 2.930e+000 4.500e+001 8.077e-003-1.550e-003 1.706e-003 2.661e-004-4.686e-005 7.120e-003 1.533e-003 1.170e-004-1.450e-004-2.910e-003 1.354e-002-2.808e-003 1.937e-003 4.736e-003-4.604e-003 1.066e-002
 3.880e+004 2.930e+000 9.300e+001 1.961e-002-7.039e-003 4.867e-003-3.856e-003-3.579e-003 2.221e-002 4.157e-003-1.304e-003 3.437e-003-5.071e-003 2.507e-002-1.079e-002 1.694e-003 1.425e-002-9.177e-003 4.363e-002
 4.000e+004 2.930e+000 6.000e+001 1.326e-002-6.351e-003 1.201e-003-5.666e-004-6.754e-003 2.346e-002-3.351e-004 2.213e-003-1.267e-004-2.522e-003 1.564e-002-9.271e-003 4.359e-003-2.741e-003-5.677e-003 2.783e-002
 4.130e+004 2.930e+000 9.300e+001 1.657e-002-5.178e-003-1.892e-004-1.769e-003-3.247e-003 2.125e-002 6.660e-003 6.019e-004 3.166e-003-4.963e-003 2.635e-002-1.049e-002 2.298e-003 9.799e-003-7.889e-003 2.775e-002
 4.250e+004 2.930e+000 5.400e+001 8.563e-003-2.568e-003 5.173e-004-2.065e-004-2.461e-003 5.996e-003 8.833e-004 9.887e-004 9.624e-004-1.127e-003 7.999e-003-1.679e-003 7.433e-004 3.840e-004-2.888e-004 4.375e-003
 4.380e+004 2.930e+000 4.200e+001 6.760e-003-2.384e-003 1.047e-003-8.707e-004-3.467e-003 7.367e-003-7.222e-004 8.739e-004 5.293e-004-2.222e-003 9.307e-003-9.142e-004 5.617e-004-2.911e-004-1.617e-004 1.559e-003
 4.500e+004 2.930e+000 5.400e+001 7.102e-003-4.848e-004 2.626e-005 3.783e-004-1.201e-003 3.381e-003 7.378e-004 3.763e-004 1.986e-003-4.610e-004 9.252e-003-3.285e-004-1.419e-004-1.651e-006-1.263e-003 3.565e-003
 4.630e+004 2.930e+000 3.900e+001 5.076e-003-1.493e-003 9.637e-004 9.544e-004-1.557e-004 3.137e-003 6.176e-004-9.459e-005-3.422e-004-5.870e-004 7.804e-003-7.090e-004 8.868e-005 7.351e-004 5.807e-004 3.038e-003
 4.750e+004 2.930e+000 1.440e+002 4.261e-002-8.994e-002 1.487e-003 4.108e-002-6.991e-002 4.952e-001-7.084e-002 5.373e-002-1.890e-002 4.706e-002 3.637e-002-3.379e-002 4.649e-002-2.589e-001-3.571e-002 1.578e-001
 4.880e+004 2.930e+000 1.020e+002 2.164e-002-3.041e-002 2.773e-003 1.232e-002-2.449e-002 1.555e-001-2.180e-002 1.704e-002-4.617e-003 1.265e-002 1.722e-002-1.193e-002 1.652e-002-7.905e-002-9.696e-003 4.821e-002
 5.000e+004 2.930e+000 6.600e+001 7.079e-003-2.297e-003 1.326e-003 1.545e-004-8.604e-004 5.500e-003-9.713e-004 1.710e-004 4.435e-004-1.404e-003 9.223e-003-7.118e-004 4.288e-004-4.237e-004-4.174e-004 1.272e-003
 5.130e+004 2.930e+000 4.200e+001 5.098e-003-1.426e-003 6.001e-004 2.788e-005-2.025e-003 2.558e-003-8.605e-005 4.161e-004 8.973e-004-7.143e-004 5.180e-003-2.842e-004 8.416e-004-6.598e-004-2.926e-004 1.155e-003
 5.250e+004 2.930e+000 3.900e+001 4.229e-003-1.470e-003-5.188e-004 3.228e-004-1.267e-003 3.303e-003-4.806e-004-8.217e-005 5.775e-004-4.305e-005 4.558e-003-3.798e-004 2.547e-004-7.243e-004-3.363e-004 7.254e-004
 5.380e+004 2.930e+000 2.700e+002 9.481e-001-3.291e+000 3.879e-002 7.751e-001-2.556e+000 1.880e+001-1.256e+000 8.473e-001-3.218e-001 7.601e-001 1.515e-001-3.066e-001 8.383e-001-5.084e+000-2.627e-001 1.430e+000
 5.500e+004 2.930e+000 7.800e+001 1.022e-002-7.600e-003-7.038e-005 1.528e-003-3.720e-003 2.576e-002-5.889e-003 2.301e-003-2.545e-003 1.714e-003 1.074e-002-9.824e-004 1.724e-003-4.564e-003-1.393e-003 3.318e-003
 5.630e+004 2.930e+000 9.000e+001 1.448e-002-2.607e-002 2.016e-003 1.651e-003-1.568e-002 1.134e-001-1.190e-002 2.405e-002-1.499e-003-1.372e-004 1.084e-002-2.998e-003 8.675e-003-2.307e-002-2.876e-003 1.316e-002
 5.750e+004 2.930e+000 5.100e+001 3.435e-003-7.985e-005 1.659e-004-1.322e-004-4.660e-004 1.694e-003 3.330e-005 7.289e-005-2.963e-004-2.051e-004 4.462e-003-2.734e-004 8.808e-005-7.414e-005-4.093e-004 7.351e-004
 5.880e+004 2.930e+000 4.800e+001 3.452e-003-5.755e-004 3.030e-004 2.827e-004-2.116e-004 2.169e-003-3.296e-005 1.610e-006 7.619e-004-6.449e-004 4.318e-003 1.372e-004 1.005e-004-8.603e-007-3.830e-004 1.153e-003
 6.000e+004 2.930e+000 5.700e+001 2.312e-002-6.546e-002 8.512e-005 5.908e-002-5.227e-002 3.535e-001-6.189e-002-1.060e-003-1.753e-002 4.597e-002 2.332e-002-5.705e-002 4.657e-002-3.201e-001-4.287e-002 2.943e-001
 6.130e+004 2.930e+000 6.300e+001 4.336e-003 5.286e-005 4.109e-004 2.499e-005-5.766e-004 1.241e-003-2.447e-004-6.936e-005 7.324e-004 3.436e-005 6.204e-003-1.144e-003 3.778e-004-2.076e-004 3.671e-004 1.384e-003
 6.250e+004 2.930e+000 5.700e+001 2.587e-003-1.870e-004-1.905e-004-3.187e-005-6.224e-004 1.491e-003 1.478e-004-6.757e-005-1.066e-004-4.896e-004 4.728e-003 1.222e-004 3.726e-004-2.721e-004-3.971e-004 6.797e-004
 6.380e+004 2.930e+000 6.000e+001 5.810e-003-8.193e-003-5.945e-004 6.380e-003-6.381e-003 3.869e-002-4.335e-003-1.059e-002-1.284e-003 5.214e-003 5.635e-003-3.888e-003 1.168e-003-2.143e-002-2.099e-003 1.655e-002
 6.500e+004 2.930e+000 5.700e+001 3.618e-003-5.045e-004 6.440e-004 1.918e-004-1.040e-003 1.823e-003-2.887e-004 7.072e-007 7.715e-004-2.281e-004 4.165e-003-2.880e-004 2.560e-004-2.608e-004 1.718e-004 7.177e-004
 6.630e+004 2.930e+000 3.900e+001 1.528e-003-3.060e-004 4.382e-004-5.648e-005-2.438e-004 6.380e-004-6.993e-005 0.000e+000 5.320e-004-1.851e-004 3.820e-003-2.157e-004 1.184e-004-6.358e-005-1.396e-004 4.457e-004
 6.750e+004 2.930e+000 6.300e+001 3.368e-003 3.675e-005 7.320e-004-5.302e-004-1.633e-004 1.622e-003-1.835e-004 6.188e-005 6.699e-004-6.338e-004 5.627e-003-1.745e-003 4.677e-004 6.212e-004-7.818e-004 4.232e-003
 6.880e+004 2.930e+000 2.070e+002 1.416e-002-4.575e-002 2.518e-002-1.518e-001-5.733e-003 4.606e-001 2.263e-001 3.910e-001 2.596e-002-2.730e-001 2.888e-001-9.818e-001 2.254e-002 1.483e+000-6.971e-001 5.216e+000
 7.000e+004 2.930e+000 2.100e+001 1.500e-003-3.606e-006 1.569e-004 7.574e-005-3.794e-005 2.415e-004 1.409e-004 6.055e-005 2.190e-004-9.902e-005 1.468e-003-3.359e-004-6.697e-006-1.208e-004-1.064e-004 5.446e-004
 7.130e+004 2.930e+000 4.200e+001 1.529e-003-7.284e-005 4.859e-005 2.009e-004-4.643e-004 9.473e-004-9.638e-005-1.191e-004-3.048e-004 6.330e-005 1.556e-003-1.688e-004 6.929e-005 0.000e+000-7.123e-005 2.976e-004
 7.250e+004 2.930e+000 3.600e+001 1.730e-003-5.899e-004 5.202e-004 5.869e-005-1.132e-003 2.043e-003-3.157e-004 0.000e+000 2.635e-005 4.093e-005 1.879e-003-8.348e-005 2.217e-004-4.097e-004 5.250e-005 2.926e-004
 7.380e+004 2.930e+000 3.600e+001 1.348e-003-2.984e-004 3.284e-005 1.442e-005-3.195e-004 6.876e-004-1.307e-004 0.000e+000 2.006e-004-3.530e-005 1.108e-003-5.342e-005 3.228e-005-5.696e-005-2.810e-005 5.696e-005
 7.500e+004 2.930e+000 3.300e+001 1.292e-003-5.188e-005 9.603e-005 3.211e-005-5.427e-004 6.747e-004 3.072e-005 0.000e+000 6.496e-005-9.187e-005 9.116e-004 7.017e-005-1.446e-005-5.635e-005-2.038e-005 5.635e-005
 7.630e+004 2.930e+000 2.100e+001 5.686e-004-1.938e-004-7.834e-006-1.851e-006 2.469e-005 4.981e-004-3.231e-005 0.000e+000 1.233e-005-4.214e-005 8.172e-004-6.405e-005 5.191e-005-5.505e-005 3.122e-005 5.505e-005
 7.750e+004 2.930e+000 2.400e+001 7.056e-004-8.114e-005 2.377e-004-1.123e-005-2.297e-004 3.809e-004-1.560e-005 0.000e+000 8.806e-006 4.768e-006 8.698e-004-3.682e-005 3.068e-005 0.000e+000-4.761e-005 5.446e-005
 7.880e+004 2.930e+000 2.100e+001 5.528e-004-1.770e-004-1.689e-004 0.000e+000-1.058e-004 4.277e-004-3.645e-005 0.000e+000 1.233e-004-8.388e-005 9.062e-004 0.000e+000 0.000e+000 0.000e+000 0.000e+000 0.000e+000
 8.000e+004 2.930e+000 3.600e+001 7.110e-004-2.766e-004-3.976e-005-8.112e-006-9.012e-004 5.622e-003 5.448e-004 1.575e-004 7.424e-005-4.768e-005 1.043e-003 7.304e-005 1.424e-004-7.882e-004 4.090e-005 2.106e-004
 8.130e+004 2.930e+000 2.100e+001 6.685e-004-7.303e-005 7.558e-005 0.000e+000-1.525e-004 3.630e-004 6.212e-005 0.000e+000-9.559e-005-1.964e-005 4.298e-004 0.000e+000 0.000e+000 0.000e+000 0.000e+000 0.000e+000
 8.250e+004 2.930e+000 3.600e+001 9.469e-004-3.141e-004-7.562e-005-1.471e-005-1.334e-004 5.111e-004-5.143e-005 0.000e+000-6.231e-005 2.428e-005 9.117e-004-3.994e-005-3.012e-005 0.000e+000 4.680e-005 1.023e-004
 8.380e+004 2.930e+000 4.500e+001 9.916e-004-9.331e-005 2.858e-004 1.494e-005-3.375e-004 5.020e-004-1.212e-004 0.000e+000-5.599e-005 1.188e-005 7.906e-004 3.559e-005 5.004e-006 0.000e+000-1.723e-004 3.008e-004
 8.500e+004 2.930e+000 3.900e+001 8.727e-004-2.709e-004-1.824e-004-4.651e-006-7.328e-005 4.464e-004 3.314e-005 0.000e+000 2.654e-005 5.624e-005 7.455e-004-1.441e-004 1.131e-004 4.971e-005-1.250e-004 6.427e-004
 8.630e+004 2.930e+000 8.100e+001 1.734e-003-1.625e-004-9.222e-005 5.808e-005-1.741e-004 8.792e-004 5.383e-005 0.000e+000 9.846e-005 1.737e-005 1.925e-003-1.548e-004-2.974e-005-4.240e-007-6.226e-004 1.171e-003
 8.750e+004 2.930e+000 4.800e+001 7.400e-004-7.883e-005 1.494e-005-1.381e-004-1.050e-004 3.359e-004 4.828e-005 4.776e-005 1.458e-004-8.578e-005 9.316e-004-8.437e-006 1.084e-004 4.820e-005-5.977e-004 1.967e-003
 8.880e+004 2.930e+000 1.080e+002 2.020e-003-6.719e-004 1.074e-004-2.919e-004-3.103e-004 2.083e-003-1.894e-004 9.926e-004 8.699e-005-3.456e-004 2.840e-003-4.811e-004 4.082e-004 1.185e-003-2.721e-003 9.743e-003
 9.000e+004 2.930e+000 1.020e+002 1.951e-003-3.361e-004 2.222e-005 2.676e-004-2.891e-004 1.307e-003-2.706e-004 6.993e-004-1.481e-004-4.309e-004 4.272e-003-1.926e-003 9.243e-004 1.210e-003-8.934e-003 3.066e-002
 9.130e+004 2.930e+000 1.410e+002 2.229e-003 5.447e-005 3.737e-004-7.488e-004-4.244e-004 3.307e-003-5.152e-004 1.421e-003-8.615e-005-8.981e-004 6.573e-003-1.804e-003 5.307e-004 3.396e-003-1.587e-002 6.121e-002
 9.250e+004 2.930e+000 1.440e+002 2.253e-003-6.323e-004 3.772e-004-8.809e-004-9.671e-004 5.399e-003-7.324e-004 3.448e-003 1.409e-004-1.693e-003 4.777e-003-1.691e-003 1.450e-005 6.678e-003-1.230e-002 5.037e-002
 9.380e+004 2.930e+000 1.170e+002 2.123e-003-5.064e-004-7.405e-005-5.397e-006-1.191e-003 4.213e-003 3.238e-004-8.576e-004-1.961e-004-4.472e-004 4.083e-003-2.574e-003 6.172e-004 2.998e-003-7.959e-003 3.286e-002
 9.500e+004 2.930e+000 1.050e+002 1.596e-003-5.050e-004 5.220e-004-8.552e-004-4.732e-004 2.869e-003-5.264e-004 2.431e-003-1.588e-004-5.565e-004 3.883e-003-2.938e-003 1.355e-003 1.061e-003-6.794e-003 2.696e-002
 9.630e+004 2.930e+000 0.000e+000 0.000e+000 0.000e+000 0.000e+000 0.000e+000 0.000e+000 0.000e+000 0.000e+000 0.000e+000 0.000e+000 0.000e+000 0.000e+000 0.000e+000 0.000e+000 0.000e+000 0.000e+000 0.000e+000
 9.750e+004 2.930e+000 0.000e+000 0.000e+000 0.000e+000 0.000e+000 0.000e+000 0.000e+000 0.000e+000 0.000e+000 0.000e+000 0.000e+000 0.000e+000 0.000e+000 0.000e+000 0.000e+000 0.000e+000 0.000e+000 0.000e+000
 9.880e+004 2.930e+000 0.000e+000 0.000e+000 0.000e+000 0.000e+000 0.000e+000 0.000e+000 0.000e+000 0.000e+000 0.000e+000 0.000e+000 0.000e+000 0.000e+000 0.000e+000 0.000e+000 0.000e+000 0.000e+000 0.000e+000
 1.000e+005 2.930e+000 0.000e+000 0.000e+000 0.000e+000 0.000e+000 0.000e+000 0.000e+000 0.000e+000 0.000e+000 0.000e+000 0.000e+000 0.000e+000 0.000e+000 0.000e+000 0.000e+000 0.000e+000 0.000e+000 0.000e+000
