 6.250e+000 2.930e+000 0.000e+000 0.000e+000 0.000e+000 0.000e+000 0.000e+000 0.000e+000 0.000e+000 0.000e+000 0.000e+000 0.000e+000 0.000e+000 0.000e+000 0.000e+000 0.000e+000 0.000e+000 0.000e+000 0.000e+000
 7.500e+000 2.930e+000 0.000e+000 0.000e+000 0.000e+000 0.000e+000 0.000e+000 0.000e+000 0.000e+000 0.000e+000 0.000e+000 0.000e+000 0.000e+000 0.000e+000 0.000e+000 0.000e+000 0.000e+000 0.000e+000 0.000e+000
 8.750e+000 2.930e+000 0.000e+000 0.000e+000 0.000e+000 0.000e+000 0.000e+000 0.000e+000 0.000e+000 0.000e+000 0.000e+000 0.000e+000 0.000e+000 0.000e+000 0.000e+000 0.000e+000 0.000e+000 0.000e+000 0.000e+000
 1.000e+001 2.930e+000 0.000e+000 0.000e+000 0.000e+000 0.000e+000 0.000e+000 0.000e+000 0.000e+000 0.000e+000 0.000e+000 0.000e+000 0.000e+000 0.000e+000 0.000e+000 0.000e+000 0.000e+000 0.000e+000 0.000e+000
 1.130e+001 2.930e+000 2.400e+001 2.713e+004-7.869e+003 3.958e+002-8.074e+002-9.146e+003 9.287e+004-1.168e+003-6.087e+002-3.269e+003 2.316e+003 1.227e+003-4.988e+002 1.150e+003-2.409e+004-8.853e+002 1.269e+004
 1.250e+001 2.930e+000 0.000e+000 0.000e+000 0.000e+000 0.000e+000 0.000e+000 0.000e+000 0.000e+000 0.000e+000 0.000e+000 0.000e+000 0.000e+000 0.000e+000 0.000e+000 0.000e+000 0.000e+000 0.000e+000 0.000e+000
 1.380e+001 2.930e+000 0.000e+000 0.000e+000 0.000e+000 0.000e+000 0.000e+000 0.000e+000 0.000e+000 0.000e+000 0.000e+000 0.000e+000 0.000e+000 0.000e+000 0.000e+000 0.000e+000 0.000e+000 0.000e+000 0.000e+000
 1.500e+001 2.930e+000 2.100e+001 2.194e+004 1.354e+003-6.041e+002 1.250e+003 2.166e+003 1.007e+005-1.630e+003-9.252e+003-1.756e+003-1.165e+003 1.147e+003-1.342e+003-1.556e+003-3.234e+004 3.814e+002 1.530e+004
 1.630e+001 2.930e+000 0.000e+000 0.000e+000 0.000e+000 0.000e+000 0.000e+000 0.000e+000 0.000e+000 0.000e+000 0.000e+000 0.000e+000 0.000e+000 0.000e+000 0.000e+000 0.000e+000 0.000e+000 0.000e+000 0.000e+000
 1.750e+001 2.930e+000 2.400e+001 2.456e+004-4.400e+003-4.306e+002 4.454e+002-7.175e+002 5.516e+004-1.769e+003 2.435e+003-3.601e+003 1.314e+003 1.137e+003-6.189e+002 7.286e+002-1.862e+004-6.772e+002 8.756e+003
 1.880e+001 2.930e+000 0.000e+000 0.000e+000 0.000e+000 0.000e+000 0.000e+000 0.000e+000 0.000e+000 0.000e+000 0.000e+000 0.000e+000 0.000e+000 0.000e+000 0.000e+000 0.000e+000 0.000e+000 0.000e+000 0.000e+000
 2.000e+001 2.930e+000 2.400e+001 2.660e+004 2.650e+002 4.487e+002 1.527e+003-2.105e+003 5.431e+004-1.291e+003-7.077e+003-3.915e+003 3.833e+003 1.628e+003-1.503e+003-7.692e+002-1.892e+004-1.080e+003 9.619e+003
 2.130e+001 2.930e+000 0.000e+000 0.000e+000 0.000e+000 0.000e+000 0.000e+000 0.000e+000 0.000e+000 0.000e+000 0.000e+000 0.000e+000 0.000e+000 0.000e+000 0.000e+000 0.000e+000 0.000e+000 0.000e+000 0.000e+000
 2.250e+001 2.930e+000 0.000e+000 0.000e+000 0.000e+000 0.000e+000 0.000e+000 0.000e+000 0.000e+000 0.000e+000 0.000e+000 0.000e+000 0.000e+000 0.000e+000 0.000e+000 0.000e+000 0.000e+000 0.000e+000 0.000e+000
 2.380e+001 2.930e+000 2.100e+001 3.024e+004-7.283e+003-6.671e+002 4.551e+003-2.284e+003 3.025e+004-2.750e+003 4.682e+001-5.253e+003 2.274e+003 2.238e+003-1.462e+003 1.984e+002-1.174e+004-1.178e+003 5.993e+003
 2.500e+001 2.930e+000 0.000e+000 0.000e+000 0.000e+000 0.000e+000 0.000e+000 0.000e+000 0.000e+000 0.000e+000 0.000e+000 0.000e+000 0.000e+000 0.000e+000 0.000e+000 0.000e+000 0.000e+000 0.000e+000 0.000e+000
 2.630e+001 2.930e+000 2.100e+001 3.055e+004-2.840e+002 3.126e+002 2.680e+003-5.143e+003 4.752e+004-1.793e+003-2.008e+003-5.807e+003 3.809e+003 3.199e+003-1.052e+003 6.246e+002-1.535e+004-1.106e+003 6.545e+003
 2.750e+001 2.930e+000 0.000e+000 0.000e+000 0.000e+000 0.000e+000 0.000e+000 0.000e+000 0.000e+000 0.000e+000 0.000e+000 0.000e+000 0.000e+000 0.000e+000 0.000e+000 0.000e+000 0.000e+000 0.000e+000 0.000e+000
 2.880e+001 2.930e+000 2.400e+001 4.409e+004-1.404e+004-6.098e+002 5.955e+003 5.804e+003 3.841e+004-4.195e+003-1.395e+003-6.780e+003 1.469e+003 2.957e+003-1.880e+003-2.050e+003-1.366e+004-5.747e+002 6.424e+003
 3.000e+001 2.930e+000 0.000e+000 0.000e+000 0.000e+000 0.000e+000 0.000e+000 0.000e+000 0.000e+000 0.000e+000 0.000e+000 0.000e+000 0.000e+000 0.000e+000 0.000e+000 0.000e+000 0.000e+000 0.000e+000 0.000e+000
 3.130e+001 2.930e+000 0.000e+000 0.000e+000 0.000e+000 0.000e+000 0.000e+000 0.000e+000 0.000e+000 0.000e+000 0.000e+000 0.000e+000 0.000e+000 0.000e+000 0.000e+000 0.000e+000 0.000e+000 0.000e+000 0.000e+000
 3.250e+001 2.930e+000 2.400e+001 6.136e+004-2.517e+004-2.397e+002 1.199e+004-4.343e+003 5.067e+004-5.347e+003-5.482e+003-8.800e+003 4.531e+003 5.195e+003-2.984e+003-3.744e+003-1.869e+004-1.147e+003 8.641e+003
 3.380e+001 2.930e+000 0.000e+000 0.000e+000 0.000e+000 0.000e+000 0.000e+000 0.000e+000 0.000e+000 0.000e+000 0.000e+000 0.000e+000 0.000e+000 0.000e+000 0.000e+000 0.000e+000 0.000e+000 0.000e+000 0.000e+000
 3.500e+001 2.930e+000 2.400e+001 8.086e+004-3.065e+004-5.118e+003 1.545e+004 1.258e+003 4.637e+004-7.626e+003-4.534e+003-1.201e+004 6.093e+003 8.267e+003-4.305e+003-4.423e+003-1.761e+004-1.211e+003 8.568e+003
 3.630e+001 2.930e+000 0.000e+000 0.000e+000 0.000e+000 0.000e+000 0.000e+000 0.000e+000 0.000e+000 0.000e+000 0.000e+000 0.000e+000 0.000e+000 0.000e+000 0.000e+000 0.000e+000 0.000e+000 0.000e+000 0.000e+000
 3.750e+001 2.930e+000 2.400e+001 1.157e+005-6.482e+004-6.555e+003 3.184e+004-1.034e+004 7.162e+004-1.759e+004-5.475e+003-2.101e+004 8.528e+003 1.494e+004-8.739e+003-1.053e+003-2.997e+004-2.511e+003 1.400e+004
 3.880e+001 2.930e+000 0.000e+000 0.000e+000 0.000e+000 0.000e+000 0.000e+000 0.000e+000 0.000e+000 0.000e+000 0.000e+000 0.000e+000 0.000e+000 0.000e+000 0.000e+000 0.000e+000 0.000e+000 0.000e+000 0.000e+000
 4.000e+001 2.930e+000 0.000e+000 0.000e+000 0.000e+000 0.000e+000 0.000e+000 0.000e+000 0.000e+000 0.000e+000 0.000e+000 0.000e+000 0.000e+000 0.000e+000 0.000e+000 0.000e+000 0.000e+000 0.000e+000 0.000e+000
 4.130e+001 2.930e+000 2.400e+001 2.110e+005-1.024e+005-7.942e+003 5.617e+004-2.938e+004 7.714e+004-2.245e+004-8.381e+003-4.448e+004 1.900e+004 4.092e+004-1.404e+004 2.128e+003-3.702e+004-7.426e+003 1.987e+004
 4.250e+001 2.930e+000 0.000e+000 0.000e+000 0.000e+000 0.000e+000 0.000e+000 0.000e+000 0.000e+000 0.000e+000 0.000e+000 0.000e+000 0.000e+000 0.000e+000 0.000e+000 0.000e+000 0.000e+000 0.000e+000 0.000e+000
 4.380e+001 2.930e+000 2.400e+001 4.538e+005-2.727e+005-4.509e+004 1.466e+005-3.449e+004 2.713e+005-1.612e+005-1.889e+004-1.263e+005 4.880e+004 1.402e+005-7.581e+004-5.771e+003-1.271e+005-1.469e+004 6.319e+004
 4.500e+001 2.930e+000 0.000e+000 0.000e+000 0.000e+000 0.000e+000 0.000e+000 0.000e+000 0.000e+000 0.000e+000 0.000e+000 0.000e+000 0.000e+000 0.000e+000 0.000e+000 0.000e+000 0.000e+000 0.000e+000 0.000e+000
 4.630e+001 2.930e+000 2.400e+001 1.482e+006-7.316e+005-1.170e+005 4.047e+005-1.928e+005 5.413e+005-2.272e+005-4.460e+004-2.031e+005 1.551e+005 2.209e+005-1.166e+005 1.651e+004-2.689e+005-6.591e+004 1.403e+005
 4.750e+001 2.930e+000 0.000e+000 0.000e+000 0.000e+000 0.000e+000 0.000e+000 0.000e+000 0.000e+000 0.000e+000 0.000e+000 0.000e+000 0.000e+000 0.000e+000 0.000e+000 0.000e+000 0.000e+000 0.000e+000 0.000e+000
 4.880e+001 2.930e+000 0.000e+000 0.000e+000 0.000e+000 0.000e+000 0.000e+000 0.000e+000 0.000e+000 0.000e+000 0.000e+000 0.000e+000 0.000e+000 0.000e+000 0.000e+000 0.000e+000 0.000e+000 0.000e+000 0.000e+000
 5.000e+001 2.930e+000 2.400e+001 8.516e+008-2.573e+008-3.425e+007 1.352e+008 3.280e+007 8.077e+007-3.565e+007-9.162e+006-1.105e+008 6.219e+006 1.627e+007-1.974e+007-4.749e+007-4.323e+007 6.934e+005 2.429e+007
 5.130e+001 2.930e+000 0.000e+000 0.000e+000 0.000e+000 0.000e+000 0.000e+000 0.000e+000 0.000e+000 0.000e+000 0.000e+000 0.000e+000 0.000e+000 0.000e+000 0.000e+000 0.000e+000 0.000e+000 0.000e+000 0.000e+000
 5.250e+001 2.930e+000 2.400e+001 1.990e+006-1.017e+006-8.614e+004 5.604e+005-3.367e+005 6.568e+005-2.472e+005-5.479e+004-3.833e+005 1.353e+005 1.605e+005-1.338e+005 7.990e+004-3.330e+005-5.086e+004 1.753e+005
 5.380e+001 2.930e+000 0.000e+000 0.000e+000 0.000e+000 0.000e+000 0.000e+000 0.000e+000 0.000e+000 0.000e+000 0.000e+000 0.000e+000 0.000e+000 0.000e+000 0.000e+000 0.000e+000 0.000e+000 0.000e+000 0.000e+000
 5.500e+001 2.930e+000 0.000e+000 0.000e+000 0.000e+000 0.000e+000 0.000e+000 0.000e+000 0.000e+000 0.000e+000 0.000e+000 0.000e+000 0.000e+000 0.000e+000 0.000e+000 0.000e+000 0.000e+000 0.000e+000 0.000e+000
 5.630e+001 2.930e+000 2.400e+001 4.838e+005-2.021e+005-4.451e+004 1.134e+005-5.700e+004 1.337e+005-4.937e+004-1.142e+004-6.970e+004 3.799e+004 4.303e+004-2.677e+004 1.110e+004-6.584e+004-1.472e+004 3.428e+004
 5.750e+001 2.930e+000 0.000e+000 0.000e+000 0.000e+000 0.000e+000 0.000e+000 0.000e+000 0.000e+000 0.000e+000 0.000e+000 0.000e+000 0.000e+000 0.000e+000 0.000e+000 0.000e+000 0.000e+000 0.000e+000 0.000e+000
 5.880e+001 2.930e+000 2.400e+001 2.181e+005-7.356e+004-1.295e+004 4.336e+004-2.340e+004 7.925e+004-3.047e+004-6.059e+003-2.829e+004 1.741e+004 2.446e+004-1.540e+004 3.435e+003-3.571e+004-6.352e+003 1.768e+004
 6.000e+001 2.930e+000 0.000e+000 0.000e+000 0.000e+000 0.000e+000 0.000e+000 0.000e+000 0.000e+000 0.000e+000 0.000e+000 0.000e+000 0.000e+000 0.000e+000 0.000e+000 0.000e+000 0.000e+000 0.000e+000 0.000e+000
 6.130e+001 2.930e+000 2.400e+001 1.174e+005-4.993e+004-7.045e+003 2.694e+004-7.995e+003 5.046e+004-1.776e+004-3.924e+003-1.797e+004 5.117e+003 1.075e+004-8.886e+003 1.323e+002-2.297e+004-1.476e+003 1.164e+004
 6.250e+001 2.930e+000 0.000e+000 0.000e+000 0.000e+000 0.000e+000 0.000e+000 0.000e+000 0.000e+000 0.000e+000 0.000e+000 0.000e+000 0.000e+000 0.000e+000 0.000e+000 0.000e+000 0.000e+000 0.000e+000 0.000e+000
 6.380e+001 2.930e+000 0.000e+000 0.000e+000 0.000e+000 0.000e+000 0.000e+000 0.000e+000 0.000e+000 0.000e+000 0.000e+000 0.000e+000 0.000e+000 0.000e+000 0.000e+000 0.000e+000 0.000e+000 0.000e+000 0.000e+000
 6.500e+001 2.930e+000 2.400e+001 7.904e+004-2.543e+004-6.362e+002 1.302e+004-5.335e+003 3.421e+004-9.232e+003-2.243e+003-1.121e+004 2.703e+003 7.483e+003-4.165e+003 7.882e+002-1.475e+004-1.029e+003 7.040e+003
 6.630e+001 2.930e+000 0.000e+000 0.000e+000 0.000e+000 0.000e+000 0.000e+000 0.000e+000 0.000e+000 0.000e+000 0.000e+000 0.000e+000 0.000e+000 0.000e+000 0.000e+000 0.000e+000 0.000e+000 0.000e+000 0.000e+000
 6.750e+001 2.930e+000 2.400e+001 6.057e+004-2.211e+004 5.284e+002 1.044e+004-3.395e+003 3.451e+004-5.264e+003-2.154e+003-8.175e+003 2.854e+003 3.997e+003-2.598e+003 1.046e+002-1.500e+004-1.339e+003 7.365e+003
 6.880e+001 2.930e+000 0.000e+000 0.000e+000 0.000e+000 0.000e+000 0.000e+000 0.000e+000 0.000e+000 0.000e+000 0.000e+000 0.000e+000 0.000e+000 0.000e+000 0.000e+000 0.000e+000 0.000e+000 0.000e+000 0.000e+000
 7.000e+001 2.930e+000 2.400e+001 4.493e+004-1.161e+004 1.891e+002 6.091e+003-3.436e+003 1.823e+004-2.945e+003-1.947e+003-5.845e+003 2.238e+003 2.562e+003-1.574e+003-1.266e+002-8.787e+003-1.128e+003 5.033e+003
 7.130e+001 2.930e+000 0.000e+000 0.000e+000 0.000e+000 0.000e+000 0.000e+000 0.000e+000 0.000e+000 0.000e+000 0.000e+000 0.000e+000 0.000e+000 0.000e+000 0.000e+000 0.000e+000 0.000e+000 0.000e+000 0.000e+000
 7.250e+001 2.930e+000 0.000e+000 0.000e+000 0.000e+000 0.000e+000 0.000e+000 0.000e+000 0.000e+000 0.000e+000 0.000e+000 0.000e+000 0.000e+000 0.000e+000 0.000e+000 0.000e+000 0.000e+000 0.000e+000 0.000e+000
 7.380e+001 2.930e+000 2.400e+001 3.972e+004-1.453e+004-1.108e+003 6.253e+003 2.572e+003 2.506e+004-3.886e+003-2.757e+003-5.004e+003 2.193e+003 1.872e+003-1.863e+003-2.412e+003-1.075e+004-9.146e+002 5.690e+003
 7.500e+001 2.930e+000 0.000e+000 0.000e+000 0.000e+000 0.000e+000 0.000e+000 0.000e+000 0.000e+000 0.000e+000 0.000e+000 0.000e+000 0.000e+000 0.000e+000 0.000e+000 0.000e+000 0.000e+000 0.000e+000 0.000e+000
 7.630e+001 2.930e+000 2.400e+001 2.706e+004-9.395e+003-3.105e+002 4.403e+003-2.295e+003 1.705e+004-2.449e+003-2.579e+003-4.123e+003 2.327e+003 1.576e+003-1.594e+003-9.174e+002-8.280e+003-8.861e+002 4.967e+003
 7.750e+001 2.930e+000 0.000e+000 0.000e+000 0.000e+000 0.000e+000 0.000e+000 0.000e+000 0.000e+000 0.000e+000 0.000e+000 0.000e+000 0.000e+000 0.000e+000 0.000e+000 0.000e+000 0.000e+000 0.000e+000 0.000e+000
 7.880e+001 2.930e+000 2.400e+001 2.532e+004-7.148e+003-1.321e+002 3.548e+003-2.121e+003 1.380e+004-9.407e+002-2.220e+003-2.919e+003 1.571e+003 1.034e+003-5.708e+002-4.389e+002-6.673e+003-7.743e+002 4.120e+003
 8.000e+001 2.930e+000 0.000e+000 0.000e+000 0.000e+000 0.000e+000 0.000e+000 0.000e+000 0.000e+000 0.000e+000 0.000e+000 0.000e+000 0.000e+000 0.000e+000 0.000e+000 0.000e+000 0.000e+000 0.000e+000 0.000e+000
 8.130e+001 2.930e+000 0.000e+000 0.000e+000 0.000e+000 0.000e+000 0.000e+000 0.000e+000 0.000e+000 0.000e+000 0.000e+000 0.000e+000 0.000e+000 0.000e+000 0.000e+000 0.000e+000 0.000e+000 0.000e+000 0.000e+000
 8.250e+001 2.930e+000 2.400e+001 2.225e+004-7.406e+003-9.826e+002 4.285e+003-2.139e+003 1.634e+004-1.434e+003-2.375e+003-2.414e+003 1.731e+003 6.818e+002-9.467e+002-5.962e+002-7.545e+003-5.467e+002 4.388e+003
 8.380e+001 2.930e+000 0.000e+000 0.000e+000 0.000e+000 0.000e+000 0.000e+000 0.000e+000 0.000e+000 0.000e+000 0.000e+000 0.000e+000 0.000e+000 0.000e+000 0.000e+000 0.000e+000 0.000e+000 0.000e+000 0.000e+000
 8.500e+001 2.930e+000 2.400e+001 1.981e+004-7.172e+003-9.240e+002 3.864e+003-1.275e+003 1.424e+004-2.453e+003-2.128e+003-3.004e+003 1.098e+003 1.483e+003-1.083e+003-4.324e+002-6.326e+003-2.026e+002 3.626e+003
 8.630e+001 2.930e+000 0.000e+000 0.000e+000 0.000e+000 0.000e+000 0.000e+000 0.000e+000 0.000e+000 0.000e+000 0.000e+000 0.000e+000 0.000e+000 0.000e+000 0.000e+000 0.000e+000 0.000e+000 0.000e+000 0.000e+000
 8.750e+001 2.930e+000 2.400e+001 1.678e+004-5.150e+003-4.060e+002 2.570e+003-1.232e+003 1.110e+004-1.164e+003-1.367e+003-1.637e+003 9.284e+002 4.886e+002-6.795e+002 1.920e+002-4.723e+003-3.513e+002 2.644e+003
 8.880e+001 2.930e+000 0.000e+000 0.000e+000 0.000e+000 0.000e+000 0.000e+000 0.000e+000 0.000e+000 0.000e+000 0.000e+000 0.000e+000 0.000e+000 0.000e+000 0.000e+000 0.000e+000 0.000e+000 0.000e+000 0.000e+000
 9.000e+001 2.930e+000 0.000e+000 0.000e+000 0.000e+000 0.000e+000 0.000e+000 0.000e+000 0.000e+000 0.000e+000 0.000e+000 0.000e+000 0.000e+000 0.000e+000 0.000e+000 0.000e+000 0.000e+000 0.000e+000 0.000e+000
 9.130e+001 2.930e+000 2.100e+001 1.605e+004-4.614e+003-5.317e+002 2.493e+003-2.239e+003 7.570e+003-1.149e+003-9.546e+002-1.844e+003 4.655e+002 5.658e+002-5.630e+002 1.315e+002-3.540e+003-9.965e+001 2.012e+003
 9.250e+001 2.930e+000 0.000e+000 0.000e+000 0.000e+000 0.000e+000 0.000e+000 0.000e+000 0.000e+000 0.000e+000 0.000e+000 0.000e+000 0.000e+000 0.000e+000 0.000e+000 0.000e+000 0.000e+000 0.000e+000 0.000e+000
 9.380e+001 2.930e+000 2.400e+001 1.586e+004-3.621e+003-4.969e+002 2.026e+003-1.879e+003 5.531e+003-6.543e+002-5.209e+002-1.487e+003 7.014e+002 3.619e+002-3.871e+002 3.778e+002-2.245e+003-2.575e+002 1.153e+003
 9.500e+001 2.930e+000 0.000e+000 0.000e+000 0.000e+000 0.000e+000 0.000e+000 0.000e+000 0.000e+000 0.000e+000 0.000e+000 0.000e+000 0.000e+000 0.000e+000 0.000e+000 0.000e+000 0.000e+000 0.000e+000 0.000e+000
 9.630e+001 2.930e+000 2.400e+001 1.622e+004-2.826e+003-3.571e+002 1.447e+003-7.660e+002 4.713e+003-8.913e+002-1.163e+002-1.231e+003 4.215e+002 6.029e+002-4.259e+002-5.307e+001-1.708e+003-1.500e+002 7.265e+002
 9.750e+001 2.930e+000 0.000e+000 0.000e+000 0.000e+000 0.000e+000 0.000e+000 0.000e+000 0.000e+000 0.000e+000 0.000e+000 0.000e+000 0.000e+000 0.000e+000 0.000e+000 0.000e+000 0.000e+000 0.000e+000 0.000e+000
 9.880e+001 2.930e+000 0.000e+000 0.000e+000 0.000e+000 0.000e+000 0.000e+000 0.000e+000 0.000e+000 0.000e+000 0.000e+000 0.000e+000 0.000e+000 0.000e+000 0.000e+000 0.000e+000 0.000e+000 0.000e+000 0.000e+000
 1.000e+002 2.930e+000 3.600e+001 4.303e+005-2.169e+004-2.143e+004 1.146e+004-1.101e+003 7.163e+003 6.076e+002-1.255e+002-1.658e+003 2.404e+003 1.950e+003 2.586e+002 2.102e+003-2.982e+003-1.172e+003 1.495e+003
 1.130e+002 2.930e+000 4.200e+001 2.929e+004-2.947e+003 2.435e+002 2.565e+003-4.771e+003 1.343e+004-1.319e+003-2.060e+003-2.355e+003 1.396e+003 5.126e+002-9.021e+002 2.089e+003-6.868e+003-5.682e+002 4.372e+003
 1.250e+002 2.930e+000 4.500e+001 2.888e+004 7.550e+002 9.080e+000-7.360e+002 5.442e+001 1.690e+004-1.087e+003-2.394e+003-1.314e+003 1.699e+003 4.807e+002-7.724e+002 2.495e+002-9.359e+003-9.036e+002 6.298e+003
 1.380e+002 2.930e+000 4.200e+001 3.918e+004-4.158e+003-1.650e+002 1.156e+003-9.442e+002 1.019e+004-1.265e+003-5.884e+002-2.560e+003 9.346e+002 5.738e+002-6.358e+002-3.291e+002-4.478e+003-4.434e+002 2.591e+003
 1.500e+002 2.930e+000 3.000e+001 2.341e+005 9.128e+002-6.927e+003 2.694e+003 5.025e+004 1.719e+004-2.234e+003 8.872e+002-6.537e+003-1.492e+003 6.778e+002-8.448e+002-1.602e+004-5.378e+003 3.725e+002 1.822e+003
 1.630e+002 2.930e+000 3.600e+001 4.631e+004-4.896e+003-1.058e+003 1.997e+003-1.467e+003 1.271e+004-1.634e+003-1.093e+003-2.416e+003 1.478e+003 7.202e+002-1.021e+003-1.254e+003-6.601e+003-7.377e+002 4.533e+003
 1.750e+002 2.930e+000 6.000e+001 9.357e+004-1.998e+004-3.708e+003 8.759e+003-3.348e+003 3.046e+004-2.232e+003-4.741e+003-5.384e+003 3.102e+003 1.376e+003-1.634e+003-2.606e+003-1.619e+004-1.568e+003 1.189e+004
 1.880e+002 2.930e+000 6.600e+001 4.856e+005-1.538e+005-1.437e+004 5.788e+004-1.525e+004 8.464e+004-1.118e+004-2.117e+003-2.895e+004 8.726e+003 3.775e+003-5.058e+003 6.636e+003-3.703e+004-4.015e+003 1.924e+004
 2.000e+002 2.930e+000 9.300e+001 2.557e+007-7.433e+006-6.134e+005 2.627e+006 2.277e+006 2.486e+006-3.923e+005 7.752e+004-1.104e+006 8.294e+004 7.013e+004-1.351e+005-5.456e+005-8.639e+005-4.184e+004 3.082e+005
 2.130e+002 2.930e+000 6.000e+001 8.284e+005-1.065e+005-2.357e+004 4.953e+004 1.315e+005 7.317e+004-1.409e+004-1.652e+003-4.339e+004 1.505e+002 4.755e+003-7.757e+003-5.991e+004-3.809e+004-5.344e+002 2.267e+004
 2.250e+002 2.930e+000 7.200e+001 1.076e+006-1.418e+004-4.361e+004 5.817e+004 8.831e+004 4.000e+004-7.172e+003 9.687e+002-7.230e+004-4.331e+002 8.833e+003-8.238e+003-4.917e+004-2.689e+004-2.999e+003 2.287e+004
 2.380e+002 2.930e+000 6.300e+001 5.116e+006 2.600e+005-1.499e+005 7.863e+004 1.109e+005 3.859e+004 1.054e+004 6.584e+003-3.741e+005-1.555e+004 3.507e+004-1.150e+004-1.070e+005-9.217e+003 5.068e+003 9.691e+003
 2.500e+002 2.930e+000 9.000e+001 2.326e+008 1.211e+007-8.062e+006 3.379e+006 3.211e+006 9.634e+005 6.965e+005 2.918e+005-1.807e+007-7.115e+005 1.843e+006-5.166e+005-4.719e+006-1.983e+004 2.750e+005 2.177e+005
 2.630e+002 2.930e+000 6.600e+001 4.104e+006 1.944e+005-1.575e+005 8.960e+004 4.095e+004 4.228e+004 8.304e+003 2.059e+003-3.395e+005-7.290e+003 3.906e+004-1.432e+004-7.348e+004-1.371e+004 6.914e+002 1.445e+004
 2.750e+002 2.930e+000 6.000e+001 6.606e+005 4.492e+004-2.726e+004 1.408e+004-1.177e+004 3.471e+004 1.794e+003-3.003e+003-5.942e+004 3.248e+003 8.643e+003-3.129e+003 1.862e+003-1.812e+004-2.925e+003 1.363e+004
 2.880e+002 2.930e+000 5.100e+001 2.314e+005 4.794e+004-8.057e+003-1.125e+004 1.164e+004 5.316e+004 2.404e+003-2.489e+003-1.930e+004 3.688e+003 4.159e+003-8.826e+002-1.198e+003-2.345e+004-2.288e+003 1.396e+004
 3.000e+002 2.930e+000 8.100e+001 6.264e+005-3.495e+005 1.784e+004 8.770e+004 3.227e+005 1.176e+006 5.907e+004 4.811e+003-9.053e+003-1.716e+004 1.223e+004 9.106e+003-7.797e+004-2.729e+005 3.378e+003 6.868e+004
 3.130e+002 2.930e+000 8.700e+001 1.843e+005-1.016e+005-8.836e+003 3.915e+004 1.159e+004 1.402e+005-3.148e+004-1.542e+003-2.535e+004 2.229e+003 9.287e+003-1.335e+004-1.184e+004-5.771e+004-1.376e+003 2.742e+004
 3.250e+002 2.930e+000 1.200e+002 1.971e+005-1.409e+005-6.276e+003 6.850e+004-3.215e+004 2.716e+005-8.094e+004-8.105e+002-4.970e+004 1.949e+004 2.861e+004-3.730e+004 1.037e+004-1.272e+005-1.045e+004 6.441e+004
 3.380e+002 2.930e+000 9.600e+001 2.447e+005-3.282e+005 2.136e+004 1.458e+005-1.581e+005 8.991e+005-3.196e+005 1.752e+004-1.372e+005 7.845e+004 1.240e+005-1.393e+005 8.212e+004-4.008e+005-4.281e+004 1.827e+005
 3.500e+002 2.930e+000 9.600e+001 3.449e+006-6.990e+006 6.562e+005 3.014e+006-3.330e+006 2.290e+007-8.729e+006 3.106e+005-2.972e+006 1.961e+006 3.502e+006-3.786e+006 1.546e+006-1.000e+007-9.757e+005 4.377e+006
 3.630e+002 2.930e+000 9.600e+001 1.403e+005-1.827e+005 2.203e+004 8.237e+004-1.061e+005 8.146e+005-2.997e+005 6.943e+003-8.083e+004 6.815e+004 1.191e+005-1.346e+005 4.634e+004-3.705e+005-3.414e+004 1.717e+005
 3.750e+002 2.930e+000 1.200e+002 6.180e+004-2.625e+004-3.621e+003 1.491e+004-1.282e+003 1.931e+005-6.729e+004 6.369e+003-1.380e+004 1.755e+004 2.837e+004-3.103e+004-2.140e+002-9.376e+004-1.151e+004 4.959e+004
 3.880e+002 2.930e+000 9.300e+001 9.660e+004 6.983e+003-1.200e+004 1.297e+003 2.208e+004 5.960e+004-1.991e+004 2.125e+003 5.675e+002 4.171e+003 9.545e+003-8.898e+003-9.886e+003-2.855e+004-3.492e+003 1.633e+004
 4.000e+002 2.930e+000 6.900e+001 3.207e+006 2.111e+005-7.201e+004-1.208e+005-5.820e+004 4.760e+004-1.434e+004 4.373e+003 1.071e+005-6.831e+003 9.285e+003-8.484e+003-2.265e+004-2.108e+004 1.239e+003 1.149e+004
 4.130e+002 2.930e+000 6.600e+001 1.792e+005-8.749e+003 6.020e+003 7.627e+002-2.684e+004 2.463e+004-5.165e+003-4.393e+000-3.377e+002 5.538e+002 2.005e+003-2.495e+003 9.387e+003-1.121e+004-4.660e+002 5.969e+003
 4.250e+002 2.930e+000 5.700e+001 8.714e+004-1.221e+004 4.666e+003 3.567e+003-1.304e+004 2.248e+004-3.730e+003 5.843e+002-7.032e+002-1.928e+002 1.366e+003-1.991e+003 5.965e+003-1.047e+004-2.197e+002 5.736e+003
 4.380e+002 2.930e+000 5.700e+001 2.297e+005-4.839e+004 9.348e+003 1.750e+004-2.228e+004 3.770e+004-5.456e+003 3.345e+003 9.218e+002 2.405e+002 2.274e+003-3.693e+003 1.639e+004-2.092e+004-1.476e+003 1.421e+004
 4.500e+002 2.930e+000 6.900e+001 8.879e+006-1.053e+006 4.152e+005 1.458e+005-8.140e+005 3.283e+005-2.663e+004 4.516e+004 2.038e+005-8.718e+004 3.315e+004-2.335e+004 3.848e+005-9.697e+004 2.025e+004 3.876e+004
 4.630e+002 2.930e+000 5.700e+001 1.934e+005-3.910e+004 4.316e+003 1.961e+004-2.575e+004 3.654e+004-1.858e+003-1.765e+003-1.203e+003-8.281e+002 1.146e+003-1.460e+003 5.179e+003-1.899e+004-3.623e+002 1.345e+004
 4.750e+002 2.930e+000 5.400e+001 2.492e+004-4.171e+003 1.395e+003 1.283e+003-7.817e+003 2.996e+004-1.993e+003-1.104e+003-1.199e+003 1.027e+002 7.117e+002-1.307e+003 4.728e+003-1.454e+004-2.833e+002 9.002e+003
 4.880e+002 2.930e+000 4.200e+001 4.832e+004-1.500e+004-1.337e+003 3.479e+003-9.473e+002 2.802e+004-1.325e+003 6.185e+002 3.494e+002 6.245e+002 7.347e+002-1.018e+003-4.303e+002-1.021e+004-4.839e+002 4.897e+003
 5.000e+002 2.930e+000 8.700e+001 3.458e+006-3.230e+004-3.003e+005-2.032e+004 8.956e+005 3.336e+005-9.137e+004-5.058e+003 1.004e+005 3.129e+004 3.496e+004-4.453e+004-4.142e+005-1.471e+005-1.284e+004 6.861e+004
 5.130e+002 2.930e+000 8.100e+001 1.160e+005 5.233e+004-1.424e+004-1.874e+004-6.271e+003 8.285e+004-3.994e+003 1.017e+004 6.953e+003-1.064e+004 3.941e+003-4.422e+003-1.208e+004-2.767e+004 1.420e+003 1.435e+004
 5.250e+002 2.930e+000 7.500e+001 3.860e+004 3.087e+004-7.038e+003-8.563e+003-3.771e+004 1.576e+005 4.380e+003 1.306e+004 3.849e+003-1.934e+004 3.874e+003-1.759e+003 2.481e+003-3.920e+004 3.765e+003 1.552e+004
 5.380e+002 2.930e+000 8.400e+001 5.251e+004 5.123e+004-1.225e+004-2.406e+004-1.626e+005 8.823e+005 2.716e+004 7.384e+004 1.604e+004-9.874e+004 1.378e+004-3.650e+003 3.247e+004-2.097e+005 2.516e+004 6.003e+004
 5.500e+002 2.930e+000 9.600e+001 2.818e+006-1.785e+006-2.148e+005-4.532e+005-9.680e+006 5.609e+007 2.396e+006 5.010e+006 1.115e+006-6.203e+006 8.088e+005-3.031e+004 2.330e+006-1.261e+007 1.610e+006 3.297e+006
 5.630e+002 2.930e+000 9.900e+001 6.131e+004-5.183e+004-1.737e+003-2.215e+003-1.506e+005 1.166e+006 4.586e+004 8.908e+004 1.530e+004-1.105e+005 1.454e+004-1.850e+002 3.481e+004-2.629e+005 2.762e+004 6.995e+004
 5.750e+002 2.930e+000 7.200e+001 1.704e+004-1.775e+004-2.450e+002 4.257e+003-1.126e+004 1.640e+005 5.566e+003 7.244e+003 1.291e+003-9.703e+003 1.701e+003 7.226e+001 1.193e+003-4.456e+004 1.821e+003 1.615e+004
 5.880e+002 2.930e+000 6.000e+001 1.243e+004-1.545e+004 1.895e+002 5.715e+003-1.053e+003 7.786e+004 1.057e+003 3.766e+003-2.608e+002-3.158e+003 5.899e+002-3.323e+002 5.442e+002-2.564e+004 4.907e+002 1.164e+004
 6.000e+002 2.930e+000 4.200e+001 1.615e+005 4.253e+004 5.305e+003-1.734e+004-5.477e+003 5.225e+004-4.668e+003 4.477e+002 8.498e+003 6.463e+002 1.243e+003-2.153e+003 4.722e+003-1.772e+004-3.585e+002 7.090e+003
 6.130e+002 2.930e+000 4.200e+001 7.037e+003 1.614e+003 4.372e+002-2.297e+003-2.142e+003 2.169e+004-1.024e+003-4.970e+002 1.225e+002 3.363e+002 3.698e+002-1.073e+003 1.325e+003-9.630e+003-5.679e+002 6.899e+003
 6.250e+002 2.930e+000 3.600e+001 4.655e+003-7.113e+002-8.930e+001-2.630e+002 3.405e+002 1.618e+004-7.350e+002-6.592e+002 1.243e+001 5.831e+002 3.133e+002-6.220e+002-7.430e+002-6.756e+003-5.036e+002 4.039e+003
 6.380e+002 2.930e+000 5.100e+001 7.516e+003 7.100e+002-5.264e+002 1.672e+002 4.107e+003 6.550e+004-4.893e+003-6.512e+002 9.266e+001 1.211e+003 6.736e+002-1.899e+003-1.972e+003-2.334e+004-6.848e+002 9.439e+003
 6.500e+002 2.930e+000 7.800e+001 2.534e+005 7.085e+005-6.042e+004-2.471e+005 4.715e+005 7.339e+006-1.012e+006 1.229e+005 9.988e+004 5.875e+004 1.408e+005-3.615e+005-1.813e+005-2.627e+006-3.806e+004 9.428e+005
 6.630e+002 2.930e+000 6.600e+001 6.402e+003 1.346e+003-5.002e+001-3.832e+002-1.556e+003 3.260e+004-4.040e+003 9.156e+002 5.707e+001-2.066e+002 7.426e+002-1.787e+003 9.430e+002-1.433e+004-2.502e+002 7.686e+003
 6.750e+002 2.930e+000 4.800e+001 3.193e+003 1.067e+003 2.944e+002-1.018e+003-1.231e+003 1.032e+004-1.023e+003-8.966e+001-3.182e+001 8.942e+001 2.675e+002-7.326e+002 8.817e+002-5.595e+003-3.410e+002 4.185e+003
 6.880e+002 2.930e+000 5.400e+001 6.466e+003 5.228e+002 1.783e+002-1.190e+003 1.753e+002 9.448e+003-8.011e+002-7.964e+002 1.273e+001 7.504e+002 3.442e+002-7.556e+002-3.884e+002-5.828e+003-7.280e+002 4.802e+003
 7.000e+002 2.930e+000 5.400e+001 1.039e+006 2.337e+003 3.455e+004 7.024e+003-8.630e+004 1.824e+004-3.942e+003-1.596e+003 7.725e+002 1.005e+003 1.570e+003-2.354e+003 4.637e+004-1.088e+004-5.092e+002 7.492e+003
 7.130e+002 2.930e+000 6.000e+001 8.577e+003-1.157e+003 2.694e+002 3.472e+002-2.766e+003 5.008e+003-3.232e+002-1.675e+001-6.813e+001 8.184e+001 1.329e+002-1.841e+002 1.024e+003-2.391e+003-1.369e+002 1.504e+003
 7.250e+002 2.930e+000 5.100e+001 5.280e+003-6.066e+002 1.785e+002 1.643e+002-2.534e+003 4.566e+003-2.728e+002-6.649e+001-1.213e+002 1.529e+002 6.543e+001-2.321e+002 1.384e+003-2.766e+003-1.595e+002 2.198e+003
 7.380e+002 2.930e+000 4.800e+001 7.637e+003 8.810e+002 2.965e+002-1.138e+003-2.251e+003 6.286e+003-7.252e+002-3.595e+002-2.712e+002 3.731e+002 1.678e+002-5.707e+002 1.874e+003-4.705e+003-3.286e+002 4.123e+003
 7.500e+002 2.930e+000 7.800e+001 5.037e+005 3.047e+004-2.826e+004-1.215e+004 8.337e+004 4.270e+004-1.300e+004 1.593e+003 1.103e+003-1.626e+003 5.325e+003-6.962e+003-4.011e+004-2.123e+004-3.321e+002 1.183e+004
 7.630e+002 2.930e+000 5.100e+001 4.900e+003-9.372e+002 7.450e+001 1.331e+002-2.393e+002 5.510e+003-3.813e+002-6.237e+002-1.656e+002 4.195e+002 1.958e+002-3.206e+002-4.052e+001-3.551e+003-3.957e+002 2.795e+003
 7.750e+002 2.930e+000 4.200e+001 3.326e+003-1.442e+003 6.388e+001 6.493e+002-6.234e+002 3.767e+003-2.565e+002-2.926e+002-1.583e+002 1.554e+002 9.506e+001-1.662e+002-7.240e+000-2.347e+003-1.671e+002 1.838e+003
 7.880e+002 2.930e+000 5.100e+001 9.983e+003-2.341e+003 2.811e+002 1.189e+003-2.271e+003 4.573e+003-4.273e+002-1.636e+002-3.041e+002 1.380e+002 1.144e+002-2.122e+002 1.039e+003-2.625e+003-1.405e+002 1.925e+003
 8.000e+002 2.930e+000 6.900e+001 1.226e+006-3.834e+004-2.430e+004 1.595e+004 1.189e+005 2.393e+004-4.120e+003-1.710e+002-5.430e+003 2.503e+002 8.671e+002-1.649e+003-4.255e+004-9.432e+003-1.069e+002 4.000e+003
 8.130e+002 2.930e+000 4.800e+001 8.406e+003-1.067e+003-3.221e+002 5.474e+002 1.755e+003 4.520e+003-6.381e+002-2.090e-002-3.259e+002 2.509e+001 1.718e+002-3.163e+002-7.826e+002-1.934e+003-7.440e+001 1.094e+003
 8.250e+002 2.930e+000 5.400e+001 4.856e+003-2.748e+003-2.533e+002 1.517e+003 5.404e+002 1.124e+004-1.359e+003-6.357e+002-4.722e+002 1.692e+002 3.252e+002-6.403e+002-4.437e+002-5.427e+003-2.132e+002 3.273e+003
 8.380e+002 2.930e+000 1.110e+002 1.100e+004-9.841e+003 1.136e+003 4.593e+003-8.967e+003 6.796e+004-9.583e+003-1.257e+003-1.543e+003-1.171e+003 1.608e+003-3.869e+003 4.018e+003-2.837e+004 4.340e+002 1.267e+004
 8.500e+002 2.930e+000 8.700e+001 2.340e+005-1.439e+005 5.018e+004 5.524e+004-2.769e+005 2.400e+006-4.075e+005 6.041e+003-1.520e+004-8.248e+004 7.260e+004-1.568e+005 1.088e+005-9.209e+005 3.044e+004 3.546e+005
 8.630e+002 2.930e+000 6.000e+001 4.618e+003-2.127e+003 4.360e+002 9.580e+002-3.167e+003 2.542e+004-3.434e+003-3.099e+002-1.633e+002-1.080e+003 6.068e+002-1.322e+003 1.037e+003-9.634e+003 4.076e+002 3.888e+003
 8.750e+002 2.930e+000 5.100e+001 2.999e+003-1.360e+003-1.076e+001 5.183e+002-1.169e+002 8.559e+003-1.092e+003-7.940e+001-2.279e+002-1.057e+002 2.030e+002-5.110e+002-2.956e+001-3.698e+003 1.226e+001 1.805e+003
 8.880e+002 2.930e+000 8.400e+001 6.955e+003-3.804e+003-5.121e+002 1.786e+003 1.896e+003 1.668e+004-2.063e+003 1.263e+002-4.595e+002 6.693e+002 4.326e+002-1.103e+003-1.063e+003-8.748e+003-5.247e+002 5.206e+003
 9.000e+002 2.930e+000 4.200e+001 1.368e+005-1.637e+004 4.583e+002 7.031e+003-1.639e+004 1.672e+004-1.488e+003-1.455e+001-2.127e+003 2.217e+002 2.468e+002-5.910e+002 5.487e+003-6.000e+003-1.124e+002 2.411e+003
 9.130e+002 2.930e+000 5.700e+001 4.559e+003-2.513e+003-1.049e+002 1.190e+003 9.129e+002 2.410e+004-2.833e+003 3.155e+002-3.592e+002-4.114e+002 5.422e+002-1.243e+003-7.287e+002-1.078e+004 6.491e+001 5.296e+003
 9.250e+002 2.930e+000 7.200e+001 4.566e+003-4.329e+003-2.990e+002 2.015e+003 1.821e+003 1.566e+004-2.620e+003-4.267e+002-7.907e+002-4.636e+002 5.860e+002-1.160e+003-8.150e+002-7.115e+003 1.669e+002 3.677e+003
 9.380e+002 2.930e+000 1.080e+002 1.827e+004-2.010e+004-3.049e+003 9.523e+003 1.629e+004 5.779e+004-1.192e+004 1.729e+003-5.152e+003-1.598e+003 2.736e+003-5.453e+003-6.565e+003-2.579e+004 2.738e+002 1.187e+004
 9.500e+002 2.930e+000 9.300e+001 4.378e+005-6.857e+005-8.334e+004 3.211e+005 4.654e+005 1.713e+006-3.946e+005 8.581e+004-1.764e+005-5.961e+004 9.411e+004-1.748e+005-1.669e+005-7.431e+005 5.914e+003 3.277e+005
 9.630e+002 2.930e+000 6.900e+001 8.541e+003-1.244e+004-4.440e+002 5.330e+003 4.793e+003 3.510e+004-6.051e+003 1.082e+003-2.576e+003-1.029e+003 1.242e+003-2.618e+003-1.665e+003-1.485e+004 1.640e+002 6.592e+003
 9.750e+002 2.930e+000 8.700e+001 3.291e+003-4.352e+003 1.598e+001 2.182e+003-3.277e+002 1.750e+004-1.996e+003 1.916e+001-5.102e+002 1.014e+002 2.987e+002-1.003e+003-4.676e+001-8.814e+003-9.145e+001 4.882e+003
 9.880e+002 2.930e+000 7.800e+001 5.877e+003 9.226e+001 1.020e+002 2.723e+002-1.200e+003 1.239e+004-1.490e+003 2.219e+001-2.734e+001-2.301e+001 2.365e+002-7.217e+002 8.051e+002-6.141e+003-1.519e+001 3.384e+003
 1.000e+003 2.930e+000 2.730e+002 5.028e+005 1.310e+005 7.258e+003-5.343e+004-5.924e+004 1.372e+005-1.093e+004 1.848e+003 7.011e+003 1.450e+003 1.528e+003-4.670e+003 2.641e+004-5.857e+004-1.109e+003 2.663e+004
 1.130e+003 2.930e+000 4.140e+002 2.006e+005-2.007e+005 8.491e+003 8.783e+004-1.481e+005 7.438e+005-8.189e+004-1.468e+003-2.888e+004 3.262e+004 1.095e+004-3.615e+004 6.414e+004-3.273e+005-1.438e+004 1.454e+005
 1.250e+003 2.930e+000 1.920e+002 4.143e+004 1.241e+004 3.339e+003-5.887e+003-5.474e+004 3.810e+005-2.096e+004 5.708e+003 5.863e+002 4.242e+002 1.321e+003-7.455e+003 1.887e+004-1.353e+005-5.634e+002 4.858e+004
 1.380e+003 2.930e+000 1.170e+002 2.801e+004 2.339e+003-1.003e+003-6.095e+002 1.982e+004 7.936e+004-3.903e+003 9.886e+002 2.224e+002 1.228e+003 2.840e+002-1.400e+003-7.098e+003-2.905e+004-4.703e+002 1.076e+004
 1.500e+003 2.930e+000 5.700e+001 1.101e+003-9.281e+002 2.911e+002 5.053e+002-3.593e+003 5.477e+004-3.636e+003-1.574e+003-2.189e+002 1.750e+003 3.298e+002-1.434e+003 1.279e+003-2.089e+004-5.429e+002 8.045e+003
 1.630e+003 2.930e+000 7.200e+001 4.215e+003-5.097e+003-1.154e+002 2.041e+003-1.012e+002 6.228e+004-2.544e+003-2.162e+003-2.579e+002 2.003e+003 1.788e+002-1.061e+003-8.757e+001-2.419e+004-6.919e+002 9.492e+003
 1.750e+003 2.930e+000 4.200e+001 2.872e+003-1.583e+004-4.811e+002 6.313e+003-6.307e+002 1.810e+005-6.747e+003-7.867e+003-6.296e+002 5.909e+003 4.522e+002-2.913e+003-4.752e+002-7.121e+004-2.027e+003 2.838e+004
 1.880e+003 2.930e+000 6.900e+001 4.835e+003-5.044e+003 1.864e+002 2.626e+003-1.648e+004 4.162e+005-1.097e+004-2.048e+004-1.085e+003 1.859e+004 1.172e+003-5.010e+003 5.644e+003-1.563e+005-6.408e+003 5.986e+004
 2.000e+003 2.930e+000 7.200e+001 5.337e+003-1.887e+004-8.435e+002 8.714e+003-2.239e+004 8.059e+005-1.342e+004-4.968e+004-1.496e+003 4.177e+004 2.462e+003-7.703e+003 7.025e+003-3.044e+005-1.497e+004 1.182e+005
 2.130e+003 2.930e+000 3.600e+001 1.813e+003-2.063e+003-6.868e+001 9.691e+002-2.026e+003 8.606e+004-4.587e+002-5.868e+003-2.189e+002 4.725e+003 2.972e+002-5.174e+002 6.518e+002-3.216e+004-1.740e+003 1.244e+004
 2.250e+003 2.930e+000 5.100e+001 2.273e+003 7.764e+001-7.091e+001 1.892e+002-2.853e+003 2.206e+004 2.006e+002-1.573e+003-1.681e+002 1.307e+003 9.558e+001-2.833e+001 1.045e+003-8.029e+003-4.931e+002 3.045e+003
 2.380e+003 2.930e+000 4.200e+001 9.846e+002-6.609e+002-5.749e+001 4.448e+002-3.964e+003 3.193e+004 4.672e+002-1.648e+003-7.907e+001 7.812e+002 5.869e+001 9.968e+001 1.440e+003-1.175e+004-3.279e+002 4.459e+003
 2.500e+003 2.930e+000 3.000e+001 3.002e+002 2.267e+002-1.728e+000-5.867e+001-2.471e+002 3.328e+003 1.910e+002-1.874e+002-2.843e+001 9.232e+001 3.076e+001 4.249e+001 1.013e+002-1.059e+003-4.779e+001 3.635e+002
 2.630e+003 2.930e+000 3.900e+001 3.450e+002 3.385e+002-9.530e+000-1.042e+002-3.768e+002 4.946e+003 1.552e+002-2.003e+002-2.515e+001 7.497e+001 1.300e+001 4.863e+001 1.539e+002-1.755e+003-3.525e+001 6.350e+002
 2.750e+003 2.930e+000 4.200e+001 3.019e+002 3.576e+002-5.345e+000-9.558e+001-4.813e+002 6.143e+003 1.796e+002-3.173e+002-3.002e+001 1.475e+002 1.301e+001 5.323e+001 1.931e+002-2.158e+003-6.340e+001 7.786e+002
 2.880e+003 2.930e+000 2.400e+001 2.778e+002 1.261e+002 1.949e+001-3.379e+001-2.621e+002 9.850e+002 2.718e+000-4.373e+001-1.809e+001 4.518e+001 4.528e+000-1.693e+000 1.018e+002-3.484e+002-1.639e+001 1.265e+002
 3.000e+003 2.930e+000 3.600e+001 3.139e+002 8.068e+001 5.843e-001-6.134e+000-4.433e+002 2.199e+003 2.270e+001-1.117e+002-4.017e+001 1.283e+002 1.231e+001 4.357e-001 1.929e+002-8.667e+002-5.397e+001 3.516e+002
 3.130e+003 2.930e+000 3.600e+001 1.287e+002 4.237e+001 3.686e+000-1.670e+001-8.871e+001 1.415e+003-1.356e+001-3.094e+001-1.493e+000 7.105e+001 1.008e+001-8.674e+000 3.513e+001-5.364e+002-2.758e+001 2.061e+002
 3.250e+003 2.930e+000 3.000e+001 1.264e+002-1.256e+002 4.996e+000 5.304e+001-1.811e+002 3.405e+003-9.259e+001-2.011e+001-9.019e+000 5.480e+001 5.827e+000-3.674e+001 7.061e+001-1.295e+003-2.044e+001 4.945e+002
 3.380e+003 2.930e+000 3.000e+001 1.490e+002 1.565e+002 3.149e+000-5.748e+001 7.317e+001 4.001e+003-6.379e+001-5.540e+001 4.292e-001 4.352e+001 7.725e+000-2.798e+001-2.753e+001-1.540e+003-1.476e+001 5.967e+002
 3.500e+003 2.930e+000 4.800e+001 4.482e+002-2.963e+003-3.436e+001 1.212e+003-3.692e+003 9.284e+004-2.057e+003-1.940e+003-2.203e+002 3.537e+003 1.936e+002-8.652e+002 1.335e+003-3.536e+004-1.297e+003 1.352e+004
 3.630e+003 2.930e+000 3.300e+001 4.487e+002-2.732e+003-6.198e+001 1.126e+003-3.742e+001 2.316e+004-1.178e+003-7.335e+002-1.546e+002 4.943e+002 8.304e+001-5.060e+002-8.692e+001-9.482e+003-1.586e+002 3.915e+003
 3.750e+003 2.930e+000 5.100e+001 4.867e+002-1.064e+003 3.842e+001 4.693e+002-4.935e+002 1.124e+004-4.454e+002 2.573e+001-6.013e+001 7.650e+001 2.724e+001-1.926e+002 2.295e+002-4.675e+003-2.784e+001 1.956e+003
 3.880e+003 2.930e+000 6.900e+001 4.266e+002-1.629e+003 3.619e+001 7.631e+002 5.704e+002 1.085e+005-3.111e+003-1.159e+003-9.949e+001 1.970e+003 1.724e+002-1.287e+003-2.473e+002-4.310e+004-7.064e+002 1.719e+004
 4.000e+003 2.930e+000 4.200e+001 2.740e+002-1.219e+003-2.781e+001 5.095e+002 3.099e+002 2.998e+004-8.485e+002-2.844e+002-4.172e+001 4.257e+002 3.498e+001-3.479e+002-1.363e+002-1.199e+004-1.640e+002 4.810e+003
 4.130e+003 2.930e+000 7.200e+001 4.185e+002 2.261e+003 1.351e+002-8.618e+002-2.796e+003 1.372e+005-3.949e+003-1.337e+002-1.302e+001 2.930e+003 1.813e+002-1.563e+003 1.087e+003-5.410e+004-1.146e+003 2.135e+004
 4.250e+003 2.930e+000 7.200e+001 3.187e+002-2.462e+003-1.777e+001 1.043e+003-9.901e+002 7.702e+004-3.727e+003-2.055e+003-1.572e+002 1.669e+003 2.279e+002-1.595e+003 3.084e+002-3.181e+004-5.765e+002 1.322e+004
 4.380e+003 2.930e+000 4.200e+001 1.495e+002-1.202e+003-2.715e+001 4.907e+002 1.472e+002 3.218e+004-1.105e+003 4.488e+000-4.193e+001 6.411e+002 5.245e+001-4.485e+002-6.229e+001-1.303e+004-2.584e+002 5.284e+003
 4.500e+003 2.930e+000 6.900e+001 4.114e+002-2.134e+003-1.092e+001 9.392e+002-1.458e+002 3.441e+004-1.160e+003-3.233e+002-8.874e+001 6.436e+002 5.663e+001-4.812e+002 1.910e+001-1.400e+004-2.394e+002 5.731e+003
 4.630e+003 2.930e+000 6.900e+001 2.100e+002-6.300e+002-3.118e+000 2.701e+002-2.469e+002 7.243e+003-2.509e+002 2.361e+001-2.730e+001 1.480e+002 1.287e+001-1.063e+002 1.165e+002-3.045e+003-6.233e+001 1.288e+003
 4.750e+003 2.930e+000 4.200e+001 7.513e+001-3.526e+001-7.142e+000 1.855e+001 2.838e+002 5.671e+003-1.730e+002-3.856e+001 6.321e+000 1.653e+002 1.066e+001-6.748e+001-1.044e+002-2.148e+003-6.074e+001 8.184e+002
 4.880e+003 2.930e+000 6.900e+001 1.016e+002-2.633e+002 3.050e+000 1.190e+002-2.528e+002 6.768e+003-2.609e+002-2.697e+002-2.036e+001 2.021e+002 1.698e+001-1.056e+002 8.317e+001-2.493e+003-6.304e+001 9.405e+002
 5.000e+003 2.930e+000 4.800e+001 7.664e+001 3.236e+001 9.235e-001-3.585e+000 6.824e+001 1.347e+003-3.807e+001-2.500e+001 2.687e+000 4.700e+001 3.968e+000-1.797e+001-2.188e+001-5.093e+002-1.603e+001 2.063e+002
 5.130e+003 2.930e+000 3.300e+001 3.675e+001-1.245e+002-3.400e+000 5.526e+001-6.772e+001 1.558e+003-7.815e+001-1.815e+002-1.108e+001 8.964e+001 9.696e+000-3.923e+001 7.915e+000-5.529e+002-2.184e+001 2.228e+002
 5.250e+003 2.930e+000 5.700e+001 7.809e+001-1.381e+002-9.617e-002 7.976e+001-5.877e+001 9.203e+002-6.345e+001-8.675e+001-1.488e+001 4.718e+001 8.494e+000-3.915e+001 2.149e+001-4.362e+002-1.605e+001 2.340e+002
 5.380e+003 2.930e+000 5.700e+001 5.615e+001-5.332e+001-8.491e-001 4.372e+001 2.131e+001 1.949e+003-1.201e+002-2.375e+002-7.302e+000 9.449e+001 1.432e+001-7.021e+001-1.439e+001-8.394e+002-2.208e+001 4.270e+002
 5.500e+003 2.930e+000 4.800e+001 4.818e+001-1.091e+002 2.374e+000 6.245e+001-1.133e+002 2.084e+003-1.323e+002-2.004e+002-1.214e+001 9.987e+001 1.411e+001-7.448e+001 4.484e+001-9.930e+002-3.462e+001 5.029e+002
 5.630e+003 2.930e+000 6.900e+001 1.200e+002-3.180e+002-2.080e+001 1.437e+002 2.319e+002 7.758e+003-4.008e+002-2.752e+002-1.289e+001 2.954e+002 3.345e+001-1.761e+002-7.648e+001-3.103e+003-1.052e+002 1.288e+003
 5.750e+003 2.930e+000 6.900e+001 1.259e+002-4.614e+002-3.484e+000 2.606e+002-3.144e+002 5.144e+003-2.794e+002-5.005e+002-4.460e+001 2.311e+002 2.719e+001-1.542e+002 1.055e+002-2.338e+003-7.909e+001 1.135e+003
 5.880e+003 2.930e+000 4.200e+001 9.254e+001 1.129e+002 3.774e+001 2.125e+001-6.318e+002 6.911e+003-3.322e+002-7.705e+002-3.079e+001 3.923e+002 3.919e+001-1.959e+002 3.032e+002-3.127e+003-1.410e+002 1.508e+003
 6.000e+003 2.930e+000 6.600e+001 1.028e+002-3.110e+002-2.032e+001 1.744e+002-7.677e+000 6.270e+003-2.921e+002-4.148e+002-2.764e+001 3.235e+002 3.442e+001-1.549e+002-3.093e+000-2.675e+003-1.259e+002 1.207e+003
 6.130e+003 2.930e+000 5.700e+001 4.227e+001 4.197e+001 6.375e+000-9.302e+000-1.584e+001 2.023e+003-3.232e+001-2.267e+002-3.692e+000 9.654e+001 6.962e+000-2.649e+001 2.234e+001-7.570e+002-3.407e+001 3.208e+002
 6.250e+003 2.930e+000 3.900e+001 2.320e+001-8.530e+001-4.479e+000 3.686e+001-1.067e+000 8.466e+002-3.163e+001-5.713e+001-4.180e+000 4.356e+001 4.357e+000-1.725e+001-4.014e+000-3.554e+002-1.736e+001 1.581e+002
 6.380e+003 2.930e+000 5.100e+001 2.587e+001-1.787e+001-8.492e-001 1.450e+001-3.970e+001 6.570e+002-1.066e+001-8.003e+001-2.610e+000 3.453e+001 2.997e+000-1.003e+001 1.256e+001-2.564e+002-1.332e+001 1.169e+002
 6.500e+003 2.930e+000 4.200e+001 2.262e+001-3.902e+001-1.196e+000 1.672e+001-2.275e+001 6.096e+002-1.429e+001-2.396e+001-2.040e+000 1.803e+001 1.548e+000-7.218e+000 7.078e+000-2.390e+002-7.604e+000 1.002e+002
 6.630e+003 2.930e+000 3.600e+001 2.051e+001 6.242e+000 3.231e-001 3.074e+000-4.875e+001 8.125e+002-1.434e+001-4.474e+001-2.873e+000 2.413e+001 1.716e+000-7.848e+000 1.689e+001-2.987e+002-8.393e+000 1.167e+002
 6.750e+003 2.930e+000 4.200e+001 1.417e+001-1.268e+001-4.711e-001 6.205e+000-3.895e+000 7.342e+002-2.189e+001-1.254e+001-9.891e-001 1.056e+001 1.221e+000-9.302e+000 1.881e+000-2.895e+002-4.146e+000 1.165e+002
 6.880e+003 2.930e+000 3.900e+001 1.363e+001-2.120e+001 6.458e-001 6.505e+000-3.204e+001 1.044e+003-3.097e+001 5.350e+000-1.415e-001 5.303e+000 1.509e+000-1.226e+001 1.078e+001-3.894e+002-2.847e+000 1.486e+002
 7.000e+003 2.930e+000 3.000e+001 1.086e+001-1.125e+001-5.724e-002 3.984e+000-1.396e+001 3.576e+002-1.206e+001 5.781e+000-6.269e-001 2.554e+000 9.491e-001-5.377e+000 4.794e+000-1.394e+002-1.790e+000 5.772e+001
 7.130e+003 2.930e+000 4.500e+001 1.753e+001-9.356e+001 3.284e-001 3.670e+001-1.955e+001 1.648e+003-7.228e+001 1.153e+001-4.385e+000 5.674e+000 3.672e+000-2.907e+001 8.708e+000-6.540e+002-3.331e+000 2.616e+002
 7.250e+003 2.930e+000 4.800e+001 1.376e+001-3.676e+001 5.670e-001 1.336e+001-2.566e+001 6.652e+002-1.871e+001 4.929e-001-9.182e-001 7.181e+000 1.397e+000-8.280e+000 8.946e+000-2.574e+002-3.967e+000 1.045e+002
 7.380e+003 2.930e+000 3.900e+001 2.059e+001-8.631e+001 7.733e-001 3.400e+001-2.231e+001 7.437e+002-2.353e+001-2.711e+000-2.740e+000 4.666e+000 1.243e+000-9.808e+000 9.339e+000-2.960e+002-2.465e+000 1.203e+002
 7.500e+003 2.930e+000 6.000e+001 4.909e+001-2.578e+002 4.053e-001 1.019e+002-1.722e+001 2.419e+003-1.032e+002 2.750e+001-1.242e+001 2.162e+000 5.160e+000-4.111e+001 1.063e+001-9.452e+002-2.994e+000 3.733e+002
 7.630e+003 2.930e+000 5.100e+001 2.779e+001-1.235e+002 5.150e-001 4.861e+001-8.553e+000 9.196e+002-3.097e+001 1.163e+001-4.580e+000 3.089e+000 1.547e+000-1.292e+001 6.625e+000-3.643e+002-2.296e+000 1.475e+002
 7.750e+003 2.930e+000 3.000e+001 1.834e+001-4.763e+001 7.620e-001 2.066e+001 7.095e+000 4.262e+002-1.495e+001-3.508e+000-2.643e+000 1.434e+000 1.106e+000-6.645e+000-1.560e+000-1.717e+002-8.540e-001 7.111e+001
 7.880e+003 2.930e+000 5.700e+001 2.842e+001-1.041e+002 1.337e+000 4.913e+001-9.853e+001 1.534e+003-6.010e+001-6.680e+001-8.856e+000 5.706e+001 5.801e+000-3.029e+001 4.136e+001-6.803e+002-2.461e+001 3.113e+002
 8.000e+003 2.930e+000 5.400e+001 2.187e+001-7.267e+001-1.705e+000 4.796e+001-1.094e+002 3.877e+003-3.831e+001-5.012e+002-9.251e+000 2.500e+002 1.999e+001-5.458e+001 4.911e+001-1.864e+003-1.213e+002 9.779e+002
 8.130e+003 2.930e+000 3.900e+001 1.115e+001-1.982e+001 1.862e-001 9.599e+000-1.643e+001 3.940e+002-2.131e+001-2.104e+001-2.344e+000 1.474e+001 2.432e+000-1.078e+001 5.324e+000-1.719e+002-5.622e+000 7.888e+001
 8.250e+003 2.930e+000 6.000e+001 1.473e+001-4.640e+001 6.050e-001 1.973e+001-1.016e+001 9.669e+002-5.494e+001 4.662e+000-3.010e+000 1.529e-001 3.974e+000-2.409e+001 3.992e+000-4.061e+002-1.429e+000 1.753e+002
 8.380e+003 2.930e+000 5.100e+001 7.731e+000 1.248e+001-3.950e-001-4.463e+000 1.938e+001 1.076e+003-5.033e+001-2.614e+001 8.973e-001 2.317e+001 3.606e+000-2.021e+001-6.123e+000-3.943e+002-7.466e+000 1.494e+002
 8.500e+003 2.930e+000 4.200e+001 6.301e+000-2.638e+001-9.975e-002 1.111e+001-2.771e+000 8.116e+002-4.581e+001 8.840e+000-1.705e+000 1.065e+000 3.048e+000-1.885e+001 9.722e-001-3.233e+002-1.130e+000 1.312e+002
 8.630e+003 2.930e+000 6.300e+001 1.310e+001 1.508e+001 4.371e-002-3.211e+000 4.290e+000 1.984e+003-1.046e+002-5.016e+001 2.233e-001 1.856e+001 6.402e+000-4.006e+001 8.303e-001-7.306e+002-4.675e+000 2.757e+002
 8.750e+003 2.930e+000 3.600e+001 7.366e+000-1.485e+001-2.328e-001 5.899e+000-2.721e+000 2.910e+002-1.656e+001-7.567e+000-1.058e+000 2.956e+000 1.278e+000-7.171e+000 7.794e-001-1.156e+002-8.584e-001 4.836e+001
 8.880e+003 2.930e+000 3.600e+001 9.201e+000-3.605e+001 1.860e+000 1.416e+001-2.180e+001 7.411e+002-4.681e+001-9.791e+000-1.805e+000-6.966e+000 3.346e+000-1.916e+001 8.358e+000-3.000e+002 3.324e+000 1.236e+002
 9.000e+003 2.930e+000 5.100e+001 1.669e+001-6.685e+001-2.418e+000 2.064e+001 4.088e+001 1.056e+003-4.913e+001-6.585e+001-3.168e+000 2.642e+000 2.937e+000-1.893e+001-1.804e+001-3.863e+002 2.673e+000 1.507e+002
 9.130e+003 2.930e+000 4.200e+001 1.162e+001-3.763e+001 3.037e+000 1.739e+001-6.027e+001 1.200e+003-6.081e+001-6.888e+001-2.188e+000 2.218e+000 3.392e+000-2.307e+001 2.027e+001-4.460e+002 2.493e+000 1.718e+002
 9.250e+003 2.930e+000 3.600e+001 8.288e+000-3.059e+001-1.214e+000 6.740e+000 2.455e+001 5.531e+002-2.122e+001-4.699e+001-9.906e-001 4.368e+000 1.253e+000-7.581e+000-1.006e+001-1.729e+002 1.287e-001 6.164e+001
 9.380e+003 2.930e+000 4.500e+001 1.135e+001-2.327e+001-1.059e-001 1.042e+001-1.771e+001 4.645e+002-1.980e+001-3.415e+001-1.337e+000 7.085e+000 1.393e+000-9.059e+000 3.700e+000-1.823e+002-1.587e+000 7.791e+001
 9.500e+003 2.930e+000 6.300e+001 1.758e+001-6.082e+001 1.078e+000 2.590e+001-5.580e+001 1.116e+003-4.622e+001-8.087e+001-3.707e+000 1.113e+001 2.917e+000-1.939e+001 1.388e+001-4.132e+002-1.131e+000 1.665e+002
 9.630e+003 2.930e+000 3.300e+001 1.089e+001-5.088e+001-1.311e+000 2.306e+001 8.193e+000 8.574e+002-3.628e+001-4.659e+001-2.103e+000 1.402e+001 2.022e+000-1.711e+001-6.342e+000-3.758e+002-4.470e+000 1.700e+002
 9.750e+003 2.930e+000 4.500e+001 1.470e+001-3.753e+001 2.944e+000 2.007e+001-7.783e+001 1.218e+003-5.080e+001-1.026e+002-3.182e+000 2.093e+001 2.926e+000-2.119e+001 2.657e+001-4.514e+002-3.732e+000 1.786e+002
 9.880e+003 2.930e+000 5.100e+001 1.993e+001-8.293e+001-1.832e+000 3.511e+001-5.750e+000 1.024e+003-4.941e+001-7.465e+001-4.619e+000 2.081e+001 3.536e+000-2.291e+001-4.782e+000-4.121e+002-5.346e+000 1.779e+002
 1.000e+004 2.930e+000 2.520e+002 1.344e+002-4.422e+002 5.577e+000 2.186e+002-3.502e+002 6.563e+003-3.273e+002-7.023e+002-3.134e+001 1.468e+002 2.314e+001-1.547e+002 8.765e+001-2.683e+003-2.556e+001 1.192e+003
 1.130e+004 2.930e+000 3.570e+002 1.111e+002-3.959e+002 2.549e+000 1.987e+002-4.173e+002 5.371e+003-1.495e+002-5.842e+002-2.029e+001 1.095e+002 9.091e+000-7.489e+001 1.168e+002-2.103e+003-2.894e+001 9.077e+002
 1.250e+004 2.930e+000 2.460e+002 2.095e+001-7.988e+001 2.904e-001 3.832e+001-6.859e+001 1.552e+003-3.665e+001-1.304e+002-2.439e+000 2.336e+001 2.649e+000-1.952e+001 1.887e+001-6.315e+002-8.997e+000 2.818e+002
 1.380e+004 2.930e+000 2.580e+002 2.285e+001-1.195e+002 5.543e-002 5.446e+001-9.107e+001 2.962e+003-5.839e+001-2.123e+002-3.333e+000 3.746e+001 2.552e+000-2.806e+001 2.573e+001-1.207e+003-1.287e+001 5.190e+002
 1.500e+004 2.930e+000 2.250e+002 2.255e+001-9.831e+001 2.134e-001 4.692e+001-9.534e+001 2.102e+003-3.680e+001-1.350e+002-2.941e+000 2.839e+001 1.619e+000-1.834e+001 3.376e+001-8.919e+002-1.037e+001 3.913e+002
 1.630e+004 2.930e+000 1.980e+002 7.986e+000-3.835e+001 4.629e-002 1.845e+001-3.494e+001 7.771e+002-1.526e+001-3.580e+001-1.226e+000 1.060e+001 1.032e+000-8.105e+000 1.300e+001-3.395e+002-4.880e+000 1.551e+002
 1.750e+004 2.930e+000 2.070e+002 1.789e+000-2.555e+000 9.827e-002 1.280e+000-2.506e+000 2.592e+002-1.467e+001-1.210e+000-1.688e-001 5.066e+000 1.514e+000-8.229e+000 1.034e+000-1.285e+002-3.231e+000 6.769e+001
 1.880e+004 2.930e+000 3.270e+002 3.965e+000-1.415e+001-3.457e-002 7.130e+000-5.842e+000 2.859e+002-1.393e+001-1.400e+001-8.769e-001 1.070e+001 2.002e+000-9.105e+000 2.455e+000-1.465e+002-6.143e+000 8.197e+001
 2.000e+004 2.930e+000 3.750e+002 4.871e+000-1.389e+001 3.694e+000 6.018e+000-2.534e+001 7.790e+002-1.455e+002 1.115e+002-3.152e+000 5.848e+001 4.225e+001-1.562e+002 2.305e+001-7.373e+002-9.812e+001 8.301e+002
 2.130e+004 2.930e+000 2.400e+002 7.526e-001-1.119e+000 2.517e-001 1.110e+000-2.699e+000 1.156e+002-1.497e+001-1.336e+001-4.040e-001 1.371e+001 4.000e+000-1.691e+001 2.450e+000-1.105e+002-1.202e+001 1.122e+002
 2.250e+004 2.930e+000 1.530e+002 3.352e-001-8.587e-001 1.538e-003 4.434e-001-6.457e-001 2.991e+001-9.506e-001-4.431e+000-3.847e-002 1.435e+000 2.771e-001-9.536e-001 1.821e-001-1.514e+001-7.978e-001 9.442e+000
 2.380e+004 2.930e+000 2.040e+002 1.550e+000-1.289e+001-5.116e-002 7.870e+000-2.033e+001 7.232e+002-1.997e+001-5.774e+001-1.316e+000 3.402e+001 2.352e+000-1.268e+001 8.808e+000-3.505e+002-1.513e+001 1.759e+002
 2.500e+004 2.930e+000 1.710e+002 2.196e-001-1.372e-001 4.025e-004 9.783e-002-1.917e-001 9.398e+000-6.016e-002-2.092e+000-2.098e-002 6.949e-001 1.828e-001-4.149e-001 9.917e-002-4.201e+000-4.745e-001 3.404e+000
 2.630e+004 2.930e+000 7.200e+001 9.675e-002-9.730e-001-3.301e-003 2.615e-001 1.092e-001 2.551e+002 1.330e-001-1.218e+001-7.354e-003 4.000e-001 2.496e-002-6.188e-003-7.458e-002-6.740e+001-1.261e-001 1.854e+001
 2.750e+004 2.930e+000 6.600e+001 8.393e-002-1.478e-001 8.012e-003 9.371e-002-6.868e-001 2.467e+001-2.622e-001-1.340e+000-8.329e-003 1.854e-001 2.974e-002-1.239e-001 1.979e-001-7.396e+000-5.177e-002 2.509e+000
 2.880e+004 2.930e+000 1.200e+002 1.459e-001-5.531e-001 8.433e-002 3.079e-001-7.960e-001 2.128e+001-2.553e+000 1.752e+000-8.421e-002 9.977e-001 6.147e-001-2.627e+000 6.619e-001-1.708e+001-1.523e+000 1.712e+001
 3.000e+004 2.930e+000 6.000e+001 4.731e-002-1.824e-001 7.854e-004 7.682e-002-1.566e-001 9.702e+000-2.181e-001-5.463e-001-7.825e-003 1.708e-001 2.770e-002-1.092e-001 6.153e-002-4.135e+000-7.334e-002 1.865e+000
 3.130e+004 2.930e+000 1.020e+002 2.969e-001-2.110e+000-1.103e-002 1.155e+000-2.265e+000 7.720e+001-1.212e+000-5.118e+000-7.671e-002 1.719e+000 8.219e-002-6.966e-001 9.321e-001-3.681e+001-7.469e-001 1.796e+001
 3.250e+004 2.930e+000 1.740e+002 3.659e-001-4.018e+000-6.169e-002 2.055e+000-2.089e+000 1.269e+002-2.305e+000-8.683e+000-1.251e-001 2.902e+000 1.545e-001-1.303e+000 7.155e-001-6.081e+001-1.243e+000 2.981e+001
 3.380e+004 2.930e+000 6.300e+001 1.876e-002-7.621e-003 3.668e-003 1.163e-002-1.034e-001 4.352e+000-1.195e-001-2.522e-001-2.284e-003 8.288e-002 1.506e-002-6.142e-002 4.757e-002-2.086e+000-3.361e-002 1.052e+000
 3.500e+004 2.930e+000 7.200e+001 2.406e-002-1.313e-002 4.929e-004 4.999e-003-3.143e-002 3.910e+000-7.952e-002-1.885e-001-2.997e-003 6.847e-002 1.317e-002-4.157e-002 1.413e-002-1.883e+000-3.061e-002 9.477e-001
 3.630e+004 2.930e+000 9.000e+001 2.909e-002-6.364e-002-1.456e-003 3.457e-002-5.220e-002 2.625e+000-1.008e-001-2.177e-001-3.704e-003 7.165e-002 2.216e-002-5.842e-002 1.886e-002-1.285e+000-2.679e-002 6.890e-001
 3.750e+004 2.930e+000 7.800e+001 1.498e-002-2.786e-002 2.057e-003 1.308e-002-4.185e-002 1.445e+000-4.440e-002-6.798e-002-1.316e-003 3.327e-002 1.439e-002-2.555e-002 1.660e-002-6.764e-001-1.650e-002 3.556e-001
 3.880e+004 2.930e+000 8.400e+001 2.261e-002-2.522e-002 4.451e-004 1.565e-002-2.603e-002 6.629e-001-1.929e-002-7.203e-002-2.933e-003 2.942e-002 1.537e-002-2.015e-002 1.173e-002-2.937e-001-1.938e-002 1.917e-001
 4.000e+004 2.930e+000 1.410e+002 1.951e-001-1.568e+000-9.091e-003 1.022e+000-1.813e+000 5.246e+001-1.327e+000-6.508e+000-1.002e-001 1.865e+000 1.309e-001-9.280e-001 7.393e-001-2.684e+001-7.997e-001 1.464e+001
 4.130e+004 2.930e+000 7.200e+001 1.282e-002-3.907e-002-3.782e-004 2.100e-002-3.173e-002 6.276e-001-3.137e-002-6.143e-002-2.721e-003 1.383e-002 1.063e-002-2.068e-002 9.538e-003-2.981e-001-6.331e-003 1.765e-001
 4.250e+004 2.930e+000 8.100e+001 1.282e-002-2.023e-002 5.084e-004 1.240e-002-1.820e-002 6.789e-001-1.346e-002-4.184e-002-8.237e-004 2.815e-006 7.987e-003-8.703e-003 6.161e-003-3.047e-001 3.671e-004 1.659e-001
 4.380e+004 2.930e+000 6.900e+001 8.430e-003-5.164e-003-2.790e-004 3.469e-003-1.342e-002 2.027e-001-2.387e-003-1.249e-002-5.170e-004 3.480e-003 7.026e-003-2.932e-003 5.267e-003-8.089e-002-3.115e-003 4.687e-002
 4.500e+004 2.930e+000 6.000e+001 5.763e-003-9.988e-003-2.826e-005 4.031e-003-1.070e-002 2.261e-001-8.991e-003-1.673e-002-1.032e-003-3.337e-004 5.850e-003-6.174e-003 2.424e-003-9.536e-002-4.339e-005 5.167e-002
 4.630e+004 2.930e+000 4.200e+001 9.104e-003-1.890e-002-1.541e-003 1.066e-002-1.581e-002 2.660e-001-8.175e-003-2.218e-002-7.261e-004 9.925e-003 3.933e-003-4.426e-003 4.655e-003-1.115e-001-3.793e-003 5.627e-002
 4.750e+004 2.930e+000 2.250e+002 2.212e+000-1.626e+001 3.777e-002 1.022e+001-1.602e+001 4.474e+002-1.160e+001-4.038e+001-7.820e-001 1.021e+001 5.746e-001-7.199e+000 7.173e+000-2.417e+002-4.472e+000 1.343e+002
 4.880e+004 2.930e+000 1.440e+002 6.257e-001-5.341e+000-6.500e-002 3.114e+000-2.505e+000 1.194e+002-2.901e+000-1.090e+001-1.795e-001 2.747e+000 1.543e-001-1.822e+000 8.684e-001-6.467e+001-1.225e+000 3.606e+001
 5.000e+004 2.930e+000 6.300e+001 7.372e-003-1.220e-002-5.017e-004 5.813e-003-1.659e-002 2.766e-001-5.742e-003-2.124e-002-7.311e-004 7.196e-003 5.341e-003-2.926e-003 6.079e-003-1.172e-001-2.330e-003 6.098e-002
 5.130e+004 2.930e+000 3.600e+001 2.361e-003-2.425e-003-2.491e-006 1.171e-003-9.933e-005 7.802e-002 2.046e-003-2.692e-003-2.442e-004 1.667e-003 2.273e-003 6.640e-004 2.406e-004-3.063e-002-1.123e-003 1.515e-002
 5.250e+004 2.930e+000 5.400e+001 4.695e-003-1.758e-003 1.793e-006 1.919e-003-3.172e-003 1.237e-001-5.974e-003-8.810e-003 2.429e-004 2.954e-003 3.769e-003-3.707e-003 1.402e-003-5.486e-002-1.015e-003 3.103e-002
 5.380e+004 2.930e+000 6.000e+001 7.255e-003-2.920e-002-4.394e-006 1.724e-002-4.019e-002 1.365e+000-1.510e-002-1.350e-001-9.681e-004 2.517e-002 4.505e-003-9.112e-003 1.514e-002-6.224e-001-1.058e-002 3.053e-001
 5.500e+004 2.930e+000 8.100e+001 6.424e-002-4.394e-001-4.861e-003 2.495e-001-2.075e-001 7.359e+000-1.575e-001-6.475e-001-1.304e-002 1.351e-001 1.100e-002-9.638e-002 7.403e-002-3.924e+000-5.777e-002 2.160e+000
 5.630e+004 2.930e+000 2.310e+002 1.332e+000-1.282e+001-3.387e-002 7.907e+000-1.101e+001 3.682e+002-8.693e+000-3.196e+001-5.539e-001 8.379e+000 4.264e-001-5.431e+000 4.835e+000-1.990e+002-3.778e+000 1.104e+002
 5.750e+004 2.930e+000 6.000e+001 8.144e-003-1.754e-002 3.202e-006 8.150e-003-9.571e-003 2.401e-001-7.519e-003-1.861e-002-1.203e-003 5.260e-003 2.984e-003-3.971e-003 2.057e-003-1.081e-001-1.690e-003 5.584e-002
 5.880e+004 2.930e+000 4.500e+001 2.789e-003 1.140e-003-2.393e-004 5.277e-005-1.625e-003 4.855e-002-3.093e-003-1.456e-003-2.413e-004 1.871e-003 2.484e-003-1.773e-003 5.791e-004-1.726e-002-7.919e-004 8.484e-003
 6.000e+004 2.930e+000 4.200e+001 2.100e-003-1.881e-003-7.206e-004 3.563e-004-1.569e-003 3.618e-002-1.535e-003-1.438e-003-2.456e-004 9.315e-004 3.230e-003-1.390e-003 8.423e-005-8.847e-003-7.021e-004 4.289e-003
 6.130e+004 2.930e+000 4.200e+001 1.645e-003-1.361e-003 0.000e+000 4.895e-004-2.179e-003 2.534e-002-9.364e-004-1.684e-003 0.000e+000 9.718e-004 1.999e-003-8.741e-004 3.001e-004-7.040e-003-3.843e-004 3.375e-003
 6.250e+004 2.930e+000 3.300e+001 2.838e-003-3.819e-003 2.435e-004 2.041e-003-1.803e-003 1.836e-001-5.722e-003-1.469e-002 2.825e-006 4.085e-003 2.257e-003-3.591e-003-8.255e-005-1.009e-001-1.729e-003 5.931e-002
 6.380e+004 2.930e+000 1.140e+002 2.875e-001-3.659e+000 1.919e-003 2.359e+000-2.912e+000 1.011e+002-2.515e+000-9.085e+000-1.470e-001 1.950e+000 1.104e-001-1.617e+000 1.340e+000-5.792e+001-8.913e-001 3.403e+001
 6.500e+004 2.930e+000 5.400e+001 2.689e-002-9.235e-002 5.213e-004 4.889e-002-1.990e-003 7.484e-001-6.247e-003-5.581e-002-2.199e-003 1.500e-003 2.019e-003-3.383e-003-7.419e-003-4.010e-001 3.889e-005 2.232e-001
 6.630e+004 2.930e+000 4.200e+001 2.151e-003-3.093e-003 0.000e+000 8.405e-004-6.802e-004 3.714e-002-1.409e-003-1.300e-003 0.000e+000 2.137e-003 1.519e-003-7.052e-004-5.375e-004-1.508e-002-1.068e-003 9.101e-003
 6.750e+004 2.930e+000 3.600e+001 2.159e-003-9.475e-004 0.000e+000 2.075e-004-5.638e-004 1.679e-002-7.240e-005 2.549e-004 0.000e+000 1.481e-003 7.609e-004-2.126e-004-1.330e-004-5.608e-003-7.761e-004 3.062e-003
 6.880e+004 2.930e+000 2.100e+001 9.638e-004 8.290e-005 0.000e+000 2.676e-004-1.227e-003 7.273e-003-2.813e-004-2.533e-004 0.000e+000 4.187e-004 7.633e-004-1.410e-004 4.131e-004-2.510e-003-2.091e-004 1.255e-003
 7.000e+004 2.930e+000 2.400e+001 1.692e-003-5.423e-005 0.000e+000 6.226e-005-1.420e-003 1.103e-002-7.694e-004-4.856e-004 0.000e+000 6.844e-004 5.101e-004-4.877e-004 5.411e-004-3.923e-003-2.719e-004 2.206e-003
 7.130e+004 2.930e+000 9.900e+001 1.698e-003-2.210e-003 0.000e+000 1.006e-003 5.919e-004 6.755e-001-6.086e-003-4.775e-002 0.000e+000 2.705e-003 7.659e-004-3.379e-003-6.648e-004-3.432e-001-9.693e-004 1.840e-001
 7.250e+004 2.930e+000 3.300e+001 9.488e-003-1.425e-001-1.236e-004 9.088e-002-1.435e-001 6.420e+000-1.252e-001-4.246e-001-5.740e-003 1.234e-001 5.369e-003-7.870e-002 7.122e-002-3.618e+000-6.142e-002 2.071e+000
 7.380e+004 2.930e+000 1.500e+001 1.219e-003 1.257e-004 0.000e+000 1.337e-004-6.627e-004 3.020e-003 0.000e+000 2.317e-004 0.000e+000 0.000e+000 0.000e+000 0.000e+000 1.965e-004-4.633e-004 0.000e+000 2.317e-004
 7.500e+004 2.930e+000 1.200e+001 9.773e-004-5.367e-004 0.000e+000 0.000e+000-7.783e-004 9.147e-004 0.000e+000 0.000e+000 0.000e+000 0.000e+000 0.000e+000 0.000e+000 0.000e+000 0.000e+000 0.000e+000 0.000e+000
 7.630e+004 2.930e+000 1.500e+001 1.223e-003-3.458e-004 0.000e+000 1.342e-004-9.013e-004 2.689e-003 0.000e+000 0.000e+000 0.000e+000 0.000e+000 0.000e+000 0.000e+000 1.913e-004-4.464e-004 0.000e+000 2.232e-004
 7.750e+004 2.930e+000 3.300e+001 3.174e-003-1.543e-003 0.000e+000 0.000e+000-1.756e-003 3.993e-003 0.000e+000 0.000e+000 0.000e+000 0.000e+000 0.000e+000 0.000e+000 0.000e+000 0.000e+000 0.000e+000 0.000e+000
 7.880e+004 2.930e+000 9.000e+001 4.894e-004-5.593e-004 0.000e+000-1.365e-004 4.091e-004 1.058e-001 3.998e-003-4.515e-002 0.000e+000 3.696e-003 1.020e-003-2.251e-003-1.863e-004-9.104e-003-2.134e-003 3.160e-002
 8.000e+004 2.930e+000 1.140e+002 3.673e-003-1.217e-002 7.001e-006 8.368e-003-1.724e-002 1.499e+000-7.327e-003-8.285e-002-2.498e-004 9.735e-003 7.652e-004-4.702e-003 9.786e-003-8.474e-001-5.244e-003 4.960e-001
 8.130e+004 2.930e+000 3.300e+001 3.174e-003 1.369e-004 0.000e+000-2.276e-004 1.319e-003 9.924e-003 0.000e+000 0.000e+000 0.000e+000 0.000e+000 0.000e+000 0.000e+000-6.820e-004-1.905e-003 0.000e+000 6.348e-004
 8.250e+004 2.930e+000 3.300e+001 2.681e-003-4.525e-004 0.000e+000 0.000e+000-2.205e-004 3.543e-003 0.000e+000 0.000e+000 0.000e+000 0.000e+000 0.000e+000 0.000e+000 0.000e+000 0.000e+000 0.000e+000 0.000e+000
 8.380e+004 2.930e+000 1.500e+001 1.217e-003-6.263e-004 0.000e+000 0.000e+000-7.757e-005 1.639e-003 0.000e+000 0.000e+000 0.000e+000 0.000e+000 0.000e+000 0.000e+000 0.000e+000 0.000e+000 0.000e+000 0.000e+000
 8.500e+004 2.930e+000 1.800e+001 1.456e-003-8.251e-004 0.000e+000 0.000e+000-1.040e-003 1.210e-003 0.000e+000 0.000e+000 0.000e+000 0.000e+000 0.000e+000 0.000e+000 0.000e+000 0.000e+000 0.000e+000 0.000e+000
 8.630e+004 2.930e+000 2.400e+001 1.933e-003-3.490e-004 0.000e+000 0.000e+000-1.127e-003 2.983e-003 0.000e+000 0.000e+000 0.000e+000 0.000e+000 0.000e+000 0.000e+000 0.000e+000 0.000e+000 0.000e+000 0.000e+000
 8.750e+004 2.930e+000 1.500e+001 1.203e-003-6.420e-004 0.000e+000 2.946e-005 2.442e-004 7.824e-003 0.000e+000-3.908e-004 0.000e+000 0.000e+000 0.000e+000 0.000e+000-3.048e-004-2.542e-003 0.000e+000 1.174e-003
 8.880e+004 2.930e+000 2.700e+001 2.155e-003 7.454e-004 0.000e+000 1.637e-004 2.182e-004 1.337e-002 0.000e+000 5.815e-004 0.000e+000 0.000e+000 0.000e+000 0.000e+000-1.395e-004-3.874e-003 0.000e+000 2.127e-003
 9.000e+004 2.930e+000 2.400e+001 1.665e-003 5.762e-004 0.000e+000-1.387e-004 3.442e-004 6.448e-003-7.666e-004 1.327e-003 0.000e+000-1.211e-004 4.889e-004-8.879e-004-1.613e-004-2.654e-003-6.458e-004 3.793e-003
 9.130e+004 2.930e+000 2.100e+001 9.457e-004-1.606e-003 0.000e+000 9.728e-004-5.521e-004 9.207e-003-1.190e-003 3.759e-003 0.000e+000 6.392e-004 7.272e-004-1.017e-003 1.108e-003-7.142e-003-1.390e-003 9.775e-003
 9.250e+004 2.930e+000 1.500e+001 7.038e-004-4.168e-004 0.000e+000 0.000e+000-4.655e-004 3.344e-003-5.975e-004 2.234e-003 0.000e+000 1.177e-005 4.796e-004-1.025e-003 0.000e+000-2.421e-003-1.066e-003 6.890e-003
 9.380e+004 2.930e+000 1.800e+001 1.164e-003-5.427e-004 8.533e-006-1.309e-005-8.986e-004 4.191e-003-2.915e-004 3.638e-004-2.350e-004 2.967e-004 4.750e-004-1.405e-004 2.908e-004-1.093e-003-7.374e-004 2.008e-003
 9.500e+004 2.930e+000 2.400e+001 1.848e-003-2.309e-003 0.000e+000 8.776e-004-7.864e-003 2.509e-001-2.917e-004 4.311e-003 0.000e+000 2.916e-004 2.354e-004-2.917e-004 3.634e-003-1.284e-001-2.916e-004 6.806e-002
 9.630e+004 2.930e+000 0.000e+000 0.000e+000 0.000e+000 0.000e+000 0.000e+000 0.000e+000 0.000e+000 0.000e+000 0.000e+000 0.000e+000 0.000e+000 0.000e+000 0.000e+000 0.000e+000 0.000e+000 0.000e+000 0.000e+000
 9.750e+004 2.930e+000 0.000e+000 0.000e+000 0.000e+000 0.000e+000 0.000e+000 0.000e+000 0.000e+000 0.000e+000 0.000e+000 0.000e+000 0.000e+000 0.000e+000 0.000e+000 0.000e+000 0.000e+000 0.000e+000 0.000e+000
 9.880e+004 2.930e+000 0.000e+000 0.000e+000 0.000e+000 0.000e+000 0.000e+000 0.000e+000 0.000e+000 0.000e+000 0.000e+000 0.000e+000 0.000e+000 0.000e+000 0.000e+000 0.000e+000 0.000e+000 0.000e+000 0.000e+000
 1.000e+005 2.930e+000 0.000e+000 0.000e+000 0.000e+000 0.000e+000 0.000e+000 0.000e+000 0.000e+000 0.000e+000 0.000e+000 0.000e+000 0.000e+000 0.000e+000 0.000e+000 0.000e+000 0.000e+000 0.000e+000 0.000e+000
