 6.250e+000 2.930e+000 0.000e+000 0.000e+000 0.000e+000 0.000e+000 0.000e+000 0.000e+000 0.000e+000 0.000e+000 0.000e+000 0.000e+000 0.000e+000 0.000e+000 0.000e+000 0.000e+000 0.000e+000 0.000e+000 0.000e+000
 7.500e+000 2.930e+000 0.000e+000 0.000e+000 0.000e+000 0.000e+000 0.000e+000 0.000e+000 0.000e+000 0.000e+000 0.000e+000 0.000e+000 0.000e+000 0.000e+000 0.000e+000 0.000e+000 0.000e+000 0.000e+000 0.000e+000
 8.750e+000 2.930e+000 0.000e+000 0.000e+000 0.000e+000 0.000e+000 0.000e+000 0.000e+000 0.000e+000 0.000e+000 0.000e+000 0.000e+000 0.000e+000 0.000e+000 0.000e+000 0.000e+000 0.000e+000 0.000e+000 0.000e+000
 1.000e+001 2.930e+000 0.000e+000 0.000e+000 0.000e+000 0.000e+000 0.000e+000 0.000e+000 0.000e+000 0.000e+000 0.000e+000 0.000e+000 0.000e+000 0.000e+000 0.000e+000 0.000e+000 0.000e+000 0.000e+000 0.000e+000
 1.130e+001 2.930e+000 2.400e+001 6.799e+001-1.194e+003 4.970e+000 3.994e+001-1.449e+003 1.773e+005-1.913e+003-4.589e+003-6.935e+001 3.392e+003 3.162e+002-3.020e+002 5.759e+001-2.290e+004-8.217e+002 1.224e+004
 1.250e+001 2.930e+000 0.000e+000 0.000e+000 0.000e+000 0.000e+000 0.000e+000 0.000e+000 0.000e+000 0.000e+000 0.000e+000 0.000e+000 0.000e+000 0.000e+000 0.000e+000 0.000e+000 0.000e+000 0.000e+000 0.000e+000
 1.380e+001 2.930e+000 0.000e+000 0.000e+000 0.000e+000 0.000e+000 0.000e+000 0.000e+000 0.000e+000 0.000e+000 0.000e+000 0.000e+000 0.000e+000 0.000e+000 0.000e+000 0.000e+000 0.000e+000 0.000e+000 0.000e+000
 1.500e+001 2.930e+000 2.400e+001 6.398e+001-2.363e+002-3.310e+000 7.684e+001-1.056e+003 6.913e+004 6.932e+002 4.851e+003-8.961e+001 1.085e+003 3.505e+002-2.294e+002 2.726e+002-1.472e+004-4.696e+002 8.615e+003
 1.630e+001 2.930e+000 0.000e+000 0.000e+000 0.000e+000 0.000e+000 0.000e+000 0.000e+000 0.000e+000 0.000e+000 0.000e+000 0.000e+000 0.000e+000 0.000e+000 0.000e+000 0.000e+000 0.000e+000 0.000e+000 0.000e+000
 1.750e+001 2.930e+000 2.400e+001 4.205e+001-5.436e+000 3.650e+001-3.428e+001-2.383e+002 6.226e+004 4.671e+002-2.341e+002-4.737e+001 4.275e+002 3.820e+002-4.216e+001 1.552e+002-1.169e+004-5.340e+002 7.772e+003
 1.880e+001 2.930e+000 0.000e+000 0.000e+000 0.000e+000 0.000e+000 0.000e+000 0.000e+000 0.000e+000 0.000e+000 0.000e+000 0.000e+000 0.000e+000 0.000e+000 0.000e+000 0.000e+000 0.000e+000 0.000e+000 0.000e+000
 2.000e+001 2.930e+000 2.400e+001 5.222e+001 2.859e+001-4.736e+000 1.493e+002-5.360e+002 3.175e+004 3.180e+002-2.395e+003-5.372e+001 8.995e+002 2.348e+002-4.785e+002 2.534e+002-8.388e+003-6.164e+002 8.000e+003
 2.130e+001 2.930e+000 0.000e+000 0.000e+000 0.000e+000 0.000e+000 0.000e+000 0.000e+000 0.000e+000 0.000e+000 0.000e+000 0.000e+000 0.000e+000 0.000e+000 0.000e+000 0.000e+000 0.000e+000 0.000e+000 0.000e+000
 2.250e+001 2.930e+000 0.000e+000 0.000e+000 0.000e+000 0.000e+000 0.000e+000 0.000e+000 0.000e+000 0.000e+000 0.000e+000 0.000e+000 0.000e+000 0.000e+000 0.000e+000 0.000e+000 0.000e+000 0.000e+000 0.000e+000
 2.380e+001 2.930e+000 2.400e+001 7.643e+001-9.418e+001-1.659e+001 5.920e+001-8.569e+002 3.912e+004-3.955e+002-2.809e+002-5.453e+001 1.044e+003 1.904e+002-2.181e+002 1.113e+002-7.293e+003-2.930e+002 3.910e+003
 2.500e+001 2.930e+000 0.000e+000 0.000e+000 0.000e+000 0.000e+000 0.000e+000 0.000e+000 0.000e+000 0.000e+000 0.000e+000 0.000e+000 0.000e+000 0.000e+000 0.000e+000 0.000e+000 0.000e+000 0.000e+000 0.000e+000
 2.630e+001 2.930e+000 2.400e+001 1.181e+002-1.934e+002-4.776e+000 5.909e+001-9.095e+002 5.705e+004 4.390e+002-4.110e+003-8.680e+001 1.955e+003 2.247e+002 9.939e+000 2.773e+002-1.672e+004-6.605e+002 6.742e+003
 2.750e+001 2.930e+000 0.000e+000 0.000e+000 0.000e+000 0.000e+000 0.000e+000 0.000e+000 0.000e+000 0.000e+000 0.000e+000 0.000e+000 0.000e+000 0.000e+000 0.000e+000 0.000e+000 0.000e+000 0.000e+000 0.000e+000
 2.880e+001 2.930e+000 2.400e+001 1.221e+002 1.656e+002 3.082e+001 3.682e+001-9.125e+002 4.016e+004-2.776e+002-3.652e+003-9.062e+001 1.581e+003 2.358e+002-1.501e+002 1.857e+002-8.803e+003-2.929e+002 4.692e+003
 3.000e+001 2.930e+000 0.000e+000 0.000e+000 0.000e+000 0.000e+000 0.000e+000 0.000e+000 0.000e+000 0.000e+000 0.000e+000 0.000e+000 0.000e+000 0.000e+000 0.000e+000 0.000e+000 0.000e+000 0.000e+000 0.000e+000
 3.130e+001 2.930e+000 0.000e+000 0.000e+000 0.000e+000 0.000e+000 0.000e+000 0.000e+000 0.000e+000 0.000e+000 0.000e+000 0.000e+000 0.000e+000 0.000e+000 0.000e+000 0.000e+000 0.000e+000 0.000e+000 0.000e+000
 3.250e+001 2.930e+000 2.400e+001 1.452e+002-4.367e+002 3.572e+001 2.685e+002-1.600e+003 6.314e+004-1.859e+003-4.282e+003-2.382e+002 2.619e+003 8.091e+002-8.437e+002 3.000e+002-1.369e+004-2.749e+002 5.006e+003
 3.380e+001 2.930e+000 0.000e+000 0.000e+000 0.000e+000 0.000e+000 0.000e+000 0.000e+000 0.000e+000 0.000e+000 0.000e+000 0.000e+000 0.000e+000 0.000e+000 0.000e+000 0.000e+000 0.000e+000 0.000e+000 0.000e+000
 3.500e+001 2.930e+000 2.400e+001 2.008e+002 2.762e+001-3.702e+001 5.636e+001-1.247e+003 4.584e+004 1.436e+003-2.162e+003-2.044e+002 1.797e+003 8.133e+002 2.677e+002 2.630e+002-9.520e+003-7.383e+002 4.081e+003
 3.630e+001 2.930e+000 0.000e+000 0.000e+000 0.000e+000 0.000e+000 0.000e+000 0.000e+000 0.000e+000 0.000e+000 0.000e+000 0.000e+000 0.000e+000 0.000e+000 0.000e+000 0.000e+000 0.000e+000 0.000e+000 0.000e+000
 3.750e+001 2.930e+000 2.400e+001 4.994e+002 1.563e+002-2.056e+002 1.137e+002-1.057e+003 4.379e+004 1.162e+003-1.621e+003-6.887e+002 3.095e+003 1.644e+003-1.889e+002 2.172e+002-1.101e+004-7.759e+002 4.019e+003
 3.880e+001 2.930e+000 0.000e+000 0.000e+000 0.000e+000 0.000e+000 0.000e+000 0.000e+000 0.000e+000 0.000e+000 0.000e+000 0.000e+000 0.000e+000 0.000e+000 0.000e+000 0.000e+000 0.000e+000 0.000e+000 0.000e+000
 4.000e+001 2.930e+000 0.000e+000 0.000e+000 0.000e+000 0.000e+000 0.000e+000 0.000e+000 0.000e+000 0.000e+000 0.000e+000 0.000e+000 0.000e+000 0.000e+000 0.000e+000 0.000e+000 0.000e+000 0.000e+000 0.000e+000
 4.130e+001 2.930e+000 2.400e+001 1.099e+003-2.066e+003-4.329e+001 1.238e+003-6.023e+002 1.191e+005 7.335e+001-7.793e+003-1.242e+003 3.189e+003 3.837e+003-1.277e+003 3.419e+001-3.076e+004-6.230e+002 1.087e+004
 4.250e+001 2.930e+000 0.000e+000 0.000e+000 0.000e+000 0.000e+000 0.000e+000 0.000e+000 0.000e+000 0.000e+000 0.000e+000 0.000e+000 0.000e+000 0.000e+000 0.000e+000 0.000e+000 0.000e+000 0.000e+000 0.000e+000
 4.380e+001 2.930e+000 2.400e+001 1.949e+003-2.578e+003 6.183e+001 2.067e+003-6.716e+003 1.654e+005-8.574e+002-1.138e+004-1.366e+003 1.081e+004 1.752e+003-1.496e+003 1.710e+003-4.632e+004-2.972e+003 1.595e+004
 4.500e+001 2.930e+000 0.000e+000 0.000e+000 0.000e+000 0.000e+000 0.000e+000 0.000e+000 0.000e+000 0.000e+000 0.000e+000 0.000e+000 0.000e+000 0.000e+000 0.000e+000 0.000e+000 0.000e+000 0.000e+000 0.000e+000
 4.630e+001 2.930e+000 2.400e+001 3.517e+003-8.276e+003 4.285e+002 4.468e+003 4.322e+003 6.567e+005 1.759e+003-2.347e+004-2.183e+003 2.339e+004 2.859e+003-1.890e+003-1.495e+003-1.982e+005-6.751e+003 6.282e+004
 4.750e+001 2.930e+000 0.000e+000 0.000e+000 0.000e+000 0.000e+000 0.000e+000 0.000e+000 0.000e+000 0.000e+000 0.000e+000 0.000e+000 0.000e+000 0.000e+000 0.000e+000 0.000e+000 0.000e+000 0.000e+000 0.000e+000
 4.880e+001 2.930e+000 0.000e+000 0.000e+000 0.000e+000 0.000e+000 0.000e+000 0.000e+000 0.000e+000 0.000e+000 0.000e+000 0.000e+000 0.000e+000 0.000e+000 0.000e+000 0.000e+000 0.000e+000 0.000e+000 0.000e+000
 5.000e+001 2.930e+000 2.400e+001 3.738e+005 3.086e+005 1.799e+005 2.761e+005-5.433e+006 7.959e+007-2.124e+006-5.313e+006-5.845e+005 8.665e+006 1.003e+006-1.178e+006 1.553e+006-2.246e+007-2.303e+006 6.695e+006
 5.130e+001 2.930e+000 0.000e+000 0.000e+000 0.000e+000 0.000e+000 0.000e+000 0.000e+000 0.000e+000 0.000e+000 0.000e+000 0.000e+000 0.000e+000 0.000e+000 0.000e+000 0.000e+000 0.000e+000 0.000e+000 0.000e+000
 5.250e+001 2.930e+000 2.400e+001 4.420e+003 1.664e+004 1.565e+003-7.139e+002-2.616e+004 5.157e+005 9.347e+003-4.361e+004-3.911e+003 3.927e+004 4.577e+003-1.722e+003 8.125e+003-1.393e+005-1.064e+004 4.280e+004
 5.380e+001 2.930e+000 0.000e+000 0.000e+000 0.000e+000 0.000e+000 0.000e+000 0.000e+000 0.000e+000 0.000e+000 0.000e+000 0.000e+000 0.000e+000 0.000e+000 0.000e+000 0.000e+000 0.000e+000 0.000e+000 0.000e+000
 5.500e+001 2.930e+000 0.000e+000 0.000e+000 0.000e+000 0.000e+000 0.000e+000 0.000e+000 0.000e+000 0.000e+000 0.000e+000 0.000e+000 0.000e+000 0.000e+000 0.000e+000 0.000e+000 0.000e+000 0.000e+000 0.000e+000
 5.630e+001 2.930e+000 2.400e+001 8.344e+002-4.636e+001 1.938e+002 6.008e+002-4.449e+003 1.609e+005 1.015e+003-9.704e+003-6.684e+002 9.533e+003 1.164e+003-4.364e+002 1.337e+003-4.619e+004-2.627e+003 1.452e+004
 5.750e+001 2.930e+000 0.000e+000 0.000e+000 0.000e+000 0.000e+000 0.000e+000 0.000e+000 0.000e+000 0.000e+000 0.000e+000 0.000e+000 0.000e+000 0.000e+000 0.000e+000 0.000e+000 0.000e+000 0.000e+000 0.000e+000
 5.880e+001 2.930e+000 2.400e+001 7.344e+002-1.844e+003-6.425e+001 1.027e+003-9.651e+002 8.374e+004-9.434e+001-4.954e+003-7.490e+002 3.826e+003 2.276e+003-4.950e+002 2.459e+002-2.724e+004-1.501e+003 9.870e+003
 6.000e+001 2.930e+000 0.000e+000 0.000e+000 0.000e+000 0.000e+000 0.000e+000 0.000e+000 0.000e+000 0.000e+000 0.000e+000 0.000e+000 0.000e+000 0.000e+000 0.000e+000 0.000e+000 0.000e+000 0.000e+000 0.000e+000
 6.130e+001 2.930e+000 1.800e+001 2.631e+002-1.082e+003 5.899e+001 4.396e+002-7.309e+002 4.238e+004 1.321e+002-2.181e+003-1.970e+002 1.244e+003 3.375e+002-1.017e+002 8.239e+001-1.236e+004-3.041e+002 4.276e+003
 6.250e+001 2.930e+000 0.000e+000 0.000e+000 0.000e+000 0.000e+000 0.000e+000 0.000e+000 0.000e+000 0.000e+000 0.000e+000 0.000e+000 0.000e+000 0.000e+000 0.000e+000 0.000e+000 0.000e+000 0.000e+000 0.000e+000
 6.380e+001 2.930e+000 0.000e+000 0.000e+000 0.000e+000 0.000e+000 0.000e+000 0.000e+000 0.000e+000 0.000e+000 0.000e+000 0.000e+000 0.000e+000 0.000e+000 0.000e+000 0.000e+000 0.000e+000 0.000e+000 0.000e+000
 6.500e+001 2.930e+000 2.400e+001 1.054e+002 3.460e+001 4.922e+001 7.223e+001-5.792e+002 2.799e+004 6.513e+002-1.907e+003-8.393e+001 1.215e+003 2.800e+002 1.002e+002 7.894e+001-7.457e+003-2.728e+002 2.937e+003
 6.630e+001 2.930e+000 0.000e+000 0.000e+000 0.000e+000 0.000e+000 0.000e+000 0.000e+000 0.000e+000 0.000e+000 0.000e+000 0.000e+000 0.000e+000 0.000e+000 0.000e+000 0.000e+000 0.000e+000 0.000e+000 0.000e+000
 6.750e+001 2.930e+000 2.400e+001 1.377e+002-1.945e+002 1.103e+002 1.792e+002-3.945e+002 1.585e+004-3.198e+002-1.103e+003-7.900e+001 2.050e+002 4.483e+002-2.666e+002 6.295e+001-3.652e+003 5.336e+001 1.873e+003
 6.880e+001 2.930e+000 0.000e+000 0.000e+000 0.000e+000 0.000e+000 0.000e+000 0.000e+000 0.000e+000 0.000e+000 0.000e+000 0.000e+000 0.000e+000 0.000e+000 0.000e+000 0.000e+000 0.000e+000 0.000e+000 0.000e+000
 7.000e+001 2.930e+000 2.400e+001 6.568e+001 1.185e+002 2.794e+000 8.733e+001-7.757e+002 3.205e+004 2.833e+002-3.418e+003-4.876e+001 9.761e+002 1.810e+002-1.340e+001 2.537e+002-8.963e+003-3.460e+002 3.781e+003
 7.130e+001 2.930e+000 0.000e+000 0.000e+000 0.000e+000 0.000e+000 0.000e+000 0.000e+000 0.000e+000 0.000e+000 0.000e+000 0.000e+000 0.000e+000 0.000e+000 0.000e+000 0.000e+000 0.000e+000 0.000e+000 0.000e+000
 7.250e+001 2.930e+000 0.000e+000 0.000e+000 0.000e+000 0.000e+000 0.000e+000 0.000e+000 0.000e+000 0.000e+000 0.000e+000 0.000e+000 0.000e+000 0.000e+000 0.000e+000 0.000e+000 0.000e+000 0.000e+000 0.000e+000
 7.380e+001 2.930e+000 2.400e+001 9.323e+001-2.802e+002 4.896e+001 1.391e+002-4.869e+002 1.848e+004 1.108e+002-2.225e+003-5.551e+001 3.261e+002 1.594e+002-1.193e+002 1.084e+002-4.390e+003-1.094e+002 2.394e+003
 7.500e+001 2.930e+000 0.000e+000 0.000e+000 0.000e+000 0.000e+000 0.000e+000 0.000e+000 0.000e+000 0.000e+000 0.000e+000 0.000e+000 0.000e+000 0.000e+000 0.000e+000 0.000e+000 0.000e+000 0.000e+000 0.000e+000
 7.630e+001 2.930e+000 2.100e+001 9.935e+001-4.418e+002-1.459e+000 2.341e+002-6.612e+002 1.632e+004-1.750e+002-9.581e+002-7.195e+001 6.023e+002 1.461e+002-1.781e+002 1.893e+002-5.575e+003-1.948e+002 2.449e+003
 7.750e+001 2.930e+000 0.000e+000 0.000e+000 0.000e+000 0.000e+000 0.000e+000 0.000e+000 0.000e+000 0.000e+000 0.000e+000 0.000e+000 0.000e+000 0.000e+000 0.000e+000 0.000e+000 0.000e+000 0.000e+000 0.000e+000
 7.880e+001 2.930e+000 2.400e+001 3.077e+001-1.015e+002-2.099e+000 7.219e+001-1.065e+002 1.071e+004 7.332e+001-1.037e+003-2.189e+001 1.924e+002 1.332e+002 1.867e+001-3.301e+000-4.100e+003-6.027e+001 2.313e+003
 8.000e+001 2.930e+000 0.000e+000 0.000e+000 0.000e+000 0.000e+000 0.000e+000 0.000e+000 0.000e+000 0.000e+000 0.000e+000 0.000e+000 0.000e+000 0.000e+000 0.000e+000 0.000e+000 0.000e+000 0.000e+000 0.000e+000
 8.130e+001 2.930e+000 0.000e+000 0.000e+000 0.000e+000 0.000e+000 0.000e+000 0.000e+000 0.000e+000 0.000e+000 0.000e+000 0.000e+000 0.000e+000 0.000e+000 0.000e+000 0.000e+000 0.000e+000 0.000e+000 0.000e+000
 8.250e+001 2.930e+000 2.400e+001 3.944e+001-1.373e+002 6.220e+000 7.286e+001-2.953e+002 1.091e+004 4.851e+001-7.358e+002-4.499e+001 3.268e+002 1.768e+002-5.963e+001 7.486e+001-3.060e+003-9.041e+001 1.468e+003
 8.380e+001 2.930e+000 0.000e+000 0.000e+000 0.000e+000 0.000e+000 0.000e+000 0.000e+000 0.000e+000 0.000e+000 0.000e+000 0.000e+000 0.000e+000 0.000e+000 0.000e+000 0.000e+000 0.000e+000 0.000e+000 0.000e+000
 8.500e+001 2.930e+000 2.400e+001 3.181e+001-8.217e+001-1.498e-001 9.014e+001-4.029e+002 1.291e+004 3.680e+002-1.246e+003-2.076e+001 4.829e+002 1.233e+002 9.867e+000 1.276e+002-3.765e+003-1.609e+002 1.760e+003
 8.630e+001 2.930e+000 0.000e+000 0.000e+000 0.000e+000 0.000e+000 0.000e+000 0.000e+000 0.000e+000 0.000e+000 0.000e+000 0.000e+000 0.000e+000 0.000e+000 0.000e+000 0.000e+000 0.000e+000 0.000e+000 0.000e+000
 8.750e+001 2.930e+000 2.100e+001 2.493e+001-1.057e+002 1.472e+001 7.512e+001-2.835e+002 8.737e+003 1.101e+002-6.149e+002-2.154e+001 2.361e+002 1.186e+002 3.156e+001 7.598e+001-2.394e+003-3.076e+001 1.080e+003
 8.880e+001 2.930e+000 0.000e+000 0.000e+000 0.000e+000 0.000e+000 0.000e+000 0.000e+000 0.000e+000 0.000e+000 0.000e+000 0.000e+000 0.000e+000 0.000e+000 0.000e+000 0.000e+000 0.000e+000 0.000e+000 0.000e+000
 9.000e+001 2.930e+000 0.000e+000 0.000e+000 0.000e+000 0.000e+000 0.000e+000 0.000e+000 0.000e+000 0.000e+000 0.000e+000 0.000e+000 0.000e+000 0.000e+000 0.000e+000 0.000e+000 0.000e+000 0.000e+000 0.000e+000
 9.130e+001 2.930e+000 2.100e+001 2.169e+001 4.423e+000 2.804e+000 1.521e+001-2.551e+002 7.754e+003 3.149e+002-3.836e+002-2.301e+001 2.428e+002 1.305e+002 1.078e+002 7.466e+001-2.486e+003-6.611e+001 9.818e+002
 9.250e+001 2.930e+000 0.000e+000 0.000e+000 0.000e+000 0.000e+000 0.000e+000 0.000e+000 0.000e+000 0.000e+000 0.000e+000 0.000e+000 0.000e+000 0.000e+000 0.000e+000 0.000e+000 0.000e+000 0.000e+000 0.000e+000
 9.380e+001 2.930e+000 2.400e+001 1.101e+001 1.453e+001 6.248e+000 1.101e+001-9.357e+001 4.852e+003 2.809e+002-1.346e+002-1.414e+001 1.407e+002 1.185e+002 8.455e+001 1.858e+001-1.250e+003-2.248e+001 5.589e+002
 9.500e+001 2.930e+000 0.000e+000 0.000e+000 0.000e+000 0.000e+000 0.000e+000 0.000e+000 0.000e+000 0.000e+000 0.000e+000 0.000e+000 0.000e+000 0.000e+000 0.000e+000 0.000e+000 0.000e+000 0.000e+000 0.000e+000
 9.630e+001 2.930e+000 2.400e+001 1.584e+001 1.555e+001 9.454e+000 1.653e+001-9.583e+001 4.557e+003 2.924e+002-7.946e+001-1.993e+001 1.561e+002 1.277e+002 5.895e+001 2.169e+001-1.189e+003-1.104e+001 4.115e+002
 9.750e+001 2.930e+000 0.000e+000 0.000e+000 0.000e+000 0.000e+000 0.000e+000 0.000e+000 0.000e+000 0.000e+000 0.000e+000 0.000e+000 0.000e+000 0.000e+000 0.000e+000 0.000e+000 0.000e+000 0.000e+000 0.000e+000
 9.880e+001 2.930e+000 0.000e+000 0.000e+000 0.000e+000 0.000e+000 0.000e+000 0.000e+000 0.000e+000 0.000e+000 0.000e+000 0.000e+000 0.000e+000 0.000e+000 0.000e+000 0.000e+000 0.000e+000 0.000e+000 0.000e+000
 1.000e+002 2.930e+000 3.900e+001 4.672e+001 2.512e+002 3.600e+001-5.799e+001-6.468e+001 7.210e+003 8.296e+002-1.195e+002-6.254e+001-5.679e+002 5.565e+002 1.639e+002 5.730e+001-2.093e+003 1.882e+002 7.938e+002
 1.130e+002 2.930e+000 4.500e+001 2.587e+001-1.006e+002 6.505e+000 7.450e+001-3.594e+002 1.043e+004 3.349e+002-8.057e+002-4.051e+001 5.190e+002 2.800e+002 5.973e+001 9.484e+001-3.130e+003-1.486e+002 1.320e+003
 1.250e+002 2.930e+000 6.300e+001 3.075e+001-1.279e+002-5.203e+000 1.086e+002-4.434e+002 1.602e+004 1.108e+003-9.123e+002-4.644e+001 6.353e+002 4.396e+002 2.880e+002 1.331e+002-5.308e+003-1.597e+002 2.385e+003
 1.380e+002 2.930e+000 4.800e+001 2.153e+001-3.937e+001-9.188e-001 3.910e+001-2.703e+002 1.121e+004 9.503e+002-4.048e+002-4.596e+001 4.669e+002 4.196e+002 3.058e+002 7.340e+001-3.684e+003-1.196e+002 1.479e+003
 1.500e+002 2.930e+000 3.600e+001 3.103e+001-5.596e+002-3.813e+001 1.651e+002-1.089e+002 2.293e+004-9.153e+002-8.080e+002-9.108e+001 1.331e+003 6.034e+002-2.550e+002-4.427e+000-6.481e+003-2.890e+002 1.975e+003
 1.630e+002 2.930e+000 5.100e+001 2.946e+001-2.715e+001-1.479e+001 4.563e+001-3.952e+002 1.337e+004 1.462e+003-4.841e+002-6.583e+001 6.734e+002 7.003e+002 4.994e+002 1.081e+002-4.673e+003-1.514e+002 2.054e+003
 1.750e+002 2.930e+000 4.800e+001 5.694e+001-5.281e+001-3.235e+001 1.042e+002-7.289e+002 1.890e+004 1.959e+003-1.034e+003-1.194e+002 1.448e+003 9.410e+002 5.774e+002 2.206e+002-6.401e+003-4.498e+002 2.684e+003
 1.880e+002 2.930e+000 6.900e+001 1.895e+002-5.435e+001-3.581e+001 1.571e+002-2.298e+003 4.334e+004 3.879e+003-1.869e+003-1.969e+002 2.756e+003 1.923e+003 1.535e+003 4.821e+002-1.208e+004-9.481e+002 5.196e+003
 2.000e+002 2.930e+000 8.400e+001 6.690e+003-1.967e+003 5.856e+003 5.925e+003-6.419e+004 6.624e+005-4.895e+004-5.104e+004-6.806e+002 6.287e+003 9.168e+003-6.524e+003 1.030e+004-1.154e+005 3.640e+003 2.736e+004
 2.130e+002 2.930e+000 7.800e+001 2.012e+002 5.481e+002-2.935e+002-6.531e+001-2.816e+003 6.981e+004 1.444e+004-9.649e+002-3.437e+002 3.390e+003 5.108e+003 4.567e+003 7.046e+002-1.994e+004-1.047e+003 6.489e+003
 2.250e+002 2.930e+000 1.110e+002 2.306e+002 2.527e+003-9.599e+002-8.261e+002-4.424e+003 1.667e+005 5.218e+004 1.084e+003-1.437e+003 1.632e+004 2.019e+004 1.810e+004 1.427e+003-5.677e+004-5.179e+003 2.069e+004
 2.380e+002 2.930e+000 9.300e+001 9.538e+002 1.456e+004-4.341e+003-5.205e+003-1.848e+004 7.001e+005 2.459e+005 8.385e+003-7.930e+003 8.580e+004 1.007e+005 8.655e+004 6.194e+003-2.434e+005-2.668e+004 8.562e+004
 2.500e+002 2.930e+000 9.600e+001 2.786e+004 4.577e+005-1.224e+005-1.701e+005-5.229e+005 1.939e+007 7.088e+006 3.557e+005-2.466e+005 2.582e+006 2.990e+006 2.544e+006 1.755e+005-6.834e+006-7.770e+005 2.417e+006
 2.630e+002 2.930e+000 9.600e+001 9.801e+002 1.501e+004-3.494e+003-5.458e+003-1.571e+004 5.848e+005 2.208e+005 1.246e+004-8.470e+003 8.119e+004 9.872e+004 7.837e+004 4.962e+003-2.025e+005-2.269e+004 7.161e+004
 2.750e+002 2.930e+000 1.020e+002 3.046e+002 3.623e+003-4.909e+002-1.248e+003-2.935e+003 1.144e+005 4.511e+004 3.843e+003-2.287e+003 1.588e+004 2.314e+004 1.587e+004 7.229e+002-3.811e+004-3.372e+003 1.385e+004
 2.880e+002 2.930e+000 6.600e+001 1.426e+002 1.051e+003-1.313e+002-3.145e+002-1.190e+003 4.227e+004 1.168e+004 8.768e+002-8.110e+002 4.813e+003 6.865e+003 4.120e+003 1.982e+002-1.192e+004-6.853e+002 4.242e+003
 3.000e+002 2.930e+000 7.500e+001 4.822e+002 1.879e+003-3.254e+002 1.516e+002-1.231e+004 5.004e+005 1.865e+004-2.061e+004-5.474e+002-1.150e+004 6.758e+003 5.440e+003 2.230e+003-9.956e+004 2.629e+003 2.255e+004
 3.130e+002 2.930e+000 6.000e+001 1.253e+002 1.424e+003-6.014e+001-3.463e+002-4.784e+001 4.639e+004 1.186e+004 2.229e+003-6.634e+002-2.124e+003 4.761e+003 3.251e+003-1.889e+002-1.343e+004 1.574e+003 4.755e+003
 3.250e+002 2.930e+000 7.200e+001 3.541e+002 2.246e+003 1.802e+002-3.868e+002 1.475e+003 4.182e+004 1.563e+004 5.665e+003-1.698e+003-6.951e+003 9.404e+003 3.870e+003-1.057e+003-1.424e+004 5.251e+003 6.470e+003
 3.380e+002 2.930e+000 9.000e+001 2.109e+003 9.101e+003 1.173e+003-5.258e+002 1.053e+004 1.176e+005 5.023e+004 2.852e+004-9.131e+003-4.161e+004 4.171e+004 7.935e+003-7.006e+003-4.635e+004 3.057e+004 2.727e+004
 3.500e+002 2.930e+000 9.600e+001 6.437e+004 2.626e+005 3.166e+004-7.475e+003 3.342e+005 2.980e+006 1.317e+006 8.722e+005-2.727e+005-1.295e+006 1.182e+006 1.519e+005-2.187e+005-1.225e+006 9.303e+005 7.668e+005
 3.630e+002 2.930e+000 8.400e+001 2.091e+003 7.760e+003 8.902e+002-3.482e+001 1.038e+004 9.910e+004 3.957e+004 2.669e+004-8.774e+003-4.129e+004 3.798e+004 3.899e+003-6.904e+003-4.048e+004 2.941e+004 2.509e+004
 3.750e+002 2.930e+000 7.800e+001 3.615e+002 1.291e+003 1.150e+002-7.551e+000 1.536e+003 2.727e+004 7.588e+003 4.451e+003-1.507e+003-7.239e+003 6.872e+003 9.097e+002-1.040e+003-9.811e+003 4.769e+003 5.119e+003
 3.880e+002 2.930e+000 4.800e+001 7.988e+001 4.017e+002-6.059e+000-2.904e+001 1.453e+002 1.208e+004 2.421e+003 1.474e+003-3.160e+002-1.524e+003 1.567e+003 3.167e+002-1.773e+002-3.688e+003 1.071e+003 1.641e+003
 4.000e+002 2.930e+000 5.100e+001 1.139e+002 4.545e+002-1.520e+002-1.562e+002-2.532e+003 1.331e+005 8.764e+003 6.674e+003-2.144e+002-2.297e+003 1.595e+003 1.618e+003 4.549e+002-2.962e+004 1.249e+003 7.318e+003
 4.130e+002 2.930e+000 6.600e+001 7.949e+001 2.775e+001-3.283e+001 3.709e+001-7.133e+002 1.979e+004 1.333e+003 3.201e+002-1.949e+002 7.782e+001 9.492e+002 1.535e+002 9.219e+001-4.477e+003 2.526e+002 1.303e+003
 4.250e+002 2.930e+000 5.700e+001 7.522e+001-4.298e+000-5.920e+001 4.643e+001-1.149e+003 2.652e+004 1.292e+003-3.334e+002-9.645e+001 4.244e+002 4.414e+002 2.004e+002 2.068e+002-5.578e+003-3.488e+001 1.389e+003
 4.380e+002 2.930e+000 8.700e+001 3.721e+002-1.158e+003-7.903e+001 5.088e+002-6.683e+003 1.384e+005 1.389e+003-4.467e+003-2.322e+002 2.568e+003 6.067e+002 1.572e+002 1.370e+003-3.026e+004-4.583e+002 7.146e+003
 4.500e+002 2.930e+000 9.600e+001 2.026e+004-1.018e+005 1.465e+003 4.268e+004-3.717e+005 7.359e+006-6.245e+004-3.890e+005-7.246e+003 1.213e+005 4.045e+003-2.108e+004 7.815e+004-1.656e+006-2.379e+004 3.941e+005
 4.630e+002 2.930e+000 1.110e+002 4.870e+002-2.720e+003 1.011e+002 1.141e+003-7.907e+003 1.546e+005-2.840e+003-9.211e+003-3.158e+002 3.115e+003 6.919e+002-8.930e+002 1.582e+003-3.500e+004-4.207e+002 8.971e+003
 4.750e+002 2.930e+000 7.500e+001 8.132e+001-4.350e+002 1.448e+001 1.956e+002-1.065e+003 2.068e+004-4.231e+002-1.433e+003-1.024e+002 7.533e+002 3.449e+002-1.622e+002 1.980e+002-4.870e+003-1.107e+002 1.444e+003
 4.880e+002 2.930e+000 4.800e+001 4.141e+001-2.257e+002 6.812e+000 9.898e+001-5.604e+002 1.155e+004-1.194e+002-6.558e+002-4.809e+001 3.614e+002 1.713e+002-4.186e+001 1.135e+002-2.891e+003-4.511e+001 9.036e+002
 5.000e+002 2.930e+000 6.300e+001 3.550e+002-6.106e+003 1.862e+002 1.984e+003-2.179e+003 1.353e+005-4.480e+003-3.799e+003-2.324e+002-2.430e+003 4.482e+002-1.400e+003 4.455e+002-4.151e+004 9.310e+002 1.327e+004
 5.130e+002 2.930e+000 9.000e+001 1.050e+002-5.671e+002 6.286e+000 2.100e+002-1.526e+003 3.007e+004-1.242e+002-1.222e+003-7.147e+001 4.884e+002 2.509e+002-6.209e+001 3.161e+002-7.011e+003-7.217e+001 1.861e+003
 5.250e+002 2.930e+000 9.000e+001 1.914e+002-9.979e+002-3.592e+000 3.646e+002-3.133e+003 6.126e+004-7.172e+001-2.230e+003-8.430e+001 6.573e+002 2.816e+002-7.806e+001 6.809e+002-1.422e+004-1.376e+002 3.570e+003
 5.380e+002 2.930e+000 9.600e+001 7.631e+002-4.296e+003 3.545e+001 1.484e+003-1.337e+004 2.642e+005-7.377e+002-9.190e+003-8.341e+001 4.104e+002 2.812e+002-2.264e+002 2.948e+003-6.137e+004-6.674e+001 1.487e+004
 5.500e+002 2.930e+000 9.600e+001 3.051e+005-1.712e+006 1.620e+004 6.032e+005-5.401e+006 1.052e+008-2.723e+005-3.856e+006 2.676e+003-1.405e+005 1.516e+003-5.931e+004 1.215e+006-2.490e+007 4.271e+004 6.036e+006
 5.630e+002 2.930e+000 1.200e+002 1.395e+003-7.970e+003 1.153e+002 2.827e+003-2.437e+004 4.761e+005-1.477e+003-1.827e+004 4.290e+001-2.146e+003 2.734e+002-2.987e+002 5.395e+003-1.118e+005 5.829e+002 2.720e+004
 5.750e+002 2.930e+000 9.600e+001 1.830e+002-1.022e+003 1.784e+001 3.724e+002-3.035e+003 5.908e+004-2.107e+002-2.466e+003-1.478e+001-3.306e+002 1.832e+002-4.801e+001 6.456e+002-1.366e+004 1.090e+002 3.439e+003
 5.880e+002 2.930e+000 8.700e+001 8.705e+001-5.270e+002 1.559e+001 1.824e+002-1.386e+003 2.776e+004-1.499e+002-9.989e+002-1.597e+001-2.525e+002 1.665e+002-3.071e+001 3.039e+002-6.562e+003 5.863e+001 1.708e+003
 6.000e+002 2.930e+000 8.400e+001 4.885e+002-3.245e+003-3.737e+002 2.234e+003-9.382e+003 2.054e+005 6.367e+003-3.274e+004-1.803e+002 5.476e+003 5.642e+002 2.878e+002 1.543e+003-4.508e+004-2.283e+003 1.586e+004
 6.130e+002 2.930e+000 6.300e+001 2.669e+001-1.920e+002 2.729e+000 7.315e+001-3.846e+002 7.868e+003-3.152e+001-3.167e+002-7.598e+000-4.611e+001 7.632e+001-8.738e+000 9.640e+001-2.185e+003 1.279e+001 7.303e+002
 6.250e+002 2.930e+000 6.600e+001 1.686e+001-1.192e+002 5.519e+000 4.396e+001-2.423e+002 5.335e+003-9.110e+001-2.289e+002-8.752e+000-5.397e+001 8.398e+001-2.492e+001 5.155e+001-1.340e+003 1.052e+001 4.213e+002
 6.380e+002 2.930e+000 4.500e+001 1.335e+001-5.854e+001-5.803e+000 2.025e+001-1.552e+002 3.924e+003 6.837e+001-1.037e+002-1.594e+001-5.422e+001 9.929e+001 8.447e+000 2.672e+001-9.616e+002 4.091e+001 2.967e+002
 6.500e+002 2.930e+000 7.800e+001 2.115e+003 2.594e+004-6.271e+003-1.249e+004-8.150e+004 3.536e+006 2.342e+005 2.707e+005 9.772e+002-1.207e+005 1.999e+004 4.756e+004 1.774e+004-8.588e+005 4.736e+004 2.300e+005
 6.630e+002 2.930e+000 4.800e+001 1.534e+001-2.855e+001-8.818e+000 1.053e+001-2.757e+002 6.242e+003 2.023e+002 1.968e+001-7.124e+000-2.136e+000 5.969e+001 3.087e+001 5.430e+001-1.378e+003 1.240e+001 3.704e+002
 6.750e+002 2.930e+000 6.300e+001 1.137e+001-3.695e+001-2.446e+000 1.446e+001-1.688e+002 3.601e+003 1.108e+002-8.461e+001-6.014e+000-5.175e+001 6.916e+001 2.354e+001 3.323e+001-8.171e+002 1.461e+001 2.404e+002
 6.880e+002 2.930e+000 5.400e+001 7.905e+000-3.321e+001-1.591e+000 1.117e+001-1.073e+002 2.108e+003 4.610e+001-3.993e+001-5.676e+000 1.305e+001 5.267e+001 1.189e+001 2.231e+001-4.788e+002-3.170e+000 1.518e+002
 7.000e+002 2.930e+000 7.200e+001 9.560e+001-7.422e+002-1.522e+001 1.704e+002-1.711e+003 3.776e+004-4.602e+002 1.449e+003-9.491e+001 1.730e+003 1.521e+002-8.051e+001 5.484e+002-1.155e+004-5.638e+002 3.709e+003
 7.130e+002 2.930e+000 3.600e+001 4.476e+000-2.736e+001-1.332e-001 1.011e+001-5.851e+001 1.313e+003 1.670e+000-1.160e+000-4.031e+000 4.823e+000 3.182e+001 3.821e+000 1.696e+001-4.284e+002-4.365e+000 1.671e+002
 7.250e+002 2.930e+000 3.900e+001 4.647e+000-2.482e+001 2.402e+000 6.334e+000-5.246e+001 1.112e+003-1.250e+001 1.312e+001-4.572e+000-1.412e+001 4.141e+001 1.200e+000 1.287e+001-2.833e+002-1.439e+000 1.081e+002
 7.380e+002 2.930e+000 4.500e+001 5.090e+000-2.321e+001 2.381e+000 8.293e+000-5.539e+001 1.147e+003-3.417e+001-4.240e+000-8.401e+000-4.257e+000 7.188e+001-1.785e+001 1.601e+001-3.535e+002-1.125e+001 1.435e+002
 7.500e+002 2.930e+000 1.050e+002 1.067e+002-7.969e+002 5.944e+002 8.728e+001-1.628e+003 3.290e+004-8.259e+003 5.138e+003 1.049e+002-6.428e+003 4.190e+003-5.316e+003 8.730e+002-1.479e+004 1.249e+003 8.299e+003
 7.630e+002 2.930e+000 5.100e+001 4.570e+000-2.807e+001 6.395e+000 9.597e+000-5.702e+001 1.291e+003-8.494e+001-6.516e+000-3.757e+000-5.603e+001 7.238e+001-4.754e+001 1.686e+001-4.160e+002 1.758e+001 1.879e+002
 7.750e+002 2.930e+000 3.600e+001 4.328e+000-2.532e+001 4.949e+000 9.440e+000-3.841e+001 7.531e+002-7.701e+001-7.160e+000-8.110e+000-4.041e+000 5.532e+001-2.939e+001 1.188e+001-2.321e+002-1.496e-001 9.605e+001
 7.880e+002 2.930e+000 5.100e+001 2.195e+001-2.182e+001 3.074e+001-6.842e+000-1.173e+002 1.404e+003-1.439e+002 4.005e+001-7.693e+001 3.031e+002 3.753e+002-5.673e+001 7.457e+001-6.005e+002-2.815e+002 3.814e+002
 8.000e+002 2.930e+000 7.200e+001 2.165e+001 1.460e+001-3.344e+001-6.546e+000-2.934e+002 7.224e+003 5.706e+002-5.976e+001 7.713e+000-1.336e+003 6.755e+002 1.166e+002 8.387e+001-1.830e+003 1.922e+002 7.966e+002
 8.130e+002 2.930e+000 3.900e+001 4.319e+000-2.894e+001 5.083e+000 5.129e+000-4.392e+001 1.143e+003-2.812e+001-1.990e+001-2.718e+000-6.824e+001 3.731e+001 7.909e+000 1.058e+001-3.434e+002 2.285e+000 1.928e+002
 8.250e+002 2.930e+000 3.000e+001 6.650e+000-2.287e+001 1.004e+001 2.985e+000-5.161e+001 7.045e+002-8.336e+001 2.003e+001-9.320e+000 5.275e+000 8.330e+001-1.121e+001 1.216e+001-1.598e+002-4.950e+001 1.322e+002
 8.380e+002 2.930e+000 9.900e+001 5.671e+001-2.011e+002 1.563e+002-9.690e+001-4.921e+002 6.420e+003-1.405e+003 1.002e+003-3.917e+001-2.782e+002 6.543e+002-8.822e+000 4.362e+001-6.110e+002-4.870e+002 8.960e+002
 8.500e+002 2.930e+000 9.600e+001 1.468e+003-4.656e+003 4.893e+003-4.189e+003-1.167e+004 1.155e+005-3.883e+004 3.049e+004-5.876e+002-1.096e+004 1.769e+004 3.832e+003-2.712e+002 1.131e+004-1.501e+004 1.593e+004
 8.630e+002 2.930e+000 5.100e+001 3.758e+001-1.476e+002 1.034e+002-6.099e+001-3.383e+002 4.614e+003-8.549e+002 6.125e+002-1.187e+001-3.058e+002 3.901e+002 2.173e+001 2.303e+001-3.957e+002-2.514e+002 4.435e+002
 8.750e+002 2.930e+000 4.500e+001 1.148e+001-7.936e+001 1.794e+001 1.658e+001-1.061e+002 2.128e+003-1.853e+002-4.227e+001-2.075e+000-1.032e+002 9.446e+001-7.745e+000 1.107e+001-4.623e+002-1.933e+001 2.372e+002
 8.880e+002 2.930e+000 6.000e+001 1.501e+001-9.601e+001 7.490e-001 4.307e+001-8.775e+001 2.430e+003-1.516e+002-1.467e+002-3.314e+001-9.300e+001 2.153e+002-9.067e+001 9.828e+000-8.699e+002 6.520e+001 4.876e+002
 9.000e+002 2.930e+000 5.400e+001 2.923e+001-1.033e+002 5.511e-001 5.431e+001-1.702e+002 6.118e+003-5.116e+002-2.361e+002-1.022e+002-4.973e+002 7.504e+002-2.813e+002 3.156e+001-2.605e+003 4.389e+002 1.532e+003
 9.130e+002 2.930e+000 5.100e+001 2.549e+001-2.485e+002 1.554e+001 8.136e+001-3.018e+002 7.879e+003-3.911e+002 2.694e+003-1.864e+001-1.755e+001 1.055e+002-2.112e+002 2.794e+002-5.972e+003-2.055e+002 6.777e+003
 9.250e+002 2.930e+000 5.400e+001 1.451e+001-1.865e+002 2.690e+001 8.061e+001-9.841e+001 4.106e+003-3.609e+002-4.080e+001-1.715e+001-3.692e+002 1.497e+002-1.678e+002 3.278e+001-1.628e+003 1.636e+002 8.787e+002
 9.380e+002 2.930e+000 1.350e+002 1.036e+002-1.271e+003 2.211e+002 6.596e+002-3.893e+002 2.147e+004-3.124e+003-1.640e+003-2.054e+002-2.542e+003 1.095e+003-1.380e+003 2.836e+001-9.983e+003 1.590e+003 5.375e+003
 9.500e+002 2.930e+000 9.600e+001 2.193e+003-2.747e+004 5.228e+003 1.536e+004-3.209e+003 3.676e+005-6.992e+004-3.209e+004-4.968e+003-6.111e+004 2.437e+004-3.287e+004-1.046e+003-1.994e+005 4.032e+004 1.137e+005
 9.630e+002 2.930e+000 9.300e+001 7.592e+001-9.456e+002 1.727e+002 5.221e+002-1.389e+002 1.441e+004-2.271e+003-1.034e+003-1.625e+002-2.252e+003 8.551e+002-1.090e+003-4.074e+001-7.232e+003 1.422e+003 4.122e+003
 9.750e+002 2.930e+000 6.900e+001 1.380e+001-1.799e+002 2.878e+001 8.870e+001-4.195e+001 3.447e+003-4.451e+002-1.859e+002-2.836e+001-4.690e+002 1.877e+002-2.074e+002-3.807e-001-1.499e+003 2.454e+002 8.410e+002
 9.880e+002 2.930e+000 6.300e+001 8.735e+000-9.158e+001 1.141e+001 3.252e+001-5.693e+001 2.484e+003-1.554e+002-1.065e+002-1.423e+001-1.598e+002 8.311e+001-5.516e+001 1.456e+001-9.038e+002 7.784e+001 6.078e+002
 1.000e+003 2.930e+000 2.790e+002 3.150e+002-5.341e+002 1.958e+002-2.744e+002-2.935e+003 4.367e+004-1.380e+003 7.607e+003-7.241e+002 4.937e+003 2.569e+003 2.130e+002 1.473e+003-2.456e+004-3.096e+003 2.188e+004
 1.130e+003 2.930e+000 3.780e+002 7.051e+002-1.111e+003 9.615e+002-1.599e+003-7.876e+003 1.024e+005-1.321e+004 3.013e+004-9.636e+002 8.214e+003 3.823e+003-7.703e+003 6.081e+003-7.705e+004-1.032e+004 7.115e+004
 1.250e+003 2.930e+000 4.290e+002 8.056e+001-7.246e+002 4.369e+002 3.575e+001-1.474e+003 5.713e+004-1.131e+004 3.336e+004-2.901e+001-1.698e+004 1.416e+004-2.789e+004 1.642e+003-5.165e+004 8.191e+003 7.930e+004
 1.380e+003 2.930e+000 5.640e+002 2.214e+002-2.499e+003 5.039e+002 1.205e+003-1.751e+003 7.685e+004-7.527e+003 4.715e+003-6.194e+002-5.716e+003 4.245e+003-4.756e+003 1.522e+003-4.689e+004 8.190e+002 3.424e+004
 1.500e+003 2.930e+000 6.300e+001 4.276e+001-5.411e+002-1.178e+000 3.730e+002-9.268e+002 3.013e+004-2.658e+002 8.206e+002-2.629e+001-1.060e+003 1.014e+003-2.051e+003 4.660e+002-1.386e+004-1.022e+003 1.262e+004
 1.630e+003 2.930e+000 7.200e+001 8.554e+001-8.782e+002-4.132e+001 8.302e+002-1.720e+003 4.486e+004-2.184e+001-7.729e+003-9.850e+001 1.896e+003 4.196e+002-1.220e+003 7.653e+002-2.348e+004-1.404e+003 1.653e+004
 1.750e+003 2.930e+000 4.800e+001 5.324e+002-5.736e+003-3.426e+001 5.514e+003-1.020e+004 2.603e+005-7.489e+003-4.544e+004-8.026e+002 1.441e+004 1.925e+003-9.605e+003 5.305e+003-1.598e+005-8.494e+003 1.139e+005
 1.880e+003 2.930e+000 6.900e+001 4.370e+002-5.009e+003 3.287e+002 3.580e+003-7.960e+003 2.213e+005-8.615e+003 1.240e+004-4.252e+002-5.040e+003 5.423e+003-1.971e+004 4.727e+003-1.189e+005-3.403e+003 1.152e+005
 2.000e+003 2.930e+000 7.200e+001 1.944e+003-2.172e+004 3.279e+002 1.381e+004-3.919e+004 1.037e+006-1.533e+004-6.504e+004-8.264e+002 1.310e+004 7.801e+002-9.492e+003 1.904e+004-5.391e+005-6.110e+003 2.867e+005
 2.130e+003 2.930e+000 4.800e+001 3.973e+002-4.339e+003 2.552e+001 2.796e+003-7.916e+003 2.058e+005-2.569e+003-1.367e+004-1.914e+002 3.503e+003 1.656e+002-1.739e+003 3.843e+003-1.072e+005-1.721e+003 5.734e+004
 2.250e+003 2.930e+000 7.200e+001 6.765e+001-7.054e+002 1.172e+001 4.700e+002-1.322e+003 3.373e+004-5.629e+002-1.805e+003-3.712e+001 4.836e+002 1.058e+002-5.790e+002 6.813e+002-1.817e+004-3.313e+002 1.076e+004
 2.380e+003 2.930e+000 7.200e+001 6.668e+001-9.195e+002 1.553e+002 3.310e+002-1.210e+003 3.752e+004-2.742e+003 1.219e+004-2.085e+001-3.114e+003 1.088e+003-4.664e+003 1.033e+003-2.185e+004 1.984e+002 2.434e+004
 2.500e+003 2.930e+000 4.800e+001 3.237e+001-3.982e+002 4.494e+001 1.211e+002-6.032e+002 1.697e+004-6.379e+002 4.034e+003 8.881e+000-1.131e+003 3.034e+002-1.254e+003 4.140e+002-8.789e+003 1.777e+002 7.960e+003
 2.630e+003 2.930e+000 7.200e+001 4.513e+001-4.355e+002 2.098e+001 3.280e+002-7.801e+002 1.791e+004-6.568e+002-1.006e+003-3.259e+001 2.784e+002 8.267e+001-5.992e+002 4.562e+002-1.100e+004-1.935e+002 7.510e+003
 2.750e+003 2.930e+000 7.200e+001 1.470e+001-1.375e+002 5.438e+000 9.006e+001-2.641e+002 6.123e+003-1.582e+002-1.541e+002-7.026e+000 4.556e+001 2.372e+001-1.490e+002 1.474e+002-3.487e+003-4.387e+001 2.213e+003
 2.880e+003 2.930e+000 4.500e+001 9.856e+000-7.387e+001-2.704e-001 5.568e+001-1.706e+002 3.545e+003-2.303e+001-2.884e+002-3.971e+000 6.353e+001 8.760e+000-3.786e+001 8.751e+001-1.933e+003-4.218e+001 1.152e+003
 3.000e+003 2.930e+000 7.200e+001 2.150e+001-1.933e+002 1.669e+001 1.918e+002-3.247e+002 6.840e+003-5.510e+002-2.319e+002-3.560e+001 2.993e+002 1.259e+002-6.957e+002 2.678e+002-5.644e+003-3.416e+002 5.653e+003
 3.130e+003 2.930e+000 6.900e+001 5.016e+000-3.642e+001 4.513e-001 2.517e+001-8.807e+001 1.858e+003-2.112e+001-4.873e+001-2.079e+000 2.233e+001 9.320e+000-3.913e+001 5.030e+001-1.065e+003-2.485e+001 7.231e+002
 3.250e+003 2.930e+000 4.800e+001 6.939e+000-4.331e+001-1.076e+000 3.202e+001-1.224e+002 2.459e+003 4.481e+000-1.621e+002-2.333e+000 4.050e+001 7.261e+000-1.930e+001 6.111e+001-1.278e+003-3.296e+001 7.609e+002
 3.380e+003 2.930e+000 7.200e+001 1.782e+001-1.038e+002 2.153e+000 7.631e+001-3.037e+002 5.824e+003-7.774e+001-2.916e+002-7.684e+000 1.165e+002 8.062e+000-6.521e+001 1.749e+002-3.434e+003-7.305e+001 2.125e+003
 3.500e+003 2.930e+000 7.200e+001 1.612e+002-8.636e+002 7.142e-001 7.185e+002-2.848e+003 5.507e+004-3.507e+002-4.630e+003-6.414e+001 1.124e+003 2.981e+001-3.018e+002 1.510e+003-3.054e+004-6.023e+002 1.741e+004
 3.630e+003 2.930e+000 4.800e+001 2.464e+002-1.224e+003 2.220e+001 8.195e+002-3.756e+003 6.347e+004-7.733e+002-2.180e+003-8.813e+001 1.235e+003 3.607e+001-4.869e+002 2.081e+003-3.585e+004-6.749e+002 2.037e+004
 3.750e+003 2.930e+000 7.200e+001 2.513e+001-1.428e+002 1.879e+000 1.007e+002-4.154e+002 7.770e+003-8.072e+001-3.583e+002-8.950e+000 1.325e+002 8.091e+000-6.420e+001 2.278e+002-4.384e+003-7.995e+001 2.573e+003
 3.880e+003 2.930e+000 7.200e+001 1.102e+002-4.875e+002 1.207e+001 4.278e+002-1.878e+003 3.427e+004-4.776e+002-2.212e+003-6.112e+001 9.922e+002 4.116e+001-3.780e+002 1.150e+003-2.154e+004-6.103e+002 1.388e+004
 4.000e+003 2.930e+000 4.800e+001 6.912e+001-2.663e+002 1.178e+001 1.583e+002-1.180e+003 2.126e+004-2.732e+002-5.854e+002-1.606e+001 2.338e+002 1.444e+001-9.889e+001 4.955e+002-9.116e+003-1.596e+002 5.078e+003
 4.130e+003 2.930e+000 7.200e+001 3.503e+002-1.403e+003-1.524e+001 1.273e+003-6.030e+003 1.095e+005-5.699e+002-8.285e+003-2.083e+002 3.642e+003 1.309e+002-6.226e+002 3.394e+003-6.354e+004-2.084e+003 3.769e+004
 4.250e+003 2.930e+000 6.900e+001 3.146e+001-1.015e+002-4.827e+000 8.613e+001-5.435e+002 9.850e+003 2.539e+001-4.420e+002-1.040e+001 1.603e+002 2.443e+001-5.093e+001 2.915e+002-5.423e+003-1.073e+002 3.201e+003
 4.380e+003 2.930e+000 4.800e+001 2.098e+001-7.248e+001-1.683e+000 5.797e+001-3.570e+002 6.350e+003-2.904e+000-2.854e+002-9.129e+000 1.572e+002 7.062e+000-1.665e+001 2.004e+002-3.621e+003-9.209e+001 2.108e+003
 4.500e+003 2.930e+000 7.200e+001 3.962e+001-1.494e+002 5.061e+000 1.192e+002-6.877e+002 1.255e+004-1.685e+002-5.491e+002-2.206e+001 3.561e+002 2.079e+001-1.364e+002 3.997e+002-7.406e+003-2.145e+002 4.487e+003
 4.630e+003 2.930e+000 7.200e+001 7.814e+000-2.443e+001-8.175e-001 3.264e+001-1.301e+002 2.285e+003-5.933e+000-2.564e+002-6.113e+000 8.521e+001 2.198e+001-7.206e+001 7.320e+001-1.322e+003-7.158e+001 1.020e+003
 4.750e+003 2.930e+000 4.800e+001 7.409e+000-1.706e+001-9.328e+000 1.222e+002-9.372e+001 1.285e+003 5.407e+001-1.288e+003-3.096e+001 3.739e+002 1.773e+002-5.479e+002 6.146e+001-1.014e+003-4.395e+002 2.924e+003
 4.880e+003 2.930e+000 7.200e+001 7.277e+000-9.069e+000-2.067e+001 1.655e+002-8.176e+001 1.041e+003 1.844e+002-1.541e+003-3.854e+001 3.755e+002 3.417e+002-1.066e+003 2.909e+001-4.690e+002-6.958e+002 4.901e+003
 5.000e+003 2.930e+000 7.200e+001 2.941e+000-7.735e+000-4.576e+000 1.757e+001-4.508e+001 7.473e+002 6.361e+001-1.460e+002-3.291e+000 3.502e+001 4.304e+001-1.072e+002 1.340e+001-2.228e+002-7.756e+001 5.868e+002
 5.130e+003 2.930e+000 4.800e+001 2.845e+000-1.160e+001-2.343e+000 2.259e+001-4.786e+001 8.735e+002 1.911e+001-2.420e+002-5.532e+000 9.605e+001 2.004e+001-4.066e+001 2.910e+001-5.789e+002-8.242e+001 5.558e+002
 5.250e+003 2.930e+000 7.200e+001 1.038e+000-6.091e+000 2.747e-001 8.458e+000-1.460e+001 2.674e+002-1.692e+001-1.769e+001-1.816e+000 1.364e+001 1.477e+001-5.722e+001 1.050e+001-2.036e+002-2.983e+001 3.440e+002
 5.380e+003 2.930e+000 7.200e+001 2.259e+000-1.093e+001-6.698e-001 1.390e+001-3.780e+001 7.156e+002-2.758e-002-9.425e+001-2.968e+000 3.829e+001 1.980e+001-5.796e+001 2.054e+001-3.868e+002-5.217e+001 4.444e+002
 5.500e+003 2.930e+000 4.800e+001 9.123e-001-4.856e+000-3.512e-002 7.437e+000-1.401e+001 2.571e+002-1.102e+001-3.625e+001-1.666e+000 1.791e+001 1.404e+001-4.840e+001 9.241e+000-1.833e+002-3.011e+001 2.901e+002
 5.630e+003 2.930e+000 7.200e+001 4.818e+000-3.936e+001 1.659e+001 4.862e+001-6.680e+001 1.362e+003-3.535e+002 5.705e+002-1.548e+001-7.608e+000 1.857e+002-8.313e+002 1.151e+002-1.917e+003-2.688e+002 4.297e+003
 5.750e+003 2.930e+000 7.200e+001 3.003e+000-1.199e+001 1.469e+000 3.511e+001-4.064e+001 6.964e+002-5.220e+001-1.245e+002-9.238e+000 5.617e+001 8.452e+001-3.068e+002 3.928e+001-6.093e+002-1.565e+002 1.576e+003
 5.880e+003 2.930e+000 4.800e+001 4.424e+000-1.795e+001 3.983e+000 5.328e+001-6.019e+001 9.556e+002-1.029e+002-2.377e+002-1.404e+001 1.107e+002 1.233e+002-4.829e+002 7.125e+001-1.062e+003-2.972e+002 2.820e+003
 6.000e+003 2.930e+000 7.200e+001 1.527e+001-8.670e+001 3.519e+001 2.249e+002-1.899e+002 3.047e+003-8.107e+002-2.186e+002-6.412e+001 4.050e+002 5.636e+002-2.477e+003 3.322e+002-5.242e+003-1.118e+003 1.365e+004
 6.130e+003 2.930e+000 7.200e+001 2.900e+000-1.218e+001 3.456e+000 1.348e+001-4.221e+001 7.078e+002-7.130e+001 8.940e+001-3.311e+000 2.552e+000 4.137e+001-1.858e+002 3.920e+001-6.295e+002-6.304e+001 1.099e+003
 6.250e+003 2.930e+000 4.800e+001 1.984e+000 5.251e-001-6.820e+000 2.181e+001-2.677e+001 4.286e+002 8.307e+001-3.590e+001-3.324e+000-2.584e+001 1.089e+002-3.384e+002-4.673e+000 1.048e+002-1.552e+002 1.378e+003
 6.380e+003 2.930e+000 7.200e+001 1.398e+000-3.599e+000 5.725e-002 5.391e+000-1.987e+001 3.113e+002-5.872e+000-1.530e+000-1.144e+000 4.738e+000 1.393e+001-5.140e+001 1.233e+001-1.875e+002-2.706e+001 3.282e+002
 6.500e+003 2.930e+000 7.200e+001 3.782e+000-1.024e+001 1.706e+000 7.614e+000-5.593e+001 8.708e+002-3.026e+001 7.787e+000-1.494e+000 1.151e+001 8.036e+000-4.279e+001 3.660e+001-5.651e+002-1.879e+001 4.711e+002
 6.630e+003 2.930e+000 4.800e+001 1.013e+000-2.405e+000-2.095e-001 1.867e+000-1.441e+001 2.287e+002 6.518e-001 6.465e+001-3.034e-001-1.585e+001 3.321e+001-1.161e+002 6.943e+000-8.769e+001-4.006e+001 5.127e+002
 6.750e+003 2.930e+000 6.900e+001 2.233e+000-5.050e+000 7.937e-001 4.932e+000-3.135e+001 4.602e+002-1.278e+001-1.446e+001-1.007e+000 9.975e+000 5.921e+000-2.771e+001 2.098e+001-3.041e+002-1.454e+001 2.875e+002
 6.880e+003 2.930e+000 7.200e+001 1.339e+000-2.980e+000 3.039e-001 4.383e+000-1.766e+001 2.572e+002-7.144e+000 6.510e+000-1.197e+000 4.597e+000 1.689e+001-6.237e+001 1.158e+001-1.571e+002-2.838e+001 3.449e+002
 7.000e+003 2.930e+000 4.800e+001 1.157e+000-2.653e+000 5.183e-001 6.125e-001-1.510e+001 2.085e+002-8.049e+000 2.330e+001-2.885e-001 7.482e-001 4.777e+000-2.114e+001 1.057e+001-1.421e+002-7.269e+000 1.663e+002
 7.130e+003 2.930e+000 7.200e+001 1.992e+000-4.796e+000 1.726e+000 5.392e+000-2.630e+001 3.712e+002-2.882e+001-2.446e+000-1.883e+000 1.751e+001 9.125e+000-4.730e+001 2.260e+001-3.181e+002-2.282e+001 3.717e+002
 7.250e+003 2.930e+000 7.200e+001 8.379e-001-2.761e+000 8.554e-001 3.670e+000-9.339e+000 1.257e+002-1.571e+001-3.202e+000-1.261e+000 8.940e+000 8.504e+000-3.612e+001 8.901e+000-1.219e+002-1.637e+001 2.104e+002
 7.380e+003 2.930e+000 4.800e+001 9.550e-001-2.285e+000 6.020e-001 7.673e-001-1.243e+001 1.736e+002-7.852e+000 1.596e+001-3.883e-001 2.029e+000 4.976e+000-2.099e+001 8.770e+000-1.146e+002-8.090e+000 1.455e+002
 7.500e+003 2.930e+000 7.200e+001 1.398e+000-2.666e+000 1.477e+000 4.335e+000-1.788e+001 2.487e+002-2.514e+001 1.234e+000-1.916e+000 1.576e+001 1.495e+001-6.520e+001 1.674e+001-2.342e+002-2.792e+001 3.940e+002
 7.630e+003 2.930e+000 7.200e+001 1.121e+000-1.998e+000 1.073e+000 4.721e+000-1.274e+001 1.603e+002-1.734e+001 2.246e+000-1.841e+000 1.068e+001 1.898e+001-7.563e+001 1.268e+001-1.535e+002-3.247e+001 3.978e+002
 7.750e+003 2.930e+000 4.800e+001 1.123e+000-3.701e+000 1.726e+000 8.276e+000-1.304e+001 1.748e+002-3.246e+001-1.132e+001-2.802e+000 1.883e+001 2.580e+001-1.089e+002 1.606e+001-2.204e+002-4.518e+001 5.722e+002
 7.880e+003 2.930e+000 7.200e+001 2.921e+000-9.107e+000 7.154e+000 3.802e+001-3.195e+001 3.999e+002-1.183e+002-2.222e+002-1.185e+001 1.034e+002 8.736e+001-3.700e+002 5.741e+001-7.604e+002-1.648e+002 1.946e+003
 8.000e+003 2.930e+000 7.200e+001 3.996e+000 1.397e+000 8.228e+000-1.881e+000-3.878e+001 4.309e+002-9.265e+001 4.749e+000-2.816e+000 2.107e+001 5.428e+001-2.738e+002 7.123e+001-7.455e+002-7.499e+001 1.855e+003
 8.130e+003 2.930e+000 4.800e+001 1.867e+000-6.714e+000 2.359e+000 1.946e+001-2.196e+001 3.012e+002-4.615e+001-8.825e+001-5.144e+000 3.717e+001 4.620e+001-1.909e+002 2.602e+001-3.614e+002-8.179e+001 9.994e+002
 8.250e+003 2.930e+000 7.200e+001 1.165e+000-3.484e+000 2.256e+000 1.519e+001-1.116e+001 1.296e+002-3.662e+001-4.347e+001-4.526e+000 2.444e+001 5.283e+001-2.038e+002 2.102e+001-2.444e+002-8.502e+001 9.914e+002
 8.380e+003 2.930e+000 7.200e+001 2.995e+000-8.020e+000 5.147e-001 1.700e+001-3.328e+001 4.006e+002-2.075e+001-9.555e+001-4.630e+000 4.424e+001 2.719e+001-1.026e+002 2.581e+001-3.399e+002-5.541e+001 6.223e+002
 8.500e+003 2.930e+000 4.800e+001 1.471e+000-3.409e+000-2.461e-001 8.004e+000-1.655e+001 2.017e+002-2.854e+000-4.934e+001-2.238e+000 2.044e+001 1.673e+001-5.542e+001 9.364e+000-1.230e+002-2.789e+001 2.880e+002
 8.630e+003 2.930e+000 7.200e+001 1.191e+000-2.979e+000 9.734e-001 7.134e+000-1.270e+001 1.521e+002-1.630e+001-3.806e+001-2.349e+000 1.835e+001 1.990e+001-6.765e+001 1.007e+001-1.294e+002-2.301e+001 3.151e+002
 8.750e+003 2.930e+000 7.200e+001 2.627e+000-8.472e+000 3.086e+000 8.095e+000-2.945e+001 3.712e+002-4.033e+001 1.769e+001-1.661e+000-1.492e+000 2.354e+001-8.522e+001 2.504e+001-3.148e+002-1.117e+001 4.390e+002
 8.880e+003 2.930e+000 4.800e+001 1.814e+000-3.947e+000-5.182e-001 1.058e+000-2.120e+001 2.639e+002 9.418e+000 2.014e+001 6.329e-001-1.237e+001 1.324e+001-2.826e+001 8.720e+000-1.020e+002 1.905e+000 1.406e+002
 9.000e+003 2.930e+000 7.200e+001 2.775e+000-5.379e+000-3.536e-002 3.499e+000-3.229e+001 4.015e+002 1.257e+000 2.767e+001-3.798e-001-1.284e+001 3.266e+001-7.725e+001 1.338e+001-1.613e+002-2.388e+000 2.783e+002
 9.130e+003 2.930e+000 7.200e+001 2.139e+000-4.887e+000 4.606e-001 1.110e+001-2.153e+001 2.419e+002-1.166e+001-5.769e+001-3.690e+000 2.187e+001 3.703e+001-8.888e+001 1.014e+001-1.339e+002-5.282e+000 2.794e+002
 9.250e+003 2.930e+000 4.800e+001 2.257e+000-4.311e+000-1.284e+000 8.107e+000-2.537e+001 3.035e+002 1.228e+001-5.271e+001-1.780e+000 1.094e+001 2.809e+001-5.767e+001 7.661e+000-1.041e+002-4.909e+000 1.892e+002
 9.380e+003 2.930e+000 7.200e+001 1.458e+000-2.824e+000 4.470e-001 6.516e+000-1.514e+001 1.841e+002-7.074e+000-6.864e+000-2.022e+000-2.655e+000 4.343e+001-9.394e+001 8.153e+000-1.100e+002 1.005e+001 2.691e+002
 9.500e+003 2.930e+000 7.200e+001 3.450e+000-7.103e+000-1.178e+000 1.128e+001-3.622e+001 4.150e+002 8.053e+000-5.253e+001-3.029e+000 1.594e+001 3.556e+001-7.061e+001 1.424e+001-1.848e+002 1.820e+000 2.578e+002
 9.630e+003 2.930e+000 4.800e+001 8.870e-001-2.409e+000 1.563e+000 5.171e+000-8.289e+000 9.461e+001-1.919e+001-1.792e+001-1.721e+000 3.555e+000 1.946e+001-4.692e+001 6.358e+000-7.952e+001 1.013e+000 1.411e+002
 9.750e+003 2.930e+000 7.200e+001 2.223e+000-4.513e+000 1.110e+000 6.342e+000-2.368e+001 2.755e+002-1.737e+001-2.367e+001-1.531e+000 4.120e+000 2.026e+001-4.880e+001 1.366e+001-1.753e+002 4.810e+000 2.079e+002
 9.880e+003 2.930e+000 6.900e+001 2.510e+000-7.372e+000 2.097e-002 6.361e+000-2.650e+001 3.161e+002-8.108e+000-1.492e+001-1.385e+000 8.031e+000 1.520e+001-3.535e+001 1.426e+001-1.878e+002-9.934e-001 1.882e+002
 1.000e+004 2.930e+000 3.480e+002 1.117e+001-2.495e+001 5.049e-001 2.472e+001-1.176e+002 1.371e+003-1.443e+001-8.951e+001-5.321e+000 3.539e+001 4.151e+001-1.133e+002 6.379e+001-7.500e+002-3.188e+001 7.837e+002
 1.130e+004 2.930e+000 6.150e+002 1.320e+001-1.830e+001 4.295e+000 2.925e+001-1.286e+002 1.344e+003-4.144e+001-1.531e+002-8.641e+000 6.780e+001 5.651e+001-2.193e+002 9.293e+001-9.303e+002-1.100e+002 1.541e+003
 1.250e+004 2.930e+000 6.330e+002 8.393e+000-1.387e+001 1.125e+001 2.564e+001-6.937e+001 6.509e+002-9.219e+001-2.887e+001-9.694e+000 5.046e+001 8.821e+001-4.269e+002 1.010e+002-8.183e+002-1.791e+002 2.645e+003
 1.380e+004 2.930e+000 5.730e+002 8.957e+000-1.197e+001 1.610e+001 6.832e+001-6.697e+001 5.718e+002-1.238e+002-2.629e+002-2.132e+001 1.128e+002 1.774e+002-8.575e+002 1.444e+002-1.047e+003-3.746e+002 5.215e+003
 1.500e+004 2.930e+000 5.610e+002 8.707e+000-9.105e+000 8.781e+000 5.205e+001-6.410e+001 5.405e+002-5.640e+001-2.818e+002-1.585e+001 8.827e+001 8.618e+001-3.771e+002 1.024e+002-7.083e+002-2.251e+002 2.581e+003
 1.630e+004 2.930e+000 5.460e+002 4.632e+000-5.542e+000 5.574e+000 2.803e+001-3.024e+001 2.378e+002-3.738e+001-1.093e+002-8.809e+000 4.358e+001 5.032e+001-2.331e+002 6.227e+001-4.162e+002-1.354e+002 1.658e+003
 1.750e+004 2.930e+000 5.250e+002 1.308e+001-1.370e+001 2.065e+001 1.855e+002-6.383e+001 3.438e+002-1.437e+002-6.930e+002-4.855e+001 2.196e+002 2.486e+002-1.246e+003 2.523e+002-1.420e+003-7.278e+002 8.550e+003
 1.880e+004 2.930e+000 5.130e+002 2.631e+000-4.493e+000 1.137e+000 2.543e+001-1.223e+001 7.779e+001-6.622e+000-1.191e+002-5.413e+000 2.745e+001 3.776e+001-1.846e+002 2.502e+001-1.402e+002-1.039e+002 1.254e+003
 2.000e+004 2.930e+000 4.980e+002 1.395e+001-3.670e+001 1.918e+001-1.638e+001-5.748e+001 3.440e+002-8.310e+001 2.559e+002-2.796e+000-4.086e+001 3.995e+001-1.456e+002 7.454e+001-2.522e+002-7.380e+001 7.384e+002
 2.130e+004 2.930e+000 3.270e+002 4.084e-001-6.354e-001 2.750e-001 2.193e+000-1.102e+000 6.955e+000-1.326e+000-4.524e+000-4.102e-001 1.001e+000 4.354e+000-2.156e+001 2.295e+000-1.145e+001-5.812e+000 1.283e+002
 2.250e+004 2.930e+000 3.210e+002 2.886e-001-4.024e-001 8.118e-002 5.009e-001-6.120e-001 4.387e+000-5.027e-001-5.390e-001-1.000e-001 3.652e-001 9.165e-001-3.200e+000 8.938e-001-4.902e+000-2.215e+000 2.198e+001
 2.380e+004 2.930e+000 5.970e+002 7.394e+000-1.199e+001 3.735e+000 1.163e+002-3.047e+001 1.518e+002-5.757e+001-3.129e+002-2.593e+001 1.042e+002 1.004e+002-4.982e+002 1.118e+002-6.632e+002-3.574e+002 3.760e+003
 2.500e+004 2.930e+000 4.680e+002 3.538e-001-4.386e-001 1.379e-001 2.426e+000-7.449e-001 5.092e+000-1.177e+000-5.136e+000-5.380e-001 1.876e+000 2.873e+000-1.230e+001 2.641e+000-1.395e+001-9.075e+000 9.168e+001
 2.630e+004 2.930e+000 2.340e+002 1.319e-001-7.156e-002 2.486e-002 2.356e-001-1.612e-001 5.203e+000-1.362e-001-8.116e-001-4.512e-002 2.570e-001 5.017e-001-1.583e+000 2.862e-001-2.193e+000-1.095e+000 1.043e+001
 2.750e+004 2.930e+000 3.030e+002 8.783e-001-2.254e+000-4.860e-001 3.682e+000-3.718e+000 2.707e+001 2.021e+000-1.818e+001-2.784e-001 2.787e+000 1.666e+000-5.678e+000 2.426e-001-1.017e+001-5.558e+000 4.914e+001
 2.880e+004 2.930e+000 3.600e+002 1.961e-001-1.226e-001 4.965e-002 9.888e-001-3.715e-001 2.436e+000-2.937e-001-2.859e+000-2.787e-001 1.010e+000 1.815e+000-6.460e+000 1.474e+000-6.969e+000-6.367e+000 5.732e+001
 3.000e+004 2.930e+000 5.520e+002 1.276e+000-1.756e+000 5.958e-001 2.482e+001-4.586e+000 2.207e+001-1.029e+001-6.624e+001-5.463e+000 2.091e+001 2.825e+001-1.367e+002 2.240e+001-1.262e+002-9.914e+001 1.022e+003
 3.130e+004 2.930e+000 4.140e+002 2.124e-001-2.345e-001 2.473e-003 1.843e+000-5.819e-001 4.204e+000-4.594e-001-7.121e+000-3.496e-001 1.739e+000 1.685e+000-7.677e+000 1.367e+000-1.009e+001-5.612e+000 6.408e+001
 3.250e+004 2.930e+000 5.340e+002 3.392e-001-3.079e-001 1.971e-003 2.934e+000-1.066e+000 6.568e+000-7.222e-001-1.078e+001-5.623e-001 2.737e+000 2.243e+000-1.041e+001 2.358e+000-1.602e+001-8.132e+000 8.643e+001
 3.380e+004 2.930e+000 3.510e+002 1.021e-001-9.909e-002 5.193e-003 5.941e-001-1.144e-001 1.073e+000-1.847e-001-1.640e+000-8.181e-002 3.492e-001 6.138e-001-3.005e+000 3.145e-001-2.772e+000-1.705e+000 2.440e+001
 3.500e+004 2.930e+000 4.410e+002 1.766e-001-1.391e-001 6.848e-002 1.534e+000-2.958e-001 1.733e+000-6.219e-001-3.479e+000-3.152e-001 1.023e+000 1.811e+000-8.888e+000 1.483e+000-7.486e+000-6.022e+000 7.001e+001
 3.630e+004 2.930e+000 3.570e+002 9.167e-002-6.636e-002 1.317e-002 3.093e-001-1.256e-001 9.037e-001-1.076e-001-7.009e-001-5.248e-002 1.657e-001 4.995e-001-2.038e+000 2.608e-001-1.487e+000-1.393e+000 1.519e+001
 3.750e+004 2.930e+000 2.730e+002 5.637e-002-3.312e-002 1.233e-002 2.170e-001-7.716e-002 5.617e-001-6.246e-002-6.204e-001-3.892e-002 1.496e-001 3.016e-001-1.203e+000 2.079e-001-9.779e-001-8.120e-001 8.882e+000
 3.880e+004 2.930e+000 3.000e+002 6.536e-002-3.688e-002 1.594e-002 2.003e-001-6.980e-002 4.921e-001-7.088e-002-5.495e-001-4.220e-002 1.609e-001 3.496e-001-1.339e+000 2.315e-001-1.098e+000-9.494e-001 9.620e+000
 4.000e+004 2.930e+000 3.750e+002 1.090e-001-9.516e-002 5.312e-002 3.449e-001-2.312e-001 1.360e+000-3.396e-001-4.275e-001-1.054e-001 3.625e-001 5.371e-001-2.281e+000 6.928e-001-3.312e+000-1.686e+000 1.810e+001
 4.130e+004 2.930e+000 3.840e+002 6.795e-002-4.622e-002 7.417e-003 2.896e-001-7.668e-002 5.843e-001-1.028e-001-8.072e-001-5.069e-002 2.286e-001 4.472e-001-1.790e+000 2.206e-001-1.551e+000-1.291e+000 1.341e+001
 4.250e+004 2.930e+000 3.360e+002 5.068e-002-3.375e-002 6.805e-003 2.048e-001-5.098e-002 4.410e-001-1.125e-001-4.183e-001-4.282e-002 1.526e-001 3.554e-001-1.451e+000 1.855e-001-1.167e+000-9.500e-001 1.031e+001
 4.380e+004 2.930e+000 3.120e+002 5.284e-002-2.587e-002 5.862e-003 1.923e-001-5.575e-002 3.684e-001-6.559e-002-4.387e-001-3.683e-002 1.088e-001 2.555e-001-1.030e+000 1.644e-001-8.379e-001-6.722e-001 7.639e+000
 4.500e+004 2.930e+000 2.790e+002 4.067e-002-2.271e-002 1.043e-002 1.343e-001-3.724e-002 2.856e-001-5.235e-002-3.186e-001-2.858e-002 8.219e-002 2.130e-001-8.864e-001 1.381e-001-6.770e-001-5.940e-001 6.861e+000
 4.630e+004 2.930e+000 2.970e+002 4.225e-002-2.168e-002 5.967e-003 1.541e-001-4.151e-002 2.860e-001-6.608e-002-2.396e-001-3.301e-002 8.615e-002 2.409e-001-9.778e-001 1.561e-001-7.332e-001-7.150e-001 7.650e+000
 4.750e+004 2.930e+000 5.130e+002 4.628e-001-7.691e-001 4.662e-001 8.600e-001-1.873e+000 1.039e+001-2.977e+000 4.642e+000-4.582e-001 1.240e+000 1.397e+000-7.415e+000 4.537e+000-2.261e+001-5.160e+000 6.294e+001
 4.880e+004 2.930e+000 4.350e+002 1.803e-001-2.624e-001 1.561e-001 4.723e-001-6.232e-001 3.533e+000-1.019e+000 9.875e-001-1.804e-001 5.109e-001 6.974e-001-3.549e+000 1.637e+000-8.208e+000-2.383e+000 2.935e+001
 5.000e+004 2.930e+000 4.800e+002 6.364e-002-3.302e-002 1.248e-002 3.345e-001-5.916e-002 3.989e-001-1.174e-001-6.731e-001-6.890e-002 2.059e-001 5.093e-001-2.207e+000 3.102e-001-1.441e+000-1.565e+000 1.674e+001
 5.130e+004 2.930e+000 4.590e+002 5.581e-002-2.080e-002 1.152e-002 2.919e-001-5.486e-002 3.864e-001-1.042e-001-7.332e-001-5.862e-002 2.027e-001 4.441e-001-2.049e+000 2.973e-001-1.423e+000-1.386e+000 1.613e+001
 5.250e+004 2.930e+000 4.920e+002 6.995e-002-2.758e-002 2.229e-002 3.905e-001-7.746e-002 4.145e-001-1.240e-001-8.868e-001-8.832e-002 2.422e-001 5.398e-001-2.575e+000 4.443e-001-1.702e+000-1.786e+000 2.098e+001
 5.380e+004 2.930e+000 5.550e+002 7.629e-001-1.883e+000-3.206e-001 2.157e+000-3.080e+000 1.858e+001 1.362e+000-9.855e+000-9.796e-002 1.242e+000 1.001e+000-4.667e+000 7.897e-002-5.027e+000-3.967e+000 4.628e+001
 5.500e+004 2.930e+000 5.400e+002 1.134e-001-1.197e-001 1.165e-001 1.564e+000-2.749e-001 1.624e+000-8.384e-001-4.655e+000-3.015e-001 1.098e+000 2.028e+000-1.315e+001 2.047e+000-1.184e+001-9.317e+000 1.459e+002
 5.630e+004 2.930e+000 5.850e+002 4.709e-001-8.762e-001 1.219e+000 4.579e+000-1.394e+000 6.889e+000-7.219e+000 8.394e+000-1.617e+000 2.861e+000 1.035e+001-5.639e+001 1.229e+001-5.109e+001-3.752e+001 4.660e+002
 5.750e+004 2.930e+000 4.290e+002 6.517e-002-5.107e-002 3.203e-002 9.975e-001-1.389e-001 8.504e-001-3.270e-001-3.442e+000-1.497e-001 6.088e-001 9.249e-001-6.635e+000 1.005e+000-6.685e+000-4.712e+000 8.814e+001
 5.880e+004 2.930e+000 3.480e+002 4.495e-002-3.281e-002 1.269e-002 6.636e-001-9.112e-002 6.799e-001-2.034e-001-2.953e+000-9.844e-002 4.867e-001 6.702e-001-4.856e+000 6.618e-001-5.257e+000-3.800e+000 6.956e+001
 6.000e+004 2.930e+000 2.580e+002 4.249e-002-3.484e-002 3.154e-003 3.287e-001-9.703e-002 6.229e-001-4.963e-002-2.035e+000-7.494e-002 3.277e-001 4.537e-001-2.556e+000 4.845e-001-3.284e+000-2.838e+000 4.608e+001
 6.130e+004 2.930e+000 1.980e+002 2.477e-002 1.864e-002 2.084e-002-8.509e-002-4.159e-002 3.233e-001 4.397e-002-1.429e+000-5.185e-002 2.462e-001 3.394e-001-7.779e-001 4.895e-001-2.767e+000-3.015e+000 3.854e+001
 6.250e+004 2.930e+000 4.050e+002 7.561e-002 9.213e-002 7.734e-002-6.042e-001-1.114e-001 7.235e-001 2.910e-001-3.278e+000-2.083e-001 6.680e-001 1.150e+000-3.541e-001 1.701e+000-6.360e+000-9.274e+000 8.956e+001
 6.380e+004 2.930e+000 5.670e+002 2.244e-001-7.647e-003 5.633e-002 9.798e-001-5.955e-001 2.585e+000 2.980e-001-9.032e+000-6.521e-001 2.233e+000 2.857e+000-5.676e+000 3.634e+000-1.319e+001-1.814e+001 1.487e+002
 6.500e+004 2.930e+000 6.120e+002 1.006e-001 5.079e-002 9.207e-002 2.146e-002-1.787e-001 7.255e-001 7.796e-002-2.580e+000-3.054e-001 8.951e-001 1.725e+000-3.458e+000 2.228e+000-6.149e+000-1.129e+001 8.725e+001
 6.630e+004 2.930e+000 5.850e+002 7.403e-002 1.563e-002 4.808e-002 2.063e-001-1.174e-001 4.587e-001-4.173e-003-1.461e+000-1.983e-001 5.429e-001 1.108e+000-2.754e+000 1.376e+000-3.623e+000-6.671e+000 5.123e+001
 6.750e+004 2.930e+000 5.640e+002 6.578e-002-1.163e-002 3.828e-002 4.720e-001-1.057e-001 4.229e-001-1.304e-001-1.091e+000-1.825e-001 4.711e-001 1.057e+000-3.741e+000 1.175e+000-3.495e+000-5.719e+000 4.962e+001
 6.880e+004 2.930e+000 5.460e+002 6.244e-002-5.093e-002 4.263e-002 3.313e-001-1.174e-001 7.370e-001 2.599e-002-1.180e+000-1.147e-001 2.034e-001 9.282e-001-3.557e+000 8.590e-001-1.726e+000-4.648e+000 4.179e+001
 7.000e+004 2.930e+000 3.090e+002 1.734e-002-6.142e-003 4.310e-003 5.467e-002-1.207e-002 8.942e-002-1.204e-002-9.822e-002-1.176e-002 2.330e-002 8.894e-002-3.914e-001 8.242e-002-2.020e-001-2.892e-001 3.351e+000
 7.130e+004 2.930e+000 2.310e+002 1.086e-002-5.145e-003 2.320e-004 2.716e-002-8.201e-003 5.819e-002-7.476e-003-2.742e-002-5.198e-003 1.071e-002 3.319e-002-1.097e-001 1.813e-002-7.200e-002-7.559e-002 8.045e-001
 7.250e+004 2.930e+000 1.710e+002 9.520e-003-9.774e-003 5.032e-004 1.955e-002-1.208e-002 7.162e-002-8.809e-003-2.020e-002-4.609e-003 1.069e-002 2.371e-002-7.520e-002 2.239e-002-9.237e-002-6.038e-002 6.046e-001
 7.380e+004 2.930e+000 1.500e+002 5.757e-003-2.664e-003-4.639e-005 9.131e-003-2.858e-003 3.096e-002-1.946e-004-9.516e-003-2.231e-003 2.488e-003 1.614e-002-4.044e-002 8.067e-003-1.957e-002-4.136e-002 3.085e-001
 7.500e+004 2.930e+000 1.200e+002 3.843e-003-1.754e-003 6.427e-004 2.480e-003-1.914e-003 2.128e-002-2.527e-003 1.391e-003-1.264e-003 2.246e-003 9.979e-003-2.482e-002 5.583e-003-2.105e-002-2.159e-002 1.770e-001
 7.630e+004 2.930e+000 1.200e+002 4.556e-003-2.297e-003-1.554e-004 5.145e-003-1.986e-003 1.707e-002-3.170e-003 6.962e-003-7.177e-004-4.357e-005 1.086e-002-2.099e-002 3.866e-003-1.664e-002-1.691e-002 1.307e-001
 7.750e+004 2.930e+000 1.290e+002 3.614e-003-2.217e-003 2.829e-004 3.036e-003-2.577e-003 1.947e-002-2.651e-003 2.882e-003-8.595e-004 1.221e-003 7.921e-003-1.580e-002 4.941e-003-1.792e-002-1.542e-002 1.274e-001
 7.880e+004 2.930e+000 1.050e+002 3.750e-003-3.001e-003 3.023e-004 2.958e-003-1.341e-003 1.632e-002-1.469e-003-1.316e-003-8.587e-004 9.812e-004 5.004e-003-9.216e-003 3.990e-003-1.370e-002-9.115e-003 7.138e-002
 8.000e+004 2.930e+000 1.320e+002 4.459e-003-2.497e-003 6.489e-004 2.872e-003-3.173e-003 3.086e-002-3.369e-003-4.927e-003-1.351e-003 4.442e-003 8.616e-003-1.629e-002 6.406e-003-3.471e-002-1.960e-002 1.470e-001
 8.130e+004 2.930e+000 1.350e+002 4.379e-003-4.586e-003 4.053e-004 2.990e-003-3.458e-003 2.700e-002-2.621e-003 7.172e-003-9.707e-004 9.480e-004 7.756e-003-1.505e-002 7.750e-003-2.637e-002-1.657e-002 1.326e-001
 8.250e+004 2.930e+000 1.200e+002 3.080e-003-2.296e-003-4.620e-005 3.191e-003-1.906e-003 1.955e-002-2.887e-003 1.851e-003-8.219e-004 2.212e-003 8.353e-003-1.622e-002 3.001e-003-2.183e-002-1.649e-002 1.079e-001
 8.380e+004 2.930e+000 1.530e+002 3.084e-003-1.664e-003 9.675e-005 4.308e-003-1.941e-003 1.721e-002 9.234e-005-5.757e-003-9.652e-004 2.017e-003 1.029e-002-2.050e-002 5.935e-003-1.352e-002-2.349e-002 1.629e-001
 8.500e+004 2.930e+000 1.740e+002 5.077e-003-3.895e-003-4.318e-004 9.548e-003-3.584e-003 3.045e-002-3.900e-003-1.622e-003-2.062e-003 2.884e-003 1.387e-002-3.807e-002 7.674e-003-2.966e-002-3.882e-002 2.967e-001
 8.630e+004 2.930e+000 1.770e+002 4.778e-003-2.870e-003-6.034e-004 1.165e-002-2.893e-003 2.185e-002-2.160e-003-4.946e-003-2.110e-003 3.259e-003 1.279e-002-3.741e-002 8.793e-003-2.682e-002-3.864e-002 3.472e-001
 8.750e+004 2.930e+000 2.310e+002 5.283e-003-2.716e-003 3.373e-004 1.264e-002-2.947e-003 3.212e-002-3.572e-003 6.629e-003-2.696e-003 2.163e-003 1.929e-002-6.539e-002 1.436e-002-3.468e-002-5.495e-002 5.203e-001
 8.880e+004 2.930e+000 2.640e+002 5.043e-003-3.212e-003-7.725e-004 1.124e-002-3.647e-003 4.018e-002-4.749e-003 4.628e-003-2.677e-003 3.199e-003 2.106e-002-6.534e-002 9.132e-003-3.939e-002-6.278e-002 5.243e-001
 9.000e+004 2.930e+000 2.580e+002 5.154e-003-3.783e-003 3.161e-004 1.485e-002-3.936e-003 3.733e-002-3.432e-003-7.037e-003-3.466e-003 4.196e-003 2.488e-002-8.238e-002 1.612e-002-4.152e-002-7.430e-002 6.472e-001
 9.130e+004 2.930e+000 2.700e+002 6.728e-003-6.103e-003 7.448e-004 1.894e-002-5.935e-003 4.773e-002-5.887e-003-2.396e-003-3.823e-003 4.501e-003 2.496e-002-8.093e-002 1.865e-002-5.699e-002-7.691e-002 6.851e-001
 9.250e+004 2.930e+000 3.030e+002 6.255e-003-4.387e-003 7.486e-004 1.615e-002-5.931e-003 5.522e-002-5.860e-003-3.304e-003-3.944e-003 6.018e-003 2.995e-002-1.026e-001 2.240e-002-5.838e-002-1.072e-001 9.644e-001
 9.380e+004 2.930e+000 2.490e+002 5.031e-003-3.878e-003-1.335e-004 1.691e-002-3.845e-003 3.749e-002-5.516e-003 1.024e-002-3.218e-003 3.548e-003 2.095e-002-7.811e-002 1.562e-002-5.142e-002-8.064e-002 7.863e-001
 9.500e+004 2.930e+000 3.390e+002 7.890e-003-7.435e-003 4.250e-004 2.709e-002-7.834e-003 5.466e-002-9.394e-003-3.986e-004-5.586e-003 9.434e-003 3.257e-002-1.160e-001 3.184e-002-1.089e-001-1.344e-001 1.211e+000
 9.630e+004 2.930e+000 0.000e+000 0.000e+000 0.000e+000 0.000e+000 0.000e+000 0.000e+000 0.000e+000 0.000e+000 0.000e+000 0.000e+000 0.000e+000 0.000e+000 0.000e+000 0.000e+000 0.000e+000 0.000e+000 0.000e+000
 9.750e+004 2.930e+000 0.000e+000 0.000e+000 0.000e+000 0.000e+000 0.000e+000 0.000e+000 0.000e+000 0.000e+000 0.000e+000 0.000e+000 0.000e+000 0.000e+000 0.000e+000 0.000e+000 0.000e+000 0.000e+000 0.000e+000
 9.880e+004 2.930e+000 0.000e+000 0.000e+000 0.000e+000 0.000e+000 0.000e+000 0.000e+000 0.000e+000 0.000e+000 0.000e+000 0.000e+000 0.000e+000 0.000e+000 0.000e+000 0.000e+000 0.000e+000 0.000e+000 0.000e+000
 1.000e+005 2.930e+000 0.000e+000 0.000e+000 0.000e+000 0.000e+000 0.000e+000 0.000e+000 0.000e+000 0.000e+000 0.000e+000 0.000e+000 0.000e+000 0.000e+000 0.000e+000 0.000e+000 0.000e+000 0.000e+000 0.000e+000
