 6.250e+000 2.930e+000 0.000e+000 0.000e+000 0.000e+000 0.000e+000 0.000e+000 0.000e+000 0.000e+000 0.000e+000 0.000e+000 0.000e+000 0.000e+000 0.000e+000 0.000e+000 0.000e+000 0.000e+000 0.000e+000 0.000e+000
 7.500e+000 2.930e+000 0.000e+000 0.000e+000 0.000e+000 0.000e+000 0.000e+000 0.000e+000 0.000e+000 0.000e+000 0.000e+000 0.000e+000 0.000e+000 0.000e+000 0.000e+000 0.000e+000 0.000e+000 0.000e+000 0.000e+000
 8.750e+000 2.930e+000 0.000e+000 0.000e+000 0.000e+000 0.000e+000 0.000e+000 0.000e+000 0.000e+000 0.000e+000 0.000e+000 0.000e+000 0.000e+000 0.000e+000 0.000e+000 0.000e+000 0.000e+000 0.000e+000 0.000e+000
 1.000e+001 2.930e+000 0.000e+000 0.000e+000 0.000e+000 0.000e+000 0.000e+000 0.000e+000 0.000e+000 0.000e+000 0.000e+000 0.000e+000 0.000e+000 0.000e+000 0.000e+000 0.000e+000 0.000e+000 0.000e+000 0.000e+000
 1.130e+001 2.930e+000 2.400e+001 3.424e+001 1.617e+002 7.872e+000-6.531e+001 2.142e+002 1.329e+004-2.133e+002 2.338e+003 2.280e-001-8.448e+001 3.827e+001-2.330e+002 1.041e+002-1.259e+003-8.316e+001 2.921e+004
 1.250e+001 2.930e+000 0.000e+000 0.000e+000 0.000e+000 0.000e+000 0.000e+000 0.000e+000 0.000e+000 0.000e+000 0.000e+000 0.000e+000 0.000e+000 0.000e+000 0.000e+000 0.000e+000 0.000e+000 0.000e+000 0.000e+000
 1.380e+001 2.930e+000 0.000e+000 0.000e+000 0.000e+000 0.000e+000 0.000e+000 0.000e+000 0.000e+000 0.000e+000 0.000e+000 0.000e+000 0.000e+000 0.000e+000 0.000e+000 0.000e+000 0.000e+000 0.000e+000 0.000e+000
 1.500e+001 2.930e+000 2.400e+001 4.115e+001 1.127e+002 1.165e+001 3.987e+001 1.565e+002 6.280e+003 2.959e+001 1.290e+003-1.547e+001-1.858e+002 4.199e+001-4.254e+002 7.696e+001-1.374e+003-9.208e+000 1.522e+004
 1.630e+001 2.930e+000 0.000e+000 0.000e+000 0.000e+000 0.000e+000 0.000e+000 0.000e+000 0.000e+000 0.000e+000 0.000e+000 0.000e+000 0.000e+000 0.000e+000 0.000e+000 0.000e+000 0.000e+000 0.000e+000 0.000e+000
 1.750e+001 2.930e+000 2.400e+001 3.305e+001 1.697e+002-3.514e+000-3.389e+001 1.321e+002 7.140e+003 2.634e+001 8.200e+002 4.776e+000 7.604e-001 3.145e+001-1.472e+002-1.670e+002-2.630e+002-1.797e+002 5.845e+003
 1.880e+001 2.930e+000 0.000e+000 0.000e+000 0.000e+000 0.000e+000 0.000e+000 0.000e+000 0.000e+000 0.000e+000 0.000e+000 0.000e+000 0.000e+000 0.000e+000 0.000e+000 0.000e+000 0.000e+000 0.000e+000 0.000e+000
 2.000e+001 2.930e+000 2.400e+001 4.917e+001 1.779e+002 1.736e+001-8.000e+001 2.318e+002 6.621e+003-8.400e+000 1.691e+003-1.063e+001-9.086e+001 4.935e+001-2.173e+002 7.850e+001 9.880e+002-1.967e+002 7.138e+003
 2.130e+001 2.930e+000 0.000e+000 0.000e+000 0.000e+000 0.000e+000 0.000e+000 0.000e+000 0.000e+000 0.000e+000 0.000e+000 0.000e+000 0.000e+000 0.000e+000 0.000e+000 0.000e+000 0.000e+000 0.000e+000 0.000e+000
 2.250e+001 2.930e+000 0.000e+000 0.000e+000 0.000e+000 0.000e+000 0.000e+000 0.000e+000 0.000e+000 0.000e+000 0.000e+000 0.000e+000 0.000e+000 0.000e+000 0.000e+000 0.000e+000 0.000e+000 0.000e+000 0.000e+000
 2.380e+001 2.930e+000 2.400e+001 4.001e+001 1.899e+002-1.334e-001 8.540e-001 2.437e+002 5.756e+003 7.697e+001-5.628e+002-1.047e+001-1.077e+002 1.962e+001-9.683e+001 1.198e+002 1.633e+003-7.355e+001 5.625e+003
 2.500e+001 2.930e+000 0.000e+000 0.000e+000 0.000e+000 0.000e+000 0.000e+000 0.000e+000 0.000e+000 0.000e+000 0.000e+000 0.000e+000 0.000e+000 0.000e+000 0.000e+000 0.000e+000 0.000e+000 0.000e+000 0.000e+000
 2.630e+001 2.930e+000 2.400e+001 3.507e+001 5.438e+001 6.276e+000-4.843e+001 1.659e+002 4.474e+003-1.554e+000 3.610e+002-4.914e+000-4.873e+001 2.313e+001-9.267e+001 7.314e+001 4.461e+002-1.434e+002 4.753e+003
 2.750e+001 2.930e+000 0.000e+000 0.000e+000 0.000e+000 0.000e+000 0.000e+000 0.000e+000 0.000e+000 0.000e+000 0.000e+000 0.000e+000 0.000e+000 0.000e+000 0.000e+000 0.000e+000 0.000e+000 0.000e+000 0.000e+000
 2.880e+001 2.930e+000 2.400e+001 3.615e+001 7.615e+001-3.362e-001 8.764e+001 1.748e+002 3.999e+003-7.742e+001 1.293e+003-6.373e+000-5.599e+001 3.317e+001-1.215e+002-6.045e+000 5.663e+002-1.596e+002 2.992e+003
 3.000e+001 2.930e+000 0.000e+000 0.000e+000 0.000e+000 0.000e+000 0.000e+000 0.000e+000 0.000e+000 0.000e+000 0.000e+000 0.000e+000 0.000e+000 0.000e+000 0.000e+000 0.000e+000 0.000e+000 0.000e+000 0.000e+000
 3.130e+001 2.930e+000 0.000e+000 0.000e+000 0.000e+000 0.000e+000 0.000e+000 0.000e+000 0.000e+000 0.000e+000 0.000e+000 0.000e+000 0.000e+000 0.000e+000 0.000e+000 0.000e+000 0.000e+000 0.000e+000 0.000e+000
 3.250e+001 2.930e+000 2.400e+001 5.751e+001 1.262e+002-2.478e+000 1.578e+002 2.742e+002 5.277e+003-5.026e+001 1.367e+003-1.151e+001-1.260e+002 2.602e+001-1.578e+002-1.727e+000 1.055e+003-9.399e+001 3.557e+003
 3.380e+001 2.930e+000 0.000e+000 0.000e+000 0.000e+000 0.000e+000 0.000e+000 0.000e+000 0.000e+000 0.000e+000 0.000e+000 0.000e+000 0.000e+000 0.000e+000 0.000e+000 0.000e+000 0.000e+000 0.000e+000 0.000e+000
 3.500e+001 2.930e+000 2.400e+001 7.656e+001 1.743e+002 1.089e+001 1.729e+001 1.469e+002 3.891e+003-2.206e+001 5.879e+002-8.032e+000-3.016e+001 2.383e+001-1.120e+002-5.484e+001 8.065e+002-7.406e+001 2.909e+003
 3.630e+001 2.930e+000 0.000e+000 0.000e+000 0.000e+000 0.000e+000 0.000e+000 0.000e+000 0.000e+000 0.000e+000 0.000e+000 0.000e+000 0.000e+000 0.000e+000 0.000e+000 0.000e+000 0.000e+000 0.000e+000 0.000e+000
 3.750e+001 2.930e+000 2.400e+001 9.771e+001 5.816e+001 2.432e+001 2.815e+001 1.671e+002 4.992e+003-9.592e+000 6.231e+002-2.255e+001-3.897e+001 3.312e+001-1.377e+002 1.514e+002 1.432e+003-4.653e+001 2.387e+003
 3.880e+001 2.930e+000 0.000e+000 0.000e+000 0.000e+000 0.000e+000 0.000e+000 0.000e+000 0.000e+000 0.000e+000 0.000e+000 0.000e+000 0.000e+000 0.000e+000 0.000e+000 0.000e+000 0.000e+000 0.000e+000 0.000e+000
 4.000e+001 2.930e+000 0.000e+000 0.000e+000 0.000e+000 0.000e+000 0.000e+000 0.000e+000 0.000e+000 0.000e+000 0.000e+000 0.000e+000 0.000e+000 0.000e+000 0.000e+000 0.000e+000 0.000e+000 0.000e+000 0.000e+000
 4.130e+001 2.930e+000 2.400e+001 6.578e+002-6.715e+002 1.194e+002 7.261e+001-3.866e+002 6.205e+003-2.878e+002 4.426e+002-1.166e+002 1.049e+001 6.357e+001-7.790e+001-9.132e+001 1.684e+003-6.369e+001 3.569e+003
 4.250e+001 2.930e+000 0.000e+000 0.000e+000 0.000e+000 0.000e+000 0.000e+000 0.000e+000 0.000e+000 0.000e+000 0.000e+000 0.000e+000 0.000e+000 0.000e+000 0.000e+000 0.000e+000 0.000e+000 0.000e+000 0.000e+000
 4.380e+001 2.930e+000 2.400e+001 7.209e+002-8.054e+001 1.479e+002 2.227e+002-5.710e+002 1.049e+004-3.339e+002 1.314e+003-1.327e+002 6.894e+001 6.818e+001-1.346e+001-1.642e+002 3.529e+003-4.354e-001 2.895e+003
 4.500e+001 2.930e+000 0.000e+000 0.000e+000 0.000e+000 0.000e+000 0.000e+000 0.000e+000 0.000e+000 0.000e+000 0.000e+000 0.000e+000 0.000e+000 0.000e+000 0.000e+000 0.000e+000 0.000e+000 0.000e+000 0.000e+000
 4.630e+001 2.930e+000 2.400e+001 7.097e+002 7.495e+002 9.907e+001 7.988e+002 1.421e+003 1.854e+004-3.917e+001 2.984e+003-8.412e+001-1.722e+000 3.629e+001-6.118e+001 4.278e+002 7.000e+003 1.791e+001 4.077e+003
 4.750e+001 2.930e+000 0.000e+000 0.000e+000 0.000e+000 0.000e+000 0.000e+000 0.000e+000 0.000e+000 0.000e+000 0.000e+000 0.000e+000 0.000e+000 0.000e+000 0.000e+000 0.000e+000 0.000e+000 0.000e+000 0.000e+000
 4.880e+001 2.930e+000 0.000e+000 0.000e+000 0.000e+000 0.000e+000 0.000e+000 0.000e+000 0.000e+000 0.000e+000 0.000e+000 0.000e+000 0.000e+000 0.000e+000 0.000e+000 0.000e+000 0.000e+000 0.000e+000 0.000e+000
 5.000e+001 2.930e+000 2.400e+001 2.019e+005 5.439e+005 1.113e+004 3.771e+005 6.357e+005 3.480e+006 9.474e+004 7.787e+005-2.205e+004-3.946e+004 3.044e+003-4.947e+004 1.520e+005 1.495e+006 4.174e+003 8.209e+005
 5.130e+001 2.930e+000 0.000e+000 0.000e+000 0.000e+000 0.000e+000 0.000e+000 0.000e+000 0.000e+000 0.000e+000 0.000e+000 0.000e+000 0.000e+000 0.000e+000 0.000e+000 0.000e+000 0.000e+000 0.000e+000 0.000e+000
 5.250e+001 2.930e+000 2.400e+001 7.458e+002 1.843e+002 8.870e+001 6.844e+002 2.636e+003 2.459e+004 1.215e+002 3.725e+003-1.105e+002-3.611e+002 3.420e+001-1.643e+002 1.127e+003 1.023e+004-1.145e+002 5.285e+003
 5.380e+001 2.930e+000 0.000e+000 0.000e+000 0.000e+000 0.000e+000 0.000e+000 0.000e+000 0.000e+000 0.000e+000 0.000e+000 0.000e+000 0.000e+000 0.000e+000 0.000e+000 0.000e+000 0.000e+000 0.000e+000 0.000e+000
 5.500e+001 2.930e+000 0.000e+000 0.000e+000 0.000e+000 0.000e+000 0.000e+000 0.000e+000 0.000e+000 0.000e+000 0.000e+000 0.000e+000 0.000e+000 0.000e+000 0.000e+000 0.000e+000 0.000e+000 0.000e+000 0.000e+000
 5.630e+001 2.930e+000 2.100e+001 2.398e+002-6.196e+001 2.913e+001 7.850e+001 4.307e+002 6.688e+003-5.796e+001 1.080e+003-3.018e+001-5.507e+001 1.602e+001-2.425e+001 1.425e+002 2.003e+003-4.571e+001 1.204e+003
 5.750e+001 2.930e+000 0.000e+000 0.000e+000 0.000e+000 0.000e+000 0.000e+000 0.000e+000 0.000e+000 0.000e+000 0.000e+000 0.000e+000 0.000e+000 0.000e+000 0.000e+000 0.000e+000 0.000e+000 0.000e+000 0.000e+000
 5.880e+001 2.930e+000 2.400e+001 3.057e+002-5.324e+002 4.430e+001 2.915e+001-2.572e+001 5.839e+003-1.863e+002 2.936e+002-6.085e+001-5.242e+001 2.438e+001 1.564e+000-1.171e+001 1.587e+003-1.434e+001 9.724e+002
 6.000e+001 2.930e+000 0.000e+000 0.000e+000 0.000e+000 0.000e+000 0.000e+000 0.000e+000 0.000e+000 0.000e+000 0.000e+000 0.000e+000 0.000e+000 0.000e+000 0.000e+000 0.000e+000 0.000e+000 0.000e+000 0.000e+000
 6.130e+001 2.930e+000 2.100e+001 7.449e+001 1.094e+002 4.203e+000 1.093e+002 1.894e+002 2.229e+003-7.737e+000 3.868e+002-1.299e+001-4.236e+001 1.010e+001-5.114e+001 5.338e+001 6.985e+002-4.706e+001 9.394e+002
 6.250e+001 2.930e+000 0.000e+000 0.000e+000 0.000e+000 0.000e+000 0.000e+000 0.000e+000 0.000e+000 0.000e+000 0.000e+000 0.000e+000 0.000e+000 0.000e+000 0.000e+000 0.000e+000 0.000e+000 0.000e+000 0.000e+000
 6.380e+001 2.930e+000 0.000e+000 0.000e+000 0.000e+000 0.000e+000 0.000e+000 0.000e+000 0.000e+000 0.000e+000 0.000e+000 0.000e+000 0.000e+000 0.000e+000 0.000e+000 0.000e+000 0.000e+000 0.000e+000 0.000e+000
 6.500e+001 2.930e+000 2.400e+001 7.936e+001 1.256e+002 1.094e+001 9.041e+001 1.902e+002 2.202e+003-5.954e+000 2.247e+002-1.459e+001-1.317e+001 1.291e+001-5.788e+001 8.109e+001 6.424e+002-4.502e+001 1.013e+003
 6.630e+001 2.930e+000 0.000e+000 0.000e+000 0.000e+000 0.000e+000 0.000e+000 0.000e+000 0.000e+000 0.000e+000 0.000e+000 0.000e+000 0.000e+000 0.000e+000 0.000e+000 0.000e+000 0.000e+000 0.000e+000 0.000e+000
 6.750e+001 2.930e+000 2.400e+001 2.652e+001 1.855e+000 1.855e+000-3.206e+001 1.259e+002 2.168e+003-9.526e+000-1.130e+002-5.338e-002-1.565e+000 9.115e+000-5.066e+001 2.347e+001 3.118e+002-4.906e+001 8.486e+002
 6.880e+001 2.930e+000 0.000e+000 0.000e+000 0.000e+000 0.000e+000 0.000e+000 0.000e+000 0.000e+000 0.000e+000 0.000e+000 0.000e+000 0.000e+000 0.000e+000 0.000e+000 0.000e+000 0.000e+000 0.000e+000 0.000e+000
 7.000e+001 2.930e+000 2.400e+001 2.617e+001 3.415e+001 1.624e+000 8.547e+000 1.004e+002 1.524e+003-2.948e+001 2.311e+002-1.373e+000-4.704e+000 1.372e+001-6.812e+001-8.072e+000 1.886e+002-6.406e+001 9.525e+002
 7.130e+001 2.930e+000 0.000e+000 0.000e+000 0.000e+000 0.000e+000 0.000e+000 0.000e+000 0.000e+000 0.000e+000 0.000e+000 0.000e+000 0.000e+000 0.000e+000 0.000e+000 0.000e+000 0.000e+000 0.000e+000 0.000e+000
 7.250e+001 2.930e+000 0.000e+000 0.000e+000 0.000e+000 0.000e+000 0.000e+000 0.000e+000 0.000e+000 0.000e+000 0.000e+000 0.000e+000 0.000e+000 0.000e+000 0.000e+000 0.000e+000 0.000e+000 0.000e+000 0.000e+000
 7.380e+001 2.930e+000 2.400e+001 2.131e+001 3.899e+001-1.146e+000 4.834e+001 1.382e+002 1.745e+003-1.151e+001 1.764e+002-5.090e+000-2.716e+001 7.388e+000-4.717e+001 3.531e+001 4.502e+002-3.610e+001 6.898e+002
 7.500e+001 2.930e+000 0.000e+000 0.000e+000 0.000e+000 0.000e+000 0.000e+000 0.000e+000 0.000e+000 0.000e+000 0.000e+000 0.000e+000 0.000e+000 0.000e+000 0.000e+000 0.000e+000 0.000e+000 0.000e+000 0.000e+000
 7.630e+001 2.930e+000 2.400e+001 1.930e+001 3.428e+001 2.561e+000 1.247e+001 1.053e+002 1.857e+003-3.157e+001 2.830e+002-3.344e+000-2.651e+001 9.308e+000-3.595e+001 2.584e+001 3.437e+002-4.006e+001 5.186e+002
 7.750e+001 2.930e+000 0.000e+000 0.000e+000 0.000e+000 0.000e+000 0.000e+000 0.000e+000 0.000e+000 0.000e+000 0.000e+000 0.000e+000 0.000e+000 0.000e+000 0.000e+000 0.000e+000 0.000e+000 0.000e+000 0.000e+000
 7.880e+001 2.930e+000 2.400e+001 1.437e+001 4.293e+001 1.101e-001 3.642e+001 7.995e+001 1.358e+003-1.104e+000 1.092e+002-2.542e+000-9.669e+000 8.134e+000-5.324e+001 2.954e+001 4.074e+002-3.498e+001 7.659e+002
 8.000e+001 2.930e+000 0.000e+000 0.000e+000 0.000e+000 0.000e+000 0.000e+000 0.000e+000 0.000e+000 0.000e+000 0.000e+000 0.000e+000 0.000e+000 0.000e+000 0.000e+000 0.000e+000 0.000e+000 0.000e+000 0.000e+000
 8.130e+001 2.930e+000 0.000e+000 0.000e+000 0.000e+000 0.000e+000 0.000e+000 0.000e+000 0.000e+000 0.000e+000 0.000e+000 0.000e+000 0.000e+000 0.000e+000 0.000e+000 0.000e+000 0.000e+000 0.000e+000 0.000e+000
 8.250e+001 2.930e+000 2.400e+001 1.619e+001 3.845e+001-8.232e-001 1.275e+001 1.081e+002 1.501e+003-1.143e+001 1.707e+002-3.489e-001-1.549e+000 5.829e+000-2.836e+001-1.187e+000 1.326e+002-2.105e+001 4.252e+002
 8.380e+001 2.930e+000 0.000e+000 0.000e+000 0.000e+000 0.000e+000 0.000e+000 0.000e+000 0.000e+000 0.000e+000 0.000e+000 0.000e+000 0.000e+000 0.000e+000 0.000e+000 0.000e+000 0.000e+000 0.000e+000 0.000e+000
 8.500e+001 2.930e+000 2.400e+001 1.217e+001 8.357e+000 2.898e-001-3.122e-001 7.147e+001 9.812e+002-9.082e+000 1.521e+001-2.274e+000-1.161e+001 6.306e+000-3.460e+001 1.642e+001 1.409e+002-2.615e+001 4.458e+002
 8.630e+001 2.930e+000 0.000e+000 0.000e+000 0.000e+000 0.000e+000 0.000e+000 0.000e+000 0.000e+000 0.000e+000 0.000e+000 0.000e+000 0.000e+000 0.000e+000 0.000e+000 0.000e+000 0.000e+000 0.000e+000 0.000e+000
 8.750e+001 2.930e+000 2.400e+001 1.025e+001 2.916e+001-3.179e-001 8.985e+000 7.994e+001 1.272e+003-7.014e+000 5.261e+001-2.396e+000-2.218e+001 3.943e+000-1.575e+001 1.694e+001 2.360e+002-1.885e+001 2.893e+002
 8.880e+001 2.930e+000 0.000e+000 0.000e+000 0.000e+000 0.000e+000 0.000e+000 0.000e+000 0.000e+000 0.000e+000 0.000e+000 0.000e+000 0.000e+000 0.000e+000 0.000e+000 0.000e+000 0.000e+000 0.000e+000 0.000e+000
 9.000e+001 2.930e+000 0.000e+000 0.000e+000 0.000e+000 0.000e+000 0.000e+000 0.000e+000 0.000e+000 0.000e+000 0.000e+000 0.000e+000 0.000e+000 0.000e+000 0.000e+000 0.000e+000 0.000e+000 0.000e+000 0.000e+000
 9.130e+001 2.930e+000 2.400e+001 8.743e+000 2.741e+000 5.772e-001 9.973e-001 7.037e+001 1.009e+003 2.392e-001 4.791e+001-1.410e+000-1.704e+001 3.221e+000-1.888e+001 2.006e+001 2.613e+002-1.741e+001 2.733e+002
 9.250e+001 2.930e+000 0.000e+000 0.000e+000 0.000e+000 0.000e+000 0.000e+000 0.000e+000 0.000e+000 0.000e+000 0.000e+000 0.000e+000 0.000e+000 0.000e+000 0.000e+000 0.000e+000 0.000e+000 0.000e+000 0.000e+000
 9.380e+001 2.930e+000 2.400e+001 7.685e+000 1.267e+001-4.160e-002 6.565e+000 7.392e+001 1.069e+003-8.991e-001-7.253e+000-4.919e-001-4.054e-001 1.479e+000-6.029e+000 1.841e+001 2.553e+002-4.530e+000 1.175e+002
 9.500e+001 2.930e+000 0.000e+000 0.000e+000 0.000e+000 0.000e+000 0.000e+000 0.000e+000 0.000e+000 0.000e+000 0.000e+000 0.000e+000 0.000e+000 0.000e+000 0.000e+000 0.000e+000 0.000e+000 0.000e+000 0.000e+000
 9.630e+001 2.930e+000 2.400e+001 6.865e+000 8.201e+000-3.509e-001 4.230e+000 5.679e+001 8.671e+002-6.294e+000 2.110e+000-6.994e-001-4.185e+000 8.349e-001-1.309e+000 9.434e+000 1.695e+002-3.323e+000 7.666e+001
 9.750e+001 2.930e+000 0.000e+000 0.000e+000 0.000e+000 0.000e+000 0.000e+000 0.000e+000 0.000e+000 0.000e+000 0.000e+000 0.000e+000 0.000e+000 0.000e+000 0.000e+000 0.000e+000 0.000e+000 0.000e+000 0.000e+000
 9.880e+001 2.930e+000 0.000e+000 0.000e+000 0.000e+000 0.000e+000 0.000e+000 0.000e+000 0.000e+000 0.000e+000 0.000e+000 0.000e+000 0.000e+000 0.000e+000 0.000e+000 0.000e+000 0.000e+000 0.000e+000 0.000e+000
 1.000e+002 2.930e+000 5.100e+001 2.862e+001-1.807e+002-1.232e+000-2.993e+001 5.382e+001 1.826e+003-2.630e+001-1.403e+000-3.530e+000 8.546e+000 3.863e+000 8.409e+000 1.736e+001 3.573e+002-9.025e+000 1.565e+002
 1.130e+002 2.930e+000 6.600e+001 1.494e+001 2.974e+001-7.446e-001 1.303e+001 1.479e+002 2.292e+003-1.772e+001 1.033e+002-1.300e+000-1.648e+001 7.689e+000-4.435e+001 3.166e+001 4.926e+002-3.623e+001 6.358e+002
 1.250e+002 2.930e+000 6.000e+001 1.473e+001 2.024e+001-1.905e-001-2.384e+000 1.491e+002 2.201e+003-1.811e+001 1.502e+001-7.994e-001-9.687e+000 8.738e+000-5.036e+001 2.619e+001 3.757e+002-3.821e+001 6.623e+002
 1.380e+002 2.930e+000 7.200e+001 1.416e+001 1.741e+001 2.949e-001-3.092e-001 1.596e+002 2.397e+003-3.938e+000-2.440e+001-1.642e+000-2.200e+001 3.507e+000-1.867e+001 4.154e+001 5.765e+002-1.966e+001 3.762e+002
 1.500e+002 2.930e+000 6.300e+001 1.508e+001 5.455e+001-5.124e-001 1.008e+001 1.647e+002 2.627e+003-2.525e+000-2.239e+001-1.722e+000-2.687e+001 1.074e+000-5.294e+000 3.897e+001 6.529e+002-8.616e+000 2.485e+002
 1.630e+002 2.930e+000 7.500e+001 1.852e+001 8.572e+000-9.846e-001-2.608e+000 2.176e+002 3.149e+003-2.225e+001-1.145e+001-2.011e+000-2.727e+001 5.084e+000-2.773e+001 5.140e+001 7.068e+002-2.885e+001 5.633e+002
 1.750e+002 2.930e+000 7.500e+001 2.754e+001 1.182e+001-7.371e-001-2.147e+001 2.799e+002 3.579e+003-4.113e+001-7.758e+001-1.300e+000-1.632e+001 1.161e+001-6.846e+001 6.335e+001 6.474e+002-5.749e+001 1.010e+003
 1.880e+002 2.930e+000 1.080e+002 1.156e+002 3.090e+001-3.021e+000 1.786e+001 8.368e+002 7.912e+003-7.025e+001 1.101e+002-1.169e+001-7.130e+001 1.803e+001-1.027e+002 2.018e+002 1.649e+003-9.533e+001 1.686e+003
 2.000e+002 2.930e+000 8.700e+001 2.961e+003 4.007e+003 9.422e+001 1.764e+003 1.333e+004 6.968e+004 7.908e+002 1.824e+003-3.283e+002-1.297e+003 5.191e+001-3.960e+002 4.406e+003 2.317e+004-4.589e+002 8.812e+003
 2.130e+002 2.930e+000 7.500e+001 8.053e+001 1.602e+002 4.015e-001-6.321e+000 7.079e+002 9.146e+003-5.186e+001-5.330e+002-5.209e+000-2.541e+001 1.225e+001-7.083e+001 2.185e+002 2.339e+003-6.089e+001 1.652e+003
 2.250e+002 2.930e+000 1.020e+002 1.384e+002 1.020e+001-1.529e+001-1.006e+002 1.752e+003 2.505e+004-2.552e+002-1.315e+003-9.363e+000-9.813e+001 1.572e+001-2.786e+001 4.381e+002 6.099e+003-7.584e+001 2.759e+003
 2.380e+002 2.930e+000 9.600e+001 5.733e+002-4.957e+002-6.896e+001-7.524e+002 7.750e+003 1.094e+005-9.817e+002-8.741e+003-2.591e+001-2.367e+002 1.938e+001 2.085e+002 2.047e+003 2.955e+004-3.150e+001 9.671e+003
 2.500e+002 2.930e+000 9.600e+001 1.749e+004-1.566e+004-2.222e+003-2.249e+004 2.402e+005 3.368e+006-3.130e+004-2.539e+005-9.449e+002-1.030e+004 3.517e+002 9.616e+003 6.740e+004 9.636e+005-6.164e+002 2.959e+005
 2.630e+002 2.930e+000 9.600e+001 4.921e+002-3.390e+002-5.463e+001-5.372e+002 6.565e+003 9.056e+004-7.732e+002-5.893e+003-3.352e+001-3.910e+002 1.863e+001 1.782e+002 1.931e+003 2.690e+004-1.192e+002 9.392e+003
 2.750e+002 2.930e+000 1.110e+002 1.702e+002 1.943e+002-1.812e+001 1.747e+001 2.160e+003 2.978e+004-2.356e+002-4.834e+002-1.979e+001-2.642e+002 1.548e+001-1.479e+001 6.501e+002 8.788e+003-1.315e+002 3.701e+003
 2.880e+002 2.930e+000 9.300e+001 2.372e+002 1.007e+003-2.896e+001 3.990e+002 2.623e+003 3.514e+004-1.523e+002 1.022e+003-4.153e+001-5.816e+002 1.950e+001-3.269e+001 7.991e+002 1.119e+004-2.337e+002 4.414e+003
 3.000e+002 2.930e+000 9.600e+001 5.401e+003 2.642e+004-7.483e+002 1.241e+004 5.094e+004 6.122e+005-1.469e+003 4.188e+004-1.150e+003-1.451e+004 3.572e+002-5.647e+002 1.538e+004 2.065e+005-5.036e+003 7.329e+004
 3.130e+002 2.930e+000 9.600e+001 2.023e+002 7.540e+002-2.141e+001 3.337e+002 1.589e+003 1.703e+004-5.256e+001 1.008e+003-4.209e+001-4.142e+002 1.865e+001-6.422e+001 4.638e+002 5.212e+003-1.698e+002 2.385e+003
 3.250e+002 2.930e+000 1.050e+002 8.097e+001 5.922e+001-2.560e+000 4.936e+001 5.228e+002 5.619e+003-7.761e+001 4.399e+002-2.119e+001-1.552e+002 1.440e+001-4.119e+001 1.677e+002 1.475e+003-8.643e+001 9.996e+002
 3.380e+002 2.930e+000 8.700e+001 1.224e+002-5.745e+002 1.775e+001-7.960e+001 5.561e+002 8.199e+003-2.914e+002 1.663e+003-5.882e+001-3.767e+002 3.808e+001-2.531e+001 3.657e+002 2.666e+003-2.245e+002 1.688e+003
 3.500e+002 2.930e+000 9.600e+001 2.897e+003-2.033e+004 4.784e+002-3.525e+003 1.374e+004 2.363e+005-9.788e+003 5.421e+004-1.608e+003-1.137e+004 1.007e+003 4.590e+002 9.700e+003 7.832e+004-6.208e+003 3.999e+004
 3.630e+002 2.930e+000 8.400e+001 1.039e+002-6.240e+002 5.886e+000-6.880e+001 6.896e+002 1.087e+004-3.806e+002 1.972e+003-5.433e+001-4.313e+002 3.557e+001 1.117e+001 3.342e+002 3.186e+003-2.189e+002 1.604e+003
 3.750e+002 2.930e+000 7.800e+001 2.984e+001-6.395e+001-1.678e+000 9.261e+000 2.567e+002 3.416e+003-7.753e+001 4.110e+002-1.209e+001-1.110e+002 9.033e+000-1.198e+001 9.037e+001 9.807e+002-5.963e+001 6.162e+002
 3.880e+002 2.930e+000 6.600e+001 2.036e+001 1.894e+001-2.989e+000 2.031e+001 2.019e+002 2.573e+003-4.865e+001 2.293e+002-5.847e+000-5.937e+001 5.723e+000-1.570e+001 5.124e+001 5.665e+002-3.556e+001 4.200e+002
 4.000e+002 2.930e+000 8.100e+001 5.190e+001 1.790e+002-4.394e+000 4.016e+001 4.263e+002 4.843e+003-3.299e+001 7.646e-001-9.328e+000-9.248e+001 6.147e+000-1.879e+001 1.248e+002 1.198e+003-4.550e+001 6.619e+002
 4.130e+002 2.930e+000 9.600e+001 2.293e+001 7.046e+001-2.670e+000 4.183e+001 2.091e+002 2.597e+003-2.495e+001 2.897e+002-6.272e+000-6.674e+001 5.766e+000-2.579e+001 5.926e+001 7.066e+002-4.277e+001 5.764e+002
 4.250e+002 2.930e+000 7.800e+001 2.273e+001 8.587e+001-2.159e+000 3.921e+001 2.028e+002 2.486e+003-7.458e+000 1.381e+002-5.576e+000-5.631e+001 4.090e+000-2.080e+001 5.952e+001 7.221e+002-3.310e+001 4.991e+002
 4.380e+002 2.930e+000 7.800e+001 3.047e+001 1.530e+002-3.336e+000 6.649e+001 2.716e+002 3.545e+003-5.922e+000 1.743e+002-6.496e+000-7.217e+001 4.196e+000-2.247e+001 8.029e+001 1.078e+003-3.916e+001 6.343e+002
 4.500e+002 2.930e+000 9.300e+001 5.052e+002 3.952e+003-3.703e+001 1.246e+003 4.365e+003 7.094e+004 2.670e+002-1.710e+003-8.071e+001-9.847e+002 1.843e+001-9.192e+001 1.573e+003 2.375e+004-3.526e+002 8.316e+003
 4.630e+002 2.930e+000 1.080e+002 7.501e+001 3.459e+002-7.036e+000 1.459e+002 6.621e+002 7.958e+003 6.108e+000 3.537e+002-1.747e+001-1.856e+002 6.968e+000-2.788e+001 2.057e+002 2.568e+003-7.570e+001 1.113e+003
 4.750e+002 2.930e+000 9.600e+001 6.375e+001 2.567e+002-5.578e+000 1.077e+002 5.635e+002 6.289e+003 1.924e+000 3.259e+002-1.463e+001-1.494e+002 5.749e+000-2.096e+001 1.588e+002 1.845e+003-5.649e+001 7.684e+002
 4.880e+002 2.930e+000 9.600e+001 8.537e+001 3.193e+002-7.547e+000 1.441e+002 7.301e+002 7.738e+003 3.323e+000 4.510e+002-2.008e+001-1.990e+002 7.208e+000-2.697e+001 2.092e+002 2.360e+003-7.217e+001 9.436e+002
 5.000e+002 2.930e+000 9.300e+001 1.543e+002 8.601e+002-2.354e+001 3.591e+002 1.594e+003 2.467e+004-8.684e+001 1.318e+003-3.896e+001-5.977e+002 1.736e+001-2.068e+001 4.673e+002 7.640e+003-2.029e+002 2.641e+003
 5.130e+002 2.930e+000 1.200e+002 3.086e+002 1.330e+003-3.159e+001 5.783e+002 2.740e+003 3.035e+004 4.208e+001 1.515e+003-7.603e+001-8.111e+002 2.398e+001-6.994e+001 8.394e+002 9.997e+003-2.795e+002 3.612e+003
 5.250e+002 2.930e+000 9.600e+001 5.895e+002 2.467e+003-5.854e+001 1.095e+003 5.105e+003 5.469e+004 1.035e+002 2.843e+003-1.466e+002-1.514e+003 4.364e+001-1.237e+002 1.586e+003 1.833e+004-5.116e+002 6.459e+003
 5.380e+002 2.930e+000 9.600e+001 2.615e+003 1.088e+004-2.498e+002 4.796e+003 2.238e+004 2.369e+005 5.753e+002 1.160e+004-6.530e+002-6.625e+003 1.882e+002-5.312e+002 7.077e+003 8.051e+004-2.234e+003 2.811e+004
 5.500e+002 2.930e+000 9.600e+001 2.338e+005 9.684e+005-2.242e+004 4.266e+005 1.979e+006 2.076e+007 5.148e+004 1.020e+006-5.824e+004-5.859e+005 1.666e+004-4.631e+004 6.253e+005 7.061e+006-1.967e+005 2.452e+006
 5.630e+002 2.930e+000 1.200e+002 3.773e+003 1.533e+004-3.583e+002 6.717e+003 3.155e+004 3.263e+005 8.425e+002 1.573e+004-9.457e+002-9.362e+003 2.724e+002-7.486e+002 9.953e+003 1.105e+005-3.142e+003 3.839e+004
 5.750e+002 2.930e+000 9.600e+001 5.107e+002 2.031e+003-4.701e+001 8.682e+002 4.190e+003 4.257e+004 1.153e+002 1.860e+003-1.269e+002-1.229e+003 3.698e+001-1.007e+002 1.328e+003 1.435e+004-4.174e+002 5.053e+003
 5.880e+002 2.930e+000 9.600e+001 2.316e+002 9.005e+002-2.147e+001 3.854e+002 1.894e+003 1.910e+004 5.046e+001 8.340e+002-5.885e+001-5.643e+002 1.797e+001-4.863e+001 5.965e+002 6.396e+003-1.945e+002 2.295e+003
 6.000e+002 2.930e+000 1.200e+002 1.586e+002 6.079e+002-1.483e+001 2.533e+002 1.320e+003 1.386e+004 2.543e+001 5.521e+002-4.050e+001-4.077e+002 1.330e+001-3.160e+001 4.277e+002 4.821e+003-1.509e+002 1.896e+003
 6.130e+002 2.930e+000 9.600e+001 7.624e+001 2.942e+002-7.173e+000 1.156e+002 5.981e+002 5.926e+003 1.278e+001 2.089e+002-1.834e+001-1.721e+002 5.981e+000-1.633e+001 1.803e+002 1.875e+003-6.035e+001 7.022e+002
 6.250e+002 2.930e+000 9.600e+001 5.411e+001 2.116e+002-4.875e+000 8.251e+001 4.244e+002 4.274e+003 1.179e+001 1.416e+002-1.327e+001-1.215e+002 4.545e+000-1.410e+001 1.253e+002 1.305e+003-4.330e+001 5.038e+002
 6.380e+002 2.930e+000 9.600e+001 5.196e+001 2.087e+002-3.657e+000 7.219e+001 4.290e+002 4.548e+003 2.441e+001 3.221e+001-1.360e+001-1.266e+002 4.872e+000-1.554e+001 1.334e+002 1.419e+003-4.670e+001 5.474e+002
 6.500e+002 2.930e+000 1.170e+002 5.756e+003 3.107e+004 5.463e+001 7.575e+003 5.684e+004 7.356e+005 1.056e+004-4.015e+004-1.863e+003-1.813e+004 6.062e+002-2.653e+003 2.117e+004 2.516e+005-6.796e+003 8.851e+004
 6.630e+002 2.930e+000 9.600e+001 5.354e+001 2.040e+002-2.627e+000 6.981e+001 4.376e+002 4.475e+003 3.319e+001 1.023e+001-1.433e+001-1.264e+002 4.880e+000-1.727e+001 1.417e+002 1.436e+003-4.765e+001 5.660e+002
 6.750e+002 2.930e+000 9.600e+001 2.934e+001 1.057e+002-1.751e+000 3.868e+001 2.219e+002 2.161e+003 1.380e+001 4.137e+001-7.680e+000-6.484e+001 2.794e+000-9.708e+000 7.001e+001 6.833e+002-2.565e+001 2.934e+002
 6.880e+002 2.930e+000 9.600e+001 2.326e+001 7.945e+001-1.477e+000 2.809e+001 1.757e+002 1.659e+003 8.796e+000 2.066e+001-5.911e+000-4.971e+001 2.089e+000-6.695e+000 5.412e+001 5.148e+002-1.886e+001 2.170e+002
 7.000e+002 2.930e+000 1.170e+002 4.823e+001 5.656e+001-4.522e+000 2.946e+001 3.442e+002 3.087e+003-2.086e+001 1.178e+002-1.117e+001-8.491e+001 3.757e+000-2.326e+000 9.684e+001 8.640e+002-3.039e+001 3.358e+002
 7.130e+002 2.930e+000 9.000e+001 1.330e+001 4.926e+001-9.482e-001 1.623e+001 9.742e+001 9.598e+002 3.827e+000 1.358e+001-3.214e+000-2.678e+001 1.283e+000-4.645e+000 2.729e+001 2.617e+002-1.082e+001 1.295e+002
 7.250e+002 2.930e+000 9.000e+001 1.201e+001 4.377e+001-9.703e-001 1.501e+001 8.755e+001 8.445e+002 3.143e+000 1.845e+001-3.072e+000-2.562e+001 1.245e+000-3.752e+000 2.531e+001 2.367e+002-1.026e+001 1.127e+002
 7.380e+002 2.930e+000 8.700e+001 1.008e+001 3.377e+001-9.100e-001 1.317e+001 7.151e+001 6.716e+002 1.257e+000 1.722e+001-2.510e+000-2.046e+001 1.093e+000-3.682e+000 2.104e+001 1.955e+002-8.876e+000 1.037e+002
 7.500e+002 2.930e+000 1.350e+002 7.826e+001 3.838e+002-9.540e+000 9.512e+001 7.338e+002 9.115e+003 6.909e+000-1.693e+002-2.024e+001-2.380e+002 6.992e+000-2.121e+000 2.051e+002 2.420e+003-6.857e+001 7.382e+002
 7.630e+002 2.930e+000 9.300e+001 8.769e+000 3.041e+001-7.712e-001 1.045e+001 6.584e+001 6.453e+002 9.243e-001 1.747e+001-2.223e+000-1.938e+001 9.420e-001-2.786e+000 1.773e+001 1.689e+002-7.339e+000 7.943e+001
 7.750e+002 2.930e+000 8.400e+001 7.418e+000 2.549e+001-5.217e-001 8.073e+000 5.119e+001 4.985e+002 2.154e+000-8.390e-002-1.861e+000-1.423e+001 8.000e-001-2.728e+000 1.526e+001 1.338e+002-6.230e+000 7.070e+001
 7.880e+002 2.930e+000 1.050e+002 9.753e+000 3.134e+001-7.340e-001 1.154e+001 6.935e+001 6.778e+002 1.291e+000 1.587e+001-2.472e+000-1.929e+001 1.032e+000-3.484e+000 1.922e+001 1.730e+002-7.857e+000 8.777e+001
 8.000e+002 2.930e+000 1.050e+002 3.166e+001 1.146e+002-3.211e+000 9.970e+001 9.114e+001 1.375e+003 2.396e+001-5.874e+001-9.498e+000-3.387e+001 3.494e+000-2.805e+001 4.730e+001 5.528e+002-2.574e+001 4.783e+002
 8.130e+002 2.930e+000 8.400e+001 6.624e+000 2.369e+001-5.504e-001 6.823e+000 4.627e+001 4.839e+002 6.878e-001 4.802e+000-1.537e+000-1.282e+001 6.768e-001-2.156e+000 1.174e+001 1.091e+002-5.194e+000 5.861e+001
 8.250e+002 2.930e+000 8.400e+001 6.726e+000 2.608e+001-6.919e-001 8.674e+000 4.910e+001 5.392e+002-6.951e-001 2.318e+001-1.616e+000-1.435e+001 7.554e-001-2.599e+000 1.135e+001 1.154e+002-5.478e+000 6.163e+001
 8.380e+002 2.930e+000 1.410e+002 2.497e+001 1.235e+002-2.780e+000 4.730e+001 1.771e+002 2.194e+003 9.345e+000 1.032e+002-6.534e+000-5.869e+001 2.427e+000-9.852e+000 4.417e+001 5.532e+002-1.923e+001 2.189e+002
 8.500e+002 2.930e+000 9.000e+001 6.249e+002 3.326e+003-8.232e+001 1.606e+003 4.079e+003 4.553e+004 3.797e+002 5.012e+003-1.751e+002-1.578e+003 6.105e+001-3.213e+002 1.035e+003 1.534e+004-5.107e+002 6.023e+003
 8.630e+002 2.930e+000 7.800e+001 1.354e+001 6.177e+001-1.632e+000 2.571e+001 8.810e+001 1.041e+003 2.149e+000 7.805e+001-3.486e+000-3.025e+001 1.345e+000-5.251e+000 2.029e+001 2.601e+002-9.653e+000 1.076e+002
 8.750e+002 2.930e+000 6.900e+001 6.700e+000 2.470e+001-7.782e-001 1.023e+001 4.418e+001 4.973e+002-9.971e-001 2.696e+001-1.682e+000-1.293e+001 7.303e-001-2.610e+000 1.004e+001 1.033e+002-4.794e+000 5.191e+001
 8.880e+002 2.930e+000 1.020e+002 7.021e+000 2.182e+001-6.167e-001 9.392e+000 5.028e+001 7.289e+002-1.494e+000 3.212e+000-1.951e+000-1.377e+001 8.869e-001-3.153e+000 1.260e+001 1.142e+002-5.797e+000 6.964e+001
 9.000e+002 2.930e+000 7.500e+001 7.982e+000 2.725e+001-5.330e-001 1.206e+001 4.292e+001 4.658e+002 2.510e+000 2.207e+001-2.219e+000-1.323e+001 1.331e+000-6.682e+000 1.287e+001 1.166e+002-9.260e+000 1.162e+002
 9.130e+002 2.930e+000 7.500e+001 5.782e+000 1.570e+001 8.917e-001-1.031e+001 2.602e+001 5.888e+002 5.397e+000-9.037e+000-1.178e+000-1.306e+001 2.241e+000-1.307e+001 1.548e+001 1.970e+002-2.328e+001 3.632e+002
 9.250e+002 2.930e+000 4.500e+001 3.099e+000 1.471e+001 1.371e-001 3.915e+000 1.021e+001 2.546e+002 3.898e-001-1.078e+001-8.406e-001-6.087e-001 5.704e-001-3.329e+000 6.975e+000 2.529e+001-3.799e+000 5.267e+001
 9.380e+002 2.930e+000 9.600e+001 1.829e+001 1.214e+002 3.473e+000 1.983e+001 7.636e-001 1.676e+003 1.027e+001-3.188e+002-4.839e+000 2.983e+001 3.054e+000-1.839e+001 4.653e+001 7.369e+001-1.250e+001 1.993e+002
 9.500e+002 2.930e+000 9.000e+001 4.452e+002 3.622e+003 1.320e+002 4.624e+002-1.225e+003 4.328e+004 1.583e+002-1.113e+004-1.113e+002 1.497e+003 8.469e+001-5.520e+002 1.296e+003-1.048e+003-2.480e+002 4.773e+003
 9.630e+002 2.930e+000 9.000e+001 1.610e+001 7.540e+001 2.903e+000 1.565e+001-2.663e+000 9.353e+002 1.795e+000-1.738e+002-4.799e+000 2.418e+001 3.133e+000-1.658e+001 3.944e+001-2.606e+001-1.349e+001 1.677e+002
 9.750e+002 2.930e+000 9.300e+001 6.181e+000 2.210e+001 8.899e-002 5.763e+000 2.558e+001 4.958e+002-5.675e+000 6.567e+000-1.744e+000-2.441e+000 1.381e+000-5.518e+000 1.186e+001 1.826e+001-7.544e+000 7.838e+001
 9.880e+002 2.930e+000 1.020e+002 7.447e+000 4.153e+001-2.949e-001-2.582e+000 5.052e+001 8.741e+002-1.485e+001 3.822e+001-5.418e-002 1.121e+000 2.058e+000-1.286e+001-1.426e+000-1.050e+002-1.444e+001 2.013e+002
 1.000e+003 2.930e+000 5.580e+002 6.111e+001 3.548e+002 1.468e+000-3.645e+001 6.195e+002 1.039e+004 1.511e+000-8.924e+002-1.211e+001-1.073e+002 3.351e+001-1.699e+002 1.527e+002 1.072e+003-2.996e+002 3.893e+003
 1.130e+003 2.930e+000 9.840e+002 1.275e+002 1.246e+003 3.075e+000-7.073e+000 1.804e+003 4.179e+004 4.262e+002-5.981e+003-4.148e+001-5.611e+002 2.796e+001-9.128e+001 5.710e+002 8.340e+003-3.216e+002 4.475e+003
 1.250e+003 2.930e+000 8.520e+002 4.329e+001 1.359e+002-5.370e-001-4.385e+001 6.317e+002 1.213e+004-1.644e+001-1.413e+003-5.896e+000 2.985e+001 2.811e+001-1.285e+002 8.005e+001 1.567e+002-2.432e+002 2.982e+003
 1.380e+003 2.930e+000 7.950e+002 4.914e+001 2.765e+002 7.057e+000-5.787e+001 7.477e+002 1.470e+004 1.888e+002-2.176e+003-1.699e+001-2.159e+002 1.566e+001-6.331e+001 2.185e+002 3.071e+003-1.663e+002 2.209e+003
 1.500e+003 2.930e+000 6.900e+001 3.326e+001 1.038e+002-1.861e+000-6.306e+001 5.185e+002 9.877e+003-1.920e+001-1.298e+003-2.121e+000-2.445e+001 4.618e-001-7.086e-001-9.118e+000-1.536e+002 4.572e+000 2.425e+002
 1.630e+003 2.930e+000 6.900e+001 2.098e+001 1.092e+002 9.972e-002-6.028e+001 4.411e+002 1.022e+004 4.832e+000-1.552e+003-1.870e-001 1.587e+000 1.140e-001-1.883e+000 2.963e+001 3.399e+002-1.218e+000 2.835e+002
 1.750e+003 2.930e+000 4.800e+001 9.443e+001 5.150e+002 8.954e-001-2.642e+002 2.022e+003 4.647e+004 2.345e+001-6.649e+003-2.184e-001 4.378e+000 1.335e-001-4.382e+000 1.450e+002 1.754e+003-4.332e+000 1.136e+003
 1.880e+003 2.930e+000 7.200e+001 2.316e+002 8.905e+002 2.249e-001-6.190e+002 4.535e+003 9.348e+004 4.047e+001-1.418e+004-3.421e+000-3.723e+001 1.385e+000-2.674e+001 1.984e+002 1.614e+003-2.830e+001 3.308e+003
 2.000e+003 2.930e+000 7.200e+001 3.303e+002 1.084e+003-2.760e-001-9.188e+002 6.507e+003 1.323e+005 8.934e+000-1.903e+004-4.284e+000-8.413e+001 4.348e-001 8.688e+000 2.290e+002 1.532e+003-7.445e+000 2.883e+003
 2.130e+003 2.930e+000 4.800e+001 5.716e+001 1.635e+002-6.493e-001-1.605e+002 1.160e+003 2.414e+004-7.887e+000-3.427e+003-1.785e+000-3.689e+001 1.620e-001 4.618e+000 4.365e+001 4.258e+002-5.704e-001 5.174e+002
 2.250e+003 2.930e+000 7.200e+001 1.133e+001 3.388e+001-9.563e-002-3.197e+001 2.240e+002 4.590e+003-1.574e+000-6.748e+002-1.213e-001-2.028e+000 6.607e-002-6.023e-002 7.616e+000 4.944e+001-4.712e-001 1.152e+002
 2.380e+003 2.930e+000 7.200e+001 2.845e+001 6.733e+001 5.316e-001-7.642e+001 5.662e+002 1.159e+004 1.635e+001-1.688e+003-2.978e+000-5.596e+001 6.068e-001 4.942e+000 5.250e+001 8.447e+002-9.552e+000 3.571e+002
 2.500e+003 2.930e+000 4.800e+001 7.865e+000 2.343e+001-2.671e-001-1.825e+001 1.525e+002 3.074e+003-5.041e+000-3.723e+002-1.704e-001-4.367e+000 7.180e-002 3.685e-001 4.926e+000 4.568e+001-6.411e-002 5.607e+001
 2.630e+003 2.930e+000 7.200e+001 1.207e+001 3.774e+001 2.042e-001-3.110e+001 2.148e+002 3.973e+003 4.014e+000-5.882e+002-1.662e-001-2.054e+000 5.227e-002-3.340e-002 8.507e+000 5.274e+001-9.216e-001 9.439e+001
 2.750e+003 2.930e+000 7.200e+001 2.667e+000 9.233e+000 5.715e-002-7.472e+000 5.018e+001 1.028e+003 1.619e+000-1.684e+002-7.378e-003 8.456e-001 6.109e-002-4.952e-001 2.010e+000 6.981e+000-7.502e-001 3.638e+001
 2.880e+003 2.930e+000 4.800e+001 1.548e+000 5.721e+000-3.400e-002-2.899e+000 2.673e+001 5.064e+002-3.006e-001-6.389e+001-3.740e-002 5.654e-002 7.506e-002-4.831e-001 7.193e-001-5.266e+000-5.387e-001 1.720e+001
 3.000e+003 2.930e+000 7.200e+001 8.635e+000 5.773e+001 1.443e+000-7.089e+000 1.050e+002 1.899e+003 3.595e+001-4.828e+002-2.981e+000-1.262e+001 2.215e+000-1.282e+001 4.180e+001 3.376e+002-2.286e+001 3.402e+002
 3.130e+003 2.930e+000 7.200e+001 1.396e+000 6.222e+000 1.100e-001-2.393e+000 2.042e+001 3.618e+002 2.593e+000-6.567e+001-2.084e-001-9.652e-001 1.765e-001-8.718e-001 3.134e+000 2.227e+001-1.647e+000 2.900e+001
 3.250e+003 2.930e+000 4.800e+001 2.384e+000 2.098e+000-2.378e-001-1.649e-001 3.582e+001 5.892e+002-4.395e+000-2.002e+001-5.715e-001-5.846e+000 4.867e-001-1.792e+000 2.747e+000 1.362e+001-2.677e+000 3.179e+001
 3.380e+003 2.930e+000 7.200e+001 4.787e+000 1.786e+001 1.158e-002-1.044e+001 7.803e+001 1.390e+003 2.476e-001-1.865e+002-1.527e-002 4.817e-001 7.328e-002-3.705e-001 1.064e+000-2.546e+001-5.228e-001 3.238e+001
 3.500e+003 2.930e+000 7.200e+001 7.173e+001 1.484e+002-2.937e-001-1.742e+002 1.167e+003 1.933e+004-8.667e+000-2.780e+003 1.912e+000 3.075e+001 9.499e-002-4.908e+000-2.965e+001-8.449e+002-3.103e-001 4.407e+002
 3.630e+003 2.930e+000 4.800e+001 2.899e+001 1.055e+002 5.339e-001-5.947e+001 4.422e+002 7.165e+003 6.525e+000-8.981e+002 4.401e-001 8.998e+000 5.740e-002-1.020e+000-4.707e+000-2.869e+002-1.415e+000 1.284e+002
 3.750e+003 2.930e+000 7.200e+001 5.443e+000 1.474e+001 1.438e-001-1.261e+001 8.613e+001 1.429e+003 1.702e+000-1.977e+002 1.240e-001 2.103e+000 4.683e-002-1.580e-001-2.627e+000-7.414e+001-5.458e-001 3.459e+001
 3.880e+003 2.930e+000 7.200e+001 5.208e+001 1.248e+002 9.385e-001-1.281e+002 8.250e+002 1.343e+004 1.001e+001-1.975e+003 1.579e+000 2.622e+001 1.960e-001-2.893e+000-2.756e+001-7.340e+002-3.753e+000 3.420e+002
 4.000e+003 2.930e+000 4.800e+001 2.554e+001 6.062e+001 3.609e+000-5.071e+001 3.247e+002 4.358e+003 3.101e+001-5.450e+002 4.917e+000 6.681e+001 1.847e+000-1.245e+000-4.755e+001-6.928e+002-1.776e+001 2.065e+002
 4.130e+003 2.930e+000 7.200e+001 4.655e+001 1.324e+002 2.962e+000-1.277e+002 7.446e+002 1.232e+004 3.991e+001-2.014e+003 2.370e+000 4.611e+001 4.970e-001-5.698e+000-1.450e+001-5.918e+002-9.707e+000 3.685e+002
 4.250e+003 2.930e+000 7.200e+001 1.190e+001 1.732e+001-6.943e-001-1.901e+001 1.785e+002 2.757e+003-9.848e+000-2.994e+002-2.290e-001-1.873e+000 2.906e-001-2.119e+000-1.175e+001-2.164e+002-9.291e-002 7.000e+001
 4.380e+003 2.930e+000 4.800e+001 2.040e+000 4.749e+000-4.338e-002-4.281e+000 3.176e+001 5.126e+002-9.254e-001-6.488e+001 6.711e-002 9.143e-001 4.299e-002-2.433e-001-1.645e+000-3.640e+001-1.067e-001 1.302e+001
 4.500e+003 2.930e+000 7.200e+001 7.579e+000 1.443e+001 2.135e-001-1.893e+001 1.169e+002 1.842e+003 2.599e+000-2.826e+002 3.387e-001 5.874e+000 6.170e-002-7.514e-001-6.755e+000-1.426e+002-1.021e+000 5.694e+001
 4.630e+003 2.930e+000 7.200e+001 8.607e-001 1.860e+000 2.219e-002-2.164e+000 1.310e+001 2.115e+002 1.920e-001-3.356e+001 3.625e-002 5.660e-001 4.068e-002-1.888e-001-4.742e-001-1.269e+001-1.744e-001 8.007e+000
 4.750e+003 2.930e+000 4.800e+001 3.920e-001 8.847e-001 3.293e-002-8.991e-001 5.671e+000 9.322e+001 4.382e-001-1.798e+001 1.736e-002 6.839e-001 5.298e-002-3.773e-001-9.174e-002-5.325e+000-2.538e-001 7.658e+000
 4.880e+003 2.930e+000 7.200e+001 1.812e+000 2.144e+000-1.035e-002-6.809e+000 2.952e+001 5.003e+002-6.704e-001-1.172e+002 1.569e-001 2.978e+000 7.069e-002-1.087e+000-2.646e+000-5.595e+001-2.473e-001 3.886e+001
 5.000e+003 2.930e+000 7.200e+001 5.194e-001 7.291e-001 3.749e-003-7.420e-001 6.801e+000 9.584e+001 1.202e-001-1.221e+001-1.268e-002-1.394e-001 4.469e-002-1.459e-001-2.272e-001-4.311e+000-1.495e-001 5.464e+000
 5.130e+003 2.930e+000 4.500e+001 6.972e-001 1.172e+000 1.143e-002-1.457e+000 9.762e+000 1.420e+002 2.704e-001-2.202e+001-6.667e-002-9.517e-001 2.902e-002 1.409e-001 2.512e-001 1.169e+000-1.243e-001 4.955e+000
 5.250e+003 2.930e+000 5.400e+001 2.228e-001 3.241e-001 2.015e-002-5.849e-001 2.927e+000 4.214e+001 2.448e-001-8.400e+000-5.693e-004-8.125e-002 2.972e-002 1.144e-002-1.496e-001-2.732e+000-9.551e-002 3.267e+000
 5.380e+003 2.930e+000 7.200e+001 7.949e-001 1.801e+000 7.346e-003-1.534e+000 1.025e+001 1.409e+002 4.360e-002-1.976e+001 4.532e-002 3.920e-001 7.399e-002-8.122e-002-8.867e-001-1.321e+001-4.477e-001 9.828e+000
 5.500e+003 2.930e+000 4.800e+001 2.443e-001 4.389e-001 3.300e-003-4.133e-001 3.076e+000 4.220e+001-1.755e-002-5.251e+000 5.012e-003 5.150e-002 3.230e-002-7.423e-002-1.351e-001-2.798e+000-1.037e-001 2.778e+000
 5.630e+003 2.930e+000 7.200e+001 1.562e+000 2.240e+000 7.331e-002-4.733e+000 2.109e+001 2.928e+002 7.684e-001-6.114e+001 8.542e-002 1.049e+000 1.969e-001-6.784e-001-1.633e+000-2.849e+001-2.563e+000 5.217e+001
 5.750e+003 2.930e+000 6.900e+001 7.808e-001 5.066e-001-3.369e-002-1.301e+000 1.030e+001 1.417e+002-5.645e-001-1.699e+001 2.781e-003-1.336e-001 1.286e-001-1.632e-001-5.508e-001-6.881e+000-1.155e+000 2.100e+001
 5.880e+003 2.930e+000 4.800e+001 8.346e-001 5.365e-001-7.551e-002-1.443e+000 1.118e+001 1.532e+002-1.033e+000-1.951e+001-3.689e-002-6.501e-001 1.196e-001-1.105e-001-2.356e-001-2.930e+000-1.110e+000 2.257e+001
 6.000e+003 2.930e+000 7.200e+001 1.197e+000 1.644e+000 6.023e-003-7.085e-002 1.307e+001 1.654e+002 4.960e-001-1.893e+001-3.764e-001-1.680e+000 6.362e-001-2.824e+000 1.737e+000-1.726e+000-4.372e+000 5.087e+001
 6.130e+003 2.930e+000 7.200e+001 7.846e-001 1.031e+000 1.153e-002-1.715e+000 1.008e+001 1.360e+002 2.641e-002-2.205e+001 3.895e-002 5.136e-001 1.385e-001-4.344e-001-7.893e-001-1.450e+001-6.876e-001 1.215e+001
 6.250e+003 2.930e+000 4.200e+001 3.401e-001 5.473e-001 4.504e-002-1.011e+000 4.155e+000 5.519e+001 4.920e-001-1.313e+001-8.213e-003 6.475e-002 9.732e-002-2.654e-001 1.021e-002-4.305e+000-7.609e-001 1.184e+001
 6.380e+003 2.930e+000 6.600e+001 5.407e-001 4.491e-001-2.887e-002-9.380e-001 6.448e+000 8.279e+001-5.054e-001-1.209e+001 3.685e-002 5.235e-001 1.473e-001-5.706e-001-6.567e-001-1.064e+001-7.577e-001 1.077e+001
 6.500e+003 2.930e+000 6.600e+001 5.233e-001 3.182e-001 2.693e-002-9.635e-001 6.151e+000 7.653e+001 1.421e-001-1.199e+001 5.489e-002 7.459e-001 1.474e-001-5.854e-001-5.224e-001-8.735e+000-7.386e-001 1.033e+001
 6.630e+003 2.930e+000 4.500e+001 4.015e-001 5.914e-001-3.555e-002-1.930e-001 4.745e+000 6.056e+001-5.910e-001-2.370e+000-2.932e-003 1.205e-002 1.270e-001-4.915e-001-2.622e-001-5.848e+000-7.522e-001 9.564e+000
 6.750e+003 2.930e+000 6.900e+001 5.474e-001 6.049e-001-3.522e-002-1.053e+000 6.308e+000 7.743e+001-7.217e-001-1.123e+001 9.471e-002 1.024e+000 2.235e-001-1.079e+000-1.007e+000-1.439e+001-9.464e-001 1.379e+001
 6.880e+003 2.930e+000 6.600e+001 2.897e-001 2.355e-001 1.774e-002-6.432e-001 2.858e+000 3.317e+001-1.609e-001-6.728e+000 5.111e-002 7.488e-001 2.464e-001-1.052e+000-2.731e-001-7.363e+000-1.331e+000 1.581e+001
 7.000e+003 2.930e+000 4.800e+001 1.701e-001 3.067e-001-2.590e-003-3.307e-001 1.683e+000 1.952e+001-1.254e-001-4.286e+000 4.080e-002 6.706e-001 1.969e-001-7.844e-001-1.921e-001-4.567e+000-9.495e-001 1.017e+001
 7.130e+003 2.930e+000 5.700e+001 1.955e-001 2.343e-001-2.031e-002-3.411e-001 1.895e+000 2.291e+001-4.556e-001-4.835e+000 7.145e-002 1.109e+000 3.097e-001-1.426e+000-6.669e-001-1.088e+001-1.709e+000 1.892e+001
 7.250e+003 2.930e+000 6.000e+001 2.314e-001 1.522e-001-4.686e-002-1.850e-001 2.243e+000 2.541e+001-6.617e-001-2.119e+000 7.010e-002 8.762e-001 3.128e-001-1.182e+000-6.473e-001-9.645e+000-1.761e+000 1.826e+001
 7.380e+003 2.930e+000 4.200e+001 1.031e-001 1.119e-001-1.807e-002-1.634e-001 9.510e-001 1.136e+001-4.599e-001-1.789e+000 3.879e-002 6.590e-001 2.889e-001-1.280e+000-3.779e-001-7.127e+000-1.544e+000 1.612e+001
 7.500e+003 2.930e+000 6.300e+001 2.502e-001 2.350e-001 2.640e-003-7.087e-001 2.885e+000 3.906e+001-4.806e-001-7.258e+000 6.564e-002 1.028e+000 3.584e-001-1.602e+000-6.706e-001-1.245e+001-1.975e+000 2.240e+001
 7.630e+003 2.930e+000 6.000e+001 1.623e-001 2.607e-001-2.375e-002-5.455e-001 1.519e+000 1.851e+001-7.501e-001-5.211e+000 1.038e-001 1.512e+000 4.612e-001-2.258e+000-8.066e-001-1.416e+001-2.634e+000 2.951e+001
 7.750e+003 2.930e+000 4.200e+001 1.892e-001 3.110e-001-1.148e-002-3.954e-001 1.722e+000 1.945e+001-5.633e-001-3.441e+000 8.262e-002 1.164e+000 3.248e-001-1.761e+000-7.013e-001-1.175e+001-1.903e+000 2.329e+001
 7.880e+003 2.930e+000 6.900e+001 8.341e-001 9.714e-001-6.097e-002-1.761e+000 7.713e+000 7.983e+001-1.280e+000-1.594e+001 2.826e-001 3.062e+000 7.516e-001-4.011e+000-2.667e+000-3.225e+001-4.345e+000 5.333e+001
 8.000e+003 2.930e+000 7.200e+001 1.114e+000 5.892e-002-6.481e-001 8.484e+000 6.054e+000 4.596e+001-4.581e+000 2.737e+001-8.012e-001 1.532e-001 3.917e+000-2.076e+001 1.052e+000-2.917e+001-2.416e+001 2.654e+002
 8.130e+003 2.930e+000 4.200e+001 3.357e-001 6.748e-001-1.846e-002-1.007e+000 3.200e+000 3.822e+001-1.090e+000-7.279e+000 1.277e-001 1.598e+000 5.080e-001-2.588e+000-9.914e-001-1.803e+001-2.713e+000 3.179e+001
 8.250e+003 2.930e+000 5.700e+001 2.638e-001 5.182e-001 1.174e-002-9.829e-001 2.195e+000 2.626e+001-1.311e+000-6.959e+000 1.191e-001 1.982e+000 8.547e-001-4.782e+000-6.972e-001-2.143e+001-4.866e+000 5.858e+001
 8.380e+003 2.930e+000 6.000e+001 3.036e-001 7.343e-001 6.688e-004-1.351e+000 2.849e+000 3.500e+001-1.112e+000-1.102e+001 1.846e-001 2.357e+000 8.021e-001-4.138e+000-1.202e+000-2.387e+001-4.634e+000 5.438e+001
 8.500e+003 2.930e+000 3.900e+001 2.113e-001 4.014e-001-7.156e-003-7.619e-001 2.029e+000 2.230e+001-6.320e-001-4.667e+000 1.259e-001 1.379e+000 5.871e-001-2.742e+000-8.686e-001-1.331e+001-3.296e+000 3.431e+001
 8.630e+003 2.930e+000 6.300e+001 3.779e-001 9.384e-001-5.435e-002-1.047e+000 3.603e+000 4.397e+001-1.762e+000-5.985e+000 1.964e-001 2.454e+000 8.124e-001-4.040e+000-1.632e+000-2.876e+001-4.890e+000 5.581e+001
 8.750e+003 2.930e+000 6.900e+001 4.724e-001 8.849e-001-4.269e-003-1.582e+000 4.576e+000 5.286e+001-1.640e+000-9.867e+000 2.103e-001 2.607e+000 9.382e-001-4.605e+000-1.498e+000-2.749e+001-5.288e+000 5.816e+001
 8.880e+003 2.930e+000 4.500e+001 3.587e-001 8.043e-001 6.032e-002-1.618e+000 3.475e+000 3.930e+001-3.408e-001-1.192e+001 2.148e-001 2.464e+000 6.277e-001-2.897e+000-1.379e+000-2.135e+001-3.779e+000 3.995e+001
 9.000e+003 2.930e+000 6.600e+001 7.604e-001 1.264e+000-4.034e-002-9.536e-001 7.631e+000 8.382e+001-1.031e+000-8.807e+000 1.144e-001 1.758e+000 7.072e-001-3.431e+000-1.606e+000-2.603e+001-4.203e+000 4.864e+001
 9.130e+003 2.930e+000 6.900e+001 5.374e-001 1.163e+000-8.364e-002-1.022e+000 5.208e+000 5.925e+001-2.300e+000-3.720e+000 1.773e-001 2.281e+000 8.439e-001-4.276e+000-2.053e+000-3.327e+001-4.849e+000 5.605e+001
 9.250e+003 2.930e+000 4.500e+001 3.762e-001 6.491e-001-5.146e-002-2.143e-001 3.130e+000 3.066e+001-1.024e+000 3.401e-001 3.860e-002 6.337e-001 5.248e-001-2.462e+000-7.474e-001-1.244e+001-3.034e+000 3.237e+001
 9.380e+003 2.930e+000 6.600e+001 6.173e-001 1.161e+000-1.274e-001-5.648e-001 5.416e+000 5.544e+001-2.100e+000-2.154e+000 1.965e-001 2.356e+000 8.390e-001-4.174e+000-2.085e+000-2.932e+001-4.750e+000 5.317e+001
 9.500e+003 2.930e+000 6.600e+001 6.786e-001 1.484e+000 4.550e-002-2.046e+000 5.967e+000 6.067e+001-9.956e-001-1.306e+001 2.120e-001 2.496e+000 7.717e-001-3.791e+000-1.579e+000-2.710e+001-4.695e+000 5.294e+001
 9.630e+003 2.930e+000 4.800e+001 4.535e-001 8.841e-001-6.546e-002-4.372e-001 3.956e+000 4.056e+001-1.479e+000-7.855e-001 1.058e-001 1.389e+000 6.164e-001-3.011e+000-1.273e+000-1.963e+001-3.505e+000 3.776e+001
 9.750e+003 2.930e+000 6.300e+001 2.830e-001 7.307e-001 1.103e-002-3.036e-001 2.127e+000 2.304e+001-5.463e-001-4.521e+000 1.705e-002 1.158e+000 7.846e-001-3.835e+000-2.214e-001-1.254e+001-4.414e+000 4.922e+001
 9.880e+003 2.930e+000 6.900e+001 1.227e+000 1.746e+000-7.568e-002-1.850e+000 1.075e+001 1.044e+002-2.222e+000-1.206e+001 2.830e-001 3.589e+000 9.203e-001-4.958e+000-3.578e+000-4.852e+001-5.402e+000 6.583e+001
 1.000e+004 2.930e+000 3.390e+002 3.307e+000 5.476e+000-4.586e-001-3.134e+000 2.737e+001 2.657e+002-9.521e+000-1.043e+001 6.897e-001 9.170e+000 4.391e+000-2.143e+001-9.337e+000-1.390e+002-2.534e+001 2.809e+002
 1.130e+004 2.930e+000 5.880e+002 4.427e+000 9.247e+000-4.075e-001-1.053e+001 3.497e+001 3.415e+002-1.526e+001-3.869e+001 1.894e+000 2.004e+001 8.047e+000-3.966e+001-1.735e+001-2.437e+002-4.536e+001 4.946e+002
 1.250e+004 2.930e+000 5.430e+002 2.113e+000 5.064e+000-7.872e-002-5.494e+000 1.476e+001 1.527e+002-9.912e+000-1.985e+001 9.462e-001 1.332e+001 6.922e+000-3.435e+001-7.959e+000-1.518e+002-3.777e+001 4.099e+002
 1.380e+004 2.930e+000 4.740e+002 1.453e+000 3.833e+000-1.339e-001-5.160e+000 9.270e+000 9.837e+001-9.175e+000-9.851e+000 1.084e+000 1.123e+001 5.204e+000-2.599e+001-7.752e+000-1.253e+002-2.905e+001 3.186e+002
 1.500e+004 2.930e+000 4.410e+002 1.280e+000 3.735e+000 2.164e-001-5.444e+000 7.452e+000 7.717e+001-4.501e+000-1.930e+001 6.884e-001 7.825e+000 3.363e+000-1.697e+001-3.573e+000-8.162e+001-1.854e+001 2.103e+002
 1.630e+004 2.930e+000 4.200e+002 6.873e-001 1.841e+000 1.264e-001-3.172e+000 3.305e+000 3.796e+001-3.832e+000-7.244e+000 5.334e-001 5.917e+000 2.893e+000-1.394e+001-2.809e+000-6.048e+001-1.594e+001 1.755e+002
 1.750e+004 2.930e+000 4.590e+002 2.128e+000 7.054e+000 2.498e-001-5.809e-001 8.044e+000 6.963e+001-1.784e+000-9.238e+000-1.024e-001 3.679e+000 3.273e+000-1.582e+001 2.042e+000-3.348e+001-1.823e+001 1.982e+002
 1.880e+004 2.930e+000 4.170e+002 5.008e+000 1.776e+001 2.421e-001 6.745e+000 1.976e+001 1.528e+002 4.718e+000-1.348e+001-1.526e+000-3.049e+000 2.773e+000-1.350e+001 1.076e+001 4.232e+001-1.546e+001 1.689e+002
 2.000e+004 2.930e+000 5.130e+002 6.262e+001 5.074e+002 2.570e+001-1.170e+003 5.055e+002 8.238e+003-1.344e+003-1.130e+003 1.903e+002 1.755e+003 5.944e+002-3.164e+003-1.027e+003-1.789e+004-3.632e+003 3.906e+004
 2.130e+004 2.930e+000 5.190e+002 3.419e+000 1.786e+001 4.953e-001-2.356e+001 1.826e+001 2.271e+002-2.628e+001-1.521e+001 3.827e+000 3.240e+001 1.084e+001-5.795e+001-2.094e+001-3.447e+002-6.462e+001 7.160e+002
 2.250e+004 2.930e+000 3.090e+002 2.126e-001 5.034e-001 3.597e-002-1.046e+000 4.645e-001 7.985e+000-1.440e+000-5.665e-001 1.804e-001 1.712e+000 8.852e-001-3.941e+000-7.941e-001-1.771e+001-4.330e+000 4.680e+001
 2.380e+004 2.930e+000 2.670e+002 2.707e-001 7.100e-001 5.679e-002-1.225e-001 5.861e-001 7.088e+000-4.028e-001-2.034e+000-2.288e-002 7.689e-001 6.749e-001-3.006e+000 4.649e-001-6.392e+000-3.119e+000 3.366e+001
 2.500e+004 2.930e+000 2.280e+002 1.057e-001 1.479e-001 1.350e-002-1.424e-001 1.506e-001 2.676e+000-2.111e-001-5.259e-001 2.918e-002 4.129e-001 2.679e-001-8.145e-001-1.148e-001-3.197e+000-1.059e+000 9.582e+000
 2.630e+004 2.930e+000 1.200e+002 4.752e-002 9.260e-002 1.116e-002-4.312e-002-9.349e-002 1.886e+001-6.799e-002-1.322e+000 7.596e-003 2.603e-001 1.170e-001-3.334e-001-5.199e-003-1.690e+000-3.475e-001 3.367e+000
 2.750e+004 2.930e+000 8.700e+001 3.836e-002 1.004e-002 3.585e-003-2.221e-002 4.377e-002 1.634e+000-4.671e-002-5.507e-002 1.124e-002 7.480e-002 6.065e-002-1.230e-001-3.650e-002-4.626e-001-9.184e-002 9.114e-001
 2.880e+004 2.930e+000 6.900e+001 2.724e-002 1.058e-002 4.066e-003-1.791e-002 2.398e-002 3.309e-001-4.283e-002 7.820e-002 7.284e-003 4.655e-002 4.379e-002-9.528e-002-8.291e-003-3.235e-001-1.003e-001 8.149e-001
 3.000e+004 2.930e+000 6.300e+001 1.979e-002 1.972e-002 2.307e-003 1.037e-003 1.500e-002 1.324e-001 2.997e-003 3.463e-003 2.472e-003 6.436e-003 2.883e-002-3.533e-002 4.061e-003-1.175e-002-3.883e-002 2.966e-001
 3.130e+004 2.930e+000 1.440e+002 9.104e-002 5.811e-002-3.456e-002 9.899e-001 8.561e-002 2.996e-001 8.449e-002 6.505e-001-1.517e-001-2.127e-001 5.434e-001-2.441e+000 6.792e-001 1.609e+000-2.753e+000 2.737e+001
 3.250e+004 2.930e+000 9.600e+001 1.978e-002 1.850e-002 3.382e-003-5.843e-003 1.173e-002 1.396e-001-8.813e-003 2.893e-002 3.399e-004 1.241e-002 3.296e-002-3.428e-002 1.202e-003-1.048e-001-4.226e-002 3.025e-001
 3.380e+004 2.930e+000 6.600e+001 1.753e-002 2.834e-003 2.145e-003-5.221e-003 4.327e-003 3.938e-002-3.647e-003-1.113e-002 1.650e-003 7.217e-003 1.720e-002-1.917e-002 1.284e-003-4.611e-002-1.727e-002 1.616e-001
 3.500e+004 2.930e+000 1.080e+002 2.560e-002 9.655e-003 2.559e-003-1.096e-002 1.039e-002 6.213e-002-1.267e-002 1.557e-003 7.038e-003 1.957e-002 3.867e-002-4.381e-002-8.209e-003-7.928e-002-4.168e-002 2.627e-001
 3.630e+004 2.930e+000 7.200e+001 1.702e-002 2.122e-002 6.323e-004-2.342e-003 1.748e-002 1.682e-001-1.177e-002 3.749e-002 1.428e-003 7.231e-003 2.625e-002-2.314e-002-1.398e-002-6.555e-002-3.223e-002 2.090e-001
 3.750e+004 2.930e+000 7.500e+001 1.662e-002 3.392e-003 1.852e-003-2.727e-004-2.817e-003 6.065e-002-9.771e-003 2.936e-003 3.897e-004 1.566e-002 2.703e-002-2.504e-002 5.078e-003-8.173e-002-4.536e-002 2.429e-001
 3.880e+004 2.930e+000 8.100e+001 1.620e-002 1.062e-002 1.391e-003-6.061e-003 6.999e-003 6.397e-002-9.719e-003-1.952e-003 2.715e-004 9.109e-003 2.356e-002-3.419e-002-4.769e-003-6.668e-002-2.712e-002 2.008e-001
 4.000e+004 2.930e+000 1.200e+002 2.483e-002 1.617e-002 1.691e-003-7.886e-003 1.763e-002 1.327e-001-7.228e-003-1.379e-002 5.055e-003 1.373e-002 3.525e-002-4.364e-002-6.060e-003-7.607e-002-6.552e-002 4.746e-001
 4.130e+004 2.930e+000 9.300e+001 1.612e-002 8.321e-003 5.004e-003-1.452e-002 3.002e-003 5.119e-002-6.187e-003-7.896e-003 1.065e-003 1.417e-002 2.487e-002-2.373e-002-2.193e-003-8.711e-002-3.123e-002 2.355e-001
 4.250e+004 2.930e+000 9.600e+001 1.383e-002 3.647e-003 4.263e-004-9.198e-003 2.695e-003 4.883e-002-8.491e-003-8.795e-004 2.308e-003 1.777e-002 2.856e-002-2.850e-002-4.741e-003-8.215e-002-4.368e-002 2.563e-001
 4.380e+004 2.930e+000 9.000e+001 1.364e-002 3.557e-003 1.109e-004-5.683e-003 2.414e-003 5.424e-002-7.327e-003-1.231e-002-2.947e-005 1.684e-002 2.729e-002-3.446e-002-1.775e-003-9.596e-002-4.146e-002 2.722e-001
 4.500e+004 2.930e+000 6.600e+001 9.501e-003 2.732e-003 4.489e-005-4.038e-003 2.287e-003 1.746e-002-6.328e-003-5.088e-003 1.733e-003 5.325e-003 1.599e-002-2.391e-002-3.213e-003-3.306e-002-1.252e-002 1.410e-001
 4.630e+004 2.930e+000 5.100e+001 4.983e-003 7.227e-004-9.256e-005-1.724e-003 2.055e-003 1.114e-002-1.832e-003-4.894e-004 1.638e-003 1.302e-003 1.044e-002-7.480e-003-1.996e-003-8.084e-003-9.460e-003 3.991e-002
 4.750e+004 2.930e+000 8.100e+001 1.640e-002 1.668e-002 1.184e-004 2.480e-002 1.841e-002 1.007e-001-5.921e-004 9.322e-002-2.524e-003-1.066e-002 1.709e-002-2.241e-002-7.728e-003 4.211e-002-1.067e-002 1.828e-001
 4.880e+004 2.930e+000 9.000e+001 1.162e-002-4.328e-004 1.273e-004 1.809e-003 2.878e-003 2.071e-002-9.439e-004 4.172e-003 1.439e-003 1.901e-003 1.526e-002-1.311e-002-1.191e-003-1.630e-002-9.472e-003 9.299e-002
 5.000e+004 2.930e+000 8.100e+001 7.518e-003-4.553e-004-5.497e-004-1.226e-003 2.663e-003 1.131e-002-1.287e-004-1.191e-003 6.834e-004 4.250e-003 1.863e-002-5.323e-003-1.951e-003-1.081e-002-6.455e-003 2.926e-002
 5.130e+004 2.930e+000 4.200e+001 4.105e-003 5.482e-004 5.258e-004-3.732e-004 9.830e-004 6.858e-003 2.919e-004 4.040e-004 2.562e-004 2.214e-004 4.612e-003-1.353e-003-2.530e-004-8.376e-004-1.310e-003 7.179e-003
 5.250e+004 2.930e+000 7.500e+001 8.139e-003 1.158e-003-9.685e-004-6.649e-004 3.352e-003 1.334e-002-7.026e-004-3.936e-003 1.056e-003 2.093e-003 1.144e-002-1.560e-003-6.071e-005-5.142e-003-2.642e-003 1.656e-002
 5.380e+004 2.930e+000 2.070e+002 7.722e-001 3.287e+000 7.599e-003 1.273e+000 3.198e+000 2.793e+001 9.317e-001 1.406e+000-2.056e-001-8.435e-001 8.280e-002-3.623e-001 9.156e-001 9.437e+000-2.432e-001 3.307e+000
 5.500e+004 2.930e+000 8.700e+001 9.577e-003 4.840e-003-7.825e-004 9.485e-004 9.535e-003 4.570e-002 1.168e-003 3.938e-003 4.343e-004-2.825e-003 9.911e-003-2.321e-003 5.368e-004 7.697e-003-1.244e-003 1.121e-002
 5.630e+004 2.930e+000 8.700e+001 1.324e-002 2.121e-002-8.909e-004 9.649e-003 2.234e-002 1.386e-001-3.344e-003 5.287e-002 1.386e-004-2.600e-003 8.120e-003-1.235e-003-6.849e-003 6.295e-003-3.589e-003 3.117e-002
 5.750e+004 2.930e+000 5.700e+001 5.425e-003 8.827e-004 3.809e-004 1.147e-004 5.338e-004 2.579e-003-3.417e-004-5.159e-004 1.635e-003 6.909e-004 6.426e-003 1.951e-004 6.449e-005 1.475e-004-6.501e-004 3.979e-003
 5.880e+004 2.930e+000 5.100e+001 3.885e-003 3.045e-004 1.757e-004-2.375e-004 3.307e-004 3.239e-003 4.633e-004-5.036e-004 3.213e-004 1.051e-004 4.681e-003-5.679e-004 3.875e-004-7.245e-005-8.143e-004 2.594e-003
 6.000e+004 2.930e+000 7.500e+001 1.895e-002 5.694e-002-1.499e-003 7.195e-002 5.506e-002 4.435e-001 3.940e-002 4.170e-002-1.055e-002-4.834e-002 1.473e-002-5.130e-002 5.829e-002 5.196e-001-5.451e-002 6.277e-001
 6.130e+004 2.930e+000 7.200e+001 4.847e-003 9.506e-004 2.938e-004-6.130e-004 5.025e-004 6.074e-003 5.056e-004 6.942e-004 6.035e-004 2.260e-004 5.829e-003-4.561e-004 1.144e-004-6.895e-004-8.284e-004 3.596e-003
 6.250e+004 2.930e+000 4.800e+001 2.182e-003 8.189e-004 5.779e-004-2.937e-004 2.083e-004 3.439e-003 4.416e-004-1.349e-004-2.970e-005 5.684e-004 3.881e-003 2.996e-004-2.996e-004-6.059e-004-3.756e-004 1.284e-003
 6.380e+004 2.930e+000 7.200e+001 3.930e-003 1.715e-003-6.397e-005 2.047e-004 5.674e-004 1.263e-002-1.229e-003 1.137e-002 5.031e-005-1.818e-004 4.075e-003-4.109e-004-1.324e-003-2.386e-003-1.425e-003 1.595e-002
 6.500e+004 2.930e+000 5.400e+001 3.203e-003 7.426e-004-1.273e-004 4.882e-005 1.060e-003 2.276e-003 5.788e-005 3.270e-004-3.317e-004-3.803e-004 5.111e-003-8.621e-004-6.716e-004-5.210e-004-1.054e-004 1.628e-003
 6.630e+004 2.930e+000 7.500e+001 3.811e-003-1.044e-004 2.681e-004 4.804e-007 5.020e-004 3.690e-003 4.168e-004-3.169e-004 5.784e-004-2.151e-004 5.222e-003-1.790e-004 2.813e-004 1.907e-004-3.654e-004 1.977e-003
 6.750e+004 2.930e+000 5.400e+001 2.305e-003-1.731e-004 2.491e-004-3.377e-004 8.335e-004 2.248e-003 4.003e-004-1.184e-003 5.459e-004 3.326e-004 4.123e-003-8.115e-004-1.065e-004-3.122e-004-1.852e-003 5.986e-003
 6.880e+004 2.930e+000 1.500e+002 9.919e-003 2.137e-002 1.797e-002-2.408e-002-1.591e-002 2.368e-001-1.864e-002-9.537e-001-1.188e-002 1.882e-001 1.658e-001-8.874e-001 1.680e-001-1.097e+000-8.400e-001 9.412e+000
 7.000e+004 2.930e+000 6.900e+001 3.164e-003-1.455e-004 5.194e-004 3.459e-004 3.909e-004 1.929e-003-1.701e-004 4.218e-004 4.569e-004 3.709e-004 4.702e-003-5.917e-004-2.013e-004-9.026e-004-1.200e-003 4.223e-003
 7.130e+004 2.930e+000 3.600e+001 1.556e-003 7.751e-007 1.813e-004 3.306e-004 3.004e-004 7.689e-004-7.598e-006 6.008e-005-1.081e-004 3.078e-004 2.354e-003-2.080e-004-1.718e-004-5.908e-005-5.663e-004 1.599e-003
 7.250e+004 2.930e+000 5.100e+001 1.990e-003 1.279e-004-2.868e-005 3.236e-004 3.466e-004 2.153e-003 1.654e-004 2.921e-004-5.544e-005 4.954e-005 2.022e-003-1.237e-004 1.432e-004-4.649e-004-2.650e-004 1.456e-003
 7.380e+004 2.930e+000 5.400e+001 1.878e-003 3.029e-004-9.665e-005 1.601e-005 4.474e-004 1.147e-003-1.391e-004-3.295e-007-1.421e-004-1.871e-004 2.456e-003-2.502e-004 1.224e-004-1.718e-004-2.163e-004 1.317e-003
 7.500e+004 2.930e+000 5.700e+001 1.876e-003 6.832e-005-8.683e-005 3.892e-004 3.803e-004 1.291e-003-1.137e-004 5.607e-005-3.219e-005 2.649e-004 1.864e-003-2.520e-004-2.102e-005-3.931e-004-6.907e-004 1.405e-003
 7.630e+004 2.930e+000 4.200e+001 1.267e-003 4.982e-004 8.891e-005-7.143e-005 5.027e-004 2.044e-003 2.997e-004-1.099e-004 1.501e-004 1.460e-004 1.724e-003-3.363e-004-4.452e-005-1.103e-004-4.183e-004 8.845e-004
 7.750e+004 2.930e+000 5.400e+001 1.671e-003 7.644e-006-1.429e-005-3.365e-004 5.945e-004 1.309e-003-4.781e-005 5.239e-007-2.793e-005-1.167e-004 1.839e-003-2.252e-004-3.148e-004-1.625e-004-5.329e-004 1.522e-003
 7.880e+004 2.930e+000 5.700e+001 1.422e-003 6.562e-005-1.916e-004 1.591e-004 2.983e-004 9.622e-004 4.962e-007-5.377e-005 1.252e-004-1.045e-004 1.953e-003-2.217e-004-1.165e-005-1.076e-004-2.553e-004 1.179e-003
 8.000e+004 2.930e+000 4.800e+001 9.201e-004 2.993e-004 9.666e-005-6.446e-006 2.857e-004 1.667e-002 1.283e-003-8.440e-004-1.329e-004 8.625e-004 1.650e-003-3.148e-004 6.611e-005 2.107e-004-3.614e-004 8.967e-004
 8.130e+004 2.930e+000 8.100e+001 1.531e-003 3.061e-004-1.728e-004 7.980e-005 4.530e-004 2.071e-003-2.119e-004 5.990e-008 2.432e-004 4.084e-004 2.376e-003-5.510e-004-2.508e-004-5.183e-004-7.385e-004 2.020e-003
 8.250e+004 2.930e+000 4.500e+001 1.388e-003 1.822e-004 2.076e-004-1.890e-004 3.465e-004 8.158e-004 1.294e-004-1.444e-007 8.133e-005 1.711e-004 1.294e-003 1.606e-004-1.068e-004-2.038e-004-1.354e-004 7.135e-004
 8.380e+004 2.930e+000 4.500e+001 1.129e-003 2.911e-004 4.253e-006 7.471e-005 6.120e-004 9.571e-004-2.780e-005 0.000e+000-5.718e-005-9.197e-005 8.463e-004-2.208e-004-1.489e-004-3.025e-004-1.255e-004 1.360e-003
 8.500e+004 2.930e+000 5.400e+001 1.237e-003 2.769e-004 6.604e-005 2.224e-004 6.229e-004 1.677e-003 2.840e-004-1.965e-004-2.789e-004 1.469e-005 1.332e-003-4.859e-004 3.941e-004 5.056e-005-4.740e-004 2.821e-003
 8.630e+004 2.930e+000 6.300e+001 1.325e-003 1.005e-004 7.071e-005-1.010e-004 3.404e-004 1.659e-003-2.860e-004-1.944e-004 3.196e-005-3.169e-005 1.418e-003-3.994e-004 1.857e-004-2.932e-004-8.146e-004 5.310e-003
 8.750e+004 2.930e+000 8.100e+001 1.621e-003 5.265e-004-1.169e-005-3.652e-004 6.619e-004 2.350e-003-8.118e-005-5.275e-004 5.627e-005-3.302e-005 2.218e-003-8.211e-005 7.474e-004 6.211e-004-1.621e-003 1.356e-002
 8.880e+004 2.930e+000 9.000e+001 1.556e-003-3.137e-004 3.060e-004-1.107e-003 2.985e-004 3.073e-003 1.733e-004-1.654e-003 1.599e-004-1.506e-004 2.805e-003-2.790e-003 5.119e-004 3.797e-004-5.406e-003 3.373e-002
 9.000e+004 2.930e+000 1.080e+002 2.372e-003 6.811e-004 2.638e-004 8.762e-004 7.293e-004 3.645e-003 3.345e-004-1.226e-003-4.984e-004-1.744e-005 3.555e-003-4.239e-003 3.656e-003 1.594e-003-1.071e-002 7.541e-002
 9.130e+004 2.930e+000 1.500e+002 2.638e-003 3.624e-004-3.483e-005 1.347e-003 1.320e-003 8.277e-003-7.725e-005 1.437e-003-1.004e-003-5.799e-005 7.142e-003-9.836e-003 5.351e-003 9.678e-004-2.728e-002 1.792e-001
 9.250e+004 2.930e+000 1.260e+002 2.804e-003 1.011e-003 3.460e-004 8.841e-004 1.993e-003 9.439e-003 7.477e-004-5.327e-003-6.704e-004 6.479e-004 4.940e-003-8.272e-003 6.068e-003-1.637e-003-2.022e-002 1.635e-001
 9.380e+004 2.930e+000 9.600e+001 1.710e-003 5.190e-004 1.432e-004-1.162e-003 1.444e-003 6.938e-003 1.040e-004-2.057e-003 4.270e-007-7.062e-005 2.456e-003-2.695e-003 6.203e-004-8.468e-004-7.954e-003 5.153e-002
 9.500e+004 2.930e+000 1.170e+002 2.084e-003 5.301e-004 2.948e-004 1.420e-004 1.419e-003 5.385e-003 2.186e-004-3.488e-003-9.592e-005 4.265e-004 2.739e-003-3.703e-003 2.482e-003 9.616e-004-6.855e-003 5.426e-002
 9.630e+004 2.930e+000 0.000e+000 0.000e+000 0.000e+000 0.000e+000 0.000e+000 0.000e+000 0.000e+000 0.000e+000 0.000e+000 0.000e+000 0.000e+000 0.000e+000 0.000e+000 0.000e+000 0.000e+000 0.000e+000 0.000e+000
 9.750e+004 2.930e+000 0.000e+000 0.000e+000 0.000e+000 0.000e+000 0.000e+000 0.000e+000 0.000e+000 0.000e+000 0.000e+000 0.000e+000 0.000e+000 0.000e+000 0.000e+000 0.000e+000 0.000e+000 0.000e+000 0.000e+000
 9.880e+004 2.930e+000 0.000e+000 0.000e+000 0.000e+000 0.000e+000 0.000e+000 0.000e+000 0.000e+000 0.000e+000 0.000e+000 0.000e+000 0.000e+000 0.000e+000 0.000e+000 0.000e+000 0.000e+000 0.000e+000 0.000e+000
 1.000e+005 2.930e+000 0.000e+000 0.000e+000 0.000e+000 0.000e+000 0.000e+000 0.000e+000 0.000e+000 0.000e+000 0.000e+000 0.000e+000 0.000e+000 0.000e+000 0.000e+000 0.000e+000 0.000e+000 0.000e+000 0.000e+000
