 6.250e+000 2.930e+000 0.000e+000 0.000e+000 0.000e+000 0.000e+000 0.000e+000 0.000e+000 0.000e+000 0.000e+000 0.000e+000 0.000e+000 0.000e+000 0.000e+000 0.000e+000 0.000e+000 0.000e+000 0.000e+000 0.000e+000
 7.500e+000 2.930e+000 0.000e+000 0.000e+000 0.000e+000 0.000e+000 0.000e+000 0.000e+000 0.000e+000 0.000e+000 0.000e+000 0.000e+000 0.000e+000 0.000e+000 0.000e+000 0.000e+000 0.000e+000 0.000e+000 0.000e+000
 8.750e+000 2.930e+000 0.000e+000 0.000e+000 0.000e+000 0.000e+000 0.000e+000 0.000e+000 0.000e+000 0.000e+000 0.000e+000 0.000e+000 0.000e+000 0.000e+000 0.000e+000 0.000e+000 0.000e+000 0.000e+000 0.000e+000
 1.000e+001 2.930e+000 0.000e+000 0.000e+000 0.000e+000 0.000e+000 0.000e+000 0.000e+000 0.000e+000 0.000e+000 0.000e+000 0.000e+000 0.000e+000 0.000e+000 0.000e+000 0.000e+000 0.000e+000 0.000e+000 0.000e+000
 1.130e+001 2.930e+000 2.400e+001 6.410e+001-1.193e+003 9.125e+000-4.624e+002-2.404e+003 1.938e+005 4.449e+002 7.023e+002 1.820e+001-1.392e+003 6.571e+001-9.259e+002-5.582e+002 6.099e+004-1.358e+003 6.328e+004
 1.250e+001 2.930e+000 0.000e+000 0.000e+000 0.000e+000 0.000e+000 0.000e+000 0.000e+000 0.000e+000 0.000e+000 0.000e+000 0.000e+000 0.000e+000 0.000e+000 0.000e+000 0.000e+000 0.000e+000 0.000e+000 0.000e+000
 1.380e+001 2.930e+000 0.000e+000 0.000e+000 0.000e+000 0.000e+000 0.000e+000 0.000e+000 0.000e+000 0.000e+000 0.000e+000 0.000e+000 0.000e+000 0.000e+000 0.000e+000 0.000e+000 0.000e+000 0.000e+000 0.000e+000
 1.500e+001 2.930e+000 2.400e+001 4.315e+001-1.373e+003 1.518e+001-7.466e+002-1.696e+003 1.591e+005-8.906e+001 2.446e+004 8.328e+000-1.489e+003 7.560e+001-8.585e+002-2.448e+002 5.495e+004-1.567e+003 5.776e+004
 1.630e+001 2.930e+000 0.000e+000 0.000e+000 0.000e+000 0.000e+000 0.000e+000 0.000e+000 0.000e+000 0.000e+000 0.000e+000 0.000e+000 0.000e+000 0.000e+000 0.000e+000 0.000e+000 0.000e+000 0.000e+000 0.000e+000
 1.750e+001 2.930e+000 2.400e+001 1.886e+001-3.424e+002 8.635e-001-2.604e+002-7.511e+002 1.021e+005 3.831e+002 8.225e+003 4.491e+000-7.033e+002 7.246e+001-7.304e+002-2.338e+002 4.103e+004-1.344e+003 4.476e+004
 1.880e+001 2.930e+000 0.000e+000 0.000e+000 0.000e+000 0.000e+000 0.000e+000 0.000e+000 0.000e+000 0.000e+000 0.000e+000 0.000e+000 0.000e+000 0.000e+000 0.000e+000 0.000e+000 0.000e+000 0.000e+000 0.000e+000
 2.000e+001 2.930e+000 2.400e+001 4.133e+001-9.146e+002-7.474e+000-2.768e+002-1.597e+003 1.199e+005 5.312e+002 7.893e+003 6.815e+000-2.597e+002 3.069e+001-3.345e+002-3.482e+002 3.161e+004-3.796e+002 2.048e+004
 2.130e+001 2.930e+000 0.000e+000 0.000e+000 0.000e+000 0.000e+000 0.000e+000 0.000e+000 0.000e+000 0.000e+000 0.000e+000 0.000e+000 0.000e+000 0.000e+000 0.000e+000 0.000e+000 0.000e+000 0.000e+000 0.000e+000
 2.250e+001 2.930e+000 0.000e+000 0.000e+000 0.000e+000 0.000e+000 0.000e+000 0.000e+000 0.000e+000 0.000e+000 0.000e+000 0.000e+000 0.000e+000 0.000e+000 0.000e+000 0.000e+000 0.000e+000 0.000e+000 0.000e+000
 2.380e+001 2.930e+000 2.400e+001 3.216e+001-6.061e+002 5.557e-001-1.875e+002-1.082e+003 7.164e+004-3.886e+001 4.144e+003-3.260e+000 9.527e+000 1.674e+001-1.198e+002-1.605e+002 1.646e+004-2.244e+002 1.512e+004
 2.500e+001 2.930e+000 0.000e+000 0.000e+000 0.000e+000 0.000e+000 0.000e+000 0.000e+000 0.000e+000 0.000e+000 0.000e+000 0.000e+000 0.000e+000 0.000e+000 0.000e+000 0.000e+000 0.000e+000 0.000e+000 0.000e+000
 2.630e+001 2.930e+000 2.400e+001 2.650e+001-5.246e+002 1.429e+000-1.671e+002-8.539e+002 5.524e+004-3.309e+001 3.777e+003-5.229e+000 1.250e+002 3.821e+001-3.774e+002-7.536e+001 1.172e+004-7.348e+002 2.724e+004
 2.750e+001 2.930e+000 0.000e+000 0.000e+000 0.000e+000 0.000e+000 0.000e+000 0.000e+000 0.000e+000 0.000e+000 0.000e+000 0.000e+000 0.000e+000 0.000e+000 0.000e+000 0.000e+000 0.000e+000 0.000e+000 0.000e+000
 2.880e+001 2.930e+000 2.400e+001 2.099e+001-3.670e+002 3.370e-001-1.317e+002-9.673e+002 7.404e+004-2.416e+001 4.579e+003-3.379e-003-9.391e+001 1.595e+001-6.182e+001-2.165e+002 1.781e+004-3.152e+002 1.453e+004
 3.000e+001 2.930e+000 0.000e+000 0.000e+000 0.000e+000 0.000e+000 0.000e+000 0.000e+000 0.000e+000 0.000e+000 0.000e+000 0.000e+000 0.000e+000 0.000e+000 0.000e+000 0.000e+000 0.000e+000 0.000e+000 0.000e+000
 3.130e+001 2.930e+000 0.000e+000 0.000e+000 0.000e+000 0.000e+000 0.000e+000 0.000e+000 0.000e+000 0.000e+000 0.000e+000 0.000e+000 0.000e+000 0.000e+000 0.000e+000 0.000e+000 0.000e+000 0.000e+000 0.000e+000
 3.250e+001 2.930e+000 2.400e+001 3.020e+001-4.068e+002 4.317e+000-1.444e+002-1.294e+003 8.207e+004-3.908e+002 6.496e+003-6.601e+000 3.988e+002 2.439e+001-1.535e+002-1.963e+002 1.010e+004-3.890e+002 1.704e+004
 3.380e+001 2.930e+000 0.000e+000 0.000e+000 0.000e+000 0.000e+000 0.000e+000 0.000e+000 0.000e+000 0.000e+000 0.000e+000 0.000e+000 0.000e+000 0.000e+000 0.000e+000 0.000e+000 0.000e+000 0.000e+000 0.000e+000
 3.500e+001 2.930e+000 2.400e+001 3.065e+001-1.142e+002 8.144e+000-3.738e+002-9.373e+002 4.872e+004-2.692e+002 9.333e+003 5.962e+000-1.127e+002 1.433e+001-5.695e+001-4.047e+002 1.735e+004-3.220e+002 1.968e+004
 3.630e+001 2.930e+000 0.000e+000 0.000e+000 0.000e+000 0.000e+000 0.000e+000 0.000e+000 0.000e+000 0.000e+000 0.000e+000 0.000e+000 0.000e+000 0.000e+000 0.000e+000 0.000e+000 0.000e+000 0.000e+000 0.000e+000
 3.750e+001 2.930e+000 2.400e+001 6.149e+001-3.182e+002 1.671e+000-4.255e+002-1.696e+003 9.714e+004 2.139e+002 1.433e+004 1.100e+001-2.691e+002 1.170e+001-2.109e+002-6.839e+002 3.426e+004-2.737e+002 2.430e+004
 3.880e+001 2.930e+000 0.000e+000 0.000e+000 0.000e+000 0.000e+000 0.000e+000 0.000e+000 0.000e+000 0.000e+000 0.000e+000 0.000e+000 0.000e+000 0.000e+000 0.000e+000 0.000e+000 0.000e+000 0.000e+000 0.000e+000
 4.000e+001 2.930e+000 0.000e+000 0.000e+000 0.000e+000 0.000e+000 0.000e+000 0.000e+000 0.000e+000 0.000e+000 0.000e+000 0.000e+000 0.000e+000 0.000e+000 0.000e+000 0.000e+000 0.000e+000 0.000e+000 0.000e+000
 4.130e+001 2.930e+000 2.400e+001 8.950e+001-4.513e+002 2.178e+000-6.458e+002-1.728e+003 7.310e+004-9.705e+001 2.035e+004 2.037e+001-4.215e+002 2.215e+001-3.958e+002-9.717e+002 3.393e+004-5.967e+002 4.316e+004
 4.250e+001 2.930e+000 0.000e+000 0.000e+000 0.000e+000 0.000e+000 0.000e+000 0.000e+000 0.000e+000 0.000e+000 0.000e+000 0.000e+000 0.000e+000 0.000e+000 0.000e+000 0.000e+000 0.000e+000 0.000e+000 0.000e+000
 4.380e+001 2.930e+000 2.400e+001 1.131e+002-2.718e+002 3.695e+000-9.378e+002-3.014e+003 1.061e+005 9.228e+001 2.606e+004 2.007e+001-5.557e+002 1.607e+001-3.899e+002-1.951e+003 6.717e+004-5.360e+002 6.363e+004
 4.500e+001 2.930e+000 0.000e+000 0.000e+000 0.000e+000 0.000e+000 0.000e+000 0.000e+000 0.000e+000 0.000e+000 0.000e+000 0.000e+000 0.000e+000 0.000e+000 0.000e+000 0.000e+000 0.000e+000 0.000e+000 0.000e+000
 4.630e+001 2.930e+000 2.400e+001 4.282e+002-1.693e+003 1.542e+000-3.723e+003-1.068e+004 3.563e+005 8.242e+002 8.653e+004 7.286e+001-1.917e+003 2.767e+001-1.269e+003-7.307e+003 2.536e+005-1.308e+003 2.145e+005
 4.750e+001 2.930e+000 0.000e+000 0.000e+000 0.000e+000 0.000e+000 0.000e+000 0.000e+000 0.000e+000 0.000e+000 0.000e+000 0.000e+000 0.000e+000 0.000e+000 0.000e+000 0.000e+000 0.000e+000 0.000e+000 0.000e+000
 4.880e+001 2.930e+000 0.000e+000 0.000e+000 0.000e+000 0.000e+000 0.000e+000 0.000e+000 0.000e+000 0.000e+000 0.000e+000 0.000e+000 0.000e+000 0.000e+000 0.000e+000 0.000e+000 0.000e+000 0.000e+000 0.000e+000
 5.000e+001 2.930e+000 2.400e+001 2.529e+005-2.897e+006-1.047e+004-3.408e+006-4.462e+006 1.120e+008 6.896e+005 2.951e+007 4.404e+004-6.573e+005 8.110e+003-7.043e+005-2.674e+006 8.622e+007-3.244e+005 7.421e+007
 5.130e+001 2.930e+000 0.000e+000 0.000e+000 0.000e+000 0.000e+000 0.000e+000 0.000e+000 0.000e+000 0.000e+000 0.000e+000 0.000e+000 0.000e+000 0.000e+000 0.000e+000 0.000e+000 0.000e+000 0.000e+000 0.000e+000
 5.250e+001 2.930e+000 2.400e+001 3.834e+002-8.727e+002-8.614e+000-3.179e+003-1.036e+004 3.508e+005 8.548e+002 8.554e+004 6.514e+001-1.829e+003 1.842e+001-1.179e+003-7.979e+003 2.724e+005-1.240e+003 2.397e+005
 5.380e+001 2.930e+000 0.000e+000 0.000e+000 0.000e+000 0.000e+000 0.000e+000 0.000e+000 0.000e+000 0.000e+000 0.000e+000 0.000e+000 0.000e+000 0.000e+000 0.000e+000 0.000e+000 0.000e+000 0.000e+000 0.000e+000
 5.500e+001 2.930e+000 0.000e+000 0.000e+000 0.000e+000 0.000e+000 0.000e+000 0.000e+000 0.000e+000 0.000e+000 0.000e+000 0.000e+000 0.000e+000 0.000e+000 0.000e+000 0.000e+000 0.000e+000 0.000e+000 0.000e+000
 5.630e+001 2.930e+000 2.400e+001 1.103e+002-5.935e+002-2.023e+000-9.735e+002-3.193e+003 1.126e+005 9.232e+001 2.025e+004 1.676e+001-4.485e+002 1.276e+001-2.896e+002-2.125e+003 7.132e+004-4.908e+002 5.977e+004
 5.750e+001 2.930e+000 0.000e+000 0.000e+000 0.000e+000 0.000e+000 0.000e+000 0.000e+000 0.000e+000 0.000e+000 0.000e+000 0.000e+000 0.000e+000 0.000e+000 0.000e+000 0.000e+000 0.000e+000 0.000e+000 0.000e+000
 5.880e+001 2.930e+000 2.400e+001 7.028e+001-3.319e+002-1.496e+000-4.171e+002-1.668e+003 6.491e+004 8.691e+001 7.173e+003 1.386e+001-2.844e+002 7.386e+000-1.493e+002-1.115e+003 3.812e+004-2.794e+002 2.954e+004
 6.000e+001 2.930e+000 0.000e+000 0.000e+000 0.000e+000 0.000e+000 0.000e+000 0.000e+000 0.000e+000 0.000e+000 0.000e+000 0.000e+000 0.000e+000 0.000e+000 0.000e+000 0.000e+000 0.000e+000 0.000e+000 0.000e+000
 6.130e+001 2.930e+000 2.400e+001 3.940e+001-1.750e+002 2.365e+000-2.184e+002-9.630e+002 4.372e+004 1.039e+002 3.429e+003 4.329e+000-5.315e+001 1.047e+001-1.481e+002-4.930e+002 2.106e+004-1.896e+002 1.733e+004
 6.250e+001 2.930e+000 0.000e+000 0.000e+000 0.000e+000 0.000e+000 0.000e+000 0.000e+000 0.000e+000 0.000e+000 0.000e+000 0.000e+000 0.000e+000 0.000e+000 0.000e+000 0.000e+000 0.000e+000 0.000e+000 0.000e+000
 6.380e+001 2.930e+000 0.000e+000 0.000e+000 0.000e+000 0.000e+000 0.000e+000 0.000e+000 0.000e+000 0.000e+000 0.000e+000 0.000e+000 0.000e+000 0.000e+000 0.000e+000 0.000e+000 0.000e+000 0.000e+000 0.000e+000
 6.500e+001 2.930e+000 2.400e+001 1.961e+001-1.344e+002 8.132e-001-1.948e+002-5.941e+002 2.753e+004 1.090e+001 3.686e+003 1.397e+000 5.725e+000 1.272e+001-1.997e+002-2.554e+002 1.105e+004-2.885e+002 1.634e+004
 6.630e+001 2.930e+000 0.000e+000 0.000e+000 0.000e+000 0.000e+000 0.000e+000 0.000e+000 0.000e+000 0.000e+000 0.000e+000 0.000e+000 0.000e+000 0.000e+000 0.000e+000 0.000e+000 0.000e+000 0.000e+000 0.000e+000
 6.750e+001 2.930e+000 2.400e+001 1.959e+001-1.706e+002 1.179e+000-1.560e+002-6.524e+002 3.242e+004-2.495e+001 3.090e+003 2.142e+000-4.568e+001 8.498e+000-8.260e+001-2.518e+002 1.090e+004-1.854e+002 9.694e+003
 6.880e+001 2.930e+000 0.000e+000 0.000e+000 0.000e+000 0.000e+000 0.000e+000 0.000e+000 0.000e+000 0.000e+000 0.000e+000 0.000e+000 0.000e+000 0.000e+000 0.000e+000 0.000e+000 0.000e+000 0.000e+000 0.000e+000
 7.000e+001 2.930e+000 2.400e+001 1.373e+001-1.663e+002 7.407e-001-9.139e+001-4.479e+002 2.311e+004-8.695e+001 3.129e+003 1.004e+000-4.142e+001 1.293e+001-1.206e+002-1.716e+002 7.722e+003-2.409e+002 9.552e+003
 7.130e+001 2.930e+000 0.000e+000 0.000e+000 0.000e+000 0.000e+000 0.000e+000 0.000e+000 0.000e+000 0.000e+000 0.000e+000 0.000e+000 0.000e+000 0.000e+000 0.000e+000 0.000e+000 0.000e+000 0.000e+000 0.000e+000
 7.250e+001 2.930e+000 0.000e+000 0.000e+000 0.000e+000 0.000e+000 0.000e+000 0.000e+000 0.000e+000 0.000e+000 0.000e+000 0.000e+000 0.000e+000 0.000e+000 0.000e+000 0.000e+000 0.000e+000 0.000e+000 0.000e+000
 7.380e+001 2.930e+000 2.400e+001 1.070e+001-9.669e+001-3.048e+000-3.341e+001-3.361e+002 1.733e+004 6.242e+001 8.241e+002 1.926e+000-3.534e+001 6.576e+000-1.115e+002-1.680e+002 6.285e+003-1.138e+002 6.117e+003
 7.500e+001 2.930e+000 0.000e+000 0.000e+000 0.000e+000 0.000e+000 0.000e+000 0.000e+000 0.000e+000 0.000e+000 0.000e+000 0.000e+000 0.000e+000 0.000e+000 0.000e+000 0.000e+000 0.000e+000 0.000e+000 0.000e+000
 7.630e+001 2.930e+000 2.400e+001 8.781e+000-7.710e+001-1.419e+000-2.547e+001-2.862e+002 1.696e+004 3.774e+001-2.413e+002 7.813e-001 8.280e+000 5.107e+000-9.119e+001-1.158e+002 5.593e+003-8.939e+001 5.849e+003
 7.750e+001 2.930e+000 0.000e+000 0.000e+000 0.000e+000 0.000e+000 0.000e+000 0.000e+000 0.000e+000 0.000e+000 0.000e+000 0.000e+000 0.000e+000 0.000e+000 0.000e+000 0.000e+000 0.000e+000 0.000e+000 0.000e+000
 7.880e+001 2.930e+000 2.400e+001 9.036e+000-9.486e+001-9.267e-002 2.102e+001-3.180e+002 1.712e+004-5.681e+001-5.757e+002-3.713e+000 1.136e+002 1.036e+001-1.343e+002-3.536e+001 2.251e+003-1.434e+002 5.806e+003
 8.000e+001 2.930e+000 0.000e+000 0.000e+000 0.000e+000 0.000e+000 0.000e+000 0.000e+000 0.000e+000 0.000e+000 0.000e+000 0.000e+000 0.000e+000 0.000e+000 0.000e+000 0.000e+000 0.000e+000 0.000e+000 0.000e+000
 8.130e+001 2.930e+000 0.000e+000 0.000e+000 0.000e+000 0.000e+000 0.000e+000 0.000e+000 0.000e+000 0.000e+000 0.000e+000 0.000e+000 0.000e+000 0.000e+000 0.000e+000 0.000e+000 0.000e+000 0.000e+000 0.000e+000
 8.250e+001 2.930e+000 2.400e+001 5.633e+000-4.461e+001-3.410e-001-2.728e+001-2.232e+002 1.275e+004 1.642e+001 3.512e+002 5.444e-001-2.971e+001 4.968e+000-5.883e+001-9.683e+001 4.669e+003-7.623e+001 3.732e+003
 8.380e+001 2.930e+000 0.000e+000 0.000e+000 0.000e+000 0.000e+000 0.000e+000 0.000e+000 0.000e+000 0.000e+000 0.000e+000 0.000e+000 0.000e+000 0.000e+000 0.000e+000 0.000e+000 0.000e+000 0.000e+000 0.000e+000
 8.500e+001 2.930e+000 2.400e+001 6.117e+000-7.436e+001-3.922e-001 1.766e+001-2.271e+002 1.299e+004-2.560e+001-1.204e+003-2.322e+000 8.671e+001 6.105e+000-6.408e+001-4.562e+001 2.054e+003-7.973e+001 3.294e+003
 8.630e+001 2.930e+000 0.000e+000 0.000e+000 0.000e+000 0.000e+000 0.000e+000 0.000e+000 0.000e+000 0.000e+000 0.000e+000 0.000e+000 0.000e+000 0.000e+000 0.000e+000 0.000e+000 0.000e+000 0.000e+000 0.000e+000
 8.750e+001 2.930e+000 2.400e+001 4.934e+000-6.277e+001 1.175e-001-2.195e+000-1.921e+002 1.147e+004-3.887e+001-1.436e+002-1.619e+000 5.755e+001 5.128e+000-4.189e+001-4.112e+001 2.410e+003-7.042e+001 2.784e+003
 8.880e+001 2.930e+000 0.000e+000 0.000e+000 0.000e+000 0.000e+000 0.000e+000 0.000e+000 0.000e+000 0.000e+000 0.000e+000 0.000e+000 0.000e+000 0.000e+000 0.000e+000 0.000e+000 0.000e+000 0.000e+000 0.000e+000
 9.000e+001 2.930e+000 0.000e+000 0.000e+000 0.000e+000 0.000e+000 0.000e+000 0.000e+000 0.000e+000 0.000e+000 0.000e+000 0.000e+000 0.000e+000 0.000e+000 0.000e+000 0.000e+000 0.000e+000 0.000e+000 0.000e+000
 9.130e+001 2.930e+000 2.400e+001 4.396e+000-3.815e+001 1.221e-001-1.232e+001-1.795e+002 1.061e+004-6.777e+000 9.062e+001-4.609e-001 1.747e+001 2.200e+000-2.032e+001-4.408e+001 2.601e+003-3.628e+001 1.915e+003
 9.250e+001 2.930e+000 0.000e+000 0.000e+000 0.000e+000 0.000e+000 0.000e+000 0.000e+000 0.000e+000 0.000e+000 0.000e+000 0.000e+000 0.000e+000 0.000e+000 0.000e+000 0.000e+000 0.000e+000 0.000e+000 0.000e+000
 9.380e+001 2.930e+000 2.400e+001 4.175e+000-3.826e+001-1.517e-001-1.077e+001-1.793e+002 1.044e+004 6.830e+000-5.853e+001 2.268e-002-2.171e+000 3.248e+000-2.430e+001-5.613e+001 2.973e+003-4.858e+001 1.946e+003
 9.500e+001 2.930e+000 0.000e+000 0.000e+000 0.000e+000 0.000e+000 0.000e+000 0.000e+000 0.000e+000 0.000e+000 0.000e+000 0.000e+000 0.000e+000 0.000e+000 0.000e+000 0.000e+000 0.000e+000 0.000e+000 0.000e+000
 9.630e+001 2.930e+000 2.400e+001 3.187e+000-2.189e+001-4.324e-001-9.251e+000-1.285e+002 7.650e+003 3.083e+001-3.689e+001 6.373e-001-3.053e+001 1.172e+000-1.949e+001-5.830e+001 3.121e+003-3.078e+001 1.853e+003
 9.750e+001 2.930e+000 0.000e+000 0.000e+000 0.000e+000 0.000e+000 0.000e+000 0.000e+000 0.000e+000 0.000e+000 0.000e+000 0.000e+000 0.000e+000 0.000e+000 0.000e+000 0.000e+000 0.000e+000 0.000e+000 0.000e+000
 9.880e+001 2.930e+000 0.000e+000 0.000e+000 0.000e+000 0.000e+000 0.000e+000 0.000e+000 0.000e+000 0.000e+000 0.000e+000 0.000e+000 0.000e+000 0.000e+000 0.000e+000 0.000e+000 0.000e+000 0.000e+000 0.000e+000
 1.000e+002 2.930e+000 5.100e+001 1.264e+001 3.738e+002-2.033e+000 1.583e+002-1.554e+002 1.725e+004-5.213e+001-6.542e+002 1.970e+000-1.107e+002 4.651e+000 5.983e+001-4.558e+001 6.958e+003-7.557e+001 4.161e+003
 1.130e+002 2.930e+000 7.800e+001 1.161e+001-1.664e+002-4.665e-001-2.762e+001-5.055e+002 2.973e+004-2.374e-001-3.178e+002-9.328e-001-3.574e+000 9.258e+000-9.557e+001-1.292e+002 7.916e+003-1.543e+002 6.074e+003
 1.250e+002 2.930e+000 6.900e+001 9.543e+000-1.249e+002-1.340e+000 1.066e+001-4.096e+002 2.327e+004 4.398e+001-1.270e+003-1.529e+000 3.794e+001 9.654e+000-1.274e+002-9.870e+001 5.851e+003-1.395e+002 5.583e+003
 1.380e+002 2.930e+000 9.900e+001 1.089e+001-1.178e+002-1.179e+000-3.753e+000-5.189e+002 3.012e+004 7.646e+001-1.297e+003-3.306e-001-1.838e+001 7.521e+000-1.004e+002-1.554e+002 9.365e+003-1.113e+002 5.617e+003
 1.500e+002 2.930e+000 8.400e+001 7.203e+000-2.110e+002-9.896e-001-6.654e+001-3.185e+002 2.753e+004 1.423e+002-8.407e+002 2.244e+000-7.962e+001 1.851e+000-6.036e+001-1.302e+002 1.045e+004-4.067e+001 4.323e+003
 1.630e+002 2.930e+000 8.700e+001 1.040e+001-1.454e+002-8.294e-001-9.733e+000-4.659e+002 2.735e+004 3.212e+001-7.995e+002-4.991e-001 1.810e+000 8.507e+000-9.378e+001-1.200e+002 7.275e+003-1.338e+002 5.192e+003
 1.750e+002 2.930e+000 8.400e+001 1.454e+001-1.892e+002-1.859e+000 3.377e+001-5.822e+002 3.045e+004 3.585e+001-1.716e+003-2.366e+000 4.577e+001 1.172e+001-1.419e+002-1.228e+002 6.899e+003-1.763e+002 6.497e+003
 1.880e+002 2.930e+000 1.050e+002 3.695e+001-4.541e+002 2.018e+000-2.338e+001-1.172e+003 5.036e+004 4.526e+000-2.750e+003-3.109e+000 6.026e+001 2.254e+001-2.391e+002-2.388e+002 1.093e+004-2.925e+002 9.728e+003
 2.000e+002 2.930e+000 9.300e+001 1.511e+003-2.603e+004 1.199e+002-1.018e+004-3.067e+004 1.089e+006 6.673e+003-2.567e+004 5.223e+002-1.254e+004 2.126e+002-2.707e+003-1.339e+004 4.514e+005-5.712e+003 1.953e+005
 2.130e+002 2.930e+000 9.600e+001 7.121e+001-1.255e+003 3.706e+000-5.201e+002-2.206e+003 9.865e+004 4.112e+002 1.191e+002 2.256e+001-7.700e+002 3.025e+001-3.893e+002-8.151e+002 3.794e+004-6.038e+002 2.166e+004
 2.250e+002 2.930e+000 1.200e+002 1.021e+002-1.733e+003-1.875e+001-4.863e+002-3.682e+003 1.677e+005 1.374e+003-1.075e+004 3.611e+001-1.064e+003 4.708e+001-8.582e+002-1.649e+003 7.126e+004-9.346e+002 4.076e+004
 2.380e+002 2.930e+000 9.600e+001 3.754e+002-6.114e+003-6.956e+001-1.951e+003-1.376e+004 6.103e+005 5.132e+003-3.256e+004 1.529e+002-4.539e+003 9.403e+001-2.216e+003-6.341e+003 2.684e+005-2.496e+003 1.255e+005
 2.500e+002 2.930e+000 9.600e+001 1.408e+004-2.171e+005-2.825e+003-7.612e+004-5.142e+005 2.219e+007 2.049e+005-1.101e+006 6.579e+003-1.975e+005 3.677e+003-8.652e+004-2.517e+005 1.041e+007-1.032e+005 4.947e+006
 2.630e+002 2.930e+000 9.600e+001 2.747e+002-3.671e+003-5.458e+001-1.082e+003-9.806e+003 4.035e+005 3.343e+003-2.014e+004 1.044e+002-3.061e+003 6.916e+001-1.483e+003-4.452e+003 1.758e+005-1.745e+003 8.303e+004
 2.750e+002 2.930e+000 1.200e+002 8.277e+001-9.307e+002-6.869e+000-3.520e+002-2.980e+003 1.215e+005 5.690e+002 5.769e+002 2.839e+001-1.015e+003 2.972e+001-4.566e+002-1.160e+003 4.784e+004-6.465e+002 2.531e+004
 2.880e+002 2.930e+000 9.600e+001 5.872e+001-4.655e+002-7.635e+000-2.114e+002-2.306e+003 9.656e+004 4.667e+002 1.832e+003 2.485e+001-9.934e+002 3.259e+001-4.452e+002-9.629e+002 4.079e+004-6.645e+002 2.333e+004
 3.000e+002 2.930e+000 9.600e+001 9.581e+002-1.021e+004-6.391e+001-4.921e+003-4.023e+004 1.804e+006 7.753e+003 2.716e+004 4.824e+002-1.970e+004 2.648e+002-3.778e+003-1.703e+004 7.701e+005-8.491e+003 3.338e+005
 3.130e+002 2.930e+000 9.300e+001 5.631e+001-7.115e+002 2.841e+000-2.109e+002-1.749e+003 7.373e+004 6.226e+001 1.247e+003 7.789e+000-4.796e+002 1.540e+001-1.680e+002-3.454e+002 2.414e+004-3.734e+002 1.775e+004
 3.250e+002 2.930e+000 1.170e+002 4.280e+001-4.928e+002-1.242e+000-2.510e+002-1.370e+003 5.313e+004 2.177e+002 1.876e+003 1.256e+001-4.522e+002 1.542e+001-2.359e+002-5.346e+002 2.207e+004-3.219e+002 1.317e+004
 3.380e+002 2.930e+000 9.600e+001 1.045e+002-7.896e+002-1.787e+001-3.937e+002-2.969e+003 9.447e+004 7.147e+002 5.036e+002 2.606e+001-6.149e+002 1.943e+001-4.516e+002-1.340e+003 4.188e+004-4.061e+002 2.277e+004
 3.500e+002 2.930e+000 9.600e+001 2.466e+003-1.515e+004-3.310e+002-1.265e+004-6.648e+004 1.902e+006 1.289e+004 1.665e+005 6.315e+002-1.513e+004 2.181e+002-7.263e+003-2.875e+004 8.555e+005-5.774e+003 4.050e+005
 3.630e+002 2.930e+000 9.600e+001 8.047e+001-5.399e+002-8.632e+000-4.298e+002-2.378e+003 7.876e+004 3.852e+002 7.216e+003 2.409e+001-7.274e+002 1.670e+001-3.280e+002-9.320e+002 3.164e+004-3.458e+002 1.640e+004
 3.750e+002 2.930e+000 1.200e+002 3.883e+001-3.344e+002-6.613e+000-1.253e+002-1.329e+003 5.156e+004 3.291e+002 1.796e+002 1.127e+001-4.051e+002 1.475e+001-2.406e+002-5.072e+002 2.002e+004-2.640e+002 1.075e+004
 3.880e+002 2.930e+000 9.600e+001 3.392e+001-3.023e+002-5.714e+000-4.758e+001-1.255e+003 5.088e+004 2.862e+002-1.964e+003 7.902e+000-2.779e+002 8.649e+000-1.473e+002-4.274e+002 1.723e+004-1.749e+002 7.673e+003
 4.000e+002 2.930e+000 9.600e+001 8.983e+001-5.286e+002-6.711e+000-1.277e+002-3.589e+003 1.506e+005 4.111e+002-1.491e+003 2.627e+001-1.074e+003 1.483e+001-1.993e+002-1.217e+003 5.138e+004-4.480e+002 1.956e+004
 4.130e+002 2.930e+000 1.200e+002 3.850e+001-4.668e+002-2.107e+000-2.177e+002-1.436e+003 6.092e+004 2.766e+002 1.896e+003 1.563e+001-6.031e+002 1.436e+001-2.113e+002-5.507e+002 2.427e+004-3.169e+002 1.192e+004
 4.250e+002 2.930e+000 9.600e+001 5.325e+001-6.104e+002-8.850e+000-1.845e+002-1.961e+003 8.031e+004 5.783e+002-2.428e+003 2.121e+001-7.051e+002 1.604e+001-2.831e+002-8.199e+002 3.301e+004-3.761e+002 1.542e+004
 4.380e+002 2.930e+000 9.600e+001 1.733e+002-2.157e+003-2.121e+001-6.874e+002-6.179e+003 2.482e+005 1.631e+003-7.668e+003 6.968e+001-2.244e+003 3.711e+001-6.687e+002-2.593e+003 1.017e+005-1.048e+003 4.383e+004
 4.500e+002 2.930e+000 9.600e+001 3.328e+003-4.178e+004-3.299e+002-1.651e+004-1.164e+005 4.600e+006 3.112e+004-7.433e+004 1.559e+003-5.043e+004 7.697e+002-1.296e+004-5.196e+004 2.026e+006-2.280e+004 8.958e+005
 4.630e+002 2.930e+000 1.200e+002 1.614e+002-1.858e+003-1.605e+001-6.715e+002-5.668e+003 2.222e+005 1.349e+003-3.378e+003 6.714e+001-2.213e+003 3.658e+001-6.022e+002-2.370e+003 9.201e+004-1.019e+003 4.047e+004
 4.750e+002 2.930e+000 9.600e+001 6.549e+001-6.649e+002-6.684e+000-2.534e+002-2.371e+003 9.345e+004 5.103e+002-6.567e+001 2.542e+001-8.754e+002 1.540e+001-2.504e+002-9.276e+002 3.670e+004-3.927e+002 1.567e+004
 4.880e+002 2.930e+000 9.600e+001 8.447e+001-8.451e+002-8.905e+000-2.738e+002-3.044e+003 1.188e+005 6.156e+002-1.289e+003 2.952e+001-9.966e+002 1.689e+001-2.788e+002-1.141e+003 4.431e+004-4.448e+002 1.817e+004
 5.000e+002 2.930e+000 9.600e+001 1.435e+002-1.470e+003-9.430e+000-6.274e+002-5.250e+003 2.082e+005 9.269e+002 2.799e+003 5.744e+001-2.046e+003 2.944e+001-4.471e+002-2.018e+003 8.109e+004-8.575e+002 3.349e+004
 5.130e+002 2.930e+000 1.200e+002 2.841e+002-2.833e+003-2.119e+001-1.148e+003-9.987e+003 3.856e+005 1.853e+003 5.437e+003 1.093e+002-3.789e+003 5.222e+001-8.442e+002-3.701e+003 1.486e+005-1.564e+003 6.322e+004
 5.250e+002 2.930e+000 9.600e+001 5.658e+002-5.692e+003-5.541e+001-2.206e+003-1.980e+004 7.512e+005 4.150e+003 2.370e+001 2.188e+002-7.127e+003 9.456e+001-1.668e+003-7.694e+003 2.923e+005-2.821e+003 1.152e+005
 5.380e+002 2.930e+000 9.600e+001 2.721e+003-2.719e+004-2.401e+002-1.059e+004-9.414e+004 3.530e+006 1.875e+004 2.080e+003 1.046e+003-3.379e+004 4.264e+002-7.329e+003-3.647e+004 1.368e+006-1.312e+004 5.312e+005
 5.500e+002 2.930e+000 9.600e+001 9.173e+004-9.111e+005-8.046e+003-3.631e+005-3.145e+006 1.169e+008 6.327e+005 2.438e+005 3.592e+004-1.152e+006 1.478e+004-2.500e+005-1.229e+006 4.575e+007-4.495e+005 1.790e+007
 5.630e+002 2.930e+000 1.200e+002 3.362e+003-3.300e+004-3.021e+002-1.272e+004-1.139e+005 4.188e+006 2.296e+004-3.831e+003 1.295e+003-4.097e+004 5.301e+002-8.935e+003-4.432e+004 1.628e+006-1.599e+004 6.341e+005
 5.750e+002 2.930e+000 9.600e+001 4.769e+002-4.658e+003-3.491e+001-1.870e+003-1.589e+004 5.753e+005 2.955e+003 3.132e+003 1.837e+002-5.790e+003 7.634e+001-1.201e+003-6.070e+003 2.208e+005-2.237e+003 8.563e+004
 5.880e+002 2.930e+000 9.600e+001 2.100e+002-2.011e+003-1.807e+001-8.218e+002-6.928e+003 2.482e+005 1.401e+003 1.212e+003 8.449e+001-2.625e+003 3.823e+001-5.959e+002-2.721e+003 9.788e+004-1.058e+003 3.940e+004
 6.000e+002 2.930e+000 1.200e+002 1.814e+002-1.650e+003-1.816e+001-5.777e+002-5.777e+003 2.028e+005 1.207e+003-1.675e+003 6.805e+001-2.016e+003 3.060e+001-4.811e+002-2.208e+003 7.723e+004-8.155e+002 3.055e+004
 6.130e+002 2.930e+000 9.600e+001 8.194e+001-8.028e+002-6.391e+000-2.618e+002-2.597e+003 9.106e+004 4.816e+002-1.036e+003 2.786e+001-8.326e+002 1.249e+001-1.973e+002-9.514e+002 3.332e+004-3.378e+002 1.307e+004
 6.250e+002 2.930e+000 9.600e+001 5.605e+001-5.507e+002-3.087e+000-2.366e+002-1.769e+003 6.182e+004 3.147e+002 7.972e+002 2.178e+001-6.605e+002 1.056e+001-1.529e+002-6.728e+002 2.393e+004-2.703e+002 9.900e+003
 6.380e+002 2.930e+000 9.600e+001 6.941e+001-7.944e+002-1.423e+000-4.643e+002-2.112e+003 7.421e+004 3.869e+002 4.429e+003 2.977e+001-9.070e+002 1.579e+001-2.525e+002-8.455e+002 3.179e+004-4.028e+002 1.514e+004
 6.500e+002 2.930e+000 1.200e+002 2.701e+003-3.348e+004 1.355e+002-2.580e+004-8.084e+004 2.839e+006 1.177e+004 3.580e+005 1.273e+003-3.982e+004 6.128e+002-1.056e+004-3.340e+004 1.322e+006-1.713e+004 6.634e+005
 6.630e+002 2.930e+000 9.600e+001 8.005e+001-8.434e+002-1.073e-002-4.902e+002-2.423e+003 8.262e+004 3.298e+002 5.248e+003 3.055e+001-9.337e+002 1.383e+001-2.195e+002-9.061e+002 3.302e+004-3.784e+002 1.445e+004
 6.750e+002 2.930e+000 9.600e+001 4.309e+001-4.159e+002 4.800e-001-2.411e+002-1.311e+003 4.420e+004 1.473e+002 2.864e+003 1.686e+001-5.238e+002 8.482e+000-1.132e+002-4.689e+002 1.678e+004-2.093e+002 7.195e+003
 6.880e+002 2.930e+000 9.600e+001 2.638e+001-2.581e+002-1.685e+000-1.357e+002-7.847e+002 2.616e+004 1.573e+002 1.047e+003 1.111e+001-3.217e+002 6.681e+000-1.010e+002-3.132e+002 1.082e+004-1.488e+002 5.170e+003
 7.000e+002 2.930e+000 1.200e+002 7.198e+001-8.863e+002-5.821e+000-3.459e+002-2.124e+003 7.443e+004 4.678e+002 5.095e+002 2.398e+001-6.452e+002 1.045e+001-2.068e+002-7.949e+002 2.820e+004-2.635e+002 1.144e+004
 7.130e+002 2.930e+000 9.600e+001 1.758e+001-1.678e+002-4.509e-001-6.430e+001-5.159e+002 1.708e+004 6.408e+001 2.468e+002 5.334e+000-1.562e+002 2.808e+000-3.896e+001-1.749e+002 5.959e+003-6.697e+001 2.542e+003
 7.250e+002 2.930e+000 9.600e+001 2.034e+001-1.779e+002-3.101e-002-4.176e+001-4.799e+002 1.490e+004 2.841e+001 1.289e+003 3.664e+000-1.449e+002 3.978e+000-4.719e+001-5.515e+001 4.192e+003-1.055e+002 4.410e+003
 7.380e+002 2.930e+000 9.600e+001 1.194e+001-1.014e+002-1.043e+000-4.765e+001-3.344e+002 1.043e+004 6.492e+001 3.176e+002 4.529e+000-1.210e+002 3.039e+000-4.337e+001-1.282e+002 4.081e+003-5.908e+001 2.024e+003
 7.500e+002 2.930e+000 1.440e+002 4.061e+001-1.697e+002-2.109e-001-3.439e+002-1.006e+003 2.795e+004 5.801e+001 5.985e+003 1.928e+001-4.467e+002 1.274e+001-2.555e+002-2.860e+002 7.779e+003-1.406e+002 8.194e+003
 7.630e+002 2.930e+000 9.600e+001 1.086e+001-8.826e+001-9.288e-002-2.640e+001-3.079e+002 9.653e+003 2.487e+001 3.430e+001 2.898e+000-8.222e+001 1.680e+000-1.970e+001-8.860e+001 2.782e+003-3.340e+001 1.131e+003
 7.750e+002 2.930e+000 9.600e+001 9.021e+000-7.830e+001 1.205e-001-3.544e+001-2.569e+002 8.204e+003 2.030e+001 3.728e+002 3.144e+000-9.389e+001 2.146e+000-2.358e+001-8.162e+001 2.697e+003-4.210e+001 1.253e+003
 7.880e+002 2.930e+000 1.200e+002 1.032e+001-8.732e+001-1.198e+000-2.425e+001-2.807e+002 8.629e+003 5.590e+001-1.417e+002 3.503e+000-8.866e+001 2.559e+000-3.412e+001-1.084e+002 3.209e+003-4.885e+001 1.607e+003
 8.000e+002 2.930e+000 1.170e+002 1.115e+001-1.124e+002-2.506e-001-3.325e+001-3.030e+002 1.049e+004 3.459e+001 1.563e-001 3.204e+000-9.528e+001 1.864e+000-2.180e+001-1.033e+002 3.608e+003-4.275e+001 1.577e+003
 8.130e+002 2.930e+000 9.000e+001 9.908e+000-1.200e+002-3.341e-001-1.846e+001-2.399e+002 7.992e+003 3.204e+001-6.272e+002 2.535e+000-5.278e+001 1.410e+000-1.651e+001-8.767e+001 2.295e+003-3.055e+001 1.150e+003
 8.250e+002 2.930e+000 9.300e+001 6.097e+000-4.942e+001 1.246e-001-2.316e+001-1.792e+002 6.055e+003 7.488e+000 3.198e+002 2.098e+000-6.531e+001 1.445e+000-1.298e+001-5.793e+001 2.008e+003-2.991e+001 9.131e+002
 8.380e+002 2.930e+000 1.350e+002 1.125e+001-1.229e+002 3.150e-002-6.093e+001-3.780e+002 1.611e+004 7.548e+000 1.517e+003 3.826e+000-1.498e+002 2.984e+000-3.178e+001-1.240e+002 5.359e+003-7.164e+001 2.521e+003
 8.500e+002 2.930e+000 9.300e+001 3.168e+002-4.717e+003 1.241e+002-5.445e+003-1.812e+004 1.138e+006-5.080e+003 2.465e+005 1.614e+002-1.140e+004 1.399e+002-7.379e+002-5.251e+003 3.916e+005-5.097e+003 1.906e+005
 8.630e+002 2.930e+000 9.000e+001 6.303e+000-6.260e+001 2.547e-001-2.273e+001-1.857e+002 6.538e+003 1.521e+000 2.994e+002 1.595e+000-5.110e+001 9.922e-001-8.768e+000-4.941e+001 1.751e+003-2.012e+001 6.642e+002
 8.750e+002 2.930e+000 9.600e+001 7.035e+000-6.096e+001-1.769e-002-2.280e+001-2.063e+002 7.004e+003 1.084e+001 3.309e+002 2.097e+000-6.542e+001 1.504e+000-1.603e+001-6.006e+001 2.051e+003-3.074e+001 9.539e+002
 8.880e+002 2.930e+000 1.380e+002 1.031e+001-9.270e+001-7.711e-001-2.022e+001-2.640e+002 8.338e+003 3.681e+001 1.992e+000 2.692e+000-6.659e+001 1.547e+000-2.099e+001-8.088e+001 2.492e+003-3.007e+001 1.126e+003
 9.000e+002 2.930e+000 8.400e+001 5.678e+001-3.889e+002 4.483e-001 1.470e+001-1.070e+003 2.592e+004 6.744e+001-9.898e+002 1.308e+001-2.563e+002 3.944e+000-2.584e+000-2.035e+002 4.922e+003-6.070e+001 1.643e+003
 9.130e+002 2.930e+000 8.700e+001 1.546e+002-2.688e+003-1.261e+001-1.886e+002-3.160e+003 1.138e+005 8.653e+002-1.191e+004 3.809e+001-5.841e+002 1.367e+001-1.394e+002-9.714e+002 2.364e+004-2.813e+002 7.591e+003
 9.250e+002 2.930e+000 9.600e+001 1.371e+001-1.266e+002-1.130e+000 1.244e+001-2.897e+002 9.209e+003 3.074e+001-1.379e+002 2.092e+000-6.969e+001 2.429e+000-2.044e+001-4.590e+001 2.119e+003-6.167e+001 2.237e+003
 9.380e+002 2.930e+000 1.380e+002 1.780e+001-2.066e+002-1.652e+000 3.467e-001-4.544e+002 1.547e+004 5.599e+001-7.654e+002 2.481e+000-5.993e+001 1.956e+000-2.334e+001-1.067e+002 3.402e+003-4.632e+001 1.846e+003
 9.500e+002 2.930e+000 9.600e+001 1.178e+003-1.789e+004-8.520e+001-1.812e+001-3.134e+004 1.118e+006 3.479e+003-9.851e+004 9.309e+001-1.174e+003 1.866e+001-5.007e+002-6.808e+003 1.816e+005-6.314e+002 4.145e+004
 9.630e+002 2.930e+000 9.600e+001 6.706e+000-6.161e+001-4.705e-001-3.870e+000-1.722e+002 5.363e+003 1.330e+001-1.400e+002 1.128e+000-2.757e+001 9.517e-001-9.803e+000-4.421e+001 1.190e+003-1.727e+001 5.438e+002
 9.750e+002 2.930e+000 1.110e+002 6.888e+000-5.121e+001-8.497e-001-3.156e+000-1.770e+002 5.474e+003 2.525e+001-9.340e+001 1.810e+000-4.645e+001 1.451e+000-1.524e+001-5.807e+001 1.653e+003-2.971e+001 8.893e+002
 9.880e+002 2.930e+000 1.170e+002 7.313e+000-9.062e+001-1.193e+000 6.438e+000-1.699e+002 5.841e+003 1.493e+001-1.000e+002 5.650e-001-1.273e+001 2.039e+000-2.094e+001-3.959e+001 1.093e+003-3.928e+001 1.153e+003
 1.000e+003 2.930e+000 5.610e+002 6.838e+001-9.321e+002-8.712e+000 1.587e+002-1.628e+003 5.951e+004 1.271e+002-1.067e+004 1.101e+000 5.295e+001 8.719e+000-1.137e+002-4.946e+002 1.020e+004-1.154e+002 7.052e+003
 1.130e+003 2.930e+000 1.038e+003 1.034e+003-1.030e+004-3.893e+001 7.451e+002-2.321e+004 7.239e+005 2.794e+003-8.567e+004 2.041e+002-3.495e+003 5.221e+001-9.920e+001-7.720e+003 2.170e+005-1.230e+003 9.044e+004
 1.250e+003 2.930e+000 8.670e+002 3.272e+002-6.714e+003-3.142e+001 6.001e+002-8.578e+003 4.165e+005 1.492e+003-8.800e+004 3.208e+001 3.998e+002 2.262e+001-3.569e+002-2.838e+003 7.113e+004-3.602e+002 3.905e+004
 1.380e+003 2.930e+000 9.450e+002 8.437e+002-7.400e+003-1.599e+001-1.282e+003-1.623e+004 3.991e+005 1.757e+003-5.783e+003 1.949e+002-3.538e+003 5.136e+001-3.413e+002-3.219e+003 7.761e+004-6.984e+002 1.842e+004
 1.500e+003 2.930e+000 4.500e+001 1.019e+001-1.644e+001 7.853e-001-2.029e+001-3.490e+002 1.343e+004-3.141e+001 6.858e+002 2.120e+000-7.034e+001 7.094e-001 6.339e+000-1.237e+002 4.885e+003-2.946e+001 2.030e+003
 1.630e+003 2.930e+000 6.000e+001 7.187e+000-6.092e+001 7.735e-001-5.362e+001-3.147e+002 1.518e+004-3.495e+001 1.493e+003 6.573e-001-3.601e+001 4.259e-001 1.034e+001-1.320e+002 6.797e+003-2.522e+001 3.492e+003
 1.750e+003 2.930e+000 4.800e+001 4.352e+001-5.551e+002 7.180e+000-5.590e+002-1.952e+003 9.600e+004-2.882e+002 1.578e+004 3.758e+000-2.517e+002 2.061e+000 8.353e+001-7.686e+002 4.227e+004-1.673e+002 2.164e+004
 1.880e+003 2.930e+000 7.200e+001 4.341e+001-3.075e+002 8.794e+000-3.601e+002-2.010e+003 9.816e+004-4.113e+002 1.227e+004 5.799e+000-3.368e+002 4.943e+000 1.282e+002-8.917e+002 4.569e+004-2.537e+002 2.509e+004
 2.000e+003 2.930e+000 6.900e+001 4.228e+001-4.787e+002-3.201e+000-5.354e+001-1.645e+003 8.222e+004-4.434e+002 1.208e+004-7.382e+000 9.692e+001 2.684e+001-1.630e+002-5.897e+002 2.936e+004-6.801e+002 3.550e+004
 2.130e+003 2.930e+000 4.200e+001 8.863e+000-1.079e+002 1.249e+000-9.387e+001-4.297e+002 2.346e+004-7.461e+001 3.079e+003 3.493e-001-3.380e+001 8.770e-001 2.319e+001-1.749e+002 1.023e+004-3.747e+001 5.375e+003
 2.250e+003 2.930e+000 6.300e+001 2.312e+000-1.524e+001 9.407e-002-6.278e+000-8.493e+001 3.832e+003-1.214e+001 3.684e+002 1.410e-001-7.182e+000 4.939e-001 2.556e-001-3.543e+001 1.628e+003-1.515e+001 1.176e+003
 2.380e+003 2.930e+000 6.900e+001 1.525e+001-1.705e+002 1.458e+000-1.786e+002-6.824e+002 3.486e+004-6.204e+001 4.951e+003 1.208e+000-5.153e+001 5.957e-001 1.843e+001-2.955e+002 1.627e+004-3.637e+001 8.419e+003
 2.500e+003 2.930e+000 3.900e+001 1.100e+000-1.655e+001 2.411e-002-1.322e+001-5.097e+001 3.018e+003-1.482e+000 3.682e+002 5.845e-002-1.140e+000 7.321e-002 2.845e-001-2.218e+001 1.440e+003-1.984e+000 7.929e+002
 2.630e+003 2.930e+000 6.900e+001 3.663e+000-1.542e+001 4.079e-001-2.048e+001-1.204e+002 4.351e+003-1.337e+001 5.609e+002 5.016e-001-1.710e+001 2.521e-001 3.656e+000-5.428e+001 2.011e+003-1.241e+001 1.109e+003
 2.750e+003 2.930e+000 3.600e+001 5.766e-001-2.253e+000 3.568e-002-2.586e+000-1.651e+001 5.808e+002-1.656e+000 8.067e+001 7.903e-002-1.989e+000 6.782e-002 3.236e-001-7.455e+000 2.549e+002-2.265e+000 1.585e+002
 2.880e+003 2.930e+000 4.200e+001 1.015e+000-7.909e+000 3.607e-002-7.112e+000-3.250e+001 1.168e+003-3.934e-001 1.440e+002 1.447e-001-5.028e+000 7.372e-002-6.659e-001-1.277e+001 4.895e+002-3.083e+000 2.586e+002
 3.000e+003 2.930e+000 6.600e+001 6.767e+000-4.639e+001-2.968e-002-4.993e+001-1.766e+002 5.468e+003 1.249e+001 6.370e+002 2.159e+000-5.143e+001 8.592e-001-1.683e+001-9.122e+001 2.906e+003-2.931e+001 1.748e+003
 3.130e+003 2.930e+000 5.700e+001 8.618e-001-1.442e+000 4.434e-002-4.965e+000-2.507e+001 8.622e+002-1.763e+000 1.598e+002 1.810e-001-6.013e+000 1.077e-001-2.533e-001-1.302e+001 4.794e+002-4.904e+000 3.427e+002
 3.250e+003 2.930e+000 4.800e+001 3.000e+000-2.424e+000 1.602e-001-1.615e+001-8.467e+001 2.553e+003-5.733e+000 4.813e+002 1.256e+000-3.363e+001 6.758e-001-3.116e+000-5.612e+001 1.634e+003-2.644e+001 1.219e+003
 3.380e+003 2.930e+000 6.000e+001 1.595e+000-1.590e+001 1.687e-001-1.878e+001-6.760e+001 3.354e+003-8.503e+000 5.994e+002 2.354e-002 6.180e-001 1.725e-001 3.102e+000-2.676e+001 1.438e+003-3.689e+000 7.909e+002
 3.500e+003 2.930e+000 7.200e+001 2.492e+001-8.425e+000 6.251e+000-2.133e+002-9.569e+002 3.700e+004-2.410e+002 8.157e+003 4.120e+000-1.602e+002 2.338e+000 8.959e+001-4.924e+002 1.913e+004-1.372e+002 1.175e+004
 3.630e+003 2.930e+000 4.800e+001 7.754e+000-2.879e+001 1.394e+000-5.378e+001-2.452e+002 8.099e+003-3.986e+001 1.365e+003 1.628e+000-5.559e+001 6.981e-001 1.166e+001-1.205e+002 4.131e+003-3.700e+001 2.405e+003
 3.750e+003 2.930e+000 7.200e+001 3.742e+000-1.619e+001 6.791e-001-2.683e+001-1.236e+002 4.484e+003-2.247e+001 8.371e+002 6.414e-001-2.382e+001 3.305e-001 7.124e+000-5.480e+001 2.134e+003-1.701e+001 1.278e+003
 3.880e+003 2.930e+000 7.200e+001 1.589e+001-1.249e+002 2.072e+000-1.285e+002-5.100e+002 1.856e+004-6.546e+001 3.526e+003 1.711e+000-7.326e+001 6.874e-001 1.720e+001-1.821e+002 7.737e+003-4.811e+001 4.401e+003
 4.000e+003 2.930e+000 4.800e+001 5.444e+001-6.515e+002 5.673e-001-1.600e+002-1.121e+003 3.186e+004 9.066e+000 4.138e+003 2.772e+000-6.527e+001 5.370e-001-3.156e+000 1.059e+001 2.370e+003-1.540e+001 1.601e+003
 4.130e+003 2.930e+000 7.200e+001 9.237e+000-7.307e+001 9.194e-001-6.734e+001-2.755e+002 9.609e+003-2.821e+001 1.851e+003 1.152e+000-4.276e+001 4.664e-001 7.638e+000-9.931e+001 4.132e+003-2.973e+001 2.641e+003
 4.250e+003 2.930e+000 6.900e+001 3.545e+000-1.026e+001 9.626e-001-3.209e+001-1.327e+002 5.564e+003-4.202e+001 1.336e+003 5.481e-001-2.118e+001 5.328e-001 1.549e+001-5.781e+001 2.560e+003-2.189e+001 1.610e+003
 4.380e+003 2.930e+000 4.500e+001 9.822e-001-5.815e+000 1.041e-001-5.036e+000-2.647e+001 8.425e+002-3.006e+000 1.254e+002 1.728e-001-5.938e+000 1.140e-001 7.407e-001-1.158e+001 4.104e+002-4.490e+000 2.679e+002
 4.500e+003 2.930e+000 6.600e+001 2.471e+000-3.941e+000 4.073e-001-1.176e+001-7.160e+001 2.432e+003-1.598e+001 5.066e+002 5.713e-001-1.623e+001 3.457e-001 6.753e+000-3.675e+001 1.276e+003-1.418e+001 8.818e+002
 4.630e+003 2.930e+000 6.900e+001 1.263e+000-8.967e+000 1.120e-001-8.312e+000-3.595e+001 1.182e+003-3.064e+000 1.919e+002 2.092e-001-7.502e+000 1.612e-001 3.256e-001-1.427e+001 5.254e+002-5.847e+000 3.258e+002
 4.750e+003 2.930e+000 4.500e+001 7.296e-001-3.336e+000 9.663e-002-3.590e+000-1.875e+001 5.702e+002-3.313e+000 1.062e+002 1.180e-001-3.730e+000 1.156e-001 9.649e-001-7.868e+000 2.654e+002-3.667e+000 1.858e+002
 4.880e+003 2.930e+000 6.000e+001 1.728e+000-1.555e+001 3.598e-002-8.658e+000-4.155e+001 1.193e+003 9.642e-001 8.571e+001 2.716e-001-7.360e+000 1.308e-001-6.769e-001-1.619e+001 5.091e+002-4.591e+000 2.694e+002
 5.000e+003 2.930e+000 6.300e+001 7.246e-001-6.149e+000-9.138e-003-1.932e+000-1.502e+001 4.204e+002 3.327e-001 2.563e+001 9.714e-002-2.379e+000 1.205e-001-1.773e-001-4.366e+000 1.409e+002-2.514e+000 9.159e+001
 5.130e+003 2.930e+000 4.500e+001 5.351e-001-4.787e+000 1.378e-001-4.684e+000-1.420e+001 4.609e+002-4.141e+000 1.149e+002 3.886e-002-2.673e+000 1.239e-001 9.086e-001-3.347e+000 1.542e+002-3.107e+000 1.077e+002
 5.250e+003 2.930e+000 5.700e+001 5.224e-001-5.158e+000-9.386e-003-2.242e+000-1.094e+001 3.231e+002 2.524e-001 3.461e+001 5.172e-002-1.803e+000 1.246e-001-5.040e-001-2.633e+000 1.069e+002-2.351e+000 7.982e+001
 5.380e+003 2.930e+000 6.600e+001 6.551e-001-7.914e+000 9.433e-003-4.185e+000-1.487e+001 4.951e+002 1.259e-001 7.980e+001 7.236e-002-2.632e+000 1.559e-001-6.534e-001-3.406e+000 1.796e+002-3.168e+000 1.363e+002
 5.500e+003 2.930e+000 4.800e+001 5.803e-001-5.010e+000-1.495e-002-1.272e+000-1.166e+001 3.046e+002 1.073e-001 1.728e+001 6.479e-002-1.393e+000 1.228e-001-4.326e-001-2.790e+000 8.222e+001-2.239e+000 7.106e+001
 5.630e+003 2.930e+000 7.200e+001 1.249e+000-9.826e+000-1.015e-001-3.282e+000-2.740e+001 7.363e+002 4.260e+000-1.961e+000 3.656e-001-8.443e+000 3.369e-001-2.494e+000-1.415e+001 3.901e+002-8.149e+000 3.090e+002
 5.750e+003 2.930e+000 6.900e+001 9.289e-001-7.411e+000-1.580e-002-3.416e+000-1.781e+001 4.541e+002 3.413e-001 6.272e+001 1.960e-001-4.352e+000 2.863e-001-1.457e+000-5.367e+000 1.570e+002-5.561e+000 1.647e+002
 5.880e+003 2.930e+000 4.800e+001 1.435e+000-1.377e+001 7.710e-002-6.133e+000-3.066e+001 8.325e+002-1.764e+000 1.094e+002 1.210e-001-3.458e+000 1.666e-001-3.923e-002-5.847e+000 2.049e+002-3.456e+000 1.325e+002
 6.000e+003 2.930e+000 6.900e+001 5.210e+001-3.832e+002-2.536e+001 7.161e+001-1.010e+003 2.246e+004 7.623e+002-8.822e+003 3.743e+001-5.441e+002 4.180e+001-4.789e+002-1.034e+003 1.963e+004-8.354e+002 2.252e+004
 6.130e+003 2.930e+000 6.300e+001 2.222e+000-2.048e+001-6.563e-002-1.199e+000-4.188e+001 1.048e+003-4.852e-002 3.502e+001 6.793e-002-1.279e+000 3.060e-001 2.793e-001-5.053e+000 1.491e+002-6.240e+000 1.889e+002
 6.250e+003 2.930e+000 4.800e+001 2.788e-001-2.120e+000-6.452e-002-3.520e-001-5.264e+000 1.665e+002 1.280e+000 8.971e+000 1.043e-001-2.095e+000 2.896e-001-1.335e+000-2.980e+000 8.615e+001-5.182e+000 1.280e+002
 6.380e+003 2.930e+000 5.100e+001 4.270e-001-2.501e+000 8.470e-002-3.515e+000-9.761e+000 3.038e+002-1.457e+000 7.622e+001 1.659e-001-5.382e+000 3.126e-001-3.731e-001-5.576e+000 1.895e+002-6.290e+000 1.929e+002
 6.500e+003 2.930e+000 5.400e+001 3.458e-001-2.027e+000 7.461e-002-2.267e+000-7.501e+000 2.189e+002-1.017e+000 4.156e+001 1.082e-001-3.616e+000 2.566e-001-1.422e-001-3.521e+000 1.180e+002-4.231e+000 1.084e+002
 6.630e+003 2.930e+000 4.200e+001 3.430e-001-1.931e+000-2.728e-002-1.648e+000-7.819e+000 2.433e+002 8.539e-001 5.196e+001 1.547e-001-5.251e+000 2.873e-001-1.966e+000-4.731e+000 1.558e+002-5.615e+000 1.774e+002
 6.750e+003 2.930e+000 4.500e+001 4.051e-001-1.192e+000 1.603e-002-1.145e+000-8.415e+000 2.267e+002-4.083e-001 4.389e+001 1.560e-001-4.954e+000 3.087e-001-1.005e+000-5.123e+000 1.575e+002-5.837e+000 1.772e+002
 6.880e+003 2.930e+000 6.900e+001 5.230e-001-3.493e+000 2.373e-002-2.793e+000-1.099e+001 3.024e+002 1.257e+000 2.750e+001 2.310e-001-7.002e+000 4.813e-001-1.941e+000-6.168e+000 1.954e+002-7.786e+000 1.835e+002
 7.000e+003 2.930e+000 4.200e+001 3.684e-001-1.920e+000 8.629e-002-2.710e+000-7.805e+000 2.138e+002-5.796e-001 3.886e+001 1.317e-001-5.165e+000 2.925e-001-7.851e-001-3.986e+000 1.362e+002-5.352e+000 1.267e+002
 7.130e+003 2.930e+000 6.900e+001 4.673e-001-4.362e+000 2.309e-001-5.133e+000-8.466e+000 2.561e+002-1.542e+000 5.600e+001 1.562e-001-8.941e+000 6.748e-001-1.176e+000-3.865e+000 1.924e+002-1.068e+001 2.087e+002
 7.250e+003 2.930e+000 5.700e+001 4.303e-001-5.011e+000 3.158e-001-6.292e+000-7.782e+000 2.465e+002-2.956e+000 7.456e+001 1.706e-001-1.024e+001 7.626e-001-9.893e-001-3.120e+000 1.890e+002-1.225e+001 2.195e+002
 7.380e+003 2.930e+000 4.500e+001 3.180e-001-3.794e+000 2.902e-001-4.993e+000-4.965e+000 1.838e+002-9.569e-001 4.216e+001 1.577e-001-1.093e+001 9.632e-001-2.066e+000-2.399e+000 1.816e+002-1.480e+001 2.501e+002
 7.500e+003 2.930e+000 6.600e+001 4.630e-001-7.744e+000 5.683e-001-9.804e+000-8.147e+000 4.186e+002-4.029e+000 1.240e+002 1.423e-001-2.082e+001 1.808e+000-3.536e+000-2.056e+000 3.522e+002-2.647e+001 4.333e+002
 7.630e+003 2.930e+000 7.200e+001 9.007e-001-1.599e+001 1.168e+000-2.006e+001-1.564e+001 7.699e+002-4.393e+000 1.984e+002 5.256e-001-4.830e+001 3.961e+000-8.777e+000-6.888e+000 7.541e+002-5.772e+001 9.093e+002
 7.750e+003 2.930e+000 4.800e+001 1.219e+000-2.340e+001 1.705e+000-2.783e+001-2.120e+001 1.068e+003-6.196e+000 2.475e+002 7.112e-001-6.727e+001 5.516e+000-1.240e+001-8.546e+000 1.044e+003-8.254e+001 1.290e+003
 7.880e+003 2.930e+000 7.200e+001 1.761e+001-2.387e+002 1.275e+001-2.131e+002-3.275e+002 1.120e+004-3.575e+001 1.797e+003 7.503e+000-5.096e+002 3.912e+001-9.808e+001-9.485e+001 7.800e+003-5.802e+002 8.919e+003
 8.000e+003 2.930e+000 7.200e+001 8.325e+001-2.162e+003 1.705e+002-2.764e+003-1.539e+003 9.357e+004-2.221e+002 2.081e+004 9.517e+001-7.119e+003 5.797e+002-1.419e+003-1.012e+003 1.051e+005-8.561e+003 1.301e+005
 8.130e+003 2.930e+000 4.800e+001 3.733e+000-6.460e+001 5.266e+000-7.723e+001-4.694e+001 2.203e+003-3.524e+001 8.212e+002 4.123e-001-1.472e+002 1.434e+001-3.081e+001 2.444e+000 2.096e+003-2.042e+002 3.010e+003
 8.250e+003 2.930e+000 7.200e+001 1.926e+000-3.585e+001 3.110e+000-4.724e+001-2.344e+001 1.275e+003-1.088e+001 4.328e+002 7.049e-001-9.428e+001 8.691e+000-2.618e+001-4.273e+000 1.398e+003-1.250e+002 1.937e+003
 8.380e+003 2.930e+000 7.200e+001 8.418e-001-8.981e+000 6.989e-001-1.037e+001-1.150e+001 4.469e+002-6.599e-001 8.114e+001 2.646e-001-2.844e+001 2.736e+000-7.101e+000-4.163e+000 4.337e+002-3.689e+001 5.602e+002
 8.500e+003 2.930e+000 4.200e+001 3.904e-001-4.148e+000 2.732e-001-5.606e+000-6.627e+000 2.082e+002 2.161e-001 5.381e+001 2.315e-001-1.089e+001 1.069e+000-3.885e+000-2.866e+000 1.692e+002-1.365e+001 2.081e+002
 8.630e+003 2.930e+000 6.900e+001 6.516e-001-7.558e+000 5.953e-001-9.450e+000-9.539e+000 3.251e+002-3.335e+000 9.125e+001 2.087e-001-1.710e+001 1.683e+000-3.534e+000-3.914e+000 2.795e+002-2.231e+001 3.542e+002
 8.750e+003 2.930e+000 6.000e+001 6.442e-001-4.359e+000 1.908e-001-4.797e+000-1.030e+001 2.522e+002 4.386e-001 4.439e+001 2.335e-001-9.643e+000 8.439e-001-3.403e+000-4.836e+000 1.783e+002-1.072e+001 1.839e+002
 8.880e+003 2.930e+000 4.200e+001 2.607e-001-1.913e+000 9.759e-002-2.477e+000-3.657e+000 8.791e+001-2.081e-002 2.110e+001 8.068e-002-3.276e+000 4.453e-001-1.079e+000-1.815e+000 6.936e+001-5.721e+000 1.018e+002
 9.000e+003 2.930e+000 6.300e+001 8.065e-001-5.830e+000 2.924e-001-8.682e+000-1.378e+001 3.172e+002-1.293e+000 9.526e+001 3.198e-001-9.373e+000 8.076e-001-2.835e+000-6.562e+000 2.094e+002-1.162e+001 2.290e+002
 9.130e+003 2.930e+000 5.400e+001 6.071e-001-4.213e+000 1.288e-001-4.428e+000-9.129e+000 1.925e+002 2.044e-001 3.128e+001 2.980e-001-7.072e+000 5.088e-001-1.766e+000-6.081e+000 1.580e+002-7.861e+000 1.684e+002
 9.250e+003 2.930e+000 3.600e+001 5.800e-001-3.948e+000 1.350e-001-5.353e+000-8.524e+000 1.661e+002-4.234e-001 4.878e+001 2.316e-001-5.102e+000 3.121e-001-1.462e+000-4.916e+000 1.235e+002-5.240e+000 1.247e+002
 9.380e+003 2.930e+000 5.700e+001 6.728e-001-4.469e+000 1.644e-001-5.049e+000-8.445e+000 1.551e+002-2.922e-001 3.315e+001 2.481e-001-5.504e+000 4.530e-001-1.643e+000-5.329e+000 1.220e+002-6.909e+000 1.457e+002
 9.500e+003 2.930e+000 6.300e+001 9.645e-001-6.847e+000 1.155e-001-7.094e+000-1.315e+001 2.557e+002 4.599e-001 4.718e+001 2.761e-001-5.868e+000 4.022e-001-1.931e+000-7.922e+000 1.800e+002-6.301e+000 1.720e+002
 9.630e+003 2.930e+000 3.600e+001 5.071e-001-3.455e+000-2.504e-002-2.651e+000-5.973e+000 1.066e+002 1.439e+000 3.507e+000 1.785e-001-2.403e+000 2.849e-001-1.890e+000-4.264e+000 7.668e+001-3.478e+000 8.355e+001
 9.750e+003 2.930e+000 5.100e+001 8.027e-001-4.822e+000 5.003e-002-5.221e+000-9.614e+000 1.637e+002 8.615e-001 3.228e+001 2.700e-001-3.831e+000 5.712e-001-4.162e+000-5.611e+000 1.083e+002-7.457e+000 1.676e+002
 9.880e+003 2.930e+000 6.600e+001 1.500e+000-9.485e+000 3.780e-001-1.433e+001-2.382e+001 4.937e+002-4.091e+000 1.914e+002 7.915e-001-1.788e+001 1.989e+000-1.525e+001-1.360e+001 3.322e+002-2.771e+001 5.732e+002
 1.000e+004 2.930e+000 3.360e+002 1.304e+001-6.497e+001 1.296e+000-8.146e+001-2.063e+002 4.042e+003-4.218e+001 1.598e+003 6.049e+000-1.292e+002 2.251e+001-1.795e+002-1.043e+002 2.025e+003-2.972e+002 5.692e+003
 1.130e+004 2.930e+000 5.310e+002 1.566e+001-8.472e+001 3.715e-001-2.781e+001-2.503e+002 4.673e+003 1.131e+001-6.610e+000 2.856e+000-4.752e+001 2.238e+000-1.204e+001-7.490e+001 1.418e+003-3.321e+001 9.190e+002
 1.250e+004 2.930e+000 3.540e+002 6.161e+000-4.070e+001 2.803e-001-3.206e+001-6.553e+001 1.079e+003 4.655e-001 2.267e+002 1.781e+000-2.652e+001 4.060e+000-3.279e+001-3.765e+001 6.536e+002-4.918e+001 1.063e+003
 1.380e+004 2.930e+000 2.850e+002 1.219e+000-7.251e+000 4.096e-001-7.880e+000-1.198e+001 2.821e+002-1.840e+001 1.864e+002 3.250e-001-8.883e+000 4.981e+000-3.642e+001-4.984e+000 1.542e+001-3.477e+001 6.116e+002
 1.500e+004 2.930e+000 2.910e+002 1.934e+000-1.099e+001 3.539e-001-1.344e+001-2.222e+001 3.759e+002 5.363e-001 8.775e+001 8.448e-001-1.196e+001 1.108e+000-5.894e+000-1.423e+001 2.652e+002-1.383e+001 2.895e+002
 1.630e+004 2.930e+000 4.500e+002 1.923e+000-1.830e+001-3.810e+000 3.060e+001-1.684e+001 5.133e+002 4.326e+001-7.733e+002 2.130e+000 7.187e+001 4.386e+001-1.790e+002-4.148e+001-5.134e+002-4.368e+002 5.267e+003
 1.750e+004 2.930e+000 3.360e+002 5.705e+000-2.888e+001 3.382e-001-3.258e+001-5.836e+001 8.106e+002 5.274e+000 9.493e+001 2.391e+000-2.517e+001 2.402e+000-2.252e+001-5.116e+001 6.567e+002-3.453e+001 9.408e+002
 1.880e+004 2.930e+000 3.540e+002 4.421e+000-2.231e+001 2.610e-001-3.401e+001-4.180e+001 5.540e+002 9.202e+000 1.108e+002 2.568e+000-2.591e+001 2.338e+000-2.236e+001-4.761e+001 6.305e+002-3.984e+001 1.008e+003
 2.000e+004 2.930e+000 4.410e+002 2.888e+000-2.593e+001-2.705e+000 8.932e+001-2.197e+001 6.284e+002-9.356e+001 1.092e+003-4.479e+000 5.073e+001 4.049e+001-3.875e+002 4.624e+001-1.699e+003-6.922e+002 1.574e+004
 2.130e+004 2.930e+000 3.060e+002 1.979e+000-1.090e+001 2.286e-001-1.171e+001-1.971e+001 2.859e+002 2.446e+000 4.458e+001 8.757e-001-1.019e+001 7.670e-001-4.745e+000-1.434e+001 2.217e+002-1.018e+001 2.395e+002
 2.250e+004 2.930e+000 4.050e+002 2.359e+000-1.531e+001-2.607e-001 4.714e-001-2.270e+001 3.586e+002 4.490e+000-9.643e+001 3.885e-001-2.041e+000 5.454e-001-3.838e+000-1.321e+001 1.298e+002-3.975e+000 1.733e+002
 2.380e+004 2.930e+000 6.330e+002 4.350e+002-2.503e+003-1.369e+001 5.773e+002-4.784e+003 6.711e+004 6.700e+002-9.982e+003 9.035e+001-9.143e+002 1.992e+001 9.773e+001-6.287e+002 3.588e+003-1.534e+002 1.872e+003
 2.500e+004 2.930e+000 4.440e+002 5.295e+000-3.026e+001 2.422e-001-7.621e+000-5.505e+001 7.895e+002 7.615e+000-4.977e+001 1.720e+000-1.833e+001 1.220e+000-5.746e+000-2.032e+001 2.422e+002-1.584e+001 3.410e+002
 2.630e+004 2.930e+000 1.560e+002 6.027e-001-5.219e+000-7.913e-002-5.183e+000-7.240e+000 2.837e+003 5.859e-001 3.048e+001 1.286e-001-5.528e+000 1.309e-001-1.998e+000-5.762e+000 6.386e+002-1.191e+000 2.333e+002
 2.750e+004 2.930e+000 2.700e+002 1.199e+000-7.201e+000-5.949e-002-3.638e+000-1.130e+001 1.876e+002 1.624e+000-1.286e+001 1.390e-001-4.185e-001 1.672e-001-1.091e+000-2.482e+000 5.174e+001-5.711e-001 1.129e+002
 2.880e+004 2.930e+000 1.740e+002 3.077e-001-1.148e+000-9.365e-004 2.514e-001-2.770e+000 3.971e+001 3.200e-001-4.882e+000 4.981e-002-3.078e-001 9.413e-002 1.012e-002-3.017e-001 2.297e+000-1.921e-001 6.358e+000
 3.000e+004 2.930e+000 1.080e+002 8.386e-001-5.369e+000 2.036e-001-1.949e+001-3.162e+000 5.025e+001 1.845e-002 6.881e+001 1.229e-001-1.812e+000 1.138e-001-2.602e+000-7.045e-001 1.351e+002-5.321e+000 4.980e+002
 3.130e+004 2.930e+000 2.490e+002 7.136e+000-3.808e+001-6.957e-001 5.232e+001-1.856e+001 2.766e+002 2.075e+001 1.813e+001 3.531e+000-4.638e+000 1.963e+000 2.955e+001 2.651e+001-3.466e+002 7.573e+000 5.286e+002
 3.250e+004 2.930e+000 3.690e+002 1.665e+001-9.897e+001-1.670e+000 1.156e+002-4.596e+001 7.441e+002 5.298e+001 5.301e+001 8.059e+000-1.139e+001 4.342e+000 6.422e+001 6.320e+001-8.743e+002 1.423e+001 1.312e+003
 3.380e+004 2.930e+000 1.710e+002 1.741e-001-5.074e-001 1.981e-001-7.470e+000 6.379e-001 1.379e+001 2.087e+000-7.357e+001-1.482e-002-6.121e-001 5.313e-001-4.177e+000 3.185e+000 3.993e+001-1.914e+001 8.132e+002
 3.500e+004 2.930e+000 8.100e+001 3.567e-002-1.252e-001 1.026e-003 2.489e-002-8.418e-002 2.134e+000 7.438e-002-9.332e-002 6.598e-003-5.504e-002 3.221e-002-3.221e-002 6.129e-002 3.293e-001-1.709e-001 4.139e+000
 3.630e+004 2.930e+000 2.190e+002 3.816e-001-1.208e+000 2.593e-002-9.662e-001-3.717e+000 5.588e+001 1.005e+000-2.893e+001-2.375e-002 2.275e-001 2.452e-001-1.395e+000 1.866e+000-5.575e+000-6.461e+000 2.474e+002
 3.750e+004 2.930e+000 1.770e+002 7.720e-002-4.405e-002 2.923e-002-3.647e-001-1.661e-001 1.313e+001 2.382e+000-7.567e+001-3.749e-002 5.701e-001 6.573e-001-3.305e+000 1.662e+000-6.979e+000-1.870e+001 5.963e+002
 3.880e+004 2.930e+000 2.340e+002 2.279e-001-1.508e+000-7.108e-003 3.419e-001-1.652e+000 2.666e+001 1.785e-001 1.153e+001 8.086e-003-3.419e-003 8.344e-002 1.717e-003 2.159e+000-1.951e+001-7.665e-001 4.786e+001
 4.000e+004 2.930e+000 6.300e+002 2.454e+001-1.827e+002 1.769e-001-8.641e+000-2.211e+002 3.378e+003 4.634e+000 2.056e+003 7.577e-001-7.627e+000 4.094e-001-3.287e+000 2.667e+002-2.352e+003 1.947e+000 3.093e+003
 4.130e+004 2.930e+000 2.310e+002 1.592e-001-7.615e-001 1.046e-002-1.321e-001-1.097e+000 1.453e+001-3.588e-002 8.974e+000 3.281e-003-5.835e-002 5.966e-002-1.131e-001 1.273e+000-9.353e+000-2.010e-001 1.800e+001
 4.250e+004 2.930e+000 1.500e+002 4.638e-002-1.508e-001-1.692e-002 5.958e-001-3.612e-001 9.622e+000 9.037e-001-2.461e+001-7.168e-003 7.370e-001 2.721e-001-1.096e+000 4.546e-001-1.735e+001-5.934e+000 1.555e+002
 4.380e+004 2.930e+000 1.350e+002 3.935e-002-1.164e-001-1.178e-002 3.051e-001-2.650e-001 4.678e+000 2.919e-001-6.533e+000-1.155e-003 2.242e-001 9.251e-002-2.664e-001 1.158e-001-4.628e+000-1.431e+000 3.272e+001
 4.500e+004 2.930e+000 9.300e+001 2.677e-002-6.018e-002 6.638e-003-6.526e-002-1.373e-001 1.677e+000-1.377e-002 8.842e-001 5.499e-003-6.986e-002 2.310e-002-5.891e-002 6.942e-002 2.523e-003-4.657e-002 1.620e+000
 4.630e+004 2.930e+000 2.340e+002 1.119e-001-4.620e-001 1.725e-002-1.785e-001-6.385e-001 9.590e+000 1.435e-001-4.211e-002 1.343e-002 1.185e-001 1.281e-001-6.976e-001 7.771e-001-8.442e+000-1.484e+000 4.100e+001
 4.750e+004 2.930e+000 5.640e+002 1.367e+001-7.687e+001 5.598e+000-1.014e+002-9.953e+001 1.167e+003-2.917e+001 1.682e+003 2.056e+000-4.656e+001 2.762e+000-8.431e+001 1.667e+002-6.457e+002-1.750e+001 2.822e+003
 4.880e+004 2.930e+000 4.020e+002 4.531e+000-2.623e+001 1.914e+000-3.885e+001-3.283e+001 3.951e+002-8.887e+000 6.025e+002 8.672e-001-1.756e+001 1.056e+000-3.072e+001 5.444e+001-1.707e+002-6.159e+000 1.000e+003
 5.000e+004 2.930e+000 1.650e+002 4.632e-002-1.740e-001 1.241e-002-2.569e-001-1.983e-001 3.480e+000 7.469e-002 9.450e-001 1.200e-002-9.631e-003 6.071e-002-3.576e-001 2.482e-001-1.587e+000-4.700e-001 1.312e+001
 5.130e+004 2.930e+000 9.600e+001 1.582e-002-3.268e-002 2.587e-003-3.625e-002-3.688e-002 6.843e-001 3.496e-003 5.114e-001 1.902e-003-2.685e-002 1.204e-002-5.157e-002 4.921e-002 9.363e-002-1.749e-002 1.041e+000
 5.250e+004 2.930e+000 9.000e+001 1.620e-002-4.072e-002 2.014e-003-1.023e-003-6.236e-002 8.797e-001 1.088e-002-2.633e-001 5.732e-004 2.737e-002 1.794e-002-1.011e-001 4.169e-002-5.987e-001-1.046e-001 2.855e+000
 5.380e+004 2.930e+000 3.030e+002 1.494e+000-5.706e+000 8.015e-002-5.160e+000-1.115e+001 1.084e+002 2.299e+000-8.713e-001 7.392e-001-5.779e+000 4.327e-001-2.244e+000-1.015e+001 9.567e+001-5.643e+000 9.574e+001
 5.500e+004 2.930e+000 3.360e+002 5.624e-001-3.384e+000 1.596e-001-6.394e+000-4.425e+000 5.818e+001 4.940e-002 7.117e+001 2.148e-001-2.738e+000 1.737e-001-3.387e+000 2.877e+000 1.672e+001-7.601e-001 9.298e+001
 5.630e+004 2.930e+000 5.490e+002 6.802e+000-4.024e+001 1.822e+000-8.199e+001-5.742e+001 7.292e+002 9.497e-001 8.905e+002 2.763e+000-3.425e+001 1.699e+000-4.241e+001 3.258e+001 2.110e+002-9.025e+000 1.157e+003
 5.750e+004 2.930e+000 1.350e+002 2.320e-002-6.524e-002-3.305e-004-1.018e-001-9.628e-002 1.410e+000 1.701e-002 2.549e-001 5.111e-003 2.751e-002 2.458e-002-1.370e-001 2.559e-002-2.616e-001-7.880e-002 3.190e+000
 5.880e+004 2.930e+000 7.200e+001 1.027e-002-2.251e-002 1.778e-003-2.479e-002-1.690e-002 2.374e-001-3.595e-003 1.912e-001 2.065e-003-1.414e-002 8.590e-003-1.885e-002 1.340e-002 7.434e-002-5.669e-003 3.069e-001
 6.000e+004 2.930e+000 1.290e+002 4.230e-002-7.326e-002 4.907e-003-2.561e-001-2.357e-001 2.351e+000 3.065e-002 8.025e-001 3.220e-002-1.949e-001 5.659e-002-2.975e-001-3.316e-001 2.548e+000-5.014e-001 7.875e+000
 6.130e+004 2.930e+000 7.200e+001 7.087e-003-4.578e-003 8.098e-004-7.219e-003-1.172e-002 1.130e-001 1.744e-003 1.553e-002 1.762e-003-3.908e-003 8.643e-003-6.741e-003 1.603e-003 7.999e-004-8.986e-003 1.840e-001
 6.250e+004 2.930e+000 1.260e+002 1.682e-002-5.667e-002 3.038e-003-9.770e-002-7.528e-002 1.163e+000 2.239e-002 5.191e-001 4.857e-003-1.389e-002 1.811e-002-8.318e-002 3.323e-002 3.178e-002-5.458e-002 1.973e+000
 6.380e+004 2.930e+000 4.650e+002 2.144e+000-1.136e+001 5.381e-001-2.435e+001-1.593e+001 1.814e+002 4.073e-001 2.238e+002 8.331e-001-9.091e+000 5.022e-001-1.150e+001 7.593e+000 7.342e+001-3.228e+000 3.089e+002
 6.500e+004 2.930e+000 1.710e+002 3.413e-002-1.195e-001 6.038e-003-2.746e-001-1.829e-001 1.900e+000 7.168e-003 2.285e+000 1.057e-002-1.047e-001 1.945e-002-1.393e-001 6.572e-002 8.299e-001-4.603e-002 3.302e+000
 6.630e+004 2.930e+000 8.400e+001 6.410e-003-2.523e-003 1.395e-003-1.418e-002-1.028e-002 5.105e-001 3.303e-003-3.072e-001 2.177e-003 2.573e-002 1.171e-002-3.829e-002 1.784e-003-2.918e-001-4.530e-002 7.173e-001
 6.750e+004 2.930e+000 7.200e+001 5.262e-003-1.746e-003-2.525e-004-3.816e-003-2.121e-003 1.060e-001-2.999e-003-2.440e-002 5.321e-004 4.461e-003 7.640e-003-2.037e-002-3.615e-003-5.690e-002-2.182e-002 3.495e-001
 6.880e+004 2.930e+000 2.640e+002 5.887e-002 1.334e-001-2.780e-002-7.942e-001-8.433e-002 7.069e-001-4.316e-001 7.612e+000 1.555e-001-3.703e-001 5.688e-001-3.988e+000-1.950e+000 1.125e+000-6.288e+000 1.003e+002
 7.000e+004 2.930e+000 8.100e+001 4.089e-003-3.444e-003 5.716e-004 3.200e-003-7.119e-003 1.574e-001 3.515e-003-1.144e-001 2.890e-004 7.513e-003 5.749e-003-1.071e-002 3.915e-003-5.489e-002-1.002e-002 2.155e-001
 7.130e+004 2.930e+000 1.590e+002 3.071e-002-1.400e-001 4.239e-003-3.208e-001-1.426e-001 1.714e+000 5.982e-002 2.079e+000 1.389e-002-1.016e-001 1.700e-002-1.848e-001 3.217e-002 1.716e+000-3.426e-002 4.476e+000
 7.250e+004 2.930e+000 1.680e+002 5.057e-002-2.729e-001 4.781e-003-6.349e-001-2.876e-001 3.765e+000 1.444e-001 4.243e+000 2.819e-002-2.080e-001 2.806e-002-4.193e-001 3.114e-002 3.812e+000-6.143e-002 9.527e+000
 7.380e+004 2.930e+000 7.800e+001 3.596e-003-3.335e-003-2.414e-004 3.895e-003-9.536e-003 1.140e-001 2.797e-003-6.766e-002-1.610e-004 3.000e-003 4.133e-003-5.234e-003 1.604e-003-2.039e-002-5.426e-003 9.827e-002
 7.500e+004 2.930e+000 3.300e+001 1.584e-003-2.781e-004 4.220e-004 3.852e-004-6.750e-004 4.131e-003 2.344e-004-3.144e-006-8.071e-005 3.346e-004 1.569e-003-1.372e-003 7.776e-005 9.067e-004 1.761e-004 6.386e-003
 7.630e+004 2.930e+000 5.100e+001 2.082e-003-7.461e-004 1.559e-004-4.762e-004-2.882e-004 4.573e-002-3.209e-004-2.750e-002 3.191e-004 3.206e-003 2.286e-003-2.218e-003-1.245e-003-7.449e-003-1.052e-003 3.043e-002
 7.750e+004 2.930e+000 6.900e+001 3.049e-003-2.951e-003 3.189e-004 4.227e-004-2.000e-003 3.420e-002 1.401e-003-1.275e-002-3.530e-005-3.107e-004 3.151e-003-1.442e-003-4.233e-004 5.066e-003-2.864e-003 2.028e-002
 7.880e+004 2.930e+000 5.400e+001 1.664e-003-7.843e-004 2.563e-005-1.966e-003-1.208e-003 2.128e-002 1.330e-003 7.995e-003 1.913e-004-8.709e-004 2.133e-003-2.205e-003 2.055e-004 1.538e-002-1.022e-004 3.425e-002
 8.000e+004 2.930e+000 1.260e+002 2.097e-002-1.376e-001-5.009e-003-2.881e-001-1.712e-001 2.878e+000 1.275e-001 1.924e+000 9.682e-003-4.965e-002 1.065e-002-1.958e-001-1.109e-001 3.431e+000 2.525e-002 5.614e+000
 8.130e+004 2.930e+000 9.000e+001 3.239e-003-2.304e-003-3.089e-004-2.928e-003-3.234e-003 3.988e-002 2.731e-003-7.250e-004 4.692e-004-6.287e-004 3.621e-003-3.889e-003 2.234e-004 2.042e-002 1.406e-004 6.151e-002
 8.250e+004 2.930e+000 5.100e+001 1.893e-003-2.203e-003 4.761e-005 1.600e-004-2.838e-003 4.069e-002 1.444e-003-2.340e-002 2.737e-004 1.289e-003 1.069e-003-1.057e-003-7.745e-004-4.298e-004-1.402e-003 3.049e-002
 8.380e+004 2.930e+000 6.000e+001 1.955e-003-1.645e-003-1.156e-005-4.163e-004-1.470e-003 1.125e-002 4.733e-004-2.038e-003 2.761e-004-4.337e-004 1.522e-003-2.964e-005-8.545e-004 2.658e-003-1.557e-003 1.245e-002
 8.500e+004 2.930e+000 8.400e+001 1.851e-003-6.927e-004-1.141e-004 1.531e-004-1.202e-003 1.028e-002-9.145e-005-6.115e-004-1.537e-004-4.759e-004 2.184e-003 9.731e-004-7.990e-004 4.431e-003-1.795e-003 1.992e-002
 8.630e+004 2.930e+000 1.020e+002 2.334e-003-2.036e-003 3.988e-005-8.465e-004-2.594e-003 4.239e-002 2.101e-003-2.510e-002 4.206e-004 1.388e-003 3.287e-003-4.017e-003-2.984e-003 9.533e-003-5.834e-003 7.137e-002
 8.750e+004 2.930e+000 1.110e+002 6.652e-003-1.001e-002-7.296e-004-1.980e-002-3.453e-002 3.222e-001 1.004e-002 5.702e-002 1.454e-003-4.926e-003 4.563e-003-1.582e-002-3.408e-002 3.062e-001-1.250e-002 4.887e-001
 8.880e+004 2.930e+000 1.260e+002 4.440e-003-6.400e-003-1.765e-004-1.064e-002-1.241e-002 1.306e-001 3.572e-003 8.677e-003 1.649e-003-2.153e-003 4.997e-003-1.367e-002-1.589e-002 9.669e-002-2.345e-002 3.566e-001
 9.000e+004 2.930e+000 1.530e+002 4.171e-003-3.838e-003-2.307e-004-8.620e-003-1.130e-003 6.665e-002 7.792e-003-7.841e-002 2.371e-003 3.020e-003 9.296e-003-3.062e-002-2.040e-002 9.845e-003-5.822e-002 6.261e-001
 9.130e+004 2.930e+000 2.040e+002 6.097e-003-3.395e-003-5.870e-004-1.293e-002-4.005e-003 4.263e-002 4.547e-003-2.866e-002 3.102e-003-3.148e-003 1.085e-002-4.163e-002-3.028e-002 5.434e-002-6.252e-002 7.893e-001
 9.250e+004 2.930e+000 1.680e+002 4.505e-003-1.361e-003-8.374e-004-4.387e-003-1.647e-003 5.897e-002 4.218e-003-2.211e-002 2.283e-003-1.188e-003 9.019e-003-3.346e-002-2.167e-002 2.792e-002-5.313e-002 6.543e-001
 9.380e+004 2.930e+000 1.200e+002 3.700e-003-3.189e-003-6.892e-004-7.784e-003-4.221e-003 3.583e-002 5.068e-003-2.842e-002 1.993e-003-3.530e-003 6.479e-003-2.506e-002-2.327e-002 6.358e-002-3.704e-002 5.153e-001
 9.500e+004 2.930e+000 1.890e+002 7.999e-003-1.732e-002-1.691e-005-2.066e-002-2.939e-002 2.674e-001 3.217e-003 4.511e-003 3.063e-003-8.598e-003 8.341e-003-2.899e-002-3.568e-002 1.804e-001-4.325e-002 6.257e-001
 9.630e+004 2.930e+000 0.000e+000 0.000e+000 0.000e+000 0.000e+000 0.000e+000 0.000e+000 0.000e+000 0.000e+000 0.000e+000 0.000e+000 0.000e+000 0.000e+000 0.000e+000 0.000e+000 0.000e+000 0.000e+000 0.000e+000
 9.750e+004 2.930e+000 0.000e+000 0.000e+000 0.000e+000 0.000e+000 0.000e+000 0.000e+000 0.000e+000 0.000e+000 0.000e+000 0.000e+000 0.000e+000 0.000e+000 0.000e+000 0.000e+000 0.000e+000 0.000e+000 0.000e+000
 9.880e+004 2.930e+000 0.000e+000 0.000e+000 0.000e+000 0.000e+000 0.000e+000 0.000e+000 0.000e+000 0.000e+000 0.000e+000 0.000e+000 0.000e+000 0.000e+000 0.000e+000 0.000e+000 0.000e+000 0.000e+000 0.000e+000
 1.000e+005 2.930e+000 0.000e+000 0.000e+000 0.000e+000 0.000e+000 0.000e+000 0.000e+000 0.000e+000 0.000e+000 0.000e+000 0.000e+000 0.000e+000 0.000e+000 0.000e+000 0.000e+000 0.000e+000 0.000e+000 0.000e+000
