 6.250e+000 2.930e+000 0.000e+000 0.000e+000 0.000e+000 0.000e+000 0.000e+000 0.000e+000 0.000e+000 0.000e+000 0.000e+000 0.000e+000 0.000e+000 0.000e+000 0.000e+000 0.000e+000 0.000e+000 0.000e+000 0.000e+000
 7.500e+000 2.930e+000 0.000e+000 0.000e+000 0.000e+000 0.000e+000 0.000e+000 0.000e+000 0.000e+000 0.000e+000 0.000e+000 0.000e+000 0.000e+000 0.000e+000 0.000e+000 0.000e+000 0.000e+000 0.000e+000 0.000e+000
 8.750e+000 2.930e+000 0.000e+000 0.000e+000 0.000e+000 0.000e+000 0.000e+000 0.000e+000 0.000e+000 0.000e+000 0.000e+000 0.000e+000 0.000e+000 0.000e+000 0.000e+000 0.000e+000 0.000e+000 0.000e+000 0.000e+000
 1.000e+001 2.930e+000 0.000e+000 0.000e+000 0.000e+000 0.000e+000 0.000e+000 0.000e+000 0.000e+000 0.000e+000 0.000e+000 0.000e+000 0.000e+000 0.000e+000 0.000e+000 0.000e+000 0.000e+000 0.000e+000 0.000e+000
 1.130e+001 2.930e+000 2.400e+001 1.908e+002 5.620e+002-8.467e+000 4.623e+002 3.586e+002 8.241e+004-9.540e+001 5.244e+003-4.183e+001-5.879e+002 1.128e+002-4.334e+002-5.952e+001 1.105e+004-6.760e+002 1.039e+004
 1.250e+001 2.930e+000 0.000e+000 0.000e+000 0.000e+000 0.000e+000 0.000e+000 0.000e+000 0.000e+000 0.000e+000 0.000e+000 0.000e+000 0.000e+000 0.000e+000 0.000e+000 0.000e+000 0.000e+000 0.000e+000 0.000e+000
 1.380e+001 2.930e+000 0.000e+000 0.000e+000 0.000e+000 0.000e+000 0.000e+000 0.000e+000 0.000e+000 0.000e+000 0.000e+000 0.000e+000 0.000e+000 0.000e+000 0.000e+000 0.000e+000 0.000e+000 0.000e+000 0.000e+000
 1.500e+001 2.930e+000 2.400e+001 2.140e+002 4.236e+002 4.579e+001-2.026e+002-1.372e+002 6.711e+004 6.000e+002 4.308e+002-2.883e+001-6.338e+002 6.645e+001-2.221e+002 2.774e+001 1.367e+004-4.198e+002 6.892e+003
 1.630e+001 2.930e+000 0.000e+000 0.000e+000 0.000e+000 0.000e+000 0.000e+000 0.000e+000 0.000e+000 0.000e+000 0.000e+000 0.000e+000 0.000e+000 0.000e+000 0.000e+000 0.000e+000 0.000e+000 0.000e+000 0.000e+000
 1.750e+001 2.930e+000 2.400e+001 2.134e+002 1.866e+002-3.303e+001 6.253e+002 1.470e+002 3.724e+004 2.810e+002 2.107e+003-9.810e+001-1.173e+003 1.542e+002-6.939e+002 1.962e+002 1.150e+004-8.547e+002 1.018e+004
 1.880e+001 2.930e+000 0.000e+000 0.000e+000 0.000e+000 0.000e+000 0.000e+000 0.000e+000 0.000e+000 0.000e+000 0.000e+000 0.000e+000 0.000e+000 0.000e+000 0.000e+000 0.000e+000 0.000e+000 0.000e+000 0.000e+000
 2.000e+001 2.930e+000 2.400e+001 1.796e+002 1.634e+002 5.224e+001-1.056e+002 8.260e+002 5.354e+004 4.896e+002 4.950e+002-4.090e+001-1.180e+003 1.043e+002-3.741e+002 3.627e+002 1.197e+004-5.671e+002 6.502e+003
 2.130e+001 2.930e+000 0.000e+000 0.000e+000 0.000e+000 0.000e+000 0.000e+000 0.000e+000 0.000e+000 0.000e+000 0.000e+000 0.000e+000 0.000e+000 0.000e+000 0.000e+000 0.000e+000 0.000e+000 0.000e+000 0.000e+000
 2.250e+001 2.930e+000 0.000e+000 0.000e+000 0.000e+000 0.000e+000 0.000e+000 0.000e+000 0.000e+000 0.000e+000 0.000e+000 0.000e+000 0.000e+000 0.000e+000 0.000e+000 0.000e+000 0.000e+000 0.000e+000 0.000e+000
 2.380e+001 2.930e+000 2.400e+001 2.786e+002 7.027e+002-1.992e+000 3.816e+002-4.553e+002 3.340e+004 2.864e+001 1.920e+003-5.454e+001-6.612e+002 6.509e+001-1.818e+002-5.575e+001 8.650e+003-3.036e+002 4.050e+003
 2.500e+001 2.930e+000 0.000e+000 0.000e+000 0.000e+000 0.000e+000 0.000e+000 0.000e+000 0.000e+000 0.000e+000 0.000e+000 0.000e+000 0.000e+000 0.000e+000 0.000e+000 0.000e+000 0.000e+000 0.000e+000 0.000e+000
 2.630e+001 2.930e+000 2.400e+001 2.250e+002 9.964e+002-2.891e+001 4.734e+002 2.760e+002 3.569e+004 6.259e+002 2.456e+003-4.693e+001-1.108e+003 1.036e+002-5.033e+002-4.644e+001 1.239e+004-6.159e+002 7.606e+003
 2.750e+001 2.930e+000 0.000e+000 0.000e+000 0.000e+000 0.000e+000 0.000e+000 0.000e+000 0.000e+000 0.000e+000 0.000e+000 0.000e+000 0.000e+000 0.000e+000 0.000e+000 0.000e+000 0.000e+000 0.000e+000 0.000e+000
 2.880e+001 2.930e+000 2.400e+001 3.050e+002 1.073e+003-5.592e+000 2.220e+002-7.629e+002 2.616e+004 1.563e+001 1.882e+003 2.674e+001-7.997e+002 6.732e+001-1.325e+002-6.053e+002 7.473e+003-3.813e+002 4.205e+003
 3.000e+001 2.930e+000 0.000e+000 0.000e+000 0.000e+000 0.000e+000 0.000e+000 0.000e+000 0.000e+000 0.000e+000 0.000e+000 0.000e+000 0.000e+000 0.000e+000 0.000e+000 0.000e+000 0.000e+000 0.000e+000 0.000e+000
 3.130e+001 2.930e+000 0.000e+000 0.000e+000 0.000e+000 0.000e+000 0.000e+000 0.000e+000 0.000e+000 0.000e+000 0.000e+000 0.000e+000 0.000e+000 0.000e+000 0.000e+000 0.000e+000 0.000e+000 0.000e+000 0.000e+000
 3.250e+001 2.930e+000 2.400e+001 5.800e+002 1.484e+003 7.455e+001 5.250e+002 1.407e+003 3.954e+004 4.949e+002 1.762e+003-1.396e+002-7.171e+002 8.291e+001-2.628e+002 2.358e+002 7.636e+003-2.059e+002 3.286e+003
 3.380e+001 2.930e+000 0.000e+000 0.000e+000 0.000e+000 0.000e+000 0.000e+000 0.000e+000 0.000e+000 0.000e+000 0.000e+000 0.000e+000 0.000e+000 0.000e+000 0.000e+000 0.000e+000 0.000e+000 0.000e+000 0.000e+000
 3.500e+001 2.930e+000 2.400e+001 6.237e+002 5.292e+003-1.838e+001 8.564e+002 3.691e+003 2.980e+005-1.141e+002 1.218e+004-1.240e+002-3.790e+003 1.163e+002-5.175e+002-2.934e+002 5.283e+003-1.876e+002 5.267e+003
 3.630e+001 2.930e+000 0.000e+000 0.000e+000 0.000e+000 0.000e+000 0.000e+000 0.000e+000 0.000e+000 0.000e+000 0.000e+000 0.000e+000 0.000e+000 0.000e+000 0.000e+000 0.000e+000 0.000e+000 0.000e+000 0.000e+000
 3.750e+001 2.930e+000 2.100e+001 5.054e+002 1.622e+003 6.378e+001 7.030e+002-1.578e+002 3.620e+004 6.647e+002-3.097e+002-1.023e+002-5.353e+002 8.767e+001-3.581e+002-3.829e+001 1.147e+004-2.563e+002 5.244e+003
 3.880e+001 2.930e+000 0.000e+000 0.000e+000 0.000e+000 0.000e+000 0.000e+000 0.000e+000 0.000e+000 0.000e+000 0.000e+000 0.000e+000 0.000e+000 0.000e+000 0.000e+000 0.000e+000 0.000e+000 0.000e+000 0.000e+000
 4.000e+001 2.930e+000 0.000e+000 0.000e+000 0.000e+000 0.000e+000 0.000e+000 0.000e+000 0.000e+000 0.000e+000 0.000e+000 0.000e+000 0.000e+000 0.000e+000 0.000e+000 0.000e+000 0.000e+000 0.000e+000 0.000e+000
 4.130e+001 2.930e+000 2.400e+001 1.087e+003 2.621e+003 1.719e+002 1.178e+003-1.127e+003 2.256e+004 2.324e+002 2.140e+002-1.313e+002 3.585e+002 9.776e+001-2.050e+002-5.636e+002 7.565e+003 5.302e+001 3.987e+003
 4.250e+001 2.930e+000 0.000e+000 0.000e+000 0.000e+000 0.000e+000 0.000e+000 0.000e+000 0.000e+000 0.000e+000 0.000e+000 0.000e+000 0.000e+000 0.000e+000 0.000e+000 0.000e+000 0.000e+000 0.000e+000 0.000e+000
 4.380e+001 2.930e+000 2.400e+001 2.574e+003 7.116e+003 2.161e+002 3.014e+003-3.373e+003 4.778e+004 6.020e+002 2.260e+003-2.567e+002 4.098e+002 1.491e+002-4.426e+002-2.072e+003 1.870e+004 1.467e+002 9.108e+003
 4.500e+001 2.930e+000 0.000e+000 0.000e+000 0.000e+000 0.000e+000 0.000e+000 0.000e+000 0.000e+000 0.000e+000 0.000e+000 0.000e+000 0.000e+000 0.000e+000 0.000e+000 0.000e+000 0.000e+000 0.000e+000 0.000e+000
 4.630e+001 2.930e+000 2.400e+001 8.024e+003 1.790e+004 9.564e+002 9.770e+003-1.321e+004 7.684e+004 1.032e+003-2.991e+003-1.032e+003 4.192e+003 4.798e+002-1.055e+003-6.451e+003 3.633e+004 1.723e+003 1.995e+004
 4.750e+001 2.930e+000 0.000e+000 0.000e+000 0.000e+000 0.000e+000 0.000e+000 0.000e+000 0.000e+000 0.000e+000 0.000e+000 0.000e+000 0.000e+000 0.000e+000 0.000e+000 0.000e+000 0.000e+000 0.000e+000 0.000e+000
 4.880e+001 2.930e+000 0.000e+000 0.000e+000 0.000e+000 0.000e+000 0.000e+000 0.000e+000 0.000e+000 0.000e+000 0.000e+000 0.000e+000 0.000e+000 0.000e+000 0.000e+000 0.000e+000 0.000e+000 0.000e+000 0.000e+000
 5.000e+001 2.930e+000 2.400e+001 4.030e+006 3.850e+006 3.991e+005 2.408e+006-6.960e+006 1.575e+007-1.350e+005-6.985e+005-5.805e+005 1.389e+006 1.240e+005 1.150e+004-3.624e+006 8.562e+006 7.599e+005 4.701e+006
 5.130e+001 2.930e+000 0.000e+000 0.000e+000 0.000e+000 0.000e+000 0.000e+000 0.000e+000 0.000e+000 0.000e+000 0.000e+000 0.000e+000 0.000e+000 0.000e+000 0.000e+000 0.000e+000 0.000e+000 0.000e+000 0.000e+000
 5.250e+001 2.930e+000 2.400e+001 9.918e+003 2.467e+004 9.129e+002 1.410e+004-1.817e+004 1.130e+005 2.423e+003-5.379e+003-1.429e+003 5.159e+003 4.440e+002-1.676e+003-8.939e+003 5.781e+004 2.378e+003 3.170e+004
 5.380e+001 2.930e+000 0.000e+000 0.000e+000 0.000e+000 0.000e+000 0.000e+000 0.000e+000 0.000e+000 0.000e+000 0.000e+000 0.000e+000 0.000e+000 0.000e+000 0.000e+000 0.000e+000 0.000e+000 0.000e+000 0.000e+000
 5.500e+001 2.930e+000 0.000e+000 0.000e+000 0.000e+000 0.000e+000 0.000e+000 0.000e+000 0.000e+000 0.000e+000 0.000e+000 0.000e+000 0.000e+000 0.000e+000 0.000e+000 0.000e+000 0.000e+000 0.000e+000 0.000e+000
 5.630e+001 2.930e+000 2.400e+001 2.433e+003 6.434e+003 2.818e+002 3.460e+003-2.800e+003 3.303e+004 6.175e+002 3.302e+002-3.720e+002 8.130e+002 1.334e+002-5.182e+002-1.252e+003 1.468e+004 3.980e+002 7.802e+003
 5.750e+001 2.930e+000 0.000e+000 0.000e+000 0.000e+000 0.000e+000 0.000e+000 0.000e+000 0.000e+000 0.000e+000 0.000e+000 0.000e+000 0.000e+000 0.000e+000 0.000e+000 0.000e+000 0.000e+000 0.000e+000 0.000e+000
 5.880e+001 2.930e+000 2.400e+001 1.086e+003 2.942e+003 6.531e+001 1.412e+003-1.452e+003 2.087e+004 3.680e+002 8.896e+001-1.531e+002 1.614e+002 5.552e+001-2.156e+002-7.405e+002 7.960e+003 5.277e+001 3.764e+003
 6.000e+001 2.930e+000 0.000e+000 0.000e+000 0.000e+000 0.000e+000 0.000e+000 0.000e+000 0.000e+000 0.000e+000 0.000e+000 0.000e+000 0.000e+000 0.000e+000 0.000e+000 0.000e+000 0.000e+000 0.000e+000 0.000e+000
 6.130e+001 2.930e+000 2.400e+001 6.768e+002 1.353e+003 5.692e+001 6.357e+002-6.623e+002 1.250e+004 1.925e+002-4.578e-005-7.489e+001 3.228e+001 3.043e+001-9.312e+001-4.770e+002 4.606e+003 4.195e+000 2.439e+003
 6.250e+001 2.930e+000 0.000e+000 0.000e+000 0.000e+000 0.000e+000 0.000e+000 0.000e+000 0.000e+000 0.000e+000 0.000e+000 0.000e+000 0.000e+000 0.000e+000 0.000e+000 0.000e+000 0.000e+000 0.000e+000 0.000e+000
 6.380e+001 2.930e+000 0.000e+000 0.000e+000 0.000e+000 0.000e+000 0.000e+000 0.000e+000 0.000e+000 0.000e+000 0.000e+000 0.000e+000 0.000e+000 0.000e+000 0.000e+000 0.000e+000 0.000e+000 0.000e+000 0.000e+000
 6.500e+001 2.930e+000 2.400e+001 4.445e+002 7.324e+002 4.869e+001 3.233e+002-5.694e+002 1.139e+004 6.590e+001 7.236e+001-5.132e+001-1.105e+002 3.851e+001-8.056e+001-3.259e+002 3.869e+003-7.169e+001 2.043e+003
 6.630e+001 2.930e+000 0.000e+000 0.000e+000 0.000e+000 0.000e+000 0.000e+000 0.000e+000 0.000e+000 0.000e+000 0.000e+000 0.000e+000 0.000e+000 0.000e+000 0.000e+000 0.000e+000 0.000e+000 0.000e+000 0.000e+000
 6.750e+001 2.930e+000 2.400e+001 3.655e+002 4.480e+002 4.430e+001 2.879e+002 1.604e+002 8.754e+003 1.711e+002 8.143e+002-8.764e+001-4.840e+002 9.832e+001-2.737e+002 9.456e+001 3.729e+003-3.283e+002 2.752e+003
 6.880e+001 2.930e+000 0.000e+000 0.000e+000 0.000e+000 0.000e+000 0.000e+000 0.000e+000 0.000e+000 0.000e+000 0.000e+000 0.000e+000 0.000e+000 0.000e+000 0.000e+000 0.000e+000 0.000e+000 0.000e+000 0.000e+000
 7.000e+001 2.930e+000 2.100e+001 2.060e+002 7.924e+002 2.005e+000 2.581e+002 1.851e+001 7.628e+003 1.910e+002 8.194e+002-8.646e+000-2.500e+002 4.145e+001-1.739e+002-1.710e+002 3.184e+003-2.041e+002 2.380e+003
 7.130e+001 2.930e+000 0.000e+000 0.000e+000 0.000e+000 0.000e+000 0.000e+000 0.000e+000 0.000e+000 0.000e+000 0.000e+000 0.000e+000 0.000e+000 0.000e+000 0.000e+000 0.000e+000 0.000e+000 0.000e+000 0.000e+000
 7.250e+001 2.930e+000 0.000e+000 0.000e+000 0.000e+000 0.000e+000 0.000e+000 0.000e+000 0.000e+000 0.000e+000 0.000e+000 0.000e+000 0.000e+000 0.000e+000 0.000e+000 0.000e+000 0.000e+000 0.000e+000 0.000e+000
 7.380e+001 2.930e+000 2.400e+001 2.096e+002 6.208e+002 8.379e+000 3.582e+002 1.491e+002 6.963e+003 1.665e+002 5.993e+002-4.821e+001-1.783e+002 3.552e+001-1.566e+002-1.711e+000 2.483e+003-9.672e+001 1.618e+003
 7.500e+001 2.930e+000 0.000e+000 0.000e+000 0.000e+000 0.000e+000 0.000e+000 0.000e+000 0.000e+000 0.000e+000 0.000e+000 0.000e+000 0.000e+000 0.000e+000 0.000e+000 0.000e+000 0.000e+000 0.000e+000 0.000e+000
 7.630e+001 2.930e+000 2.400e+001 1.686e+002 4.203e+002 1.395e+001 1.675e+002-7.821e+001 8.860e+003 1.047e+002 1.048e+003-2.338e+001-3.696e+002 4.439e+001-1.548e+002-7.754e+001 3.108e+003-1.791e+002 1.866e+003
 7.750e+001 2.930e+000 0.000e+000 0.000e+000 0.000e+000 0.000e+000 0.000e+000 0.000e+000 0.000e+000 0.000e+000 0.000e+000 0.000e+000 0.000e+000 0.000e+000 0.000e+000 0.000e+000 0.000e+000 0.000e+000 0.000e+000
 7.880e+001 2.930e+000 2.400e+001 1.202e+002 3.120e+002 1.337e+001 1.276e+002 2.064e+002 8.234e+003 1.655e+002 8.740e+002-3.057e+001-4.996e+002 6.641e+001-1.957e+002 6.029e+001 3.614e+003-3.196e+002 2.549e+003
 8.000e+001 2.930e+000 0.000e+000 0.000e+000 0.000e+000 0.000e+000 0.000e+000 0.000e+000 0.000e+000 0.000e+000 0.000e+000 0.000e+000 0.000e+000 0.000e+000 0.000e+000 0.000e+000 0.000e+000 0.000e+000 0.000e+000
 8.130e+001 2.930e+000 0.000e+000 0.000e+000 0.000e+000 0.000e+000 0.000e+000 0.000e+000 0.000e+000 0.000e+000 0.000e+000 0.000e+000 0.000e+000 0.000e+000 0.000e+000 0.000e+000 0.000e+000 0.000e+000 0.000e+000
 8.250e+001 2.930e+000 2.400e+001 1.104e+002 3.205e+002 2.889e+000 1.392e+002 1.429e+002 4.368e+003 5.014e+001 5.318e+002-1.912e+001-1.452e+002 2.223e+001-7.543e+001-1.676e+001 1.311e+003-8.784e+001 9.866e+002
 8.380e+001 2.930e+000 0.000e+000 0.000e+000 0.000e+000 0.000e+000 0.000e+000 0.000e+000 0.000e+000 0.000e+000 0.000e+000 0.000e+000 0.000e+000 0.000e+000 0.000e+000 0.000e+000 0.000e+000 0.000e+000 0.000e+000
 8.500e+001 2.930e+000 2.400e+001 1.174e+002 3.844e+002 1.382e+001 1.231e+002 1.608e+002 4.385e+003 1.479e+002 3.229e+000-2.744e+001-1.062e+002 3.119e+001-9.374e+001 3.712e+001 1.430e+003-9.214e+001 9.106e+002
 8.630e+001 2.930e+000 0.000e+000 0.000e+000 0.000e+000 0.000e+000 0.000e+000 0.000e+000 0.000e+000 0.000e+000 0.000e+000 0.000e+000 0.000e+000 0.000e+000 0.000e+000 0.000e+000 0.000e+000 0.000e+000 0.000e+000
 8.750e+001 2.930e+000 2.400e+001 8.051e+001 1.410e+002 4.344e+000 6.979e+001-2.951e+001 3.299e+003 4.652e+001-2.497e+001-8.373e+000-5.759e+001 1.427e+001-2.967e+001-4.500e+001 8.678e+002-5.885e+001 5.993e+002
 8.880e+001 2.930e+000 0.000e+000 0.000e+000 0.000e+000 0.000e+000 0.000e+000 0.000e+000 0.000e+000 0.000e+000 0.000e+000 0.000e+000 0.000e+000 0.000e+000 0.000e+000 0.000e+000 0.000e+000 0.000e+000 0.000e+000
 9.000e+001 2.930e+000 0.000e+000 0.000e+000 0.000e+000 0.000e+000 0.000e+000 0.000e+000 0.000e+000 0.000e+000 0.000e+000 0.000e+000 0.000e+000 0.000e+000 0.000e+000 0.000e+000 0.000e+000 0.000e+000 0.000e+000
 9.130e+001 2.930e+000 2.100e+001 5.596e+001 1.585e+002 5.349e+000 2.547e+001-1.343e+002 3.743e+003-2.625e+001 4.471e+002 1.855e+000-1.025e+002 1.680e+001-4.331e+001-7.234e+001 1.039e+003-8.478e+001 8.156e+002
 9.250e+001 2.930e+000 0.000e+000 0.000e+000 0.000e+000 0.000e+000 0.000e+000 0.000e+000 0.000e+000 0.000e+000 0.000e+000 0.000e+000 0.000e+000 0.000e+000 0.000e+000 0.000e+000 0.000e+000 0.000e+000 0.000e+000
 9.380e+001 2.930e+000 2.400e+001 6.485e+001 2.203e+002 5.944e+000 5.121e+001 1.178e+001 4.343e+003 3.951e+001 3.336e+002-6.306e+000-8.536e+001 1.064e+001-3.244e+001-2.513e+001 8.955e+002-3.704e+001 4.214e+002
 9.500e+001 2.930e+000 0.000e+000 0.000e+000 0.000e+000 0.000e+000 0.000e+000 0.000e+000 0.000e+000 0.000e+000 0.000e+000 0.000e+000 0.000e+000 0.000e+000 0.000e+000 0.000e+000 0.000e+000 0.000e+000 0.000e+000
 9.630e+001 2.930e+000 2.400e+001 4.259e+001 1.260e+002 2.748e+000 5.887e+001 8.064e+000 3.976e+003 2.711e+001-2.554e+001-8.113e+000-1.465e+001 6.630e+000-1.354e+001 1.645e+000 4.143e+002-1.725e+001 2.213e+002
 9.750e+001 2.930e+000 0.000e+000 0.000e+000 0.000e+000 0.000e+000 0.000e+000 0.000e+000 0.000e+000 0.000e+000 0.000e+000 0.000e+000 0.000e+000 0.000e+000 0.000e+000 0.000e+000 0.000e+000 0.000e+000 0.000e+000
 9.880e+001 2.930e+000 0.000e+000 0.000e+000 0.000e+000 0.000e+000 0.000e+000 0.000e+000 0.000e+000 0.000e+000 0.000e+000 0.000e+000 0.000e+000 0.000e+000 0.000e+000 0.000e+000 0.000e+000 0.000e+000 0.000e+000
 1.000e+002 2.930e+000 3.600e+001 1.203e+002-3.920e+001 2.217e+000 6.754e+001 4.287e+002 4.413e+004 2.147e+002-4.965e+002-1.355e+001 8.031e+001 1.324e+001 2.269e+001 9.137e+001-1.659e+003-4.326e+001 4.728e+002
 1.130e+002 2.930e+000 4.800e+001 6.604e+001 2.881e+002 4.991e+000 5.911e+001 4.494e+000 5.853e+003 8.549e+001 5.505e+002-1.128e+001-1.681e+002 4.101e+001-1.575e+002-1.033e+001 1.393e+003-1.599e+002 1.553e+003
 1.250e+002 2.930e+000 6.000e+001 5.079e+001 3.093e+002-6.092e+000 1.358e+002 8.798e+001 7.747e+003 1.950e+002 7.199e+002-1.593e+001-4.124e+002 5.808e+001-2.207e+002 1.695e+001 3.244e+003-2.571e+002 2.251e+003
 1.380e+002 2.930e+000 5.700e+001 5.076e+001 2.962e+002-2.727e+000 9.765e+001 7.103e+001 5.021e+003 1.511e+002 1.382e+002-1.281e+001-1.755e+002 3.386e+001-1.353e+002 4.171e+000 1.787e+003-1.325e+002 1.259e+003
 1.500e+002 2.930e+000 5.700e+001 4.197e+001 4.160e+002-5.471e-002 1.023e+002-1.092e+001 9.576e+003 1.969e+002-2.934e+002-1.114e+001-5.312e+000 1.218e+001-7.580e+001 1.029e-001 2.111e+003-3.218e+001 7.861e+002
 1.630e+002 2.930e+000 6.600e+001 4.774e+001 4.048e+002-7.067e+000 1.120e+002 1.427e+001 6.636e+003 1.381e+002 5.580e+002-7.200e+000-2.275e+002 3.997e+001-1.669e+002-2.849e+001 2.309e+003-1.749e+002 1.696e+003
 1.750e+002 2.930e+000 7.500e+001 6.634e+001 6.302e+002-1.040e+001 2.111e+002 1.648e+002 1.408e+004 3.535e+002 8.446e+002-2.082e+001-5.965e+002 1.058e+002-3.956e+002 2.987e+001 5.408e+003-4.368e+002 3.737e+003
 1.880e+002 2.930e+000 8.400e+001 1.034e+002 1.010e+003-3.841e+000 2.866e+002 4.013e+002 2.409e+004 6.950e+002-4.882e+002-2.652e+001-5.372e+002 1.586e+002-6.890e+002 1.660e+002 9.093e+003-6.023e+002 6.463e+003
 2.000e+002 2.930e+000 8.400e+001 1.225e+003 5.850e+003 1.151e+002-2.696e+001 1.471e+004 2.425e+005 1.761e+003-3.136e+004 9.970e+001 2.024e+003 1.256e+002-1.213e+003 5.782e+003 8.359e+004 3.416e+002 3.549e+004
 2.130e+002 2.930e+000 9.300e+001 2.249e+002 2.132e+003-6.046e+001 7.605e+002 1.932e+001 3.554e+004 1.116e+003-1.042e+003-7.930e+001-8.800e+002 1.374e+002-6.257e+002 7.324e+001 1.260e+004-5.751e+002 6.340e+003
 2.250e+002 2.930e+000 1.200e+002 4.838e+002 5.758e+003-1.732e+002 2.238e+003-8.502e+002 8.531e+004 3.525e+003-2.674e+003-2.340e+002-2.243e+003 3.699e+002-1.897e+003-9.728e+001 3.273e+004-1.472e+003 1.679e+004
 2.380e+002 2.930e+000 9.600e+001 2.261e+003 2.794e+004-8.300e+002 1.075e+004-5.836e+003 3.796e+005 1.638e+004-1.684e+004-1.105e+003-7.747e+003 9.438e+002-6.079e+003-1.013e+003 1.426e+005-3.843e+003 5.612e+004
 2.500e+002 2.930e+000 9.600e+001 6.850e+004 8.988e+005-2.565e+004 3.457e+005-2.021e+005 1.255e+007 5.487e+005-6.116e+005-3.582e+004-2.314e+005 2.853e+004-1.945e+005-3.269e+004 4.690e+006-1.131e+005 1.787e+006
 2.630e+002 2.930e+000 9.600e+001 1.668e+003 2.237e+004-6.372e+002 8.274e+003-5.323e+003 3.314e+005 1.403e+004-1.402e+004-8.570e+002-6.167e+003 8.046e+002-5.145e+003-9.879e+002 1.196e+005-3.110e+003 4.617e+004
 2.750e+002 2.930e+000 1.200e+002 4.284e+002 5.598e+003-1.629e+002 2.021e+003-9.229e+002 9.136e+004 3.489e+003-1.158e+003-2.082e+002-2.138e+003 2.785e+002-1.537e+003-2.477e+002 3.161e+004-1.073e+003 1.346e+004
 2.880e+002 2.930e+000 8.100e+001 1.780e+002 2.034e+003-6.345e+001 7.036e+002 4.014e+001 4.390e+004 1.437e+003 1.580e+003-7.629e+001-1.484e+003 1.935e+002-9.051e+002-8.110e+001 1.486e+004-7.827e+002 7.900e+003
 3.000e+002 2.930e+000 9.300e+001 9.674e+002 7.802e+003 1.101e+002 1.844e+003 1.489e+004 3.466e+005 8.653e+003-9.700e+003-7.343e+002-1.173e+004 7.146e+002-2.462e+003 4.482e+003 9.861e+004-4.001e+003 3.218e+004
 3.130e+002 2.930e+000 6.000e+001 2.144e+002 1.898e+003 7.310e+000 2.062e+002 4.580e+003 3.031e+005 5.135e+002-3.306e+003-3.198e+001 8.617e+002 1.077e+002-4.491e+002-1.821e+001-1.372e+004-4.902e+002 5.163e+003
 3.250e+002 2.930e+000 9.600e+001 3.033e+002 2.857e+003-1.914e+001 5.353e+002 1.003e+003 5.130e+004 3.998e+002-8.199e+002-4.243e+001-4.323e+002 8.244e+001-3.744e+002 2.466e+002 6.844e+003-3.344e+002 3.708e+003
 3.380e+002 2.930e+000 9.600e+001 1.269e+003 9.833e+003-5.250e+001 2.099e+003 5.399e+003 1.071e+005 7.561e+002 1.593e+002-1.172e+002-1.028e+003 8.894e+001-4.531e+002 1.141e+003 2.256e+004-4.388e+002 6.840e+003
 3.500e+002 2.930e+000 9.600e+001 3.413e+004 2.581e+005-1.793e+003 5.551e+004 1.521e+005 2.661e+006 4.239e+003 5.279e+004-1.638e+003-2.146e+004 2.649e+002-1.584e+003 2.581e+004 5.412e+005-4.497e+003 1.131e+005
 3.630e+002 2.930e+000 9.600e+001 1.207e+003 8.788e+003-5.627e+001 1.927e+003 5.134e+003 9.190e+004 3.029e+002 3.047e+003-5.232e+001-9.319e+002 8.190e+001-3.696e+002 7.957e+002 1.964e+004-3.878e+002 6.067e+003
 3.750e+002 2.930e+000 1.110e+002 2.750e+002 2.049e+003-2.397e+001 4.632e+002 1.127e+003 2.498e+004 1.023e+002 1.968e+003-1.393e+001-4.818e+002 6.508e+001-2.910e+002 8.031e+001 5.374e+003-2.549e+002 2.870e+003
 3.880e+002 2.930e+000 9.000e+001 1.032e+002 7.110e+002-6.077e+000 1.589e+002 4.477e+002 1.075e+004 1.635e+002 4.979e+002-6.894e+000-2.072e+002 5.574e+001-2.467e+002 4.407e+001 2.582e+003-1.883e+002 1.969e+003
 4.000e+002 2.930e+000 8.400e+001 8.635e+001 2.415e+002 1.573e+001 2.413e+001 8.425e+002 2.649e+004 5.666e+002 2.787e+002-6.722e+000-4.613e+002 7.211e+001-3.346e+002 1.363e+002 5.484e+003-2.648e+002 2.726e+003
 4.130e+002 2.930e+000 1.170e+002 5.923e+001 4.942e+002 3.761e+000 9.384e+001 3.859e+002 1.252e+004 3.226e+002 3.108e+002-1.207e+001-3.012e+002 8.113e+001-3.689e+002 7.592e+001 3.329e+003-2.780e+002 2.810e+003
 4.250e+002 2.930e+000 7.800e+001 3.882e+001 3.384e+002 9.831e-001 5.285e+001 2.634e+002 7.949e+003 1.913e+002 1.843e+002-6.518e+000-1.868e+002 4.064e+001-1.897e+002 4.090e+001 1.962e+003-1.385e+002 1.457e+003
 4.380e+002 2.930e+000 9.000e+001 5.226e+001 6.155e+002 9.617e-001 1.280e+002 4.063e+002 1.604e+004 4.280e+002 2.150e+002-2.165e+001-4.628e+002 7.660e+001-3.614e+002 1.096e+002 4.459e+003-2.900e+002 2.983e+003
 4.500e+002 2.930e+000 9.600e+001 7.151e+002 1.104e+004-3.598e+001 3.205e+003 8.055e+003 2.711e+005 8.824e+003-1.863e+004-5.698e+002-7.285e+003 5.236e+002-2.699e+003 3.475e+003 9.272e+004-3.249e+003 3.463e+004
 4.630e+002 2.930e+000 1.080e+002 5.583e+001 5.741e+002-1.630e+000 1.196e+002 5.918e+002 1.810e+004 3.689e+002-5.015e+001-1.848e+001-4.316e+002 5.600e+001-2.629e+002 1.191e+002 4.570e+003-2.473e+002 2.564e+003
 4.750e+002 2.930e+000 8.700e+001 3.636e+001 3.028e+002 4.374e+000 2.683e+001 4.598e+002 1.171e+004 2.135e+002 1.927e+001-7.965e+000-2.281e+002 4.634e+001-2.089e+002 7.075e+001 2.306e+003-1.665e+002 1.655e+003
 4.880e+002 2.930e+000 8.700e+001 4.087e+001 3.333e+002 9.255e+000 1.800e+001 5.240e+002 1.318e+004 3.007e+002-5.300e+002-9.891e+000-1.643e+002 4.323e+001-1.966e+002 9.254e+001 2.322e+003-1.549e+002 1.538e+003
 5.000e+002 2.930e+000 8.100e+001 6.614e+001 4.280e+002 1.774e+001-4.974e-001 7.890e+002 1.835e+004 3.884e+002-7.560e+002-1.386e+001-1.975e+002 3.400e+001-1.357e+002 1.220e+002 2.809e+003-1.339e+002 1.209e+003
 5.130e+002 2.930e+000 1.080e+002 1.413e+002 1.243e+003 2.860e+001-1.793e+001 3.121e+003 1.314e+005 1.232e+003-4.340e+003-3.008e+001-1.007e+002 8.069e+001-3.839e+002 1.671e+002 2.654e+003-3.060e+002 3.402e+003
 5.250e+002 2.930e+000 9.300e+001 1.889e+002-1.043e+002 4.852e+001 1.379e+002 4.340e+003 2.366e+005 4.537e+002 7.225e+002-5.750e+001 5.066e+000 8.079e+001-4.458e+002 4.871e+002-6.303e+003-4.159e+002 5.217e+003
 5.380e+002 2.930e+000 9.600e+001 8.811e+002 3.629e+003 3.281e+002-2.063e+001 1.421e+004 2.531e+005 6.791e+003-1.373e+004-3.177e+002-3.929e+003 2.699e+002-1.354e+003 3.224e+003 5.378e+004-1.295e+003 1.317e+004
 5.500e+002 2.930e+000 9.600e+001 7.705e+004 2.901e+005 3.137e+004-1.929e+004 1.291e+006 2.278e+007 6.299e+005-1.409e+006-2.733e+004-3.404e+005 2.255e+004-1.107e+005 2.875e+005 4.757e+006-1.101e+005 1.082e+006
 5.630e+002 2.930e+000 1.200e+002 1.297e+003 4.706e+003 5.194e+002-4.885e+002 2.167e+004 3.853e+005 1.030e+004-2.462e+004-4.171e+002-5.275e+003 3.821e+002-1.903e+003 4.669e+003 7.779e+004-1.848e+003 1.858e+004
 5.750e+002 2.930e+000 9.600e+001 1.758e+002 5.963e+002 6.195e+001-7.258e+001 2.901e+003 5.286e+004 1.244e+003-2.891e+003-4.899e+001-6.915e+002 5.575e+001-2.752e+002 5.682e+002 9.854e+003-2.584e+002 2.651e+003
 5.880e+002 2.930e+000 8.700e+001 8.383e+001 2.301e+002 2.515e+001-2.741e+001 1.282e+003 2.419e+004 5.188e+002-7.236e+002-2.140e+001-3.916e+002 4.344e+001-2.156e+002 2.342e+002 4.624e+003-1.754e+002 1.878e+003
 6.000e+002 2.930e+000 1.140e+002 2.001e+002 1.023e+003 4.182e+001 4.164e+001 1.642e+003 2.939e+004 6.760e+002-1.632e+003-4.310e+001-2.766e+002 4.455e+001-2.197e+002 3.768e+002 4.634e+003-1.662e+002 1.826e+003
 6.130e+002 2.930e+000 8.700e+001 8.641e+001 4.412e+002 1.524e+001 7.286e+001 6.732e+002 1.197e+004 3.034e+002-2.708e+002-2.303e+001-1.882e+002 2.507e+001-1.307e+002 1.673e+002 2.498e+003-9.046e+001 1.096e+003
 6.250e+002 2.930e+000 8.700e+001 3.160e+001 7.219e+001 9.058e+000-1.856e+001 4.222e+002 7.799e+003 1.423e+002-2.494e+002-5.600e+000-1.053e+002 2.032e+001-9.494e+001 7.053e+001 1.146e+003-7.596e+001 7.856e+002
 6.380e+002 2.930e+000 7.500e+001 4.100e+001 8.610e+000 1.299e+001-2.503e+001 4.883e+002 7.885e+003 1.582e+002 4.958e+001-8.311e+000-1.694e+002 2.942e+001-1.390e+002 8.296e+001 1.307e+003-1.043e+002 1.091e+003
 6.500e+002 2.930e+000 1.050e+002 6.199e+003-1.232e+004 2.158e+003-1.829e+003 4.418e+004 3.479e+005 1.210e+004 1.114e+004-1.670e+003-1.633e+004 1.228e+003-3.805e+003 1.203e+004 9.050e+004-3.976e+003 2.485e+004
 6.630e+002 2.930e+000 8.100e+001 2.100e+001 7.481e+001 3.768e+000-3.437e-001 1.568e+002 3.232e+003 4.240e+001 1.576e+002-2.960e+000-6.242e+001 2.148e+001-1.098e+002 2.310e+001 4.618e+002-7.490e+001 8.593e+002
 6.750e+002 2.930e+000 6.300e+001 6.756e+000 3.635e+001 3.637e-002 2.319e+000 6.523e+001 1.984e+003 2.175e+000 2.559e+002-6.780e-001-5.314e+001 1.398e+001-7.086e+001 2.715e+000 2.193e+002-4.846e+001 5.534e+002
 6.880e+002 2.930e+000 6.900e+001 7.653e+000 3.553e+001 1.321e+000 3.993e-001 5.965e+001 1.762e+003 9.952e+000 1.623e+002-1.300e+000-4.213e+001 1.544e+001-7.814e+001 1.232e+001 2.291e+002-5.388e+001 6.111e+002
 7.000e+002 2.930e+000 9.300e+001 3.714e+001 2.918e+002 4.701e+000 4.792e+001 4.503e+002 1.030e+004 1.525e+002 6.528e+001-6.149e+000-7.852e+001 2.029e+001-1.196e+002 8.474e+001 1.944e+003-7.416e+001 1.147e+003
 7.130e+002 2.930e+000 6.600e+001 6.742e+000 4.456e+001 6.600e-001 5.632e-001 6.060e+001 2.493e+003 5.270e-001 8.802e+001-3.220e-001-9.915e+000 1.276e+001-6.392e+001 8.233e-001 1.322e+001-4.519e+001 5.144e+002
 7.250e+002 2.930e+000 6.300e+001 4.655e+001 6.696e+001 2.703e+000-7.723e+001 2.755e+003 1.828e+005 1.247e+002-4.119e+003 1.794e+001 1.056e+003 1.742e+001-7.208e+001-1.903e+002-1.247e+004-1.152e+002 1.406e+003
 7.380e+002 2.930e+000 5.700e+001 6.349e+000 5.058e+001-6.611e-001-4.449e+000 1.033e+002 4.535e+003-3.513e+001 7.575e+001 1.321e+000 1.086e+001 1.245e+001-6.413e+001-1.287e+001-3.263e+002-4.573e+001 5.269e+002
 7.500e+002 2.930e+000 1.050e+002 4.268e+001 3.914e+002 6.259e+000 8.333e+000 6.085e+002 1.522e+004 1.707e+002-2.981e+002-6.033e+000-2.317e+001 1.276e+001-6.664e+001 3.562e+001 7.148e+002-4.079e+001 5.619e+002
 7.630e+002 2.930e+000 5.700e+001 7.951e+000 4.954e+001-4.120e-001 9.990e+000 7.508e+001 1.701e+003 1.168e+001 1.908e+002-1.957e+000-4.402e+001 9.772e+000-5.257e+001 7.142e-001 1.710e+002-3.119e+001 4.038e+002
 7.750e+002 2.930e+000 7.800e+001 1.872e+001 1.598e+002 4.338e+000-5.125e+000 1.400e+002 3.521e+003 4.411e+001-2.195e+002-1.533e+000 3.162e+001 1.252e+001-6.483e+001 1.888e+001 1.169e+002-4.026e+001 4.993e+002
 7.880e+002 2.930e+000 7.800e+001 1.717e+001 1.759e+002 2.989e+000 1.220e+001 1.309e+002 3.815e+003 6.841e+001-1.512e+002-4.374e+000 2.196e+000 1.214e+001-6.212e+001 2.206e+001 3.032e+002-4.039e+001 4.869e+002
 8.000e+002 2.930e+000 1.020e+002 1.168e+002 1.482e+003 1.127e+001-2.451e+001 1.088e+003 3.283e+004 2.619e+002-6.183e+002-1.458e+001 2.617e+001 1.432e+001-6.192e+001 1.600e+001-6.924e+002-4.057e+001 5.932e+002
 8.130e+002 2.930e+000 8.400e+001 1.415e+002 1.096e+003 1.990e+000 1.647e+002 8.924e+002 1.652e+004 2.436e+002 1.276e+003-2.647e+001-1.216e+002 1.524e+001-8.610e+001-6.583e+001 8.925e+002-2.344e+001 7.342e+002
 8.250e+002 2.930e+000 6.000e+001 4.600e+001 4.898e+002 8.161e+000 1.968e+001 3.305e+002 8.413e+003 1.554e+002-3.935e+002-7.966e+000 3.849e+001 1.233e+001-5.965e+001 4.275e+001 5.496e+002-3.858e+001 4.488e+002
 8.380e+002 2.930e+000 1.290e+002 1.300e+002 1.439e+003-9.388e+000 1.132e+002 1.071e+003 2.745e+004 8.667e+001 2.704e+003-1.271e+001-2.021e+002 1.095e+001-7.530e+001-1.653e+002-1.198e+001-2.484e+001 8.398e+002
 8.500e+002 2.930e+000 9.600e+001 4.507e+003 5.073e+004-4.890e+002 5.406e+003 3.516e+004 8.536e+005 3.066e+003 1.262e+005-6.040e+002-1.031e+004 1.506e+002-1.635e+003-7.441e+003 3.713e+003 3.562e+002 1.967e+004
 8.630e+002 2.930e+000 8.400e+001 7.047e+001 7.956e+002-2.688e-001 4.689e+001 6.614e+002 1.659e+004 8.032e+001 1.194e+003-6.393e+000-7.106e+001 6.432e+000-3.796e+001-6.339e+001 3.045e+001-1.338e+001 3.824e+002
 8.750e+002 2.930e+000 8.700e+001 3.224e+001 3.829e+002 4.518e+000 6.525e+000 3.794e+002 1.040e+004 1.037e+002-1.218e+002-3.598e+000 2.140e+001 6.819e+000-3.418e+001 1.244e+001 2.623e+002-2.161e+001 2.874e+002
 8.880e+002 2.930e+000 1.290e+002 7.228e+001 9.460e+002 1.181e+001 8.165e+000 7.846e+002 2.355e+004 2.317e+002-5.461e+002-7.432e+000 1.109e+002 1.224e+001-5.549e+001 3.411e+001 3.332e+002-3.524e+001 4.445e+002
 9.000e+002 2.930e+000 9.600e+001 8.646e+002 1.142e+004 1.636e+002 9.434e+002 8.292e+003 2.339e+005 4.780e+003-5.731e+003-2.427e+002-1.252e+002 1.061e+002-5.112e+002 1.104e+003 2.295e+004-1.545e+002 2.776e+003
 9.130e+002 2.930e+000 9.600e+001 2.284e+003 2.998e+004 4.327e+002 2.533e+003 2.224e+004 6.133e+005 1.270e+004-1.407e+004-6.506e+002-6.063e+002 2.775e+002-1.340e+003 2.934e+003 6.125e+004-3.845e+002 7.116e+003
 9.250e+002 2.930e+000 9.600e+001 1.422e+002 1.905e+003 2.729e+001 9.288e+001 1.686e+003 4.811e+004 6.727e+002-9.900e+002-2.615e+001 7.858e+001 1.635e+001-7.677e+001 1.470e+002 2.863e+003-3.015e+001 4.774e+002
 9.380e+002 2.930e+000 1.260e+002 5.897e+002 8.172e+003 1.205e+002 4.033e+002 7.726e+003 2.441e+005 3.120e+003-4.948e+003-1.178e+002 5.359e+002 6.133e+001-2.810e+002 6.022e+002 1.025e+004-1.036e+002 1.787e+003
 9.500e+002 2.930e+000 9.600e+001 1.391e+004 1.946e+005 3.035e+003 1.008e+004 1.760e+005 4.960e+006 7.793e+004-9.576e+004-2.825e+003 6.736e+003 1.250e+003-5.607e+003 1.599e+004 3.433e+005-1.091e+003 2.631e+004
 9.630e+002 2.930e+000 9.300e+001 3.934e+002 5.627e+003 8.375e+001 2.987e+002 5.143e+003 1.494e+005 2.251e+003-2.807e+003-7.934e+001 1.860e+002 4.068e+001-1.914e+002 4.568e+002 1.026e+004-5.194e+001 1.049e+003
 9.750e+002 2.930e+000 1.170e+002 1.055e+002 1.467e+003 1.836e+001 7.423e+001 1.436e+003 4.225e+004 5.128e+002-4.697e+002-1.733e+001 4.873e+001 1.215e+001-6.047e+001 8.886e+001 2.253e+003-1.952e+001 4.046e+002
 9.880e+002 2.930e+000 1.200e+002 1.013e+002 1.530e+003 2.569e+001 4.605e+001 1.511e+003 4.864e+004 6.571e+002-1.225e+003-1.730e+001 1.735e+002 1.605e+001-7.032e+001 1.108e+002 2.194e+003-2.697e+001 4.568e+002
 1.000e+003 2.930e+000 4.590e+002 5.015e+002 8.790e+003 1.360e+002 4.737e+002 8.777e+003 3.289e+005 4.601e+003 1.207e+003-1.158e+002 5.245e+002 9.423e+001-3.926e+002 3.453e+002 1.556e+004-4.969e+001 3.231e+003
 1.130e+003 2.930e+000 9.150e+002 1.469e+003 1.645e+004 7.844e+002-4.093e+003 6.691e+004 3.840e+006 3.826e+004-2.746e+005 1.899e+002 2.601e+004 6.560e+002-2.189e+003 8.833e+002-5.143e+004-3.586e+003 3.171e+004
 1.250e+003 2.930e+000 8.760e+002 1.484e+004 7.679e+004 2.537e+003 3.596e+004 2.671e+005 5.281e+006 6.489e+004 5.606e+005-3.609e+003-5.034e+004 1.372e+003-1.169e+004 1.502e+004 4.561e+005 2.290e+003 1.074e+005
 1.380e+003 2.930e+000 7.440e+002 3.871e+002-5.140e+003-5.860e+002 5.086e+003-3.362e+004 5.047e+006 7.311e+004-7.444e+005-3.255e+002 5.525e+004 1.703e+003-1.289e+004-3.110e+003 3.037e+005-7.626e+003 1.329e+005
 1.500e+003 2.930e+000 6.600e+001 1.176e+002 2.044e+002 7.809e+000 1.826e+002 2.056e+003 5.986e+004 4.299e+002 3.504e+002-1.305e+001 6.086e+001 1.041e+001-8.179e+001-5.403e+001-1.931e+002-2.234e+001 1.118e+003
 1.630e+003 2.930e+000 6.600e+001 1.463e+001 1.313e+002 1.077e+000-1.043e+001 3.286e+002 1.490e+004 7.041e+001-1.101e+003 1.494e+000 1.480e+002 4.874e+000-4.332e+001-3.420e+001-1.231e+003-3.426e+001 8.194e+002
 1.750e+003 2.930e+000 4.800e+001 5.166e+001 2.751e+002 6.436e-001-1.811e+002 1.180e+003 3.524e+004-1.068e+002-4.613e+003 1.789e+001 6.026e+002 1.623e+001-1.816e+002-2.477e+002-8.570e+003-1.694e+002 4.039e+003
 1.880e+003 2.930e+000 7.200e+001 1.392e+002 7.246e+002 7.643e+000 1.173e+002 2.853e+003 7.334e+004-6.037e+001 2.057e+002 6.986e+000 5.803e+002 2.081e+001-2.336e+002-1.913e+002-9.331e+003-1.894e+002 5.357e+003
 2.000e+003 2.930e+000 7.200e+001 8.540e+001 6.793e+002 7.716e+000-4.606e+002 2.633e+003 1.004e+005-1.083e+002-1.205e+004 4.348e+001 1.622e+003 2.868e+001-2.453e+002-4.644e+002-2.070e+004-3.396e+002 6.361e+003
 2.130e+003 2.930e+000 4.800e+001 5.127e+001-2.499e+001 1.174e+000 3.857e+001 1.215e+003 3.298e+004 7.475e-002 6.609e+000 2.357e+000 1.729e+002 6.196e+000-6.204e+001-9.868e+001-4.046e+003-6.918e+001 1.711e+003
 2.250e+003 2.930e+000 6.000e+001 1.151e+001 7.146e-001-5.322e-001-1.194e+001 2.919e+002 1.062e+004-1.919e+001-6.282e+002 2.970e+000 1.373e+002 2.797e+000-2.228e+001-4.490e+001-1.766e+003-2.979e+001 5.820e+002
 2.380e+003 2.930e+000 6.900e+001 4.665e+001 4.186e+001 1.261e+000-1.359e+002 1.216e+003 3.692e+004-3.259e+001-4.371e+003 1.759e+001 5.925e+002 1.173e+001-1.082e+002-1.863e+002-7.260e+003-1.279e+002 2.604e+003
 2.500e+003 2.930e+000 3.900e+001 3.682e+000 2.197e+001 3.929e-001-1.206e+001 1.005e+002 3.430e+003 2.251e+000-3.796e+002 1.430e+000 5.561e+001 1.290e+000-1.059e+001-1.271e+001-5.876e+002-1.242e+001 2.435e+002
 2.630e+003 2.930e+000 6.900e+001 1.415e+001 4.893e+001 4.357e-001-2.959e+001 3.168e+002 8.129e+003-4.392e+000-6.883e+002 4.038e+000 1.163e+002 2.647e+000-2.101e+001-4.062e+001-1.237e+003-2.536e+001 4.589e+002
 2.750e+003 2.930e+000 6.300e+001 3.077e+000 8.150e+000 1.189e-002-1.586e+000 7.083e+001 2.039e+003-1.404e+000-6.375e+001 6.825e-001 2.572e+001 6.949e-001-3.988e+000-7.401e+000-2.603e+002-6.387e+000 1.057e+002
 2.880e+003 2.930e+000 4.200e+001 2.179e+000 6.287e+000 1.939e-001-5.658e+000 5.373e+001 1.661e+003 5.789e+000-1.850e+002 7.391e-001 2.498e+001 5.446e-001-3.093e+000-6.628e+000-2.112e+002-5.348e+000 7.929e+001
 3.000e+003 2.930e+000 6.900e+001 4.325e+000 5.159e+001 1.243e+000-5.040e+000 9.517e+001 3.560e+003 3.535e+001-3.891e+002 1.317e-001 4.464e+001 1.537e+000-8.945e+000 2.666e+000-1.139e+002-9.786e+000 1.423e+002
 3.130e+003 2.930e+000 6.600e+001 1.453e+000 3.964e+000 5.112e-002-3.663e+000 3.988e+001 1.276e+003-1.810e-001-1.120e+002 6.503e-001 2.222e+001 5.276e-001-2.887e+000-5.145e+000-1.907e+002-4.348e+000 6.480e+001
 3.250e+003 2.930e+000 3.600e+001 2.391e+000 1.486e+001 2.363e-001-4.975e+000 5.347e+001 1.642e+003 4.539e+000-1.679e+002 6.369e-001 2.573e+001 5.888e-001-3.407e+000-5.000e+000-2.044e+002-5.085e+000 7.327e+001
 3.380e+003 2.930e+000 6.900e+001 4.673e+000 1.733e+001-1.800e-001-1.536e+001 1.272e+002 3.770e+003-1.189e+001-3.863e+002 2.196e+000 6.575e+001 1.397e+000-1.121e+001-2.444e+001-7.687e+002-1.408e+001 2.631e+002
 3.500e+003 2.930e+000 7.200e+001 1.660e+001 1.080e+002 7.954e-001-1.363e+002 4.769e+002 1.462e+004-6.389e+001-2.958e+003 1.346e+001 3.989e+002 1.191e+001-1.131e+002-1.576e+002-5.493e+003-1.461e+002 2.892e+003
 3.630e+003 2.930e+000 4.800e+001 1.543e+001 1.479e+002-1.046e+000-4.226e+001 3.961e+002 1.180e+004-8.807e+001-1.227e+002 6.676e+000 1.620e+002 3.333e+000-2.891e+001-1.015e+002-2.990e+003-4.475e+001 8.780e+002
 3.750e+003 2.930e+000 7.200e+001 7.224e+000 4.439e+001 2.253e-001-3.082e+001 1.893e+002 5.497e+003-1.185e+001-6.549e+002 3.415e+000 9.574e+001 2.045e+000-1.676e+001-3.658e+001-1.185e+003-2.321e+001 4.209e+002
 3.880e+003 2.930e+000 7.200e+001 2.775e+001 1.360e+002 3.303e-001-1.664e+002 7.541e+002 2.137e+004-7.367e+001-3.498e+003 1.765e+001 4.873e+002 1.207e+001-1.117e+002-2.283e+002-7.061e+003-1.564e+002 3.100e+003
 4.000e+003 2.930e+000 4.800e+001 1.368e+001 1.299e+002 2.262e-001-7.555e+000 3.834e+002 1.233e+004 1.339e+001-1.650e+002 2.001e+000 6.381e+001 3.765e+000-3.946e+001-4.016e+001-9.774e+002-4.406e+001 9.962e+002
 4.130e+003 2.930e+000 7.200e+001 1.809e+001 7.130e+001 3.776e-002-1.297e+002 5.019e+002 1.441e+004-4.562e+001-3.009e+003 1.334e+001 3.768e+002 1.113e+001-1.119e+002-1.826e+002-5.594e+003-1.511e+002 3.231e+003
 4.250e+003 2.930e+000 7.200e+001 4.723e+000 1.965e+001 3.782e-001-2.806e+001 1.314e+002 3.978e+003 6.042e+000-8.051e+002 2.845e+000 8.875e+001 2.573e+000-2.186e+001-3.216e+001-1.052e+003-3.184e+001 6.158e+002
 4.380e+003 2.930e+000 4.500e+001 3.465e+000 7.524e+000-5.549e-001-5.149e+000 8.840e+001 2.370e+003-1.488e+001-1.445e+002 1.690e+000 4.594e+001 1.443e+000-1.263e+001-2.676e+001-7.186e+002-1.880e+001 3.774e+002
 4.500e+003 2.930e+000 7.200e+001 8.650e+000 4.276e+001-9.834e-001-1.741e+001 2.112e+002 5.529e+003-3.747e+001-2.027e+002 3.790e+000 9.261e+001 3.124e+000-3.096e+001-6.331e+001-1.629e+003-4.197e+001 9.192e+002
 4.630e+003 2.930e+000 7.200e+001 2.762e+000 9.347e+000-2.041e-001 1.024e+000 6.193e+001 1.565e+003-4.677e-001-5.708e+001 5.670e-001 1.746e+001 8.255e-001-6.245e+000-7.632e+000-1.725e+002-8.548e+000 1.588e+002
 4.750e+003 2.930e+000 4.800e+001 4.455e+000 2.038e+001-1.717e-001-4.652e+000 1.099e+002 2.914e+003-7.023e+000-6.562e+001 1.259e+000 3.179e+001 6.815e-001-4.961e+000-1.733e+001-4.415e+002-7.466e+000 1.379e+002
 4.880e+003 2.930e+000 7.200e+001 5.301e+000 2.483e+001 2.611e-001-1.538e+001 1.338e+002 3.730e+003 2.884e+000-4.191e+002 1.842e+000 5.340e+001 1.078e+000-7.739e+000-1.585e+001-4.952e+002-1.038e+001 1.792e+002
 5.000e+003 2.930e+000 7.200e+001 3.425e+000 7.939e+000-3.255e-001 8.737e-002 7.592e+001 1.829e+003-6.238e+000-2.888e+001 9.306e-001 2.365e+001 7.555e-001-5.001e+000-1.249e+001-2.848e+002-6.915e+000 1.181e+002
 5.130e+003 2.930e+000 4.500e+001 2.974e+000 7.646e+000-1.724e-001-2.962e+000 6.743e+001 1.615e+003-4.257e+000-7.400e+001 8.207e-001 2.001e+001 4.502e-001-2.703e+000-8.973e+000-2.200e+002-4.076e+000 6.207e+001
 5.250e+003 2.930e+000 7.200e+001 2.640e+000 7.280e-001-2.695e-001-4.008e+000 5.867e+001 1.363e+003-4.606e+000-1.111e+002 1.215e+000 2.841e+001 8.345e-001-4.840e+000-1.306e+001-2.888e+002-7.371e+000 1.087e+002
 5.380e+003 2.930e+000 7.200e+001 2.496e+000-4.949e-001-2.995e-001-3.760e+000 5.594e+001 1.312e+003-6.271e+000-9.700e+001 1.187e+000 2.766e+001 8.289e-001-4.723e+000-1.262e+001-2.918e+002-7.310e+000 1.026e+002
 5.500e+003 2.930e+000 4.800e+001 1.000e+000-1.280e+000-4.816e-002-1.718e+000 2.159e+001 5.031e+002 3.296e-001-5.750e+001 4.905e-001 1.150e+001 3.992e-001-1.929e+000-4.425e+000-9.366e+001-3.269e+000 4.414e+001
 5.630e+003 2.930e+000 7.200e+001 2.884e+000-2.821e+000-3.478e-001-4.097e+000 6.104e+001 1.355e+003-4.377e+000-1.161e+002 1.517e+000 3.341e+001 1.087e+000-6.300e+000-1.736e+001-3.524e+002-1.045e+001 1.582e+002
 5.750e+003 2.930e+000 7.200e+001 2.822e+000-2.140e+000-2.682e-001-4.836e+000 5.982e+001 1.325e+003-2.949e+000-1.384e+002 1.439e+000 3.142e+001 1.001e+000-5.178e+000-1.356e+001-2.798e+002-8.526e+000 1.140e+002
 5.880e+003 2.930e+000 4.800e+001 1.523e+000-1.319e+000-1.313e-001-2.359e+000 3.177e+001 7.068e+002-7.739e-001-7.317e+001 7.719e-001 1.653e+001 5.608e-001-2.631e+000-7.931e+000-1.595e+002-5.397e+000 7.134e+001
 6.000e+003 2.930e+000 7.200e+001 5.164e+000 1.941e+000-4.649e-001-6.964e+000 1.074e+002 2.352e+003-4.810e+000-2.128e+002 1.952e+000 4.245e+001 1.516e+000-9.674e+000-1.958e+001-3.838e+002-1.412e+001 2.136e+002
 6.130e+003 2.930e+000 7.200e+001 3.062e+000-3.362e+000-2.310e-001-6.653e+000 6.446e+001 1.407e+003-1.904e+000-1.771e+002 1.645e+000 3.597e+001 1.100e+000-5.837e+000-1.644e+001-3.434e+002-9.942e+000 1.340e+002
 6.250e+003 2.930e+000 4.800e+001 3.143e+000-3.875e+000-2.747e-001-4.414e+000 6.449e+001 1.358e+003-2.618e+000-1.292e+002 1.489e+000 3.190e+001 9.855e-001-4.752e+000-1.444e+001-2.936e+002-9.034e+000 1.149e+002
 6.380e+003 2.930e+000 7.200e+001 4.930e+000-8.198e+000-7.803e-001-6.195e+000 9.924e+001 2.056e+003-1.004e+001-1.939e+002 2.702e+000 5.681e+001 1.849e+000-9.467e+000-2.947e+001-5.852e+002-1.699e+001 2.227e+002
 6.500e+003 2.930e+000 7.200e+001 4.288e+000-6.783e+000-5.887e-001-5.950e+000 8.596e+001 1.773e+003-6.567e+000-1.735e+002 2.451e+000 5.092e+001 1.755e+000-8.224e+000-2.521e+001-4.971e+002-1.586e+001 1.949e+002
 6.630e+003 2.930e+000 4.800e+001 4.733e+000-3.557e+000-5.174e-001-5.741e+000 9.277e+001 1.886e+003-4.818e+000-1.713e+002 2.195e+000 4.662e+001 1.557e+000-7.683e+000-2.247e+001-4.364e+002-1.313e+001 1.600e+002
 6.750e+003 2.930e+000 7.200e+001 7.971e+000-9.411e+000-8.763e-001-1.311e+001 1.566e+002 3.199e+003-7.293e+000-3.840e+002 4.238e+000 8.980e+001 3.054e+000-1.587e+001-4.453e+001-8.742e+002-2.797e+001 3.529e+002
 6.880e+003 2.930e+000 7.200e+001 7.882e+000-1.289e+001-1.203e+000-1.362e+001 1.541e+002 3.084e+003-1.479e+001-3.595e+002 4.639e+000 9.394e+001 3.137e+000-1.603e+001-4.836e+001-9.324e+002-2.783e+001 3.468e+002
 7.000e+003 2.930e+000 4.800e+001 5.930e+000-1.177e+001-1.034e+000-7.869e+000 1.112e+002 2.136e+003-1.178e+001-2.289e+002 3.378e+000 6.639e+001 2.297e+000-1.097e+001-3.519e+001-6.523e+002-2.008e+001 2.369e+002
 7.130e+003 2.930e+000 7.200e+001 1.583e+001-3.514e+001-2.582e+000-2.834e+001 3.018e+002 5.863e+003-2.764e+001-7.636e+002 9.583e+000 1.893e+002 6.402e+000-3.366e+001-9.776e+001-1.802e+003-5.520e+001 6.700e+002
 7.250e+003 2.930e+000 7.200e+001 1.629e+001-3.529e+001-2.842e+000-2.679e+001 3.057e+002 5.846e+003-3.109e+001-7.278e+002 9.947e+000 1.939e+002 6.801e+000-3.456e+001-1.005e+002-1.832e+003-5.775e+001 6.827e+002
 7.380e+003 2.930e+000 4.800e+001 1.945e+001-4.577e+001-3.619e+000-3.133e+001 3.614e+002 6.850e+003-3.928e+001-8.613e+002 1.161e+001 2.253e+002 7.814e+000-4.076e+001-1.145e+002-2.056e+003-6.380e+001 7.449e+002
 7.500e+003 2.930e+000 7.200e+001 4.680e+001-1.018e+002-9.083e+000-7.496e+001 8.576e+002 1.599e+004-1.031e+002-2.024e+003 2.822e+001 5.392e+002 1.921e+001-1.024e+002-2.896e+002-5.153e+003-1.623e+002 1.940e+003
 7.630e+003 2.930e+000 7.200e+001 9.419e+001-2.057e+002-1.985e+001-1.435e+002 1.706e+003 3.138e+004-2.344e+002-3.856e+003 5.685e+001 1.074e+003 3.889e+001-2.085e+002-5.700e+002-1.001e+004-3.165e+002 3.712e+003
 7.750e+003 2.930e+000 4.800e+001 1.068e+002-2.354e+002-2.200e+001-1.796e+002 1.913e+003 3.482e+004-2.467e+002-4.691e+003 6.604e+001 1.233e+003 4.604e+001-2.500e+002-6.618e+002-1.146e+004-3.771e+002 4.464e+003
 7.880e+003 2.930e+000 7.200e+001 9.562e+002-2.077e+003-2.084e+002-1.518e+003 1.689e+004 3.030e+005-2.421e+003-3.972e+004 5.802e+002 1.070e+004 3.979e+002-2.216e+003-5.929e+003-1.014e+005-3.269e+003 3.923e+004
 8.000e+003 2.930e+000 7.200e+001 1.331e+004-2.804e+004-2.925e+003-2.165e+004 2.329e+005 4.133e+006-3.415e+004-5.509e+005 8.083e+003 1.476e+005 5.552e+003-3.110e+004-8.167e+004-1.383e+006-4.483e+004 5.363e+005
 8.130e+003 2.930e+000 4.800e+001 3.437e+002-6.851e+002-7.339e+001-5.702e+002 5.938e+003 1.040e+005-8.588e+002-1.387e+004 2.051e+002 3.690e+003 1.383e+002-7.716e+002-2.014e+003-3.366e+004-1.083e+003 1.279e+004
 8.250e+003 2.930e+000 7.200e+001 2.549e+002-4.830e+002-5.886e+001-3.747e+002 4.330e+003 7.450e+004-7.137e+002-9.212e+003 1.501e+002 2.663e+003 1.027e+002-5.690e+002-1.493e+003-2.465e+004-7.982e+002 9.375e+003
 8.380e+003 2.930e+000 7.200e+001 5.696e+001-9.436e+001-1.240e+001-9.248e+001 9.616e+002 1.642e+004-1.528e+002-2.103e+003 3.364e+001 5.891e+002 2.293e+001-1.265e+002-3.215e+002-5.278e+003-1.719e+002 2.003e+003
 8.500e+003 2.930e+000 4.800e+001 2.448e+001-3.830e+001-5.311e+000-3.901e+001 4.056e+002 6.800e+003-6.452e+001-8.693e+002 1.425e+001 2.453e+002 9.670e+000-5.290e+001-1.354e+002-2.183e+003-7.174e+001 8.335e+002
 8.630e+003 2.930e+000 7.200e+001 3.214e+001-4.983e+001-8.045e+000-4.716e+001 5.280e+002 8.784e+003-1.013e+002-1.075e+003 1.944e+001 3.333e+002 1.417e+001-7.668e+001-1.843e+002-2.958e+003-1.021e+002 1.170e+003
 8.750e+003 2.930e+000 7.200e+001 1.541e+001-2.184e+001-3.292e+000-2.671e+001 2.517e+002 4.175e+003-3.947e+001-5.634e+002 9.381e+000 1.588e+002 6.705e+000-3.489e+001-8.102e+001-1.287e+003-4.527e+001 5.009e+002
 8.880e+003 2.930e+000 4.800e+001 6.637e+000-8.899e+000-1.595e+000-9.601e+000 1.049e+002 1.688e+003-1.956e+001-2.004e+002 3.739e+000 6.158e+001 2.650e+000-1.442e+001-3.356e+001-5.159e+002-1.730e+001 2.002e+002
 9.000e+003 2.930e+000 7.200e+001 1.268e+001-1.560e+001-2.768e+000-1.739e+001 1.973e+002 3.116e+003-3.335e+001-3.593e+002 7.024e+000 1.133e+002 4.818e+000-2.534e+001-6.335e+001-9.603e+002-3.321e+001 3.740e+002
 9.130e+003 2.930e+000 7.200e+001 7.401e+000-7.685e+000-1.664e+000-8.925e+000 1.141e+002 1.791e+003-2.089e+001-1.818e+002 4.007e+000 6.416e+001 2.779e+000-1.396e+001-3.574e+001-5.411e+002-1.847e+001 2.053e+002
 9.250e+003 2.930e+000 4.800e+001 3.456e+000-3.407e+000-9.529e-001-4.059e+000 5.357e+001 8.502e+002-1.293e+001-7.872e+001 1.930e+000 3.119e+001 1.480e+000-7.357e+000-1.654e+001-2.548e+002-8.717e+000 9.424e+001
 9.380e+003 2.930e+000 7.200e+001 6.983e+000-7.077e+000-1.724e+000-9.413e+000 1.058e+002 1.635e+003-2.200e+001-1.832e+002 3.836e+000 6.068e+001 2.752e+000-1.449e+001-3.297e+001-4.907e+002-1.691e+001 1.913e+002
 9.500e+003 2.930e+000 7.200e+001 4.453e+000-2.414e+000-9.276e-001-5.891e+000 6.704e+001 1.037e+003-1.182e+001-1.090e+002 2.369e+000 3.700e+001 1.764e+000-8.829e+000-2.017e+001-2.988e+002-1.124e+001 1.277e+002
 9.630e+003 2.930e+000 4.800e+001 2.599e+000-2.093e+000-5.583e-001-2.695e+000 3.847e+001 5.907e+002-7.022e+000-5.460e+001 1.318e+000 2.065e+001 9.539e-001-4.469e+000-1.124e+001-1.664e+002-6.038e+000 6.633e+001
 9.750e+003 2.930e+000 7.200e+001 4.445e+000-1.926e+000-1.070e+000-4.599e+000 6.486e+001 9.751e+002-1.415e+001-8.148e+001 2.257e+000 3.393e+001 1.653e+000-8.471e+000-1.913e+001-2.763e+002-1.002e+001 1.154e+002
 9.880e+003 2.930e+000 7.200e+001 3.320e+000 8.057e-001-5.995e-001-3.580e+000 4.907e+001 7.511e+002-8.642e+000-5.815e+001 1.577e+000 2.394e+001 1.150e+000-4.954e+000-1.145e+001-1.724e+002-6.115e+000 6.296e+001
 1.000e+004 2.930e+000 3.570e+002 1.376e+001 5.433e+000-2.557e+000-6.851e+000 1.963e+002 2.939e+003-3.224e+001-1.413e+002 5.354e+000 7.939e+001 4.566e+000-2.149e+001-4.064e+001-5.642e+002-2.443e+001 2.770e+002
 1.130e+004 2.930e+000 6.180e+002 1.870e+001 4.137e+001-2.798e+000 1.022e+001 2.505e+002 3.689e+003-3.411e+001 9.734e+001 4.142e+000 5.675e+001 5.112e+000-2.259e+001-2.983e+001-3.225e+002-2.595e+001 3.185e+002
 1.250e+004 2.930e+000 6.360e+002 1.735e+001 4.220e+001-2.976e+000 2.050e+001 2.118e+002 2.848e+003-3.868e+001 2.634e+002 1.963e+000 1.885e+001 3.282e+000-1.267e+001-1.660e+001-1.366e+002-1.765e+001 2.178e+002
 1.380e+004 2.930e+000 6.420e+002 1.950e+001 5.152e+001-3.002e+000 2.688e+001 2.344e+002 3.103e+003-3.836e+001 3.308e+002 8.872e-001 4.617e+000 2.594e+000-8.778e+000-6.957e+000-8.655e+000-1.364e+001 1.754e+002
 1.500e+004 2.930e+000 6.210e+002 4.084e+001 7.813e+001-6.578e+000 5.993e+001 4.725e+002 5.755e+003-7.599e+001 6.860e+002-1.168e+000-2.640e+001 2.906e+000-8.529e+000 5.435e+000 1.797e+002-1.826e+001 2.117e+002
 1.630e+004 2.930e+000 6.480e+002 4.714e+003 1.042e+004-7.925e+002 9.582e+003 5.555e+004 6.779e+005-8.701e+003 1.090e+005-2.907e+002-5.178e+003 1.543e+002-3.061e+002 1.789e+003 4.230e+004-1.741e+003 2.047e+004
 1.750e+004 2.930e+000 6.450e+002 2.436e+001 5.487e+001-2.415e+000 3.036e+001 2.539e+002 2.865e+003-2.152e+001 2.777e+002-1.901e+000-2.552e+001 1.826e+000-7.060e+000 1.407e+001 2.174e+002-1.085e+001 1.447e+002
 1.880e+004 2.930e+000 5.970e+002 1.757e+001 4.544e+001-1.121e+000 2.763e+001 1.721e+002 1.887e+003-4.231e+000 1.951e+002-2.422e+000-2.723e+001 1.975e+000-1.034e+001 2.431e+001 3.251e+002-1.495e+001 2.276e+002
 2.000e+004 2.930e+000 6.300e+002 1.592e+001 6.998e+001-4.661e+000-2.683e+000 1.534e+002 2.113e+003-1.302e+002 9.865e+002 6.328e+000-6.432e+000 2.600e+001-1.667e+002-6.531e+001-6.759e+002-1.829e+002 2.429e+003
 2.130e+004 2.930e+000 5.700e+002 1.028e+001 3.312e+001 7.287e-001-1.135e+001 8.250e+001 8.306e+002-2.082e+000-8.045e+001 1.551e+000 1.436e+001 1.014e+000-3.571e+000-6.852e-001-5.370e+001-2.485e+000 3.623e+001
 2.250e+004 2.930e+000 5.220e+002 7.071e+000 1.323e+001 7.403e-001-5.386e+000 5.206e+001 4.423e+002 3.773e+000-3.783e+001 5.442e-001 5.003e+000 5.348e-001-8.278e-001-4.301e-001-1.273e+001-1.226e+000 1.461e+001
 2.380e+004 2.930e+000 6.390e+002 1.772e+003 4.140e+003 2.805e+002-3.942e+003 1.302e+004 1.055e+005 1.439e+003-2.557e+004 2.653e+002 2.600e+003 8.542e+001-3.660e+002-1.441e+003-1.975e+004-8.492e+002 1.008e+004
 2.500e+004 2.930e+000 5.610e+002 1.908e+001 4.836e+001 2.679e+000-2.936e+001 1.307e+002 1.050e+003 1.151e+001-1.613e+002 2.143e+000 1.963e+001 2.710e+000-1.282e+001-1.027e+001-1.398e+002-1.900e+001 2.325e+002
 2.630e+004 2.930e+000 2.670e+002 1.083e+000 3.582e+000 9.768e-002-7.612e-001 5.695e+000 9.303e+001-3.167e-001 4.867e-001 2.322e-001 1.578e+000 1.765e-001-1.528e-001-1.071e+000-5.559e+000-3.906e-001 5.430e+000
 2.750e+004 2.930e+000 3.720e+002 1.556e+000 6.049e+000-1.566e-002 4.590e-001 1.054e+001 1.122e+002-9.529e-001 6.335e+000 1.542e-001 3.492e-001 2.359e-001-2.039e-001-1.957e-001 3.505e+000-4.518e-001 6.051e+000
 2.880e+004 2.930e+000 2.880e+002 7.137e-001 2.721e+000 2.767e-002-6.706e-002 3.508e+000 3.396e+001-5.028e-001 9.049e-001 1.435e-001 7.266e-001 1.401e-001-3.210e-002-2.897e-001-1.661e+000-1.481e-001 1.856e+000
 3.000e+004 2.930e+000 3.090e+002 7.668e-001 2.967e+000 5.747e-002-3.771e-001 3.434e+000 3.261e+001-7.416e-001 6.748e-001 2.329e-001 1.257e+000 1.986e-001-1.171e-001-6.442e-001-4.764e+000-3.063e-001 2.783e+000
 3.130e+004 2.930e+000 5.610e+002 1.373e+002 7.636e+002 1.176e+001-2.357e+002 7.082e+002 7.924e+003-3.137e+002 1.568e+003 6.715e+001 4.121e+002 3.417e+001-7.307e+001-4.991e+002-3.893e+003-2.655e+002 2.244e+003
 3.250e+004 2.930e+000 6.000e+002 2.262e+002 1.316e+003 1.847e+001-4.093e+002 1.172e+003 1.377e+004-5.843e+002 3.069e+003 1.167e+002 7.119e+002 6.208e+001-1.387e+002-8.907e+002-7.002e+003-4.943e+002 4.271e+003
 3.380e+004 2.930e+000 2.790e+002 5.633e-001 2.777e+000-4.136e-003-3.824e-001 2.065e+000 2.627e+001-1.641e+000 7.189e+000 2.887e-001 9.999e-001 2.577e-001-2.887e-001-1.497e+000-7.606e+000-9.908e-001 8.467e+000
 3.500e+004 2.930e+000 1.980e+002 2.244e-001 1.227e+000-4.168e-002 2.437e-002 8.835e-001 1.348e+001-9.146e-001 3.426e+000 1.046e-001 1.702e-001 1.353e-001-1.478e-001-4.853e-001-1.870e+000-3.421e-001 2.894e+000
 3.630e+004 2.930e+000 2.340e+002 1.998e-001 1.097e+000-7.610e-002 2.095e-001 1.122e+000 1.612e+001-9.484e-001 3.359e+000 6.546e-002-1.408e-001 1.187e-001-8.272e-002-2.991e-001-5.669e-001-2.462e-001 2.223e+000
 3.750e+004 2.930e+000 3.000e+002 3.772e-001 2.090e+000-1.511e-001 5.488e-001 2.292e+000 3.153e+001-1.526e+000 7.715e+000 6.941e-002-5.308e-001 1.716e-001-1.803e-001-5.211e-001 9.397e-005-4.038e-001 4.154e+000
 3.880e+004 2.930e+000 5.610e+002 2.570e+000 1.729e+001-1.252e+000 8.206e+000 2.165e+001 3.165e+002-1.362e+001 1.137e+002 3.594e-001-5.754e+000 8.474e-001-1.870e+000-5.660e+000 7.173e+000-5.154e+000 4.763e+001
 4.000e+004 2.930e+000 6.480e+002 2.399e+002 1.648e+003-1.193e+002 9.932e+002 2.289e+003 3.319e+004-1.309e+003 1.335e+004 2.459e+001-5.854e+002 6.217e+001-1.783e+002-5.619e+002 1.462e+003-5.528e+002 5.452e+003
 4.130e+004 2.930e+000 5.940e+002 3.966e+000 2.358e+001-1.605e+000 1.100e+001 3.371e+001 4.446e+002-1.610e+001 1.313e+002 3.100e-001-7.170e+000 8.618e-001-1.590e+000-5.411e+000 1.999e+001-5.265e+000 4.674e+001
 4.250e+004 2.930e+000 5.490e+002 1.921e+000 1.011e+001-5.774e-001 3.032e+000 1.447e+001 1.752e+002-5.192e+000 3.282e+001 1.043e-001-2.407e+000 3.042e-001-3.519e-001-1.441e+000 5.171e+000-1.122e+000 1.029e+001
 4.380e+004 2.930e+000 5.820e+002 2.491e+000 1.295e+001-6.437e-001 3.640e+000 1.851e+001 2.180e+002-5.743e+000 3.673e+001 1.394e-001-2.484e+000 3.016e-001-2.602e-001-1.368e+000 9.154e+000-1.134e+000 1.050e+001
 4.500e+004 2.930e+000 5.910e+002 4.145e+000 2.150e+001-1.003e+000 5.834e+000 3.023e+001 3.449e+002-8.730e+000 5.877e+001 2.340e-001-3.616e+000 3.739e-001-3.509e-001-2.539e+000 1.149e+001-1.661e+000 1.483e+001
 4.630e+004 2.930e+000 6.390e+002 1.384e+001 7.380e+001-3.283e+000 2.319e+001 1.030e+002 1.174e+003-2.949e+001 2.315e+002 9.081e-001-1.090e+001 9.667e-001-1.043e+000-1.045e+001 4.574e+001-6.251e+000 5.353e+001
 4.750e+004 2.930e+000 6.480e+002 1.371e+003 7.706e+003-3.310e+002 2.673e+003 1.042e+004 1.225e+005-3.146e+003 2.857e+004 1.123e+002-1.007e+003 8.927e+001-1.355e+002-1.467e+003 3.878e+003-7.661e+002 6.797e+003
 4.880e+004 2.930e+000 6.180e+002 5.728e+002 3.228e+003-1.367e+002 1.069e+003 4.318e+003 5.076e+004-1.323e+003 1.168e+004 5.185e+001-3.796e+002 3.743e+001-5.646e+001-6.418e+002 1.187e+003-3.134e+002 2.724e+003
 5.000e+004 2.930e+000 6.270e+002 3.958e+000 2.032e+001-8.200e-001 3.196e+000 2.651e+001 2.920e+002-7.449e+000 3.615e+001 3.625e-001-1.817e+000 2.880e-001-2.630e-001-2.577e+000-7.578e-001-9.341e-001 7.429e+000
 5.130e+004 2.930e+000 5.250e+002 1.125e+000 5.245e+000-2.068e-001 2.577e-001 6.896e+000 7.363e+001-1.752e+000 3.114e+000 8.743e-002-4.624e-001 1.115e-001-3.827e-002-2.333e-001-1.665e-001-7.690e-002 7.363e-001
 5.250e+004 2.930e+000 4.770e+002 8.063e-001 3.746e+000-1.576e-001 1.740e-001 4.756e+000 5.136e+001-1.319e+000 2.183e+000 6.881e-002-3.784e-001 9.246e-002-3.263e-002-1.830e-001-3.267e-001-5.005e-002 5.868e-001
 5.380e+004 2.930e+000 5.490e+002 2.020e+000 9.645e+000-3.116e-001 2.902e+000 1.153e+001 1.207e+002-1.325e+000 1.409e+001-1.976e-001-2.402e+000 2.983e-001-9.655e-001 7.524e-001 1.568e+001-1.218e+000 1.321e+001
 5.500e+004 2.930e+000 6.480e+002 7.057e+001 4.188e+002-1.925e+001 1.339e+002 4.852e+002 5.835e+003-1.698e+002 1.527e+003 6.257e+000-7.139e+001 5.908e+000-1.588e+001-1.013e+002 9.815e+001-4.569e+001 4.073e+002
 5.630e+004 2.930e+000 6.240e+002 4.867e+002 2.902e+003-1.340e+002 9.510e+002 3.358e+003 4.049e+004-1.182e+003 1.081e+004 4.305e+001-5.025e+002 4.083e+001-1.120e+002-7.116e+002 7.623e+002-3.251e+002 2.908e+003
 5.750e+004 2.930e+000 6.090e+002 3.378e+000 1.855e+001-8.238e-001 3.563e+000 2.131e+001 2.441e+002-6.883e+000 3.964e+001 2.931e-001-2.748e+000 2.888e-001-4.334e-001-2.875e+000 1.563e+000-1.152e+000 9.392e+000
 5.880e+004 2.930e+000 4.530e+002 6.274e-001 3.022e+000-1.307e-001 1.485e-001 3.380e+000 3.677e+001-9.999e-001 1.667e+000 5.275e-002-3.544e-001 6.975e-002-2.031e-002-1.338e-001 2.685e-002-6.174e-002 5.264e-001
 6.000e+004 2.930e+000 3.330e+002 3.001e-001 1.227e+000-5.664e-002 4.972e-002 1.430e+000 1.416e+001-3.944e-001 4.567e-001 2.399e-002-1.359e-001 3.724e-002-8.169e-003-3.893e-002 5.676e-002-1.521e-002 1.998e-001
 6.130e+004 2.930e+000 3.450e+002 2.634e-001 1.127e+000-5.232e-002 8.071e-002 1.326e+000 1.361e+001-3.598e-001 5.587e-001 1.718e-002-1.577e-001 3.676e-002-3.276e-003-2.252e-002 2.802e-001-2.443e-002 2.793e-001
 6.250e+004 2.930e+000 5.220e+002 1.824e+000 9.394e+000-4.915e-001 2.680e+000 1.079e+001 1.176e+002-3.155e+000 2.439e+001 3.441e-002-2.410e+000 1.808e-001-4.124e-001-1.454e+000 5.509e+000-8.191e-001 7.750e+000
 6.380e+004 2.930e+000 6.240e+002 2.356e+002 1.331e+003-7.036e+001 5.910e+002 1.512e+003 1.724e+004-4.382e+002 5.502e+003-2.414e+000-4.133e+002 2.113e+001-9.648e+001-3.016e+002 1.403e+003-1.736e+002 1.877e+003
 6.500e+004 2.930e+000 5.340e+002 3.227e+000 1.675e+001-7.906e-001 5.530e+000 1.880e+001 2.023e+002-4.351e+000 4.698e+001-5.537e-002-4.495e+000 2.413e-001-8.070e-001-2.580e+000 1.407e+001-1.400e+000 1.516e+001
 6.630e+004 2.930e+000 3.990e+002 6.750e-001 3.221e+000-1.273e-001 4.895e-001 3.479e+000 3.632e+001-6.476e-001 3.723e+000-6.310e-003-6.527e-001 4.667e-002-5.359e-002-1.825e-001 1.562e+000-1.052e-001 1.171e+000
 6.750e+004 2.930e+000 2.970e+002 2.095e-001 8.857e-001-3.344e-002 1.235e-002 8.632e-001 8.886e+000-1.536e-001 1.269e-001 3.318e-003-1.282e-001 2.088e-002-1.074e-003-1.245e-002 0.000e+000-3.827e-003 5.068e-002
 6.880e+004 2.930e+000 2.970e+002 1.874e-001 7.417e-001-1.400e-002 2.046e-001 7.610e-001 7.967e+000-3.550e-001 1.126e+000-1.832e-002 1.497e-002 3.715e-001-2.071e+000 1.134e-001-1.528e+000-1.460e+000 1.915e+001
 7.000e+004 2.930e+000 3.360e+002 3.986e-001 1.907e+000-4.444e-002 9.849e-002 1.779e+000 1.927e+001-2.094e-001 6.562e-001 2.852e-003-2.087e-001 1.647e-002-3.383e-003-3.228e-002 3.889e-001-1.571e-002 1.944e-001
 7.130e+004 2.930e+000 5.820e+002 1.465e+001 8.741e+001-2.369e+000 2.009e+001 7.354e+001 8.975e+002-1.369e+001 1.576e+002 2.934e-001-1.275e+001 4.299e-001-1.155e+000-9.321e+000 7.404e+001-3.543e+000 3.705e+001
 7.250e+004 2.930e+000 5.730e+002 1.020e+001 6.138e+001-1.615e+000 1.295e+001 5.015e+001 6.234e+002-9.554e+000 1.018e+002 2.687e-001-8.501e+000 2.972e-001-6.870e-001-6.126e+000 4.893e+001-2.301e+000 2.369e+001
 7.380e+004 2.930e+000 2.550e+002 2.378e-001 1.232e+000-2.490e-002 9.130e-003 1.011e+000 1.208e+001-1.569e-001 4.669e-002 8.886e-003-1.036e-001 1.170e-002 0.000e+000-3.442e-003 4.669e-002 0.000e+000 2.334e-002
 7.500e+004 2.930e+000 9.300e+001 2.134e-002 9.078e-002-1.803e-003 0.000e+000 8.237e-002 9.147e-001-1.082e-002 0.000e+000 7.551e-004-3.531e-003 2.454e-003 0.000e+000 0.000e+000 0.000e+000 0.000e+000 0.000e+000
 7.630e+004 2.930e+000 3.900e+001 4.935e-003 2.977e-002-5.078e-004 0.000e+000 2.165e-002 3.379e-001-5.939e-003 0.000e+000 6.025e-004-1.486e-005 7.549e-004 0.000e+000 0.000e+000 0.000e+000 0.000e+000 0.000e+000
 7.750e+004 2.930e+000 2.700e+001 3.484e-003 1.896e-002 1.776e-004 0.000e+000 1.039e-002 1.986e-001-5.063e-004 0.000e+000 2.503e-004 2.585e-003 5.646e-004 0.000e+000 0.000e+000 0.000e+000 0.000e+000 0.000e+000
 7.880e+004 2.930e+000 1.530e+002 2.029e-001 1.225e+000-3.472e-002 1.387e-001 9.675e-001 1.305e+001-2.142e-001 1.493e+000 9.192e-003-1.911e-001 1.229e-002-2.277e-002-1.232e-001 4.975e-001-4.582e-002 4.326e-001
 8.000e+004 2.930e+000 5.280e+002 5.495e+000 3.542e+001-1.091e+000 5.523e+000 2.663e+001 3.626e+002-8.253e+000 6.706e+001 4.625e-001-4.894e+000 2.890e-001-8.172e-001-6.105e+000 6.933e+000-1.720e+000 1.501e+001
 8.130e+004 2.930e+000 1.530e+002 1.473e-001 8.378e-001-1.625e-002 3.962e-002 7.691e-001 1.019e+001-7.189e-002 4.461e-001 4.301e-003-1.106e-001 1.013e-002-2.418e-002-3.746e-002 2.974e-001-2.788e-002 3.186e-001
 8.250e+004 2.930e+000 3.600e+001 7.010e-003 2.363e-002-2.441e-004 0.000e+000 3.395e-002 2.912e-001-1.602e-003 0.000e+000-7.420e-006 1.536e-004 5.598e-004 0.000e+000 0.000e+000 0.000e+000 0.000e+000 0.000e+000
 8.380e+004 2.930e+000 3.000e+001 3.345e-003 1.859e-002-7.484e-006 0.000e+000 1.631e-002 2.047e-001-1.451e-003 0.000e+000 2.430e-004 1.717e-003 3.091e-004 0.000e+000 0.000e+000 0.000e+000 0.000e+000 0.000e+000
 8.500e+004 2.930e+000 3.000e+001 3.868e-003 1.755e-002-3.836e-006 0.000e+000 1.823e-002 2.016e-001-7.250e-004 0.000e+000 1.210e-004 8.416e-004 3.076e-004 0.000e+000 0.000e+000 0.000e+000 0.000e+000 0.000e+000
 8.630e+004 2.930e+000 5.700e+001 1.031e-002 4.548e-002-5.625e-004 0.000e+000 3.980e-002 5.162e-001-3.931e-003 0.000e+000 6.441e-004-5.287e-004 1.038e-003 0.000e+000 0.000e+000 0.000e+000 0.000e+000 0.000e+000
 8.750e+004 2.930e+000 4.230e+002 1.959e+000 1.078e+001-2.300e-001 1.115e+000 8.751e+000 1.050e+002-1.300e+000 1.098e+001 9.537e-002-1.014e+000 6.858e-002-2.236e-001-1.143e+000 3.210e+000-3.354e-001 3.484e+000
 8.880e+004 2.930e+000 2.730e+002 1.166e+000 6.350e+000-1.186e-001 5.725e-001 5.232e+000 6.228e+001-7.446e-001 6.039e+000 6.979e-002-4.496e-001 4.283e-002-1.233e-001-6.998e-001 1.377e+000-2.128e-001 2.134e+000
 9.000e+004 2.930e+000 3.000e+001 3.618e-003 1.697e-002 1.671e-004 0.000e+000 1.459e-002 2.291e-001-1.462e-003 0.000e+000 3.018e-004 1.557e-003 4.797e-004 0.000e+000 0.000e+000 0.000e+000 0.000e+000 0.000e+000
 9.130e+004 2.930e+000 2.100e+001 1.331e-003 6.954e-003-4.134e-006 0.000e+000 7.778e-003 1.317e-001-7.321e-004 0.000e+000 1.172e-004 7.629e-004 1.187e-004 0.000e+000 0.000e+000 0.000e+000 0.000e+000 0.000e+000
 9.250e+004 2.930e+000 1.800e+001 1.839e-003 9.053e-003 1.617e-004 0.000e+000 9.931e-003 1.116e-001-1.445e-003 0.000e+000 3.545e-004 2.967e-003 7.635e-004 0.000e+000 0.000e+000 0.000e+000 0.000e+000 0.000e+000
 9.380e+004 2.930e+000 3.300e+001 3.249e-003 1.606e-002-6.172e-005 0.000e+000 1.576e-002 2.014e-001-1.461e-003 0.000e+000 1.130e-004-1.008e-007 4.072e-004 0.000e+000 0.000e+000 0.000e+000 0.000e+000 0.000e+000
 9.500e+004 2.930e+000 1.860e+002 2.834e-001 1.542e+000-6.531e-003 4.517e-002 1.458e+000 1.939e+001 1.096e-001 7.275e-002-8.064e-004-1.774e-001 2.015e-002-6.982e-002 1.968e-002 1.529e+000-7.700e-002 8.810e-001
 9.630e+004 2.930e+000 0.000e+000 0.000e+000 0.000e+000 0.000e+000 0.000e+000 0.000e+000 0.000e+000 0.000e+000 0.000e+000 0.000e+000 0.000e+000 0.000e+000 0.000e+000 0.000e+000 0.000e+000 0.000e+000 0.000e+000
 9.750e+004 2.930e+000 0.000e+000 0.000e+000 0.000e+000 0.000e+000 0.000e+000 0.000e+000 0.000e+000 0.000e+000 0.000e+000 0.000e+000 0.000e+000 0.000e+000 0.000e+000 0.000e+000 0.000e+000 0.000e+000 0.000e+000
 9.880e+004 2.930e+000 0.000e+000 0.000e+000 0.000e+000 0.000e+000 0.000e+000 0.000e+000 0.000e+000 0.000e+000 0.000e+000 0.000e+000 0.000e+000 0.000e+000 0.000e+000 0.000e+000 0.000e+000 0.000e+000 0.000e+000
 1.000e+005 2.930e+000 0.000e+000 0.000e+000 0.000e+000 0.000e+000 0.000e+000 0.000e+000 0.000e+000 0.000e+000 0.000e+000 0.000e+000 0.000e+000 0.000e+000 0.000e+000 0.000e+000 0.000e+000 0.000e+000 0.000e+000
