 6.250e+000 2.930e+000 0.000e+000 0.000e+000 0.000e+000 0.000e+000 0.000e+000 0.000e+000 0.000e+000 0.000e+000 0.000e+000 0.000e+000 0.000e+000 0.000e+000 0.000e+000 0.000e+000 0.000e+000 0.000e+000 0.000e+000
 7.500e+000 2.930e+000 0.000e+000 0.000e+000 0.000e+000 0.000e+000 0.000e+000 0.000e+000 0.000e+000 0.000e+000 0.000e+000 0.000e+000 0.000e+000 0.000e+000 0.000e+000 0.000e+000 0.000e+000 0.000e+000 0.000e+000
 8.750e+000 2.930e+000 0.000e+000 0.000e+000 0.000e+000 0.000e+000 0.000e+000 0.000e+000 0.000e+000 0.000e+000 0.000e+000 0.000e+000 0.000e+000 0.000e+000 0.000e+000 0.000e+000 0.000e+000 0.000e+000 0.000e+000
 1.000e+001 2.930e+000 0.000e+000 0.000e+000 0.000e+000 0.000e+000 0.000e+000 0.000e+000 0.000e+000 0.000e+000 0.000e+000 0.000e+000 0.000e+000 0.000e+000 0.000e+000 0.000e+000 0.000e+000 0.000e+000 0.000e+000
 1.130e+001 2.930e+000 2.400e+001 1.685e+002-1.457e+002 9.608e+000-5.628e+002-1.738e+003 1.860e+005 4.051e+002 1.327e+004 2.007e+001-5.589e+002 1.008e+002 3.230e+002-8.354e+002-5.953e+004 4.817e+001 5.005e+004
 1.250e+001 2.930e+000 0.000e+000 0.000e+000 0.000e+000 0.000e+000 0.000e+000 0.000e+000 0.000e+000 0.000e+000 0.000e+000 0.000e+000 0.000e+000 0.000e+000 0.000e+000 0.000e+000 0.000e+000 0.000e+000 0.000e+000
 1.380e+001 2.930e+000 0.000e+000 0.000e+000 0.000e+000 0.000e+000 0.000e+000 0.000e+000 0.000e+000 0.000e+000 0.000e+000 0.000e+000 0.000e+000 0.000e+000 0.000e+000 0.000e+000 0.000e+000 0.000e+000 0.000e+000
 1.500e+001 2.930e+000 2.400e+001 1.226e+002 7.824e+002-1.763e+001-8.366e+002-4.818e+002 1.456e+005 6.961e+002 1.094e+004-1.719e+001-9.354e+002 5.128e+001-6.080e+000-6.561e+002-4.978e+004 5.777e+002 3.555e+004
 1.630e+001 2.930e+000 0.000e+000 0.000e+000 0.000e+000 0.000e+000 0.000e+000 0.000e+000 0.000e+000 0.000e+000 0.000e+000 0.000e+000 0.000e+000 0.000e+000 0.000e+000 0.000e+000 0.000e+000 0.000e+000 0.000e+000
 1.750e+001 2.930e+000 2.400e+001 1.041e+002-3.561e+002 1.030e+001-2.354e+002 4.220e+002 1.197e+005 5.675e+002-5.338e+003-2.653e+001-1.008e+003 5.560e+001 5.068e+002-1.056e+003-5.536e+004 5.977e+002 4.097e+004
 1.880e+001 2.930e+000 0.000e+000 0.000e+000 0.000e+000 0.000e+000 0.000e+000 0.000e+000 0.000e+000 0.000e+000 0.000e+000 0.000e+000 0.000e+000 0.000e+000 0.000e+000 0.000e+000 0.000e+000 0.000e+000 0.000e+000
 2.000e+001 2.930e+000 2.400e+001 1.083e+002-3.715e+002-1.427e+000-5.842e+002-1.535e+003 1.329e+005 8.246e+002 1.022e+004-5.215e+000-6.358e+002 6.186e+001 2.129e+002-1.111e+002-3.802e+004 3.822e+002 2.546e+004
 2.130e+001 2.930e+000 0.000e+000 0.000e+000 0.000e+000 0.000e+000 0.000e+000 0.000e+000 0.000e+000 0.000e+000 0.000e+000 0.000e+000 0.000e+000 0.000e+000 0.000e+000 0.000e+000 0.000e+000 0.000e+000 0.000e+000
 2.250e+001 2.930e+000 0.000e+000 0.000e+000 0.000e+000 0.000e+000 0.000e+000 0.000e+000 0.000e+000 0.000e+000 0.000e+000 0.000e+000 0.000e+000 0.000e+000 0.000e+000 0.000e+000 0.000e+000 0.000e+000 0.000e+000
 2.380e+001 2.930e+000 2.400e+001 1.318e+002 7.481e+002 1.368e+000-1.051e+003-1.180e+003 1.319e+005 2.845e+002 1.372e+004-2.510e+001-2.764e+002 5.459e+001 1.851e+002-4.445e+002-4.686e+004 2.917e+002 3.189e+004
 2.500e+001 2.930e+000 0.000e+000 0.000e+000 0.000e+000 0.000e+000 0.000e+000 0.000e+000 0.000e+000 0.000e+000 0.000e+000 0.000e+000 0.000e+000 0.000e+000 0.000e+000 0.000e+000 0.000e+000 0.000e+000 0.000e+000
 2.630e+001 2.930e+000 2.400e+001 1.289e+002-3.658e+002 2.198e+001-6.337e+002-4.981e+002 1.773e+005 4.257e+002-9.781e+002-7.295e+000-5.267e+002 8.400e+001 1.868e+002-6.214e+002-6.806e+004 2.296e+002 3.937e+004
 2.750e+001 2.930e+000 0.000e+000 0.000e+000 0.000e+000 0.000e+000 0.000e+000 0.000e+000 0.000e+000 0.000e+000 0.000e+000 0.000e+000 0.000e+000 0.000e+000 0.000e+000 0.000e+000 0.000e+000 0.000e+000 0.000e+000
 2.880e+001 2.930e+000 2.400e+001 7.002e+001-7.310e+001 2.299e+001-2.870e+002 1.810e+002 3.304e+005 1.225e+003 8.784e+003-1.174e+001-2.904e+002 7.693e+001 4.189e+002-4.946e+002-1.351e+005 1.464e+002 6.260e+004
 3.000e+001 2.930e+000 0.000e+000 0.000e+000 0.000e+000 0.000e+000 0.000e+000 0.000e+000 0.000e+000 0.000e+000 0.000e+000 0.000e+000 0.000e+000 0.000e+000 0.000e+000 0.000e+000 0.000e+000 0.000e+000 0.000e+000
 3.130e+001 2.930e+000 0.000e+000 0.000e+000 0.000e+000 0.000e+000 0.000e+000 0.000e+000 0.000e+000 0.000e+000 0.000e+000 0.000e+000 0.000e+000 0.000e+000 0.000e+000 0.000e+000 0.000e+000 0.000e+000 0.000e+000
 3.250e+001 2.930e+000 2.400e+001 1.151e+002-7.800e+002-7.704e+000-4.620e+002-2.209e+003 1.309e+006-1.269e+003 2.233e+004-4.269e+001-1.175e+003 7.919e+001-5.967e+002-8.567e+001-5.786e+005 1.117e+003 2.766e+005
 3.380e+001 2.930e+000 0.000e+000 0.000e+000 0.000e+000 0.000e+000 0.000e+000 0.000e+000 0.000e+000 0.000e+000 0.000e+000 0.000e+000 0.000e+000 0.000e+000 0.000e+000 0.000e+000 0.000e+000 0.000e+000 0.000e+000
 3.500e+001 2.930e+000 2.400e+001 1.571e+002-8.566e+003 4.808e+001 3.778e+003 3.715e+004 5.252e+007 6.678e+002 1.427e+005-1.215e+002-8.942e+004 3.117e+002 9.787e+001-1.852e+004-2.490e+007 4.298e+004 1.182e+007
 3.630e+001 2.930e+000 0.000e+000 0.000e+000 0.000e+000 0.000e+000 0.000e+000 0.000e+000 0.000e+000 0.000e+000 0.000e+000 0.000e+000 0.000e+000 0.000e+000 0.000e+000 0.000e+000 0.000e+000 0.000e+000 0.000e+000
 3.750e+001 2.930e+000 2.100e+001 8.949e+001 1.358e+003 4.051e+001-1.026e+003-2.040e+003 5.825e+005 1.260e+003 2.872e+004-2.374e+001 3.373e+002 1.271e+002 4.367e+002 3.874e+002-2.613e+005-8.387e+001 1.278e+005
 3.880e+001 2.930e+000 0.000e+000 0.000e+000 0.000e+000 0.000e+000 0.000e+000 0.000e+000 0.000e+000 0.000e+000 0.000e+000 0.000e+000 0.000e+000 0.000e+000 0.000e+000 0.000e+000 0.000e+000 0.000e+000 0.000e+000
 4.000e+001 2.930e+000 0.000e+000 0.000e+000 0.000e+000 0.000e+000 0.000e+000 0.000e+000 0.000e+000 0.000e+000 0.000e+000 0.000e+000 0.000e+000 0.000e+000 0.000e+000 0.000e+000 0.000e+000 0.000e+000 0.000e+000
 4.130e+001 2.930e+000 2.400e+001 1.866e+002-1.894e+003 7.794e+001 3.818e+002-3.523e+002 2.137e+005 1.266e+003 7.819e+003-1.165e+002-3.694e+003 3.450e+002 5.989e+001-6.880e+002-7.841e+004 2.438e+003 4.343e+004
 4.250e+001 2.930e+000 0.000e+000 0.000e+000 0.000e+000 0.000e+000 0.000e+000 0.000e+000 0.000e+000 0.000e+000 0.000e+000 0.000e+000 0.000e+000 0.000e+000 0.000e+000 0.000e+000 0.000e+000 0.000e+000 0.000e+000
 4.380e+001 2.930e+000 2.400e+001 2.002e+002-2.982e+002 1.820e+002-3.795e+002 6.138e+002 1.712e+005 4.104e+003 1.903e+004-1.640e+002-3.014e+003 5.970e+002 1.230e+003-1.202e+003-5.056e+004 2.274e+003 3.430e+004
 4.500e+001 2.930e+000 0.000e+000 0.000e+000 0.000e+000 0.000e+000 0.000e+000 0.000e+000 0.000e+000 0.000e+000 0.000e+000 0.000e+000 0.000e+000 0.000e+000 0.000e+000 0.000e+000 0.000e+000 0.000e+000 0.000e+000
 4.630e+001 2.930e+000 2.400e+001 4.680e+002-8.487e+002 4.181e+002-1.970e+002 2.176e+001 3.101e+005 9.812e+003 5.224e+004-5.356e+002-6.466e+002 1.487e+003 2.806e+003-1.517e+003-5.140e+004 3.792e+003 2.994e+004
 4.750e+001 2.930e+000 0.000e+000 0.000e+000 0.000e+000 0.000e+000 0.000e+000 0.000e+000 0.000e+000 0.000e+000 0.000e+000 0.000e+000 0.000e+000 0.000e+000 0.000e+000 0.000e+000 0.000e+000 0.000e+000 0.000e+000
 4.880e+001 2.930e+000 0.000e+000 0.000e+000 0.000e+000 0.000e+000 0.000e+000 0.000e+000 0.000e+000 0.000e+000 0.000e+000 0.000e+000 0.000e+000 0.000e+000 0.000e+000 0.000e+000 0.000e+000 0.000e+000 0.000e+000
 5.000e+001 2.930e+000 2.400e+001 1.129e+004-5.727e+005-3.160e+004-3.326e+004-5.058e+005 5.357e+007 1.678e+006 9.560e+006 3.490e+003 1.494e+006 9.479e+004 4.368e+005 1.524e+005-5.407e+006 1.494e+005 2.262e+006
 5.130e+001 2.930e+000 0.000e+000 0.000e+000 0.000e+000 0.000e+000 0.000e+000 0.000e+000 0.000e+000 0.000e+000 0.000e+000 0.000e+000 0.000e+000 0.000e+000 0.000e+000 0.000e+000 0.000e+000 0.000e+000 0.000e+000
 5.250e+001 2.930e+000 2.400e+001 3.312e+002-1.345e+003 1.696e+002-2.543e+002-3.254e+003 3.760e+005 8.937e+003 6.095e+004-3.775e+002 3.987e+003 1.003e+003 2.471e+003-6.692e+002-4.463e+004 2.807e+003 2.394e+004
 5.380e+001 2.930e+000 0.000e+000 0.000e+000 0.000e+000 0.000e+000 0.000e+000 0.000e+000 0.000e+000 0.000e+000 0.000e+000 0.000e+000 0.000e+000 0.000e+000 0.000e+000 0.000e+000 0.000e+000 0.000e+000 0.000e+000
 5.500e+001 2.930e+000 0.000e+000 0.000e+000 0.000e+000 0.000e+000 0.000e+000 0.000e+000 0.000e+000 0.000e+000 0.000e+000 0.000e+000 0.000e+000 0.000e+000 0.000e+000 0.000e+000 0.000e+000 0.000e+000 0.000e+000
 5.630e+001 2.930e+000 2.400e+001 1.447e+002-2.978e+002 6.965e+001-3.385e+002-1.084e+003 1.211e+005 3.295e+003 2.032e+004-1.263e+002 4.166e+002 3.742e+002 8.868e+002-2.292e+002-1.886e+004 9.666e+002 1.082e+004
 5.750e+001 2.930e+000 0.000e+000 0.000e+000 0.000e+000 0.000e+000 0.000e+000 0.000e+000 0.000e+000 0.000e+000 0.000e+000 0.000e+000 0.000e+000 0.000e+000 0.000e+000 0.000e+000 0.000e+000 0.000e+000 0.000e+000
 5.880e+001 2.930e+000 2.400e+001 1.056e+002 9.788e+001 4.353e+001-3.837e+002-7.664e+002 4.923e+004 8.949e+002 8.002e+003-7.771e+001 6.397e+002 2.109e+002 1.540e+002-2.263e+002-8.653e+003 3.669e+002 8.798e+003
 6.000e+001 2.930e+000 0.000e+000 0.000e+000 0.000e+000 0.000e+000 0.000e+000 0.000e+000 0.000e+000 0.000e+000 0.000e+000 0.000e+000 0.000e+000 0.000e+000 0.000e+000 0.000e+000 0.000e+000 0.000e+000 0.000e+000
 6.130e+001 2.930e+000 2.400e+001 5.447e+001 2.609e+002 4.244e+001-1.412e+002-9.546e+001 3.933e+004 9.406e+002 3.420e+003-4.226e+001 4.473e+001 1.342e+002 3.186e+002-1.606e+002-1.116e+004 2.411e+002 5.998e+003
 6.250e+001 2.930e+000 0.000e+000 0.000e+000 0.000e+000 0.000e+000 0.000e+000 0.000e+000 0.000e+000 0.000e+000 0.000e+000 0.000e+000 0.000e+000 0.000e+000 0.000e+000 0.000e+000 0.000e+000 0.000e+000 0.000e+000
 6.380e+001 2.930e+000 0.000e+000 0.000e+000 0.000e+000 0.000e+000 0.000e+000 0.000e+000 0.000e+000 0.000e+000 0.000e+000 0.000e+000 0.000e+000 0.000e+000 0.000e+000 0.000e+000 0.000e+000 0.000e+000 0.000e+000
 6.500e+001 2.930e+000 2.400e+001 6.903e+001 2.026e+002 2.574e+001-4.004e+002-6.570e+002 4.977e+004 8.694e+002 5.972e+003-2.863e+001-3.889e+002 9.337e+001 3.500e+002-2.316e-001-1.649e+004 2.656e+002 9.807e+003
 6.630e+001 2.930e+000 0.000e+000 0.000e+000 0.000e+000 0.000e+000 0.000e+000 0.000e+000 0.000e+000 0.000e+000 0.000e+000 0.000e+000 0.000e+000 0.000e+000 0.000e+000 0.000e+000 0.000e+000 0.000e+000 0.000e+000
 6.750e+001 2.930e+000 2.400e+001 5.771e+001 6.261e+001-8.852e-001-3.460e+002-5.434e+002 3.422e+004 7.910e+002 6.437e+003-1.101e+001-3.478e+002 6.763e+001 2.352e+002-1.030e+002-1.074e+004 3.531e+002 8.379e+003
 6.880e+001 2.930e+000 0.000e+000 0.000e+000 0.000e+000 0.000e+000 0.000e+000 0.000e+000 0.000e+000 0.000e+000 0.000e+000 0.000e+000 0.000e+000 0.000e+000 0.000e+000 0.000e+000 0.000e+000 0.000e+000 0.000e+000
 7.000e+001 2.930e+000 2.400e+001 2.773e+001 7.936e+001 3.190e+000-1.909e+002-2.813e+002 2.506e+004 2.934e+002 3.157e+003-3.548e+000-2.330e+002 4.082e+001 7.442e+001-1.818e+001-9.751e+003 1.984e+002 6.910e+003
 7.130e+001 2.930e+000 0.000e+000 0.000e+000 0.000e+000 0.000e+000 0.000e+000 0.000e+000 0.000e+000 0.000e+000 0.000e+000 0.000e+000 0.000e+000 0.000e+000 0.000e+000 0.000e+000 0.000e+000 0.000e+000 0.000e+000
 7.250e+001 2.930e+000 0.000e+000 0.000e+000 0.000e+000 0.000e+000 0.000e+000 0.000e+000 0.000e+000 0.000e+000 0.000e+000 0.000e+000 0.000e+000 0.000e+000 0.000e+000 0.000e+000 0.000e+000 0.000e+000 0.000e+000
 7.380e+001 2.930e+000 2.400e+001 5.716e+001-1.158e+002 1.308e+001-2.294e+002-1.986e+002 2.671e+004 3.535e+002 2.049e+003-1.282e+001-2.898e+002 3.716e+001 2.179e+002-2.708e+002-9.664e+003 2.131e+002 8.143e+003
 7.500e+001 2.930e+000 0.000e+000 0.000e+000 0.000e+000 0.000e+000 0.000e+000 0.000e+000 0.000e+000 0.000e+000 0.000e+000 0.000e+000 0.000e+000 0.000e+000 0.000e+000 0.000e+000 0.000e+000 0.000e+000 0.000e+000
 7.630e+001 2.930e+000 2.400e+001 4.666e+001 1.539e+002 6.185e+000-2.476e+002-2.267e+002 1.715e+004 4.031e+002 2.377e+003-1.816e+001 3.380e+001 3.910e+001 1.876e+002-2.182e+002-5.903e+003 1.359e+002 6.368e+003
 7.750e+001 2.930e+000 0.000e+000 0.000e+000 0.000e+000 0.000e+000 0.000e+000 0.000e+000 0.000e+000 0.000e+000 0.000e+000 0.000e+000 0.000e+000 0.000e+000 0.000e+000 0.000e+000 0.000e+000 0.000e+000 0.000e+000
 7.880e+001 2.930e+000 2.400e+001 3.914e+001 8.604e+000-4.742e+000-3.084e+002-4.048e+002 1.843e+004 3.450e+002 4.155e+003 1.977e+000-1.725e+002 2.057e+001 4.759e+001-1.048e+002-4.894e+003 1.419e+002 6.260e+003
 8.000e+001 2.930e+000 0.000e+000 0.000e+000 0.000e+000 0.000e+000 0.000e+000 0.000e+000 0.000e+000 0.000e+000 0.000e+000 0.000e+000 0.000e+000 0.000e+000 0.000e+000 0.000e+000 0.000e+000 0.000e+000 0.000e+000
 8.130e+001 2.930e+000 0.000e+000 0.000e+000 0.000e+000 0.000e+000 0.000e+000 0.000e+000 0.000e+000 0.000e+000 0.000e+000 0.000e+000 0.000e+000 0.000e+000 0.000e+000 0.000e+000 0.000e+000 0.000e+000 0.000e+000
 8.250e+001 2.930e+000 2.100e+001 2.972e+001-1.420e+001 1.726e+000-2.027e+002-8.728e+001 1.135e+004 1.822e+002 2.140e+003-6.869e+000-1.719e+002 1.818e+001 8.737e+001-1.851e+002-4.358e+003 1.636e+002 5.655e+003
 8.380e+001 2.930e+000 0.000e+000 0.000e+000 0.000e+000 0.000e+000 0.000e+000 0.000e+000 0.000e+000 0.000e+000 0.000e+000 0.000e+000 0.000e+000 0.000e+000 0.000e+000 0.000e+000 0.000e+000 0.000e+000 0.000e+000
 8.500e+001 2.930e+000 2.400e+001 3.727e+001-6.850e+001 1.548e+000-2.030e+002-1.997e+002 1.447e+004 1.593e+002 8.137e+002-5.980e+000-3.251e+001 1.348e+001 7.125e+001-1.776e+002-3.907e+003 6.452e+001 4.624e+003
 8.630e+001 2.930e+000 0.000e+000 0.000e+000 0.000e+000 0.000e+000 0.000e+000 0.000e+000 0.000e+000 0.000e+000 0.000e+000 0.000e+000 0.000e+000 0.000e+000 0.000e+000 0.000e+000 0.000e+000 0.000e+000 0.000e+000
 8.750e+001 2.930e+000 1.800e+001 2.767e+001-6.802e+001-2.066e+000-1.794e+002-3.437e+002 1.343e+004 1.653e+002 1.892e+003-1.934e+000-8.158e+001 1.031e+001 5.612e+001-2.989e+001-2.769e+003 5.668e+001 2.934e+003
 8.880e+001 2.930e+000 0.000e+000 0.000e+000 0.000e+000 0.000e+000 0.000e+000 0.000e+000 0.000e+000 0.000e+000 0.000e+000 0.000e+000 0.000e+000 0.000e+000 0.000e+000 0.000e+000 0.000e+000 0.000e+000 0.000e+000
 9.000e+001 2.930e+000 0.000e+000 0.000e+000 0.000e+000 0.000e+000 0.000e+000 0.000e+000 0.000e+000 0.000e+000 0.000e+000 0.000e+000 0.000e+000 0.000e+000 0.000e+000 0.000e+000 0.000e+000 0.000e+000 0.000e+000
 9.130e+001 2.930e+000 2.100e+001 2.531e+001 1.374e+002 9.525e-001-2.355e+002-1.171e+002 9.615e+003 1.563e+002 1.420e+003-2.963e+000-6.684e+001 1.167e+001 8.492e+001-9.903e+001-4.383e+003 3.045e+001 4.350e+003
 9.250e+001 2.930e+000 0.000e+000 0.000e+000 0.000e+000 0.000e+000 0.000e+000 0.000e+000 0.000e+000 0.000e+000 0.000e+000 0.000e+000 0.000e+000 0.000e+000 0.000e+000 0.000e+000 0.000e+000 0.000e+000 0.000e+000
 9.380e+001 2.930e+000 2.400e+001 1.307e+001 1.769e+001 2.973e-001-8.323e+001-7.989e+001 9.543e+003 1.090e+002 6.321e+002-1.620e+000-5.987e+001 8.779e+000 5.272e+001-4.156e+001-3.749e+003 4.211e+001 2.675e+003
 9.500e+001 2.930e+000 0.000e+000 0.000e+000 0.000e+000 0.000e+000 0.000e+000 0.000e+000 0.000e+000 0.000e+000 0.000e+000 0.000e+000 0.000e+000 0.000e+000 0.000e+000 0.000e+000 0.000e+000 0.000e+000 0.000e+000
 9.630e+001 2.930e+000 2.400e+001 5.914e+000-2.567e+001-2.894e-001 1.914e-002-4.195e+001 1.009e+004 3.131e+001 2.838e+000-4.039e+000-2.905e+001 9.219e+000 1.706e+001-1.275e+001-4.126e+003 4.805e+001 2.191e+003
 9.750e+001 2.930e+000 0.000e+000 0.000e+000 0.000e+000 0.000e+000 0.000e+000 0.000e+000 0.000e+000 0.000e+000 0.000e+000 0.000e+000 0.000e+000 0.000e+000 0.000e+000 0.000e+000 0.000e+000 0.000e+000 0.000e+000
 9.880e+001 2.930e+000 0.000e+000 0.000e+000 0.000e+000 0.000e+000 0.000e+000 0.000e+000 0.000e+000 0.000e+000 0.000e+000 0.000e+000 0.000e+000 0.000e+000 0.000e+000 0.000e+000 0.000e+000 0.000e+000 0.000e+000
 1.000e+002 2.930e+000 2.400e+001 2.472e+001-8.179e+002-1.488e+000 4.671e+002 8.058e+002 1.638e+005-8.398e+002 3.286e+002-1.263e+001-9.835e+002 2.280e+001-4.545e+002-4.773e+002-8.251e+004 5.017e+002 4.227e+004
 1.130e+002 2.930e+000 4.500e+001 4.646e+001 3.078e+002-6.927e+000-4.782e+002-2.911e+002 1.898e+004 3.196e+002 4.522e+003-1.401e+001-3.056e+001 1.698e+001 1.870e+002-2.209e+002-9.569e+003 1.739e+002 1.078e+004
 1.250e+002 2.930e+000 5.400e+001 3.787e+001-9.955e+001-3.864e+000-1.793e+002-3.448e+002 1.798e+004 3.640e+002 1.427e+003-5.164e+000-9.114e+001 2.304e+001 1.794e+002-5.967e+001-5.855e+003 8.837e+001 4.632e+003
 1.380e+002 2.930e+000 5.400e+001 3.234e+001 1.861e+002-7.083e+000-3.187e+002-2.375e+002 1.387e+004 2.959e+002 2.848e+003-1.010e+001-7.163e+001 2.072e+001 1.470e+002-8.832e+001-6.621e+003 1.341e+002 6.621e+003
 1.500e+002 2.930e+000 4.800e+001 8.688e+000-1.290e+002-2.276e+000 2.117e+001-1.076e+001 2.216e+004 2.282e+002 1.899e+003-3.253e+000-1.418e+002 1.692e+001 8.940e+001-7.166e+000-1.063e+004 9.541e+001 6.064e+003
 1.630e+002 2.930e+000 5.400e+001 2.669e+001 6.960e+000-6.092e+000-1.387e+002-2.441e+002 1.735e+004 4.108e+002 1.897e+003-1.189e+001-9.913e+001 3.052e+001 2.107e+002-3.449e+000-7.382e+003 1.063e+002 4.948e+003
 1.750e+002 2.930e+000 3.300e+001 3.949e+001 1.172e+002-8.414e-001-3.187e+002-1.274e+001 1.144e+004 2.931e+002 1.033e+003-2.331e+001-1.307e+002 3.099e+001 2.635e+002-1.802e+002-6.738e+003 1.621e+002 7.106e+003
 1.880e+002 2.930e+000 5.400e+001 8.792e+001-3.878e+002 3.054e+001-3.007e+002 8.826e+001 3.305e+004 1.110e+003 2.124e+001-5.837e+001-1.055e+003 1.559e+002 7.185e+002-2.646e+002-1.119e+004 3.791e+002 8.015e+003
 2.000e+002 2.930e+000 6.600e+001 2.255e+003-3.327e+004 2.889e+003 4.616e+003 2.020e+004 7.763e+005-5.317e+002-6.210e+003-2.059e+003-6.507e+004 6.001e+003 1.754e+003-4.209e+003-1.460e+005 1.138e+004 4.068e+004
 2.130e+002 2.930e+000 4.500e+001 1.100e+002-1.107e+003-1.333e+001-1.120e+002-1.086e+003 5.326e+004 9.286e+002 6.057e+003-1.513e+001-4.401e+002 8.348e+001 3.530e+002 2.488e+002-1.599e+004 2.812e+002 8.996e+003
 2.250e+002 2.930e+000 9.600e+001 2.470e+002-1.670e+003-1.565e+002-4.750e+002-3.521e+003 1.181e+005 3.516e+003 1.447e+004-7.019e+001 1.805e+003 2.202e+002 1.722e+003 1.088e+003-4.435e+004-7.227e+001 2.670e+004
 2.380e+002 2.930e+000 7.800e+001 1.027e+003-8.674e+003-9.161e+002-1.269e+002-1.717e+004 3.958e+005 1.480e+004 5.089e+004-1.925e+002 1.095e+004 9.376e+002 5.735e+003 5.726e+003-1.163e+005-1.213e+003 4.811e+004
 2.500e+002 2.930e+000 9.600e+001 3.155e+004-2.913e+005-3.067e+004 2.040e+004-5.410e+005 1.205e+007 4.723e+005 1.458e+006-6.203e+003 3.873e+005 3.146e+004 1.881e+005 1.962e+005-3.587e+006-5.923e+004 1.265e+006
 2.630e+002 2.930e+000 7.800e+001 8.138e+002-7.451e+003-7.876e+002 5.022e+002-1.346e+004 3.203e+005 1.257e+004 3.395e+004-1.475e+002 9.605e+003 8.713e+002 4.836e+003 4.618e+003-9.766e+004-1.528e+003 3.844e+004
 2.750e+002 2.930e+000 8.100e+001 1.763e+002-1.434e+003-1.501e+002-1.599e+002-2.706e+003 7.333e+004 2.851e+003 1.010e+004-2.658e+001 1.317e+003 2.021e+002 1.069e+003 8.362e+002-2.137e+004 8.511e+001 1.040e+004
 2.880e+002 2.930e+000 6.000e+001 6.577e+001-5.597e+002-3.180e+001-1.027e+002-5.974e+002 4.591e+004 1.708e+003 4.685e+002 3.755e+000-5.163e+002 1.275e+002 5.937e+002-5.839e+001-1.482e+004 2.053e+002 9.586e+003
 3.000e+002 2.930e+000 7.500e+001 2.458e+002-7.265e+003 4.004e+001 3.280e+002-7.682e+003 6.202e+005 1.406e+004 4.847e+004 3.588e+002-1.911e+004 1.006e+003 1.294e+003 1.717e+003-1.126e+005 4.483e+003 3.145e+004
 3.130e+002 2.930e+000 4.800e+001 4.206e+001-1.038e+002 1.766e+000-1.834e+002 6.903e+002 2.515e+005 1.817e+003 4.588e+003-1.650e+001-1.652e+003 9.411e+001 7.457e+002-4.595e+002-1.145e+005 8.975e+002 5.590e+004
 3.250e+002 2.930e+000 7.800e+001 5.289e+001 1.691e+002 2.981e+001-2.650e+002 6.690e+002 6.971e+004 2.966e+003 1.069e+004-4.498e+001-1.458e+003 2.191e+002 1.372e+003-5.640e+002-3.665e+004 1.324e+003 2.523e+004
 3.380e+002 2.930e+000 8.400e+001 1.485e+002-9.614e+002 2.782e+002 6.905e+002 4.264e+003 2.207e+005 1.218e+004 2.467e+004-1.385e+002-7.901e+003 1.024e+003 5.311e+003-2.303e+003-1.102e+005 5.510e+003 6.205e+004
 3.500e+002 2.930e+000 9.600e+001 3.382e+003-3.265e+004 9.498e+003 3.237e+004 1.354e+005 6.019e+006 3.607e+005 7.052e+005-3.737e+003-2.468e+005 3.197e+004 1.589e+005-6.768e+004-3.129e+006 1.715e+005 1.725e+006
 3.630e+002 2.930e+000 9.000e+001 1.404e+002-9.487e+002 3.165e+002 7.390e+002 4.323e+003 2.119e+005 1.280e+004 2.624e+004-1.363e+002-8.370e+003 1.167e+003 5.563e+003-2.277e+003-1.086e+005 5.899e+003 6.326e+004
 3.750e+002 2.930e+000 9.300e+001 4.364e+001-9.201e+001 4.704e+001-8.380e+001 7.098e+002 4.943e+004 2.584e+003 6.680e+003-3.443e+001-1.792e+003 2.375e+002 1.244e+003-5.431e+002-2.799e+004 1.436e+003 2.051e+004
 3.880e+002 2.930e+000 7.200e+001 3.288e+001-3.948e+001 1.964e+001-2.034e+002 1.216e+002 2.130e+004 9.170e+002 3.220e+003-1.335e+001-5.592e+002 8.395e+001 4.717e+002-1.563e+002-1.151e+004 4.011e+002 9.821e+003
 4.000e+002 2.930e+000 4.800e+001 5.518e+001-7.416e+002 4.774e+000 2.977e+001-3.147e+002 2.550e+004 2.579e+002 7.992e+003-1.083e+001-3.133e+002 3.961e+001 1.094e+002 3.014e+002-1.075e+004 2.562e+002 9.431e+003
 4.130e+002 2.930e+000 4.200e+001 1.065e+001 4.853e+001 3.941e+000-1.296e+002 4.913e+001 9.079e+003 2.042e+002 1.211e+003-4.364e+000-1.807e+002 2.119e+001 1.108e+002-7.215e+001-5.889e+003 1.065e+002 5.654e+003
 4.250e+002 2.930e+000 5.400e+001 1.562e+001-2.757e+001 2.343e+000-1.182e+002-3.999e+000 1.017e+004 2.184e+002 1.138e+003-6.335e+000-2.373e+002 2.436e+001 1.257e+002-7.348e+001-5.054e+003 1.661e+002 4.545e+003
 4.380e+002 2.930e+000 6.300e+001 1.731e+001-6.832e+001 3.295e+000-1.145e+002 5.483e+000 1.692e+004 2.451e+002 9.157e+002-4.543e+000-4.355e+002 2.871e+001 1.398e+002-1.202e+002-9.867e+003 2.934e+002 8.931e+003
 4.500e+002 2.930e+000 8.100e+001 1.957e+002-1.030e+004 2.923e+002 4.984e+003-1.727e+003 6.301e+005 8.643e+003-1.787e+004 1.829e+002-1.909e+004 7.223e+002 4.904e+003 4.456e+002-3.115e+005 9.239e+003 1.581e+005
 4.630e+002 2.930e+000 5.700e+001 1.137e+001-2.078e+002 7.072e+000 3.396e+001-7.085e+000 1.944e+004 2.756e+002 6.282e+002-7.017e-001-5.654e+002 2.860e+001 1.537e+002-3.721e+001-9.508e+003 2.995e+002 5.805e+003
 4.750e+002 2.930e+000 6.000e+001 1.358e+001 1.280e+001 3.926e+000-1.550e+002 6.037e+001 1.293e+004 2.189e+002 7.241e+001-6.041e+000-2.397e+002 1.933e+001 1.825e+002-9.611e+001-7.666e+003 1.162e+002 6.966e+003
 4.880e+002 2.930e+000 5.700e+001 1.244e+001 5.518e+000 3.311e-001-1.336e+002 3.578e+001 9.028e+003 1.425e+002 6.541e+002-6.500e+000-1.735e+002 1.558e+001 1.225e+002-9.044e+001-4.811e+003 1.310e+002 4.836e+003
 5.000e+002 2.930e+000 4.800e+001 9.211e+001-1.601e+003 1.670e+002 4.527e+002 1.995e+003 8.277e+004 2.333e+003-1.329e+004-8.926e+001-5.175e+003 4.177e+002 2.286e+003-1.442e+003-4.616e+004 2.474e+003 2.980e+004
 5.130e+002 2.930e+000 6.000e+001 1.561e+001-2.187e+002 4.047e+000-4.103e+001-3.454e+001 2.814e+004 3.508e+001 2.511e+003-6.168e+000-4.984e+002 2.497e+001 2.177e+001-3.430e+001-1.149e+004 2.220e+002 6.968e+003
 5.250e+002 2.930e+000 4.200e+001 1.706e+001-4.011e+002 1.451e+001-1.091e-001 4.308e+002 1.044e+005 2.041e+002 7.476e+002-8.789e+000-1.253e+003 3.217e+001 1.397e+002-2.291e+002-4.431e+004 4.308e+002 2.158e+004
 5.380e+002 2.930e+000 7.200e+001 6.942e+001-2.517e+003 8.028e+001 4.275e+002 5.606e+002 1.194e+005-7.509e+002 1.498e+003-4.014e+001-3.858e+003 1.417e+002-1.518e+002-1.392e+002-2.722e+004 8.296e+002 8.828e+003
 5.500e+002 2.930e+000 9.600e+001 1.216e+004-5.491e+005 1.647e+004 1.197e+005 5.738e+004 2.530e+007-1.549e+005 1.006e+006-5.312e+003-7.754e+005 2.510e+004-6.305e+004 1.025e+004-5.437e+006 1.587e+005 1.223e+006
 5.630e+002 2.930e+000 9.000e+001 9.412e+001-4.032e+003 1.210e+002 8.135e+002 2.945e+002 1.971e+005-1.110e+003 9.453e+003-3.805e+001-5.865e+003 1.932e+002-4.746e+002 1.004e+002-4.455e+004 1.231e+003 1.240e+004
 5.750e+002 2.930e+000 6.000e+001 1.694e+001-4.606e+002 1.467e+001 2.026e+001 4.519e+001 2.259e+004-7.704e+001 9.090e+002-6.171e+000-6.577e+002 2.492e+001-3.580e+000-1.988e+001-5.357e+003 1.302e+002 2.930e+003
 5.880e+002 2.930e+000 4.800e+001 7.886e+000-7.385e+001 2.390e+000-4.447e+001 5.582e+001 1.195e+004 6.717e+001 4.520e+002-3.030e+000-2.535e+002 9.950e+000 4.394e+001-6.983e+001-5.995e+003 1.200e+002 4.638e+003
 6.000e+002 2.930e+000 6.300e+001 2.447e+001-5.475e+002 2.067e+001 2.493e+002 1.067e+002 2.402e+004-2.556e+001 3.675e+002-1.056e+001-6.683e+002 3.714e+001 1.180e+001-1.163e+002-1.409e+004 3.688e+002 1.032e+004
 6.130e+002 2.930e+000 3.900e+001 5.131e+000-6.857e+001 3.859e+000 1.211e-001 4.996e+001 7.801e+003 1.346e+002 2.228e+002-1.426e-002-1.695e+002 9.780e+000 6.808e+001-4.754e+001-4.098e+003 8.169e+001 2.853e+003
 6.250e+002 2.930e+000 3.900e+001 2.517e+000-5.653e+000 1.204e+000-2.626e+001 2.439e+001 6.269e+003 6.156e+001 4.867e+002-8.971e-001-1.249e+002 4.794e+000 3.281e+001-2.560e+001-3.678e+003 6.616e+001 2.840e+003
 6.380e+002 2.930e+000 4.500e+001 5.361e+000-2.732e+001 1.447e+000-4.308e+001-8.823e+000 3.815e+003 3.876e+001 4.425e+002-1.440e+000-6.729e+001 4.209e+000 3.727e+001-1.544e+001-1.990e+003 3.524e+001 2.022e+003
 6.500e+002 2.930e+000 5.400e+001 5.761e+003-1.454e+005 6.114e+003 8.644e+004 1.223e+004 3.735e+006-2.686e+004-7.848e+005-1.624e+003-1.584e+005 7.000e+003 1.708e+004-3.849e+004-2.287e+006 1.030e+005 1.570e+006
 6.630e+002 2.930e+000 5.100e+001 4.758e+000-4.066e+001 2.148e+000-2.806e+001 4.885e+000 7.976e+003 9.877e+001 3.316e+002-7.126e-001-1.494e+002 6.263e+000 6.280e+001-2.475e+001-4.313e+003 7.527e+001 3.302e+003
 6.750e+002 2.930e+000 3.900e+001 3.132e+000-4.915e+000 4.381e-001-2.528e+001 2.485e+001 3.048e+003 3.704e+001-3.776e+001-1.661e+000-4.666e+001 3.486e+000 3.898e+001-3.402e+001-2.162e+003 3.473e+001 2.080e+003
 6.880e+002 2.930e+000 4.200e+001 3.319e+000 1.961e+001 4.451e-001-5.028e+001 9.769e+000 4.492e+003 5.951e+001 5.654e+002-9.354e-001-6.479e+001 3.174e+000 3.504e+001-2.728e+001-3.084e+003 4.404e+001 2.983e+003
 7.000e+002 2.930e+000 6.300e+001 3.803e+000-3.365e+001 1.185e+000-1.761e+001 2.787e+000 1.139e+004 1.954e+002 6.357e+002-7.092e-001-1.818e+002 8.782e+000 1.045e+002-2.101e+001-6.099e+003 1.061e+002 4.023e+003
 7.130e+002 2.930e+000 4.800e+001 3.082e+000 1.708e+001 5.109e-001-4.018e+001 5.664e+001 7.214e+003 7.243e+001 2.017e+002-1.543e+000-1.075e+002 3.613e+000 4.958e+001-6.355e+001-5.252e+003 8.014e+001 4.531e+003
 7.250e+002 2.930e+000 4.200e+001 3.309e+000 5.799e+001 4.839e-001-6.922e+001 6.922e+001 3.661e+004 8.675e+001 1.299e+003-1.556e+000-2.786e+002 4.219e+000 4.821e+001-4.697e+001-1.847e+004 1.409e+002 1.027e+004
 7.380e+002 2.930e+000 3.900e+001 2.048e+000 3.138e+001 2.035e-001-2.327e+001 1.460e+002 5.693e+004 5.535e+001 8.754e+002-1.278e+000-3.693e+002 3.705e+000 2.809e+001-8.427e+001-2.782e+004 1.907e+002 1.401e+004
 7.500e+002 2.930e+000 9.900e+001 6.481e+001-2.638e+003 7.372e+001 1.690e+003 1.207e+003 1.476e+005 1.283e+003 1.183e+004-9.135e+000-3.481e+003 9.953e+001 4.783e+002-5.498e+002-8.943e+004 2.211e+003 5.613e+004
 7.630e+002 2.930e+000 4.800e+001 3.449e+000-4.069e+001 1.072e+000-8.246e-001 5.067e+001 3.925e+003 2.851e+001-4.555e+002-9.169e-001-6.604e+001 2.359e+000 2.807e+001-5.401e+001-2.627e+003 4.307e+001 2.213e+003
 7.750e+002 2.930e+000 5.100e+001 2.135e+000-3.168e+001-3.332e-002 9.401e+000 2.425e+001 6.174e+003 8.337e+001 4.942e+000-4.328e-001-9.036e+001 4.263e+000 4.664e+001-3.261e+001-4.043e+003 6.679e+001 3.007e+003
 7.880e+002 2.930e+000 6.300e+001 3.469e+000-4.482e+001 1.082e+000-2.407e+000 1.574e+001 6.664e+003 8.267e+001 1.221e+002-3.534e-001-8.557e+001 3.495e+000 5.853e+001-2.554e+001-4.230e+003 5.575e+001 3.239e+003
 8.000e+002 2.930e+000 6.000e+001 3.311e+000-1.187e+002 2.489e+000 7.500e+001 4.129e+001 1.152e+004 1.399e+002 1.583e+002 1.506e-001-1.549e+002 5.990e+000 8.880e+001-3.094e+001-7.769e+003 1.076e+002 5.495e+003
 8.130e+002 2.930e+000 7.200e+001 6.967e+000-3.013e+002 2.163e+000 1.619e+002-1.355e+002 3.040e+004 6.022e+002 1.538e+003 8.391e+000-4.459e+002 2.159e+001 3.702e+002 8.879e+001-1.986e+004 3.096e+002 1.360e+004
 8.250e+002 2.930e+000 6.000e+001 2.294e+000-8.031e+001 1.096e+000 3.951e+001 2.153e+001 1.270e+004 1.954e+002 4.202e+002 6.570e-001-1.454e+002 6.455e+000 1.260e+002-2.028e+001-8.420e+003 1.056e+002 5.925e+003
 8.380e+002 2.930e+000 1.290e+002 6.872e+000-3.222e+002 4.320e-001 1.661e+002-1.747e+002 5.155e+004 9.203e+002 4.669e+003 7.244e+000-6.362e+002 3.044e+001 5.486e+002 1.370e+002-3.508e+004 5.146e+002 2.551e+004
 8.500e+002 2.930e+000 9.600e+001 7.867e+001-6.410e+003-3.016e+001 3.465e+003-4.956e+003 9.408e+005 2.229e+004 1.269e+005 2.104e+002-1.271e+004 7.273e+002 1.280e+004 4.160e+003-6.171e+005 1.123e+004 4.269e+005
 8.630e+002 2.930e+000 8.100e+001 5.342e+000-2.707e+002 2.269e+000 1.466e+002-3.584e+001 4.079e+004 7.280e+002 3.045e+003 4.333e+000-5.474e+002 2.444e+001 4.443e+002 2.364e+001-2.736e+004 4.371e+002 1.924e+004
 8.750e+002 2.930e+000 5.100e+001 3.847e+000-2.050e+002 2.038e+000 1.139e+002-3.287e+001 2.038e+004 3.133e+002 8.285e+002 2.948e+000-1.844e+002 8.619e+000 1.935e+002 2.319e+001-1.289e+004 1.269e+002 8.452e+003
 8.880e+002 2.930e+000 1.350e+002 2.581e+001-1.362e+003 1.844e+001 8.005e+002 2.355e+001 9.787e+004 1.336e+003 5.817e+002 1.798e+001-1.256e+003 3.803e+001 8.149e+002-3.600e+001-6.055e+004 7.857e+002 3.829e+004
 9.000e+002 2.930e+000 9.600e+001 2.968e+002-1.569e+004 1.893e+002 9.565e+003-1.198e+003 8.757e+005 1.251e+004 8.607e+003 2.356e+002-1.148e+004 3.351e+002 7.483e+003 8.872e+002-5.344e+005 7.090e+003 3.276e+005
 9.130e+002 2.930e+000 9.600e+001 4.198e+002-2.231e+004 2.844e+002 1.366e+004-8.271e+002 1.218e+006 1.693e+004 1.271e+004 3.180e+002-1.606e+004 4.515e+002 1.027e+004 7.315e+002-7.492e+005 1.004e+004 4.620e+005
 9.250e+002 2.930e+000 9.000e+001 2.722e+001-1.623e+003 2.081e+001 9.986e+002 1.370e+002 1.264e+005 1.829e+003 1.933e+003 2.063e+001-1.476e+003 4.716e+001 1.159e+003-7.087e+001-8.102e+004 9.722e+002 5.274e+004
 9.380e+002 2.930e+000 1.410e+002 7.372e+001-5.682e+003 8.060e+001 3.632e+003 7.919e+002 5.745e+005 7.886e+003 2.268e+004 7.531e+001-6.669e+003 2.031e+002 4.772e+003-2.770e+002-3.585e+005 4.534e+003 2.269e+005
 9.500e+002 2.930e+000 9.600e+001 1.145e+003-1.013e+005 1.348e+003 6.475e+004 8.022e+003 9.153e+006 1.411e+005 4.541e+005 1.456e+003-1.103e+005 3.527e+003 8.422e+004-1.364e+002-5.817e+006 7.718e+004 3.722e+006
 9.630e+002 2.930e+000 9.600e+001 4.640e+001-3.745e+003 4.830e+001 2.341e+003 3.100e+002 3.344e+005 5.293e+003 1.375e+004 5.463e+001-3.847e+003 1.316e+002 3.174e+003-5.413e+001-2.105e+005 2.640e+003 1.337e+005
 9.750e+002 2.930e+000 1.170e+002 2.688e+001-1.625e+003 2.575e+001 1.013e+003 5.020e+002 1.419e+005 1.952e+003 1.301e+003 1.287e+001-1.736e+003 5.362e+001 1.264e+003-3.315e+002-9.183e+004 1.161e+003 6.010e+004
 9.880e+002 2.930e+000 1.110e+002 2.225e+001-1.199e+003 1.888e+001 7.438e+002 3.431e+002 9.002e+004 1.042e+003-2.092e+002 7.513e+000-1.183e+003 3.105e+001 6.747e+002-2.416e+002-5.782e+004 7.711e+002 3.761e+004
 1.000e+003 2.930e+000 5.490e+002 1.908e+002-1.020e+004 1.196e+002 6.435e+003-1.709e+001 6.481e+005 6.189e+003-5.819e+003 8.748e+001-7.542e+003 1.632e+002 4.061e+003-1.652e+002-4.165e+005 4.809e+003 2.706e+005
 1.130e+003 2.930e+000 1.050e+003 3.288e+003-2.389e+005 2.485e+003 1.599e+005 2.830e+003 1.767e+007 1.320e+005-1.321e+004 1.704e+003-1.805e+005 2.975e+003 8.934e+004-2.016e+003-1.185e+007 1.204e+005 7.961e+006
 1.250e+003 2.930e+000 9.360e+002 4.072e+003-2.370e+005 2.667e+003 1.505e+005-6.392e+004 1.542e+007 6.831e+004 8.388e+005 1.784e+003-1.948e+005 2.834e+003 3.393e+004 5.373e+004-1.006e+007 1.312e+005 6.613e+006
 1.380e+003 2.930e+000 8.880e+002 3.136e+003-1.972e+005 1.569e+003 1.305e+005 3.224e+004 1.282e+007-4.662e+003-1.012e+005-3.410e+002-1.032e+005 8.513e+002-2.257e+003-2.299e+004-8.505e+006 6.856e+004 5.647e+006
 1.500e+003 2.930e+000 6.300e+001 2.510e+001-1.509e+003 1.871e+001 1.041e+003 8.532e+001 1.163e+005 3.051e+002-5.422e+003 9.082e-001-1.347e+003 1.924e+001 2.924e+002-1.208e+002-8.303e+004 9.379e+002 6.024e+004
 1.630e+003 2.930e+000 6.900e+001 6.125e+000-6.120e+002 8.588e+000 4.366e+002 1.768e+002 8.213e+004 6.079e+002-4.845e+003 1.853e+000-9.804e+002 1.736e+001 5.171e+002-1.712e+002-6.111e+004 6.970e+002 4.606e+004
 1.750e+003 2.930e+000 4.800e+001 2.937e+001-3.876e+003 6.117e+001 2.896e+003 1.352e+003 6.039e+005 5.405e+003-4.149e+004 1.665e+001-7.618e+003 1.463e+002 4.709e+003-1.318e+003-4.665e+005 5.518e+003 3.635e+005
 1.880e+003 2.930e+000 7.200e+001 5.746e+001-5.844e+003 1.025e+002 4.305e+003 2.678e+003 7.965e+005 5.908e+003-6.505e+004 3.139e+000-1.103e+004 2.012e+002 5.510e+003-2.607e+003-6.175e+005 8.095e+003 4.853e+005
 2.000e+003 2.930e+000 7.200e+001 1.316e+002-1.356e+004 2.169e+002 9.946e+003 6.777e+003 1.967e+006 1.174e+004-1.460e+005-1.511e+001-2.582e+004 4.198e+002 1.096e+004-6.277e+003-1.522e+006 1.913e+004 1.190e+006
 2.130e+003 2.930e+000 4.800e+001 3.850e+001-3.317e+003 4.983e+001 2.357e+003 1.066e+003 3.533e+005 1.710e+003-2.489e+004-4.505e-001-4.637e+003 7.352e+001 1.598e+003-1.019e+003-2.625e+005 3.315e+003 1.974e+005
 2.250e+003 2.930e+000 6.600e+001 1.222e+001-9.902e+002 1.515e+001 7.049e+002 3.576e+002 1.156e+005 5.009e+002-9.056e+003-2.019e+000-1.559e+003 2.585e+001 4.962e+002-3.474e+002-8.724e+004 1.137e+003 6.688e+004
 2.380e+003 2.930e+000 5.400e+001 2.395e+001-1.882e+003 4.487e+001 1.320e+003 1.972e+003 3.450e+005 2.181e+003-2.407e+004-2.411e+001-5.868e+003 1.171e+002 2.117e+003-1.675e+003-2.691e+005 4.429e+003 2.118e+005
 2.500e+003 2.930e+000 3.600e+001 1.099e+000-7.796e+001 1.413e+000 5.471e+001 4.667e+001 1.346e+004 9.499e+001-1.057e+003-4.693e-001-1.706e+002 3.577e+000 8.349e+001-4.202e+001-1.013e+004 1.218e+002 7.767e+003
 2.630e+003 2.930e+000 7.200e+001 7.650e+000-5.793e+002 1.526e+001 4.038e+002 7.368e+002 1.277e+005 8.866e+002-6.986e+003-9.519e+000-2.253e+003 4.685e+001 8.065e+002-6.027e+002-9.839e+004 1.690e+003 7.626e+004
 2.750e+003 2.930e+000 6.600e+001 1.328e+000-1.374e+002 2.835e+000 9.317e+001 1.068e+002 3.236e+004 2.884e+002-2.635e+003-5.000e-001-4.563e+002 9.492e+000 2.509e+002-9.298e+001-2.419e+004 3.189e+002 1.839e+004
 2.880e+003 2.930e+000 4.200e+001 3.288e-001-2.194e+001 3.984e-001 1.517e+001 1.647e+001 5.009e+003 3.768e+001-2.734e+002-1.173e-001-7.568e+001 1.625e+000 3.120e+001-1.466e+001-3.726e+003 5.478e+001 2.843e+003
 3.000e+003 2.930e+000 3.600e+001 6.020e-001-2.253e+001 1.879e-001 1.325e+001 1.685e+001 3.508e+003 1.654e+001-2.643e+002-1.579e-001-5.378e+001 1.306e+000 9.938e+000-2.046e+001-2.645e+003 4.040e+001 2.273e+003
 3.130e+003 2.930e+000 6.000e+001 4.547e-001-3.544e+001 6.879e-001 2.488e+001 2.924e+001 6.455e+003 4.699e+001-4.803e+002-1.805e-001-9.209e+001 1.861e+000 4.228e+001-2.631e+001-4.929e+003 6.696e+001 3.896e+003
 3.250e+003 2.930e+000 4.200e+001 5.060e-001-2.450e+001 6.151e-001 1.548e+001 3.870e+001 5.990e+003 4.013e+001-3.867e+002-5.796e-001-1.062e+002 2.388e+000 3.636e+001-3.128e+001-4.451e+003 7.619e+001 3.382e+003
 3.380e+003 2.930e+000 7.200e+001 9.957e-001-5.959e+001 1.894e+000 3.599e+001 1.153e+002 2.228e+004 2.052e+002-1.833e+003-1.265e+000-3.281e+002 6.983e+000 1.922e+002-9.740e+001-1.774e+004 2.448e+002 1.436e+004
 3.500e+003 2.930e+000 7.200e+001 4.631e+000-3.889e+002 9.164e+000 2.784e+002 4.695e+002 8.465e+004 5.457e+002-5.949e+003-5.104e+000-1.347e+003 2.529e+001 5.340e+002-4.085e+002-6.809e+004 1.048e+003 5.532e+004
 3.630e+003 2.930e+000 4.800e+001 7.434e+000-9.595e+002 2.242e+001 6.938e+002 1.079e+003 2.859e+005 2.527e+003-1.046e+004-6.115e+000-3.841e+003 7.418e+001 2.073e+003-8.624e+002-2.186e+005 2.847e+003 1.677e+005
 3.750e+003 2.930e+000 7.200e+001 1.950e+000-1.803e+002 4.183e+000 1.332e+002 2.027e+002 4.143e+004 3.019e+002-2.251e+003-1.760e+000-6.206e+002 1.168e+001 2.764e+002-1.746e+002-3.323e+004 4.831e+002 2.690e+004
 3.880e+003 2.930e+000 7.200e+001 9.016e+000-7.877e+002 1.755e+001 5.941e+002 9.053e+002 1.687e+005 1.092e+003-1.065e+004-8.485e+000-2.516e+003 4.477e+001 1.066e+003-8.100e+002-1.402e+005 2.023e+003 1.175e+005
 4.000e+003 2.930e+000 4.800e+001 3.301e+000-2.102e+002 4.510e+000 1.342e+002 2.186e+002 4.171e+004 2.485e+002-2.648e+003-2.193e+000-6.200e+002 1.082e+001 2.503e+002-2.223e+002-3.391e+004 4.917e+002 2.936e+004
 4.130e+003 2.930e+000 7.200e+001 3.395e+000-3.580e+002 7.293e+000 2.810e+002 3.194e+002 7.238e+004 4.350e+002-3.413e+003-2.678e+000-1.090e+003 1.914e+001 4.185e+002-2.889e+002-6.076e+004 8.955e+002 5.153e+004
 4.250e+003 2.930e+000 7.200e+001 1.661e+000-1.553e+002 3.255e+000 1.160e+002 1.405e+002 3.086e+004 1.902e+002-1.923e+003-1.219e+000-4.798e+002 8.761e+000 1.866e+002-1.304e+002-2.533e+004 3.819e+002 2.124e+004
 4.380e+003 2.930e+000 4.800e+001 1.629e+000-1.576e+002 3.173e+000 1.199e+002 1.494e+002 3.141e+004 1.737e+002-1.846e+003-1.354e+000-4.697e+002 8.044e+000 1.715e+002-1.362e+002-2.593e+004 3.770e+002 2.177e+004
 4.500e+003 2.930e+000 6.900e+001 2.952e+000-2.607e+002 5.021e+000 1.966e+002 2.315e+002 4.929e+004 2.288e+002-2.840e+003-2.225e+000-7.434e+002 1.234e+001 2.351e+002-2.271e+002-4.115e+004 6.047e+002 3.566e+004
 4.630e+003 2.930e+000 6.300e+001 4.681e-001-4.556e+001 8.593e-001 3.357e+001 3.655e+001 1.104e+004 5.125e+001 3.858e+001-3.196e-001-1.658e+002 2.779e+000 4.037e+001-3.301e+001-8.668e+003 1.293e+002 7.135e+003
 4.750e+003 2.930e+000 4.800e+001 8.107e-001-7.433e+001 1.520e+000 5.709e+001 8.980e+001 2.189e+004 1.066e+002-6.856e+002-9.192e-001-3.185e+002 5.222e+000 1.018e+002-8.433e+001-1.868e+004 2.670e+002 1.635e+004
 4.880e+003 2.930e+000 7.200e+001 5.588e-001-5.700e+001 9.782e-001 4.073e+001 3.652e+001 1.171e+004 5.026e+001-1.074e+003-2.842e-001-1.778e+002 3.007e+000 5.430e+001-3.704e+001-9.260e+003 1.354e+002 7.611e+003
 5.000e+003 2.930e+000 6.900e+001 5.965e-001-5.628e+001 1.129e+000 4.388e+001 5.686e+001 1.418e+004 7.710e+001-3.326e+002-5.128e-001-2.132e+002 3.710e+000 6.850e+001-5.034e+001-1.160e+004 1.717e+002 9.629e+003
 5.130e+003 2.930e+000 4.500e+001 1.769e-001-1.153e+001 2.280e-001 8.396e+000 1.276e+001 3.970e+003 2.234e+001 5.782e+001-1.355e-001-6.265e+001 1.171e+000 1.592e+001-1.089e+001-2.974e+003 4.752e+001 2.291e+003
 5.250e+003 2.930e+000 4.500e+001 1.478e-001-6.632e+000 1.273e-001 4.287e+000 9.642e+000 2.160e+003 9.449e+000-2.136e+001-1.114e-001-3.555e+001 6.738e-001 7.232e+000-8.312e+000-1.615e+003 2.617e+001 1.269e+003
 5.380e+003 2.930e+000 6.600e+001 5.083e-001-3.667e+001 7.685e-001 2.594e+001 4.055e+001 9.648e+003 4.706e+001-4.697e+002-4.916e-001-1.586e+002 2.940e+000 4.505e+001-3.594e+001-7.603e+003 1.223e+002 6.110e+003
 5.500e+003 2.930e+000 4.200e+001 1.319e-001-5.253e+000 9.618e-002 3.044e+000 6.907e+000 1.252e+003 4.514e+000-1.017e+002-1.093e-001-2.245e+001 4.606e-001 5.195e+000-6.530e+000-9.638e+002 1.719e+001 7.943e+002
 5.630e+003 2.930e+000 5.700e+001 4.288e-001-2.453e+001 5.020e-001 1.733e+001 2.923e+001 5.283e+003 2.115e+001-9.124e+002-3.923e-001-9.109e+001 1.737e+000 3.441e+001-3.389e+001-4.753e+003 7.814e+001 4.658e+003
 5.750e+003 2.930e+000 6.300e+001 3.690e-001-1.038e+001 2.297e-001 6.350e+000 1.666e+001 3.303e+003 1.105e+001-3.765e+002-2.519e-001-5.437e+001 1.043e+000 1.648e+001-2.054e+001-2.711e+003 4.397e+001 2.591e+003
 5.880e+003 2.930e+000 3.600e+001 2.567e-001-1.195e+001 2.453e-001 7.443e+000 1.349e+001 1.864e+003 1.333e+000-3.158e+002-2.543e-001-3.817e+001 8.174e-001 7.646e+000-1.593e+001-1.574e+003 3.161e+001 1.559e+003
 6.000e+003 2.930e+000 6.900e+001 1.264e+001 1.420e+002-3.116e+000-2.041e+002 1.835e+002 1.557e+004 6.216e+001 7.253e+002-5.398e+000-3.191e+002 7.140e+000 4.380e+001-3.362e+002-1.602e+004 3.541e+002 1.934e+004
 6.130e+003 2.930e+000 5.700e+001 3.978e-001-1.475e+001 2.709e-001 9.034e+000 1.988e+001 2.850e+003 4.157e+000-4.027e+002-3.227e-001-5.478e+001 1.132e+000 1.098e+001-2.102e+001-2.412e+003 4.560e+001 2.184e+003
 6.250e+003 2.930e+000 3.300e+001 2.217e-001-6.822e+000 9.613e-002 2.919e+000 6.906e+000 1.261e+003 1.810e+000-1.886e+002-9.212e-002-2.415e+001 5.333e-001 3.972e+000-8.556e+000-9.126e+002 1.762e+001 8.152e+002
 6.380e+003 2.930e+000 5.100e+001 2.431e-001-5.369e+000 7.645e-002 3.001e+000 1.047e+001 1.262e+003 1.535e+000-9.947e+001-1.632e-001-2.449e+001 5.366e-001 2.971e+000-9.654e+000-9.700e+002 1.883e+001 8.086e+002
 6.500e+003 2.930e+000 4.800e+001 2.573e-001-1.009e+001 1.729e-001 7.321e+000 1.334e+001 3.400e+003 9.458e+000-7.296e+001-2.008e-001-6.769e+001 1.447e+000 9.253e+000-1.205e+001-2.745e+003 5.423e+001 2.293e+003
 6.630e+003 2.930e+000 4.800e+001 4.585e-001-1.960e+001 3.984e-001 1.337e+001 2.417e+001 4.443e+003 1.024e+001-3.743e+002-3.840e-001-9.047e+001 1.947e+000 1.543e+001-2.484e+001-3.709e+003 7.391e+001 3.279e+003
 6.750e+003 2.930e+000 6.300e+001 6.324e-001-2.096e+001 4.335e-001 1.181e+001 2.902e+001 4.288e+003 1.226e+001-5.016e+002-4.197e-001-8.887e+001 2.009e+000 1.932e+001-2.894e+001-3.398e+003 6.765e+001 2.866e+003
 6.880e+003 2.930e+000 4.500e+001 3.441e-001-5.460e+000 8.488e-002 3.765e+000 1.578e+001 2.279e+003 6.154e+000-1.268e+002-2.515e-001-4.699e+001 1.084e+000 7.479e+000-1.589e+001-1.909e+003 3.805e+001 1.676e+003
 7.000e+003 2.930e+000 4.500e+001 5.666e-001-1.879e+001 3.415e-001 9.117e+000 1.923e+001 3.833e+003 9.820e+000-2.584e+002-2.908e-001-8.362e+001 1.979e+000 1.147e+001-2.096e+001-2.858e+003 6.094e+001 2.356e+003
 7.130e+003 2.930e+000 6.000e+001 7.230e-001-8.802e-001-1.114e-001-2.018e+000 3.866e+001 3.705e+003-2.148e+000-1.761e+002-7.661e-001-8.343e+001 2.040e+000 2.084e+000-3.276e+001-2.979e+003 6.603e+001 2.485e+003
 7.250e+003 2.930e+000 5.400e+001 7.776e-001-4.379e+000-3.702e-002 3.656e-001 3.523e+001 3.403e+003-9.188e-001-2.266e+002-6.957e-001-8.271e+001 2.187e+000 3.828e+000-3.170e+001-2.707e+003 6.432e+001 2.272e+003
 7.380e+003 2.930e+000 3.900e+001 8.122e-001 8.302e+000-4.343e-001-1.037e+001 3.419e+001 2.665e+003-1.027e+001-1.889e+002-6.974e-001-6.531e+001 1.761e+000-4.204e+000-2.878e+001-2.048e+003 4.975e+001 1.693e+003
 7.500e+003 2.930e+000 6.000e+001 1.494e+000 9.630e+000-7.077e-001-1.202e+001 7.467e+001 6.044e+003-1.661e+001-3.590e+002-1.618e+000-1.468e+002 3.924e+000-4.522e+000-6.206e+001-4.940e+003 1.196e+002 4.144e+003
 7.630e+003 2.930e+000 6.600e+001 3.659e+000 6.139e+001-2.791e+000-5.763e+001 1.662e+002 1.007e+004-6.271e+001-3.829e+002-3.661e+000-2.550e+002 7.189e+000-4.020e+001-1.327e+002-8.007e+003 2.045e+002 6.547e+003
 7.750e+003 2.930e+000 4.800e+001 4.297e+000 7.238e+001-3.354e+000-6.317e+001 1.924e+002 1.078e+004-7.831e+001-3.094e+002-4.179e+000-2.720e+002 7.632e+000-5.451e+001-1.507e+002-8.337e+003 2.113e+002 6.621e+003
 7.880e+003 2.930e+000 7.200e+001 3.450e+001 5.828e+002-2.745e+001-5.205e+002 1.544e+003 8.174e+004-6.446e+002-2.684e+003-3.472e+001-2.095e+003 5.918e+001-4.447e+002-1.218e+003-6.479e+004 1.680e+003 5.187e+004
 8.000e+003 2.930e+000 7.200e+001 4.976e+002 9.035e+003-4.196e+002-7.859e+003 2.287e+004 1.222e+006-9.858e+003-4.193e+004-5.199e+002-3.172e+004 9.030e+002-6.615e+003-1.758e+004-9.543e+005 2.509e+004 7.475e+005
 8.130e+003 2.930e+000 4.800e+001 1.217e+001 2.403e+002-1.079e+001-1.961e+002 5.348e+002 2.938e+004-2.321e+002-4.971e+002-1.218e+001-7.839e+002 2.301e+001-1.664e+002-4.120e+002-2.261e+004 6.062e+002 1.757e+004
 8.250e+003 2.930e+000 6.900e+001 8.694e+000 1.553e+002-7.037e+000-1.334e+002 3.362e+002 1.746e+004-1.331e+002-2.314e+002-7.449e+000-4.645e+002 1.377e+001-1.038e+002-2.756e+002-1.409e+004 3.751e+002 1.161e+004
 8.380e+003 2.930e+000 5.400e+001 2.457e+000 2.984e+001-1.434e+000-2.966e+001 9.982e+001 5.527e+003-2.228e+001-2.838e+002-2.211e+000-1.417e+002 4.150e+000-1.061e+001-8.197e+001-4.466e+003 1.141e+002 3.758e+003
 8.500e+003 2.930e+000 4.200e+001 1.109e+000 1.440e+001-6.897e-001-1.144e+001 4.107e+001 2.566e+003-9.632e+000 5.981e+001-9.574e-001-7.144e+001 2.243e+000-1.015e+001-3.607e+001-1.973e+003 5.347e+001 1.650e+003
 8.630e+003 2.930e+000 6.000e+001 1.562e+000 1.468e+001-6.616e-001-1.548e+001 5.827e+001 3.373e+003-3.590e+000-1.082e+002-1.342e+000-8.785e+001 2.611e+000-7.440e-001-5.035e+001-2.754e+003 7.056e+001 2.376e+003
 8.750e+003 2.930e+000 5.400e+001 7.272e-001 1.156e+001-4.283e-001-1.006e+001 2.035e+001 1.518e+003 1.497e+000 1.766e+001-5.075e-001-4.534e+001 1.547e+000-1.202e-001-1.935e+001-1.128e+003 3.249e+001 9.642e+002
 8.880e+003 2.930e+000 3.600e+001 4.776e-001 3.869e+000-1.284e-001-4.124e+000 1.302e+001 1.134e+003 3.931e+000 6.902e+001-3.031e-001-3.399e+001 1.168e+000-6.634e-001-1.339e+001-7.934e+002 2.284e+001 6.739e+002
 9.000e+003 2.930e+000 4.800e+001 6.339e-001 1.492e+000-1.142e-001-2.820e+000 2.010e+001 1.752e+003 7.777e+000 1.857e+001-4.512e-001-4.909e+001 1.588e+000 4.140e+000-1.818e+001-1.339e+003 3.717e+001 1.097e+003
 9.130e+003 2.930e+000 4.500e+001 3.925e-001 3.235e-001-1.805e-002-1.899e+000 1.088e+001 1.024e+003 3.780e+000 1.666e+001-2.477e-001-2.997e+001 1.014e+000 1.702e+000-1.110e+001-7.068e+002 1.965e+001 6.016e+002
 9.250e+003 2.930e+000 3.600e+001 3.166e-001 1.128e+000-6.189e-002-1.232e+000 6.052e+000 6.414e+002 1.666e+000 4.732e+001-1.338e-001-1.885e+001 6.397e-001-8.864e-001-7.355e+000-4.379e+002 1.221e+001 3.867e+002
 9.380e+003 2.930e+000 4.500e+001 4.395e-001 3.505e+000-1.520e-001-3.158e+000 1.078e+001 6.795e+002 1.085e+000 5.141e+001-2.384e-001-1.873e+001 6.280e-001-1.243e+000-1.284e+001-5.677e+002 1.492e+001 5.804e+002
 9.500e+003 2.930e+000 5.100e+001 3.192e-001-4.297e-001-5.302e-002-5.399e-001 6.621e+000 6.948e+002 2.329e+000 3.176e+001-1.642e-001-2.038e+001 7.132e-001-2.808e-001-7.110e+000-4.713e+002 1.363e+001 3.912e+002
 9.630e+003 2.930e+000 3.300e+001 3.273e-001-1.356e-002-2.512e-002-2.167e+000 4.512e+000 5.954e+002 3.878e+000 7.356e+001-8.407e-002-1.711e+001 6.008e-001-7.307e-001-7.597e+000-3.990e+002 1.150e+001 4.170e+002
 9.750e+003 2.930e+000 6.000e+001 7.201e-001 8.110e-002-1.595e-001-5.057e+000-1.302e+000 6.667e+002 5.182e+000 1.232e+002 1.694e-001-1.870e+001 7.353e-001-3.970e+000-9.519e+000-3.002e+002 8.153e+000 3.730e+002
 9.880e+003 2.930e+000 3.000e+001 9.316e-001-2.629e+000-1.601e-001-8.592e+000-1.371e+001 7.477e+002 4.086e+000 1.818e+002 4.317e-001-2.171e+001 7.226e-001-8.365e+000-1.143e+001-5.559e+001 3.614e+000 3.806e+002
 1.000e+004 2.930e+000 1.530e+002 1.631e+001-5.684e+001-1.835e+000-1.583e+002-3.289e+002 1.050e+004 8.360e+001 3.320e+003 8.305e+000-2.616e+002 7.559e+000-1.065e+002-1.526e+002 1.787e+003-6.550e+000 4.222e+003
 1.130e+004 2.930e+000 2.670e+002 2.023e+000-8.424e+000 5.246e-001-5.374e-001 3.808e+001 4.244e+003 4.660e+001-9.006e+001-1.486e+000-1.333e+002 5.374e+000 3.458e+001-3.915e+001-2.854e+003 8.887e+001 2.237e+003
 1.250e+004 2.930e+000 2.340e+002 9.237e+000 2.017e+002-6.601e+000-2.179e+002-1.802e+002 1.918e+004 2.078e+002 9.016e+003 7.013e-001-5.540e+002 2.024e+001-1.483e+002-9.871e+001-6.057e+003 2.759e+002 8.079e+003
 1.380e+004 2.930e+000 2.070e+002 3.495e+001 5.715e+002-1.388e+001-4.426e+002-4.884e+001 1.254e+004 1.054e+002 1.593e+004-2.542e+000-3.627e+002 1.365e+001-3.279e+002-9.381e+002-6.119e+003 2.285e+002 3.167e+004
 1.500e+004 2.930e+000 1.890e+002 3.042e+000 4.448e+001-2.958e-001-3.996e+001 5.775e+001 3.395e+003 7.624e+001 4.790e+001-3.394e+000-1.393e+002 7.834e+000 5.659e+001-6.055e+001-2.413e+003 9.494e+001 2.170e+003
 1.630e+004 2.930e+000 3.030e+002 1.390e+002 7.107e+002-7.322e+001-8.401e+002-4.493e+003 1.587e+005 1.652e+003 3.082e+004 1.684e+002-6.194e+003 2.597e+002-1.328e+003-7.346e+002 1.471e+004-2.704e+002 1.172e+004
 1.750e+004 2.930e+000 2.280e+002 1.470e+001 7.246e+001-3.057e+000-7.522e+001-1.482e+002 3.961e+003 4.732e+001 1.618e+003 4.956e+000-1.675e+002 8.451e+000-5.447e+001-2.328e+002 1.736e+003-5.608e+001 4.274e+003
 1.880e+004 2.930e+000 1.440e+002 2.194e+000 2.949e+001-6.074e-001-2.757e+001 1.839e+001 1.315e+003 4.082e+001 1.324e+002-1.425e+000-5.666e+001 3.950e+000 1.832e+001-3.113e+001-8.255e+002 3.468e+001 9.172e+002
 2.000e+004 2.930e+000 2.430e+002 2.632e+001 2.277e+002-6.333e-001-3.468e+002 2.472e+002 7.710e+003 1.750e+002-4.037e+002-1.332e+001-2.694e+002 1.396e+001 2.156e+002-4.297e+002-7.778e+003 2.397e+002 1.210e+004
 2.130e+004 2.930e+000 1.920e+002 3.944e+000 1.178e+001-3.375e-001-2.862e+001-1.141e+001 1.544e+003 2.567e+001 9.543e+001 5.404e-001-5.821e+001 3.015e+000 5.233e+000-5.290e+001-3.285e+002 6.857e+000 1.139e+003
 2.250e+004 2.930e+000 1.980e+002 5.040e+000 1.302e+001-1.140e+000-2.026e+001-8.514e+001 2.039e+003 2.288e+001 4.163e+002 3.405e+000-8.446e+001 3.988e+000-1.907e+001-5.712e+001 7.732e+002-2.948e+001 8.293e+002
 2.380e+004 2.930e+000 3.750e+002 5.908e+001-1.296e+003 6.342e+001 7.697e+002 5.928e+002 3.796e+004 1.281e+003-2.542e+004 2.575e+001-1.246e+003 8.495e+001 2.008e+003-1.511e+003-3.422e+004 2.341e+002 5.017e+004
 2.500e+004 2.930e+000 2.820e+002 3.046e+001-1.718e+002 5.187e-001-1.609e+002-6.953e+001 1.705e+003 9.100e+001-1.771e+003 1.326e+001-5.581e+001 7.336e+000-5.085e+001-3.835e+002 1.315e+003-1.507e+002 6.180e+003
 2.630e+004 2.930e+000 1.770e+002 4.101e+000 8.143e+000-1.167e+000-1.681e+001-9.302e+001 2.778e+003 2.458e+001 4.610e+002 3.878e+000-9.811e+001 4.630e+000-2.111e+001-2.576e+001 4.615e+002-1.694e+001 2.853e+002
 2.750e+004 2.930e+000 1.920e+002 2.269e+000 1.226e+001-1.028e+000-1.221e+001-4.983e+001 1.421e+003 1.510e+001 3.422e+002 2.141e+000-6.335e+001 3.096e+000-1.555e+001-1.185e+001 1.173e+002-2.730e+000 1.837e+002
 2.880e+004 2.930e+000 1.350e+002 4.408e-001 1.986e+000-1.192e-001-2.480e+000-5.923e+000 2.116e+002 2.653e+000 4.593e+001 2.442e-001-9.172e+000 4.820e-001-1.310e+000-3.454e+000-2.921e-001 2.053e-001 6.618e+001
 3.000e+004 2.930e+000 1.920e+002 1.924e+000 1.241e+001-9.031e-001-1.177e+001-4.133e+001 1.139e+003 1.008e+001 3.389e+002 1.867e+000-5.279e+001 2.619e+000-1.599e+001-1.150e+001 1.148e+002-3.211e+000 1.812e+002
 3.130e+004 2.930e+000 3.510e+002 8.352e+000 2.535e+001 6.412e+000 1.628e+001 3.106e+002 1.307e+004 2.993e+002 1.798e+003-1.005e+001-4.075e+002 1.975e+001 2.586e+002-3.424e+002-1.365e+004 4.630e+002 1.478e+004
 3.250e+004 2.930e+000 4.410e+002 1.340e+001 5.324e+001 9.887e+000 1.986e+001 4.988e+002 2.079e+004 4.718e+002 3.191e+003-1.608e+001-6.339e+002 3.030e+001 4.055e+002-5.579e+002-2.199e+004 7.364e+002 2.418e+004
 3.380e+004 2.930e+000 1.590e+002 8.568e-001 3.745e+000-3.617e-001-3.929e+000-1.592e+001 3.902e+002 4.655e+000 9.614e+001 8.265e-001-2.025e+001 1.169e+000-5.010e+000-4.201e+000 3.059e+001-1.114e+000 6.159e+001
 3.500e+004 2.930e+000 1.080e+002 3.991e-002 3.103e-001-1.130e-002-1.570e-001 2.250e-001 1.535e+001 3.397e-001 3.871e+000-1.507e-002-6.201e-001 5.498e-002 6.633e-002-3.374e-001-9.772e+000 5.235e-001 1.121e+001
 3.630e+004 2.930e+000 1.860e+002 3.812e-001 1.612e+000-1.640e-001-1.525e+000-7.098e+000 2.023e+002 2.383e+000 3.852e+001 3.777e-001-1.042e+001 6.144e-001-1.946e+000-1.205e+000 1.056e+000 1.574e-001 2.099e+001
 3.750e+004 2.930e+000 2.040e+002 4.218e-001 1.381e+000-2.296e-001-1.564e+000-9.565e+000 3.018e+002 4.863e+000 4.423e+001 5.125e-001-1.602e+001 9.822e-001-1.939e+000-3.811e-001-2.030e+001 1.578e+000 2.249e+001
 3.880e+004 2.930e+000 3.540e+002 1.959e-001 6.379e+000-2.296e-001-3.527e+000 6.767e-001 5.259e+002 6.405e+000 1.733e+002-8.190e-002-1.910e+001 8.474e-001-2.560e+000-3.164e+000-3.052e+002 1.300e+001 2.515e+002
 4.000e+004 2.930e+000 6.360e+002 5.996e+000 4.584e+002-1.421e+001-2.461e+002 1.363e+002 4.048e+004 4.884e+002 1.452e+004-1.015e+001-1.400e+003 5.451e+001-1.875e+002-2.552e+002-2.605e+004 1.075e+003 2.203e+004
 4.130e+004 2.930e+000 4.770e+002 1.862e-001 6.841e+000-2.267e-001-3.582e+000 2.316e+000 6.227e+002 7.991e+000 2.147e+002-1.601e-001-2.308e+001 1.047e+000-2.978e+000-4.062e+000-3.858e+002 1.710e+001 3.256e+002
 4.250e+004 2.930e+000 3.990e+002 1.797e-001 4.175e+000-2.130e-001-2.480e+000-1.509e+000 3.726e+002 4.901e+000 1.116e+002 4.611e-002-1.657e+001 8.865e-001-2.406e+000-1.277e+000-1.917e+002 9.718e+000 1.503e+002
 4.380e+004 2.930e+000 4.500e+002 1.798e-001 5.433e+000-2.591e-001-3.026e+000-2.438e-001 3.964e+002 5.341e+000 1.501e+002-4.385e-002-1.776e+001 9.502e-001-3.826e+000-2.317e+000-2.137e+002 1.152e+001 1.851e+002
 4.500e+004 2.930e+000 5.280e+002 1.932e-001 7.441e+000-3.425e-001-4.031e+000 3.083e-001 5.296e+002 7.639e+000 2.218e+002-1.123e-001-2.376e+001 1.269e+000-5.891e+000-3.423e+000-2.887e+002 1.628e+001 2.607e+002
 4.630e+004 2.930e+000 5.910e+002 3.989e-001 2.162e+001-1.043e+000-1.200e+001-2.620e+000 1.656e+003 2.550e+001 6.770e+002-1.919e-001-7.574e+001 3.968e+000-1.820e+001-7.720e+000-8.326e+002 4.855e+001 7.081e+002
 4.750e+004 2.930e+000 6.480e+002 1.406e+001 1.212e+003-5.650e+001-6.640e+002-1.134e+002 1.062e+005 1.740e+003 4.197e+004-1.472e+001-4.789e+003 2.446e+002-1.003e+003-4.211e+002-5.426e+004 3.135e+003 4.432e+004
 4.880e+004 2.930e+000 6.150e+002 6.217e+000 5.530e+002-2.561e+001-2.970e+002-3.719e+001 5.020e+004 8.544e+002 1.934e+004-7.722e+000-2.267e+003 1.170e+002-4.369e+002-1.942e+002-2.565e+004 1.488e+003 2.057e+004
 5.000e+004 2.930e+000 4.290e+002 7.768e-002 2.773e+000-1.434e-001-1.451e+000-1.272e-001 2.629e+002 4.997e+000 8.930e+001-4.286e-002-1.269e+001 7.655e-001-1.980e+000-9.006e-001-1.257e+002 7.873e+000 9.648e+001
 5.130e+004 2.930e+000 2.760e+002 3.018e-002 3.768e-001-1.995e-002-1.618e-001 5.474e-002 3.554e+001 5.999e-001 9.388e+000-9.139e-003-1.814e+000 1.290e-001-2.027e-001-1.383e-001-1.695e+001 1.060e+000 1.273e+001
 5.250e+004 2.930e+000 1.800e+002 2.092e-002 1.764e-001-1.041e-002-9.740e-002 4.202e-002 1.340e+001 2.752e-001 3.570e+000-5.608e-003-6.912e-001 6.040e-002-5.703e-002-6.815e-002-6.669e+000 4.459e-001 5.464e+000
 5.380e+004 2.930e+000 2.190e+002 1.561e-001-2.424e+000-8.349e-003-2.536e-001-1.938e+000 1.242e+002 5.446e+000 8.793e-001 2.246e-001-5.399e+000 5.249e-001-4.127e-001-7.257e-001-4.066e+000-8.330e-003 1.562e+001
 5.500e+004 2.930e+000 5.550e+002 1.278e+000 8.141e+001-3.063e+000-3.947e+001 2.794e+001 6.090e+003 1.206e+002 2.458e+003-2.846e+000-2.701e+002 1.444e+001-3.401e+001-5.039e+001-3.791e+003 2.170e+002 3.361e+003
 5.630e+004 2.930e+000 6.120e+002 5.593e+000 3.463e+002-1.307e+001-1.694e+002 1.182e+002 2.425e+004 4.734e+002 1.018e+004-1.200e+001-1.076e+003 5.706e+001-1.527e+002-2.203e+002-1.533e+004 8.792e+002 1.398e+004
 5.750e+004 2.930e+000 4.410e+002 7.365e-002 1.951e+000-8.798e-002-9.550e-001 6.237e-001 1.255e+002 2.538e+000 4.978e+001-6.852e-002-6.108e+000 3.948e-001-9.978e-001-1.205e+000-7.396e+001 4.738e+000 6.878e+001
 5.880e+004 2.930e+000 1.560e+002 1.340e-002 1.479e-001-6.600e-003-5.748e-002 7.009e-002 7.792e+000 1.991e-001 3.019e+000-7.160e-003-4.261e-001 4.242e-002-7.226e-002-1.037e-001-4.073e+000 3.487e-001 4.599e+000
 6.000e+004 2.930e+000 8.700e+001 7.656e-003 4.472e-002-2.750e-003-2.097e-002 4.863e-003 1.541e+000 2.726e-002 4.567e-001-1.116e-003-8.724e-002 1.104e-002-2.320e-002-2.273e-002-7.138e-001 6.442e-002 1.028e+000
 6.130e+004 2.930e+000 8.100e+001 8.344e-003 4.573e-002-3.893e-003-2.293e-002 6.929e-003 1.234e+000 1.293e-002 4.763e-001-1.451e-003-8.889e-002 1.284e-002-4.685e-002-3.379e-002-5.337e-001 6.294e-002 9.797e-001
 6.250e+004 2.930e+000 2.430e+002 4.096e-002 6.859e-001-4.444e-002-4.158e-001-1.059e-001 2.172e+001 4.585e-001 1.402e+001-7.170e-003-1.220e+000 9.527e-002-6.336e-001-4.432e-001-1.012e+001 9.087e-001 1.631e+001
 6.380e+004 2.930e+000 5.940e+002 6.591e+000 2.065e+002-1.256e+001-1.365e+002-6.123e+001 7.117e+003 1.416e+002 5.211e+003-7.417e-001-3.900e+002 2.426e+001-2.231e+002-1.245e+002-3.152e+003 2.764e+002 5.226e+003
 6.500e+004 2.930e+000 3.150e+002 9.894e-002 2.389e+000-1.679e-001-1.644e+000-9.298e-001 8.445e+001 1.867e+000 5.726e+001 5.928e-003-5.086e+000 3.759e-001-2.787e+000-1.278e+000-3.414e+001 3.388e+000 5.593e+001
 6.630e+004 2.930e+000 1.080e+002 1.307e-002 1.738e-001-1.412e-002-1.179e-001-9.570e-002 6.084e+000 1.670e-001 3.512e+000 1.486e-003-3.707e-001 3.615e-002-1.889e-001-8.479e-002-1.793e+000 2.311e-001 3.536e+000
 6.750e+004 2.930e+000 4.800e+001 3.554e-003 2.276e-002-2.599e-003-1.048e-002-1.317e-002 5.829e-001 1.943e-002 1.771e-001 2.891e-004-4.333e-002 7.720e-003-1.119e-002-5.931e-003-1.264e-001 2.283e-002 2.528e-001
 6.880e+004 2.930e+000 2.700e+001 1.451e-003 1.392e-003-5.645e-004 0.000e+000-3.623e-003 2.499e-001 4.770e-003 2.494e-002 8.086e-005-1.025e-002 1.923e-003-2.019e-003 0.000e+000-2.494e-002 2.689e-003 2.494e-002
 7.000e+004 2.930e+000 6.900e+001 5.761e-003 7.342e-002-7.616e-003-3.392e-002-3.897e-002 3.190e+000 1.260e-001 1.314e+000 1.844e-004-1.930e-001 2.250e-002-6.283e-002-2.682e-002-6.083e-001 9.592e-002 9.738e-001
 7.130e+004 2.930e+000 3.900e+002 2.038e-001 8.868e+000-6.490e-001-5.354e+000-4.926e+000 5.663e+002 1.859e+001 2.831e+002-2.218e-002-3.084e+001 2.323e+000-9.521e+000-2.914e+000-1.809e+002 1.921e+001 2.035e+002
 7.250e+004 2.930e+000 3.840e+002 1.037e-001 4.443e+000-3.227e-001-2.567e+000-2.246e+000 2.885e+002 9.792e+000 1.394e+002-2.661e-002-1.583e+001 1.229e+000-4.491e+000-1.453e+000-9.340e+001 9.932e+000 1.010e+002
 7.380e+004 2.930e+000 6.600e+001 4.485e-003 5.447e-002-4.346e-003-2.270e-002-1.727e-002 2.568e+000 8.221e-002 7.938e-001-8.203e-004-1.450e-001 1.524e-002-3.060e-002-1.797e-002-6.777e-001 8.005e-002 7.707e-001
 7.500e+004 2.930e+000 1.500e+001 2.848e-004 2.725e-003-1.955e-004-3.081e-004 1.071e-003 1.147e-001 4.259e-003 2.295e-002-1.583e-004-6.529e-003 1.193e-003-2.186e-003-4.991e-004 0.000e+000 2.141e-003 2.295e-002
 7.630e+004 2.930e+000 6.000e+000 7.504e-005 9.271e-004 7.903e-005 0.000e+000 1.478e-003 4.497e-002 2.800e-003 0.000e+000-9.007e-005-9.936e-004 2.510e-004 0.000e+000 0.000e+000 0.000e+000 0.000e+000 0.000e+000
 7.750e+004 2.930e+000 1.200e+001 1.319e-003 3.956e-004-1.177e-003-4.488e-003-3.648e-003 1.102e-001 6.387e-003 4.397e-002 4.743e-004-6.306e-003 2.332e-003-2.559e-003 1.503e-003 0.000e+000 6.686e-003 4.397e-002
 7.880e+004 2.930e+000 5.400e+001 4.533e-003 9.579e-002-5.673e-003-4.610e-002-1.690e-002 5.214e+000 1.877e-001 2.228e+000-2.193e-003-3.009e-001 2.660e-002-7.406e-002-5.293e-002-1.493e+000 1.680e-001 1.904e+000
 8.000e+004 2.930e+000 3.360e+002 1.089e-001 3.094e+000-1.977e-001-1.662e+000-7.530e-001 1.133e+002 3.915e+000 6.436e+001-6.695e-002-6.235e+000 4.990e-001-2.080e+000-1.615e+000-4.224e+001 4.608e+000 5.647e+001
 8.130e+004 2.930e+000 7.500e+001 4.648e-003 3.611e-002-2.813e-003-3.322e-002-1.802e-002 3.758e+000 1.278e-001 1.019e+000-6.190e-004-2.411e-001 2.378e-002-3.392e-002-4.159e-002-6.581e-001 8.137e-002 1.274e+000
 8.250e+004 2.930e+000 1.200e+001 6.280e-004 1.205e-003-6.567e-004-3.107e-003-4.202e-003 1.251e-001 7.652e-003 4.183e-002 4.100e-005-5.704e-003 1.335e-003-1.558e-003-5.934e-004 0.000e+000 4.647e-003 4.183e-002
 8.380e+004 2.930e+000 3.000e+000 1.491e-005-3.134e-004-3.125e-005 0.000e+000-4.538e-004 2.040e-002 1.569e-003 0.000e+000 2.938e-005-2.376e-004 1.543e-004 0.000e+000 0.000e+000 0.000e+000 0.000e+000 0.000e+000
 8.500e+004 2.930e+000 6.000e+000 1.041e-004 1.079e-003-4.341e-005 0.000e+000 5.814e-004 4.038e-002 1.336e-003 0.000e+000-6.187e-005-1.780e-003 2.152e-004 0.000e+000 0.000e+000 0.000e+000 0.000e+000 0.000e+000
 8.630e+004 2.930e+000 6.000e+000 1.036e-004 1.636e-003-1.483e-004 0.000e+000-5.044e-004 3.958e-002 2.003e-003 0.000e+000-6.490e-005-2.618e-003 4.729e-004 0.000e+000 0.000e+000 0.000e+000 0.000e+000 0.000e+000
 8.750e+004 2.930e+000 2.640e+002 8.862e-002 1.146e+000-1.129e-001-1.029e+000-7.636e-001 3.558e+001 1.620e+000 2.446e+001-3.124e-003-2.305e+000 2.367e-001-1.292e+000-9.928e-001-6.967e+000 1.625e+000 2.650e+001
 8.880e+004 2.930e+000 1.680e+002 5.622e-002 5.744e-001-6.402e-002-6.173e-001-4.913e-001 2.045e+001 9.597e-001 1.236e+001 5.697e-003-1.355e+000 1.431e-001-7.012e-001-5.742e-001-3.008e+000 8.280e-001 1.467e+001
 9.000e+004 2.930e+000 1.500e+001 4.809e-004-9.523e-004 1.476e-004-2.117e-003-1.261e-003 1.903e-002 6.727e-004 0.000e+000 5.124e-006-8.291e-004 4.043e-004 2.664e-003-3.678e-003 0.000e+000-1.003e-004 7.606e-002
 9.130e+004 2.930e+000 9.000e+000 3.471e-004 0.000e+000-6.577e-005-1.908e-003 0.000e+000 0.000e+000 0.000e+000 0.000e+000 2.028e-004 0.000e+000 3.262e-004-2.424e-003-2.476e-003 0.000e+000-2.099e-003 5.623e-002
 9.250e+004 2.930e+000 2.400e+001 1.119e-003 2.345e-004 1.191e-004 3.767e-004 1.130e-003 5.575e-002 2.022e-003 0.000e+000-8.284e-005-2.394e-003 6.306e-004 1.072e-003-6.204e-003 0.000e+000 4.594e-004 9.280e-002
 9.380e+004 2.930e+000 3.000e+000 1.140e-004 0.000e+000-2.876e-005-6.371e-004 0.000e+000 0.000e+000 0.000e+000 0.000e+000-1.045e-006 0.000e+000 2.908e-005-3.908e-004-7.974e-004 0.000e+000 3.362e-004 1.828e-002
 9.500e+004 2.930e+000 5.400e+001 7.564e-003 9.826e-003-4.327e-003-6.165e-002-7.422e-002 5.471e+000 2.826e-001 8.461e-001 2.952e-003-3.145e-001 3.505e-002 3.280e-004-5.185e-002-7.922e-001 1.032e-001 1.548e+000
 9.630e+004 2.930e+000 0.000e+000 0.000e+000 0.000e+000 0.000e+000 0.000e+000 0.000e+000 0.000e+000 0.000e+000 0.000e+000 0.000e+000 0.000e+000 0.000e+000 0.000e+000 0.000e+000 0.000e+000 0.000e+000 0.000e+000
 9.750e+004 2.930e+000 0.000e+000 0.000e+000 0.000e+000 0.000e+000 0.000e+000 0.000e+000 0.000e+000 0.000e+000 0.000e+000 0.000e+000 0.000e+000 0.000e+000 0.000e+000 0.000e+000 0.000e+000 0.000e+000 0.000e+000
 9.880e+004 2.930e+000 0.000e+000 0.000e+000 0.000e+000 0.000e+000 0.000e+000 0.000e+000 0.000e+000 0.000e+000 0.000e+000 0.000e+000 0.000e+000 0.000e+000 0.000e+000 0.000e+000 0.000e+000 0.000e+000 0.000e+000
 1.000e+005 2.930e+000 0.000e+000 0.000e+000 0.000e+000 0.000e+000 0.000e+000 0.000e+000 0.000e+000 0.000e+000 0.000e+000 0.000e+000 0.000e+000 0.000e+000 0.000e+000 0.000e+000 0.000e+000 0.000e+000 0.000e+000
