 6.250e+000 2.930e+000 0.000e+000 0.000e+000 0.000e+000 0.000e+000 0.000e+000 0.000e+000 0.000e+000 0.000e+000 0.000e+000 0.000e+000 0.000e+000 0.000e+000 0.000e+000 0.000e+000 0.000e+000 0.000e+000 0.000e+000
 7.500e+000 2.930e+000 0.000e+000 0.000e+000 0.000e+000 0.000e+000 0.000e+000 0.000e+000 0.000e+000 0.000e+000 0.000e+000 0.000e+000 0.000e+000 0.000e+000 0.000e+000 0.000e+000 0.000e+000 0.000e+000 0.000e+000
 8.750e+000 2.930e+000 0.000e+000 0.000e+000 0.000e+000 0.000e+000 0.000e+000 0.000e+000 0.000e+000 0.000e+000 0.000e+000 0.000e+000 0.000e+000 0.000e+000 0.000e+000 0.000e+000 0.000e+000 0.000e+000 0.000e+000
 1.000e+001 2.930e+000 0.000e+000 0.000e+000 0.000e+000 0.000e+000 0.000e+000 0.000e+000 0.000e+000 0.000e+000 0.000e+000 0.000e+000 0.000e+000 0.000e+000 0.000e+000 0.000e+000 0.000e+000 0.000e+000 0.000e+000
 1.130e+001 2.930e+000 2.400e+001 3.199e+001 2.350e+002-1.281e+001 1.651e+002 6.265e+002 4.909e+004-2.198e+002-6.968e+003-7.984e+000 7.913e+002 1.127e+002-8.587e+002-6.864e+001 2.118e+003-6.226e+001 2.184e+004
 1.250e+001 2.930e+000 0.000e+000 0.000e+000 0.000e+000 0.000e+000 0.000e+000 0.000e+000 0.000e+000 0.000e+000 0.000e+000 0.000e+000 0.000e+000 0.000e+000 0.000e+000 0.000e+000 0.000e+000 0.000e+000 0.000e+000
 1.380e+001 2.930e+000 0.000e+000 0.000e+000 0.000e+000 0.000e+000 0.000e+000 0.000e+000 0.000e+000 0.000e+000 0.000e+000 0.000e+000 0.000e+000 0.000e+000 0.000e+000 0.000e+000 0.000e+000 0.000e+000 0.000e+000
 1.500e+001 2.930e+000 2.400e+001 3.426e+001 3.157e+002-1.902e+001-4.291e+001 7.488e+002 4.084e+004-5.424e+002-5.654e+003 1.356e+001 7.107e+002 8.244e+001-5.262e+002-1.495e+002-8.517e+003-4.294e+002 1.690e+004
 1.630e+001 2.930e+000 0.000e+000 0.000e+000 0.000e+000 0.000e+000 0.000e+000 0.000e+000 0.000e+000 0.000e+000 0.000e+000 0.000e+000 0.000e+000 0.000e+000 0.000e+000 0.000e+000 0.000e+000 0.000e+000 0.000e+000
 1.750e+001 2.930e+000 2.400e+001 2.583e+001 1.360e+002-1.595e+001 4.388e+001 5.129e+002 3.055e+004-5.071e+002-7.620e+002-3.268e+000 2.911e+002 7.745e+001-3.964e+002-9.451e+001-8.413e+003-2.057e+002 9.539e+003
 1.880e+001 2.930e+000 0.000e+000 0.000e+000 0.000e+000 0.000e+000 0.000e+000 0.000e+000 0.000e+000 0.000e+000 0.000e+000 0.000e+000 0.000e+000 0.000e+000 0.000e+000 0.000e+000 0.000e+000 0.000e+000 0.000e+000
 2.000e+001 2.930e+000 2.400e+001 3.777e+001 2.017e+002-1.982e+001 1.191e+002 7.241e+002 3.018e+004-3.342e+002-2.576e+003 4.112e+000 4.419e+002 5.419e+001-3.270e+002-6.012e+001-5.762e+003-3.870e+002 9.389e+003
 2.130e+001 2.930e+000 0.000e+000 0.000e+000 0.000e+000 0.000e+000 0.000e+000 0.000e+000 0.000e+000 0.000e+000 0.000e+000 0.000e+000 0.000e+000 0.000e+000 0.000e+000 0.000e+000 0.000e+000 0.000e+000 0.000e+000
 2.250e+001 2.930e+000 0.000e+000 0.000e+000 0.000e+000 0.000e+000 0.000e+000 0.000e+000 0.000e+000 0.000e+000 0.000e+000 0.000e+000 0.000e+000 0.000e+000 0.000e+000 0.000e+000 0.000e+000 0.000e+000 0.000e+000
 2.380e+001 2.930e+000 2.400e+001 4.009e+001 3.876e+002-9.137e+000 1.924e+000 5.811e+002 2.314e+004-9.799e+001-1.195e+003-1.178e+000 3.972e+001 3.729e+001-1.898e+002-7.141e+001-3.815e+003-1.888e+002 7.685e+003
 2.500e+001 2.930e+000 0.000e+000 0.000e+000 0.000e+000 0.000e+000 0.000e+000 0.000e+000 0.000e+000 0.000e+000 0.000e+000 0.000e+000 0.000e+000 0.000e+000 0.000e+000 0.000e+000 0.000e+000 0.000e+000 0.000e+000
 2.630e+001 2.930e+000 2.400e+001 3.625e+001 3.591e+002-1.815e+001 2.603e+000 6.373e+002 2.615e+004-3.433e+002-1.001e+003 3.900e+000 3.035e+001 6.472e+001-3.880e+002-6.230e+001-2.568e+003-2.911e+002 6.630e+003
 2.750e+001 2.930e+000 0.000e+000 0.000e+000 0.000e+000 0.000e+000 0.000e+000 0.000e+000 0.000e+000 0.000e+000 0.000e+000 0.000e+000 0.000e+000 0.000e+000 0.000e+000 0.000e+000 0.000e+000 0.000e+000 0.000e+000
 2.880e+001 2.930e+000 2.400e+001 3.685e+001 1.935e+002-4.081e+000-4.540e+001 5.394e+002 1.869e+004-2.638e+002-2.599e+002 1.908e+000-5.865e+001 4.454e+001-2.389e+002-2.978e+001-1.710e+003-1.480e+002 3.848e+003
 3.000e+001 2.930e+000 0.000e+000 0.000e+000 0.000e+000 0.000e+000 0.000e+000 0.000e+000 0.000e+000 0.000e+000 0.000e+000 0.000e+000 0.000e+000 0.000e+000 0.000e+000 0.000e+000 0.000e+000 0.000e+000 0.000e+000
 3.130e+001 2.930e+000 0.000e+000 0.000e+000 0.000e+000 0.000e+000 0.000e+000 0.000e+000 0.000e+000 0.000e+000 0.000e+000 0.000e+000 0.000e+000 0.000e+000 0.000e+000 0.000e+000 0.000e+000 0.000e+000 0.000e+000
 3.250e+001 2.930e+000 2.400e+001 5.779e+001 2.343e+002-6.426e+000 5.061e+001 7.900e+002 2.125e+004-2.381e+001-1.118e+002 9.738e+000 1.229e+002 2.914e+001-1.761e+002 1.274e+002 2.057e+003-9.460e+001 4.737e+003
 3.380e+001 2.930e+000 0.000e+000 0.000e+000 0.000e+000 0.000e+000 0.000e+000 0.000e+000 0.000e+000 0.000e+000 0.000e+000 0.000e+000 0.000e+000 0.000e+000 0.000e+000 0.000e+000 0.000e+000 0.000e+000 0.000e+000
 3.500e+001 2.930e+000 2.400e+001 8.431e+001 4.577e+002-5.401e+000-1.373e+002 9.051e+002 2.985e+004 9.661e-001-4.379e+003 1.033e+001 2.069e+002 2.719e+001-2.152e+002-6.085e+001-3.305e+003-1.276e+002 4.168e+003
 3.630e+001 2.930e+000 0.000e+000 0.000e+000 0.000e+000 0.000e+000 0.000e+000 0.000e+000 0.000e+000 0.000e+000 0.000e+000 0.000e+000 0.000e+000 0.000e+000 0.000e+000 0.000e+000 0.000e+000 0.000e+000 0.000e+000
 3.750e+001 2.930e+000 2.400e+001 9.720e+001 3.779e+002-2.024e+001-1.336e+002 7.283e+002 2.436e+004-1.330e+002-2.012e+003 1.182e+001-1.396e+002 2.627e+001-1.166e+002-7.546e+001-2.071e+003-7.653e+001 2.185e+003
 3.880e+001 2.930e+000 0.000e+000 0.000e+000 0.000e+000 0.000e+000 0.000e+000 0.000e+000 0.000e+000 0.000e+000 0.000e+000 0.000e+000 0.000e+000 0.000e+000 0.000e+000 0.000e+000 0.000e+000 0.000e+000 0.000e+000
 4.000e+001 2.930e+000 0.000e+000 0.000e+000 0.000e+000 0.000e+000 0.000e+000 0.000e+000 0.000e+000 0.000e+000 0.000e+000 0.000e+000 0.000e+000 0.000e+000 0.000e+000 0.000e+000 0.000e+000 0.000e+000 0.000e+000
 4.130e+001 2.930e+000 2.400e+001 4.457e+002-1.285e+003-1.117e+002 3.328e+002-3.846e+002 4.702e+004 4.671e+002-4.413e+003 6.738e+001 1.213e+002 6.375e+001-9.765e+001-1.052e+002-5.848e+003-1.983e+002 3.410e+003
 4.250e+001 2.930e+000 0.000e+000 0.000e+000 0.000e+000 0.000e+000 0.000e+000 0.000e+000 0.000e+000 0.000e+000 0.000e+000 0.000e+000 0.000e+000 0.000e+000 0.000e+000 0.000e+000 0.000e+000 0.000e+000 0.000e+000
 4.380e+001 2.930e+000 2.400e+001 1.202e+003-8.166e+002-2.707e+002-1.821e+002-2.276e+003 8.322e+004 1.537e+003-1.180e+004 2.433e+002 7.169e+001 1.447e+002-1.328e+002 5.308e+001-7.332e+003-2.163e+002 4.173e+003
 4.500e+001 2.930e+000 0.000e+000 0.000e+000 0.000e+000 0.000e+000 0.000e+000 0.000e+000 0.000e+000 0.000e+000 0.000e+000 0.000e+000 0.000e+000 0.000e+000 0.000e+000 0.000e+000 0.000e+000 0.000e+000 0.000e+000
 4.630e+001 2.930e+000 2.400e+001 1.316e+003 2.155e+003-1.665e+002-2.148e+003 8.391e+003 1.570e+005-4.970e+002-2.717e+004 2.378e+002 1.408e+003 8.853e+001-4.312e+002-4.006e+002-1.691e+004 1.333e+001 7.691e+003
 4.750e+001 2.930e+000 0.000e+000 0.000e+000 0.000e+000 0.000e+000 0.000e+000 0.000e+000 0.000e+000 0.000e+000 0.000e+000 0.000e+000 0.000e+000 0.000e+000 0.000e+000 0.000e+000 0.000e+000 0.000e+000 0.000e+000
 4.880e+001 2.930e+000 0.000e+000 0.000e+000 0.000e+000 0.000e+000 0.000e+000 0.000e+000 0.000e+000 0.000e+000 0.000e+000 0.000e+000 0.000e+000 0.000e+000 0.000e+000 0.000e+000 0.000e+000 0.000e+000 0.000e+000
 5.000e+001 2.930e+000 2.400e+001 2.809e+005 1.738e+006-1.469e+004-5.473e+005 1.976e+006 2.480e+007-3.354e+005-4.627e+006 3.746e+004 1.731e+005 5.782e+003-6.655e+004 1.241e+005-2.522e+006 4.510e+004 1.123e+006
 5.130e+001 2.930e+000 0.000e+000 0.000e+000 0.000e+000 0.000e+000 0.000e+000 0.000e+000 0.000e+000 0.000e+000 0.000e+000 0.000e+000 0.000e+000 0.000e+000 0.000e+000 0.000e+000 0.000e+000 0.000e+000 0.000e+000
 5.250e+001 2.930e+000 2.400e+001 1.138e+003 1.799e+003-9.515e+001-2.504e+003 1.009e+004 1.668e+005-5.814e+002-3.067e+004 2.007e+002 1.472e+003 5.283e+001-4.643e+002-6.455e+002-1.564e+004 1.743e+001 8.249e+003
 5.380e+001 2.930e+000 0.000e+000 0.000e+000 0.000e+000 0.000e+000 0.000e+000 0.000e+000 0.000e+000 0.000e+000 0.000e+000 0.000e+000 0.000e+000 0.000e+000 0.000e+000 0.000e+000 0.000e+000 0.000e+000 0.000e+000
 5.500e+001 2.930e+000 0.000e+000 0.000e+000 0.000e+000 0.000e+000 0.000e+000 0.000e+000 0.000e+000 0.000e+000 0.000e+000 0.000e+000 0.000e+000 0.000e+000 0.000e+000 0.000e+000 0.000e+000 0.000e+000 0.000e+000
 5.630e+001 2.930e+000 2.400e+001 3.169e+002-6.490e+002-4.948e+001-3.157e+002 6.968e+002 5.562e+004 4.701e+002-8.675e+003 7.530e+001 2.804e+002 3.970e+001-1.242e+002-2.041e+002-4.147e+003-1.162e+002 2.725e+003
 5.750e+001 2.930e+000 0.000e+000 0.000e+000 0.000e+000 0.000e+000 0.000e+000 0.000e+000 0.000e+000 0.000e+000 0.000e+000 0.000e+000 0.000e+000 0.000e+000 0.000e+000 0.000e+000 0.000e+000 0.000e+000 0.000e+000
 5.880e+001 2.930e+000 2.100e+001 3.244e+002-1.554e+002-4.971e+001-1.921e+002-3.149e+001 1.998e+004 1.279e+002-2.413e+003 5.615e+001 1.247e+002 2.545e+001-6.128e+001 1.062e+002-2.872e+003-1.539e+001 1.591e+003
 6.000e+001 2.930e+000 0.000e+000 0.000e+000 0.000e+000 0.000e+000 0.000e+000 0.000e+000 0.000e+000 0.000e+000 0.000e+000 0.000e+000 0.000e+000 0.000e+000 0.000e+000 0.000e+000 0.000e+000 0.000e+000 0.000e+000
 6.130e+001 2.930e+000 2.400e+001 7.889e+001 5.668e+001-6.854e+000-8.556e+001 3.656e+002 9.956e+003 1.831e+001-9.051e+002 9.137e+000-1.864e+000 1.829e+001-8.359e+001-2.660e+001-7.250e+002-5.892e+001 1.055e+003
 6.250e+001 2.930e+000 0.000e+000 0.000e+000 0.000e+000 0.000e+000 0.000e+000 0.000e+000 0.000e+000 0.000e+000 0.000e+000 0.000e+000 0.000e+000 0.000e+000 0.000e+000 0.000e+000 0.000e+000 0.000e+000 0.000e+000
 6.380e+001 2.930e+000 0.000e+000 0.000e+000 0.000e+000 0.000e+000 0.000e+000 0.000e+000 0.000e+000 0.000e+000 0.000e+000 0.000e+000 0.000e+000 0.000e+000 0.000e+000 0.000e+000 0.000e+000 0.000e+000 0.000e+000
 6.500e+001 2.930e+000 2.400e+001 5.708e+001 3.537e+001-8.135e+000-8.280e+001 3.519e+002 8.212e+003-5.171e+001-1.651e+003 1.261e+001 1.323e+002 1.978e+001-1.281e+002-2.921e+001-1.048e+003-7.477e+001 1.743e+003
 6.630e+001 2.930e+000 0.000e+000 0.000e+000 0.000e+000 0.000e+000 0.000e+000 0.000e+000 0.000e+000 0.000e+000 0.000e+000 0.000e+000 0.000e+000 0.000e+000 0.000e+000 0.000e+000 0.000e+000 0.000e+000 0.000e+000
 6.750e+001 2.930e+000 2.100e+001 3.541e+001-2.461e+001 5.147e-001-8.567e+001 3.001e+002 7.363e+003 4.265e+001-1.742e+003 1.163e+001 1.315e+002 2.059e+001-1.249e+002-4.921e+000-7.013e+002-7.683e+001 1.462e+003
 6.880e+001 2.930e+000 0.000e+000 0.000e+000 0.000e+000 0.000e+000 0.000e+000 0.000e+000 0.000e+000 0.000e+000 0.000e+000 0.000e+000 0.000e+000 0.000e+000 0.000e+000 0.000e+000 0.000e+000 0.000e+000 0.000e+000
 7.000e+001 2.930e+000 2.400e+001 2.424e+001 1.237e+001-3.267e+000 6.353e-001 1.572e+002 5.535e+003 7.583e+001-9.428e+002 2.184e+000 2.259e+000 1.234e+001-4.884e+001-3.383e+001-6.769e+001-7.380e+001 1.061e+003
 7.130e+001 2.930e+000 0.000e+000 0.000e+000 0.000e+000 0.000e+000 0.000e+000 0.000e+000 0.000e+000 0.000e+000 0.000e+000 0.000e+000 0.000e+000 0.000e+000 0.000e+000 0.000e+000 0.000e+000 0.000e+000 0.000e+000
 7.250e+001 2.930e+000 0.000e+000 0.000e+000 0.000e+000 0.000e+000 0.000e+000 0.000e+000 0.000e+000 0.000e+000 0.000e+000 0.000e+000 0.000e+000 0.000e+000 0.000e+000 0.000e+000 0.000e+000 0.000e+000 0.000e+000
 7.380e+001 2.930e+000 2.400e+001 2.339e+001 4.335e+001 2.155e+000-4.420e+001 2.588e+002 6.846e+003 6.093e+001-6.870e+002 2.451e+000 3.578e+001 1.846e+001-1.241e+002 2.512e+001-2.757e+002-6.564e+001 1.532e+003
 7.500e+001 2.930e+000 0.000e+000 0.000e+000 0.000e+000 0.000e+000 0.000e+000 0.000e+000 0.000e+000 0.000e+000 0.000e+000 0.000e+000 0.000e+000 0.000e+000 0.000e+000 0.000e+000 0.000e+000 0.000e+000 0.000e+000
 7.630e+001 2.930e+000 2.400e+001 2.112e+001-1.538e+001-3.216e+000 2.276e+001 8.675e+001 5.347e+003 7.462e+001-1.110e+003 2.543e-001 7.256e+001 1.157e+001-6.122e+001 1.854e+001-6.034e+002-6.962e+001 1.119e+003
 7.750e+001 2.930e+000 0.000e+000 0.000e+000 0.000e+000 0.000e+000 0.000e+000 0.000e+000 0.000e+000 0.000e+000 0.000e+000 0.000e+000 0.000e+000 0.000e+000 0.000e+000 0.000e+000 0.000e+000 0.000e+000 0.000e+000
 7.880e+001 2.930e+000 2.400e+001 1.237e+001 2.662e+001 2.693e+000-1.759e+001 1.219e+002 4.741e+003 8.509e+001-9.438e+002-1.663e-001 4.679e+000 1.316e+001-9.316e+001 2.220e+001-7.822e+001-6.742e+001 1.392e+003
 8.000e+001 2.930e+000 0.000e+000 0.000e+000 0.000e+000 0.000e+000 0.000e+000 0.000e+000 0.000e+000 0.000e+000 0.000e+000 0.000e+000 0.000e+000 0.000e+000 0.000e+000 0.000e+000 0.000e+000 0.000e+000 0.000e+000
 8.130e+001 2.930e+000 0.000e+000 0.000e+000 0.000e+000 0.000e+000 0.000e+000 0.000e+000 0.000e+000 0.000e+000 0.000e+000 0.000e+000 0.000e+000 0.000e+000 0.000e+000 0.000e+000 0.000e+000 0.000e+000 0.000e+000
 8.250e+001 2.930e+000 2.400e+001 1.147e+001 1.515e+001-1.246e+000 3.288e+000 1.003e+002 3.686e+003-3.739e+001-3.622e+002-1.332e+000 2.733e+001 7.674e+000-6.917e+001 2.144e+000-9.706e+002-4.008e+001 1.148e+003
 8.380e+001 2.930e+000 0.000e+000 0.000e+000 0.000e+000 0.000e+000 0.000e+000 0.000e+000 0.000e+000 0.000e+000 0.000e+000 0.000e+000 0.000e+000 0.000e+000 0.000e+000 0.000e+000 0.000e+000 0.000e+000 0.000e+000
 8.500e+001 2.930e+000 2.400e+001 1.312e+001 2.881e+001 2.126e+000-3.417e+001 1.472e+002 5.447e+003 5.236e+001-1.088e+003 1.625e+000 5.961e+001 9.852e+000-7.226e+001 1.180e+001-5.570e+002-5.999e+001 1.148e+003
 8.630e+001 2.930e+000 0.000e+000 0.000e+000 0.000e+000 0.000e+000 0.000e+000 0.000e+000 0.000e+000 0.000e+000 0.000e+000 0.000e+000 0.000e+000 0.000e+000 0.000e+000 0.000e+000 0.000e+000 0.000e+000 0.000e+000
 8.750e+001 2.930e+000 2.400e+001 7.828e+000 1.995e+001-2.130e-001-1.291e+001 1.109e+002 3.916e+003-3.894e+000-4.147e+002 1.426e+000 4.266e+001 7.722e+000-4.650e+001-1.523e+001-7.674e+002-5.096e+001 8.270e+002
 8.880e+001 2.930e+000 0.000e+000 0.000e+000 0.000e+000 0.000e+000 0.000e+000 0.000e+000 0.000e+000 0.000e+000 0.000e+000 0.000e+000 0.000e+000 0.000e+000 0.000e+000 0.000e+000 0.000e+000 0.000e+000 0.000e+000
 9.000e+001 2.930e+000 0.000e+000 0.000e+000 0.000e+000 0.000e+000 0.000e+000 0.000e+000 0.000e+000 0.000e+000 0.000e+000 0.000e+000 0.000e+000 0.000e+000 0.000e+000 0.000e+000 0.000e+000 0.000e+000 0.000e+000
 9.130e+001 2.930e+000 2.400e+001 6.385e+000 3.291e+001 6.528e-001-1.215e+001 9.531e+001 4.522e+003 4.818e+001-5.278e+002-8.737e-002 1.662e+001 7.808e+000-3.316e+001-1.439e+000-3.429e+002-4.435e+001 5.113e+002
 9.250e+001 2.930e+000 0.000e+000 0.000e+000 0.000e+000 0.000e+000 0.000e+000 0.000e+000 0.000e+000 0.000e+000 0.000e+000 0.000e+000 0.000e+000 0.000e+000 0.000e+000 0.000e+000 0.000e+000 0.000e+000 0.000e+000
 9.380e+001 2.930e+000 2.400e+001 5.130e+000 1.769e+001 3.592e-002-8.507e+000 7.652e+001 3.745e+003 3.063e+001-4.134e+002 5.118e-001 1.406e+001 4.435e+000-2.323e+001-4.720e+000-3.916e+002-2.151e+001 3.764e+002
 9.500e+001 2.930e+000 0.000e+000 0.000e+000 0.000e+000 0.000e+000 0.000e+000 0.000e+000 0.000e+000 0.000e+000 0.000e+000 0.000e+000 0.000e+000 0.000e+000 0.000e+000 0.000e+000 0.000e+000 0.000e+000 0.000e+000
 9.630e+001 2.930e+000 2.400e+001 5.287e+000 9.600e+000 2.733e-001-1.223e+001 8.391e+001 3.417e+003 1.857e+001-2.680e+002 1.088e+000 4.396e+000 1.914e+000-7.630e+000-6.734e+000-3.664e+002-5.297e+000 1.660e+002
 9.750e+001 2.930e+000 0.000e+000 0.000e+000 0.000e+000 0.000e+000 0.000e+000 0.000e+000 0.000e+000 0.000e+000 0.000e+000 0.000e+000 0.000e+000 0.000e+000 0.000e+000 0.000e+000 0.000e+000 0.000e+000 0.000e+000
 9.880e+001 2.930e+000 0.000e+000 0.000e+000 0.000e+000 0.000e+000 0.000e+000 0.000e+000 0.000e+000 0.000e+000 0.000e+000 0.000e+000 0.000e+000 0.000e+000 0.000e+000 0.000e+000 0.000e+000 0.000e+000 0.000e+000
 1.000e+002 2.930e+000 3.300e+001 1.513e+001-1.642e+002 8.977e-001 5.474e+000 4.804e+001 4.372e+003 5.241e+001-4.811e+002 2.398e+000-2.244e+001 8.687e+000 2.403e+001-1.881e+001-5.331e+002-4.195e+001 4.250e+002
 1.130e+002 2.930e+000 6.600e+001 1.347e+001 4.399e+001 2.229e+000-1.250e+001 2.580e+002 9.615e+003 4.433e+001-7.470e+002-2.007e+000 1.044e+001 1.147e+001-7.515e+001 5.012e+000-1.122e+003-6.293e+001 1.239e+003
 1.250e+002 2.930e+000 7.200e+001 1.316e+001 5.740e+001-8.852e-001 3.818e+000 2.370e+002 9.450e+003 1.020e+001-5.932e+002-1.367e+000 2.361e+001 1.356e+001-9.634e+001-7.015e+000-1.352e+003-7.935e+001 1.537e+003
 1.380e+002 2.930e+000 8.700e+001 1.801e+001 9.531e+001 6.296e-001-2.706e+001 3.879e+002 1.365e+004 3.237e+001-1.067e+003-2.979e-001 2.733e+001 8.120e+000-5.485e+001-2.662e+001-1.823e+003-5.235e+001 1.179e+003
 1.500e+002 2.930e+000 6.300e+001 1.254e+001 2.000e+002 6.160e-001-4.435e+001 2.839e+002 1.435e+004 3.589e+000-1.089e+003 8.412e-001 3.138e+001 1.667e+000-1.401e+001-2.116e+001-2.049e+003-1.079e+001 5.879e+002
 1.630e+002 2.930e+000 7.200e+001 1.345e+001 1.109e+002 1.021e+000-4.268e+001 3.185e+002 1.228e+004 2.783e+001-1.397e+003 4.787e-001 5.509e+001 1.112e+001-8.643e+001-2.388e+001-2.006e+003-8.079e+001 1.725e+003
 1.750e+002 2.930e+000 7.200e+001 2.458e+001 1.771e+002 1.792e+000-1.786e+001 4.927e+002 1.519e+004 8.790e+001-8.885e+002-4.329e+000-5.396e+001 1.899e+001-1.429e+002-4.930e-001-1.068e+003-1.195e+002 2.319e+003
 1.880e+002 2.930e+000 1.110e+002 8.441e+001 6.793e+002-6.691e+000-1.914e+002 1.237e+003 3.316e+004-1.009e+002-2.958e+003 8.940e+000 1.498e+002 3.427e+001-2.798e+002-1.699e+002-6.071e+003-2.220e+002 4.753e+003
 2.000e+002 2.930e+000 8.100e+001 2.237e+003 8.205e+003-1.425e+002-4.637e+003 2.175e+004 2.596e+005-2.853e+003-3.086e+004 4.014e+002 3.257e+003 1.009e+002-1.235e+003-3.957e+003-5.901e+004-5.000e+002 1.937e+004
 2.130e+002 2.930e+000 7.800e+001 1.151e+002-8.369e+001 7.929e+000-2.025e+002 2.025e+003 4.565e+004 2.073e+002-5.665e+003 1.273e+001 3.436e+002 2.596e+001-1.904e+002-2.542e+002-6.869e+003-2.218e+002 4.288e+003
 2.250e+002 2.930e+000 1.200e+002 1.456e+002-6.856e+000 2.858e+000-3.373e+002 4.043e+003 1.235e+005 1.779e+002-1.145e+004 2.161e+001 7.080e+002 2.674e+001-2.140e+002-7.356e+002-2.280e+004-2.980e+002 7.922e+003
 2.380e+002 2.930e+000 9.600e+001 5.733e+002 5.533e+002 4.654e+001-1.494e+003 1.651e+004 4.876e+005 1.323e+003-4.205e+004 6.607e+001 1.995e+003 3.115e+001-1.070e+002-2.648e+003-8.021e+004-5.651e+002 1.898e+004
 2.500e+002 2.930e+000 9.600e+001 1.580e+004 2.405e+004 9.843e+002-4.104e+004 4.488e+005 1.296e+007 2.484e+004-1.058e+006 1.846e+003 5.273e+004 3.066e+002-2.437e+002-7.561e+004-2.241e+006-1.129e+004 4.765e+005
 2.630e+002 2.930e+000 9.600e+001 4.669e+002 8.788e+002 2.845e+001-1.113e+003 1.224e+004 3.355e+005 6.661e+002-2.701e+004 5.138e+001 1.451e+003 2.202e+001-1.204e+002-1.977e+003-5.688e+004-3.980e+002 1.361e+004
 2.750e+002 2.930e+000 1.080e+002 1.414e+002 4.975e+002 9.760e+000-3.464e+002 3.067e+003 7.749e+004 4.085e+001-5.873e+003 1.506e+001 3.909e+002 1.976e+001-1.746e+002-4.469e+002-1.413e+004-1.961e+002 5.284e+003
 2.880e+002 2.930e+000 9.300e+001 1.893e+002 1.606e+003 2.589e+001-8.339e+002 3.207e+003 7.405e+004 7.082e+001-1.072e+004 3.908e+001 8.720e+002 2.741e+001-2.500e+002-4.018e+002-1.548e+004-3.024e+002 6.743e+003
 3.000e+002 2.930e+000 9.600e+001 4.420e+003 4.229e+004 7.508e+002-2.294e+004 8.039e+004 1.874e+006 3.250e+003-3.173e+005 1.088e+003 2.703e+004 4.099e+002-3.978e+003-1.052e+004-4.128e+005-6.594e+003 1.463e+005
 3.130e+002 2.930e+000 9.600e+001 1.975e+002 1.302e+003 2.153e+001-8.035e+002 3.703e+003 8.451e+004 1.077e+002-1.193e+004 4.946e+001 1.108e+003 2.727e+001-2.306e+002-6.070e+002-1.824e+004-3.407e+002 7.102e+003
 3.250e+002 2.930e+000 1.170e+002 1.151e+002 1.578e+002 1.841e+000-3.006e+002 1.523e+003 2.948e+004 1.121e+002-5.064e+003 3.989e+001 5.539e+002 2.763e+001-1.758e+002-3.880e+002-6.814e+003-2.474e+002 3.926e+003
 3.380e+002 2.930e+000 9.300e+001 2.872e+002-4.630e+002-1.746e+001-4.210e+002 2.029e+003 2.310e+004 1.751e+002-5.508e+003 1.134e+002 8.316e+002 5.603e+001-2.664e+002-8.433e+002-6.337e+003-3.857e+002 4.366e+003
 3.500e+002 2.930e+000 9.600e+001 7.785e+003-9.749e+003-7.650e+002-9.929e+003 4.094e+004 2.657e+005 3.105e+002-8.534e+004 3.105e+003 1.742e+004 1.332e+003-6.176e+003-2.221e+004-1.110e+005-8.063e+003 7.940e+004
 3.630e+002 2.930e+000 8.400e+001 2.835e+002-6.978e+001-2.544e+001-3.904e+002 1.651e+003 1.484e+004-2.105e+001-3.290e+003 1.051e+002 6.125e+002 4.951e+001-2.495e+002-7.499e+002-4.722e+003-3.045e+002 3.408e+003
 3.750e+002 2.930e+000 1.050e+002 8.655e+001 1.735e+002-2.984e+000-1.612e+002 7.070e+002 1.014e+004 6.210e+000-1.568e+003 2.558e+001 1.947e+002 1.638e+001-9.862e+001-1.874e+002-2.222e+003-1.146e+002 1.674e+003
 3.880e+002 2.930e+000 7.500e+001 3.272e+001 1.196e+002-8.681e-001-4.854e+001 3.329e+002 5.777e+003-4.225e+000-3.582e+002 6.282e+000 4.133e+001 6.557e+000-4.532e+001-6.316e+001-9.923e+002-4.602e+001 7.968e+002
 4.000e+002 2.930e+000 6.600e+001 3.871e+001 2.001e+002-6.755e-001-6.931e+001 4.112e+002 7.165e+003-2.610e+001-5.720e+002 7.607e+000 8.905e+001 5.813e+000-4.392e+001-8.903e+001-1.666e+003-5.205e+001 9.573e+002
 4.130e+002 2.930e+000 9.900e+001 2.746e+001 1.527e+002 1.463e-001-6.331e+001 3.580e+002 7.385e+003-2.327e+001-6.108e+002 5.095e+000 7.235e+001 6.332e+000-5.266e+001-5.873e+001-1.650e+003-5.545e+001 1.121e+003
 4.250e+002 2.930e+000 8.700e+001 2.393e+001 1.771e+002 6.456e-001-7.118e+001 3.459e+002 7.831e+003-9.078e+000-8.432e+002 4.166e+000 7.993e+001 5.062e+000-4.121e+001-5.881e+001-1.798e+003-4.966e+001 1.021e+003
 4.380e+002 2.930e+000 9.000e+001 3.153e+001 3.102e+002 2.377e+000-1.335e+002 4.884e+002 1.204e+004-1.247e+001-1.569e+003 6.595e+000 1.447e+002 6.006e+000-5.049e+001-8.012e+001-2.982e+003-6.898e+001 1.470e+003
 4.500e+002 2.930e+000 9.600e+001 4.092e+002 6.136e+003 4.803e+001-2.202e+003 7.786e+003 2.505e+005 1.522e+002-2.662e+004 6.017e+001 1.846e+003 2.061e+001-2.076e+002-1.103e+003-5.518e+004-4.692e+002 1.568e+004
 4.630e+002 2.930e+000 1.200e+002 4.355e+001 4.067e+002 5.044e+000-2.008e+002 7.651e+002 1.974e+004 1.329e+001-2.594e+003 1.030e+001 2.487e+002 7.861e+000-6.213e+001-1.380e+002-4.936e+003-9.781e+001 2.113e+003
 4.750e+002 2.930e+000 9.600e+001 3.592e+001 2.999e+002 3.970e+000-1.719e+002 6.228e+002 1.461e+004-1.620e+001-2.050e+003 1.044e+001 2.309e+002 6.928e+000-6.180e+001-1.280e+002-4.114e+003-8.830e+001 1.879e+003
 4.880e+002 2.930e+000 9.600e+001 4.838e+001 4.383e+002 4.808e+000-2.279e+002 8.706e+002 2.080e+004-2.802e+001-2.583e+003 1.288e+001 2.827e+002 6.464e+000-6.233e+001-1.764e+002-5.594e+003-9.150e+001 2.154e+003
 5.000e+002 2.930e+000 9.300e+001 6.928e+001 5.220e+002 7.932e+000-3.129e+002 1.120e+003 4.222e+004 1.362e+002-6.398e+003 1.915e+001 5.684e+002 1.160e+001-7.154e+001-2.296e+002-1.086e+004-1.880e+002 4.081e+003
 5.130e+002 2.930e+000 1.200e+002 1.528e+002 1.182e+003 1.666e+001-7.223e+002 2.581e+003 5.419e+004-6.577e+001-8.005e+003 4.611e+001 9.236e+002 1.930e+001-1.803e+002-5.666e+002-1.558e+004-2.828e+002 6.101e+003
 5.250e+002 2.930e+000 9.600e+001 3.060e+002 2.506e+003 3.485e+001-1.421e+003 5.189e+003 1.092e+005-9.636e+001-1.537e+004 8.461e+001 1.729e+003 2.975e+001-2.859e+002-1.078e+003-3.014e+004-4.808e+002 1.075e+004
 5.380e+002 2.930e+000 9.600e+001 1.331e+003 1.121e+004 1.532e+002-6.470e+003 2.263e+004 4.800e+005-7.059e+002-6.864e+004 3.928e+002 7.978e+003 1.359e+002-1.361e+003-4.918e+003-1.384e+005-2.217e+003 5.003e+004
 5.500e+002 2.930e+000 9.600e+001 2.026e+005 1.727e+006 2.374e+004-9.937e+005 3.415e+006 7.228e+007-1.139e+005-1.039e+007 6.032e+004 1.219e+006 2.074e+004-2.085e+005-7.460e+005-2.104e+007-3.385e+005 7.620e+006
 5.630e+002 2.930e+000 1.200e+002 2.077e+003 1.760e+004 2.427e+002-1.005e+004 3.477e+004 7.322e+005-1.111e+003-1.046e+005 6.106e+002 1.229e+004 2.102e+002-2.092e+003-7.512e+003-2.113e+005-3.405e+003 7.618e+004
 5.750e+002 2.930e+000 9.600e+001 2.739e+002 2.313e+003 3.260e+001-1.285e+003 4.477e+003 9.328e+004-1.160e+002-1.331e+004 7.691e+001 1.544e+003 2.745e+001-2.650e+002-9.211e+002-2.616e+004-4.308e+002 9.466e+003
 5.880e+002 2.930e+000 9.600e+001 1.259e+002 1.053e+003 1.505e+001-5.858e+002 2.023e+003 4.181e+004-5.399e+001-6.023e+003 3.560e+001 7.059e+002 1.362e+001-1.281e+002-4.127e+002-1.172e+004-2.029e+002 4.356e+003
 6.000e+002 2.930e+000 1.200e+002 1.044e+002 6.945e+002 9.713e+000-4.263e+002 1.833e+003 3.992e+004-2.210e+001-5.086e+003 3.228e+001 6.760e+002 1.365e+001-1.039e+002-4.472e+002-1.185e+004-2.152e+002 4.453e+003
 6.130e+002 2.930e+000 9.600e+001 4.384e+001 3.238e+002 4.791e+000-1.816e+002 6.813e+002 1.346e+004-1.107e+001-1.847e+003 1.164e+001 2.226e+002 5.211e+000-4.385e+001-1.375e+002-3.641e+003-7.087e+001 1.425e+003
 6.250e+002 2.930e+000 9.600e+001 3.174e+001 2.352e+002 2.832e+000-1.297e+002 4.982e+002 1.006e+004-1.891e+001-1.309e+003 9.037e+000 1.698e+002 4.125e+000-3.532e+001-1.069e+002-2.794e+003-5.414e+001 1.092e+003
 6.380e+002 2.930e+000 9.600e+001 2.766e+001 1.951e+002 2.035e+000-1.022e+002 4.277e+002 8.639e+003-1.828e+001-9.944e+002 7.331e+000 1.348e+002 3.594e+000-2.969e+001-9.031e+001-2.308e+003-4.475e+001 8.928e+002
 6.500e+002 2.930e+000 1.200e+002 4.501e+003 3.633e+004-5.354e+001-2.054e+004 8.436e+004 1.883e+006-1.674e+004-1.901e+005 1.949e+003 3.622e+004 8.502e+002-9.215e+003-2.423e+004-6.230e+005-1.032e+004 2.257e+005
 6.630e+002 2.930e+000 8.700e+001 2.109e+001 1.783e+002 2.023e+000-9.289e+001 3.261e+002 6.935e+003-2.544e+001-8.340e+002 6.791e+000 1.268e+002 3.462e+000-2.922e+001-7.434e+001-2.071e+003-4.246e+001 8.353e+002
 6.750e+002 2.930e+000 9.300e+001 1.373e+001 1.091e+002 1.451e+000-5.421e+001 2.027e+002 4.276e+003-6.375e+000-5.314e+002 3.511e+000 6.944e+001 2.080e+000-1.666e+001-3.840e+001-1.144e+003-2.493e+001 4.866e+002
 6.880e+002 2.930e+000 9.300e+001 1.183e+001 9.101e+001 1.464e+000-4.941e+001 1.742e+002 3.505e+003-4.395e+000-4.798e+002 3.357e+000 6.194e+001 2.034e+000-1.599e+001-3.272e+001-9.340e+002-2.286e+001 4.234e+002
 7.000e+002 2.930e+000 1.170e+002 3.812e+001 7.166e+001 3.486e+000-9.131e+001 4.849e+002 7.823e+003 2.609e+001-1.123e+003 1.099e+001 1.567e+002 4.639e+000-2.145e+001-1.365e+002-2.338e+003-5.998e+001 9.992e+002
 7.130e+002 2.930e+000 9.600e+001 7.152e+000 5.151e+001 1.023e+000-2.718e+001 9.776e+001 2.012e+003 2.545e+000-2.776e+002 1.630e+000 3.258e+001 1.224e+000-8.559e+000-1.571e+001-5.045e+002-1.372e+001 2.502e+002
 7.250e+002 2.930e+000 9.300e+001 7.054e+000 5.115e+001 8.288e-001-2.592e+001 9.622e+001 1.950e+003-2.894e-001-2.616e+002 1.690e+000 3.230e+001 1.241e+000-8.869e+000-1.585e+001-4.924e+002-1.334e+001 2.397e+002
 7.380e+002 2.930e+000 8.400e+001 5.786e+000 4.127e+001 5.626e-001-1.866e+001 7.942e+001 1.631e+003-1.371e+000-1.803e+002 1.284e+000 2.517e+001 9.536e-001-6.359e+000-1.355e+001-4.079e+002-1.076e+001 1.910e+002
 7.500e+002 2.930e+000 1.410e+002 8.906e+001 8.124e+002 1.168e+001-4.271e+002 1.779e+003 4.467e+004-2.542e+001-4.948e+003 2.922e+001 7.016e+002 1.203e+001-9.037e+001-4.078e+002-1.247e+004-2.001e+002 4.138e+003
 7.630e+002 2.930e+000 7.800e+001 4.950e+000 3.644e+001 5.687e-001-1.816e+001 6.722e+001 1.371e+003-3.360e-001-1.811e+002 1.262e+000 2.333e+001 9.036e-001-5.728e+000-1.237e+001-3.588e+002-9.890e+000 1.691e+002
 7.750e+002 2.930e+000 6.900e+001 3.589e+000 2.382e+001 4.501e-001-1.150e+001 4.522e+001 9.894e+002 1.064e+000-1.109e+002 7.228e-001 1.293e+001 6.284e-001-3.975e+000-6.160e+000-2.211e+002-6.055e+000 1.085e+002
 7.880e+002 2.930e+000 7.500e+001 4.466e+000 3.583e+001 6.303e-001-1.784e+001 5.393e+001 1.189e+003-1.132e+000-1.561e+002 1.271e+000 2.299e+001 8.511e-001-5.551e+000-1.019e+001-3.386e+002-9.281e+000 1.604e+002
 8.000e+002 2.930e+000 1.110e+002 3.921e+001 3.528e+002 6.843e+000-2.131e+002 2.281e+002 6.104e+003-7.939e+001-6.869e+002 1.338e+001 1.362e+002 6.222e+000-6.509e+001-5.706e+001-2.567e+003-6.023e+001 1.368e+003
 8.130e+002 2.930e+000 7.200e+001 4.265e+000 3.115e+001 5.385e-001-1.766e+001 5.402e+001 1.166e+003-2.109e+000-1.548e+002 1.199e+000 2.058e+001 7.621e-001-5.780e+000-9.778e+000-3.182e+002-8.411e+000 1.573e+002
 8.250e+002 2.930e+000 7.500e+001 4.902e+000 4.049e+001 7.544e-001-2.054e+001 5.971e+001 1.462e+003 4.158e-001-2.238e+002 1.273e+000 2.700e+001 8.434e-001-5.921e+000-1.008e+001-4.111e+002-1.001e+001 1.891e+002
 8.380e+002 2.930e+000 1.320e+002 2.039e+001 2.379e+002 4.117e+000-1.180e+002 2.427e+002 6.813e+003-1.672e+001-1.081e+003 5.743e+000 1.217e+002 3.029e+000-2.967e+001-3.455e+001-2.088e+003-3.982e+001 9.036e+002
 8.500e+002 2.930e+000 9.600e+001 5.805e+002 7.895e+003 1.234e+002-3.782e+003 6.792e+003 1.912e+005-8.868e+002-3.156e+004 1.716e+002 3.713e+003 7.846e+001-9.240e+002-9.638e+002-6.414e+004-1.110e+003 2.697e+004
 8.630e+002 2.930e+000 8.400e+001 1.947e+001 2.204e+002 3.443e+000-1.064e+002 2.510e+002 6.424e+003-1.656e+001-9.199e+002 5.612e+000 1.144e+002 2.709e+000-2.531e+001-4.352e+001-1.922e+003-3.594e+001 7.727e+002
 8.750e+002 2.930e+000 6.900e+001 6.444e+000 5.558e+001 9.194e-001-3.009e+001 8.544e+001 2.187e+003 1.560e+000-3.166e+002 1.892e+000 3.531e+001 9.356e-001-6.557e+000-1.805e+001-6.092e+002-1.216e+001 2.468e+002
 8.880e+002 2.930e+000 9.900e+001 5.171e+000 3.928e+001 4.395e-001-2.108e+001 7.686e+001 2.247e+003 1.451e+000-2.386e+002 1.668e+000 2.571e+001 1.057e+000-6.327e+000-1.834e+001-5.367e+002-1.127e+001 2.169e+002
 9.000e+002 2.930e+000 8.100e+001 6.630e+000 6.168e+001 7.125e-001-2.856e+001 8.534e+001 2.376e+003-5.689e+000-2.637e+002 1.980e+000 3.491e+001 1.514e+000-1.067e+001-1.724e+001-6.624e+002-1.548e+001 3.012e+002
 9.130e+002 2.930e+000 5.700e+001 4.044e+000 2.873e+001-4.573e-001-3.491e+000 3.718e+001 1.565e+003-1.265e+001-7.412e+001 9.195e-001 2.060e+001 1.424e+000-9.693e+000-1.151e+001-4.945e+002-1.589e+001 2.950e+002
 9.250e+002 2.930e+000 3.900e+001 2.844e+000 2.242e+001 1.876e-001-9.905e+000 2.652e+001 8.220e+002 8.493e-001-9.439e+001 7.353e-001 6.868e+000 4.525e-001-2.707e+000-5.622e+000-1.785e+002-3.828e+000 7.932e+001
 9.380e+002 2.930e+000 7.500e+001 1.552e+001 3.037e+002-3.552e+000-4.834e+001 2.628e+001 7.820e+003-3.727e+001 3.010e+001 2.874e+000-7.729e+001 2.124e+000-1.075e+001-1.402e+001-1.127e+003 4.257e+000 2.347e+002
 9.500e+002 2.930e+000 9.600e+001 4.126e+002 8.999e+003-1.219e+002-1.323e+003-6.745e+001 2.153e+005-1.195e+003 4.725e+003 7.081e+001-2.817e+003 5.664e+001-2.841e+002-3.041e+002-3.022e+004 2.984e+002 4.994e+003
 9.630e+002 2.930e+000 6.000e+001 1.209e+001 2.424e+002-1.943e+000-4.409e+001 6.342e+001 6.671e+003-3.190e+001-2.682e+001 2.232e+000-4.217e+001 1.589e+000-1.030e+001-1.682e+001-1.062e+003-5.995e-002 2.436e+002
 9.750e+002 2.930e+000 7.500e+001 4.161e+000 6.706e+001-2.104e-001-1.344e+001 5.543e+001 2.579e+003 2.686e+000-1.133e+002 4.327e-001-5.562e+000 7.424e-001-3.156e+000-8.640e+000-3.483e+002-4.622e+000 1.172e+002
 9.880e+002 2.930e+000 1.110e+002 7.420e+000 1.017e+002 6.480e-001-1.502e+001 9.534e+001 3.693e+003 2.607e+001-3.221e+002-1.154e+000-1.039e+001 2.377e+000-1.173e+001 8.805e+000-2.856e+002-1.966e+001 3.211e+002
 1.000e+003 2.930e+000 5.070e+002 5.961e+001 6.076e+002-4.230e+000-1.083e+002 1.253e+003 4.087e+004-2.346e+002-8.381e+002 9.245e+000 4.210e+002 3.131e+001-2.018e+002-2.411e+002-1.055e+004-3.446e+002 5.803e+003
 1.130e+003 2.930e+000 9.360e+002 1.334e+002 2.401e+003-9.603e+000-6.409e+002 4.696e+003 2.260e+005-1.360e+003-1.905e+003 5.155e+001 1.859e+003 3.521e+001-4.279e+002-1.175e+003-5.900e+004-5.863e+002 1.689e+004
 1.250e+003 2.930e+000 8.430e+002 7.984e+001 2.765e+001 3.078e+000-5.627e+001 2.198e+003 7.060e+004-6.413e+001-9.097e+002-4.105e+000-1.548e+001 2.460e+001-1.158e+002-2.462e+002-1.028e+004-2.249e+002 4.186e+003
 1.380e+003 2.930e+000 7.770e+002 4.975e+001 1.377e+002-5.704e+000-4.799e+001 1.622e+003 6.247e+004-2.990e+002-8.214e+002 1.423e+001 5.896e+002 1.548e+001-1.327e+002-3.807e+002-1.615e+004-2.300e+002 5.322e+003
 1.500e+003 2.930e+000 6.900e+001 2.292e+001-3.188e+001 1.852e+000-2.356e+001 6.869e+002 2.507e+004 4.882e+001-8.217e+002 3.039e+000 6.622e+001 7.933e-001 2.462e+000-1.073e+002-4.118e+003-1.252e+001 7.431e+002
 1.630e+003 2.930e+000 6.900e+001 1.638e+001-6.794e+001 5.566e-001 3.507e+000 6.714e+002 2.874e+004 2.250e+001-3.260e+002 9.037e-001 3.191e+001 1.355e-001 2.814e+000-1.232e+002-5.335e+003-6.579e+000 1.024e+003
 1.750e+003 2.930e+000 4.800e+001 4.489e+001 4.235e+001 6.755e-001-6.178e+001 2.001e+003 9.201e+004 1.311e+001-2.174e+003 2.616e+000 1.142e+002 3.146e-001-4.047e+000-4.012e+002-1.900e+004-2.534e+001 4.126e+003
 1.880e+003 2.930e+000 6.600e+001 2.110e+002-3.667e+002 4.258e+000-6.037e+001 8.183e+003 3.252e+005 8.909e+001-3.119e+003 1.239e+001 4.625e+002 2.435e+000-2.093e+001-1.541e+003-6.279e+004-1.166e+002 1.323e+004
 2.000e+003 2.930e+000 7.200e+001 3.925e+002-1.050e+003 1.339e+001-1.074e+002 1.496e+004 5.754e+005 5.913e+002-1.167e+004 2.827e+001 1.046e+003 2.942e+000 8.731e+001-2.844e+003-1.087e+005-2.147e+002 2.088e+004
 2.130e+003 2.930e+000 4.800e+001 4.387e+001-1.823e+002 1.432e+000 1.081e+001 1.716e+003 6.874e+004 6.858e+001-9.117e+002 3.293e+000 1.203e+002 4.253e-001 1.053e+001-3.314e+002-1.319e+004-2.524e+001 2.565e+003
 2.250e+003 2.930e+000 7.200e+001 1.152e+001-4.411e+001 2.808e-001 3.623e+000 4.387e+002 1.721e+004 1.399e+001-1.776e+002 8.205e-001 2.966e+001 1.398e-001 1.950e+000-8.527e+001-3.336e+003-6.589e+000 6.625e+002
 2.380e+003 2.930e+000 7.200e+001 1.657e+001-5.875e+001 9.334e-001-7.525e+000 6.373e+002 2.508e+004 5.194e+001-8.274e+002 2.965e+000 1.077e+002 9.932e-001 6.034e+000-1.457e+002-5.608e+003-2.947e+001 1.329e+003
 2.500e+003 2.930e+000 4.800e+001 5.142e+000-1.508e+001 5.373e-001-3.294e+000 1.883e+002 7.099e+003 2.307e+001-2.533e+002 4.413e-001 1.571e+001 2.049e-001 3.567e+000-3.687e+001-1.382e+003-4.869e+000 2.916e+002
 2.630e+003 2.930e+000 7.200e+001 5.384e+000-7.956e+000 6.974e-002-5.756e-001 1.851e+002 6.474e+003 3.396e+000-7.870e+001 4.197e-001 1.405e+001 8.412e-002 2.669e-001-3.813e+001-1.330e+003-3.378e+000 2.816e+002
 2.750e+003 2.930e+000 7.200e+001 2.648e+000 7.053e+000-6.232e-002-8.558e-001 1.004e+002 3.940e+003-2.716e+000 2.798e+001 1.197e-001 3.770e+000 5.174e-002-7.467e-001-2.104e+001-8.225e+002-1.209e+000 1.785e+002
 2.880e+003 2.930e+000 4.800e+001 1.340e+000-7.783e-001 7.902e-002-4.081e-001 4.500e+001 1.548e+003 2.796e+000-1.690e+001 4.538e-002 9.893e-001 5.688e-002 2.534e-001-8.388e+000-2.857e+002-6.274e-001 5.873e+001
 3.000e+003 2.930e+000 6.600e+001 7.333e+000 6.499e+001-1.113e+000-2.286e+001 1.997e+002 6.241e+003-6.986e+001 1.587e+002 3.700e+000 8.144e+001 2.829e+000-2.897e+001-7.550e+001-2.269e+003-3.930e+001 9.268e+002
 3.130e+003 2.930e+000 7.200e+001 1.416e+000 3.470e+000-3.809e-002-6.020e-001 4.274e+001 1.366e+003-2.465e+000 1.877e+001 1.752e-001 4.131e+000 1.524e-001-1.123e+000-9.840e+000-3.111e+002-2.009e+000 8.383e+001
 3.250e+003 2.930e+000 4.800e+001 1.391e+000 1.604e+000-2.174e-002 6.171e-001 4.389e+001 1.439e+003-4.187e-001 3.821e+001-9.764e-002-5.365e+000 3.747e-001-1.971e+000-7.666e+000-2.374e+002-1.610e+000 6.760e+001
 3.380e+003 2.930e+000 7.200e+001 3.018e+000 8.873e+000 1.686e-001-3.521e+000 8.775e+001 2.717e+003 3.563e+000-4.323e+001 2.049e-001 5.939e+000 8.462e-002 3.012e-001-1.686e+001-5.338e+002-1.624e+000 1.111e+002
 3.500e+003 2.930e+000 7.200e+001 6.683e+001-1.126e+002 1.899e+000 3.024e+001 2.009e+003 6.071e+004 6.102e+001 2.737e+002 2.009e+000 5.654e+001 1.529e-001 1.163e+001-3.755e+002-1.136e+004-1.051e+001 2.130e+003
 3.630e+003 2.930e+000 4.800e+001 2.715e+001 6.420e+001 1.154e+000-2.038e+001 8.140e+002 2.468e+004 3.365e+001-2.634e+002 4.603e-001 1.672e+001 8.631e-002 5.884e+000-1.477e+002-4.515e+003-3.615e+000 8.330e+002
 3.750e+003 2.930e+000 7.200e+001 8.358e+000 4.015e+000 1.429e-001-2.429e-002 2.527e+002 7.718e+003 4.869e+000 1.673e+001 7.938e-002 2.690e+000 5.128e-002 8.148e-001-4.620e+001-1.416e+003-7.696e-001 2.638e+002
 3.880e+003 2.930e+000 7.200e+001 3.089e+001-2.777e+001 1.003e-001 1.220e+001 8.940e+002 2.612e+004 7.493e+000 1.875e+002 1.094e+000 3.363e+001 2.192e-001 1.780e+000-1.696e+002-4.979e+003-7.197e+000 9.571e+002
 4.000e+003 2.930e+000 4.800e+001 2.130e+001 2.272e+001-2.415e+000 3.711e+000 4.576e+002 1.038e+004-4.007e+001 1.403e+002-3.375e+000-6.490e+001 1.209e+000-5.504e+000-6.383e+001-1.526e+003 6.179e+000 2.428e+002
 4.130e+003 2.930e+000 7.200e+001 2.633e+001 4.866e+000-1.891e-001 4.049e+000 7.548e+002 2.189e+004-6.992e+000 1.780e+002 4.472e-001 1.377e+001 3.420e-001-2.554e+000-1.418e+002-4.150e+003-4.783e+000 8.159e+002
 4.250e+003 2.930e+000 6.900e+001 5.389e+000-5.909e+000 2.432e-001 1.635e+000 1.509e+002 4.308e+003 8.288e+000 1.867e+001 2.083e-001 4.857e+000 1.987e-001 7.783e-001-2.591e+001-7.371e+002-1.562e+000 1.343e+002
 4.380e+003 2.930e+000 4.800e+001 2.373e+000-1.598e+000 7.996e-002 7.151e-001 6.620e+001 1.869e+003 2.418e+000 1.181e+001 5.739e-002 1.380e+000 2.996e-002 4.032e-001-1.156e+001-3.269e+002-3.381e-001 5.846e+001
 4.500e+003 2.930e+000 7.200e+001 5.875e+000-6.187e+000 7.696e-002 3.903e+000 1.673e+002 4.797e+003 2.216e+000 7.957e+001 1.053e-002 1.293e-001 3.652e-002 3.398e-001-2.917e+001-8.418e+002-1.193e-001 1.511e+002
 4.630e+003 2.930e+000 7.200e+001 7.492e-001 1.766e-001 1.422e-002 2.279e-001 1.985e+001 5.493e+002 3.958e-001 6.962e+000 2.376e-002 5.534e-001 3.010e-002-3.643e-003-3.452e+000-9.748e+001-1.973e-001 1.937e+001
 4.750e+003 2.930e+000 4.800e+001 6.460e-001-8.463e-001-1.213e-003 6.113e-001 1.742e+001 4.911e+002-3.229e-001 1.678e+001-2.691e-003-4.773e-001 4.581e-002-3.298e-001-2.869e+000-8.345e+001-1.155e-001 1.884e+001
 4.880e+003 2.930e+000 6.900e+001 1.775e+000 3.038e-001-1.078e-001 3.332e+000 5.226e+001 1.560e+003-3.151e+000 1.021e+002-7.745e-002-2.674e+000 5.190e-002-9.269e-001-1.058e+001-3.164e+002 2.153e-001 7.369e+001
 5.000e+003 2.930e+000 6.300e+001 3.533e-001-2.343e-001 2.146e-002-1.097e-001 8.835e+000 2.481e+002 4.432e-001-1.047e+000 2.362e-002 1.267e-001 3.910e-002-7.008e-002-1.463e+000-4.298e+001-1.689e-001 1.062e+001
 5.130e+003 2.930e+000 4.500e+001 3.101e-001-4.769e-001-2.462e-002 4.028e-001 7.973e+000 2.180e+002-5.312e-001 7.852e+000 3.715e-002 9.051e-001 3.750e-002-1.049e-001-1.634e+000-4.621e+001-3.105e-001 1.139e+001
 5.250e+003 2.930e+000 6.000e+001 2.517e-001-2.874e-001-8.184e-003 3.419e-001 6.377e+000 1.786e+002-2.370e-001 7.155e+000 9.643e-003 1.830e-001 3.453e-002-7.596e-002-1.075e+000-3.285e+001-1.151e-001 7.856e+000
 5.380e+003 2.930e+000 6.600e+001 5.647e-001-8.090e-001-3.648e-003 7.993e-001 1.351e+001 3.456e+002-2.080e-001 1.857e+001 9.396e-003 2.689e-001 4.861e-002-2.188e-002-1.941e+000-5.453e+001-3.045e-001 1.308e+001
 5.500e+003 2.930e+000 3.900e+001 2.399e-001-4.602e-001-3.552e-003 2.208e-001 4.987e+000 1.122e+002-8.340e-002 3.758e+000-9.316e-003-1.830e-001 2.492e-002-5.129e-002-6.241e-001-1.601e+001-6.213e-002 3.808e+000
 5.630e+003 2.930e+000 7.200e+001 1.639e+000-1.854e+000-1.637e-001 3.248e+000 4.063e+001 1.046e+003-3.600e+000 6.516e+001 6.252e-002 2.740e+000 1.350e-001-8.036e-001-8.733e+000-2.427e+002-1.866e+000 7.441e+001
 5.750e+003 2.930e+000 6.600e+001 7.262e-001-2.340e+000 6.441e-003 8.937e-001 1.650e+001 4.157e+002 6.739e-001 4.980e+000 4.872e-002 1.964e+000 9.599e-002 7.011e-002-3.234e+000-9.433e+001-1.158e+000 3.071e+001
 5.880e+003 2.930e+000 4.200e+001 4.813e-001-1.336e+000 1.677e-002 7.685e-001 1.192e+001 3.210e+002 8.186e-001 9.074e+000 4.049e-002 1.922e+000 1.109e-001 1.162e-001-2.328e+000-7.486e+001-1.299e+000 2.755e+001
 6.000e+003 2.930e+000 7.200e+001 1.615e+000-1.815e+000 7.279e-002 1.361e+000 3.671e+001 8.594e+002 1.649e+000 2.342e+001-3.707e-002-7.673e-001 7.166e-002 1.223e-001-4.970e+000-1.222e+002-1.884e-001 2.314e+001
 6.130e+003 2.930e+000 6.900e+001 6.456e-001-9.879e-001 2.476e-002 5.043e-001 1.535e+001 3.799e+002 5.502e-001 7.470e+000 9.753e-003 1.251e-001 3.379e-002 5.591e-002-2.569e+000-6.551e+001-6.477e-002 1.310e+001
 6.250e+003 2.930e+000 4.800e+001 4.868e-001-8.746e-001-7.409e-002 1.202e+000 1.040e+001 2.335e+002-1.538e+000 2.134e+001 2.461e-002 5.822e-001 6.365e-002-3.657e-001-2.092e+000-5.059e+001-5.134e-001 1.651e+001
 6.380e+003 2.930e+000 6.900e+001 4.931e-001-4.858e-001 1.825e-002 3.428e-001 1.121e+001 2.696e+002 3.913e-001 5.311e+000 3.403e-003 1.343e-002 5.670e-002 5.370e-002-1.780e+000-4.463e+001-1.227e-001 9.487e+000
 6.500e+003 2.930e+000 6.900e+001 7.870e-001-1.742e+000 5.247e-002 8.018e-001 1.702e+001 3.854e+002 1.266e+000 1.048e+001 5.758e-003-1.873e-001 6.185e-002 1.644e-001-2.760e+000-6.395e+001-7.300e-002 1.242e+001
 6.630e+003 2.930e+000 4.800e+001 3.806e-001-9.534e-001-3.867e-002 9.699e-001 8.005e+000 1.824e+002-8.992e-001 1.482e+001 3.653e-002 9.872e-001 7.807e-002-3.107e-001-1.972e+000-4.841e+001-6.132e-001 1.775e+001
 6.750e+003 2.930e+000 6.300e+001 4.888e-001-2.786e-001 5.692e-002 9.389e-002 1.026e+001 2.273e+002 1.099e+000 1.299e+000 6.558e-003-1.446e-002 8.225e-002 4.597e-002-1.480e+000-3.405e+001-1.772e-001 6.927e+000
 6.880e+003 2.930e+000 6.000e+001 2.984e-001-8.814e-001 1.906e-002 1.289e-001 5.689e+000 1.252e+002 3.971e-001-6.834e-001 2.401e-002 2.836e-001 9.402e-002-6.043e-002-9.564e-001-2.204e+001-2.706e-001 5.801e+000
 7.000e+003 2.930e+000 3.900e+001 1.163e-001 6.725e-002 7.632e-003 2.044e-002 2.199e+000 4.799e+001 1.471e-001 4.357e-001 4.618e-003 3.547e-002 4.090e-002-3.404e-002-3.195e-001-7.948e+000-8.188e-002 2.319e+000
 7.130e+003 2.930e+000 6.300e+001 2.244e-001-3.310e-001 1.098e-002 1.480e-001 4.407e+000 9.640e+001 2.251e-001 2.136e+000-6.319e-003-1.783e-001 6.562e-002-2.447e-002-5.184e-001-1.243e+001-4.099e-002 2.698e+000
 7.250e+003 2.930e+000 4.800e+001 1.277e-001-2.856e-001 7.205e-003 1.141e-001 2.396e+000 5.473e+001 1.262e-001 5.096e-001 7.396e-003 8.778e-002 4.762e-002-2.870e-002-3.907e-001-9.327e+000-1.160e-001 2.718e+000
 7.380e+003 2.930e+000 3.600e+001 8.130e-002 7.522e-002 2.943e-002-2.107e-002 1.266e+000 2.525e+001 4.706e-001-8.038e-001-4.456e-003 1.084e-002 5.777e-002-5.582e-002-8.427e-002-2.715e+000-1.567e-001 1.701e+000
 7.500e+003 2.930e+000 5.100e+001 3.028e-001-4.514e-001 2.579e-002 2.570e-001 5.953e+000 1.320e+002 5.722e-001 2.828e+000-4.433e-002-7.537e-001 8.176e-002-6.018e-002-7.808e-001-1.936e+001-1.245e-001 5.248e+000
 7.630e+003 2.930e+000 3.900e+001 9.402e-002-1.735e-001-1.129e-002 2.164e-001 1.626e+000 3.678e+001-1.194e-001 2.084e+000-8.534e-003-1.284e-001 4.412e-002-1.092e-001-2.042e-001-7.179e+000-1.226e-001 4.103e+000
 7.750e+003 2.930e+000 4.200e+001 2.648e-001-4.496e-001 2.241e-002 1.579e-001 4.538e+000 9.283e+001 5.999e-001-3.774e-001 4.928e-003 2.917e-001 8.893e-002-1.619e-001-5.330e-001-1.466e+001-3.422e-001 6.355e+000
 7.880e+003 2.930e+000 5.700e+001 5.705e-001 3.659e-001 1.719e-001-3.958e-001 6.812e+000 1.122e+002 2.684e+000-1.125e+001-1.158e-001-1.623e-001 4.150e-001-1.221e+000 7.022e-001-5.435e+000-2.287e+000 2.232e+001
 8.000e+003 2.930e+000 6.900e+001 8.529e-001 2.548e+000 5.710e-001-5.486e+000 1.132e+001 2.199e+002 1.463e+000-7.863e+001 3.101e-001 1.356e+001 2.843e+000-1.441e+001-7.029e-001-1.151e+002-1.938e+001 2.165e+002
 8.130e+003 2.930e+000 3.600e+001 3.357e-001-3.373e-001 4.593e-002 1.617e-001 6.033e+000 1.239e+002 5.672e-001 1.648e+000-2.056e-002-3.650e-002 1.115e-001-3.502e-001-8.528e-001-2.203e+001-4.821e-001 9.490e+000
 8.250e+003 2.930e+000 4.200e+001 1.284e-001 1.010e-001 1.240e-003 6.033e-002 1.867e+000 3.422e+001-2.523e-002 2.773e-001 9.746e-003 2.075e-001 8.041e-002-2.035e-001-1.998e-001-6.165e+000-2.745e-001 4.458e+000
 8.380e+003 2.930e+000 5.100e+001 2.273e-001 2.516e-001 1.134e-002 1.622e-001 3.898e+000 7.744e+001 1.766e-001 1.987e+000-3.575e-002-5.112e-001 1.035e-001-2.518e-001-1.767e-001-5.623e+000-2.667e-001 3.685e+000
 8.500e+003 2.930e+000 3.300e+001 9.677e-002 1.209e-001 2.168e-002 1.955e-002 1.486e+000 2.821e+001 3.187e-001 1.692e-002 4.028e-003 1.115e-001 6.272e-002-1.283e-001-9.411e-002-3.198e+000-1.372e-001 2.124e+000
 8.630e+003 2.930e+000 5.100e+001 1.893e-001 4.982e-001 1.849e-002 1.515e-001 2.776e+000 5.188e+001 3.881e-001 7.024e-001-3.217e-002-2.643e-001 1.001e-001-3.132e-001 3.812e-002-1.346e+000-2.995e-001 3.489e+000
 8.750e+003 2.930e+000 5.100e+001 2.667e-001 3.280e-001 3.377e-002 1.842e-001 4.064e+000 7.637e+001 6.869e-001 1.784e+000-7.598e-002-1.085e+000 1.008e-001-2.278e-001-1.125e-001-4.728e+000-1.897e-001 3.642e+000
 8.880e+003 2.930e+000 3.300e+001 1.401e-001 3.755e-002 3.253e-002 2.114e-002 2.223e+000 4.298e+001 5.807e-001-7.066e-001-9.135e-003-9.085e-002 4.946e-002-4.282e-002-7.593e-002-2.591e+000-7.480e-002 1.278e+000
 9.000e+003 2.930e+000 6.900e+001 6.334e-001-8.119e-002 1.020e-001 1.042e-002 1.075e+001 1.968e+002 1.590e+000-1.969e+000 6.514e-004 2.608e-001 1.421e-001-8.676e-002-1.244e+000-2.507e+001-3.535e-001 6.593e+000
 9.130e+003 2.930e+000 6.000e+001 3.390e-001 2.331e-001 4.454e-002 1.228e-001 5.325e+000 9.410e+001 8.950e-001 5.953e-001-2.241e-002-1.631e-001 1.010e-001-5.656e-002-3.555e-001-8.570e+000-2.469e-001 3.602e+000
 9.250e+003 2.930e+000 3.600e+001 3.686e-001 3.586e-001 4.529e-002-2.611e-002 5.916e+000 1.031e+002 8.819e-001-1.137e+000-5.982e-002-7.968e-001 7.983e-002-3.651e-002-3.174e-001-7.289e+000-1.887e-001 2.454e+000
 9.380e+003 2.930e+000 5.400e+001 2.928e-001 5.365e-001 2.086e-002 1.246e-001 4.058e+000 6.443e+001 4.145e-001-2.208e-001-4.514e-002-4.033e-001 9.728e-002-1.904e-001-1.416e-001-4.186e+000-2.302e-001 3.317e+000
 9.500e+003 2.930e+000 4.800e+001 3.443e-001 2.527e-001 3.532e-002 1.852e-001 5.430e+000 9.713e+001 8.059e-001 4.786e-001-5.095e-002-6.428e-001 1.048e-001-1.549e-001-3.752e-001-8.944e+000-2.626e-001 4.070e+000
 9.630e+003 2.930e+000 4.500e+001 3.259e-001 2.691e-001 7.700e-002 8.098e-002 4.469e+000 7.011e+001 1.311e+000-1.273e+000-5.476e-002-4.635e-001 1.516e-001-3.182e-001-9.840e-002-4.039e+000-4.650e-001 4.773e+000
 9.750e+003 2.930e+000 4.800e+001 2.473e-001 1.590e-001 1.754e-002 2.644e-001 3.349e+000 5.446e+001 5.396e-001 1.176e+000-4.233e-002-2.516e-001 1.074e-001-2.446e-001-1.003e-001-3.578e+000-2.927e-001 3.780e+000
 9.880e+003 2.930e+000 6.900e+001 5.272e-001 4.283e-001 3.345e-002-4.015e-003 7.528e+000 1.223e+002 6.039e-001-2.287e+000-5.773e-003 3.981e-001 1.731e-001-3.975e-001-6.839e-001-1.375e+001-4.763e-001 5.656e+000
 1.000e+004 2.930e+000 2.820e+002 2.694e+000 4.713e-001 2.701e-001 1.705e+000 3.523e+001 5.174e+002 4.090e+000 8.695e+000-2.579e-001-2.216e+000 6.396e-001-1.471e+000-1.442e+000-3.632e+001-2.037e+000 2.812e+001
 1.130e+004 2.930e+000 5.070e+002 3.564e+000 3.263e+000 4.041e-001 1.571e+000 4.368e+001 6.311e+002 6.403e+000-3.131e+000-3.037e-001-8.991e-001 1.151e+000-2.965e+000-1.684e+000-4.409e+001-3.850e+000 4.452e+001
 1.250e+004 2.930e+000 3.840e+002 1.752e+000 3.034e+000 2.029e-001 2.005e+000 1.672e+001 2.162e+002 3.415e+000-1.715e-001-3.633e-001-1.323e+000 9.392e-001-3.225e+000 1.314e+000 6.800e-001-3.223e+000 3.869e+001
 1.380e+004 2.930e+000 3.750e+002 1.516e+000 3.441e+000 8.689e-002 2.939e+000 1.194e+001 1.408e+002 2.749e+000 3.278e+000-4.891e-001-2.209e+000 9.099e-001-3.383e+000 2.169e+000 1.492e+001-3.465e+000 3.891e+001
 1.500e+004 2.930e+000 3.450e+002 1.264e+000 2.667e+000 2.883e-002 2.932e+000 9.887e+000 1.157e+002 2.222e+000 5.294e+000-4.697e-001-2.418e+000 8.604e-001-3.104e+000 1.885e+000 1.257e+001-3.501e+000 3.757e+001
 1.630e+004 2.930e+000 3.120e+002 8.868e-001 2.598e+000 4.677e-002 2.753e+000 4.838e+000 5.055e+001 2.632e+000 8.329e-001-5.060e-001-2.376e+000 9.324e-001-3.723e+000 2.653e+000 2.174e+001-3.779e+000 3.976e+001
 1.750e+004 2.930e+000 3.480e+002 2.177e+000 9.975e+000-2.803e-002-1.557e+000 1.729e+001 2.177e+002-2.037e+000-6.245e+000 2.501e-001 5.437e+000 1.348e+000-6.728e+000-5.015e+000-8.329e+001-7.893e+000 1.034e+002
 1.880e+004 2.930e+000 4.860e+002 4.246e+000 2.191e+001-1.696e-001-4.685e+000 3.628e+001 4.814e+002-6.636e+000-1.433e+001 6.766e-001 1.279e+001 2.775e+000-1.522e+001-1.193e+001-2.015e+002-1.812e+001 2.402e+002
 2.000e+004 2.930e+000 6.300e+002 2.931e+002 1.192e+003-6.601e+001 3.232e+003 7.386e+002 6.730e+003 1.857e+003-2.501e+003-4.970e+002-1.520e+003 8.604e+002-4.904e+003 2.611e+003 1.972e+004-5.171e+003 5.905e+004
 2.130e+004 2.930e+000 6.240e+002 9.211e+000 4.144e+001-1.374e+000 6.752e+001 3.802e+001 4.043e+002 4.041e+001-2.309e+001-1.012e+001-3.549e+001 1.681e+001-9.742e+001 4.898e+001 4.173e+002-9.803e+001 1.171e+003
 2.250e+004 2.930e+000 3.750e+002 5.738e-001 1.731e+000-4.876e-002 3.345e+000 1.366e+000 1.424e+001 2.016e+000-9.205e-001-4.648e-001-1.877e+000 9.273e-001-4.479e+000 2.492e+000 2.258e+001-4.336e+000 5.295e+001
 2.380e+004 2.930e+000 2.820e+002 4.127e-001 1.328e+000-9.038e-002 1.529e+000 1.850e+000 1.993e+001 5.778e-002 3.704e+000-1.576e-001-5.866e-001 5.808e-001-2.611e+000 2.175e-001 1.868e+000-2.648e+000 3.074e+001
 2.500e+004 2.930e+000 1.860e+002 1.924e-001 5.161e-001-1.538e-002 8.406e-001 4.120e-001 4.746e+000 4.692e-001 6.279e-001-9.858e-002-5.749e-001 2.456e-001-8.805e-001 4.696e-001 5.712e+000-8.998e-001 9.869e+000
 2.630e+004 2.930e+000 1.290e+002 7.379e-002 3.318e-001 7.662e-003 1.438e-001 1.776e+000 3.823e+002 3.745e-002-5.552e+000-1.952e-002 8.311e-001 1.254e-001-3.835e-001 1.056e-001-3.680e+000-2.864e-001 3.230e+000
 2.750e+004 2.930e+000 1.800e+002 1.715e+000 1.036e+001 1.600e-001-4.129e+000 1.375e+001 1.815e+002-1.205e+000-6.912e+000 4.135e-001 4.439e+000 2.427e-001-8.412e-001-4.501e+000-6.418e+001-1.843e+000 2.576e+001
 2.880e+004 2.930e+000 9.000e+001 3.562e-002 5.802e-002 7.096e-003-7.014e-003 8.365e-002 1.029e+000 5.124e-002-1.050e-001-2.462e-003-1.645e-002 5.483e-002-8.904e-002 3.475e-002 1.234e-001-1.009e-001 6.332e-001
 3.000e+004 2.930e+000 7.800e+001 2.248e-002 1.384e-002-3.749e-003 1.102e-002 1.107e-002 3.155e-001 7.558e-003-3.031e-002-8.231e-004-5.505e-003 3.724e-002-3.220e-002 4.042e-003 6.611e-002-3.651e-002 2.811e-001
 3.130e+004 2.930e+000 1.440e+002 5.090e-002 9.961e-002 5.120e-003-4.132e-001 3.154e-001 7.250e+000-3.347e-001-6.778e+000 7.553e-002 1.721e+000 5.203e-001-2.453e+000-4.861e-001-1.360e+001-3.190e+000 3.473e+001
 3.250e+004 2.930e+000 7.800e+001 2.255e-002 5.135e-003 3.317e-003 5.449e-003 1.524e-002 1.673e-001-4.536e-004 7.911e-003 3.975e-004-1.924e-003 2.596e-002-2.000e-002 1.277e-003-1.344e-002-1.056e-002 1.738e-001
 3.380e+004 2.930e+000 5.400e+001 1.028e-002 6.657e-003-1.583e-003 5.308e-003 1.371e-003 7.305e-002 2.004e-003 6.439e-003 6.430e-004-4.622e-003 1.814e-002-4.764e-003 5.381e-003 2.114e-002-1.535e-002 9.622e-002
 3.500e+004 2.930e+000 7.800e+001 1.740e-002 8.859e-003-1.138e-003 1.074e-002 8.271e-003 8.447e-002 2.170e-003 7.314e-003 1.645e-003-1.309e-002 2.340e-002-1.423e-002 9.237e-003 6.005e-002-2.101e-002 1.235e-001
 3.630e+004 2.930e+000 9.600e+001 2.820e-002 4.538e-002 3.947e-003-9.137e-003 4.936e-002 5.529e-001 1.140e-002-1.341e-002 1.660e-003-1.012e-002 3.389e-002-2.296e-002-6.425e-003-4.212e-002-2.667e-002 1.869e-001
 3.750e+004 2.930e+000 8.400e+001 1.793e-002 8.417e-003 1.027e-003 6.447e-003 1.243e-002 1.063e-001 9.013e-003 8.462e-003-1.614e-003-1.097e-002 2.527e-002-1.699e-002 1.234e-002 6.956e-002-1.669e-002 1.480e-001
 3.880e+004 2.930e+000 8.700e+001 1.466e-002 8.783e-003-1.917e-003 1.384e-002 5.854e-004 7.536e-002 1.021e-002 5.047e-003 7.830e-004-1.212e-002 2.326e-002-1.058e-002 3.491e-003 5.660e-002-1.573e-002 1.147e-001
 4.000e+004 2.930e+000 9.300e+001 1.756e-002 1.810e-002-6.480e-004-3.982e-003 2.719e-002 2.442e-001-1.450e-002 7.057e-003 2.554e-003 9.834e-003 2.735e-002-4.105e-002-7.230e-003-6.032e-002-3.439e-002 2.849e-001
 4.130e+004 2.930e+000 6.000e+001 1.018e-002 2.972e-003 4.328e-004 2.293e-003 4.089e-003 5.999e-002 2.362e-003 1.240e-003 7.260e-005-8.218e-003 1.521e-002-5.693e-003 5.743e-003 3.470e-002-1.153e-002 6.475e-002
 4.250e+004 2.930e+000 9.300e+001 1.118e-002 1.020e-002 2.357e-003 9.457e-003 1.146e-002 1.167e-001 1.134e-002 1.117e-002-2.360e-003-9.978e-003 2.366e-002-1.868e-002 1.159e-002 5.839e-002-6.551e-003 1.037e-001
 4.380e+004 2.930e+000 9.000e+001 1.386e-002 6.766e-003 3.085e-004 6.436e-003 8.733e-003 9.560e-002 3.141e-003 1.236e-002-8.681e-004-9.818e-003 1.755e-002-5.482e-003 7.531e-003 4.524e-002-1.202e-002 7.908e-002
 4.500e+004 2.930e+000 5.400e+001 8.720e-003 1.476e-003 2.686e-003 5.831e-003 3.355e-003 3.182e-002 5.215e-003 5.619e-003 4.098e-004-3.943e-003 1.237e-002-9.950e-003 3.057e-003 2.710e-002-4.860e-003 6.650e-002
 4.630e+004 2.930e+000 8.100e+001 1.090e-002 7.702e-003-1.208e-003 1.098e-002 7.588e-003 7.747e-002 9.985e-003-2.218e-003 4.638e-004-4.789e-003 1.502e-002-1.680e-002 6.491e-003 7.045e-002-1.014e-002 1.178e-001
 4.750e+004 2.930e+000 1.050e+002 2.082e-002 2.971e-002 3.107e-003-2.137e-002 6.153e-002 5.112e-001 2.202e-002-1.803e-001 2.199e-003 1.947e-002 2.386e-002-1.946e-002 1.758e-004-7.869e-002-3.063e-002 2.196e-001
 4.880e+004 2.930e+000 8.400e+001 1.171e-002 1.254e-002 1.985e-003-4.351e-003 2.278e-002 1.557e-001 1.255e-002-5.022e-002-7.093e-004 7.432e-003 1.639e-002-1.050e-002 2.234e-003-9.910e-003-1.805e-002 1.054e-001
 5.000e+004 2.930e+000 6.000e+001 6.636e-003 1.421e-004-1.017e-004 8.652e-004 3.933e-003 2.058e-002 2.575e-003 5.088e-003-3.061e-004-3.744e-003 9.410e-003-4.597e-003 3.261e-003 1.870e-002-7.608e-003 4.581e-002
 5.130e+004 2.930e+000 6.000e+001 7.833e-003 2.408e-003-1.769e-005 3.108e-003 3.386e-003 2.302e-002 1.431e-003 5.575e-003-7.846e-004-3.599e-003 7.533e-003-4.963e-003 7.443e-004 1.294e-002-3.750e-003 3.041e-002
 5.250e+004 2.930e+000 6.000e+001 6.333e-003 2.066e-003 3.003e-004 3.245e-003 5.658e-003 3.871e-002-1.202e-003 9.243e-003-1.324e-004-3.419e-003 7.997e-003-2.020e-003 7.307e-004 7.647e-003-2.274e-003 2.018e-002
 5.380e+004 2.930e+000 2.280e+002 6.420e-001 3.295e+000 1.355e-002-1.167e+000 5.236e+000 6.150e+001-9.838e-001 7.592e-001 2.066e-001 1.775e+000 9.456e-002-3.588e-001-2.000e+000-2.301e+001-6.903e-001 8.742e+000
 5.500e+004 2.930e+000 7.200e+001 5.967e-003 6.710e-003 2.742e-003-1.551e-003 5.973e-003 7.627e-002 5.812e-003-9.076e-003-1.328e-003 7.298e-003 1.045e-002-3.607e-003 9.874e-004-1.686e-002-5.896e-003 2.376e-002
 5.630e+004 2.930e+000 8.100e+001 1.001e-002 8.941e-003 7.480e-004-2.824e-003 3.038e-002 2.605e-001 8.793e-004-3.266e-002 1.540e-003 8.869e-003 7.400e-003-2.442e-003-2.970e-003-3.716e-002-3.894e-003 2.325e-002
 5.750e+004 2.930e+000 7.500e+001 6.812e-003 1.235e-003 7.738e-004 7.227e-004 1.017e-003 8.243e-003 7.838e-004 5.266e-008-1.249e-003 4.287e-004 7.784e-003-2.391e-003 3.622e-004 6.624e-004-2.113e-003 5.656e-003
 5.880e+004 2.930e+000 7.800e+001 6.562e-003 3.518e-004-2.901e-004 7.698e-004-8.373e-004 7.712e-003-2.098e-004-1.377e-006 1.638e-004-8.680e-004 8.069e-003-1.576e-003 1.689e-004-7.923e-004-1.302e-003 7.718e-003
 6.000e+004 2.930e+000 6.900e+001 1.366e-002 5.019e-002 7.716e-004-5.374e-002 7.410e-002 8.972e-001-3.445e-002-1.372e-001 7.135e-003 5.611e-002 1.029e-002-3.842e-002-5.193e-002-7.298e-001-4.277e-002 6.385e-001
 6.130e+004 2.930e+000 6.000e+001 3.777e-003-6.648e-004 1.651e-004-3.569e-004 2.246e-004 1.146e-002 4.094e-004 6.850e-004 4.237e-004-6.930e-004 5.162e-003-1.481e-004 1.386e-004-3.469e-004-7.488e-004 4.970e-003
 6.250e+004 2.930e+000 8.100e+001 3.914e-003 1.556e-003-5.849e-004-1.503e-004 6.632e-004 8.552e-003 1.104e-003 4.112e-004 4.941e-007-7.754e-004 6.723e-003-1.869e-003-2.545e-004-2.694e-004-1.871e-003 7.713e-003
 6.380e+004 2.930e+000 7.200e+001 4.226e-003 3.129e-003 1.345e-004-4.446e-004 3.925e-003 2.715e-002 1.364e-003-7.010e-003 5.156e-004 7.968e-004 4.504e-003-6.133e-004 6.700e-004 2.659e-004-1.082e-003 8.357e-003
 6.500e+004 2.930e+000 2.400e+001 1.174e-003 2.991e-004-1.363e-004-5.095e-005 3.187e-004 1.825e-003-2.791e-005 1.945e-004 1.325e-004-2.785e-004 1.341e-003-6.974e-004-2.081e-004 1.278e-004-3.320e-004 1.889e-003
 6.630e+004 2.930e+000 3.900e+001 2.341e-003 2.624e-004 1.481e-004-7.480e-004 3.573e-004 2.042e-003 2.169e-004 3.202e-004 2.575e-004-2.355e-004 2.674e-003-3.055e-004-3.344e-004-4.452e-004-9.883e-004 2.991e-003
 6.750e+004 2.930e+000 6.300e+001 3.569e-003 1.320e-003-1.003e-004 5.608e-004 1.828e-003 8.988e-003-1.920e-004 5.586e-004 2.494e-004-9.400e-004 3.911e-003-4.123e-004 2.232e-004 9.927e-004-1.192e-003 7.799e-003
 6.880e+004 2.930e+000 1.350e+002 7.138e-003-3.223e-003-6.695e-003 6.972e-002 2.181e-003 4.037e-002-3.455e-002 2.509e-002-4.735e-003 2.611e-002 7.915e-002-4.623e-001-1.578e-002-3.666e-001-4.143e-001 5.328e+000
 7.000e+004 2.930e+000 7.800e+001 3.243e-003 5.478e-004-1.978e-004 2.109e-004 1.590e-003 1.387e-002-4.228e-004 1.087e-003-1.602e-004 1.755e-004 3.993e-003-7.033e-004 3.022e-004-1.448e-003-1.178e-003 3.254e-003
 7.130e+004 2.930e+000 3.600e+001 1.565e-003 4.794e-005-1.554e-004-4.586e-005-8.052e-006 2.129e-003-1.450e-004 1.183e-004-1.823e-004-6.767e-005 1.972e-003-3.198e-004-2.547e-004 2.961e-004-5.438e-004 2.547e-003
 7.250e+004 2.930e+000 6.000e+001 1.660e-003 9.966e-005 3.748e-004-2.371e-004 1.926e-004 7.052e-003-3.758e-004-2.927e-004 6.303e-005 1.472e-004 3.092e-003 9.372e-005-2.724e-004-2.362e-004-8.662e-004 2.682e-003
 7.380e+004 2.930e+000 6.000e+001 1.914e-003 6.836e-005 8.203e-005 1.923e-004 1.083e-003 4.703e-003 3.982e-005 4.012e-004-9.054e-005-2.222e-004 2.939e-003-5.779e-004 8.317e-005 5.627e-005-8.228e-004 2.571e-003
 7.500e+004 2.930e+000 5.400e+001 1.690e-003 5.215e-005-3.049e-004 2.360e-004 2.593e-004 2.479e-003-3.644e-004 4.519e-004 2.829e-004 3.978e-004 2.236e-003-7.764e-004-2.482e-004-2.239e-004-8.669e-004 2.368e-003
 7.630e+004 2.930e+000 6.300e+001 1.779e-003 3.470e-004 4.074e-005-1.093e-004 7.891e-004 3.151e-003-4.487e-005 1.111e-004 1.715e-004-2.341e-004 2.303e-003-2.849e-004-2.964e-004-2.207e-004-7.216e-004 1.937e-003
 7.750e+004 2.930e+000 8.700e+001 2.227e-003 4.714e-004-3.835e-004 3.166e-004 6.856e-004 7.620e-003-3.966e-004 1.062e-004 2.954e-004-3.925e-004 2.599e-003-6.955e-004-5.748e-005 5.366e-005-4.178e-004 2.718e-003
 7.880e+004 2.930e+000 7.200e+001 1.865e-003 1.818e-004-1.685e-004 6.671e-005 5.980e-004 3.955e-003-3.583e-005 1.073e-004 1.986e-004-3.165e-005 2.258e-003-4.356e-004 2.475e-004-1.609e-004-3.698e-004 2.302e-003
 8.000e+004 2.930e+000 5.100e+001 1.523e-003 3.937e-004-1.875e-004 1.262e-004 4.825e-004 6.916e-003-7.458e-004 5.285e-004 5.754e-005 3.886e-004 1.676e-003-4.082e-004 7.964e-005-4.747e-004-3.659e-004 1.583e-003
 8.130e+004 2.930e+000 6.600e+001 1.423e-003 7.827e-004 8.289e-005-2.054e-004 7.658e-004 6.869e-003-3.018e-004 5.067e-005 1.655e-004-1.949e-004 1.901e-003-2.846e-004 1.746e-004-6.759e-004-3.473e-004 2.399e-003
 8.250e+004 2.930e+000 5.700e+001 1.366e-003 6.883e-004 7.335e-005-2.502e-004 8.221e-004 4.492e-003 3.918e-004-1.022e-004 5.474e-005 5.552e-004 1.737e-003-4.112e-004-2.896e-006-5.614e-004-3.888e-004 1.989e-003
 8.380e+004 2.930e+000 6.600e+001 1.435e-003 5.001e-004-6.543e-005 3.956e-005 1.349e-004 3.304e-003-3.228e-004 3.988e-004 1.824e-004-1.608e-004 1.384e-003-6.594e-004 5.440e-005-1.999e-004-8.240e-004 4.771e-003
 8.500e+004 2.930e+000 7.500e+001 1.611e-003 2.900e-004-1.701e-004 1.584e-004 4.073e-004 4.598e-003-6.581e-005 1.986e-004-2.814e-004-2.773e-004 1.989e-003-7.491e-004 3.145e-004-2.955e-004-1.617e-003 7.176e-003
 8.630e+004 2.930e+000 6.900e+001 1.425e-003 1.122e-004-5.390e-005 1.638e-004 6.023e-004 2.724e-003-1.086e-004-2.434e-004-9.327e-005-8.418e-006 2.254e-003-1.355e-003 3.204e-004-9.272e-004-1.971e-003 8.538e-003
 8.750e+004 2.930e+000 9.900e+001 1.842e-003 1.012e-003-3.143e-005 1.615e-004 1.200e-003 7.623e-003-1.260e-003 1.730e-003 3.586e-004 9.482e-004 2.865e-003-1.985e-003-8.626e-004-2.923e-003-3.868e-003 2.172e-002
 8.880e+004 2.930e+000 9.000e+001 1.737e-003 7.296e-004 8.061e-005-8.150e-005 1.017e-003 1.003e-002-8.379e-004 5.236e-003 8.118e-005 6.806e-004 2.281e-003-2.217e-003-6.332e-004-6.897e-003-6.523e-003 4.832e-002
 9.000e+004 2.930e+000 9.600e+001 1.780e-003 4.509e-004-2.462e-004 9.300e-004 2.899e-003 2.108e-002-3.038e-003 9.302e-003 4.136e-004 2.907e-003 3.589e-003-5.289e-003-2.185e-003-2.543e-002-1.234e-002 9.538e-002
 9.130e+004 2.930e+000 1.680e+002 3.857e-003 2.305e-003-5.358e-004-1.009e-003 6.377e-003 4.362e-002-5.319e-003 2.039e-002 9.018e-004 5.115e-003 7.686e-003-1.239e-002-7.199e-003-4.918e-002-3.106e-002 2.286e-001
 9.250e+004 2.930e+000 1.770e+002 3.507e-003 6.327e-004-6.142e-004 1.853e-003 5.672e-003 4.263e-002-5.539e-003 2.688e-002 3.699e-004 2.451e-003 7.213e-003-1.162e-002-2.480e-003-2.772e-002-2.632e-002 1.894e-001
 9.380e+004 2.930e+000 1.440e+002 2.576e-003 1.484e-003-2.868e-004 1.353e-003 2.211e-003 2.615e-002-3.387e-003 1.117e-002 2.068e-004 2.427e-003 4.753e-003-9.580e-003-1.723e-003-2.592e-002-1.503e-002 1.300e-001
 9.500e+004 2.930e+000 1.380e+002 1.934e-003 1.239e-003-3.279e-004-4.858e-004 2.759e-003 2.919e-002-4.299e-003 2.281e-002 3.576e-004 1.727e-003 3.754e-003-7.264e-003-3.715e-003-3.244e-002-1.218e-002 1.142e-001
 9.630e+004 2.930e+000 0.000e+000 0.000e+000 0.000e+000 0.000e+000 0.000e+000 0.000e+000 0.000e+000 0.000e+000 0.000e+000 0.000e+000 0.000e+000 0.000e+000 0.000e+000 0.000e+000 0.000e+000 0.000e+000 0.000e+000
 9.750e+004 2.930e+000 0.000e+000 0.000e+000 0.000e+000 0.000e+000 0.000e+000 0.000e+000 0.000e+000 0.000e+000 0.000e+000 0.000e+000 0.000e+000 0.000e+000 0.000e+000 0.000e+000 0.000e+000 0.000e+000 0.000e+000
 9.880e+004 2.930e+000 0.000e+000 0.000e+000 0.000e+000 0.000e+000 0.000e+000 0.000e+000 0.000e+000 0.000e+000 0.000e+000 0.000e+000 0.000e+000 0.000e+000 0.000e+000 0.000e+000 0.000e+000 0.000e+000 0.000e+000
 1.000e+005 2.930e+000 0.000e+000 0.000e+000 0.000e+000 0.000e+000 0.000e+000 0.000e+000 0.000e+000 0.000e+000 0.000e+000 0.000e+000 0.000e+000 0.000e+000 0.000e+000 0.000e+000 0.000e+000 0.000e+000 0.000e+000
