 6.250e+000 2.930e+000 0.000e+000 0.000e+000 0.000e+000 0.000e+000 0.000e+000 0.000e+000 0.000e+000 0.000e+000 0.000e+000 0.000e+000 0.000e+000 0.000e+000 0.000e+000 0.000e+000 0.000e+000 0.000e+000 0.000e+000
 7.500e+000 2.930e+000 0.000e+000 0.000e+000 0.000e+000 0.000e+000 0.000e+000 0.000e+000 0.000e+000 0.000e+000 0.000e+000 0.000e+000 0.000e+000 0.000e+000 0.000e+000 0.000e+000 0.000e+000 0.000e+000 0.000e+000
 8.750e+000 2.930e+000 0.000e+000 0.000e+000 0.000e+000 0.000e+000 0.000e+000 0.000e+000 0.000e+000 0.000e+000 0.000e+000 0.000e+000 0.000e+000 0.000e+000 0.000e+000 0.000e+000 0.000e+000 0.000e+000 0.000e+000
 1.000e+001 2.930e+000 0.000e+000 0.000e+000 0.000e+000 0.000e+000 0.000e+000 0.000e+000 0.000e+000 0.000e+000 0.000e+000 0.000e+000 0.000e+000 0.000e+000 0.000e+000 0.000e+000 0.000e+000 0.000e+000 0.000e+000
 1.130e+001 2.930e+000 2.400e+001 3.227e+003-5.151e+004 2.875e+001 2.176e+004-2.122e+004 6.173e+007 1.486e+003-4.790e+006 1.294e+002 7.313e+003 9.678e+001 2.411e+003 2.037e+004-2.378e+007 2.496e+002 1.176e+007
 1.250e+001 2.930e+000 0.000e+000 0.000e+000 0.000e+000 0.000e+000 0.000e+000 0.000e+000 0.000e+000 0.000e+000 0.000e+000 0.000e+000 0.000e+000 0.000e+000 0.000e+000 0.000e+000 0.000e+000 0.000e+000 0.000e+000
 1.380e+001 2.930e+000 0.000e+000 0.000e+000 0.000e+000 0.000e+000 0.000e+000 0.000e+000 0.000e+000 0.000e+000 0.000e+000 0.000e+000 0.000e+000 0.000e+000 0.000e+000 0.000e+000 0.000e+000 0.000e+000 0.000e+000
 1.500e+001 2.930e+000 2.100e+001 5.598e+003-8.734e+004-6.949e+001 1.542e+004 4.368e+004 1.071e+007 6.502e+003-9.177e+004 2.184e+002 1.233e+002 1.445e+002 2.589e+003-1.143e+004-2.167e+006-1.631e+003 1.255e+006
 1.630e+001 2.930e+000 0.000e+000 0.000e+000 0.000e+000 0.000e+000 0.000e+000 0.000e+000 0.000e+000 0.000e+000 0.000e+000 0.000e+000 0.000e+000 0.000e+000 0.000e+000 0.000e+000 0.000e+000 0.000e+000 0.000e+000
 1.750e+001 2.930e+000 2.400e+001 8.481e+003-9.261e+004-4.797e+001 1.526e+004 1.308e+005 1.800e+007 6.809e+003 6.243e+003 3.853e+002-1.308e+003 1.999e+002 1.083e+002-8.380e+003-1.949e+006 1.701e+003 1.125e+006
 1.880e+001 2.930e+000 0.000e+000 0.000e+000 0.000e+000 0.000e+000 0.000e+000 0.000e+000 0.000e+000 0.000e+000 0.000e+000 0.000e+000 0.000e+000 0.000e+000 0.000e+000 0.000e+000 0.000e+000 0.000e+000 0.000e+000
 2.000e+001 2.930e+000 2.400e+001 8.263e+003-7.685e+003 1.685e+001-1.290e+004-1.044e+005 2.122e+007 1.756e+004-2.783e+005 3.608e+002-2.057e+003 2.986e+002 2.173e+003 9.247e+003-6.286e+006 1.903e+002 2.857e+006
 2.130e+001 2.930e+000 0.000e+000 0.000e+000 0.000e+000 0.000e+000 0.000e+000 0.000e+000 0.000e+000 0.000e+000 0.000e+000 0.000e+000 0.000e+000 0.000e+000 0.000e+000 0.000e+000 0.000e+000 0.000e+000 0.000e+000
 2.250e+001 2.930e+000 0.000e+000 0.000e+000 0.000e+000 0.000e+000 0.000e+000 0.000e+000 0.000e+000 0.000e+000 0.000e+000 0.000e+000 0.000e+000 0.000e+000 0.000e+000 0.000e+000 0.000e+000 0.000e+000 0.000e+000
 2.380e+001 2.930e+000 2.400e+001 9.053e+003-4.790e+004 7.869e+002 1.464e+003 3.663e+004 1.000e+007 1.158e+004-8.428e+004 3.455e+002 7.387e+003 7.851e+002 3.583e+003-3.223e+003-7.936e+005 3.332e+003 5.174e+005
 2.500e+001 2.930e+000 0.000e+000 0.000e+000 0.000e+000 0.000e+000 0.000e+000 0.000e+000 0.000e+000 0.000e+000 0.000e+000 0.000e+000 0.000e+000 0.000e+000 0.000e+000 0.000e+000 0.000e+000 0.000e+000 0.000e+000
 2.630e+001 2.930e+000 2.400e+001 6.443e+003 5.136e+004-2.253e+002 1.050e+004-1.641e+004 9.985e+006-3.894e+003 3.101e+005 7.180e+002-1.717e+004 4.073e+002-2.431e+002-8.143e+003-5.983e+005 1.880e+003 4.422e+005
 2.750e+001 2.930e+000 0.000e+000 0.000e+000 0.000e+000 0.000e+000 0.000e+000 0.000e+000 0.000e+000 0.000e+000 0.000e+000 0.000e+000 0.000e+000 0.000e+000 0.000e+000 0.000e+000 0.000e+000 0.000e+000 0.000e+000
 2.880e+001 2.930e+000 2.400e+001 7.614e+003-2.142e+004-1.737e+002-8.212e+002-8.087e+002 7.553e+006 3.960e+003 2.903e+005 6.399e+002-3.717e+003 1.661e+002 6.182e+002 7.729e+003-4.673e+005 4.041e+003 3.615e+005
 3.000e+001 2.930e+000 0.000e+000 0.000e+000 0.000e+000 0.000e+000 0.000e+000 0.000e+000 0.000e+000 0.000e+000 0.000e+000 0.000e+000 0.000e+000 0.000e+000 0.000e+000 0.000e+000 0.000e+000 0.000e+000 0.000e+000
 3.130e+001 2.930e+000 0.000e+000 0.000e+000 0.000e+000 0.000e+000 0.000e+000 0.000e+000 0.000e+000 0.000e+000 0.000e+000 0.000e+000 0.000e+000 0.000e+000 0.000e+000 0.000e+000 0.000e+000 0.000e+000 0.000e+000
 3.250e+001 2.930e+000 2.100e+001 9.183e+003 1.838e+004-2.758e+002-1.247e+004-4.178e+004 1.045e+007 3.919e+003 3.082e+005 9.647e+002-6.180e+003 2.042e+002-1.315e+003 1.037e+004-1.477e+006 1.404e+003 6.606e+005
 3.380e+001 2.930e+000 0.000e+000 0.000e+000 0.000e+000 0.000e+000 0.000e+000 0.000e+000 0.000e+000 0.000e+000 0.000e+000 0.000e+000 0.000e+000 0.000e+000 0.000e+000 0.000e+000 0.000e+000 0.000e+000 0.000e+000
 3.500e+001 2.930e+000 2.400e+001 1.685e+004 2.001e+005-3.550e+002-3.371e+004-7.908e+004 1.746e+008-5.129e+004-1.455e+006 1.527e+003 3.389e+004 2.995e+002-1.125e+004 2.111e+004-2.726e+007-5.846e+003 4.938e+006
 3.630e+001 2.930e+000 0.000e+000 0.000e+000 0.000e+000 0.000e+000 0.000e+000 0.000e+000 0.000e+000 0.000e+000 0.000e+000 0.000e+000 0.000e+000 0.000e+000 0.000e+000 0.000e+000 0.000e+000 0.000e+000 0.000e+000
 3.750e+001 2.930e+000 2.400e+001 3.916e+004-4.187e+005-1.667e+003 7.060e+004 2.558e+004 1.132e+008 2.502e+004-2.904e+006 3.953e+003-5.981e+003 6.157e+002 7.007e+003-5.065e+003-1.278e+007 1.448e+003 1.941e+006
 3.880e+001 2.930e+000 0.000e+000 0.000e+000 0.000e+000 0.000e+000 0.000e+000 0.000e+000 0.000e+000 0.000e+000 0.000e+000 0.000e+000 0.000e+000 0.000e+000 0.000e+000 0.000e+000 0.000e+000 0.000e+000 0.000e+000
 4.000e+001 2.930e+000 0.000e+000 0.000e+000 0.000e+000 0.000e+000 0.000e+000 0.000e+000 0.000e+000 0.000e+000 0.000e+000 0.000e+000 0.000e+000 0.000e+000 0.000e+000 0.000e+000 0.000e+000 0.000e+000 0.000e+000
 4.130e+001 2.930e+000 2.400e+001 4.047e+004 1.689e+005-1.085e+003-1.791e+004-8.939e+004 1.295e+007-1.826e+003-1.271e+004 2.616e+003-7.578e+003 3.006e+002 3.952e+002 3.406e+004-1.152e+006 3.126e+003 3.659e+005
 4.250e+001 2.930e+000 0.000e+000 0.000e+000 0.000e+000 0.000e+000 0.000e+000 0.000e+000 0.000e+000 0.000e+000 0.000e+000 0.000e+000 0.000e+000 0.000e+000 0.000e+000 0.000e+000 0.000e+000 0.000e+000 0.000e+000
 4.380e+001 2.930e+000 2.400e+001 7.256e+004-9.261e+004-1.244e+003 3.649e+004-5.922e+004 6.921e+006 1.084e+004 6.243e+003 3.970e+003-6.872e+003 3.445e+002 5.511e+003 3.205e+004-1.104e+006 3.270e+003 5.182e+005
 4.500e+001 2.930e+000 0.000e+000 0.000e+000 0.000e+000 0.000e+000 0.000e+000 0.000e+000 0.000e+000 0.000e+000 0.000e+000 0.000e+000 0.000e+000 0.000e+000 0.000e+000 0.000e+000 0.000e+000 0.000e+000 0.000e+000
 4.630e+001 2.930e+000 2.400e+001 2.541e+005-2.554e+005-6.722e+003 1.136e+005-3.795e+003 3.949e+006 1.438e+004-2.400e+004 1.461e+004-5.792e+002 1.181e+003 7.382e+003 3.693e+004-5.742e+005 1.456e+003 2.458e+005
 4.750e+001 2.930e+000 0.000e+000 0.000e+000 0.000e+000 0.000e+000 0.000e+000 0.000e+000 0.000e+000 0.000e+000 0.000e+000 0.000e+000 0.000e+000 0.000e+000 0.000e+000 0.000e+000 0.000e+000 0.000e+000 0.000e+000
 4.880e+001 2.930e+000 0.000e+000 0.000e+000 0.000e+000 0.000e+000 0.000e+000 0.000e+000 0.000e+000 0.000e+000 0.000e+000 0.000e+000 0.000e+000 0.000e+000 0.000e+000 0.000e+000 0.000e+000 0.000e+000 0.000e+000
 5.000e+001 2.930e+000 2.400e+001 1.553e+008-6.802e+007-3.845e+006 5.763e+007 1.946e+007 3.588e+007 3.735e+006 3.446e+006 9.614e+006 2.888e+006 6.933e+005 3.346e+006-8.543e+006-2.675e+007-1.950e+006 2.199e+007
 5.130e+001 2.930e+000 0.000e+000 0.000e+000 0.000e+000 0.000e+000 0.000e+000 0.000e+000 0.000e+000 0.000e+000 0.000e+000 0.000e+000 0.000e+000 0.000e+000 0.000e+000 0.000e+000 0.000e+000 0.000e+000 0.000e+000
 5.250e+001 2.930e+000 2.400e+001 3.196e+005-1.356e+005-8.444e+003 1.255e+005-6.339e+004 1.066e+007 1.209e+004-5.359e+004 1.942e+004 8.013e+002 1.526e+003 9.148e+003 1.943e+004-6.961e+005-1.606e+003 1.753e+005
 5.380e+001 2.930e+000 0.000e+000 0.000e+000 0.000e+000 0.000e+000 0.000e+000 0.000e+000 0.000e+000 0.000e+000 0.000e+000 0.000e+000 0.000e+000 0.000e+000 0.000e+000 0.000e+000 0.000e+000 0.000e+000 0.000e+000
 5.500e+001 2.930e+000 0.000e+000 0.000e+000 0.000e+000 0.000e+000 0.000e+000 0.000e+000 0.000e+000 0.000e+000 0.000e+000 0.000e+000 0.000e+000 0.000e+000 0.000e+000 0.000e+000 0.000e+000 0.000e+000 0.000e+000
 5.630e+001 2.930e+000 2.100e+001 7.045e+004 8.993e+004-1.302e+003 1.457e+004-2.431e+004 7.251e+006-5.913e+003-2.366e+005 3.260e+003-2.912e+003 2.528e+002 5.363e+002 3.307e+002-4.406e+005 1.811e+003 1.947e+005
 5.750e+001 2.930e+000 0.000e+000 0.000e+000 0.000e+000 0.000e+000 0.000e+000 0.000e+000 0.000e+000 0.000e+000 0.000e+000 0.000e+000 0.000e+000 0.000e+000 0.000e+000 0.000e+000 0.000e+000 0.000e+000 0.000e+000
 5.880e+001 2.930e+000 2.400e+001 3.601e+004-2.761e+004-4.792e+002 8.307e+003 8.051e+004 3.499e+006-9.641e+002 3.090e+004 1.406e+003 8.406e+002 1.312e+002 1.180e+002-2.934e+003-3.577e+005 3.289e+002 1.629e+005
 6.000e+001 2.930e+000 0.000e+000 0.000e+000 0.000e+000 0.000e+000 0.000e+000 0.000e+000 0.000e+000 0.000e+000 0.000e+000 0.000e+000 0.000e+000 0.000e+000 0.000e+000 0.000e+000 0.000e+000 0.000e+000 0.000e+000
 6.130e+001 2.930e+000 2.100e+001 2.127e+004 6.518e+003-7.011e+002 6.146e+003 1.090e+004 1.929e+006-2.851e+002-8.963e+004 1.382e+003-1.370e+003 1.806e+002 4.366e+002 8.660e+003-1.726e+005 1.166e+003 1.302e+005
 6.250e+001 2.930e+000 0.000e+000 0.000e+000 0.000e+000 0.000e+000 0.000e+000 0.000e+000 0.000e+000 0.000e+000 0.000e+000 0.000e+000 0.000e+000 0.000e+000 0.000e+000 0.000e+000 0.000e+000 0.000e+000 0.000e+000
 6.380e+001 2.930e+000 0.000e+000 0.000e+000 0.000e+000 0.000e+000 0.000e+000 0.000e+000 0.000e+000 0.000e+000 0.000e+000 0.000e+000 0.000e+000 0.000e+000 0.000e+000 0.000e+000 0.000e+000 0.000e+000 0.000e+000
 6.500e+001 2.930e+000 1.800e+001 1.786e+004 1.787e+004-4.491e+002-6.468e+003 5.513e+004 2.565e+006-1.203e+003-8.939e+004 8.890e+002 2.967e+002 9.571e+001-6.213e+002-9.254e+003-4.329e+005 6.599e+002 1.460e+005
 6.630e+001 2.930e+000 0.000e+000 0.000e+000 0.000e+000 0.000e+000 0.000e+000 0.000e+000 0.000e+000 0.000e+000 0.000e+000 0.000e+000 0.000e+000 0.000e+000 0.000e+000 0.000e+000 0.000e+000 0.000e+000 0.000e+000
 6.750e+001 2.930e+000 2.400e+001 1.806e+004 2.001e+005-4.976e+002-3.627e+004 1.819e+005 2.813e+007-1.653e+004-1.182e+006 7.671e+002 6.157e+003 9.748e+001-2.610e+003-3.101e+003-2.515e+006 1.058e+002 6.698e+005
 6.880e+001 2.930e+000 0.000e+000 0.000e+000 0.000e+000 0.000e+000 0.000e+000 0.000e+000 0.000e+000 0.000e+000 0.000e+000 0.000e+000 0.000e+000 0.000e+000 0.000e+000 0.000e+000 0.000e+000 0.000e+000 0.000e+000
 7.000e+001 2.930e+000 2.400e+001 1.077e+004 6.137e+003-3.546e+002-2.978e+003 2.774e+004 5.257e+006 9.066e+002-3.434e+005 3.218e+002-1.072e+003 5.232e+001 3.356e+002-2.624e+003-2.638e+005 8.345e+002 2.095e+005
 7.130e+001 2.930e+000 0.000e+000 0.000e+000 0.000e+000 0.000e+000 0.000e+000 0.000e+000 0.000e+000 0.000e+000 0.000e+000 0.000e+000 0.000e+000 0.000e+000 0.000e+000 0.000e+000 0.000e+000 0.000e+000 0.000e+000
 7.250e+001 2.930e+000 0.000e+000 0.000e+000 0.000e+000 0.000e+000 0.000e+000 0.000e+000 0.000e+000 0.000e+000 0.000e+000 0.000e+000 0.000e+000 0.000e+000 0.000e+000 0.000e+000 0.000e+000 0.000e+000 0.000e+000
 7.380e+001 2.930e+000 1.800e+001 7.250e+003 1.605e+004-1.819e+002-5.952e+003 9.467e+003 2.901e+006 9.681e+002 1.068e+005 3.831e+002 1.338e+003 4.545e+001 7.861e+001-3.011e+003-1.794e+005 1.919e+001 1.169e+005
 7.500e+001 2.930e+000 0.000e+000 0.000e+000 0.000e+000 0.000e+000 0.000e+000 0.000e+000 0.000e+000 0.000e+000 0.000e+000 0.000e+000 0.000e+000 0.000e+000 0.000e+000 0.000e+000 0.000e+000 0.000e+000 0.000e+000
 7.630e+001 2.930e+000 2.400e+001 7.535e+003 5.310e+004-1.484e+002-8.063e+003 6.115e+004 6.113e+006-1.819e+003-2.662e+005 1.322e+002-2.217e+002 2.970e+001-5.492e+001-2.006e+003-7.877e+005 2.561e+002 2.179e+005
 7.750e+001 2.930e+000 0.000e+000 0.000e+000 0.000e+000 0.000e+000 0.000e+000 0.000e+000 0.000e+000 0.000e+000 0.000e+000 0.000e+000 0.000e+000 0.000e+000 0.000e+000 0.000e+000 0.000e+000 0.000e+000 0.000e+000
 7.880e+001 2.930e+000 2.100e+001 5.726e+003 5.920e+004-1.028e+002-8.594e+003 6.142e+004 8.354e+006-3.381e+003-3.971e+005 2.032e+002 3.819e+003 3.851e+001-5.465e+002 8.183e+003 1.443e+005 9.314e+002 1.894e+005
 8.000e+001 2.930e+000 0.000e+000 0.000e+000 0.000e+000 0.000e+000 0.000e+000 0.000e+000 0.000e+000 0.000e+000 0.000e+000 0.000e+000 0.000e+000 0.000e+000 0.000e+000 0.000e+000 0.000e+000 0.000e+000 0.000e+000
 8.130e+001 2.930e+000 0.000e+000 0.000e+000 0.000e+000 0.000e+000 0.000e+000 0.000e+000 0.000e+000 0.000e+000 0.000e+000 0.000e+000 0.000e+000 0.000e+000 0.000e+000 0.000e+000 0.000e+000 0.000e+000 0.000e+000
 8.250e+001 2.930e+000 2.400e+001 4.017e+003-3.638e+003-5.509e+001 2.225e+003 3.442e+003 6.351e+006 3.723e+003-9.900e+004 8.141e+001 5.562e+002 2.103e+001 5.986e+002-4.007e+003-4.789e+005-1.154e+002 1.398e+005
 8.380e+001 2.930e+000 0.000e+000 0.000e+000 0.000e+000 0.000e+000 0.000e+000 0.000e+000 0.000e+000 0.000e+000 0.000e+000 0.000e+000 0.000e+000 0.000e+000 0.000e+000 0.000e+000 0.000e+000 0.000e+000 0.000e+000
 8.500e+001 2.930e+000 2.400e+001 4.820e+003 2.864e+004-1.033e+002-2.336e+003-1.038e+004 4.378e+006-6.873e+002 1.666e+005 1.950e+002-4.391e+003 5.975e+001-7.632e+001-2.958e+003-6.190e+005 1.008e+003 1.369e+005
 8.630e+001 2.930e+000 0.000e+000 0.000e+000 0.000e+000 0.000e+000 0.000e+000 0.000e+000 0.000e+000 0.000e+000 0.000e+000 0.000e+000 0.000e+000 0.000e+000 0.000e+000 0.000e+000 0.000e+000 0.000e+000 0.000e+000
 8.750e+001 2.930e+000 1.500e+001 2.418e+003 1.335e+004-4.998e+001-3.203e+002 1.565e+004 3.358e+006-5.422e+002 1.030e+005 4.628e+001-3.620e+002 8.819e+000-1.128e+002-5.398e+003-5.806e+005 7.737e+001 1.361e+005
 8.880e+001 2.930e+000 0.000e+000 0.000e+000 0.000e+000 0.000e+000 0.000e+000 0.000e+000 0.000e+000 0.000e+000 0.000e+000 0.000e+000 0.000e+000 0.000e+000 0.000e+000 0.000e+000 0.000e+000 0.000e+000 0.000e+000
 9.000e+001 2.930e+000 0.000e+000 0.000e+000 0.000e+000 0.000e+000 0.000e+000 0.000e+000 0.000e+000 0.000e+000 0.000e+000 0.000e+000 0.000e+000 0.000e+000 0.000e+000 0.000e+000 0.000e+000 0.000e+000 0.000e+000
 9.130e+001 2.930e+000 2.400e+001 3.895e+003 6.726e+003-3.725e+000-7.867e+002-4.755e+003 6.993e+006-3.187e+002 2.193e+005 3.965e+001-1.062e+003 3.570e+000-1.345e+002-6.232e+003-8.863e+005 9.974e+001 1.649e+005
 9.250e+001 2.930e+000 0.000e+000 0.000e+000 0.000e+000 0.000e+000 0.000e+000 0.000e+000 0.000e+000 0.000e+000 0.000e+000 0.000e+000 0.000e+000 0.000e+000 0.000e+000 0.000e+000 0.000e+000 0.000e+000 0.000e+000
 9.380e+001 2.930e+000 1.800e+001 2.603e+003 2.336e+004-4.390e+001-2.949e+003 1.230e+004 8.591e+006 3.160e+003 3.711e+005 6.032e+001-1.606e+002 1.086e+001 3.525e+002-4.314e+003-1.052e+006 1.943e+002 1.615e+005
 9.500e+001 2.930e+000 0.000e+000 0.000e+000 0.000e+000 0.000e+000 0.000e+000 0.000e+000 0.000e+000 0.000e+000 0.000e+000 0.000e+000 0.000e+000 0.000e+000 0.000e+000 0.000e+000 0.000e+000 0.000e+000 0.000e+000
 9.630e+001 2.930e+000 1.800e+001 1.529e+003 2.481e+004-9.603e+000-4.072e+003 2.116e+004 1.500e+007 1.396e+003 5.880e+005 1.704e+001 5.616e+002 3.756e+000 1.616e+002-3.509e+003-2.095e+006-3.534e+000 3.368e+005
 9.750e+001 2.930e+000 0.000e+000 0.000e+000 0.000e+000 0.000e+000 0.000e+000 0.000e+000 0.000e+000 0.000e+000 0.000e+000 0.000e+000 0.000e+000 0.000e+000 0.000e+000 0.000e+000 0.000e+000 0.000e+000 0.000e+000
 9.880e+001 2.930e+000 0.000e+000 0.000e+000 0.000e+000 0.000e+000 0.000e+000 0.000e+000 0.000e+000 0.000e+000 0.000e+000 0.000e+000 0.000e+000 0.000e+000 0.000e+000 0.000e+000 0.000e+000 0.000e+000 0.000e+000
 1.000e+002 2.930e+000 2.400e+001 3.505e+003 1.035e+005-1.274e+002-2.407e+004-1.757e+005 9.459e+008 2.392e+005 3.307e+007 2.047e+002-3.095e+005 2.073e+002 2.325e+004 2.255e+004-1.363e+008 5.340e+004 2.082e+007
 1.130e+002 2.930e+000 3.300e+001 6.507e+003-1.737e+005-1.485e+001 5.386e+004 6.526e+004 1.667e+008 3.326e+004 5.229e+006 9.075e+001 1.556e+004 2.642e+001 5.221e+003 1.157e+004-2.307e+007-9.248e+002 3.601e+006
 1.250e+002 2.930e+000 4.500e+001 5.501e+003-4.792e+004 1.409e+001 9.231e+003 2.628e+004 7.260e+006 3.521e+002 3.295e+005 4.647e+001 1.276e+003 1.237e+001 1.209e+002 1.063e+003-8.419e+005 6.804e+001 1.702e+005
 1.380e+002 2.930e+000 5.400e+001 5.479e+003-2.135e+004 1.256e+001 2.334e+003 6.853e+003 3.425e+006 4.053e+002 4.940e+004 4.665e+001 6.908e+002 8.911e+000 2.830e+001-1.820e+003-3.073e+005-1.942e+002 8.105e+004
 1.500e+002 2.930e+000 4.200e+001 6.137e+003-2.594e+004 1.806e-001 2.466e+003 2.044e+004 2.461e+006 1.196e+002 1.283e+004 9.159e+000 4.933e+001 1.788e+000 0.000e+000-4.326e+003-2.106e+005 0.000e+000 4.307e+004
 1.630e+002 2.930e+000 3.600e+001 9.770e+003-2.381e+005 1.658e+001-4.005e+004 1.334e+005 1.747e+007-1.408e+003-6.225e+005 5.016e+000-1.971e+001 4.955e+000 1.050e+002 1.566e+004 2.020e+006 6.154e+001 4.309e+005
 1.750e+002 2.930e+000 2.400e+001 6.377e+003-8.168e+004 5.215e+000 1.491e+003 7.928e+004 1.077e+007-6.428e+002-3.954e+005 3.299e+001 4.021e+003 1.207e+001-2.386e+002-2.812e+003-2.659e+004 2.883e+002 1.648e+005
 1.880e+002 2.930e+000 3.300e+001 3.730e+004-1.268e+005-1.541e+002-2.090e+003 5.276e+003 4.902e+006 1.774e+003-1.593e+005-4.274e+001-8.622e+002 4.565e+001-4.437e+002-7.850e+003-1.679e+005 1.243e+002 1.288e+005
 2.000e+002 2.930e+000 2.400e+001 1.091e+006 2.741e+004 5.001e+002 9.540e+004 9.592e+004 3.991e+007 9.180e+003 8.591e+004-8.169e+003-5.192e+002 8.648e+001 9.909e+002-1.800e+004-5.976e+006 4.252e+002 1.070e+006
 2.130e+002 2.930e+000 4.200e+001 3.912e+004 3.256e+005 2.906e+002-4.668e+004-2.302e+005 4.833e+008-2.652e+003 1.602e+007 1.766e+002-1.069e+004 4.235e+001-5.904e+002 2.275e+004-5.467e+007 1.519e+003 7.073e+006
 2.250e+002 2.930e+000 4.200e+001 2.352e+004 5.187e+004 1.109e+003 2.067e+004-9.082e+003 6.766e+006-2.750e+003 9.251e+005 5.315e+002 2.239e+003 1.291e+002 1.235e+003-1.752e+004 5.444e+005 1.370e+003 3.479e+005
 2.380e+002 2.930e+000 5.400e+001 1.175e+005-3.010e+005 6.460e+003 5.042e+004 1.207e+005 1.456e+007 2.262e+004 7.363e+005 6.580e+003-1.791e+004 8.621e+002 2.092e+003 4.243e+003-1.117e+006 4.349e+003 3.664e+005
 2.500e+002 2.930e+000 4.800e+001 5.477e+006-1.391e+006 3.475e+005 2.023e+006 3.736e+006 7.173e+006 3.426e+005 1.271e+006 4.122e+005 1.887e+005 5.362e+004 2.130e+005-9.583e+005-1.447e+006 5.853e+004 1.029e+006
 2.630e+002 2.930e+000 4.800e+001 1.427e+005 3.454e+005 3.426e+003 1.147e+005 1.229e+005 2.193e+007 5.976e+003 2.965e+005 4.788e+003-1.084e+004 6.091e+002 2.871e+003 4.721e+003 3.205e+006-3.277e+002 6.919e+005
 2.750e+002 2.930e+000 5.100e+001 3.960e+004-4.974e+003 9.518e+002 1.901e+004 5.876e+004 3.082e+006-9.435e+002-1.410e+004 7.595e+002-3.142e+003 1.494e+002 7.574e+002 1.804e+003-3.693e+005 1.964e+003 1.842e+005
 2.880e+002 2.930e+000 5.400e+001 1.222e+004-1.136e+004 3.531e+002 1.735e+004 3.003e+004 5.615e+006 3.245e+003 1.801e+005 2.464e+002-7.584e+003 1.051e+002 2.437e+002-7.854e+003-1.177e+006 2.467e+003 3.519e+005
 3.000e+002 2.930e+000 5.100e+001 2.262e+005 9.733e+005-9.575e+003 1.177e+005-5.669e+005 2.476e+007 9.241e+003 7.549e+005 3.365e+002-5.137e+004 5.804e+002-1.404e+004-2.412e+005-3.398e+006-2.707e+003 1.470e+006
 3.130e+002 2.930e+000 5.400e+001 2.194e+004 2.531e+006-9.994e+002-6.122e+005-2.804e+005 1.020e+009-1.496e+006 6.525e+006 5.102e+003-4.670e+005 2.735e+003-3.717e+005 3.734e+004-2.511e+008 1.048e+005 6.216e+007
 3.250e+002 2.930e+000 6.300e+001 9.586e+003 1.027e+006-2.614e+002-2.388e+005-9.365e+004 4.378e+008-6.318e+005 1.989e+006 2.216e+003-2.013e+005 1.338e+003-1.477e+005 1.130e+004-1.019e+008 4.201e+004 2.380e+007
 3.380e+002 2.930e+000 4.500e+001 7.120e+003 8.283e+004 1.093e+003-5.833e+003-5.078e+004 3.943e+006-3.315e+004-5.768e+003 1.966e+003 1.418e+004 1.922e+003-2.941e+003 5.202e+003-5.845e+005-4.145e+003 1.720e+005
 3.500e+002 2.930e+000 6.000e+001 4.393e+004 4.878e+005 2.562e+004-4.154e+004-8.669e+004 9.165e+006-7.010e+005 6.794e+005 4.780e+004 2.835e+005 8.681e+004-2.252e+004-3.957e+004-6.748e+005-8.783e+004 2.278e+005
 3.630e+002 2.930e+000 5.400e+001 7.851e+005 6.896e+006 4.646e+002-7.035e+005-4.278e+006 8.599e+007 1.653e+003 1.983e+006 1.116e+003 8.113e+003 1.092e+003 9.723e+002 2.081e+005-7.458e+006-1.900e+003 7.389e+005
 3.750e+002 2.930e+000 8.100e+001 3.000e+005 2.638e+006-7.747e+002-2.499e+005-1.703e+006 3.641e+007 1.422e+004 5.084e+005-9.317e+002-4.176e+003 3.322e+002 2.288e+003 1.126e+005-2.994e+006 4.555e+002 4.388e+005
 3.880e+002 2.930e+000 3.000e+001 2.392e+003 2.734e+004 1.960e+001 1.723e+003-2.491e+004 1.340e+006-3.314e+002-8.291e+004 9.663e+001-1.505e+003 3.197e+001-1.022e+002 1.874e+003-1.039e+004 2.937e+002 3.272e+004
 4.000e+002 2.930e+000 3.000e+001 2.839e+003 3.592e+004-9.456e+001 1.038e+004-2.200e+004 2.032e+006-3.899e+002 2.193e+005 2.362e+002-4.493e+003 1.099e+002-1.590e+002-2.987e+003 1.697e+005-5.229e+002 2.378e+005
 4.130e+002 2.930e+000 4.800e+001 1.369e+004-3.765e+005-3.228e+001-3.017e+004-1.916e+006 3.447e+008 6.802e+003-2.496e+006 2.129e+002-2.592e+004 4.084e+001-6.208e+002-2.493e+005 4.384e+007-3.120e+003 5.996e+006
 4.250e+002 2.930e+000 3.600e+001 7.007e+003-1.434e+005-2.148e+001-1.050e+004-5.462e+005 7.214e+007 2.555e+003-6.194e+005 3.403e+001 1.445e+003 2.129e+001-3.846e+002-7.136e+004 9.501e+006 3.696e+002 1.319e+006
 4.380e+002 2.930e+000 3.900e+001 5.720e+003-4.709e+004 1.660e+001 1.682e+003-5.740e+004 2.699e+006 3.344e+003 1.689e+004 5.431e+002-8.031e+003 1.699e+002 1.764e+002 3.955e+003 1.062e+005 1.252e+003 7.103e+004
 4.500e+002 2.930e+000 6.000e+001 1.553e+005-6.693e+005 5.471e+003 6.175e+004-5.031e+005 6.665e+006 1.506e+005 8.852e+005 4.202e+004-1.514e+005 1.225e+004 6.621e+003 2.626e+005-1.019e+006 7.649e+004 5.752e+005
 4.630e+002 2.930e+000 7.800e+001 8.020e+005-6.492e+006-3.159e+002 6.430e+005-3.539e+006 6.931e+007-2.018e+003-1.620e+006-4.496e+002 6.691e+003 1.881e+002-3.180e+001 1.464e+005-5.863e+006 7.576e+002 6.224e+005
 4.750e+002 2.930e+000 4.800e+001 2.482e+005-2.018e+006 3.109e+002 2.106e+005-1.161e+006 2.275e+007-4.404e+003-4.828e+005-3.649e+002-7.654e+001 3.727e+001-3.416e+002 6.040e+004-1.996e+006 3.866e+002 2.229e+005
 4.880e+002 2.930e+000 4.200e+001 8.568e+003-4.076e+004 1.089e+002 6.165e+003-5.592e+004 1.546e+006 5.859e+002-2.704e+004 1.255e+002-1.690e+003 2.840e+001-1.551e+001 5.378e+002 2.861e+004 1.397e+002 7.197e+004
 5.000e+002 2.930e+000 2.700e+001 3.249e+003-1.757e+003 4.820e+001-5.155e+002 1.037e+003 5.707e+005-3.276e+001-9.494e+004-6.785e+001 3.315e+001 2.832e+001 7.845e+001 1.810e+003 9.689e+004-3.166e-001 1.081e+005
 5.130e+002 2.930e+000 3.600e+001 4.633e+003 7.299e+004 7.986e+001 3.743e+004 1.136e+004 1.751e+007-1.320e+005 5.627e+005 5.343e+002-1.104e+004 1.094e+003 7.910e+004-1.513e+003 1.032e+007-1.025e+004 6.286e+006
 5.250e+002 2.930e+000 4.500e+001 2.221e+003 1.149e+005-1.447e+002 7.548e+004 2.697e+004 2.008e+007-1.730e+005 1.644e+006 1.242e+003 1.261e+004 1.722e+003 1.134e+005 1.538e+004 1.258e+007-4.911e+003 8.599e+006
 5.380e+002 2.930e+000 6.300e+001 4.789e+003 3.587e+004 1.038e+001 3.465e+004-4.588e+003 4.117e+006-4.418e+004 2.903e+006 1.703e+003 2.292e+004 1.803e+003 6.430e+004 1.165e+004 2.641e+006 4.360e+003 4.897e+006
 5.500e+002 2.930e+000 8.100e+001 1.790e+005 3.359e+005 2.773e+004 1.682e+005-1.762e+006 1.958e+007-5.328e+005-3.014e+006 1.341e+005-1.305e+006 1.077e+005 1.387e+004 7.206e+005-6.919e+006 5.788e+005 3.227e+006
 5.630e+002 2.930e+000 4.200e+001 1.753e+004 1.700e+004 2.711e+002-1.851e+003-4.220e+004 6.645e+005-2.813e+003 6.638e+003 1.577e+003-1.473e+004 9.039e+002-6.756e+002 1.152e+004-1.031e+005 6.265e+003 6.014e+004
 5.750e+002 2.930e+000 4.800e+001 7.603e+004 5.004e+005-1.610e+002-5.295e+004-1.754e+005 5.864e+006 1.243e+003 1.485e+005-2.021e+002-1.297e+003 8.684e+001 1.695e+001 6.028e+003-5.504e+005 7.454e+002 8.088e+004
 5.880e+002 2.930e+000 4.200e+001 2.826e+004 2.338e+005 2.676e+001-2.331e+004-8.104e+004 3.110e+006-1.524e+003 5.711e+004 1.358e+002-8.638e+002 1.417e+001-2.490e+002 6.531e+003-3.495e+005 1.545e+002 9.586e+004
 6.000e+002 2.930e+000 4.500e+001 7.110e+003 1.927e+004-4.599e+002 4.238e+003-7.904e+004 1.908e+006 5.973e+003-8.184e+003-1.002e+002 1.138e+003 7.071e+001-1.133e+003-9.878e+003 1.093e+005 2.398e+002 6.121e+004
 6.130e+002 2.930e+000 3.300e+001 1.886e+004 2.992e+003-1.159e+002-3.822e+003-4.553e+004 6.735e+005 1.312e+002 2.144e+004 4.654e+001-1.827e+002 1.238e+001-9.074e+000 5.918e+003-8.725e+004 2.315e+002 4.382e+004
 6.250e+002 2.930e+000 3.900e+001 6.636e+003-1.274e+004 8.904e+000 1.655e+003-1.054e+005 3.028e+007 5.288e+002-7.819e+005 3.036e+001 2.984e+001 5.311e+000 5.471e+001-7.302e+003 2.517e+006-1.866e+002 3.499e+005
 6.380e+002 2.930e+000 3.900e+001 7.941e+002-8.539e+003 7.138e+000 4.998e+002-2.302e+004 1.106e+007 2.974e+002-2.592e+005-3.567e+000 4.400e+002 1.768e+000-5.646e+000-2.759e+003 1.018e+006 7.889e+001 1.151e+005
 6.500e+002 2.930e+000 3.000e+001 8.162e+004 2.419e+005 5.937e+003 1.970e+004-1.587e+004 1.345e+006-1.868e+004 1.829e+005 5.548e+003 1.687e+004 8.463e+002 5.612e+003-5.764e+004 6.090e+004-2.430e+003 6.076e+004
 6.630e+002 2.930e+000 3.000e+001 4.277e+003-3.042e+003 0.000e+000 1.230e+003-3.391e+004 5.603e+005 0.000e+000-1.115e+004 0.000e+000 0.000e+000 0.000e+000 0.000e+000 8.317e+002-1.821e+004 0.000e+000 4.453e+003
 6.750e+002 2.930e+000 4.200e+001 4.982e+004-3.493e+005 0.000e+000 3.966e+004-3.154e+005 4.706e+006 0.000e+000-1.377e+005 0.000e+000 0.000e+000 0.000e+000 0.000e+000 1.631e+004-3.925e+005 0.000e+000 4.728e+004
 6.880e+002 2.930e+000 4.500e+001 2.588e+004-1.565e+005-1.790e+000 1.925e+004-1.340e+005 1.934e+006 1.748e+001-6.810e+004 5.346e+000-1.611e+001 1.765e+000 1.703e+000 4.587e+003-1.503e+005 4.199e+001 2.745e+004
 7.000e+002 2.930e+000 3.600e+001 2.945e+003 3.820e+003-7.660e+001-2.332e+003-3.790e+003 4.143e+005-2.668e+002 5.559e+004 1.251e+001-1.940e+002 7.062e+000-3.886e+001-3.477e+002-7.275e+003 6.817e+001 2.720e+004
 7.130e+002 2.930e+000 3.000e+001 1.318e+004-1.103e+005 1.793e+001-1.012e+004 6.386e+004 1.546e+006-6.733e+001 2.072e+004 7.137e+001-3.728e+002 8.859e+000-2.061e+002 9.084e+003 7.960e+004 2.060e+002 3.773e+004
 7.250e+002 2.930e+000 5.700e+001 9.763e+003 1.447e+005-4.316e+002-8.293e+004-4.669e+004 1.369e+007-1.364e+005-4.179e+005 2.673e+003-7.903e+004 1.997e+003-5.261e+004 4.431e+004-5.059e+006 3.715e+004 2.125e+006
 7.380e+002 2.930e+000 4.800e+001 6.782e+002 1.247e+004-5.182e+001-4.449e+003-2.472e+003 1.156e+006-8.958e+003-1.092e+005 1.106e+002-3.233e+003 1.095e+002-2.824e+003 2.287e+003-3.765e+005 2.218e+003 1.562e+005
 7.500e+002 2.930e+000 3.900e+001 3.770e+003 9.123e+004-3.606e+002-2.852e+004 6.159e+004 6.792e+006-4.141e+004-4.386e+005-5.929e+002-6.462e+004 1.802e+003-1.373e+004-5.501e+003-2.005e+006 2.147e+004 6.736e+005
 7.630e+002 2.930e+000 3.000e+001 4.841e+003-1.851e+004 0.000e+000 5.217e+003 2.598e+004 3.128e+005 0.000e+000 1.286e+004 0.000e+000 0.000e+000 0.000e+000 0.000e+000-4.055e+003-4.934e+004 0.000e+000 1.688e+004
 7.750e+002 2.930e+000 2.100e+001 2.317e+003-3.557e+003 0.000e+000 2.373e+003 1.096e+004 5.229e+005 0.000e+000-1.044e+004 0.000e+000 0.000e+000 0.000e+000 0.000e+000-1.157e+003-1.134e+003 0.000e+000 8.113e+003
 7.880e+002 2.930e+000 3.300e+001 2.085e+003 3.872e+004 0.000e+000 2.221e+003 3.398e+003 1.723e+006 0.000e+000-4.109e+004 0.000e+000 0.000e+000 0.000e+000 0.000e+000 1.697e+003 8.818e+004 0.000e+000 1.278e+004
 8.000e+002 2.930e+000 3.000e+001 1.999e+003 8.869e+003-2.490e+001-1.647e+002-3.807e+003 6.604e+005 1.249e+002-2.130e+004 1.951e+001-9.782e+000 8.797e+000-9.455e-001 1.609e+003 2.226e+004 1.478e+002 1.366e+004
 8.130e+002 2.930e+000 3.300e+001 5.338e+003-2.070e+004 3.452e+002 3.103e+003-8.558e+002 3.023e+005 5.260e+002 1.094e+004 2.692e+002-1.745e+003 5.260e+001 4.614e+001 1.592e+003-1.694e+004 3.364e+002 7.353e+003
 8.250e+002 2.930e+000 2.400e+001 6.406e+002 7.539e+003 1.234e+001 3.561e+003 1.487e+004 1.086e+006 4.602e+002 2.061e+005 1.063e+001 4.658e+002 3.497e+000 7.887e+001-2.539e+002 6.733e+004 2.106e+002 5.847e+004
 8.380e+002 2.930e+000 4.200e+001 1.166e+003 9.386e+003 4.380e+001 1.080e+003-4.163e+003 7.976e+006-1.535e+002 1.396e+004 4.031e+001-4.208e+002 8.681e+000-7.720e+001 1.715e+003-3.126e+005 2.819e+002 4.652e+004
 8.500e+002 2.930e+000 4.200e+001 2.444e+005-6.909e+005 3.472e+002 7.378e+004-1.018e+006 7.381e+006 4.756e+004 2.728e+005 1.756e+004-7.372e+004 1.304e+003 4.979e+003 2.000e+005-1.112e+006 1.461e+004 2.023e+005
 8.630e+002 2.930e+000 2.700e+001 9.537e+002-1.257e+003-8.749e+000-6.861e+001 8.672e+002 1.153e+005-1.723e+002 3.005e+003 8.766e+000 2.985e+001 1.734e+000-2.227e+001 1.466e+002-3.574e+003 9.483e-001 3.511e+003
 8.750e+002 2.930e+000 3.300e+001 7.100e+002-4.626e+003 0.000e+000-4.526e+002-7.895e+003 4.541e+005 0.000e+000 8.670e+003 0.000e+000 0.000e+000 0.000e+000 0.000e+000-6.275e+002 3.894e+004 0.000e+000 8.246e+003
 8.880e+002 2.930e+000 3.000e+001 1.051e+003-1.332e+004 0.000e+000-1.907e+003-2.729e+004 1.184e+006 0.000e+000 1.952e+004 0.000e+000 0.000e+000 0.000e+000 0.000e+000-2.161e+003 9.160e+004 0.000e+000 1.569e+004
 9.000e+002 2.930e+000 5.400e+001 2.665e+003 8.905e+003-2.260e+001 1.274e+002-1.063e+004 5.839e+005 2.492e+002 2.027e+004 6.451e+001-3.807e+002 8.629e+000-6.296e+001 7.117e+002 1.434e+004 5.351e+001 1.015e+004
 9.130e+002 2.930e+000 3.900e+001 2.671e+004 1.090e+005-1.422e+003-1.725e+004-9.049e+004 9.648e+005-1.198e+004 1.388e+004 3.977e+003-1.956e+004 7.132e+002-1.999e+003 1.201e+004-1.500e+005 2.683e+003 3.166e+004
 9.250e+002 2.930e+000 2.700e+001 3.367e+002 1.989e+003-5.228e+000-3.060e+002-1.790e+003 2.597e+005-5.110e+002-3.536e+003 1.746e+001-9.495e+001 6.915e+000-3.315e+001 2.742e+002-2.555e+004 5.884e+001 1.122e+004
 9.380e+002 2.930e+000 4.500e+001 2.469e+003 1.387e+005-1.375e+002 1.249e+003-7.717e+004 1.156e+007-1.133e+005-1.711e+005 1.898e+003-7.555e+004 1.703e+003 1.642e+003 1.885e+003 5.788e+004 1.264e+003 9.489e+003
 9.500e+002 2.930e+000 5.700e+001 2.234e+004 2.516e+005 1.712e+003-4.759e+004-3.328e+005 9.200e+006-5.214e+004-5.087e+004 1.751e+003-1.130e+004 3.793e+002-9.294e+003 7.242e+004-1.623e+006 1.764e+003 3.569e+005
 9.630e+002 2.930e+000 4.200e+001 3.056e+003 8.278e+004-7.020e+001-1.462e+003-2.466e+004 9.341e+006-5.756e+004-7.035e+004 5.201e+002-3.087e+004 4.838e+002 3.411e+002-4.575e+002-1.108e+004 4.772e+002 8.476e+003
 9.750e+002 2.930e+000 3.000e+001 1.029e+003 8.080e+003 0.000e+000-4.829e+002-3.017e+003 3.101e+005 0.000e+000 3.381e+003 0.000e+000 0.000e+000 0.000e+000 0.000e+000-1.949e+002-1.351e+004 0.000e+000 6.141e+003
 9.880e+002 2.930e+000 2.400e+001 2.237e+003-1.424e+004 0.000e+000 2.103e+001 1.308e+004 3.306e+005 0.000e+000 4.419e+003 0.000e+000 0.000e+000 0.000e+000 0.000e+000-1.341e+002-9.264e+003 0.000e+000 3.933e+003
 1.000e+003 2.930e+000 8.700e+001 3.969e+003-5.115e+004 4.478e+002 1.374e+004-5.603e+004 2.225e+006 6.943e+002-2.231e+004 5.342e+002-1.446e+004 1.878e+002 6.972e+002 1.062e+004-3.730e+005 3.989e+003 1.238e+005
 1.130e+003 2.930e+000 2.700e+002 1.343e+005 3.141e+005 6.129e+003-2.848e+004-5.834e+005 1.298e+007-1.595e+005-7.402e+005 1.513e+004-6.335e+003 3.830e+003 2.649e+003 1.768e+005 5.041e+005 3.284e+004 5.526e+005
 1.250e+003 2.930e+000 2.340e+002 5.779e+004-1.251e+005-4.742e+003 2.149e+004 4.344e+005 5.858e+006-4.032e+004-4.942e+004 3.016e+003 3.259e+004 7.991e+002-7.101e+003-7.481e+004-9.946e+005-4.928e+003 2.291e+005
 1.380e+003 2.930e+000 2.460e+002 2.670e+005 5.372e+005 7.123e+002-2.036e+005-7.224e+005 6.688e+006-9.899e+004-1.555e+005 2.621e+004-6.634e+004 3.941e+003-2.761e+004 1.906e+005-1.573e+006 2.514e+004 5.004e+005
 1.500e+003 2.930e+000 0.000e+000 0.000e+000 0.000e+000 0.000e+000 0.000e+000 0.000e+000 0.000e+000 0.000e+000 0.000e+000 0.000e+000 0.000e+000 0.000e+000 0.000e+000 0.000e+000 0.000e+000 0.000e+000 0.000e+000
 1.630e+003 2.930e+000 0.000e+000 0.000e+000 0.000e+000 0.000e+000 0.000e+000 0.000e+000 0.000e+000 0.000e+000 0.000e+000 0.000e+000 0.000e+000 0.000e+000 0.000e+000 0.000e+000 0.000e+000 0.000e+000 0.000e+000
 1.750e+003 2.930e+000 0.000e+000 0.000e+000 0.000e+000 0.000e+000 0.000e+000 0.000e+000 0.000e+000 0.000e+000 0.000e+000 0.000e+000 0.000e+000 0.000e+000 0.000e+000 0.000e+000 0.000e+000 0.000e+000 0.000e+000
 1.880e+003 2.930e+000 0.000e+000 0.000e+000 0.000e+000 0.000e+000 0.000e+000 0.000e+000 0.000e+000 0.000e+000 0.000e+000 0.000e+000 0.000e+000 0.000e+000 0.000e+000 0.000e+000 0.000e+000 0.000e+000 0.000e+000
 2.000e+003 2.930e+000 0.000e+000 0.000e+000 0.000e+000 0.000e+000 0.000e+000 0.000e+000 0.000e+000 0.000e+000 0.000e+000 0.000e+000 0.000e+000 0.000e+000 0.000e+000 0.000e+000 0.000e+000 0.000e+000 0.000e+000
 2.130e+003 2.930e+000 0.000e+000 0.000e+000 0.000e+000 0.000e+000 0.000e+000 0.000e+000 0.000e+000 0.000e+000 0.000e+000 0.000e+000 0.000e+000 0.000e+000 0.000e+000 0.000e+000 0.000e+000 0.000e+000 0.000e+000
 2.250e+003 2.930e+000 0.000e+000 0.000e+000 0.000e+000 0.000e+000 0.000e+000 0.000e+000 0.000e+000 0.000e+000 0.000e+000 0.000e+000 0.000e+000 0.000e+000 0.000e+000 0.000e+000 0.000e+000 0.000e+000 0.000e+000
 2.380e+003 2.930e+000 0.000e+000 0.000e+000 0.000e+000 0.000e+000 0.000e+000 0.000e+000 0.000e+000 0.000e+000 0.000e+000 0.000e+000 0.000e+000 0.000e+000 0.000e+000 0.000e+000 0.000e+000 0.000e+000 0.000e+000
 2.500e+003 2.930e+000 0.000e+000 0.000e+000 0.000e+000 0.000e+000 0.000e+000 0.000e+000 0.000e+000 0.000e+000 0.000e+000 0.000e+000 0.000e+000 0.000e+000 0.000e+000 0.000e+000 0.000e+000 0.000e+000 0.000e+000
 2.630e+003 2.930e+000 0.000e+000 0.000e+000 0.000e+000 0.000e+000 0.000e+000 0.000e+000 0.000e+000 0.000e+000 0.000e+000 0.000e+000 0.000e+000 0.000e+000 0.000e+000 0.000e+000 0.000e+000 0.000e+000 0.000e+000
 2.750e+003 2.930e+000 0.000e+000 0.000e+000 0.000e+000 0.000e+000 0.000e+000 0.000e+000 0.000e+000 0.000e+000 0.000e+000 0.000e+000 0.000e+000 0.000e+000 0.000e+000 0.000e+000 0.000e+000 0.000e+000 0.000e+000
 2.880e+003 2.930e+000 0.000e+000 0.000e+000 0.000e+000 0.000e+000 0.000e+000 0.000e+000 0.000e+000 0.000e+000 0.000e+000 0.000e+000 0.000e+000 0.000e+000 0.000e+000 0.000e+000 0.000e+000 0.000e+000 0.000e+000
 3.000e+003 2.930e+000 0.000e+000 0.000e+000 0.000e+000 0.000e+000 0.000e+000 0.000e+000 0.000e+000 0.000e+000 0.000e+000 0.000e+000 0.000e+000 0.000e+000 0.000e+000 0.000e+000 0.000e+000 0.000e+000 0.000e+000
 3.130e+003 2.930e+000 0.000e+000 0.000e+000 0.000e+000 0.000e+000 0.000e+000 0.000e+000 0.000e+000 0.000e+000 0.000e+000 0.000e+000 0.000e+000 0.000e+000 0.000e+000 0.000e+000 0.000e+000 0.000e+000 0.000e+000
 3.250e+003 2.930e+000 0.000e+000 0.000e+000 0.000e+000 0.000e+000 0.000e+000 0.000e+000 0.000e+000 0.000e+000 0.000e+000 0.000e+000 0.000e+000 0.000e+000 0.000e+000 0.000e+000 0.000e+000 0.000e+000 0.000e+000
 3.380e+003 2.930e+000 0.000e+000 0.000e+000 0.000e+000 0.000e+000 0.000e+000 0.000e+000 0.000e+000 0.000e+000 0.000e+000 0.000e+000 0.000e+000 0.000e+000 0.000e+000 0.000e+000 0.000e+000 0.000e+000 0.000e+000
 3.500e+003 2.930e+000 0.000e+000 0.000e+000 0.000e+000 0.000e+000 0.000e+000 0.000e+000 0.000e+000 0.000e+000 0.000e+000 0.000e+000 0.000e+000 0.000e+000 0.000e+000 0.000e+000 0.000e+000 0.000e+000 0.000e+000
 3.630e+003 2.930e+000 0.000e+000 0.000e+000 0.000e+000 0.000e+000 0.000e+000 0.000e+000 0.000e+000 0.000e+000 0.000e+000 0.000e+000 0.000e+000 0.000e+000 0.000e+000 0.000e+000 0.000e+000 0.000e+000 0.000e+000
 3.750e+003 2.930e+000 0.000e+000 0.000e+000 0.000e+000 0.000e+000 0.000e+000 0.000e+000 0.000e+000 0.000e+000 0.000e+000 0.000e+000 0.000e+000 0.000e+000 0.000e+000 0.000e+000 0.000e+000 0.000e+000 0.000e+000
 3.880e+003 2.930e+000 0.000e+000 0.000e+000 0.000e+000 0.000e+000 0.000e+000 0.000e+000 0.000e+000 0.000e+000 0.000e+000 0.000e+000 0.000e+000 0.000e+000 0.000e+000 0.000e+000 0.000e+000 0.000e+000 0.000e+000
 4.000e+003 2.930e+000 0.000e+000 0.000e+000 0.000e+000 0.000e+000 0.000e+000 0.000e+000 0.000e+000 0.000e+000 0.000e+000 0.000e+000 0.000e+000 0.000e+000 0.000e+000 0.000e+000 0.000e+000 0.000e+000 0.000e+000
 4.130e+003 2.930e+000 0.000e+000 0.000e+000 0.000e+000 0.000e+000 0.000e+000 0.000e+000 0.000e+000 0.000e+000 0.000e+000 0.000e+000 0.000e+000 0.000e+000 0.000e+000 0.000e+000 0.000e+000 0.000e+000 0.000e+000
 4.250e+003 2.930e+000 0.000e+000 0.000e+000 0.000e+000 0.000e+000 0.000e+000 0.000e+000 0.000e+000 0.000e+000 0.000e+000 0.000e+000 0.000e+000 0.000e+000 0.000e+000 0.000e+000 0.000e+000 0.000e+000 0.000e+000
 4.380e+003 2.930e+000 0.000e+000 0.000e+000 0.000e+000 0.000e+000 0.000e+000 0.000e+000 0.000e+000 0.000e+000 0.000e+000 0.000e+000 0.000e+000 0.000e+000 0.000e+000 0.000e+000 0.000e+000 0.000e+000 0.000e+000
 4.500e+003 2.930e+000 0.000e+000 0.000e+000 0.000e+000 0.000e+000 0.000e+000 0.000e+000 0.000e+000 0.000e+000 0.000e+000 0.000e+000 0.000e+000 0.000e+000 0.000e+000 0.000e+000 0.000e+000 0.000e+000 0.000e+000
 4.630e+003 2.930e+000 0.000e+000 0.000e+000 0.000e+000 0.000e+000 0.000e+000 0.000e+000 0.000e+000 0.000e+000 0.000e+000 0.000e+000 0.000e+000 0.000e+000 0.000e+000 0.000e+000 0.000e+000 0.000e+000 0.000e+000
 4.750e+003 2.930e+000 0.000e+000 0.000e+000 0.000e+000 0.000e+000 0.000e+000 0.000e+000 0.000e+000 0.000e+000 0.000e+000 0.000e+000 0.000e+000 0.000e+000 0.000e+000 0.000e+000 0.000e+000 0.000e+000 0.000e+000
 4.880e+003 2.930e+000 0.000e+000 0.000e+000 0.000e+000 0.000e+000 0.000e+000 0.000e+000 0.000e+000 0.000e+000 0.000e+000 0.000e+000 0.000e+000 0.000e+000 0.000e+000 0.000e+000 0.000e+000 0.000e+000 0.000e+000
 5.000e+003 2.930e+000 0.000e+000 0.000e+000 0.000e+000 0.000e+000 0.000e+000 0.000e+000 0.000e+000 0.000e+000 0.000e+000 0.000e+000 0.000e+000 0.000e+000 0.000e+000 0.000e+000 0.000e+000 0.000e+000 0.000e+000
 5.130e+003 2.930e+000 0.000e+000 0.000e+000 0.000e+000 0.000e+000 0.000e+000 0.000e+000 0.000e+000 0.000e+000 0.000e+000 0.000e+000 0.000e+000 0.000e+000 0.000e+000 0.000e+000 0.000e+000 0.000e+000 0.000e+000
 5.250e+003 2.930e+000 0.000e+000 0.000e+000 0.000e+000 0.000e+000 0.000e+000 0.000e+000 0.000e+000 0.000e+000 0.000e+000 0.000e+000 0.000e+000 0.000e+000 0.000e+000 0.000e+000 0.000e+000 0.000e+000 0.000e+000
 5.380e+003 2.930e+000 0.000e+000 0.000e+000 0.000e+000 0.000e+000 0.000e+000 0.000e+000 0.000e+000 0.000e+000 0.000e+000 0.000e+000 0.000e+000 0.000e+000 0.000e+000 0.000e+000 0.000e+000 0.000e+000 0.000e+000
 5.500e+003 2.930e+000 0.000e+000 0.000e+000 0.000e+000 0.000e+000 0.000e+000 0.000e+000 0.000e+000 0.000e+000 0.000e+000 0.000e+000 0.000e+000 0.000e+000 0.000e+000 0.000e+000 0.000e+000 0.000e+000 0.000e+000
 5.630e+003 2.930e+000 0.000e+000 0.000e+000 0.000e+000 0.000e+000 0.000e+000 0.000e+000 0.000e+000 0.000e+000 0.000e+000 0.000e+000 0.000e+000 0.000e+000 0.000e+000 0.000e+000 0.000e+000 0.000e+000 0.000e+000
 5.750e+003 2.930e+000 0.000e+000 0.000e+000 0.000e+000 0.000e+000 0.000e+000 0.000e+000 0.000e+000 0.000e+000 0.000e+000 0.000e+000 0.000e+000 0.000e+000 0.000e+000 0.000e+000 0.000e+000 0.000e+000 0.000e+000
 5.880e+003 2.930e+000 0.000e+000 0.000e+000 0.000e+000 0.000e+000 0.000e+000 0.000e+000 0.000e+000 0.000e+000 0.000e+000 0.000e+000 0.000e+000 0.000e+000 0.000e+000 0.000e+000 0.000e+000 0.000e+000 0.000e+000
 6.000e+003 2.930e+000 0.000e+000 0.000e+000 0.000e+000 0.000e+000 0.000e+000 0.000e+000 0.000e+000 0.000e+000 0.000e+000 0.000e+000 0.000e+000 0.000e+000 0.000e+000 0.000e+000 0.000e+000 0.000e+000 0.000e+000
 6.130e+003 2.930e+000 0.000e+000 0.000e+000 0.000e+000 0.000e+000 0.000e+000 0.000e+000 0.000e+000 0.000e+000 0.000e+000 0.000e+000 0.000e+000 0.000e+000 0.000e+000 0.000e+000 0.000e+000 0.000e+000 0.000e+000
 6.250e+003 2.930e+000 0.000e+000 0.000e+000 0.000e+000 0.000e+000 0.000e+000 0.000e+000 0.000e+000 0.000e+000 0.000e+000 0.000e+000 0.000e+000 0.000e+000 0.000e+000 0.000e+000 0.000e+000 0.000e+000 0.000e+000
 6.380e+003 2.930e+000 0.000e+000 0.000e+000 0.000e+000 0.000e+000 0.000e+000 0.000e+000 0.000e+000 0.000e+000 0.000e+000 0.000e+000 0.000e+000 0.000e+000 0.000e+000 0.000e+000 0.000e+000 0.000e+000 0.000e+000
 6.500e+003 2.930e+000 0.000e+000 0.000e+000 0.000e+000 0.000e+000 0.000e+000 0.000e+000 0.000e+000 0.000e+000 0.000e+000 0.000e+000 0.000e+000 0.000e+000 0.000e+000 0.000e+000 0.000e+000 0.000e+000 0.000e+000
 6.630e+003 2.930e+000 0.000e+000 0.000e+000 0.000e+000 0.000e+000 0.000e+000 0.000e+000 0.000e+000 0.000e+000 0.000e+000 0.000e+000 0.000e+000 0.000e+000 0.000e+000 0.000e+000 0.000e+000 0.000e+000 0.000e+000
 6.750e+003 2.930e+000 0.000e+000 0.000e+000 0.000e+000 0.000e+000 0.000e+000 0.000e+000 0.000e+000 0.000e+000 0.000e+000 0.000e+000 0.000e+000 0.000e+000 0.000e+000 0.000e+000 0.000e+000 0.000e+000 0.000e+000
 6.880e+003 2.930e+000 0.000e+000 0.000e+000 0.000e+000 0.000e+000 0.000e+000 0.000e+000 0.000e+000 0.000e+000 0.000e+000 0.000e+000 0.000e+000 0.000e+000 0.000e+000 0.000e+000 0.000e+000 0.000e+000 0.000e+000
 7.000e+003 2.930e+000 0.000e+000 0.000e+000 0.000e+000 0.000e+000 0.000e+000 0.000e+000 0.000e+000 0.000e+000 0.000e+000 0.000e+000 0.000e+000 0.000e+000 0.000e+000 0.000e+000 0.000e+000 0.000e+000 0.000e+000
 7.130e+003 2.930e+000 0.000e+000 0.000e+000 0.000e+000 0.000e+000 0.000e+000 0.000e+000 0.000e+000 0.000e+000 0.000e+000 0.000e+000 0.000e+000 0.000e+000 0.000e+000 0.000e+000 0.000e+000 0.000e+000 0.000e+000
 7.250e+003 2.930e+000 0.000e+000 0.000e+000 0.000e+000 0.000e+000 0.000e+000 0.000e+000 0.000e+000 0.000e+000 0.000e+000 0.000e+000 0.000e+000 0.000e+000 0.000e+000 0.000e+000 0.000e+000 0.000e+000 0.000e+000
 7.380e+003 2.930e+000 0.000e+000 0.000e+000 0.000e+000 0.000e+000 0.000e+000 0.000e+000 0.000e+000 0.000e+000 0.000e+000 0.000e+000 0.000e+000 0.000e+000 0.000e+000 0.000e+000 0.000e+000 0.000e+000 0.000e+000
 7.500e+003 2.930e+000 0.000e+000 0.000e+000 0.000e+000 0.000e+000 0.000e+000 0.000e+000 0.000e+000 0.000e+000 0.000e+000 0.000e+000 0.000e+000 0.000e+000 0.000e+000 0.000e+000 0.000e+000 0.000e+000 0.000e+000
 7.630e+003 2.930e+000 0.000e+000 0.000e+000 0.000e+000 0.000e+000 0.000e+000 0.000e+000 0.000e+000 0.000e+000 0.000e+000 0.000e+000 0.000e+000 0.000e+000 0.000e+000 0.000e+000 0.000e+000 0.000e+000 0.000e+000
 7.750e+003 2.930e+000 0.000e+000 0.000e+000 0.000e+000 0.000e+000 0.000e+000 0.000e+000 0.000e+000 0.000e+000 0.000e+000 0.000e+000 0.000e+000 0.000e+000 0.000e+000 0.000e+000 0.000e+000 0.000e+000 0.000e+000
 7.880e+003 2.930e+000 0.000e+000 0.000e+000 0.000e+000 0.000e+000 0.000e+000 0.000e+000 0.000e+000 0.000e+000 0.000e+000 0.000e+000 0.000e+000 0.000e+000 0.000e+000 0.000e+000 0.000e+000 0.000e+000 0.000e+000
 8.000e+003 2.930e+000 0.000e+000 0.000e+000 0.000e+000 0.000e+000 0.000e+000 0.000e+000 0.000e+000 0.000e+000 0.000e+000 0.000e+000 0.000e+000 0.000e+000 0.000e+000 0.000e+000 0.000e+000 0.000e+000 0.000e+000
 8.130e+003 2.930e+000 0.000e+000 0.000e+000 0.000e+000 0.000e+000 0.000e+000 0.000e+000 0.000e+000 0.000e+000 0.000e+000 0.000e+000 0.000e+000 0.000e+000 0.000e+000 0.000e+000 0.000e+000 0.000e+000 0.000e+000
 8.250e+003 2.930e+000 0.000e+000 0.000e+000 0.000e+000 0.000e+000 0.000e+000 0.000e+000 0.000e+000 0.000e+000 0.000e+000 0.000e+000 0.000e+000 0.000e+000 0.000e+000 0.000e+000 0.000e+000 0.000e+000 0.000e+000
 8.380e+003 2.930e+000 0.000e+000 0.000e+000 0.000e+000 0.000e+000 0.000e+000 0.000e+000 0.000e+000 0.000e+000 0.000e+000 0.000e+000 0.000e+000 0.000e+000 0.000e+000 0.000e+000 0.000e+000 0.000e+000 0.000e+000
 8.500e+003 2.930e+000 0.000e+000 0.000e+000 0.000e+000 0.000e+000 0.000e+000 0.000e+000 0.000e+000 0.000e+000 0.000e+000 0.000e+000 0.000e+000 0.000e+000 0.000e+000 0.000e+000 0.000e+000 0.000e+000 0.000e+000
 8.630e+003 2.930e+000 0.000e+000 0.000e+000 0.000e+000 0.000e+000 0.000e+000 0.000e+000 0.000e+000 0.000e+000 0.000e+000 0.000e+000 0.000e+000 0.000e+000 0.000e+000 0.000e+000 0.000e+000 0.000e+000 0.000e+000
 8.750e+003 2.930e+000 0.000e+000 0.000e+000 0.000e+000 0.000e+000 0.000e+000 0.000e+000 0.000e+000 0.000e+000 0.000e+000 0.000e+000 0.000e+000 0.000e+000 0.000e+000 0.000e+000 0.000e+000 0.000e+000 0.000e+000
 8.880e+003 2.930e+000 0.000e+000 0.000e+000 0.000e+000 0.000e+000 0.000e+000 0.000e+000 0.000e+000 0.000e+000 0.000e+000 0.000e+000 0.000e+000 0.000e+000 0.000e+000 0.000e+000 0.000e+000 0.000e+000 0.000e+000
 9.000e+003 2.930e+000 0.000e+000 0.000e+000 0.000e+000 0.000e+000 0.000e+000 0.000e+000 0.000e+000 0.000e+000 0.000e+000 0.000e+000 0.000e+000 0.000e+000 0.000e+000 0.000e+000 0.000e+000 0.000e+000 0.000e+000
 9.130e+003 2.930e+000 0.000e+000 0.000e+000 0.000e+000 0.000e+000 0.000e+000 0.000e+000 0.000e+000 0.000e+000 0.000e+000 0.000e+000 0.000e+000 0.000e+000 0.000e+000 0.000e+000 0.000e+000 0.000e+000 0.000e+000
 9.250e+003 2.930e+000 0.000e+000 0.000e+000 0.000e+000 0.000e+000 0.000e+000 0.000e+000 0.000e+000 0.000e+000 0.000e+000 0.000e+000 0.000e+000 0.000e+000 0.000e+000 0.000e+000 0.000e+000 0.000e+000 0.000e+000
 9.380e+003 2.930e+000 0.000e+000 0.000e+000 0.000e+000 0.000e+000 0.000e+000 0.000e+000 0.000e+000 0.000e+000 0.000e+000 0.000e+000 0.000e+000 0.000e+000 0.000e+000 0.000e+000 0.000e+000 0.000e+000 0.000e+000
 9.500e+003 2.930e+000 0.000e+000 0.000e+000 0.000e+000 0.000e+000 0.000e+000 0.000e+000 0.000e+000 0.000e+000 0.000e+000 0.000e+000 0.000e+000 0.000e+000 0.000e+000 0.000e+000 0.000e+000 0.000e+000 0.000e+000
 9.630e+003 2.930e+000 0.000e+000 0.000e+000 0.000e+000 0.000e+000 0.000e+000 0.000e+000 0.000e+000 0.000e+000 0.000e+000 0.000e+000 0.000e+000 0.000e+000 0.000e+000 0.000e+000 0.000e+000 0.000e+000 0.000e+000
 9.750e+003 2.930e+000 0.000e+000 0.000e+000 0.000e+000 0.000e+000 0.000e+000 0.000e+000 0.000e+000 0.000e+000 0.000e+000 0.000e+000 0.000e+000 0.000e+000 0.000e+000 0.000e+000 0.000e+000 0.000e+000 0.000e+000
 9.880e+003 2.930e+000 0.000e+000 0.000e+000 0.000e+000 0.000e+000 0.000e+000 0.000e+000 0.000e+000 0.000e+000 0.000e+000 0.000e+000 0.000e+000 0.000e+000 0.000e+000 0.000e+000 0.000e+000 0.000e+000 0.000e+000
 1.000e+004 2.930e+000 0.000e+000 0.000e+000 0.000e+000 0.000e+000 0.000e+000 0.000e+000 0.000e+000 0.000e+000 0.000e+000 0.000e+000 0.000e+000 0.000e+000 0.000e+000 0.000e+000 0.000e+000 0.000e+000 0.000e+000
 1.130e+004 2.930e+000 0.000e+000 0.000e+000 0.000e+000 0.000e+000 0.000e+000 0.000e+000 0.000e+000 0.000e+000 0.000e+000 0.000e+000 0.000e+000 0.000e+000 0.000e+000 0.000e+000 0.000e+000 0.000e+000 0.000e+000
 1.250e+004 2.930e+000 0.000e+000 0.000e+000 0.000e+000 0.000e+000 0.000e+000 0.000e+000 0.000e+000 0.000e+000 0.000e+000 0.000e+000 0.000e+000 0.000e+000 0.000e+000 0.000e+000 0.000e+000 0.000e+000 0.000e+000
 1.380e+004 2.930e+000 0.000e+000 0.000e+000 0.000e+000 0.000e+000 0.000e+000 0.000e+000 0.000e+000 0.000e+000 0.000e+000 0.000e+000 0.000e+000 0.000e+000 0.000e+000 0.000e+000 0.000e+000 0.000e+000 0.000e+000
 1.500e+004 2.930e+000 0.000e+000 0.000e+000 0.000e+000 0.000e+000 0.000e+000 0.000e+000 0.000e+000 0.000e+000 0.000e+000 0.000e+000 0.000e+000 0.000e+000 0.000e+000 0.000e+000 0.000e+000 0.000e+000 0.000e+000
 1.630e+004 2.930e+000 0.000e+000 0.000e+000 0.000e+000 0.000e+000 0.000e+000 0.000e+000 0.000e+000 0.000e+000 0.000e+000 0.000e+000 0.000e+000 0.000e+000 0.000e+000 0.000e+000 0.000e+000 0.000e+000 0.000e+000
 1.750e+004 2.930e+000 0.000e+000 0.000e+000 0.000e+000 0.000e+000 0.000e+000 0.000e+000 0.000e+000 0.000e+000 0.000e+000 0.000e+000 0.000e+000 0.000e+000 0.000e+000 0.000e+000 0.000e+000 0.000e+000 0.000e+000
 1.880e+004 2.930e+000 0.000e+000 0.000e+000 0.000e+000 0.000e+000 0.000e+000 0.000e+000 0.000e+000 0.000e+000 0.000e+000 0.000e+000 0.000e+000 0.000e+000 0.000e+000 0.000e+000 0.000e+000 0.000e+000 0.000e+000
 2.000e+004 2.930e+000 0.000e+000 0.000e+000 0.000e+000 0.000e+000 0.000e+000 0.000e+000 0.000e+000 0.000e+000 0.000e+000 0.000e+000 0.000e+000 0.000e+000 0.000e+000 0.000e+000 0.000e+000 0.000e+000 0.000e+000
 2.130e+004 2.930e+000 0.000e+000 0.000e+000 0.000e+000 0.000e+000 0.000e+000 0.000e+000 0.000e+000 0.000e+000 0.000e+000 0.000e+000 0.000e+000 0.000e+000 0.000e+000 0.000e+000 0.000e+000 0.000e+000 0.000e+000
 2.250e+004 2.930e+000 0.000e+000 0.000e+000 0.000e+000 0.000e+000 0.000e+000 0.000e+000 0.000e+000 0.000e+000 0.000e+000 0.000e+000 0.000e+000 0.000e+000 0.000e+000 0.000e+000 0.000e+000 0.000e+000 0.000e+000
 2.380e+004 2.930e+000 0.000e+000 0.000e+000 0.000e+000 0.000e+000 0.000e+000 0.000e+000 0.000e+000 0.000e+000 0.000e+000 0.000e+000 0.000e+000 0.000e+000 0.000e+000 0.000e+000 0.000e+000 0.000e+000 0.000e+000
 2.500e+004 2.930e+000 0.000e+000 0.000e+000 0.000e+000 0.000e+000 0.000e+000 0.000e+000 0.000e+000 0.000e+000 0.000e+000 0.000e+000 0.000e+000 0.000e+000 0.000e+000 0.000e+000 0.000e+000 0.000e+000 0.000e+000
 2.630e+004 2.930e+000 0.000e+000 0.000e+000 0.000e+000 0.000e+000 0.000e+000 0.000e+000 0.000e+000 0.000e+000 0.000e+000 0.000e+000 0.000e+000 0.000e+000 0.000e+000 0.000e+000 0.000e+000 0.000e+000 0.000e+000
 2.750e+004 2.930e+000 0.000e+000 0.000e+000 0.000e+000 0.000e+000 0.000e+000 0.000e+000 0.000e+000 0.000e+000 0.000e+000 0.000e+000 0.000e+000 0.000e+000 0.000e+000 0.000e+000 0.000e+000 0.000e+000 0.000e+000
 2.880e+004 2.930e+000 0.000e+000 0.000e+000 0.000e+000 0.000e+000 0.000e+000 0.000e+000 0.000e+000 0.000e+000 0.000e+000 0.000e+000 0.000e+000 0.000e+000 0.000e+000 0.000e+000 0.000e+000 0.000e+000 0.000e+000
 3.000e+004 2.930e+000 0.000e+000 0.000e+000 0.000e+000 0.000e+000 0.000e+000 0.000e+000 0.000e+000 0.000e+000 0.000e+000 0.000e+000 0.000e+000 0.000e+000 0.000e+000 0.000e+000 0.000e+000 0.000e+000 0.000e+000
 3.130e+004 2.930e+000 0.000e+000 0.000e+000 0.000e+000 0.000e+000 0.000e+000 0.000e+000 0.000e+000 0.000e+000 0.000e+000 0.000e+000 0.000e+000 0.000e+000 0.000e+000 0.000e+000 0.000e+000 0.000e+000 0.000e+000
 3.250e+004 2.930e+000 0.000e+000 0.000e+000 0.000e+000 0.000e+000 0.000e+000 0.000e+000 0.000e+000 0.000e+000 0.000e+000 0.000e+000 0.000e+000 0.000e+000 0.000e+000 0.000e+000 0.000e+000 0.000e+000 0.000e+000
 3.380e+004 2.930e+000 0.000e+000 0.000e+000 0.000e+000 0.000e+000 0.000e+000 0.000e+000 0.000e+000 0.000e+000 0.000e+000 0.000e+000 0.000e+000 0.000e+000 0.000e+000 0.000e+000 0.000e+000 0.000e+000 0.000e+000
 3.500e+004 2.930e+000 0.000e+000 0.000e+000 0.000e+000 0.000e+000 0.000e+000 0.000e+000 0.000e+000 0.000e+000 0.000e+000 0.000e+000 0.000e+000 0.000e+000 0.000e+000 0.000e+000 0.000e+000 0.000e+000 0.000e+000
 3.630e+004 2.930e+000 0.000e+000 0.000e+000 0.000e+000 0.000e+000 0.000e+000 0.000e+000 0.000e+000 0.000e+000 0.000e+000 0.000e+000 0.000e+000 0.000e+000 0.000e+000 0.000e+000 0.000e+000 0.000e+000 0.000e+000
 3.750e+004 2.930e+000 0.000e+000 0.000e+000 0.000e+000 0.000e+000 0.000e+000 0.000e+000 0.000e+000 0.000e+000 0.000e+000 0.000e+000 0.000e+000 0.000e+000 0.000e+000 0.000e+000 0.000e+000 0.000e+000 0.000e+000
 3.880e+004 2.930e+000 0.000e+000 0.000e+000 0.000e+000 0.000e+000 0.000e+000 0.000e+000 0.000e+000 0.000e+000 0.000e+000 0.000e+000 0.000e+000 0.000e+000 0.000e+000 0.000e+000 0.000e+000 0.000e+000 0.000e+000
 4.000e+004 2.930e+000 0.000e+000 0.000e+000 0.000e+000 0.000e+000 0.000e+000 0.000e+000 0.000e+000 0.000e+000 0.000e+000 0.000e+000 0.000e+000 0.000e+000 0.000e+000 0.000e+000 0.000e+000 0.000e+000 0.000e+000
 4.130e+004 2.930e+000 0.000e+000 0.000e+000 0.000e+000 0.000e+000 0.000e+000 0.000e+000 0.000e+000 0.000e+000 0.000e+000 0.000e+000 0.000e+000 0.000e+000 0.000e+000 0.000e+000 0.000e+000 0.000e+000 0.000e+000
 4.250e+004 2.930e+000 0.000e+000 0.000e+000 0.000e+000 0.000e+000 0.000e+000 0.000e+000 0.000e+000 0.000e+000 0.000e+000 0.000e+000 0.000e+000 0.000e+000 0.000e+000 0.000e+000 0.000e+000 0.000e+000 0.000e+000
 4.380e+004 2.930e+000 0.000e+000 0.000e+000 0.000e+000 0.000e+000 0.000e+000 0.000e+000 0.000e+000 0.000e+000 0.000e+000 0.000e+000 0.000e+000 0.000e+000 0.000e+000 0.000e+000 0.000e+000 0.000e+000 0.000e+000
 4.500e+004 2.930e+000 0.000e+000 0.000e+000 0.000e+000 0.000e+000 0.000e+000 0.000e+000 0.000e+000 0.000e+000 0.000e+000 0.000e+000 0.000e+000 0.000e+000 0.000e+000 0.000e+000 0.000e+000 0.000e+000 0.000e+000
 4.630e+004 2.930e+000 0.000e+000 0.000e+000 0.000e+000 0.000e+000 0.000e+000 0.000e+000 0.000e+000 0.000e+000 0.000e+000 0.000e+000 0.000e+000 0.000e+000 0.000e+000 0.000e+000 0.000e+000 0.000e+000 0.000e+000
 4.750e+004 2.930e+000 0.000e+000 0.000e+000 0.000e+000 0.000e+000 0.000e+000 0.000e+000 0.000e+000 0.000e+000 0.000e+000 0.000e+000 0.000e+000 0.000e+000 0.000e+000 0.000e+000 0.000e+000 0.000e+000 0.000e+000
 4.880e+004 2.930e+000 0.000e+000 0.000e+000 0.000e+000 0.000e+000 0.000e+000 0.000e+000 0.000e+000 0.000e+000 0.000e+000 0.000e+000 0.000e+000 0.000e+000 0.000e+000 0.000e+000 0.000e+000 0.000e+000 0.000e+000
 5.000e+004 2.930e+000 0.000e+000 0.000e+000 0.000e+000 0.000e+000 0.000e+000 0.000e+000 0.000e+000 0.000e+000 0.000e+000 0.000e+000 0.000e+000 0.000e+000 0.000e+000 0.000e+000 0.000e+000 0.000e+000 0.000e+000
 5.130e+004 2.930e+000 0.000e+000 0.000e+000 0.000e+000 0.000e+000 0.000e+000 0.000e+000 0.000e+000 0.000e+000 0.000e+000 0.000e+000 0.000e+000 0.000e+000 0.000e+000 0.000e+000 0.000e+000 0.000e+000 0.000e+000
 5.250e+004 2.930e+000 0.000e+000 0.000e+000 0.000e+000 0.000e+000 0.000e+000 0.000e+000 0.000e+000 0.000e+000 0.000e+000 0.000e+000 0.000e+000 0.000e+000 0.000e+000 0.000e+000 0.000e+000 0.000e+000 0.000e+000
 5.380e+004 2.930e+000 0.000e+000 0.000e+000 0.000e+000 0.000e+000 0.000e+000 0.000e+000 0.000e+000 0.000e+000 0.000e+000 0.000e+000 0.000e+000 0.000e+000 0.000e+000 0.000e+000 0.000e+000 0.000e+000 0.000e+000
 5.500e+004 2.930e+000 0.000e+000 0.000e+000 0.000e+000 0.000e+000 0.000e+000 0.000e+000 0.000e+000 0.000e+000 0.000e+000 0.000e+000 0.000e+000 0.000e+000 0.000e+000 0.000e+000 0.000e+000 0.000e+000 0.000e+000
 5.630e+004 2.930e+000 0.000e+000 0.000e+000 0.000e+000 0.000e+000 0.000e+000 0.000e+000 0.000e+000 0.000e+000 0.000e+000 0.000e+000 0.000e+000 0.000e+000 0.000e+000 0.000e+000 0.000e+000 0.000e+000 0.000e+000
 5.750e+004 2.930e+000 0.000e+000 0.000e+000 0.000e+000 0.000e+000 0.000e+000 0.000e+000 0.000e+000 0.000e+000 0.000e+000 0.000e+000 0.000e+000 0.000e+000 0.000e+000 0.000e+000 0.000e+000 0.000e+000 0.000e+000
 5.880e+004 2.930e+000 0.000e+000 0.000e+000 0.000e+000 0.000e+000 0.000e+000 0.000e+000 0.000e+000 0.000e+000 0.000e+000 0.000e+000 0.000e+000 0.000e+000 0.000e+000 0.000e+000 0.000e+000 0.000e+000 0.000e+000
 6.000e+004 2.930e+000 0.000e+000 0.000e+000 0.000e+000 0.000e+000 0.000e+000 0.000e+000 0.000e+000 0.000e+000 0.000e+000 0.000e+000 0.000e+000 0.000e+000 0.000e+000 0.000e+000 0.000e+000 0.000e+000 0.000e+000
 6.130e+004 2.930e+000 0.000e+000 0.000e+000 0.000e+000 0.000e+000 0.000e+000 0.000e+000 0.000e+000 0.000e+000 0.000e+000 0.000e+000 0.000e+000 0.000e+000 0.000e+000 0.000e+000 0.000e+000 0.000e+000 0.000e+000
 6.250e+004 2.930e+000 0.000e+000 0.000e+000 0.000e+000 0.000e+000 0.000e+000 0.000e+000 0.000e+000 0.000e+000 0.000e+000 0.000e+000 0.000e+000 0.000e+000 0.000e+000 0.000e+000 0.000e+000 0.000e+000 0.000e+000
 6.380e+004 2.930e+000 0.000e+000 0.000e+000 0.000e+000 0.000e+000 0.000e+000 0.000e+000 0.000e+000 0.000e+000 0.000e+000 0.000e+000 0.000e+000 0.000e+000 0.000e+000 0.000e+000 0.000e+000 0.000e+000 0.000e+000
 6.500e+004 2.930e+000 0.000e+000 0.000e+000 0.000e+000 0.000e+000 0.000e+000 0.000e+000 0.000e+000 0.000e+000 0.000e+000 0.000e+000 0.000e+000 0.000e+000 0.000e+000 0.000e+000 0.000e+000 0.000e+000 0.000e+000
 6.630e+004 2.930e+000 0.000e+000 0.000e+000 0.000e+000 0.000e+000 0.000e+000 0.000e+000 0.000e+000 0.000e+000 0.000e+000 0.000e+000 0.000e+000 0.000e+000 0.000e+000 0.000e+000 0.000e+000 0.000e+000 0.000e+000
 6.750e+004 2.930e+000 0.000e+000 0.000e+000 0.000e+000 0.000e+000 0.000e+000 0.000e+000 0.000e+000 0.000e+000 0.000e+000 0.000e+000 0.000e+000 0.000e+000 0.000e+000 0.000e+000 0.000e+000 0.000e+000 0.000e+000
 6.880e+004 2.930e+000 0.000e+000 0.000e+000 0.000e+000 0.000e+000 0.000e+000 0.000e+000 0.000e+000 0.000e+000 0.000e+000 0.000e+000 0.000e+000 0.000e+000 0.000e+000 0.000e+000 0.000e+000 0.000e+000 0.000e+000
 7.000e+004 2.930e+000 0.000e+000 0.000e+000 0.000e+000 0.000e+000 0.000e+000 0.000e+000 0.000e+000 0.000e+000 0.000e+000 0.000e+000 0.000e+000 0.000e+000 0.000e+000 0.000e+000 0.000e+000 0.000e+000 0.000e+000
 7.130e+004 2.930e+000 0.000e+000 0.000e+000 0.000e+000 0.000e+000 0.000e+000 0.000e+000 0.000e+000 0.000e+000 0.000e+000 0.000e+000 0.000e+000 0.000e+000 0.000e+000 0.000e+000 0.000e+000 0.000e+000 0.000e+000
 7.250e+004 2.930e+000 0.000e+000 0.000e+000 0.000e+000 0.000e+000 0.000e+000 0.000e+000 0.000e+000 0.000e+000 0.000e+000 0.000e+000 0.000e+000 0.000e+000 0.000e+000 0.000e+000 0.000e+000 0.000e+000 0.000e+000
 7.380e+004 2.930e+000 0.000e+000 0.000e+000 0.000e+000 0.000e+000 0.000e+000 0.000e+000 0.000e+000 0.000e+000 0.000e+000 0.000e+000 0.000e+000 0.000e+000 0.000e+000 0.000e+000 0.000e+000 0.000e+000 0.000e+000
 7.500e+004 2.930e+000 0.000e+000 0.000e+000 0.000e+000 0.000e+000 0.000e+000 0.000e+000 0.000e+000 0.000e+000 0.000e+000 0.000e+000 0.000e+000 0.000e+000 0.000e+000 0.000e+000 0.000e+000 0.000e+000 0.000e+000
 7.630e+004 2.930e+000 0.000e+000 0.000e+000 0.000e+000 0.000e+000 0.000e+000 0.000e+000 0.000e+000 0.000e+000 0.000e+000 0.000e+000 0.000e+000 0.000e+000 0.000e+000 0.000e+000 0.000e+000 0.000e+000 0.000e+000
 7.750e+004 2.930e+000 0.000e+000 0.000e+000 0.000e+000 0.000e+000 0.000e+000 0.000e+000 0.000e+000 0.000e+000 0.000e+000 0.000e+000 0.000e+000 0.000e+000 0.000e+000 0.000e+000 0.000e+000 0.000e+000 0.000e+000
 7.880e+004 2.930e+000 0.000e+000 0.000e+000 0.000e+000 0.000e+000 0.000e+000 0.000e+000 0.000e+000 0.000e+000 0.000e+000 0.000e+000 0.000e+000 0.000e+000 0.000e+000 0.000e+000 0.000e+000 0.000e+000 0.000e+000
 8.000e+004 2.930e+000 0.000e+000 0.000e+000 0.000e+000 0.000e+000 0.000e+000 0.000e+000 0.000e+000 0.000e+000 0.000e+000 0.000e+000 0.000e+000 0.000e+000 0.000e+000 0.000e+000 0.000e+000 0.000e+000 0.000e+000
 8.130e+004 2.930e+000 0.000e+000 0.000e+000 0.000e+000 0.000e+000 0.000e+000 0.000e+000 0.000e+000 0.000e+000 0.000e+000 0.000e+000 0.000e+000 0.000e+000 0.000e+000 0.000e+000 0.000e+000 0.000e+000 0.000e+000
 8.250e+004 2.930e+000 0.000e+000 0.000e+000 0.000e+000 0.000e+000 0.000e+000 0.000e+000 0.000e+000 0.000e+000 0.000e+000 0.000e+000 0.000e+000 0.000e+000 0.000e+000 0.000e+000 0.000e+000 0.000e+000 0.000e+000
 8.380e+004 2.930e+000 0.000e+000 0.000e+000 0.000e+000 0.000e+000 0.000e+000 0.000e+000 0.000e+000 0.000e+000 0.000e+000 0.000e+000 0.000e+000 0.000e+000 0.000e+000 0.000e+000 0.000e+000 0.000e+000 0.000e+000
 8.500e+004 2.930e+000 0.000e+000 0.000e+000 0.000e+000 0.000e+000 0.000e+000 0.000e+000 0.000e+000 0.000e+000 0.000e+000 0.000e+000 0.000e+000 0.000e+000 0.000e+000 0.000e+000 0.000e+000 0.000e+000 0.000e+000
 8.630e+004 2.930e+000 0.000e+000 0.000e+000 0.000e+000 0.000e+000 0.000e+000 0.000e+000 0.000e+000 0.000e+000 0.000e+000 0.000e+000 0.000e+000 0.000e+000 0.000e+000 0.000e+000 0.000e+000 0.000e+000 0.000e+000
 8.750e+004 2.930e+000 0.000e+000 0.000e+000 0.000e+000 0.000e+000 0.000e+000 0.000e+000 0.000e+000 0.000e+000 0.000e+000 0.000e+000 0.000e+000 0.000e+000 0.000e+000 0.000e+000 0.000e+000 0.000e+000 0.000e+000
 8.880e+004 2.930e+000 0.000e+000 0.000e+000 0.000e+000 0.000e+000 0.000e+000 0.000e+000 0.000e+000 0.000e+000 0.000e+000 0.000e+000 0.000e+000 0.000e+000 0.000e+000 0.000e+000 0.000e+000 0.000e+000 0.000e+000
 9.000e+004 2.930e+000 0.000e+000 0.000e+000 0.000e+000 0.000e+000 0.000e+000 0.000e+000 0.000e+000 0.000e+000 0.000e+000 0.000e+000 0.000e+000 0.000e+000 0.000e+000 0.000e+000 0.000e+000 0.000e+000 0.000e+000
 9.130e+004 2.930e+000 0.000e+000 0.000e+000 0.000e+000 0.000e+000 0.000e+000 0.000e+000 0.000e+000 0.000e+000 0.000e+000 0.000e+000 0.000e+000 0.000e+000 0.000e+000 0.000e+000 0.000e+000 0.000e+000 0.000e+000
 9.250e+004 2.930e+000 0.000e+000 0.000e+000 0.000e+000 0.000e+000 0.000e+000 0.000e+000 0.000e+000 0.000e+000 0.000e+000 0.000e+000 0.000e+000 0.000e+000 0.000e+000 0.000e+000 0.000e+000 0.000e+000 0.000e+000
 9.380e+004 2.930e+000 0.000e+000 0.000e+000 0.000e+000 0.000e+000 0.000e+000 0.000e+000 0.000e+000 0.000e+000 0.000e+000 0.000e+000 0.000e+000 0.000e+000 0.000e+000 0.000e+000 0.000e+000 0.000e+000 0.000e+000
 9.500e+004 2.930e+000 0.000e+000 0.000e+000 0.000e+000 0.000e+000 0.000e+000 0.000e+000 0.000e+000 0.000e+000 0.000e+000 0.000e+000 0.000e+000 0.000e+000 0.000e+000 0.000e+000 0.000e+000 0.000e+000 0.000e+000
 9.630e+004 2.930e+000 0.000e+000 0.000e+000 0.000e+000 0.000e+000 0.000e+000 0.000e+000 0.000e+000 0.000e+000 0.000e+000 0.000e+000 0.000e+000 0.000e+000 0.000e+000 0.000e+000 0.000e+000 0.000e+000 0.000e+000
 9.750e+004 2.930e+000 0.000e+000 0.000e+000 0.000e+000 0.000e+000 0.000e+000 0.000e+000 0.000e+000 0.000e+000 0.000e+000 0.000e+000 0.000e+000 0.000e+000 0.000e+000 0.000e+000 0.000e+000 0.000e+000 0.000e+000
 9.880e+004 2.930e+000 0.000e+000 0.000e+000 0.000e+000 0.000e+000 0.000e+000 0.000e+000 0.000e+000 0.000e+000 0.000e+000 0.000e+000 0.000e+000 0.000e+000 0.000e+000 0.000e+000 0.000e+000 0.000e+000 0.000e+000
 1.000e+005 2.930e+000 0.000e+000 0.000e+000 0.000e+000 0.000e+000 0.000e+000 0.000e+000 0.000e+000 0.000e+000 0.000e+000 0.000e+000 0.000e+000 0.000e+000 0.000e+000 0.000e+000 0.000e+000 0.000e+000 0.000e+000
