 6.250e+000 2.930e+000 0.000e+000 0.000e+000 0.000e+000 0.000e+000 0.000e+000 0.000e+000 0.000e+000 0.000e+000 0.000e+000 0.000e+000 0.000e+000 0.000e+000 0.000e+000 0.000e+000 0.000e+000 0.000e+000 0.000e+000
 7.500e+000 2.930e+000 0.000e+000 0.000e+000 0.000e+000 0.000e+000 0.000e+000 0.000e+000 0.000e+000 0.000e+000 0.000e+000 0.000e+000 0.000e+000 0.000e+000 0.000e+000 0.000e+000 0.000e+000 0.000e+000 0.000e+000
 8.750e+000 2.930e+000 0.000e+000 0.000e+000 0.000e+000 0.000e+000 0.000e+000 0.000e+000 0.000e+000 0.000e+000 0.000e+000 0.000e+000 0.000e+000 0.000e+000 0.000e+000 0.000e+000 0.000e+000 0.000e+000 0.000e+000
 1.000e+001 2.930e+000 0.000e+000 0.000e+000 0.000e+000 0.000e+000 0.000e+000 0.000e+000 0.000e+000 0.000e+000 0.000e+000 0.000e+000 0.000e+000 0.000e+000 0.000e+000 0.000e+000 0.000e+000 0.000e+000 0.000e+000
 1.130e+001 2.930e+000 2.400e+001 2.886e+001 7.155e+002 5.536e+000 1.646e+002 1.586e+003 2.234e+005 5.485e+002-1.976e+004 1.335e+000-1.870e+003 6.952e+001 9.566e+002 1.072e+002-1.978e+004 8.163e+002 3.254e+004
 1.250e+001 2.930e+000 0.000e+000 0.000e+000 0.000e+000 0.000e+000 0.000e+000 0.000e+000 0.000e+000 0.000e+000 0.000e+000 0.000e+000 0.000e+000 0.000e+000 0.000e+000 0.000e+000 0.000e+000 0.000e+000 0.000e+000
 1.380e+001 2.930e+000 0.000e+000 0.000e+000 0.000e+000 0.000e+000 0.000e+000 0.000e+000 0.000e+000 0.000e+000 0.000e+000 0.000e+000 0.000e+000 0.000e+000 0.000e+000 0.000e+000 0.000e+000 0.000e+000 0.000e+000
 1.500e+001 2.930e+000 2.400e+001 3.306e+001 8.459e+002 2.234e+000-3.932e+001 1.845e+003 2.269e+005 5.051e+001-2.217e+004-6.942e+000-1.213e+003 4.185e+001 4.749e+002 8.157e+001-7.304e+002 4.986e+002 1.762e+004
 1.630e+001 2.930e+000 0.000e+000 0.000e+000 0.000e+000 0.000e+000 0.000e+000 0.000e+000 0.000e+000 0.000e+000 0.000e+000 0.000e+000 0.000e+000 0.000e+000 0.000e+000 0.000e+000 0.000e+000 0.000e+000 0.000e+000
 1.750e+001 2.930e+000 2.400e+001 2.979e+001 6.523e+002 5.592e+000 7.655e+001 1.370e+003 1.424e+005-2.236e+002-1.762e+004 5.887e+000-4.252e+002 3.070e+001 4.640e+002 1.287e+002 5.822e+003 3.779e+002 1.594e+004
 1.880e+001 2.930e+000 0.000e+000 0.000e+000 0.000e+000 0.000e+000 0.000e+000 0.000e+000 0.000e+000 0.000e+000 0.000e+000 0.000e+000 0.000e+000 0.000e+000 0.000e+000 0.000e+000 0.000e+000 0.000e+000 0.000e+000
 2.000e+001 2.930e+000 2.400e+001 2.428e+001 5.572e+002-4.514e+000-9.996e+001 1.408e+003 1.278e+005-3.122e+002-1.145e+004-8.513e+000-7.189e+002 2.637e+001 3.372e+002 9.364e+001 4.589e+003 2.860e+002 1.053e+004
 2.130e+001 2.930e+000 0.000e+000 0.000e+000 0.000e+000 0.000e+000 0.000e+000 0.000e+000 0.000e+000 0.000e+000 0.000e+000 0.000e+000 0.000e+000 0.000e+000 0.000e+000 0.000e+000 0.000e+000 0.000e+000 0.000e+000
 2.250e+001 2.930e+000 0.000e+000 0.000e+000 0.000e+000 0.000e+000 0.000e+000 0.000e+000 0.000e+000 0.000e+000 0.000e+000 0.000e+000 0.000e+000 0.000e+000 0.000e+000 0.000e+000 0.000e+000 0.000e+000 0.000e+000
 2.380e+001 2.930e+000 2.400e+001 2.568e+001 3.165e+002 1.870e+000 4.576e+001 1.188e+003 9.059e+004 2.696e+002-9.950e+002-2.194e+000-2.941e+002 1.613e+001 2.211e+002 9.910e+001 1.990e+002 2.353e+002 9.388e+003
 2.500e+001 2.930e+000 0.000e+000 0.000e+000 0.000e+000 0.000e+000 0.000e+000 0.000e+000 0.000e+000 0.000e+000 0.000e+000 0.000e+000 0.000e+000 0.000e+000 0.000e+000 0.000e+000 0.000e+000 0.000e+000 0.000e+000
 2.630e+001 2.930e+000 2.400e+001 5.212e+001 4.680e+002-1.265e+000-4.438e+000 2.466e+003 1.474e+005 7.802e+001-4.204e+003-2.854e+000-2.979e+002 1.139e+001 1.192e+002 1.614e+002 8.147e+003 9.369e+001 5.234e+003
 2.750e+001 2.930e+000 0.000e+000 0.000e+000 0.000e+000 0.000e+000 0.000e+000 0.000e+000 0.000e+000 0.000e+000 0.000e+000 0.000e+000 0.000e+000 0.000e+000 0.000e+000 0.000e+000 0.000e+000 0.000e+000 0.000e+000
 2.880e+001 2.930e+000 2.400e+001 4.214e+001 3.716e+002 2.078e+000-2.450e+002 2.231e+003 1.575e+005 3.870e+002-1.805e+004-1.310e+001-9.255e+002 1.970e+001 2.524e+002 8.049e+000-2.594e+003 1.884e+002 9.608e+003
 3.000e+001 2.930e+000 0.000e+000 0.000e+000 0.000e+000 0.000e+000 0.000e+000 0.000e+000 0.000e+000 0.000e+000 0.000e+000 0.000e+000 0.000e+000 0.000e+000 0.000e+000 0.000e+000 0.000e+000 0.000e+000 0.000e+000
 3.130e+001 2.930e+000 0.000e+000 0.000e+000 0.000e+000 0.000e+000 0.000e+000 0.000e+000 0.000e+000 0.000e+000 0.000e+000 0.000e+000 0.000e+000 0.000e+000 0.000e+000 0.000e+000 0.000e+000 0.000e+000 0.000e+000
 3.250e+001 2.930e+000 2.400e+001 3.333e+001 1.277e+002-4.164e-001-1.443e+002 1.814e+003 1.448e+005-1.400e+002-1.494e+004-6.916e+000-5.077e+002 1.642e+001 2.294e+002 1.548e+001 4.733e+003 1.804e+002 8.539e+003
 3.380e+001 2.930e+000 0.000e+000 0.000e+000 0.000e+000 0.000e+000 0.000e+000 0.000e+000 0.000e+000 0.000e+000 0.000e+000 0.000e+000 0.000e+000 0.000e+000 0.000e+000 0.000e+000 0.000e+000 0.000e+000 0.000e+000
 3.500e+001 2.930e+000 2.400e+001 6.198e+001 2.822e+002-3.137e+000-3.349e+002 2.668e+003 1.644e+005 2.557e+000-1.820e+004-1.380e+001-6.000e+002 1.823e+001 2.602e+002 7.070e+001 4.269e+003 1.883e+002 9.583e+003
 3.630e+001 2.930e+000 0.000e+000 0.000e+000 0.000e+000 0.000e+000 0.000e+000 0.000e+000 0.000e+000 0.000e+000 0.000e+000 0.000e+000 0.000e+000 0.000e+000 0.000e+000 0.000e+000 0.000e+000 0.000e+000 0.000e+000
 3.750e+001 2.930e+000 2.400e+001 1.445e+002 7.429e+002-6.667e+000-3.300e+002 4.681e+003 2.509e+005 2.361e+002-2.028e+004-2.689e+001-1.018e+003 1.342e+001 1.385e+002-4.965e+001 7.492e+002 4.860e+001 5.201e+003
 3.880e+001 2.930e+000 0.000e+000 0.000e+000 0.000e+000 0.000e+000 0.000e+000 0.000e+000 0.000e+000 0.000e+000 0.000e+000 0.000e+000 0.000e+000 0.000e+000 0.000e+000 0.000e+000 0.000e+000 0.000e+000 0.000e+000
 4.000e+001 2.930e+000 0.000e+000 0.000e+000 0.000e+000 0.000e+000 0.000e+000 0.000e+000 0.000e+000 0.000e+000 0.000e+000 0.000e+000 0.000e+000 0.000e+000 0.000e+000 0.000e+000 0.000e+000 0.000e+000 0.000e+000
 4.130e+001 2.930e+000 2.400e+001 1.660e+002 1.066e+003-1.279e+001-5.465e+002 4.534e+003 2.711e+005 1.143e+001-2.981e+004-3.330e+001-6.715e+002 1.753e+001 2.258e+002-3.799e+001 8.194e+003 1.734e+002 1.108e+004
 4.250e+001 2.930e+000 0.000e+000 0.000e+000 0.000e+000 0.000e+000 0.000e+000 0.000e+000 0.000e+000 0.000e+000 0.000e+000 0.000e+000 0.000e+000 0.000e+000 0.000e+000 0.000e+000 0.000e+000 0.000e+000 0.000e+000
 4.380e+001 2.930e+000 2.400e+001 2.216e+002 1.508e+003 3.543e+000-1.123e+003 9.033e+003 4.989e+005 7.648e+002-5.734e+004-3.579e+001-1.323e+003 1.474e+001 2.611e+002 1.762e+002 2.116e+003-1.513e+001 1.018e+004
 4.500e+001 2.930e+000 0.000e+000 0.000e+000 0.000e+000 0.000e+000 0.000e+000 0.000e+000 0.000e+000 0.000e+000 0.000e+000 0.000e+000 0.000e+000 0.000e+000 0.000e+000 0.000e+000 0.000e+000 0.000e+000 0.000e+000
 4.630e+001 2.930e+000 2.400e+001 2.322e+003 9.918e+003-2.094e+002-4.454e+003 3.945e+004 1.583e+006 1.456e+003-1.812e+005-4.790e+002-7.647e+003 1.333e+002 5.393e+002-1.797e+003-2.854e+004 4.502e+002 2.788e+004
 4.750e+001 2.930e+000 0.000e+000 0.000e+000 0.000e+000 0.000e+000 0.000e+000 0.000e+000 0.000e+000 0.000e+000 0.000e+000 0.000e+000 0.000e+000 0.000e+000 0.000e+000 0.000e+000 0.000e+000 0.000e+000 0.000e+000
 4.880e+001 2.930e+000 0.000e+000 0.000e+000 0.000e+000 0.000e+000 0.000e+000 0.000e+000 0.000e+000 0.000e+000 0.000e+000 0.000e+000 0.000e+000 0.000e+000 0.000e+000 0.000e+000 0.000e+000 0.000e+000 0.000e+000
 5.000e+001 2.930e+000 2.400e+001 3.620e+005 4.354e+006 5.007e+003-1.463e+006 9.756e+006 3.160e+008 7.927e+005-4.368e+007-5.445e+004-1.411e+006 8.306e+003 2.150e+005 3.548e+005-8.028e+006-7.358e+004 6.262e+006
 5.130e+001 2.930e+000 0.000e+000 0.000e+000 0.000e+000 0.000e+000 0.000e+000 0.000e+000 0.000e+000 0.000e+000 0.000e+000 0.000e+000 0.000e+000 0.000e+000 0.000e+000 0.000e+000 0.000e+000 0.000e+000 0.000e+000
 5.250e+001 2.930e+000 2.400e+001 1.375e+003 8.753e+002-1.123e+002-3.965e+003 2.904e+004 1.685e+006 1.765e+003-2.337e+005-2.560e+002-4.904e+003 7.415e+001 4.735e+002-1.758e+003-2.388e+004 1.317e+002 3.727e+004
 5.380e+001 2.930e+000 0.000e+000 0.000e+000 0.000e+000 0.000e+000 0.000e+000 0.000e+000 0.000e+000 0.000e+000 0.000e+000 0.000e+000 0.000e+000 0.000e+000 0.000e+000 0.000e+000 0.000e+000 0.000e+000 0.000e+000
 5.500e+001 2.930e+000 0.000e+000 0.000e+000 0.000e+000 0.000e+000 0.000e+000 0.000e+000 0.000e+000 0.000e+000 0.000e+000 0.000e+000 0.000e+000 0.000e+000 0.000e+000 0.000e+000 0.000e+000 0.000e+000 0.000e+000
 5.630e+001 2.930e+000 2.400e+001 2.377e+002-2.235e+002-1.158e+000-1.039e+003 8.890e+003 4.050e+005 2.588e+002-4.512e+004-3.501e+001-1.192e+003 1.023e+001 1.613e+002-2.753e+002-7.703e+003 4.545e+001 6.821e+003
 5.750e+001 2.930e+000 0.000e+000 0.000e+000 0.000e+000 0.000e+000 0.000e+000 0.000e+000 0.000e+000 0.000e+000 0.000e+000 0.000e+000 0.000e+000 0.000e+000 0.000e+000 0.000e+000 0.000e+000 0.000e+000 0.000e+000
 5.880e+001 2.930e+000 2.400e+001 1.269e+002 6.549e+001-5.520e+000-5.067e+002 3.846e+003 1.767e+005 7.872e+001-2.246e+004-2.553e+001-8.279e+002 9.570e+000 1.479e+002-1.707e+002-4.762e+003 6.474e+001 5.300e+003
 6.000e+001 2.930e+000 0.000e+000 0.000e+000 0.000e+000 0.000e+000 0.000e+000 0.000e+000 0.000e+000 0.000e+000 0.000e+000 0.000e+000 0.000e+000 0.000e+000 0.000e+000 0.000e+000 0.000e+000 0.000e+000 0.000e+000
 6.130e+001 2.930e+000 2.400e+001 1.086e+002-7.461e+001-9.212e+000-3.441e+002 2.784e+003 1.216e+005-8.352e+001-1.381e+004-1.991e+001-5.159e+002 8.408e+000 7.080e+001-1.694e+002-3.362e+003 6.015e+001 2.644e+003
 6.250e+001 2.930e+000 0.000e+000 0.000e+000 0.000e+000 0.000e+000 0.000e+000 0.000e+000 0.000e+000 0.000e+000 0.000e+000 0.000e+000 0.000e+000 0.000e+000 0.000e+000 0.000e+000 0.000e+000 0.000e+000 0.000e+000
 6.380e+001 2.930e+000 0.000e+000 0.000e+000 0.000e+000 0.000e+000 0.000e+000 0.000e+000 0.000e+000 0.000e+000 0.000e+000 0.000e+000 0.000e+000 0.000e+000 0.000e+000 0.000e+000 0.000e+000 0.000e+000 0.000e+000
 6.500e+001 2.930e+000 2.400e+001 5.464e+001 4.524e+001-7.844e-001-2.052e+002 2.036e+003 1.016e+005 6.695e+001-9.143e+003-1.045e+001-5.052e+002 7.047e+000 9.505e+001-6.894e+001-3.661e+003 6.508e+001 2.537e+003
 6.630e+001 2.930e+000 0.000e+000 0.000e+000 0.000e+000 0.000e+000 0.000e+000 0.000e+000 0.000e+000 0.000e+000 0.000e+000 0.000e+000 0.000e+000 0.000e+000 0.000e+000 0.000e+000 0.000e+000 0.000e+000 0.000e+000
 6.750e+001 2.930e+000 2.400e+001 3.030e+001 2.449e+001 1.283e+000-1.501e+002 1.028e+003 4.606e+004 1.469e+001-7.182e+003-8.639e+000-3.549e+002 1.149e+001 1.583e+002-9.150e+001-2.691e+003 1.112e+002 4.153e+003
 6.880e+001 2.930e+000 0.000e+000 0.000e+000 0.000e+000 0.000e+000 0.000e+000 0.000e+000 0.000e+000 0.000e+000 0.000e+000 0.000e+000 0.000e+000 0.000e+000 0.000e+000 0.000e+000 0.000e+000 0.000e+000 0.000e+000
 7.000e+001 2.930e+000 2.400e+001 2.876e+001 2.382e+001-1.717e+000-1.888e+002 8.939e+002 3.868e+004 3.619e+001-5.861e+003-1.126e+001-3.724e+002 1.451e+001 1.913e+002-8.331e+001-3.543e+003 1.643e+002 4.854e+003
 7.130e+001 2.930e+000 0.000e+000 0.000e+000 0.000e+000 0.000e+000 0.000e+000 0.000e+000 0.000e+000 0.000e+000 0.000e+000 0.000e+000 0.000e+000 0.000e+000 0.000e+000 0.000e+000 0.000e+000 0.000e+000 0.000e+000
 7.250e+001 2.930e+000 0.000e+000 0.000e+000 0.000e+000 0.000e+000 0.000e+000 0.000e+000 0.000e+000 0.000e+000 0.000e+000 0.000e+000 0.000e+000 0.000e+000 0.000e+000 0.000e+000 0.000e+000 0.000e+000 0.000e+000
 7.380e+001 2.930e+000 2.400e+001 2.126e+001 1.504e+001-3.069e+000-9.364e+001 6.965e+002 3.331e+004-8.100e+001-4.413e+003-3.880e+000-2.058e+002 6.599e+000 7.936e+001-6.786e+000-1.412e+003 8.312e+001 2.502e+003
 7.500e+001 2.930e+000 0.000e+000 0.000e+000 0.000e+000 0.000e+000 0.000e+000 0.000e+000 0.000e+000 0.000e+000 0.000e+000 0.000e+000 0.000e+000 0.000e+000 0.000e+000 0.000e+000 0.000e+000 0.000e+000 0.000e+000
 7.630e+001 2.930e+000 2.400e+001 1.567e+001 7.181e+001 4.279e-002-3.756e+001 4.668e+002 2.490e+004-7.326e+000-2.121e+003-3.402e+000-1.241e+002 4.815e+000 5.150e+001-1.337e+001-2.989e+002 5.878e+001 1.632e+003
 7.750e+001 2.930e+000 0.000e+000 0.000e+000 0.000e+000 0.000e+000 0.000e+000 0.000e+000 0.000e+000 0.000e+000 0.000e+000 0.000e+000 0.000e+000 0.000e+000 0.000e+000 0.000e+000 0.000e+000 0.000e+000 0.000e+000
 7.880e+001 2.930e+000 2.400e+001 1.296e+001 3.495e+001-4.681e-001-4.764e+001 4.657e+002 2.344e+004-2.266e+001-2.032e+003-2.307e+000-7.671e+001 3.324e+000 4.124e+001-2.728e+001-5.549e+002 4.075e+001 1.297e+003
 8.000e+001 2.930e+000 0.000e+000 0.000e+000 0.000e+000 0.000e+000 0.000e+000 0.000e+000 0.000e+000 0.000e+000 0.000e+000 0.000e+000 0.000e+000 0.000e+000 0.000e+000 0.000e+000 0.000e+000 0.000e+000 0.000e+000
 8.130e+001 2.930e+000 0.000e+000 0.000e+000 0.000e+000 0.000e+000 0.000e+000 0.000e+000 0.000e+000 0.000e+000 0.000e+000 0.000e+000 0.000e+000 0.000e+000 0.000e+000 0.000e+000 0.000e+000 0.000e+000 0.000e+000
 8.250e+001 2.930e+000 2.400e+001 8.208e+000 2.444e+001 5.013e-001-3.495e+001 3.191e+002 1.818e+004 3.615e+001-1.023e+003-2.681e+000-7.857e+001 5.841e+000 7.123e+001-3.807e+001-1.348e+003 6.397e+001 1.849e+003
 8.380e+001 2.930e+000 0.000e+000 0.000e+000 0.000e+000 0.000e+000 0.000e+000 0.000e+000 0.000e+000 0.000e+000 0.000e+000 0.000e+000 0.000e+000 0.000e+000 0.000e+000 0.000e+000 0.000e+000 0.000e+000 0.000e+000
 8.500e+001 2.930e+000 2.400e+001 7.653e+000 6.275e+001-9.527e-001-4.320e+001 3.155e+002 1.937e+004-1.694e+001-2.448e+003-3.214e+000-1.830e+002 5.846e+000 7.173e+001-2.329e+001-1.401e+003 7.022e+001 2.025e+003
 8.630e+001 2.930e+000 0.000e+000 0.000e+000 0.000e+000 0.000e+000 0.000e+000 0.000e+000 0.000e+000 0.000e+000 0.000e+000 0.000e+000 0.000e+000 0.000e+000 0.000e+000 0.000e+000 0.000e+000 0.000e+000 0.000e+000
 8.750e+001 2.930e+000 2.400e+001 7.089e+000 1.784e+001 9.497e-001-1.729e+001 2.393e+002 1.292e+004 1.468e+001-5.650e+002-1.894e+000-4.387e+001 3.608e+000 4.851e+001-3.139e+001-5.494e+002 4.416e+001 1.348e+003
 8.880e+001 2.930e+000 0.000e+000 0.000e+000 0.000e+000 0.000e+000 0.000e+000 0.000e+000 0.000e+000 0.000e+000 0.000e+000 0.000e+000 0.000e+000 0.000e+000 0.000e+000 0.000e+000 0.000e+000 0.000e+000 0.000e+000
 9.000e+001 2.930e+000 0.000e+000 0.000e+000 0.000e+000 0.000e+000 0.000e+000 0.000e+000 0.000e+000 0.000e+000 0.000e+000 0.000e+000 0.000e+000 0.000e+000 0.000e+000 0.000e+000 0.000e+000 0.000e+000 0.000e+000
 9.130e+001 2.930e+000 2.400e+001 6.628e+000 4.280e-001-8.688e-001-2.933e+001 2.477e+002 1.315e+004-4.624e+000-9.153e+002-1.642e+000-6.334e+001 2.209e+000 2.769e+001-4.188e+000-5.830e+002 2.981e+001 8.881e+002
 9.250e+001 2.930e+000 0.000e+000 0.000e+000 0.000e+000 0.000e+000 0.000e+000 0.000e+000 0.000e+000 0.000e+000 0.000e+000 0.000e+000 0.000e+000 0.000e+000 0.000e+000 0.000e+000 0.000e+000 0.000e+000 0.000e+000
 9.380e+001 2.930e+000 2.400e+001 5.346e+000 9.571e+000 2.574e-002-4.683e+000 1.971e+002 1.095e+004-4.349e+000-3.599e+002-6.134e-001-2.810e+001 8.879e-001 8.612e+000-7.039e+000-2.048e+002 8.817e+000 2.487e+002
 9.500e+001 2.930e+000 0.000e+000 0.000e+000 0.000e+000 0.000e+000 0.000e+000 0.000e+000 0.000e+000 0.000e+000 0.000e+000 0.000e+000 0.000e+000 0.000e+000 0.000e+000 0.000e+000 0.000e+000 0.000e+000 0.000e+000
 9.630e+001 2.930e+000 2.400e+001 4.926e+000 4.516e+000-1.330e-001-1.055e+001 1.744e+002 9.830e+003 1.863e+000-4.796e+002-8.226e-001-3.717e+001 4.857e-001 3.406e+000-1.040e+001-5.675e+002 5.068e+000 1.617e+002
 9.750e+001 2.930e+000 0.000e+000 0.000e+000 0.000e+000 0.000e+000 0.000e+000 0.000e+000 0.000e+000 0.000e+000 0.000e+000 0.000e+000 0.000e+000 0.000e+000 0.000e+000 0.000e+000 0.000e+000 0.000e+000 0.000e+000
 9.880e+001 2.930e+000 0.000e+000 0.000e+000 0.000e+000 0.000e+000 0.000e+000 0.000e+000 0.000e+000 0.000e+000 0.000e+000 0.000e+000 0.000e+000 0.000e+000 0.000e+000 0.000e+000 0.000e+000 0.000e+000 0.000e+000
 1.000e+002 2.930e+000 5.100e+001 1.746e+001-4.932e+002 1.309e+000 3.180e+001 9.360e+001 2.166e+004-6.602e+001-2.436e+002-3.950e+000-5.902e+001 4.491e+000-2.086e+001-2.369e+001-9.064e+002 3.883e+001 5.427e+002
 1.130e+002 2.930e+000 7.200e+001 1.061e+001 4.719e+001-9.046e-001-5.119e+001 4.337e+002 2.610e+004-2.032e+001-2.408e+003-2.640e+000-1.422e+002 7.405e+000 9.369e+001-1.341e+001-1.342e+003 9.307e+001 2.593e+003
 1.250e+002 2.930e+000 6.600e+001 9.906e+000 5.837e+001-7.090e-001-5.938e+001 4.474e+002 2.845e+004-2.001e+001-2.588e+003-3.658e+000-1.662e+002 1.017e+001 1.307e+002-2.358e+001-1.218e+003 1.106e+002 3.058e+003
 1.380e+002 2.930e+000 1.020e+002 1.282e+001 5.600e+001-1.078e+000-4.847e+001 6.172e+002 4.026e+004-5.579e+001-2.769e+003-2.914e+000-1.628e+002 6.687e+000 7.936e+001-9.596e+000-9.321e+002 7.665e+001 2.026e+003
 1.500e+002 2.930e+000 7.200e+001 1.111e+001 2.257e+002-1.198e-001-2.452e+001 5.309e+002 3.754e+004 4.913e+001-1.208e+003-2.408e+000-1.156e+002 1.846e+000 1.994e+001-4.504e+000-5.251e+002 1.369e+001 4.657e+002
 1.630e+002 2.930e+000 8.100e+001 1.316e+001 9.373e+001 6.742e-001-2.447e+000 6.242e+002 3.894e+004 3.636e+001-2.329e+001-1.863e+000-5.101e+001 6.003e+000 7.932e+001-1.195e+001 1.537e+002 7.233e+001 2.134e+003
 1.750e+002 2.930e+000 7.800e+001 2.154e+001 1.427e+002-5.043e-001-8.830e+001 9.089e+002 5.102e+004 1.668e+001-2.961e+003-6.843e+000-2.313e+002 1.628e+001 2.167e+002-5.144e+001-1.827e+003 2.044e+002 5.682e+003
 1.880e+002 2.930e+000 1.050e+002 8.917e+001 1.298e+003 8.724e-001-1.411e+002 2.881e+003 1.323e+005 3.838e+002-1.448e+003-2.133e+001-5.714e+002 2.488e+001 3.010e+002-1.475e+002-5.540e+003 2.760e+002 7.369e+003
 2.000e+002 2.930e+000 9.600e+001 2.885e+003 5.695e+004-2.912e+001-4.621e+003 7.682e+004 3.212e+006 1.515e+004-2.338e+004-8.023e+002-2.188e+004 2.355e+002 1.382e+003-5.093e+003-2.249e+005 1.609e+003 2.080e+004
 2.130e+002 2.930e+000 8.700e+001 9.747e+001 2.188e+003 7.404e+000-1.498e+002 4.118e+003 2.462e+005 1.053e+003-1.857e+003-2.894e+001-9.513e+002 1.991e+001 1.934e+002-1.623e+002-9.208e+003 1.652e+002 4.115e+003
 2.250e+002 2.930e+000 1.200e+002 1.364e+002 2.488e+003 1.762e+001-1.615e+002 7.200e+003 4.469e+005 1.541e+003-5.758e+003-3.114e+001-1.219e+003 2.245e+001 2.168e+002-1.170e+002-7.540e+003 1.648e+002 4.709e+003
 2.380e+002 2.930e+000 9.600e+001 5.195e+002 7.955e+003 7.380e+001-6.780e+002 2.831e+004 1.679e+006 5.651e+003-3.375e+004-1.048e+002-4.521e+003 3.837e+001 2.428e+002-1.750e+002-1.954e+004 2.390e+001 3.286e+003
 2.500e+002 2.930e+000 9.600e+001 1.609e+004 2.217e+005 2.511e+003-1.884e+004 8.690e+005 5.018e+007 1.792e+005-9.217e+005-3.162e+003-1.363e+005 1.020e+003 4.884e+003-7.082e+003-6.578e+005-1.452e+003 2.904e+004
 2.630e+002 2.930e+000 9.600e+001 4.218e+002 5.531e+003 7.013e+001-2.831e+002 2.213e+004 1.245e+006 4.754e+003-1.219e+004-8.146e+001-3.349e+003 3.845e+001 2.186e+002-2.058e+002-1.405e+004 1.213e+002 3.637e+003
 2.750e+002 2.930e+000 1.200e+002 1.276e+002 1.454e+003 1.457e+001-1.725e+002 6.410e+003 3.494e+005 1.090e+003-7.272e+003-2.884e+001-1.238e+003 1.658e+001 1.454e+002-4.747e+001-3.821e+003 9.056e+001 2.940e+003
 2.880e+002 2.930e+000 9.600e+001 1.288e+002 1.085e+003 3.530e+000-2.564e+002 7.116e+003 4.122e+005 4.550e+002-1.348e+004-3.286e+001-1.774e+003 1.283e+001 1.145e+002-7.612e+001-6.209e+003 5.884e+001 1.782e+003
 3.000e+002 2.930e+000 9.600e+001 2.476e+003 2.185e+004 1.566e+001-5.573e+003 1.496e+005 9.262e+006 6.227e+003-3.171e+005-5.977e+002-3.610e+004 1.539e+002 1.474e+003-2.318e+003-1.928e+005 6.715e+002 1.915e+004
 3.130e+002 2.930e+000 9.600e+001 9.574e+001 1.245e+003 2.430e+000-1.312e+002 5.462e+003 3.472e+005 4.072e+002-5.852e+003-1.969e+001-1.071e+003 1.065e+001 1.191e+002-6.871e+001-5.557e+003 9.140e+001 2.811e+003
 3.250e+002 2.930e+000 1.020e+002 5.301e+001 9.256e+002-2.194e+000-1.227e+002 2.152e+003 1.225e+005 1.610e+002-3.643e+003-1.145e+001-5.089e+002 6.326e+000 6.721e+001-4.794e+001-4.132e+003 5.941e+001 1.520e+003
 3.380e+002 2.930e+000 9.600e+001 1.331e+002 2.379e+003-1.415e+001-4.511e+002 3.202e+003 1.422e+005 2.938e+002-6.506e+003-2.952e+001-9.746e+002 1.184e+001 1.231e+002-1.863e+002-1.267e+004 1.344e+002 3.085e+003
 3.500e+002 2.930e+000 9.600e+001 3.688e+003 5.841e+004-4.281e+002-1.406e+004 8.074e+004 2.815e+006 4.150e+003-2.036e+005-8.270e+002-2.523e+004 2.426e+002 2.472e+003-6.391e+003-3.643e+005 3.141e+003 6.691e+004
 3.630e+002 2.930e+000 9.300e+001 1.505e+002 2.080e+003-1.327e+001-5.074e+002 3.720e+003 1.313e+005 1.873e+002-8.811e+003-3.421e+001-1.034e+003 1.271e+001 1.406e+002-2.343e+002-1.266e+004 1.440e+002 3.418e+003
 3.750e+002 2.930e+000 1.110e+002 4.470e+001 4.964e+002-3.908e+000-1.346e+002 1.325e+003 5.407e+004 3.098e+001-3.126e+003-9.052e+000-3.184e+002 5.854e+000 7.068e+001-3.341e+001-2.593e+003 5.956e+001 1.636e+003
 3.880e+002 2.930e+000 8.100e+001 1.731e+001 1.940e+002-7.716e-001-4.530e+001 6.269e+002 3.179e+004 2.441e+001-1.103e+003-3.734e+000-1.266e+002 3.996e+000 4.923e+001-1.731e+001-8.218e+002 4.341e+001 1.191e+003
 4.000e+002 2.930e+000 8.400e+001 6.030e+001 1.228e+002-1.983e+000-3.780e+001 3.991e+003 2.879e+005-1.103e+002-1.177e+003-8.255e+000-4.838e+002 3.645e+000 3.690e+001-7.369e+001-5.230e+003 3.613e+001 1.015e+003
 4.130e+002 2.930e+000 1.080e+002 2.473e+001 1.964e+002-1.038e+000-4.593e+001 1.151e+003 5.850e+004-1.231e+001-2.119e+003-4.399e+000-2.147e+002 5.271e+000 6.985e+001-7.983e+000-6.673e+002 5.602e+001 1.702e+003
 4.250e+002 2.930e+000 8.700e+001 1.777e+001 1.398e+002 4.337e-001-3.664e+001 8.187e+002 4.126e+004 6.439e+001-1.320e+003-4.408e+000-1.924e+002 4.267e+000 5.617e+001-2.779e+001-1.539e+003 4.722e+001 1.422e+003
 4.380e+002 2.930e+000 9.300e+001 2.568e+001 2.347e+002 8.545e-001-4.732e+001 1.158e+003 5.676e+004 1.017e+002-1.593e+003-6.371e+000-2.770e+002 3.742e+000 4.244e+001-5.035e+001-2.721e+003 3.390e+001 9.389e+002
 4.500e+002 2.930e+000 9.600e+001 4.633e+002 5.164e+003 5.589e+001-6.767e+002 2.111e+004 1.024e+006 4.294e+003-2.053e+003-1.562e+002-6.468e+003 6.253e+001 5.856e+002-2.534e+003-1.225e+005 8.294e+002 1.703e+004
 4.630e+002 2.930e+000 1.200e+002 4.259e+001 3.993e+002 2.976e+000-2.965e+001 1.992e+003 1.001e+005 2.514e+002-1.530e+002-1.018e+001-4.389e+002 5.612e+000 5.412e+001-8.692e+001-4.330e+003 5.331e+001 1.357e+003
 4.750e+002 2.930e+000 9.600e+001 3.015e+001 2.283e+002 2.512e-001-5.678e+001 1.444e+003 7.302e+004 6.717e+001-2.441e+003-6.693e+000-3.169e+002 2.679e+000 2.735e+001-2.091e+001-1.380e+003 1.834e+001 5.495e+002
 4.880e+002 2.930e+000 9.600e+001 3.808e+001 2.531e+002 1.545e+000-5.332e+001 1.839e+003 9.253e+004 1.372e+002-2.205e+003-8.690e+000-4.044e+002 3.315e+000 3.173e+001-3.503e+001-2.000e+003 2.087e+001 6.062e+002
 5.000e+002 2.930e+000 9.300e+001 7.903e+001 3.118e+002 7.360e-001-1.887e+002 4.212e+003 2.341e+005 8.812e+001-1.075e+004-1.898e+001-1.028e+003 6.429e+000 7.210e+001-9.378e+001-6.018e+003 4.428e+001 1.353e+003
 5.130e+002 2.930e+000 1.200e+002 1.248e+002 8.813e+002 8.467e-001-2.548e+002 6.041e+003 3.052e+005 2.564e+002-1.294e+004-2.749e+001-1.395e+003 8.845e+000 9.931e+001-2.076e+001-5.232e+003 5.768e+001 2.570e+003
 5.250e+002 2.930e+000 9.600e+001 2.338e+002 1.507e+003 8.408e+000-4.319e+002 1.136e+004 5.633e+005 7.628e+002-1.970e+004-5.484e+001-2.614e+003 1.566e+001 1.467e+002-2.063e+002-1.284e+004 6.229e+001 1.983e+003
 5.380e+002 2.930e+000 9.600e+001 1.040e+003 6.224e+003 1.678e+001-2.282e+003 4.997e+004 2.439e+006 2.292e+003-1.056e+005-2.468e+002-1.175e+004 6.109e+001 5.846e+002-6.530e+002-4.516e+004 1.456e+002 6.302e+003
 5.500e+002 2.930e+000 9.600e+001 8.900e+004 4.990e+005 1.779e+003-1.976e+005 4.212e+006 2.022e+008 2.027e+005-9.036e+006-2.113e+004-9.903e+005 5.056e+003 4.806e+004-5.629e+004-3.774e+006 9.442e+003 4.752e+005
 5.630e+002 2.930e+000 1.200e+002 1.520e+003 8.282e+003 3.343e+001-3.300e+003 7.142e+004 3.403e+006 3.543e+003-1.494e+005-3.613e+002-1.680e+004 8.962e+001 8.532e+002-1.060e+003-6.796e+004 2.130e+002 9.089e+003
 5.750e+002 2.930e+000 9.600e+001 2.071e+002 1.100e+003 3.788e+000-3.580e+002 9.539e+003 4.463e+005 4.095e+002-1.620e+004-4.467e+001-2.043e+003 1.229e+001 1.185e+002-8.290e+001-5.782e+003 4.601e+001 1.793e+003
 5.880e+002 2.930e+000 9.600e+001 9.603e+001 4.669e+002 1.094e+000-2.073e+002 4.385e+003 2.034e+005 1.686e+002-9.230e+003-2.335e+001-1.063e+003 7.028e+000 7.184e+001-5.205e+001-3.500e+003 2.401e+001 1.015e+003
 6.000e+002 2.930e+000 1.200e+002 9.789e+001 4.885e+002 3.262e-001-1.277e+002 4.194e+003 1.866e+005 1.344e+002-5.539e+003-2.068e+001-8.694e+002 6.339e+000 5.751e+001 3.841e+001 6.473e+002 1.451e+001 1.144e+003
 6.130e+002 2.930e+000 9.600e+001 3.410e+001 1.815e+002-2.007e-001-6.686e+001 1.498e+003 6.759e+004 2.942e+001-3.006e+003-7.305e+000-3.235e+002 2.806e+000 3.395e+001 1.276e+000-2.978e+002 1.582e+001 7.055e+002
 6.250e+002 2.930e+000 9.600e+001 2.671e+001 1.330e+002 1.342e-001-5.941e+001 1.152e+003 5.106e+004 4.003e+001-2.410e+003-6.178e+000-2.655e+002 2.049e+000 2.161e+001-1.813e+001-1.109e+003 1.172e+001 4.032e+002
 6.380e+002 2.930e+000 9.600e+001 3.147e+001 1.939e+002-1.201e+000-1.188e+002 1.293e+003 5.516e+004 9.788e+000-4.478e+003-8.228e+000-3.454e+002 3.100e+000 4.194e+001-3.366e+001-2.227e+003 2.856e+001 9.835e+002
 6.500e+002 2.930e+000 1.200e+002 2.315e+003 2.468e+004-2.338e+002-2.012e+004 8.794e+004 3.607e+006 1.246e+003-6.551e+005-9.463e+002-3.844e+004 4.126e+002 7.229e+003-1.019e+004-6.019e+005 6.240e+003 2.219e+005
 6.630e+002 2.930e+000 9.600e+001 1.679e+001 1.183e+002 4.070e-001-4.401e+001 6.901e+002 3.019e+004 5.923e+001-1.241e+003-4.896e+000-1.959e+002 2.402e+000 2.710e+001-4.375e+001-2.150e+003 2.555e+001 7.056e+002
 6.750e+002 2.930e+000 9.600e+001 1.016e+001 4.646e+001 9.402e-002-1.554e+001 4.267e+002 1.888e+004 1.600e+001-5.932e+002-2.261e+000-9.507e+001 1.589e+000 2.047e+001-7.087e+000-4.109e+002 1.583e+001 5.500e+002
 6.880e+002 2.930e+000 9.600e+001 7.845e+000 4.499e+001 2.236e-001-1.373e+001 3.211e+002 1.403e+004 2.641e+001-4.529e+002-2.034e+000-8.401e+001 2.377e+000 3.252e+001-1.141e+001-6.817e+002 2.290e+001 7.519e+002
 7.000e+002 2.930e+000 1.170e+002 6.098e+001 7.702e+002 1.198e+000-2.344e+002 2.307e+003 9.871e+004 1.976e+002-8.740e+003-1.204e+001-4.463e+002 4.284e+000 7.658e+001-1.297e+001-3.836e+003 2.118e+001 1.820e+003
 7.130e+002 2.930e+000 8.700e+001 4.824e+000 1.936e+001 1.898e-001 5.686e-001 1.760e+002 7.764e+003 1.202e+001-2.386e+002-7.661e-001-4.415e+001 2.090e+000 3.196e+001 3.441e+000-4.149e+002 2.814e+001 1.094e+003
 7.250e+002 2.930e+000 9.600e+001 5.507e+000 2.941e+001 1.226e-001 1.349e+000 2.132e+002 9.014e+003 1.012e+001-4.637e+001-7.071e-001-3.196e+001 1.882e+000 2.866e+001 3.875e+000 4.267e+000 2.386e+001 8.479e+002
 7.380e+002 2.930e+000 9.600e+001 4.704e+000 2.345e+001 7.928e-002-3.075e+000 1.794e+002 7.357e+003 7.550e+000-1.542e+002-7.935e-001-3.179e+001 1.281e+000 1.972e+001-1.181e-001-7.216e+001 1.411e+001 5.297e+002
 7.500e+002 2.930e+000 1.410e+002 3.788e+001 5.767e+002-2.119e-001-2.469e+002 1.346e+003 5.943e+004 1.936e+002-7.555e+003-1.224e+001-4.321e+002 5.164e+000 1.011e+002-6.109e+001-6.605e+003 3.565e+001 2.500e+003
 7.630e+002 2.930e+000 9.600e+001 4.292e+000 2.177e+001 5.828e-003-2.287e+000 1.618e+002 6.727e+003 5.843e-001-1.728e+002-7.182e-001-2.779e+001 8.451e-001 1.109e+001 1.013e+000 2.399e+001 9.722e+000 3.376e+002
 7.750e+002 2.930e+000 8.700e+001 3.313e+000 1.539e+001 5.889e-002-4.335e+000 1.325e+002 5.871e+003 4.794e+000-2.119e+002-7.224e-001-2.881e+001 5.595e-001 6.674e+000-2.369e+000-1.346e+002 4.440e+000 1.665e+002
 7.880e+002 2.930e+000 1.050e+002 3.630e+000 1.931e+001 5.773e-002-3.035e+000 1.381e+002 5.904e+003 4.332e+000-1.387e+002-7.291e-001-2.519e+001 7.636e-001 8.588e+000-2.219e+000-9.306e+001 7.499e+000 2.343e+002
 8.000e+002 2.930e+000 1.110e+002 7.257e+000 8.785e+001-3.087e-001-1.092e+001 2.932e+002 1.480e+004-5.777e+000-6.300e+002-1.522e+000-6.745e+001 1.046e+000 1.077e+001-1.017e+000-1.754e+002 9.339e+000 3.534e+002
 8.130e+002 2.930e+000 7.200e+001 3.409e+000 3.359e+001-5.848e-002-5.234e+000 1.347e+002 6.463e+003 6.071e+000-2.733e+002-7.690e-001-3.078e+001 7.327e-001 8.772e+000-7.930e-001-1.133e+002 6.918e+000 2.448e+002
 8.250e+002 2.930e+000 8.100e+001 3.071e+000 1.763e+001-8.542e-002-6.848e+000 1.320e+002 7.107e+003-1.629e+001-6.421e+002-5.897e-001-2.544e+001 1.130e+000 1.607e+001-1.076e-001 5.903e+001 1.601e+001 5.531e+002
 8.380e+002 2.930e+000 1.410e+002 1.251e+001 3.047e+001-2.811e+000-1.017e+002 7.463e+002 5.121e+004-2.267e+002-8.116e+003-2.842e+000-1.856e+002 2.973e+000 4.376e+001-3.526e-001-1.152e+002 5.672e+001 2.044e+003
 8.500e+002 2.930e+000 9.600e+001 3.729e+002-6.697e+002-1.414e+002-5.195e+003 2.668e+004 1.950e+006-1.075e+004-3.829e+005-1.129e+002-7.806e+003 9.319e+001 1.453e+003-3.979e+002-1.697e+004 2.218e+003 7.635e+004
 8.630e+002 2.930e+000 9.300e+001 9.821e+000 5.746e+000-1.694e+000-6.334e+001 5.198e+002 3.184e+004-1.334e+002-4.474e+003-2.305e+000-1.196e+002 1.850e+000 2.597e+001-5.380e+000 3.165e+001 3.166e+001 1.050e+003
 8.750e+002 2.930e+000 8.700e+001 5.075e+000 3.004e+001-2.460e-001-1.721e+001 2.208e+002 1.160e+004-1.807e+001-1.233e+003-1.097e+000-5.315e+001 9.377e-001 1.369e+001-3.202e+000-1.887e+002 1.308e+001 4.911e+002
 8.880e+002 2.930e+000 1.320e+002 9.514e+000 9.766e+001 6.191e-001-2.044e+000 3.285e+002 1.468e+004 3.172e+001-3.039e+002-2.518e+000-6.468e+001 1.545e+000 8.777e+000-1.263e+001-1.089e+002 1.680e+001 4.509e+002
 9.000e+002 2.930e+000 8.700e+001 6.379e+001 1.012e+003 6.097e+000-5.989e+000 1.755e+003 7.024e+004 5.143e+002 9.532e+002-2.228e+001-4.940e+002 9.354e+000 1.795e+001-1.177e+002-3.226e+003 5.652e+001 7.351e+002
 9.130e+002 2.930e+000 8.700e+001 5.713e+001 1.199e+003 1.098e+001 1.145e+002 1.650e+003 7.892e+004 6.326e+002 3.118e+003-1.709e+001-3.441e+002 1.097e+001 4.505e+000-7.433e+001-1.370e+003 1.190e+002 2.166e+003
 9.250e+002 2.930e+000 8.100e+001 8.107e+000 1.193e+002 1.135e+000 1.861e+001 2.551e+002 1.171e+004 3.006e+001 1.109e+002-1.076e+000-1.828e+001 1.112e+000 7.384e+000-3.764e+000 3.579e+002 1.899e+001 5.447e+002
 9.380e+002 2.930e+000 1.440e+002 4.182e+001 7.020e+002 9.246e+000 1.842e+002 1.132e+003 4.621e+004 3.327e+002 6.419e+003-7.058e+000-2.144e+001 4.472e+000 1.251e+001-1.246e+002 5.590e+002 8.489e+001 2.008e+003
 9.500e+002 2.930e+000 9.600e+001 9.962e+002 1.763e+004 2.578e+002 5.269e+003 2.590e+004 9.989e+005 9.836e+003 2.041e+005-1.839e+002-1.654e+002 1.034e+002 8.431e+001-3.938e+003-5.550e+003 2.159e+003 4.611e+004
 9.630e+002 2.930e+000 9.300e+001 2.775e+001 4.625e+002 6.520e+000 1.147e+002 7.624e+002 3.055e+004 2.453e+002 4.482e+003-4.891e+000-1.296e+001 3.065e+000 1.039e+001-9.005e+001-2.882e+001 5.520e+001 1.223e+003
 9.750e+002 2.930e+000 1.170e+002 1.050e+001 1.178e+002 1.700e+000 2.447e+001 3.280e+002 1.324e+004 5.397e+001 7.045e+002-1.554e+000-2.166e+001 1.528e+000 1.209e+001-1.624e+001 1.185e+002 2.366e+001 6.247e+002
 9.880e+002 2.930e+000 1.200e+002 8.889e+000 1.112e+002 1.987e+000 4.276e+001 2.614e+002 1.096e+004 3.942e+001 4.367e+002-4.645e-001 1.547e+000 2.198e+000 1.307e+001 4.973e+000 5.612e+002 4.648e+001 1.320e+003
 1.000e+003 2.930e+000 5.580e+002 5.648e+001 5.173e+002 1.060e+001 2.014e+002 1.795e+003 6.908e+004 3.236e+002 5.814e+003-6.391e+000-9.448e+001 7.767e+000 5.109e+001-1.291e+002-1.629e+003 1.406e+002 4.079e+003
 1.130e+003 2.930e+000 1.068e+003 7.046e+002 7.999e+003 4.863e+001 5.659e+002 2.496e+004 1.048e+006 3.896e+003 3.873e+004-2.119e+002-6.281e+003 7.991e+001-1.410e+002-2.618e+003-1.038e+005 7.655e+002 1.975e+004
 1.250e+003 2.930e+000 9.090e+002 3.405e+002 7.737e+003 3.358e+001 4.419e+002 1.319e+004 7.194e+005 3.743e+003 4.056e+004-9.065e+001-2.559e+003 4.790e+001 5.746e+001-8.703e+002-2.382e+004 4.699e+002 6.882e+003
 1.380e+003 2.930e+000 9.120e+002 5.829e+002 6.736e+003 6.424e+001-7.665e+002 1.836e+004 6.727e+005 4.225e+003-2.656e+004-1.985e+002-5.378e+003 7.976e+001 1.924e+002-8.675e+001-1.352e+004-4.176e+001 4.512e+003
 1.500e+003 2.930e+000 5.700e+001 1.516e+001 6.191e+001-1.551e+000-9.262e+001 6.762e+002 3.266e+004-8.206e+001-4.456e+003-1.426e+000-6.038e+001 8.615e-001-4.181e+000-1.766e+001-1.918e+003 2.083e+001 1.481e+003
 1.630e+003 2.930e+000 7.200e+001 1.031e+001 3.946e+001-2.551e+000-1.163e+002 5.412e+002 2.928e+004-1.367e+002-5.918e+003-6.241e-001-4.130e+001 8.990e-001-1.668e+001-8.938e+001-5.309e+003 3.782e+001 2.442e+003
 1.750e+003 2.930e+000 4.800e+001 4.301e+001 6.899e+001-1.038e+001-4.292e+002 2.251e+003 1.190e+005-5.435e+002-2.196e+004-3.840e+000-2.122e+002 3.180e+000-7.534e+001-4.641e+002-2.522e+004 1.474e+002 9.639e+003
 1.880e+003 2.930e+000 7.200e+001 1.046e+002 2.925e+002-2.594e+001-1.111e+003 5.382e+003 2.821e+005-1.340e+003-5.425e+004-9.762e+000-5.691e+002 8.214e+000-1.840e+002-1.188e+003-6.422e+004 3.984e+002 2.624e+004
 2.000e+003 2.930e+000 7.200e+001 1.039e+002 8.942e+001-2.462e+001-1.130e+003 5.138e+003 2.709e+005-1.491e+003-6.396e+004-1.049e+001-6.587e+002 1.579e+001-5.658e+001-1.169e+003-5.784e+004 5.785e+002 3.366e+004
 2.130e+003 2.930e+000 4.800e+001 2.194e+001 1.800e+001-5.779e+000-2.239e+002 1.096e+003 5.714e+004-3.073e+002-1.212e+004-2.573e+000-1.197e+002 2.513e+000-3.970e+001-2.347e+002-1.188e+004 1.007e+002 5.652e+003
 2.250e+003 2.930e+000 6.600e+001 4.290e+000 1.737e+001-8.783e-001-3.886e+001 1.952e+002 9.756e+003-4.467e+001-1.868e+003-5.466e-001-2.309e+001 5.938e-001-2.594e+000-3.888e+001-1.946e+003 1.839e+001 1.106e+003
 2.380e+003 2.930e+000 6.900e+001 1.780e+001 8.603e+001-2.698e+000-2.256e+002 8.096e+002 3.886e+004-1.195e+002-9.722e+003-3.106e+000-1.452e+002 1.241e+000 9.289e+000-1.859e+002-9.734e+003 6.969e+001 5.038e+003
 2.500e+003 2.930e+000 4.800e+001 2.415e+000 5.408e+000-5.493e-001-2.825e+001 1.176e+002 5.900e+003-2.709e+001-1.388e+003-2.779e-001-1.389e+001 2.403e-001-2.339e+000-2.464e+001-1.280e+003 1.061e+001 6.618e+002
 2.630e+003 2.930e+000 7.200e+001 5.463e+000 1.221e+001-9.942e-001-5.016e+001 2.217e+002 9.223e+003-4.029e+001-2.027e+003-7.002e-001-2.898e+001 3.833e-001-1.468e+000-4.445e+001-1.923e+003 1.673e+001 9.365e+002
 2.750e+003 2.930e+000 6.300e+001 1.325e+000 5.542e-001-2.457e-001-9.814e+000 4.453e+001 1.667e+003-8.673e+000-3.626e+002-2.349e-001-6.938e+000 1.728e-001 1.288e-001-1.110e+001-3.714e+002 5.280e+000 2.277e+002
 2.880e+003 2.930e+000 4.800e+001 5.778e-001 6.600e-001-1.075e-001-5.075e+000 2.180e+001 8.837e+002-4.707e+000-2.135e+002-1.073e-001-3.934e+000 7.973e-002 2.908e-001-4.485e+000-1.741e+002 2.681e+000 1.256e+002
 3.000e+003 2.930e+000 6.300e+001 4.116e+000 4.962e+000-4.466e-001-4.247e+001 1.166e+002 3.747e+003-1.038e+001-1.136e+003-1.555e+000-4.136e+001 7.403e-001 1.350e+001-3.557e+001-1.128e+003 1.876e+001 8.250e+002
 3.130e+003 2.930e+000 6.900e+001 7.517e-001 3.112e+000-1.154e-001-5.814e+000 2.493e+001 9.331e+002-3.542e+000-1.820e+002-8.775e-002-2.957e+000 1.190e-001 1.326e+000-4.499e+000-1.942e+002 2.897e+000 1.611e+002
 3.250e+003 2.930e+000 4.200e+001 3.917e-001 2.101e+000 2.615e-002-1.924e+000 1.043e+001 3.809e+002 4.850e-001-3.734e+001-1.465e-001-6.461e-001 3.072e-001 2.439e+000-4.913e+000-1.081e+002 5.159e+000 1.538e+002
 3.380e+003 2.930e+000 6.900e+001 1.054e+000 5.365e-001-2.367e-001-7.599e+000 3.707e+001 1.410e+003-8.423e+000-3.019e+002-1.582e-001-5.229e+000 2.070e-001 8.901e-001-7.629e+000-3.109e+002 4.738e+000 2.273e+002
 3.500e+003 2.930e+000 7.200e+001 8.353e+000-3.066e+000-2.072e+000-1.026e+002 3.202e+002 1.242e+004-8.146e+001-4.068e+003-1.280e+000-4.819e+001 8.900e-001-3.718e+000-8.228e+001-3.134e+003 4.202e+001 2.274e+003
 3.630e+003 2.930e+000 4.800e+001 2.438e+000-1.470e+000-6.093e-001-2.404e+001 8.956e+001 3.461e+003-2.277e+001-9.807e+002-3.865e-001-1.212e+001 3.321e-001-1.958e+000-2.519e+001-9.437e+002 1.166e+001 6.410e+002
 3.750e+003 2.930e+000 6.600e+001 3.098e+000 1.224e+001-5.335e-001-2.447e+001 1.082e+002 4.126e+003-1.775e+001-9.576e+002-4.500e-001-1.668e+001 3.329e-001 1.037e+000-1.958e+001-8.218e+002 1.046e+001 5.988e+002
 3.880e+003 2.930e+000 6.900e+001 1.400e+001 4.375e+001-2.156e+000-1.304e+002 4.842e+002 1.847e+004-7.558e+001-5.154e+003-1.956e+000-6.849e+001 1.083e+000 6.703e+000-5.323e+001-2.029e+003 4.164e+001 3.010e+003
 4.000e+003 2.930e+000 4.800e+001 4.536e+001 6.361e+002-7.533e-001-1.902e+002 1.215e+003 4.273e+004 7.983e+001-8.247e+003-7.910e+000-2.080e+002 1.857e+000 2.521e+001 1.481e+002 1.214e+003-1.044e+001 2.366e+003
 4.130e+003 2.930e+000 7.200e+001 5.018e+001-9.836e+001-1.525e+001-6.007e+002 1.831e+003 6.869e+004-5.867e+002-2.400e+004-9.370e+000-2.985e+002 6.936e+000-6.623e+001-5.402e+002-1.848e+004 2.986e+002 1.467e+004
 4.250e+003 2.930e+000 6.900e+001 1.285e+001 6.350e+000-2.484e+000-1.065e+002 4.262e+002 1.466e+004-8.468e+001-3.795e+003-2.627e+000-8.324e+001 1.476e+000-3.663e+000-1.308e+002-4.340e+003 5.809e+001 2.766e+003
 4.380e+003 2.930e+000 4.800e+001 1.213e+000 7.957e-001-2.062e-001-9.906e+000 4.108e+001 1.548e+003-8.099e+000-4.474e+002-2.330e-001-8.060e+000 3.517e-001 3.010e+000-9.840e+000-3.562e+002 9.596e+000 4.338e+002
 4.500e+003 2.930e+000 6.600e+001 2.205e+000-6.438e+000-7.290e-001-2.125e+001 6.996e+001 2.527e+003-2.715e+001-9.575e+002-6.062e-001-1.396e+001 7.895e-001-4.871e+000-3.022e+001-9.114e+002 2.411e+001 1.045e+003
 4.630e+003 2.930e+000 6.600e+001 8.555e-001 2.995e+000-8.038e-002-4.539e+000 2.515e+001 8.176e+002-2.314e+000-1.688e+002-1.542e-001-4.945e+000 2.785e-001 2.703e+000-5.617e+000-2.002e+002 6.493e+000 2.656e+002
 4.750e+003 2.930e+000 4.500e+001 1.066e+000 3.969e+000-1.016e-001-6.331e+000 3.125e+001 1.031e+003-3.869e+000-2.544e+002-2.526e-001-7.671e+000 3.543e-001 4.329e+000-7.042e+000-2.302e+002 9.295e+000 3.668e+002
 4.880e+003 2.930e+000 7.200e+001 2.960e+000 2.228e+001 3.931e-002-1.974e+001 7.958e+001 2.392e+003 9.165e+000-4.229e+002-1.032e+000-2.882e+001 9.637e-001 1.712e+001-2.353e+001-8.367e+002 2.163e+001 8.731e+002
 5.000e+003 2.930e+000 6.300e+001 7.526e-001 4.839e+000-1.048e-001-5.711e+000 2.132e+001 6.874e+002-2.595e+000-1.913e+002-8.314e-002-3.606e+000 3.343e-001 5.564e+000-1.609e+000-1.070e+002 8.301e+000 3.591e+002
 5.130e+003 2.930e+000 4.500e+001 5.392e-001 3.882e+000-9.903e-002-4.360e+000 1.688e+001 6.027e+002-3.321e+000-1.744e+002 2.207e-003-1.321e+000 1.563e-001 1.976e+000 1.580e-001-4.768e+001 4.207e+000 1.802e+002
 5.250e+003 2.930e+000 6.900e+001 5.721e-001 4.265e+000 3.663e-002-1.169e+000 1.510e+001 4.770e+002 5.811e-001-8.737e+001-4.763e-002-3.304e+000 5.060e-001 8.479e+000-1.875e+000-9.684e+001 1.116e+001 4.352e+002
 5.380e+003 2.930e+000 7.200e+001 1.275e+000 9.955e+000-2.939e-002-9.035e+000 3.696e+001 1.193e+003 5.328e-001-2.359e+002-2.278e-001-7.610e+000 5.970e-001 1.038e+001-8.421e+000-3.331e+002 1.490e+001 6.538e+002
 5.500e+003 2.930e+000 4.500e+001 5.459e-001 5.035e+000-1.191e-001-4.651e+000 1.497e+001 4.829e+002-1.976e+000-1.369e+002-6.957e-002-4.062e+000 2.629e-001 4.529e+000 1.231e+000-4.478e+001 6.273e+000 2.720e+002
 5.630e+003 2.930e+000 6.900e+001 1.439e+000 6.802e+000-9.549e-002-1.413e+001 4.364e+001 1.481e+003-1.126e+000-4.041e+002-3.006e-001-1.164e+001 4.206e-001 6.531e+000-8.063e+000-3.360e+002 1.272e+001 6.530e+002
 5.750e+003 2.930e+000 5.700e+001 8.472e-001 5.385e+000 1.012e-001 1.690e+000 2.559e+001 9.248e+002 2.707e+000 1.786e+001-1.401e-001-4.951e+000 6.255e-001 9.831e+000-1.874e-001 3.801e+001 1.315e+001 5.626e+002
 5.880e+003 2.930e+000 4.800e+001 1.211e+000 1.009e+001 2.840e-001 2.973e+000 3.125e+001 9.422e+002 8.365e+000 7.176e+001-2.165e-001-4.061e+000 6.074e-001 7.733e+000-5.427e+000-1.389e+002 1.340e+001 4.691e+002
 6.000e+003 2.930e+000 6.900e+001 3.890e+001 2.872e+002 1.019e+001-6.493e+001 9.622e+002 2.608e+004 3.812e+002 1.369e+003-1.741e+001-3.531e+002 1.164e+001 1.493e+002-3.949e+002-1.015e+004 1.875e+002 5.175e+003
 6.130e+003 2.930e+000 7.200e+001 1.948e+000 1.388e+001 1.650e-001 3.682e-001 4.759e+001 1.342e+003 5.989e+000-2.919e+001-2.427e-001-6.654e+000 5.816e-001 7.265e+000-3.190e+000-1.310e+002 1.240e+001 4.682e+002
 6.250e+003 2.930e+000 3.900e+001 5.955e-001 1.365e+000 1.814e-001 3.536e+000 1.806e+001 6.520e+002 5.250e+000 1.308e+002-1.603e-001-4.401e+000 5.336e-001 5.933e+000-3.289e+000-1.752e+001 1.223e+001 4.678e+002
 6.380e+003 2.930e+000 6.000e+001 5.113e-001 1.340e+000 1.771e-001 2.059e+000 1.364e+001 4.483e+002 6.055e+000 1.067e+002-9.279e-002-1.782e+000 7.993e-001 1.422e+001-5.314e+000-1.154e+002 1.886e+001 7.951e+002
 6.500e+003 2.930e+000 6.300e+001 5.314e-001 1.736e+000 6.522e-005-2.280e+000 1.481e+001 4.782e+002 1.160e+000-4.308e+001-1.135e-001-3.841e+000 4.765e-001 8.085e+000-2.363e+000-9.910e+001 1.065e+001 4.511e+002
 6.630e+003 2.930e+000 3.900e+001 3.297e-001 1.457e+000-4.097e-002-1.446e+000 8.894e+000 2.855e+002-3.263e-001-5.615e+001-3.915e-002-2.834e+000 4.080e-001 6.476e+000 9.977e-001-2.904e+001 9.964e+000 4.039e+002
 6.750e+003 2.930e+000 7.200e+001 6.731e-001 1.417e+000 1.315e-001 5.286e+000 1.382e+001 3.472e+002 2.283e+000 4.702e+001 6.486e-002-1.492e+000 8.124e-001 1.081e+001-6.830e-001-5.213e+001 1.623e+001 5.351e+002
 6.880e+003 2.930e+000 5.400e+001 4.696e-001 1.556e+000 2.878e-001 7.962e+000 1.104e+001 3.005e+002 6.608e+000 1.606e+002 1.721e-002-9.168e-001 1.192e+000 1.924e+001-5.268e+000-1.431e+002 2.607e+001 9.455e+002
 7.000e+003 2.930e+000 4.500e+001 2.132e-001 1.291e+000 3.566e-002-1.399e+000 5.338e+000 1.713e+002 2.239e+000-2.184e+001-1.497e-001-4.930e+000 6.561e-001 9.838e+000-4.107e+000-1.398e+002 1.377e+001 4.767e+002
 7.130e+003 2.930e+000 5.700e+001 3.500e-001 1.539e+000-3.503e-002-5.414e-001 8.159e+000 2.456e+002 1.386e+000-1.890e+001-4.158e-002-4.197e+000 8.760e-001 1.452e+001 5.470e-002-9.924e+001 1.820e+001 7.070e+002
 7.250e+003 2.930e+000 6.300e+001 5.427e-001 2.116e+000 1.082e-001 4.281e+000 1.211e+001 3.365e+002 4.792e+000 8.221e+001 3.766e-002-3.350e+000 9.044e-001 1.282e+001-4.548e-001-1.206e+002 1.807e+001 6.368e+002
 7.380e+003 2.930e+000 4.200e+001 5.561e-001 2.517e+000 2.528e-001 7.260e+000 1.271e+001 3.699e+002 6.857e+000 1.617e+002 2.054e-002-2.537e+000 9.287e-001 1.288e+001-3.397e+000-1.288e+002 1.948e+001 6.604e+002
 7.500e+003 2.930e+000 6.300e+001 9.450e-001 4.855e+000 2.857e-001 8.412e+000 2.711e+001 9.402e+002 1.153e+001 2.685e+002-2.169e-001-1.060e+001 1.277e+000 1.627e+001-4.377e+000-1.657e+002 2.341e+001 8.133e+002
 7.630e+003 2.930e+000 6.900e+001 1.606e+000 1.221e+001 1.953e-001-9.344e+000 4.698e+001 1.544e+003 1.837e+001-9.257e+001-1.348e+000-4.236e+001 2.131e+000 2.547e+001-2.371e+001-8.678e+002 3.716e+001 1.055e+003
 7.750e+003 2.930e+000 4.800e+001 1.546e+000 1.210e+001 1.835e-001-6.255e+000 4.296e+001 1.402e+003 1.947e+001-5.477e+000-1.162e+000-3.889e+001 2.165e+000 2.356e+001-1.912e+001-7.990e+002 3.892e+001 1.049e+003
 7.880e+003 2.930e+000 7.200e+001 2.109e+001 1.622e+002 1.385e+000-5.326e+001 5.232e+002 1.502e+004 1.402e+002-1.428e+002-1.037e+001-2.947e+002 1.032e+001 7.915e+001-1.337e+002-4.821e+003 1.621e+002 3.443e+003
 8.000e+003 2.930e+000 7.200e+001 1.501e+002 1.561e+003 6.244e+000-9.698e+002 4.393e+003 1.469e+005 1.704e+003-5.220e+003-1.402e+002-4.175e+003 1.439e+002 1.096e+003-2.209e+003-7.771e+004 2.260e+003 4.420e+004
 8.130e+003 2.930e+000 4.800e+001 5.395e+000 5.097e+001 2.963e-002-3.393e+001 1.493e+002 4.923e+003 5.287e+001-2.626e+002-4.461e+000-1.403e+002 5.429e+000 4.119e+001-6.400e+001-2.418e+003 8.234e+001 1.655e+003
 8.250e+003 2.930e+000 7.200e+001 2.402e+000 2.339e+001-9.686e-002-1.655e+001 6.302e+001 2.023e+003 2.083e+001-2.031e+002-1.907e+000-6.157e+001 3.098e+000 3.248e+001-2.819e+001-1.110e+003 4.936e+001 1.277e+003
 8.380e+003 2.930e+000 6.300e+001 1.113e+000 7.567e+000 1.962e-001-3.499e+000 3.133e+001 1.049e+003 1.332e+001 2.526e+001-6.398e-001-1.997e+001 1.205e+000 1.251e+001-1.066e+001-3.867e+002 1.960e+001 5.874e+002
 8.500e+003 2.930e+000 4.800e+001 4.781e-001 2.191e+000 1.179e-001 1.836e+000 1.168e+001 3.669e+002 5.630e+000 3.676e+001-1.183e-001-6.931e+000 8.694e-001 9.758e+000-2.472e+000-1.449e+002 1.436e+001 4.284e+002
 8.630e+003 2.930e+000 6.900e+001 6.835e-001 3.657e+000 1.390e-001 2.088e+000 1.443e+001 4.151e+002 5.270e+000 5.118e+001-6.418e-002-5.098e+000 6.276e-001 6.744e+000-1.795e+000-1.095e+002 1.138e+001 3.879e+002
 8.750e+003 2.930e+000 7.200e+001 7.590e-001 3.587e+000 2.302e-001 4.142e+000 1.535e+001 4.035e+002 7.414e+000 5.999e+001-6.978e-002-6.538e+000 1.234e+000 1.625e+001-3.936e+000-1.913e+002 2.256e+001 7.239e+002
 8.880e+003 2.930e+000 4.500e+001 3.111e-001 1.419e+000 7.899e-002 2.094e-001 6.239e+000 1.536e+002 3.127e+000 1.594e+001-1.134e-001-3.865e+000 5.652e-001 7.310e+000-4.528e+000-1.463e+002 1.189e+001 4.037e+002
 9.000e+003 2.930e+000 5.700e+001 6.150e-001 1.798e+000 2.599e-001 5.077e+000 1.234e+001 2.892e+002 6.410e+000 7.901e+001-7.702e-002-4.696e+000 1.190e+000 1.722e+001-5.860e+000-2.003e+002 2.499e+001 8.336e+002
 9.130e+003 2.930e+000 6.900e+001 4.059e-001 1.567e+000 2.557e-002-2.557e-002 7.343e+000 1.793e+002 1.262e+000-3.261e+001-2.239e-002-3.264e+000 5.479e-001 7.759e+000-1.400e+000-9.102e+001 9.919e+000 3.709e+002
 9.250e+003 2.930e+000 4.500e+001 3.864e-001 8.968e-001 2.425e-001 3.774e+000 7.555e+000 1.831e+002 5.263e+000 3.924e+001-6.541e-003-3.259e+000 1.097e+000 1.613e+001-4.937e+000-1.714e+002 2.295e+001 7.859e+002
 9.380e+003 2.930e+000 5.100e+001 4.579e-001 4.501e-001 3.010e-001 6.125e+000 9.889e+000 2.766e+002 6.603e+000 9.225e+001-7.943e-002-4.678e+000 8.576e-001 1.216e+001-5.575e+000-1.496e+002 1.660e+001 5.843e+002
 9.500e+003 2.930e+000 6.600e+001 6.082e-001 1.173e+000 2.922e-001 3.275e+000 1.210e+001 2.874e+002 7.741e+000 6.343e+001-1.558e-001-6.659e+000 1.456e+000 2.193e+001-9.884e+000-2.933e+002 3.089e+001 1.082e+003
 9.630e+003 2.930e+000 3.900e+001 3.552e-001 7.648e-001 1.115e-001 1.752e+000 7.150e+000 1.731e+002 3.378e+000 2.167e+001-3.291e-003-2.666e+000 7.938e-001 1.091e+001-2.308e+000-1.208e+002 1.692e+001 5.562e+002
 9.750e+003 2.930e+000 6.600e+001 5.593e-001 6.443e-001 2.498e-001 6.777e+000 9.868e+000 2.273e+002 4.947e+000 6.197e+001 8.726e-002-3.377e+000 1.421e+000 2.117e+001-1.980e+000-1.379e+002 2.911e+001 9.966e+002
 9.880e+003 2.930e+000 7.200e+001 1.050e+000 3.676e+000 3.707e-001 8.494e+000 2.029e+001 4.646e+002 8.511e+000 9.154e+001-9.418e-002-8.012e+000 1.967e+000 2.915e+001-7.534e+000-2.808e+002 4.134e+001 1.446e+003
 1.000e+004 2.930e+000 3.420e+002 7.356e+000 3.186e+001 1.236e+000 7.123e+000 1.418e+002 3.179e+003 3.606e+001-7.632e+001-1.805e+000-6.344e+001 1.093e+001 1.547e+002-3.556e+001-1.332e+003 2.142e+002 7.009e+003
 1.130e+004 2.930e+000 5.670e+002 9.421e+000 3.411e+001 3.017e+000 4.811e+001 1.739e+002 3.737e+003 6.704e+001 6.400e+002-1.047e+000-4.920e+001 1.292e+001 1.872e+002-5.447e+001-1.740e+003 2.682e+002 8.870e+003
 1.250e+004 2.930e+000 4.830e+002 3.640e+000 8.735e+000 1.947e+000 4.124e+001 5.966e+001 1.345e+003 3.647e+001 1.748e+002-7.018e-001-5.590e+001 1.364e+001 1.828e+002-3.397e+001-1.349e+003 2.544e+002 7.879e+003
 1.380e+004 2.930e+000 4.710e+002 2.157e+000 3.283e+000 1.427e+000 3.761e+001 3.155e+001 7.412e+002 1.686e+001 2.821e+001-2.184e-001-4.192e+001 1.189e+001 1.540e+002-2.334e+001-8.621e+002 2.122e+002 6.447e+003
 1.500e+004 2.930e+000 3.360e+002 1.107e+000-6.635e-001 1.201e+000 2.321e+001 1.457e+001 2.855e+002 1.745e+001 2.086e+002-3.629e-002-1.011e+001 4.139e+000 5.458e+001-1.804e+001-4.516e+002 8.396e+001 2.635e+003
 1.630e+004 2.930e+000 4.260e+002 4.400e+000 1.954e+001 3.190e+000 6.105e+001 7.635e+001 1.640e+003 5.286e+001 9.354e+002 8.561e-001 1.401e+001 7.532e+000 7.495e+001-1.793e+001-1.974e+002 1.191e+002 3.066e+003
 1.750e+004 2.930e+000 4.050e+002 3.707e+000 2.083e+001 5.225e-001 3.962e+000 4.329e+001 7.529e+002 4.252e+000-1.153e+001-1.032e+000-2.208e+001 4.658e+000 5.824e+001-3.937e+001-5.748e+002 9.341e+001 2.936e+003
 1.880e+004 2.930e+000 3.780e+002 4.569e+000 2.304e+001 3.107e-001-2.771e+001 5.232e+001 7.797e+002 1.278e+001-1.284e+002-2.054e+000-2.639e+001 2.719e+000 3.388e+001-5.043e+001-7.839e+002 5.449e+001 1.708e+003
 2.000e+004 2.930e+000 4.680e+002 3.241e+000 1.393e+001 4.381e+000 1.834e+002 1.172e+001 2.196e+002-2.139e+001-2.847e+002 6.972e+000 2.280e+001 3.026e+001 3.338e+002 1.203e+002 8.027e+002 7.349e+002 2.184e+004
 2.130e+004 2.930e+000 3.120e+002 1.098e+000 6.097e+000 3.629e-002-3.502e+000 1.116e+001 1.738e+002 1.353e+000-5.700e+000-2.617e-001-3.506e+000 6.928e-001 5.638e+000-7.793e+000-1.072e+002 1.077e+001 3.170e+002
 2.250e+004 2.930e+000 4.320e+002 1.477e+000 9.829e+000 1.099e-001 1.999e+000 1.521e+001 2.683e+002 1.254e+000 3.802e+001-4.790e-002-1.057e+000 4.729e-001 2.496e+000-3.483e+000-2.071e+001 4.594e+000 1.485e+002
 2.380e+004 2.930e+000 6.300e+002 2.946e+002 1.999e+003-1.518e+000-1.801e+002 4.285e+003 7.600e+004 3.368e+002-9.769e+002-5.302e+001-7.842e+002 1.052e+001 3.765e+001-2.458e+002-4.799e+003 5.765e+001 6.688e+002
 2.500e+004 2.930e+000 5.220e+002 4.223e+000 2.387e+001 2.285e-003-2.166e+001 5.353e+001 8.768e+002 9.797e+000-9.091e+001-2.288e+000-3.019e+001 3.442e+000 3.195e+001-4.600e+001-6.710e+002 7.078e+001 1.939e+003
 2.630e+004 2.930e+000 2.700e+002 7.160e-001 4.140e+000 8.654e-002-1.181e+000 4.778e+000 8.520e+001 1.166e+000 9.345e+000-6.733e-002-8.579e-001 3.561e-001 2.355e+000-2.954e+000-4.023e+001 4.242e+000 1.187e+002
 2.750e+004 2.930e+000 3.150e+002 1.165e+000 7.221e+000 7.477e-002-2.246e+000 1.182e+001 2.031e+002 1.606e+000 7.999e+000-1.260e-001-1.493e+000 3.595e-001 2.634e+000-3.244e+000-5.206e+001 4.352e+000 1.439e+002
 2.880e+004 2.930e+000 2.100e+002 3.369e-001 1.897e+000 3.500e-002-2.349e-001 3.154e+000 5.317e+001 6.515e-001 6.998e+000-4.251e-002-6.401e-001 1.771e-001 1.241e+000-1.630e+000-2.080e+001 1.505e+000 5.559e+001
 3.000e+004 2.930e+000 1.860e+002 4.466e-001 1.189e+000-2.899e-002-4.370e+000 2.714e+000 2.464e+001-2.604e-002-2.527e+001-5.679e-002-5.079e-001 1.173e-001 9.353e-001-7.497e-001-1.856e+001 1.003e+000 7.158e+001
 3.130e+004 2.930e+000 1.890e+002 1.106e+000 8.277e+000-3.397e-002-8.409e-001 6.025e+000 1.451e+002 2.792e+000-6.040e+001-4.850e-001-4.437e+000 6.701e-001 3.357e+000-1.319e-001-2.393e+001 1.031e+001 3.626e+002
 3.250e+004 2.930e+000 1.830e+002 2.045e+000 1.876e+001 2.724e-002 5.083e+000 8.919e+000 2.378e+002 4.252e+000-1.157e+002-4.324e-001-1.601e+000 1.796e-001-1.236e+000 1.403e+001 1.150e+002-2.245e+000 1.647e+002
 3.380e+004 2.930e+000 1.020e+002 4.111e-002-1.253e-001-2.614e-003-1.596e-001 1.924e-001 1.199e+001 3.260e-001 1.412e+001 9.649e-003 1.735e-001 5.512e-002 1.855e-002 2.770e-001 9.489e+000 9.207e-001 4.168e+001
 3.500e+004 2.930e+000 9.000e+001 3.057e-002 5.910e-002 2.548e-003 5.833e-002 1.316e-001 1.958e+000 3.961e-002 5.994e-001 1.493e-003 1.916e-002 3.356e-002 1.189e-001-2.586e-002 6.245e-002 2.224e-001 6.206e+000
 3.630e+004 2.930e+000 1.500e+002 2.578e-001 1.148e+000 1.163e-002 4.423e-002 3.988e+000 8.210e+001 8.807e-001 1.453e+001-5.310e-002-7.743e-001 8.831e-002 1.106e-001-6.560e-002 3.700e+000 1.129e+000 3.905e+001
 3.750e+004 2.930e+000 1.260e+002 5.026e-002 3.381e-002 2.712e-002 6.502e-001 8.957e-001 3.555e+001 1.012e+000 3.184e+001 1.782e-002 6.333e-001 9.731e-002 1.324e-001 6.451e-001 2.659e+001 1.820e+000 6.348e+001
 3.880e+004 2.930e+000 1.740e+002 9.151e-002 5.566e-001 1.393e-002 1.726e-001 1.058e+000 2.746e+001 4.049e-001 7.088e+000 2.353e-003 1.031e-001 5.761e-002-7.476e-003 5.032e-001 1.137e+001 5.020e-001 2.243e+001
 4.000e+004 2.930e+000 5.640e+002 1.094e+001 9.800e+001-6.457e-001-2.935e+001 1.559e+002 3.142e+003 5.531e+000-9.938e+002-1.596e+000-2.875e+001 4.866e-001 9.018e+000 6.500e+001 6.756e+002-6.293e+000 5.258e+002
 4.130e+004 2.930e+000 1.530e+002 7.779e-002 4.837e-001 8.872e-003 8.035e-002 7.703e-001 1.502e+001 1.359e-001-7.106e-001-1.083e-004 1.595e-002 4.792e-002 1.399e-001 3.362e-001 5.209e+000 3.555e-001 1.372e+001
 4.250e+004 2.930e+000 1.410e+002 4.743e-002 2.695e-001 2.058e-002 4.339e-001 6.844e-001 1.921e+001 3.699e-001 9.433e+000 4.518e-003 2.570e-001 5.151e-002 1.602e-001 2.055e-001 1.085e+001 4.996e-001 1.731e+001
 4.380e+004 2.930e+000 1.710e+002 5.362e-002 1.911e-001 1.705e-002 2.919e-001 6.799e-001 1.732e+001 3.761e-001 6.505e+000 4.323e-003 2.112e-001 5.338e-002 5.613e-002 1.963e-001 7.017e+000 4.583e-001 1.188e+001
 4.500e+004 2.930e+000 1.110e+002 1.831e-002 3.688e-002 1.510e-003 3.532e-002 8.079e-002 1.470e+000 4.242e-003-1.173e-001 2.740e-003-1.895e-002 3.033e-002 6.949e-002 2.389e-003-7.495e-002 1.877e-001 4.554e+000
 4.630e+004 2.930e+000 1.260e+002 3.473e-002 1.647e-001 4.571e-005 5.127e-002 2.781e-001 4.674e+000 4.715e-002 4.628e-002-1.882e-003-5.335e-003 2.960e-002 8.094e-002 9.741e-002 1.203e+000 1.011e-001 3.887e+000
 4.750e+004 2.930e+000 4.170e+002 3.105e+000 2.453e+001-5.984e-001-1.411e+001 3.524e+001 6.067e+002-2.544e+000-3.755e+002-5.275e-001-1.095e+001 3.086e-001 8.068e+000 2.678e+001 1.940e+002-1.340e+000 3.143e+002
 4.880e+004 2.930e+000 2.550e+002 8.217e-001 6.505e+000-1.469e-001-4.175e+000 9.324e+000 1.639e+002-5.174e-001-1.077e+002-1.460e-001-2.948e+000 1.084e-001 2.321e+000 7.260e+000 5.071e+001-3.677e-001 9.427e+001
 5.000e+004 2.930e+000 9.000e+001 1.637e-002 2.796e-002 3.050e-003 1.945e-002 1.103e-001 1.733e+000 2.307e-002 1.286e-001 1.805e-003 2.491e-002 1.512e-002 3.677e-002 4.493e-002 7.463e-001 8.116e-002 2.504e+000
 5.130e+004 2.930e+000 7.800e+001 1.154e-002 4.542e-002 2.730e-003 1.026e-002 5.688e-002 1.183e+000 1.808e-002 2.723e-001 5.399e-004 2.449e-002 1.336e-002 4.004e-002 7.619e-003 2.885e-001 5.540e-002 1.425e+000
 5.250e+004 2.930e+000 9.300e+001 1.288e-002 2.342e-002 1.061e-003-1.828e-002 6.420e-002 9.100e-001 9.446e-003-2.726e-002 9.907e-004 6.334e-003 1.201e-002 2.327e-002 2.546e-002 1.020e-001 3.569e-002 1.244e+000
 5.380e+004 2.930e+000 2.910e+002 1.313e+000 4.682e+000-7.679e-002-6.853e+000 1.217e+001 1.335e+002 1.426e+000-3.327e+001-5.865e-001-5.802e+000 3.198e-001 2.683e+000-8.566e+000-1.048e+002 4.519e+000 9.813e+001
 5.500e+004 2.930e+000 1.890e+002 1.246e-001 6.859e-001 4.067e-004-9.871e-001 1.644e+000 2.893e+001 1.430e-001-1.715e+001-2.695e-002-4.248e-001 3.695e-002 2.873e-001 3.789e-001-4.383e-001-1.920e-003 1.170e+001
 5.630e+004 2.930e+000 4.410e+002 2.021e+000 1.286e+001-2.338e-001-1.929e+001 3.067e+001 5.593e+002-1.056e-001-3.458e+002-5.402e-001-9.864e+000 2.361e-001 6.224e+000 7.397e+000-9.540e+000 4.110e-001 2.201e+002
 5.750e+004 2.930e+000 1.110e+002 1.486e-002 4.800e-002 4.740e-004-1.120e-002 8.107e-002 1.328e+000 1.333e-003-1.883e-001 6.989e-004 6.664e-003 1.410e-002 1.141e-002 2.264e-002 1.590e-001 3.061e-002 6.350e-001
 5.880e+004 2.930e+000 7.200e+001 7.048e-003 1.339e-002 4.521e-004-4.102e-004 2.548e-002 3.276e-001 9.128e-003 4.549e-003 8.458e-005 1.150e-003 6.402e-003-5.059e-003 9.395e-003 9.828e-002 7.100e-003 2.191e-001
 6.000e+004 2.930e+000 8.700e+001 1.848e-002 4.423e-002 1.012e-003-9.255e-002 1.568e-001 2.034e+000 4.157e-002-5.937e-001-1.213e-002-1.198e-001 2.551e-002 1.200e-001-1.510e-001-1.832e+000 2.120e-001 3.699e+000
 6.130e+004 2.930e+000 7.500e+001 6.506e-003 3.059e-003 4.846e-004 1.086e-004 1.863e-002 1.659e-001 6.316e-004-1.928e-002 2.259e-004 6.894e-004 8.125e-003 2.811e-003 6.513e-004 1.659e-003 7.240e-003 1.189e-001
 6.250e+004 2.930e+000 1.020e+002 1.079e-002 1.211e-002 2.347e-004-2.917e-002 6.488e-002 7.450e-001 1.244e-002-3.270e-001-1.582e-003-1.645e-002 8.999e-003 1.000e-002 7.126e-003 1.448e-002-4.429e-005 3.853e-001
 6.380e+004 2.930e+000 3.330e+002 6.220e-001 3.220e+000-6.433e-002-5.394e+000 8.006e+000 1.236e+002-1.462e-001-8.418e+001-1.346e-001-2.143e+000 6.957e-002 1.515e+000 2.452e+000 3.786e+000 8.082e-002 5.961e+001
 6.500e+004 2.930e+000 1.020e+002 1.220e-002 2.635e-002-6.093e-004-2.481e-002 4.885e-002 5.817e-001 6.794e-003-2.616e-001-9.001e-004-1.225e-002 9.314e-003 2.143e-002 1.509e-002 2.444e-002 3.130e-003 2.880e-001
 6.630e+004 2.930e+000 8.100e+001 6.582e-003 6.795e-003 1.308e-004-1.547e-003 2.147e-002 2.351e-001 2.950e-003 3.098e-003 6.431e-004 1.772e-003 7.879e-003 1.601e-002 5.936e-003 4.998e-002 1.945e-002 2.930e-001
 6.750e+004 2.930e+000 1.020e+002 6.726e-003 1.109e-002 4.404e-004 3.366e-003 2.909e-002 6.425e-001 5.627e-003 1.194e-001-2.764e-004 7.145e-003 8.258e-003 1.399e-002-3.720e-003 1.051e-001 3.143e-002 5.587e-001
 6.880e+004 2.930e+000 2.100e+002 3.361e-002 2.067e-002 4.403e-003-4.193e-001 2.057e-001 2.038e+000 8.457e-002-2.748e+000-8.102e-002-6.773e-001 3.188e-001 1.812e+000-1.234e+000-1.047e+001 4.568e+000 7.901e+001
 7.000e+004 2.930e+000 6.000e+001 3.730e-003 9.916e-003 6.294e-004-2.915e-004 1.757e-002 2.473e-001 5.373e-003 7.515e-003-1.875e-004 1.829e-004 4.694e-003 5.752e-003-3.162e-003 9.560e-003 1.584e-002 2.337e-001
 7.130e+004 2.930e+000 1.170e+002 7.952e-003 1.766e-002 4.827e-004-2.881e-002 4.838e-002 6.930e-001 3.154e-003-3.920e-001 4.368e-004-4.997e-003 6.906e-003 1.550e-002 1.950e-003-1.269e-001 2.048e-002 8.539e-001
 7.250e+004 2.930e+000 1.200e+002 1.286e-002 4.601e-002 3.539e-005-9.419e-002 1.197e-001 1.950e+000 1.102e-002-1.410e+000-2.117e-003-3.713e-002 7.708e-003 4.436e-002 1.212e-002-3.826e-001 1.745e-002 1.700e+000
 7.380e+004 2.930e+000 6.900e+001 4.688e-003 5.574e-003 4.715e-004 2.467e-003 1.611e-002 2.716e-001 2.848e-003-4.220e-003 4.096e-004 3.859e-003 2.808e-003 3.039e-004 4.571e-003 6.579e-002 4.071e-003 1.121e-001
 7.500e+004 2.930e+000 5.700e+001 1.915e-003 1.291e-003 4.878e-004 4.500e-007 3.582e-003 3.343e-002 1.310e-003-9.101e-004 7.427e-005 1.251e-003 2.634e-003 5.314e-004-5.539e-005 2.073e-003 3.525e-003 3.435e-002
 7.630e+004 2.930e+000 5.100e+001 2.414e-003 3.697e-003 4.044e-004 8.691e-004 1.258e-002 1.386e-001 2.367e-003 1.289e-002 3.211e-004 1.284e-003 2.386e-003 7.335e-004 9.812e-004 7.675e-003 1.181e-003 2.011e-002
 7.750e+004 2.930e+000 4.800e+001 2.727e-003 2.537e-003-2.954e-005 1.415e-003 1.128e-002 1.229e-001 6.057e-004 1.322e-002-1.179e-004-2.804e-003 2.421e-003-1.324e-003 9.663e-004 1.917e-002-4.569e-004 1.457e-002
 7.880e+004 2.930e+000 3.000e+001 9.134e-004 1.368e-003-2.350e-005 1.190e-004 2.256e-003 4.451e-002 9.427e-004 1.968e-003 1.153e-004 2.212e-004 1.127e-003 7.195e-004-4.520e-005 1.328e-003-3.402e-004 6.738e-003
 8.000e+004 2.930e+000 1.470e+002 1.414e-002 4.284e-002 1.527e-003-8.566e-002 1.553e-001 2.679e+000 2.867e-002-1.330e+000-1.329e-003-2.052e-002 6.645e-003 1.933e-002-7.608e-003-4.862e-001-2.686e-003 9.557e-001
 8.130e+004 2.930e+000 7.200e+001 2.478e-003 1.453e-003-2.816e-004-1.083e-003 5.488e-003 7.877e-002-7.782e-004-2.525e-003 1.509e-004-1.300e-003 2.659e-003-5.374e-004-1.048e-003-3.627e-003 7.919e-003 6.979e-002
 8.250e+004 2.930e+000 9.600e+001 3.338e-003 5.730e-003-7.563e-005-1.393e-003 7.315e-003 1.147e-001 7.468e-004-6.443e-003-5.248e-004-2.663e-003 3.474e-003 3.115e-004-1.134e-003-4.952e-003 7.134e-003 6.311e-002
 8.380e+004 2.930e+000 9.600e+001 2.760e-003 4.357e-003 1.275e-004 2.166e-004 7.124e-003 1.639e-001 2.081e-003 7.390e-003-2.266e-004-2.602e-004 2.611e-003 1.159e-003 8.868e-004 1.187e-002 7.022e-003 7.553e-002
 8.500e+004 2.930e+000 8.100e+001 1.668e-003 2.662e-003-7.429e-005-1.480e-003 1.126e-003 1.933e-002-7.122e-004-2.419e-003-4.186e-006 1.468e-004 2.913e-003 1.916e-005-7.379e-004-4.845e-003 5.733e-003 5.143e-002
 8.630e+004 2.930e+000 9.600e+001 2.328e-003 4.966e-004 1.053e-004-1.777e-003 4.526e-003 5.431e-002 8.854e-004-5.157e-003-2.939e-004-1.670e-003 3.800e-003 3.260e-003-1.240e-003-1.410e-002 1.359e-002 1.556e-001
 8.750e+004 2.930e+000 1.350e+002 3.945e-003 3.751e-003 2.380e-004-6.890e-003 1.715e-002 2.122e-001 5.102e-003-5.323e-002-2.264e-004-3.737e-003 5.170e-003 7.826e-003-5.392e-004-2.682e-002 1.415e-002 2.516e-001
 8.880e+004 2.930e+000 1.230e+002 3.601e-003 3.265e-003 2.680e-004-5.639e-003 1.067e-002 1.092e-001 2.404e-003-1.685e-002-4.474e-004-2.615e-004 4.424e-003 1.157e-002-8.050e-003-2.968e-002 1.647e-002 2.806e-001
 9.000e+004 2.930e+000 1.200e+002 2.871e-003 3.526e-003 8.949e-004 1.310e-003 6.302e-003 8.038e-002 7.959e-003 3.754e-002-9.344e-004-4.360e-003 6.137e-003 2.192e-002-1.281e-002-1.015e-001 3.488e-002 4.835e-001
 9.130e+004 2.930e+000 1.500e+002 4.519e-003 5.881e-003 1.079e-003-8.966e-003 1.123e-002 1.083e-001 1.386e-002 3.101e-002-2.172e-003-9.746e-003 8.068e-003 4.350e-002-2.505e-002-1.885e-001 4.571e-002 7.952e-001
 9.250e+004 2.930e+000 1.740e+002 4.928e-003 7.274e-003 5.066e-004-1.318e-002 6.749e-003 1.158e-001 1.420e-002 7.414e-002-2.119e-003-7.083e-003 8.723e-003 4.540e-002-2.160e-002-1.580e-001 5.131e-002 8.073e-001
 9.380e+004 2.930e+000 1.320e+002 3.353e-003 4.327e-003-3.316e-004-7.990e-003 7.422e-003 1.016e-001 5.841e-003 9.176e-003-1.430e-003-7.898e-003 5.457e-003 2.278e-002-1.672e-002-1.364e-001 3.146e-002 4.895e-001
 9.500e+004 2.930e+000 1.320e+002 3.819e-003 6.723e-003-2.977e-004-1.131e-002 1.128e-002 1.120e-001 2.469e-003-8.598e-003-1.070e-003-9.553e-003 5.191e-003 1.407e-002-1.520e-002-1.305e-001 2.929e-002 3.909e-001
 9.630e+004 2.930e+000 0.000e+000 0.000e+000 0.000e+000 0.000e+000 0.000e+000 0.000e+000 0.000e+000 0.000e+000 0.000e+000 0.000e+000 0.000e+000 0.000e+000 0.000e+000 0.000e+000 0.000e+000 0.000e+000 0.000e+000
 9.750e+004 2.930e+000 0.000e+000 0.000e+000 0.000e+000 0.000e+000 0.000e+000 0.000e+000 0.000e+000 0.000e+000 0.000e+000 0.000e+000 0.000e+000 0.000e+000 0.000e+000 0.000e+000 0.000e+000 0.000e+000 0.000e+000
 9.880e+004 2.930e+000 0.000e+000 0.000e+000 0.000e+000 0.000e+000 0.000e+000 0.000e+000 0.000e+000 0.000e+000 0.000e+000 0.000e+000 0.000e+000 0.000e+000 0.000e+000 0.000e+000 0.000e+000 0.000e+000 0.000e+000
 1.000e+005 2.930e+000 0.000e+000 0.000e+000 0.000e+000 0.000e+000 0.000e+000 0.000e+000 0.000e+000 0.000e+000 0.000e+000 0.000e+000 0.000e+000 0.000e+000 0.000e+000 0.000e+000 0.000e+000 0.000e+000 0.000e+000
