 6.250e+000 2.930e+000 0.000e+000 0.000e+000 0.000e+000 0.000e+000 0.000e+000 0.000e+000 0.000e+000 0.000e+000 0.000e+000 0.000e+000 0.000e+000 0.000e+000 0.000e+000 0.000e+000 0.000e+000 0.000e+000 0.000e+000
 7.500e+000 2.930e+000 0.000e+000 0.000e+000 0.000e+000 0.000e+000 0.000e+000 0.000e+000 0.000e+000 0.000e+000 0.000e+000 0.000e+000 0.000e+000 0.000e+000 0.000e+000 0.000e+000 0.000e+000 0.000e+000 0.000e+000
 8.750e+000 2.930e+000 0.000e+000 0.000e+000 0.000e+000 0.000e+000 0.000e+000 0.000e+000 0.000e+000 0.000e+000 0.000e+000 0.000e+000 0.000e+000 0.000e+000 0.000e+000 0.000e+000 0.000e+000 0.000e+000 0.000e+000
 1.000e+001 2.930e+000 0.000e+000 0.000e+000 0.000e+000 0.000e+000 0.000e+000 0.000e+000 0.000e+000 0.000e+000 0.000e+000 0.000e+000 0.000e+000 0.000e+000 0.000e+000 0.000e+000 0.000e+000 0.000e+000 0.000e+000
 1.130e+001 2.930e+000 2.400e+001 4.719e+001-2.173e+003 1.375e+001-9.475e+002-5.033e+003 1.097e+006-2.776e+003 4.862e+004-1.047e+001 3.428e+003 9.538e+001 1.608e+003-1.756e+003 4.109e+005 2.151e+003 1.972e+005
 1.250e+001 2.930e+000 0.000e+000 0.000e+000 0.000e+000 0.000e+000 0.000e+000 0.000e+000 0.000e+000 0.000e+000 0.000e+000 0.000e+000 0.000e+000 0.000e+000 0.000e+000 0.000e+000 0.000e+000 0.000e+000 0.000e+000
 1.380e+001 2.930e+000 0.000e+000 0.000e+000 0.000e+000 0.000e+000 0.000e+000 0.000e+000 0.000e+000 0.000e+000 0.000e+000 0.000e+000 0.000e+000 0.000e+000 0.000e+000 0.000e+000 0.000e+000 0.000e+000 0.000e+000
 1.500e+001 2.930e+000 2.400e+001 5.974e+001-4.234e+003 7.478e+000-1.371e+003-7.028e+003 1.413e+006-1.939e+003 4.109e+004-1.140e+001 2.665e+003 8.821e+001 1.156e+003-2.138e+003 4.523e+005 1.786e+003 1.774e+005
 1.630e+001 2.930e+000 0.000e+000 0.000e+000 0.000e+000 0.000e+000 0.000e+000 0.000e+000 0.000e+000 0.000e+000 0.000e+000 0.000e+000 0.000e+000 0.000e+000 0.000e+000 0.000e+000 0.000e+000 0.000e+000 0.000e+000
 1.750e+001 2.930e+000 2.400e+001 2.986e+001-1.387e+003 3.565e+000-6.915e+002-4.341e+003 1.032e+006 7.873e+002 8.386e+004-8.834e+000 4.349e+003 1.585e+002 8.949e+002-1.500e+003 3.736e+005 2.648e+003 1.731e+005
 1.880e+001 2.930e+000 0.000e+000 0.000e+000 0.000e+000 0.000e+000 0.000e+000 0.000e+000 0.000e+000 0.000e+000 0.000e+000 0.000e+000 0.000e+000 0.000e+000 0.000e+000 0.000e+000 0.000e+000 0.000e+000 0.000e+000
 2.000e+001 2.930e+000 2.400e+001 6.175e+001-2.525e+003 3.079e+001-6.486e+002-6.696e+003 1.087e+006-3.032e+003 1.221e+004-2.061e+001 2.779e+003 2.016e+002 2.537e+003-2.558e+003 3.778e+005 2.380e+003 1.723e+005
 2.130e+001 2.930e+000 0.000e+000 0.000e+000 0.000e+000 0.000e+000 0.000e+000 0.000e+000 0.000e+000 0.000e+000 0.000e+000 0.000e+000 0.000e+000 0.000e+000 0.000e+000 0.000e+000 0.000e+000 0.000e+000 0.000e+000
 2.250e+001 2.930e+000 0.000e+000 0.000e+000 0.000e+000 0.000e+000 0.000e+000 0.000e+000 0.000e+000 0.000e+000 0.000e+000 0.000e+000 0.000e+000 0.000e+000 0.000e+000 0.000e+000 0.000e+000 0.000e+000 0.000e+000
 2.380e+001 2.930e+000 2.400e+001 3.849e+001-2.177e+003 1.872e+001-4.468e+002-3.369e+003 5.822e+005-1.218e+003-1.251e+004 2.685e+000 2.173e+001 6.281e+001 1.158e+003-1.398e+003 2.019e+005 6.058e+002 1.033e+005
 2.500e+001 2.930e+000 0.000e+000 0.000e+000 0.000e+000 0.000e+000 0.000e+000 0.000e+000 0.000e+000 0.000e+000 0.000e+000 0.000e+000 0.000e+000 0.000e+000 0.000e+000 0.000e+000 0.000e+000 0.000e+000 0.000e+000
 2.630e+001 2.930e+000 2.400e+001 4.220e+001-1.881e+003 8.470e+000-3.285e+002-4.125e+003 6.798e+005 1.679e+003 1.238e+004 1.356e+001-1.266e+003 1.183e+002 1.743e+002-1.344e+003 2.090e+005 7.734e+002 9.783e+004
 2.750e+001 2.930e+000 0.000e+000 0.000e+000 0.000e+000 0.000e+000 0.000e+000 0.000e+000 0.000e+000 0.000e+000 0.000e+000 0.000e+000 0.000e+000 0.000e+000 0.000e+000 0.000e+000 0.000e+000 0.000e+000 0.000e+000
 2.880e+001 2.930e+000 2.400e+001 3.654e+001-9.072e+002-8.871e-001-5.799e+002-4.428e+003 7.347e+005 4.115e+002 6.873e+004-2.723e+000 2.006e+003 6.553e+001 5.415e+002-1.493e+003 2.620e+005 1.358e+003 1.239e+005
 3.000e+001 2.930e+000 0.000e+000 0.000e+000 0.000e+000 0.000e+000 0.000e+000 0.000e+000 0.000e+000 0.000e+000 0.000e+000 0.000e+000 0.000e+000 0.000e+000 0.000e+000 0.000e+000 0.000e+000 0.000e+000 0.000e+000
 3.130e+001 2.930e+000 0.000e+000 0.000e+000 0.000e+000 0.000e+000 0.000e+000 0.000e+000 0.000e+000 0.000e+000 0.000e+000 0.000e+000 0.000e+000 0.000e+000 0.000e+000 0.000e+000 0.000e+000 0.000e+000 0.000e+000
 3.250e+001 2.930e+000 2.400e+001 5.022e+001-1.900e+003 1.611e+000-8.006e+002-5.408e+003 8.171e+005 4.947e+002 4.378e+004-5.939e+000 1.711e+003 5.326e+001 7.629e+002-2.156e+003 3.112e+005 8.407e+002 1.484e+005
 3.380e+001 2.930e+000 0.000e+000 0.000e+000 0.000e+000 0.000e+000 0.000e+000 0.000e+000 0.000e+000 0.000e+000 0.000e+000 0.000e+000 0.000e+000 0.000e+000 0.000e+000 0.000e+000 0.000e+000 0.000e+000 0.000e+000
 3.500e+001 2.930e+000 2.400e+001 4.882e+001-5.837e+002-2.231e+000-4.720e+002-5.627e+003 8.250e+005 7.375e+002 6.005e+004-8.854e+000 9.892e+002 2.999e+001 1.897e+002-2.128e+003 2.945e+005 9.073e+002 1.411e+005
 3.630e+001 2.930e+000 0.000e+000 0.000e+000 0.000e+000 0.000e+000 0.000e+000 0.000e+000 0.000e+000 0.000e+000 0.000e+000 0.000e+000 0.000e+000 0.000e+000 0.000e+000 0.000e+000 0.000e+000 0.000e+000 0.000e+000
 3.750e+001 2.930e+000 2.400e+001 8.678e+001-7.429e+002-1.001e+000-7.029e+002-7.945e+003 9.448e+005-9.826e+001 6.464e+004-2.697e+001 3.012e+003 4.043e+001 6.100e+002-3.613e+003 4.172e+005 1.552e+003 2.137e+005
 3.880e+001 2.930e+000 0.000e+000 0.000e+000 0.000e+000 0.000e+000 0.000e+000 0.000e+000 0.000e+000 0.000e+000 0.000e+000 0.000e+000 0.000e+000 0.000e+000 0.000e+000 0.000e+000 0.000e+000 0.000e+000 0.000e+000
 4.000e+001 2.930e+000 0.000e+000 0.000e+000 0.000e+000 0.000e+000 0.000e+000 0.000e+000 0.000e+000 0.000e+000 0.000e+000 0.000e+000 0.000e+000 0.000e+000 0.000e+000 0.000e+000 0.000e+000 0.000e+000 0.000e+000
 4.130e+001 2.930e+000 2.400e+001 1.279e+002-5.763e+001 6.413e+000-4.935e+002-9.849e+003 1.167e+006-4.456e+002 8.859e+004-3.187e+001 2.530e+003 3.156e+001 5.483e+002-5.092e+003 5.697e+005 1.398e+003 3.063e+005
 4.250e+001 2.930e+000 0.000e+000 0.000e+000 0.000e+000 0.000e+000 0.000e+000 0.000e+000 0.000e+000 0.000e+000 0.000e+000 0.000e+000 0.000e+000 0.000e+000 0.000e+000 0.000e+000 0.000e+000 0.000e+000 0.000e+000
 4.380e+001 2.930e+000 2.400e+001 3.070e+002 8.462e+002-1.206e+001-1.353e+002-1.733e+004 1.871e+006 2.864e+002 1.310e+005-6.567e+001 2.237e+003 4.150e+001 1.525e+002-9.074e+003 9.562e+005 1.270e+003 5.322e+005
 4.500e+001 2.930e+000 0.000e+000 0.000e+000 0.000e+000 0.000e+000 0.000e+000 0.000e+000 0.000e+000 0.000e+000 0.000e+000 0.000e+000 0.000e+000 0.000e+000 0.000e+000 0.000e+000 0.000e+000 0.000e+000 0.000e+000
 4.630e+001 2.930e+000 2.400e+001 3.835e+003 1.965e+004-1.912e+002 1.063e+003-1.132e+005 6.357e+006 8.866e+003 5.658e+005-1.239e+003 3.025e+004 4.314e+002-2.136e+003-6.357e+004 3.551e+006 1.723e+004 2.057e+006
 4.750e+001 2.930e+000 0.000e+000 0.000e+000 0.000e+000 0.000e+000 0.000e+000 0.000e+000 0.000e+000 0.000e+000 0.000e+000 0.000e+000 0.000e+000 0.000e+000 0.000e+000 0.000e+000 0.000e+000 0.000e+000 0.000e+000
 4.880e+001 2.930e+000 0.000e+000 0.000e+000 0.000e+000 0.000e+000 0.000e+000 0.000e+000 0.000e+000 0.000e+000 0.000e+000 0.000e+000 0.000e+000 0.000e+000 0.000e+000 0.000e+000 0.000e+000 0.000e+000 0.000e+000
 5.000e+001 2.930e+000 2.400e+001 2.912e+005-5.118e+006 3.705e+002-4.566e+006-1.613e+007 9.845e+008-1.023e+006 9.296e+007-5.691e+004 3.146e+006 1.115e+004 9.048e+005-9.108e+006 5.851e+008 1.772e+006 3.568e+008
 5.130e+001 2.930e+000 0.000e+000 0.000e+000 0.000e+000 0.000e+000 0.000e+000 0.000e+000 0.000e+000 0.000e+000 0.000e+000 0.000e+000 0.000e+000 0.000e+000 0.000e+000 0.000e+000 0.000e+000 0.000e+000 0.000e+000
 5.250e+001 2.930e+000 2.400e+001 2.329e+003 4.406e+004-9.523e+001 1.749e+004-8.325e+004 6.646e+006 1.288e+004 5.830e+005-7.121e+002 1.880e+004 2.464e+002-5.499e+003-5.151e+004 3.881e+006 1.186e+004 2.337e+006
 5.380e+001 2.930e+000 0.000e+000 0.000e+000 0.000e+000 0.000e+000 0.000e+000 0.000e+000 0.000e+000 0.000e+000 0.000e+000 0.000e+000 0.000e+000 0.000e+000 0.000e+000 0.000e+000 0.000e+000 0.000e+000 0.000e+000
 5.500e+001 2.930e+000 0.000e+000 0.000e+000 0.000e+000 0.000e+000 0.000e+000 0.000e+000 0.000e+000 0.000e+000 0.000e+000 0.000e+000 0.000e+000 0.000e+000 0.000e+000 0.000e+000 0.000e+000 0.000e+000 0.000e+000
 5.630e+001 2.930e+000 2.400e+001 2.895e+002-1.969e+002-9.196e+000-1.562e+003-1.828e+004 1.508e+006 3.015e+002 1.138e+005-7.904e+001 4.159e+003 3.952e+001 5.078e+002-1.030e+004 8.376e+005 2.570e+003 4.937e+005
 5.750e+001 2.930e+000 0.000e+000 0.000e+000 0.000e+000 0.000e+000 0.000e+000 0.000e+000 0.000e+000 0.000e+000 0.000e+000 0.000e+000 0.000e+000 0.000e+000 0.000e+000 0.000e+000 0.000e+000 0.000e+000 0.000e+000
 5.880e+001 2.930e+000 2.400e+001 1.360e+002-8.232e+002-7.601e+000-9.523e+002-1.007e+004 1.006e+006 1.920e+002 5.509e+004-4.626e+001 3.098e+003 3.557e+001 2.731e+002-5.280e+003 4.987e+005 1.846e+003 2.670e+005
 6.000e+001 2.930e+000 0.000e+000 0.000e+000 0.000e+000 0.000e+000 0.000e+000 0.000e+000 0.000e+000 0.000e+000 0.000e+000 0.000e+000 0.000e+000 0.000e+000 0.000e+000 0.000e+000 0.000e+000 0.000e+000 0.000e+000
 6.130e+001 2.930e+000 2.400e+001 7.596e+001-9.415e+002-5.009e+000-3.629e+002-6.223e+003 6.353e+005 9.579e+002 6.849e+003-8.799e+000 3.732e+002 2.613e+001-1.046e+002-2.784e+003 2.648e+005 4.838e+002 1.304e+005
 6.250e+001 2.930e+000 0.000e+000 0.000e+000 0.000e+000 0.000e+000 0.000e+000 0.000e+000 0.000e+000 0.000e+000 0.000e+000 0.000e+000 0.000e+000 0.000e+000 0.000e+000 0.000e+000 0.000e+000 0.000e+000 0.000e+000
 6.380e+001 2.930e+000 0.000e+000 0.000e+000 0.000e+000 0.000e+000 0.000e+000 0.000e+000 0.000e+000 0.000e+000 0.000e+000 0.000e+000 0.000e+000 0.000e+000 0.000e+000 0.000e+000 0.000e+000 0.000e+000 0.000e+000
 6.500e+001 2.930e+000 2.400e+001 4.390e+001-3.113e+002-3.089e+000-2.963e+002-3.393e+003 3.454e+005 3.782e+002 2.367e+004-1.244e+001 1.103e+003 2.737e+001 9.256e+001-1.637e+003 1.499e+005 7.346e+002 7.950e+004
 6.630e+001 2.930e+000 0.000e+000 0.000e+000 0.000e+000 0.000e+000 0.000e+000 0.000e+000 0.000e+000 0.000e+000 0.000e+000 0.000e+000 0.000e+000 0.000e+000 0.000e+000 0.000e+000 0.000e+000 0.000e+000 0.000e+000
 6.750e+001 2.930e+000 2.400e+001 3.433e+001-3.610e+002 2.415e+000-2.399e+002-3.055e+003 3.668e+005-8.746e+000 2.006e+004-1.060e+001 8.691e+002 2.382e+001 2.399e+002-1.386e+003 1.455e+005 6.129e+002 7.104e+004
 6.880e+001 2.930e+000 0.000e+000 0.000e+000 0.000e+000 0.000e+000 0.000e+000 0.000e+000 0.000e+000 0.000e+000 0.000e+000 0.000e+000 0.000e+000 0.000e+000 0.000e+000 0.000e+000 0.000e+000 0.000e+000 0.000e+000
 7.000e+001 2.930e+000 2.400e+001 3.881e+001-2.206e+002-1.904e+000-1.561e+002-3.180e+003 3.062e+005 2.297e+001 6.922e+003-1.422e+001 1.075e+003 3.394e+001 2.617e+002-1.377e+003 1.225e+005 6.520e+002 5.749e+004
 7.130e+001 2.930e+000 0.000e+000 0.000e+000 0.000e+000 0.000e+000 0.000e+000 0.000e+000 0.000e+000 0.000e+000 0.000e+000 0.000e+000 0.000e+000 0.000e+000 0.000e+000 0.000e+000 0.000e+000 0.000e+000 0.000e+000
 7.250e+001 2.930e+000 0.000e+000 0.000e+000 0.000e+000 0.000e+000 0.000e+000 0.000e+000 0.000e+000 0.000e+000 0.000e+000 0.000e+000 0.000e+000 0.000e+000 0.000e+000 0.000e+000 0.000e+000 0.000e+000 0.000e+000
 7.380e+001 2.930e+000 2.400e+001 1.861e+001-1.976e+002 2.869e-001-1.055e+002-1.610e+003 1.899e+005 4.490e+002 1.183e+004-1.270e+000 8.449e+001 2.919e+001 1.181e+002-6.337e+002 6.465e+004 3.542e+002 3.236e+004
 7.500e+001 2.930e+000 0.000e+000 0.000e+000 0.000e+000 0.000e+000 0.000e+000 0.000e+000 0.000e+000 0.000e+000 0.000e+000 0.000e+000 0.000e+000 0.000e+000 0.000e+000 0.000e+000 0.000e+000 0.000e+000 0.000e+000
 7.630e+001 2.930e+000 2.400e+001 1.916e+001-1.648e+002 4.060e-001-8.167e+001-1.764e+003 2.111e+005 1.929e+002 9.368e+003-2.144e+000 1.285e+002 1.259e+001 1.083e+001-6.966e+002 7.511e+004 2.169e+002 3.235e+004
 7.750e+001 2.930e+000 0.000e+000 0.000e+000 0.000e+000 0.000e+000 0.000e+000 0.000e+000 0.000e+000 0.000e+000 0.000e+000 0.000e+000 0.000e+000 0.000e+000 0.000e+000 0.000e+000 0.000e+000 0.000e+000 0.000e+000
 7.880e+001 2.930e+000 2.400e+001 2.300e+001-3.891e+002-7.242e-003-1.353e+002-2.005e+003 2.207e+005 2.531e+002 2.560e+003-2.726e+000-1.043e+002 1.921e+001 1.124e+002-7.600e+002 7.188e+004 1.971e+002 3.047e+004
 8.000e+001 2.930e+000 0.000e+000 0.000e+000 0.000e+000 0.000e+000 0.000e+000 0.000e+000 0.000e+000 0.000e+000 0.000e+000 0.000e+000 0.000e+000 0.000e+000 0.000e+000 0.000e+000 0.000e+000 0.000e+000 0.000e+000
 8.130e+001 2.930e+000 0.000e+000 0.000e+000 0.000e+000 0.000e+000 0.000e+000 0.000e+000 0.000e+000 0.000e+000 0.000e+000 0.000e+000 0.000e+000 0.000e+000 0.000e+000 0.000e+000 0.000e+000 0.000e+000 0.000e+000
 8.250e+001 2.930e+000 2.400e+001 1.708e+001-5.640e+001-5.588e+000-2.146e+002-1.444e+003 1.485e+005 5.510e+002 1.944e+004-1.017e+001 8.763e+002 3.889e+001 2.152e+002-5.559e+002 5.405e+004 6.617e+002 2.914e+004
 8.380e+001 2.930e+000 0.000e+000 0.000e+000 0.000e+000 0.000e+000 0.000e+000 0.000e+000 0.000e+000 0.000e+000 0.000e+000 0.000e+000 0.000e+000 0.000e+000 0.000e+000 0.000e+000 0.000e+000 0.000e+000 0.000e+000
 8.500e+001 2.930e+000 2.400e+001 2.032e+001-3.642e+002-3.186e+000-2.282e+002-1.892e+003 2.106e+005 4.960e+002 1.587e+004-4.188e+000 5.618e+002 1.796e+001 6.616e+001-6.426e+002 7.000e+004 4.044e+002 3.033e+004
 8.630e+001 2.930e+000 0.000e+000 0.000e+000 0.000e+000 0.000e+000 0.000e+000 0.000e+000 0.000e+000 0.000e+000 0.000e+000 0.000e+000 0.000e+000 0.000e+000 0.000e+000 0.000e+000 0.000e+000 0.000e+000 0.000e+000
 8.750e+001 2.930e+000 2.400e+001 1.340e+001-1.798e+002-4.613e+000-8.604e+001-1.298e+003 1.567e+005 5.871e+002 5.066e+003 3.406e-001-7.941e+001 7.172e+000-1.186e+002-4.092e+002 4.538e+004 5.508e+001 1.588e+004
 8.880e+001 2.930e+000 0.000e+000 0.000e+000 0.000e+000 0.000e+000 0.000e+000 0.000e+000 0.000e+000 0.000e+000 0.000e+000 0.000e+000 0.000e+000 0.000e+000 0.000e+000 0.000e+000 0.000e+000 0.000e+000 0.000e+000
 9.000e+001 2.930e+000 0.000e+000 0.000e+000 0.000e+000 0.000e+000 0.000e+000 0.000e+000 0.000e+000 0.000e+000 0.000e+000 0.000e+000 0.000e+000 0.000e+000 0.000e+000 0.000e+000 0.000e+000 0.000e+000 0.000e+000
 9.130e+001 2.930e+000 2.400e+001 1.071e+001-1.857e+000-1.124e+000-5.372e+000-8.804e+002 9.281e+004 1.561e+002 1.882e+003-3.473e+000 2.502e+002 9.419e+000 3.721e+001-3.335e+002 3.123e+004 1.721e+002 1.370e+004
 9.250e+001 2.930e+000 0.000e+000 0.000e+000 0.000e+000 0.000e+000 0.000e+000 0.000e+000 0.000e+000 0.000e+000 0.000e+000 0.000e+000 0.000e+000 0.000e+000 0.000e+000 0.000e+000 0.000e+000 0.000e+000 0.000e+000
 9.380e+001 2.930e+000 2.400e+001 8.990e+000-8.078e+001 9.164e-001-3.517e+001-6.539e+002 6.291e+004-9.928e+001 8.077e+002-2.539e+000 1.577e+002 3.448e+000 6.295e+001-2.815e+002 2.452e+004 9.517e+001 1.129e+004
 9.500e+001 2.930e+000 0.000e+000 0.000e+000 0.000e+000 0.000e+000 0.000e+000 0.000e+000 0.000e+000 0.000e+000 0.000e+000 0.000e+000 0.000e+000 0.000e+000 0.000e+000 0.000e+000 0.000e+000 0.000e+000 0.000e+000
 9.630e+001 2.930e+000 2.400e+001 7.074e+000-6.804e+000-1.625e-001-1.572e+001-5.552e+002 6.101e+004 3.548e+001 2.202e+003-1.633e+000 7.392e+001 2.565e+000 7.181e+000-2.265e+002 2.156e+004 5.566e+001 9.001e+003
 9.750e+001 2.930e+000 0.000e+000 0.000e+000 0.000e+000 0.000e+000 0.000e+000 0.000e+000 0.000e+000 0.000e+000 0.000e+000 0.000e+000 0.000e+000 0.000e+000 0.000e+000 0.000e+000 0.000e+000 0.000e+000 0.000e+000
 9.880e+001 2.930e+000 0.000e+000 0.000e+000 0.000e+000 0.000e+000 0.000e+000 0.000e+000 0.000e+000 0.000e+000 0.000e+000 0.000e+000 0.000e+000 0.000e+000 0.000e+000 0.000e+000 0.000e+000 0.000e+000 0.000e+000
 1.000e+002 2.930e+000 4.200e+001 2.362e+001 1.233e+003 2.206e+000 5.138e+002-3.985e+002 9.547e+004 3.188e+002 1.548e+003-8.352e+000 2.563e+002 1.302e+001-1.737e+002-1.892e+002 3.581e+004 1.903e+002 1.583e+004
 1.130e+002 2.930e+000 5.700e+001 2.180e+001-5.680e+002-6.364e+000-2.337e+002-1.990e+003 2.386e+005 8.597e+002 1.053e+004-4.109e+000 4.065e+002 2.599e+001-2.144e+000-6.038e+002 6.693e+004 3.585e+002 2.472e+004
 1.250e+002 2.930e+000 6.600e+001 2.536e+001-5.585e+002-2.619e+000-2.597e+002-2.066e+003 2.237e+005 2.769e+002 8.177e+003-9.282e+000 6.479e+002 2.983e+001 2.280e+002-6.967e+002 7.021e+004 4.551e+002 2.850e+004
 1.380e+002 2.930e+000 8.100e+001 2.078e+001-4.112e+002-5.245e+000-1.771e+002-1.897e+003 2.316e+005 6.093e+002 5.543e+003-2.309e+000 6.275e+001 2.887e+001 1.293e+002-5.677e+002 6.547e+004 2.785e+002 2.510e+004
 1.500e+002 2.930e+000 6.000e+001 1.389e+001-5.429e+002-2.813e-001-1.934e+002-1.073e+003 1.347e+005-1.479e+002 2.038e+002-5.027e+000 3.261e+002 5.837e+000 1.087e+002-3.692e+002 4.279e+004 1.379e+002 1.519e+004
 1.630e+002 2.930e+000 6.900e+001 2.716e+001-5.815e+002-5.712e+000-2.055e+002-2.325e+003 2.589e+005 8.385e+002 5.460e+003-3.255e+000 3.553e+001 3.221e+001 1.320e+002-6.239e+002 6.299e+004 3.196e+002 2.293e+004
 1.750e+002 2.930e+000 5.400e+001 3.592e+001-8.312e+002-6.797e+000-3.140e+002-2.645e+003 2.673e+005 6.839e+002 8.409e+003-7.996e+000 4.336e+002 4.784e+001 3.241e+002-7.219e+002 7.009e+004 5.711e+002 2.882e+004
 1.880e+002 2.930e+000 9.900e+001 1.245e+002-2.414e+003 8.544e+000-6.142e+002-7.494e+003 6.131e+005-5.069e+002-1.119e+004-2.645e+001 6.336e+002 1.033e+002 1.207e+003-2.484e+003 1.819e+005 1.213e+003 7.641e+004
 2.000e+002 2.930e+000 9.600e+001 3.848e+003-4.684e+004 8.843e+001-1.672e+004-1.958e+005 1.072e+007-1.983e+004-1.928e+003-1.297e+003 6.433e+004 5.183e+002 8.003e+003-7.045e+004 3.839e+006 2.394e+004 1.394e+006
 2.130e+002 2.930e+000 8.400e+001 1.739e+002-3.558e+003 1.518e+000-1.020e+003-1.293e+004 1.147e+006-4.993e+002-1.315e+004-3.193e+001 1.318e+003 1.021e+002 1.221e+003-4.058e+003 3.448e+005 1.330e+003 1.250e+005
 2.250e+002 2.930e+000 1.170e+002 1.944e+002-5.997e+003 3.016e+000-1.817e+003-1.668e+004 1.729e+006-9.880e+002-3.884e+003-3.330e+001 2.045e+003 9.979e+001 1.336e+003-5.081e+003 5.173e+005 1.494e+003 1.748e+005
 2.380e+002 2.930e+000 9.600e+001 5.837e+002-2.068e+004 7.903e+001-6.562e+003-5.359e+004 5.784e+006-1.265e+004-2.240e+004-1.625e+002 1.169e+004 1.421e+002 5.085e+003-1.765e+004 1.886e+006 4.717e+003 6.352e+005
 2.500e+002 2.930e+000 9.600e+001 1.500e+004-5.415e+005 2.189e+003-1.734e+005-1.409e+006 1.537e+008-3.637e+005-5.772e+005-4.363e+003 3.286e+005 1.682e+003 1.198e+005-4.662e+005 5.070e+007 1.104e+005 1.674e+007
 2.630e+002 2.930e+000 9.600e+001 4.018e+002-1.421e+004 6.843e+001-4.420e+003-3.695e+004 4.073e+006-9.921e+003-3.040e+004-1.196e+002 7.691e+003 1.090e+002 3.907e+003-1.230e+004 1.331e+006 3.185e+003 4.485e+005
 2.750e+002 2.930e+000 1.080e+002 1.281e+002-3.158e+003-4.095e+000-1.024e+003-1.226e+004 1.400e+006-3.208e+002 2.282e+003-2.796e+001 2.297e+003 9.901e+001 1.190e+003-3.749e+003 4.297e+005 1.543e+003 1.526e+005
 2.880e+002 2.930e+000 8.400e+001 1.276e+002-1.882e+003 1.458e+001-5.171e+002-1.612e+004 2.230e+006-1.614e+003-5.517e+003-3.679e+001 4.525e+003 7.004e+001 1.197e+003-5.464e+003 7.459e+005 2.116e+003 2.636e+005
 3.000e+002 2.930e+000 9.600e+001 2.636e+003-5.278e+004-5.169e+001-1.852e+004-3.791e+005 5.584e+007-8.331e+003 1.504e+005-8.067e+002 1.168e+005 3.106e+002 3.806e+003-1.255e+005 1.850e+007 3.927e+004 6.145e+006
 3.130e+002 2.930e+000 9.000e+001 1.066e+002-3.525e+003 2.184e+000-1.267e+003-1.296e+004 1.843e+006-1.638e+003 1.150e+003-4.183e+001 4.351e+003 7.263e+001 1.250e+003-4.399e+003 6.175e+005 2.004e+003 2.202e+005
 3.250e+002 2.930e+000 8.700e+001 5.546e+001-1.088e+003-9.676e+000-4.156e+002-4.348e+003 4.674e+005 7.740e+002 9.158e+003-1.064e+001 1.100e+003 3.721e+001 1.860e+002-1.344e+003 1.426e+005 6.589e+002 5.182e+004
 3.380e+002 2.930e+000 8.100e+001 1.680e+002-1.435e+003-4.374e+000-6.593e+002-8.358e+003 5.068e+005-1.127e+002 5.794e+003-5.094e+001 2.417e+003 3.518e+001 3.221e+002-3.264e+003 1.872e+005 1.150e+003 7.552e+004
 3.500e+002 2.930e+000 9.600e+001 5.164e+003-9.207e+003-2.786e+002-1.440e+004-2.456e+005 1.203e+007 9.378e+003 4.978e+005-1.776e+003 8.401e+004 6.869e+002 5.996e+002-9.831e+004 4.800e+006 3.488e+004 1.957e+006
 3.630e+002 2.930e+000 9.600e+001 2.370e+002-1.274e+003-1.030e+001-1.066e+003-1.246e+004 7.240e+005 1.460e+002 3.041e+004-9.612e+001 4.975e+003 9.073e+001 8.222e+002-4.908e+003 2.787e+005 2.462e+003 1.223e+005
 3.750e+002 2.930e+000 1.050e+002 7.524e+001-9.024e+002-4.196e+000-3.051e+002-4.622e+003 3.418e+005 3.752e+002-2.031e+003-1.412e+001 4.292e+002 5.719e+001 5.475e+002-1.530e+003 1.030e+005 6.729e+002 4.448e+004
 3.880e+002 2.930e+000 8.700e+001 3.483e+001-6.503e+002-1.639e+000-2.356e+002-2.348e+003 2.117e+005-8.588e+001-2.375e+003-9.689e+000 3.827e+002 4.347e+001 5.322e+002-7.953e+002 6.808e+004 5.022e+002 3.152e+004
 4.000e+002 2.930e+000 8.700e+001 1.030e+002-1.626e+003 8.686e-001-5.321e+002-1.251e+004 1.661e+006-9.074e+001 1.516e+003-2.173e+001 2.492e+003 3.869e+001 4.707e+002-4.209e+003 5.510e+005 1.152e+003 1.916e+005
 4.130e+002 2.930e+000 1.110e+002 3.690e+001-5.434e+002-6.620e+000-2.376e+002-2.812e+003 2.588e+005 5.979e+002 3.895e+003-9.356e+000 4.795e+002 4.869e+001 3.974e+002-8.585e+002 7.443e+004 5.713e+002 3.238e+004
 4.250e+002 2.930e+000 7.500e+001 1.682e+001-3.529e+002 2.077e+000-2.823e+001-1.292e+003 1.264e+005-3.999e+001-5.606e+003 7.279e-001-1.189e+002 2.227e+001 2.995e+002-4.098e+002 3.668e+004 1.775e+002 1.662e+004
 4.380e+002 2.930e+000 7.800e+001 2.231e+001-6.059e+002-2.361e-001-1.325e+002-1.774e+003 1.806e+005-2.153e+001-3.902e+003-1.643e+000 1.775e+002 1.954e+001 2.498e+002-5.445e+002 5.451e+004 2.326e+002 2.151e+004
 4.500e+002 2.930e+000 9.000e+001 2.387e+002-9.225e+003 4.007e+001-2.562e+003-2.129e+004 2.373e+006-6.204e+003-8.937e+004-6.742e+001 3.848e+003 5.533e+001 2.462e+003-7.931e+003 8.378e+005 1.889e+003 3.074e+005
 4.630e+002 2.930e+000 1.080e+002 4.190e+001-7.490e+002-5.552e+000-2.148e+002-3.673e+003 3.654e+005 4.316e+002-1.554e+003-5.473e+000 4.797e+002 4.104e+001 3.799e+002-1.090e+003 1.075e+005 5.010e+002 4.162e+004
 4.750e+002 2.930e+000 8.400e+001 2.451e+001-3.633e+002 3.459e+000-5.853e+001-2.260e+003 2.371e+005-3.752e+002-7.594e+003-4.781e+000 2.543e+002 1.872e+001 3.342e+002-7.725e+002 7.826e+004 2.510e+002 3.022e+004
 4.880e+002 2.930e+000 9.300e+001 3.345e+001-4.393e+002-8.740e-001-1.837e+002-3.157e+003 3.235e+005-5.435e+001 2.959e+003-1.198e+001 1.074e+003 3.756e+001 4.742e+002-1.049e+003 1.067e+005 6.584e+002 4.394e+004
 5.000e+002 2.930e+000 8.100e+001 3.670e+001-1.986e+002-3.700e-001-8.236e+001-3.841e+003 4.996e+005 8.238e+001 4.398e+003-1.109e+001 1.183e+003 1.793e+001 1.713e+002-1.266e+003 1.634e+005 5.306e+002 5.743e+004
 5.130e+002 2.930e+000 1.170e+002 8.226e+001-9.235e+002-3.357e+000-2.080e+002-8.292e+003 8.811e+005 2.621e+002-7.630e+003-1.469e+001 1.499e+003 3.438e+001 3.140e+002-2.596e+003 2.738e+005 7.536e+002 9.326e+004
 5.250e+002 2.930e+000 9.600e+001 1.607e+002-1.583e+003 1.111e+001-4.220e+002-1.605e+004 1.647e+006-1.508e+003-1.126e+004-4.620e+001 4.441e+003 3.625e+001 7.720e+002-5.396e+003 5.507e+005 1.703e+003 1.901e+005
 5.380e+002 2.930e+000 9.600e+001 6.498e+002-5.539e+003 2.289e+000-1.919e+003-6.600e+004 6.793e+006-1.849e+003 1.204e+004-1.952e+002 1.996e+004 7.784e+001 9.000e+002-2.173e+004 2.238e+006 6.744e+003 7.427e+005
 5.500e+002 2.930e+000 9.600e+001 6.983e+004-5.861e+005 1.124e+003-1.933e+005-7.056e+006 7.183e+008-2.894e+005-6.697e+004-2.094e+004 2.107e+006 6.321e+003 9.584e+004-2.334e+006 2.376e+008 6.971e+005 7.862e+007
 5.630e+002 2.930e+000 1.200e+002 1.006e+003-8.189e+003 6.782e+000-2.836e+003-1.007e+005 1.018e+007-3.029e+003 1.536e+004-3.041e+002 3.036e+004 1.209e+002 1.426e+003-3.308e+004 3.344e+006 1.024e+004 1.107e+006
 5.750e+002 2.930e+000 9.600e+001 1.340e+002-1.025e+003-1.760e+000-2.753e+002-1.320e+004 1.327e+006-8.364e+001-4.624e+003-3.282e+001 3.281e+003 1.913e+001 1.624e+002-4.218e+003 4.238e+005 1.149e+003 1.384e+005
 5.880e+002 2.930e+000 9.300e+001 6.094e+001-5.355e+002 2.512e+000-1.084e+002-5.938e+003 5.975e+005-3.631e+002-7.441e+003-1.409e+001 1.266e+003 2.504e+001 3.999e+002-1.928e+003 1.923e+005 6.148e+002 6.798e+004
 6.000e+002 2.930e+000 1.170e+002 9.079e+001-7.355e+002-1.674e+000-2.048e+002-8.377e+003 8.011e+005-1.163e+002-3.105e+003-2.871e+001 2.688e+003 2.948e+001 2.998e+002-2.672e+003 2.557e+005 1.044e+003 8.720e+004
 6.130e+002 2.930e+000 9.300e+001 2.365e+001-2.508e+002-1.572e+000-7.523e+001-2.143e+003 2.097e+005 1.880e+002 2.589e+002-5.110e+000 4.439e+002 1.284e+001 1.017e+002-6.556e+002 6.251e+004 2.407e+002 2.181e+004
 6.250e+002 2.930e+000 9.600e+001 2.177e+001-3.080e+002-2.102e+000-8.553e+001-1.855e+003 1.744e+005 1.084e+002-1.465e+003-3.607e+000 2.754e+002 1.724e+001 1.927e+002-5.495e+002 5.134e+004 2.238e+002 1.951e+004
 6.380e+002 2.930e+000 9.300e+001 1.817e+001-2.488e+002 5.452e-001-8.736e+001-1.595e+003 1.542e+005-1.375e+002-5.170e+002-5.385e+000 4.080e+002 1.763e+001 2.712e+002-5.318e+002 5.089e+004 2.841e+002 2.137e+004
 6.500e+002 2.930e+000 1.200e+002 1.820e+003-3.460e+004-1.545e+002-2.292e+004-1.814e+005 1.878e+007-1.581e+003 1.043e+006-8.934e+002 9.208e+004 4.673e+002 5.929e+003-6.542e+004 6.971e+006 3.424e+004 2.651e+006
 6.630e+002 2.930e+000 9.300e+001 1.219e+001-1.944e+002 4.574e-001-3.835e+001-9.969e+002 9.350e+004-1.961e+001-2.651e+003-1.742e+000 5.315e+001 1.416e+001 1.984e+002-3.161e+002 2.776e+004 1.446e+002 1.224e+004
 6.750e+002 2.930e+000 9.600e+001 9.682e+000-1.585e+002-8.115e-001-3.790e+001-7.818e+002 7.533e+004 5.297e+001-1.009e+003-1.173e+000 8.135e+001 1.409e+001 1.797e+002-2.271e+002 2.148e+004 1.450e+002 1.004e+004
 6.880e+002 2.930e+000 9.300e+001 9.340e+000-1.773e+002-8.838e-001-6.713e+001-6.977e+002 6.270e+004 4.071e+001 8.169e+002-2.851e+000 2.059e+002 1.017e+001 1.171e+002-2.194e+002 1.919e+004 1.489e+002 8.418e+003
 7.000e+002 2.930e+000 1.200e+002 4.000e+001-1.438e+003-2.745e+000-5.276e+002-2.926e+003 2.786e+005-4.208e+001 6.843e+003-7.587e+000 5.869e+002 1.835e+001 2.715e+002-8.671e+002 8.583e+004 3.226e+002 3.149e+004
 7.130e+002 2.930e+000 8.700e+001 6.004e+000-1.216e+002 5.723e-001-2.818e+001-4.082e+002 3.533e+004-7.761e+001-1.766e+003-1.288e+000 2.740e+001 7.325e+000 1.244e+002-1.392e+002 1.124e+004 7.631e+001 5.714e+003
 7.250e+002 2.930e+000 9.000e+001 5.872e+000-9.015e+001-3.374e-001-2.031e+000-3.900e+002 3.287e+004 4.795e+001-1.743e+003 4.704e-001-4.983e+001 1.159e+001 1.513e+002-1.051e+002 8.241e+003 8.796e+001 5.403e+003
 7.380e+002 2.930e+000 8.400e+001 5.988e+000-9.580e+001-7.987e-001-2.077e+001-4.196e+002 3.546e+004 5.445e+001-7.739e+002-5.700e-001 2.377e+001 9.543e+000 1.141e+002-1.185e+002 9.557e+003 8.724e+001 5.122e+003
 7.500e+002 2.930e+000 1.230e+002 2.932e+001-1.045e+003-2.069e+000-4.531e+002-1.872e+003 1.761e+005-2.200e+002 5.838e+003-9.708e+000 5.839e+002 1.676e+001 3.100e+002-5.969e+002 6.059e+004 3.140e+002 2.549e+004
 7.630e+002 2.930e+000 7.500e+001 4.518e+000-9.198e+001-6.152e-001-2.527e+001-2.729e+002 2.312e+004 3.144e+001-3.374e+002-7.083e-001 2.841e+001 9.496e+000 1.214e+002-7.698e+001 6.318e+003 9.216e+001 4.387e+003
 7.750e+002 2.930e+000 7.500e+001 4.450e+000-7.566e+001-4.736e-002-8.922e+000-2.931e+002 2.411e+004 3.388e+001-1.008e+003-1.705e-001-1.373e+001 8.394e+000 1.100e+002-8.865e+001 6.288e+003 7.241e+001 4.131e+003
 7.880e+002 2.930e+000 7.500e+001 5.069e+000-1.127e+002-1.577e+000-2.222e+001-3.156e+002 2.597e+004 1.393e+002-2.014e+002 5.184e-001-1.625e+001 9.287e+000 9.095e+001-6.860e+001 5.314e+003 6.874e+001 3.440e+003
 8.000e+002 2.930e+000 9.000e+001 5.430e+000-1.589e+002 1.411e-001-3.093e+001-4.054e+002 4.365e+004-1.647e+001-2.702e+003-6.084e-002-7.338e+001 8.557e+000 1.334e+002-1.323e+002 1.318e+004 5.553e+001 6.785e+003
 8.130e+002 2.930e+000 6.000e+001 3.352e+000-8.866e+001-5.565e-001-2.095e+001-2.371e+002 2.495e+004 1.227e+001-9.024e+002-1.333e-001 6.467e+000 6.525e+000 9.350e+001-6.874e+001 7.530e+003 5.934e+001 4.346e+003
 8.250e+002 2.930e+000 5.100e+001 2.768e+000-3.781e+001-2.644e-001-3.191e+000-2.146e+002 2.217e+004 4.244e+001-9.118e+002-1.862e-001-1.834e+001 6.257e+000 7.708e+001-6.259e+001 5.788e+003 5.045e+001 3.382e+003
 8.380e+002 2.930e+000 8.400e+001 3.964e+000-5.355e+001-8.647e-001-1.935e+001-5.237e+002 9.197e+004 1.838e+002 1.149e+003-4.643e-001 5.313e+001 4.482e+000 5.713e+000-1.565e+002 2.739e+004 5.764e+001 9.563e+003
 8.500e+002 2.930e+000 9.000e+001 1.321e+002 2.697e+003-5.633e+001 1.263e+002-2.372e+004 4.548e+006 1.213e+004 1.356e+005-4.943e+001 7.533e+003 5.145e+001-3.470e+003-7.492e+003 1.416e+006 2.761e+003 4.469e+005
 8.630e+002 2.930e+000 8.400e+001 6.162e+000-2.191e+001-1.062e+000-4.135e+000-6.274e+002 8.363e+004 1.563e+002 6.481e+002-6.806e-001 9.290e+001 4.578e+000 1.586e+001-1.884e+002 2.536e+004 6.766e+001 9.076e+003
 8.750e+002 2.930e+000 7.500e+001 4.287e+000-3.513e+001-4.668e-001-1.441e+001-3.367e+002 3.290e+004 3.731e+001-2.927e+001-1.088e+000 6.310e+001 7.044e+000 8.695e+001-1.099e+002 1.039e+004 8.336e+001 5.353e+003
 8.880e+002 2.930e+000 1.080e+002 5.651e+000-9.133e+001 7.561e-002-2.021e+001-4.262e+002 4.046e+004 1.317e+001-5.225e+002-8.095e-001 4.789e+001 4.858e+000 6.985e+001-1.434e+002 1.290e+004 6.122e+001 5.882e+003
 9.000e+002 2.930e+000 7.800e+001 1.977e+001-4.826e+002 1.310e+000-1.744e+002-1.442e+003 1.356e+005-2.046e+002-1.110e+003-5.845e+000 3.677e+002 4.442e+000 1.189e+002-5.664e+002 5.099e+004 1.744e+002 2.039e+004
 9.130e+002 2.930e+000 6.300e+001 1.987e+001-8.767e+002 2.836e+000-3.641e+002-1.478e+003 1.643e+005-5.643e+002-1.983e+003-7.993e+000 4.837e+002 1.038e+001 3.466e+002-6.528e+002 7.142e+004 2.932e+002 3.376e+004
 9.250e+002 2.930e+000 7.200e+001 8.591e+000-2.020e+002 1.068e+000-4.625e+001-5.712e+002 5.026e+004-8.340e+001-1.880e+003-1.314e+000 5.329e+001 3.676e+000 7.823e+001-2.096e+002 1.757e+004 5.484e+001 7.395e+003
 9.380e+002 2.930e+000 1.290e+002 4.576e+001-1.011e+003 1.159e+001-2.966e+002-2.771e+003 2.129e+005-8.833e+002-1.037e+004-1.360e+001 4.263e+002 1.539e+001 4.927e+002-1.224e+003 8.502e+004 3.257e+002 3.823e+004
 9.500e+002 2.930e+000 9.600e+001 9.475e+002-2.218e+004 2.484e+002-6.488e+003-5.502e+004 3.888e+006-2.034e+004-2.121e+005-3.049e+002 1.122e+004 1.814e+002 8.574e+003-2.503e+004 1.635e+006 6.307e+003 7.142e+005
 9.630e+002 2.930e+000 9.300e+001 3.008e+001-6.737e+002 7.830e+000-2.120e+002-1.810e+003 1.370e+005-6.187e+002-5.386e+003-1.022e+001 4.062e+002 1.008e+001 3.311e+002-8.091e+002 5.610e+004 2.506e+002 2.534e+004
 9.750e+002 2.930e+000 9.000e+001 8.158e+000-1.776e+002 2.583e-001-5.263e+001-5.454e+002 4.796e+004-1.970e+001-8.774e+002-1.785e+000 7.802e+001 6.439e+000 1.014e+002-1.933e+002 1.576e+004 8.648e+001 7.348e+003
 9.880e+002 2.930e+000 9.000e+001 6.439e+000-1.090e+002 8.753e-001-2.021e+001-5.099e+002 5.207e+004-5.622e+001-1.625e+003-8.883e-001 3.133e+001 5.306e+000 9.730e+001-1.838e+002 1.763e+004 6.586e+001 7.899e+003
 1.000e+003 2.930e+000 4.800e+002 4.314e+001-4.506e+002 9.498e+000-1.995e+001-2.982e+003 2.589e+005-6.734e+002-1.047e+004-6.414e+000 3.041e+002 2.647e+001 6.169e+002-1.151e+003 9.585e+004 3.931e+002 4.519e+004
 1.130e+003 2.930e+000 9.510e+002 3.668e+002-9.646e+003 1.423e+001-4.750e+003-3.956e+004 4.948e+006-4.713e+003 6.365e+004-1.310e+002 1.248e+004 8.319e+001 2.804e+003-1.667e+004 2.081e+006 5.653e+003 8.920e+005
 1.250e+003 2.930e+000 8.700e+002 1.506e+002-6.732e+003 1.820e+001-2.987e+003-1.349e+004 1.698e+006-3.919e+003-1.442e+004-5.228e+001 3.820e+003 4.085e+001 2.062e+003-6.060e+003 7.566e+005 1.907e+003 3.463e+005
 1.380e+003 2.930e+000 7.860e+002 1.963e+002-5.428e+003 1.262e+001-2.933e+003-1.721e+004 1.764e+006-3.452e+003 4.983e+004-8.614e+001 6.981e+003 5.299e+001 1.989e+003-7.401e+003 7.689e+005 3.118e+003 3.433e+005
 1.500e+003 2.930e+000 5.100e+001 5.644e+000-7.592e+001-9.369e-001-6.886e+001-7.801e+002 1.158e+005 1.347e+002 5.892e+003-5.078e-001 6.923e+001 4.437e-001-4.315e+001-2.840e+002 4.288e+004 3.547e+001 1.631e+004
 1.630e+003 2.930e+000 6.000e+001 1.745e+000 1.538e+001-6.186e-001-1.141e+001-3.306e+002 6.934e+004 1.363e+002 3.547e+003-2.209e-001 1.989e+001 4.719e-001-4.934e+001-1.271e+002 2.647e+004 1.718e+001 1.038e+004
 1.750e+003 2.930e+000 4.800e+001 1.716e+001 4.696e+002-6.680e+000 3.758e+000-3.024e+003 5.601e+005 1.286e+003 3.235e+004-3.171e+000 3.445e+002 3.409e+000-4.748e+002-1.196e+003 2.168e+005 2.087e+002 8.589e+004
 1.880e+003 2.930e+000 6.900e+001 3.684e+001 8.962e+002-1.320e+001-2.530e+001-6.449e+003 1.208e+006 2.550e+003 6.795e+004-5.393e+000 5.540e+002 6.013e+000-9.591e+002-2.566e+003 4.717e+005 3.617e+002 1.884e+005
 2.000e+003 2.930e+000 7.200e+001 5.605e+001 5.514e+002-1.952e+001-4.095e+002-9.860e+003 1.835e+006 3.643e+003 1.142e+005-6.248e+000 7.566e+002 8.278e+000-1.383e+003-3.918e+003 7.213e+005 5.292e+002 2.910e+005
 2.130e+003 2.930e+000 4.200e+001 5.432e+000 1.313e+002-2.218e+000-1.055e+001-1.001e+003 2.117e+005 4.542e+002 1.277e+004-6.266e-001 9.640e+000 1.201e+000-1.757e+002-4.001e+002 8.300e+004 3.197e+001 3.336e+004
 2.250e+003 2.930e+000 5.400e+001 2.358e+000 2.320e+001-8.460e-001-1.760e+001-3.993e+002 7.522e+004 1.661e+002 4.964e+003-2.172e-001 1.782e+001 5.035e-001-6.215e+001-1.564e+002 2.909e+004 1.965e+001 1.165e+004
 2.380e+003 2.930e+000 6.900e+001 5.969e+000-3.160e+001-1.514e+000-8.462e+001-1.157e+003 2.378e+005 3.213e+002 1.469e+004-1.857e-001 1.165e+001 6.470e-001-1.247e+002-4.610e+002 9.454e+004 2.784e+001 3.859e+004
 2.500e+003 2.930e+000 4.200e+001 1.009e+000 2.306e+000-3.083e-001-1.130e+001-1.755e+002 3.519e+004 6.076e+001 2.317e+003-8.994e-002 5.190e+000 2.247e-001-2.204e+001-6.934e+001 1.386e+004 8.021e+000 5.681e+003
 2.630e+003 2.930e+000 7.200e+001 1.919e+000-1.149e+001-5.183e-001-2.239e+001-2.520e+002 3.581e+004 7.562e+001 2.517e+003-2.225e-001 2.364e+001 3.307e-001-2.652e+001-9.962e+001 1.412e+004 1.706e+001 5.822e+003
 2.750e+003 2.930e+000 5.700e+001 5.959e-001 1.886e+000-2.017e-001-4.547e+000-6.607e+001 9.157e+003 2.764e+001 7.400e+002-1.027e-001 6.541e+000 1.752e-001-9.461e+000-2.603e+001 3.540e+003 6.070e+000 1.476e+003
 2.880e+003 2.930e+000 4.500e+001 4.218e-001-1.031e+000-1.191e-001-5.278e+000-4.765e+001 6.180e+003 1.505e+001 5.862e+002-1.154e-001 1.239e+001 1.056e-001-4.309e+000-1.913e+001 2.479e+003 6.901e+000 1.074e+003
 3.000e+003 2.930e+000 4.800e+001 1.275e+000 7.140e+000-2.582e-001-1.581e+001-9.071e+001 9.261e+003 3.201e+001 1.495e+003-7.528e-001 4.808e+001 5.994e-001-1.629e+000-4.013e+001 3.840e+003 2.647e+001 1.920e+003
 3.130e+003 2.930e+000 3.300e+001 2.066e-001 1.359e+000-2.385e-002-9.370e-001-1.708e+001 1.918e+003 3.564e+000 1.439e+002-5.533e-002 2.993e+000 8.887e-002-3.990e-001-6.842e+000 7.544e+002 2.298e+000 3.342e+002
 3.250e+003 2.930e+000 4.500e+001 4.880e-001-1.778e+000 5.054e-002-5.879e+000-3.625e+001 3.616e+003-1.655e+000 4.404e+002-3.074e-001 2.319e+001 3.908e-001 7.164e+000-1.902e+001 1.840e+003 1.491e+001 1.104e+003
 3.380e+003 2.930e+000 6.300e+001 7.694e-001 6.338e+000-2.099e-001-4.178e+000-1.018e+002 1.457e+004 3.220e+001 1.001e+003-5.550e-002 5.707e+000 1.890e-001-1.081e+001-4.001e+001 5.702e+003 6.408e+000 2.368e+003
 3.500e+003 2.930e+000 7.200e+001 9.276e+000 1.619e+002-3.482e+000-4.895e+001-1.271e+003 1.792e+005 5.205e+002 1.625e+004-1.500e+000 1.472e+002 1.950e+000-1.891e+002-5.190e+002 7.109e+004 1.116e+002 2.987e+004
 3.630e+003 2.930e+000 4.500e+001 8.792e+000-5.533e-001-2.117e+000-9.584e+001-1.082e+003 1.350e+005 2.705e+002 1.205e+004-2.101e+000 2.583e+002 1.356e+000-8.744e+001-4.597e+002 5.727e+004 1.398e+002 2.557e+004
 3.750e+003 2.930e+000 6.000e+001 1.301e+000 3.823e+000-2.026e-001-5.910e+000-1.349e+002 1.648e+004 3.243e+001 1.099e+003-1.763e-001 1.616e+001 3.737e-001-7.597e+000-5.375e+001 6.535e+003 1.411e+001 2.873e+003
 3.880e+003 2.930e+000 6.000e+001 7.461e+000 5.671e+001-2.041e+000-6.084e+001-1.010e+003 1.564e+005 3.257e+002 1.252e+004-8.812e-001 8.091e+001 1.253e+000-1.176e+002-4.105e+002 6.308e+004 6.624e+001 2.690e+004
 4.000e+003 2.930e+000 4.800e+001 2.097e+001-7.633e+002-1.562e+000-5.034e+002-1.474e+003 1.429e+005-5.865e+001 1.825e+004-5.419e+000 4.223e+002 1.952e+000 8.407e+001-5.065e+002 5.903e+004 1.711e+002 2.697e+004
 4.130e+003 2.930e+000 6.900e+001 1.306e+001 8.670e+001-3.872e+000-1.313e+002-1.738e+003 2.447e+005 5.849e+002 2.335e+004-2.728e+000 3.077e+002 2.761e+000-2.006e+002-7.320e+002 1.013e+005 1.984e+002 4.478e+004
 4.250e+003 2.930e+000 6.600e+001 4.219e+000 5.794e+001-1.233e+000-1.764e+001-5.998e+002 9.186e+004 2.158e+002 6.786e+003-3.648e-001 2.515e+001 1.771e+000-6.531e+001-2.529e+002 3.772e+004 4.937e+001 1.684e+004
 4.380e+003 2.930e+000 4.200e+001 6.623e-001 4.367e+000 1.034e-001 3.175e+000-7.108e+001 9.036e+003-9.609e-001 2.646e+002 3.428e-002 3.203e+000 5.349e-001 1.063e+001-3.216e+001 4.018e+003 1.178e+001 2.204e+003
 4.500e+003 2.930e+000 5.700e+001 2.023e+000 3.984e+001-7.422e-001-1.029e+001-2.282e+002 2.948e+004 1.080e+002 3.495e+003-4.720e-001 4.207e+001 9.577e-001-2.751e+001-9.400e+001 1.152e+004 3.926e+001 5.340e+003
 4.630e+003 2.930e+000 4.800e+001 2.718e-001-6.721e-001-2.776e-002-7.687e-001-2.253e+001 2.539e+003 1.048e+001 2.401e+002 1.246e-002-1.643e+000 7.719e-001 1.028e+001-8.560e+000 8.599e+002 1.567e+001 9.225e+002
 4.750e+003 2.930e+000 3.600e+001 1.652e-001-3.133e+000 6.414e-003 2.910e-001-1.749e+001 2.771e+003 2.667e+000-8.177e+001 9.467e-002-9.788e+000 7.607e-001 1.386e+001-5.509e+000 9.617e+002 1.034e+001 9.070e+002
 4.880e+003 2.930e+000 6.300e+001 8.086e-001-3.815e+001-5.736e-002-1.917e+001-6.715e+001 8.081e+003 7.127e+000 6.877e+002 6.486e-002 4.148e+000 9.925e-001 1.672e+001-2.296e+001 3.300e+003 2.168e+001 2.192e+003
 5.000e+003 2.930e+000 4.200e+001 1.649e-001-2.858e+000-1.488e-002-1.626e+000-1.299e+001 1.430e+003 5.163e+000 1.759e+002 1.941e-002 4.325e-001 5.538e-001 8.342e+000-4.387e+000 5.066e+002 1.144e+001 6.197e+002
 5.130e+003 2.930e+000 3.600e+001 2.646e-001-6.572e+000-1.129e-001-4.972e+000-2.298e+001 2.492e+003 1.164e+001 3.641e+002 7.216e-002-4.214e-001 4.868e-001 3.716e+000-6.156e+000 8.706e+002 9.851e+000 6.726e+002
 5.250e+003 2.930e+000 4.500e+001 1.740e-001-2.449e+000-4.201e-002-2.910e+000-1.186e+001 1.080e+003 5.615e+000 3.259e+002-2.948e-002 9.012e+000 1.025e+000 1.802e+001-4.256e+000 4.954e+002 2.448e+001 1.067e+003
 5.380e+003 2.930e+000 4.500e+001 2.208e-001-6.915e+000-3.481e-002-3.882e+000-1.577e+001 1.657e+003 4.322e+000 2.606e+002 3.558e-002 2.814e+000 1.047e+000 1.812e+001-4.472e+000 6.534e+002 2.137e+001 1.057e+003
 5.500e+003 2.930e+000 4.200e+001 1.799e-001-3.693e+000-3.103e-002 1.759e-001-1.136e+001 9.975e+002 7.385e+000 7.604e+001 1.139e-001-3.434e+000 6.797e-001 9.612e+000-1.493e+000 1.724e+002 1.167e+001 4.884e+002
 5.630e+003 2.930e+000 5.700e+001 3.126e-001-1.069e+001-2.010e-002-8.904e-001-2.660e+001 3.575e+003 1.073e+001 5.785e+001 2.737e-001-1.033e+001 1.061e+000 1.396e+001-6.222e+000 1.224e+003 1.643e+001 1.183e+003
 5.750e+003 2.930e+000 4.500e+001 3.527e-001-2.703e+000 8.371e-002 5.554e+000-2.400e+001 2.737e+003-5.258e+000-3.999e+002 3.083e-001-1.656e+001 1.073e+000 1.978e+001-4.946e+000 8.432e+002 1.394e+001 9.486e+002
 5.880e+003 2.930e+000 4.500e+001 4.146e-001-8.673e+000 2.856e-002-2.536e+000-3.118e+001 2.834e+003-2.508e+000-1.618e+001 4.663e-002-8.583e-001 7.366e-001 1.390e+001-1.227e+001 1.214e+003 1.349e+001 1.034e+003
 6.000e+003 2.930e+000 6.300e+001 9.136e-001-1.734e+001-7.772e-002-1.182e+001-6.242e+001 5.876e+003 3.041e+000 4.752e+002-1.366e-001 1.787e+001 1.600e+000 2.669e+001-2.514e+001 2.555e+003 3.618e+001 2.167e+003
 6.130e+003 2.930e+000 4.800e+001 6.117e-001-6.891e+000 1.078e-001-1.176e+000-4.001e+001 3.262e+003-2.482e+000-2.248e+000-4.045e-002 2.246e+000 1.444e+000 2.562e+001-1.749e+001 1.360e+003 2.702e+001 1.493e+003
 6.250e+003 2.930e+000 3.900e+001 2.000e-001 2.509e+000-1.531e-003-3.765e-001-1.291e+001 1.457e+003 2.646e+000 1.026e+002-6.695e-002 5.189e+000 7.514e-001 1.119e+001-6.023e+000 5.718e+002 1.476e+001 6.762e+002
 6.380e+003 2.930e+000 4.800e+001 1.914e-001 1.263e+000 3.114e-002 2.780e+000-1.477e+001 1.532e+003-8.329e-001-1.123e+002 8.678e-002-3.121e+000 1.277e+000 2.252e+001-4.059e+000 5.081e+002 2.153e+001 9.960e+002
 6.500e+003 2.930e+000 5.100e+001 1.633e-001-4.939e-001 2.101e-002 1.699e+000-1.125e+001 1.116e+003 1.995e+000 3.680e+001 7.843e-002 5.500e-001 1.423e+000 2.524e+001-3.498e+000 4.333e+002 2.639e+001 1.156e+003
 6.630e+003 2.930e+000 3.000e+001 1.298e-001 1.382e+000-1.180e-002 1.149e+000-1.015e+001 1.055e+003-2.099e+000-3.743e+001 4.924e-002-6.384e-001 1.128e+000 2.047e+001-3.725e+000 5.024e+002 2.010e+001 9.631e+002
 6.750e+003 2.930e+000 5.400e+001 2.277e-001 2.107e+000 1.238e-002 2.458e+000-1.743e+001 1.665e+003-2.433e+000-7.870e+001 8.637e-002-4.146e+000 1.227e+000 2.342e+001-6.405e+000 7.315e+002 2.055e+001 1.183e+003
 6.880e+003 2.930e+000 5.400e+001 1.487e-001 4.812e-001 5.392e-002 3.597e+000-8.367e+000 6.748e+002-5.470e+000-2.197e+002 1.198e-001-5.560e+000 1.169e+000 2.303e+001-2.364e+000 2.956e+002 1.945e+001 9.470e+002
 7.000e+003 2.930e+000 3.300e+001 1.185e-001 1.117e+000 5.398e-003 3.799e+000-6.837e+000 5.006e+002-4.506e-001-1.561e+002 1.647e-001-7.049e+000 1.045e+000 1.927e+001 6.000e-002 9.360e+001 1.667e+001 7.309e+002
 7.130e+003 2.930e+000 5.400e+001 2.207e-001 3.209e-001 6.139e-002 4.596e+000-1.507e+001 1.224e+003-4.005e-001-1.609e+002 1.860e-001-8.862e+000 1.451e+000 2.575e+001-4.612e+000 4.058e+002 2.182e+001 1.061e+003
 7.250e+003 2.930e+000 5.400e+001 2.236e-001-1.742e+000 1.072e-001 4.973e+000-1.296e+001 9.495e+002-3.375e+000-2.425e+002 2.325e-001-1.022e+001 1.325e+000 2.375e+001-3.166e+000 2.684e+002 1.887e+001 8.817e+002
 7.380e+003 2.930e+000 4.500e+001 1.842e-001-1.079e+000 8.034e-005 1.109e-001-1.036e+001 7.907e+002 1.597e+000-1.385e+001 4.815e-002-1.911e+000 5.553e-001 8.032e+000-3.801e+000 2.878e+002 9.348e+000 4.623e+002
 7.500e+003 2.930e+000 4.500e+001 1.911e-001-7.144e-001 6.355e-002 1.963e+000-1.074e+001 9.066e+002-2.075e+000-4.645e+001 9.006e-002-5.164e-003 9.185e-001 1.540e+001-4.682e+000 4.249e+002 1.518e+001 7.285e+002
 7.630e+003 2.930e+000 6.600e+001 4.673e-001-5.770e+000 1.375e-002-7.179e+000-2.811e+001 2.037e+003-7.411e+000 2.392e+002-3.052e-001 2.531e+001 1.564e+000 2.945e+001-1.868e+001 1.496e+003 3.999e+001 1.952e+003
 7.750e+003 2.930e+000 4.800e+001 4.941e-001-8.813e+000-6.994e-002-1.423e+001-3.041e+001 2.338e+003-7.182e+000 4.593e+002-5.145e-001 3.461e+001 1.441e+000 2.707e+001-2.216e+001 1.840e+003 4.141e+001 2.075e+003
 7.880e+003 2.930e+000 7.200e+001 6.196e+000-1.249e+002-5.401e-001-1.407e+002-3.652e+002 2.534e+004-6.565e+001 4.594e+003-4.664e+000 3.275e+002 6.595e+000 1.368e+002-2.125e+002 1.689e+004 2.520e+002 1.369e+004
 8.000e+003 2.930e+000 7.200e+001 3.743e+001-8.599e+002-1.099e+001-1.307e+003-2.588e+003 2.009e+005-2.595e+002 5.110e+004-4.442e+001 3.418e+003 6.142e+001 1.115e+003-1.775e+003 1.560e+005 2.659e+003 1.367e+005
 8.130e+003 2.930e+000 4.800e+001 1.359e+000-2.362e+001 1.337e-002-2.952e+001-8.660e+001 6.335e+003-2.403e+001 9.241e+002-1.222e+000 8.566e+001 2.197e+000 4.537e+001-5.815e+001 4.588e+003 7.616e+001 4.101e+003
 8.250e+003 2.930e+000 6.900e+001 7.165e-001-1.523e+001-1.989e-001-2.195e+001-4.504e+001 3.466e+003-6.700e+000 7.353e+002-7.108e-001 5.307e+001 1.810e+000 3.175e+001-2.925e+001 2.581e+003 5.429e+001 2.648e+003
 8.380e+003 2.930e+000 6.300e+001 4.702e-001-2.971e+000-7.117e-002-9.413e+000-2.947e+001 2.500e+003-6.520e+000 2.670e+002-3.547e-001 2.233e+001 1.618e+000 2.875e+001-1.742e+001 1.527e+003 3.600e+001 1.768e+003
 8.500e+003 2.930e+000 3.900e+001 9.021e-002-1.025e+000-2.626e-003-2.072e+000-4.952e+000 4.590e+002-2.864e+000 3.936e+001-7.636e-002 4.248e+000 5.108e-001 1.038e+001-3.053e+000 3.046e+002 8.536e+000 4.640e+002
 8.630e+003 2.930e+000 5.400e+001 2.266e-001-3.028e+000 2.695e-002-4.265e+000-1.525e+001 1.401e+003-8.761e+000 8.313e+001-1.144e-001 7.327e+000 9.128e-001 2.025e+001-9.071e+000 9.336e+002 1.772e+001 1.140e+003
 8.750e+003 2.930e+000 5.400e+001 1.393e-001-1.857e+000-2.670e-002-1.969e+000-5.839e+000 4.949e+002-2.551e+000 4.236e+001-3.070e-002 4.366e+000 7.341e-001 1.443e+001-2.239e+000 3.544e+002 1.384e+001 7.203e+002
 8.880e+003 2.930e+000 3.300e+001 1.160e-001-2.910e-001-2.842e-002-1.623e+000-6.271e+000 5.254e+002-1.828e+000 1.001e+002-4.789e-002 7.692e+000 6.978e-001 1.275e+001-2.857e+000 4.047e+002 1.587e+001 7.070e+002
 9.000e+003 2.930e+000 4.500e+001 9.462e-002-9.035e-001 3.745e-003-1.020e+000-3.803e+000 3.056e+002-5.350e+000-4.260e+001-2.826e-002 2.671e+000 9.284e-001 1.809e+001-2.317e+000 3.008e+002 1.638e+001 7.755e+002
 9.130e+003 2.930e+000 4.500e+001 1.408e-001-1.681e+000-7.385e-002-3.682e+000-6.259e+000 5.172e+002-2.588e+000 8.599e+001-8.399e-002 7.428e+000 7.374e-001 1.485e+001-2.538e+000 4.233e+002 1.527e+001 7.668e+002
 9.250e+003 2.930e+000 2.700e+001 9.327e-002-9.429e-002-3.984e-002-1.798e-001-2.894e+000 1.881e+002 8.328e-001 1.435e+001 3.623e-002 1.608e-001 3.050e-001 4.861e+000 9.763e-002 7.760e+001 5.843e+000 2.454e+002
 9.380e+003 2.930e+000 4.500e+001 1.810e-001 4.062e-001-2.690e-002-3.050e-001-7.686e+000 5.762e+002-1.909e+000 1.110e+001 1.083e-002 1.797e+000 6.803e-001 1.207e+001-1.085e+000 2.564e+002 1.342e+001 6.005e+002
 9.500e+003 2.930e+000 4.800e+001 1.709e-001-1.390e+000-9.960e-002-1.532e+000-7.865e+000 5.860e+002 1.509e+000 5.633e+001 6.981e-002 8.557e-001 6.517e-001 1.191e+001 2.033e-001 2.515e+002 1.363e+001 6.795e+002
 9.630e+003 2.930e+000 3.900e+001 1.097e-001-4.353e-001-4.790e-002-3.210e-001-3.874e+000 2.495e+002-1.208e-001 2.851e+001 2.911e-002 1.721e+000 4.006e-001 7.457e+000-8.393e-002 1.364e+002 6.977e+000 3.418e+002
 9.750e+003 2.930e+000 3.900e+001 1.300e-001-4.050e-001-1.177e-001 7.165e-001-3.440e+000 2.611e+002 8.794e-001-1.421e+001 1.387e-001-1.044e+000 6.042e-001 1.139e+001 3.691e+000 5.862e+001 1.053e+001 4.692e+002
 9.880e+003 2.930e+000 5.100e+001 2.001e-001-2.076e+000-5.777e-002 1.568e+000-7.301e+000 4.968e+002 1.007e+000-2.794e+000 1.956e-001-1.109e+000 7.945e-001 1.295e+001 1.862e+000 1.860e+002 1.429e+001 6.134e+002
 1.000e+004 2.930e+000 2.430e+002 1.273e+000-4.351e+000 3.963e-001 1.430e+001-6.146e+001 3.854e+003-1.962e+001-3.319e+002 4.524e-001 7.271e+000 4.280e+000 8.034e+001-2.490e+001 2.170e+003 8.355e+001 4.086e+003
 1.130e+004 2.930e+000 4.020e+002 2.127e+000-1.077e+001 4.571e-001 2.530e+000-1.096e+002 7.095e+003-3.663e+001-1.414e+002 3.359e-003 3.246e+001 6.205e+000 1.145e+002-5.418e+001 4.214e+003 1.328e+002 6.488e+003
 1.250e+004 2.930e+000 2.550e+002 7.379e-001-3.225e-001 6.607e-001 2.207e+001-2.480e+001 1.426e+003-2.939e+001-4.351e+002 6.395e-001 9.784e+000 7.991e+000 1.307e+002-9.274e+000 1.291e+003 1.556e+002 5.690e+003
 1.380e+004 2.930e+000 2.310e+002 6.603e-001-8.340e-001 8.645e-001 2.187e+001-1.690e+001 8.342e+002-2.649e+001-3.848e+002 5.517e-001 3.206e+000 5.537e+000 8.533e+001-5.790e+000 7.807e+002 1.108e+002 3.887e+003
 1.500e+004 2.930e+000 2.220e+002 4.769e-001-1.601e+000 2.665e-001 7.354e+000-1.027e+001 5.934e+002-8.829e+000-1.267e+001 2.356e-001 9.588e+000 3.174e+000 4.412e+001-2.010e+000 5.510e+002 6.821e+001 2.348e+003
 1.630e+004 2.930e+000 3.240e+002 9.528e-001 1.543e+000 1.285e+000 2.174e+001-5.079e+001 4.330e+003-1.111e+002-1.424e+003 3.943e-001-7.285e+000 5.070e+000 1.136e+002-3.365e+001 3.377e+003 6.722e+001 4.196e+003
 1.750e+004 2.930e+000 3.240e+002 1.053e+000-1.027e+001 1.305e-001-8.677e+000-2.463e+001 9.489e+002-9.547e+000 1.068e+002-5.644e-001 2.141e+001 1.990e+000 2.754e+001-2.086e+001 8.719e+002 4.317e+001 1.591e+003
 1.880e+004 2.930e+000 3.390e+002 2.447e+000-3.183e+001-5.639e-003-3.533e+001-5.687e+001 1.999e+003-2.202e+001 2.792e+002-1.681e+000 4.762e+001 2.651e+000 4.005e+001-4.975e+001 1.881e+003 6.238e+001 2.400e+003
 2.000e+004 2.930e+000 4.920e+002 9.834e+000-1.122e+002 2.121e+001 7.178e+002-5.546e+001 2.091e+003 2.595e+002 5.879e+002 3.140e+001-3.996e+002 1.557e+002 1.655e+003 3.427e+002-9.914e+003 2.825e+003 6.913e+004
 2.130e+004 2.930e+000 4.410e+002 1.955e+000-2.261e+001 2.132e-001-3.741e+001-5.070e+001 2.035e+003-2.534e+001 9.082e+002-2.787e+000 1.170e+002 1.353e+001 1.635e+002-7.293e+001 3.224e+003 2.922e+002 8.598e+003
 2.250e+004 2.930e+000 2.040e+002 2.010e-001-1.361e+000 3.514e-002-2.041e-001-3.368e+000 1.276e+002-2.394e-001 8.642e+000 1.107e-002 7.769e-001 3.250e-001 2.315e+000-1.716e+000 6.728e+001 3.501e+000 1.122e+002
 2.380e+004 2.930e+000 4.650e+002 2.615e+001-2.778e+002-2.737e+000-3.175e+002-1.065e+003 4.679e+004-7.299e+000 5.380e+003-1.132e+001 4.971e+002 5.853e+000 6.590e+001-7.217e+002 3.308e+004 3.560e+002 2.416e+004
 2.500e+004 2.930e+000 2.220e+002 7.294e-001-9.054e+000-6.087e-002-9.594e+000-2.166e+001 9.422e+002-4.002e+000 9.703e+001-4.230e-001 1.604e+001 7.101e-001 8.265e+000-1.701e+001 7.582e+002 1.756e+001 7.549e+002
 2.630e+004 2.930e+000 1.290e+002 9.505e-002-6.881e-001 8.775e-002 1.772e+000 3.514e+000 1.766e+003-8.618e-001 3.965e+001 1.055e-002 2.893e+000 5.167e-001 5.748e+000-1.601e+000-3.109e+001 9.138e+000 2.847e+002
 2.750e+004 2.930e+000 1.860e+002 1.308e+000-1.897e+001-1.379e-001-1.342e+001-2.779e+001 9.454e+002-3.757e+000 5.655e+001-4.887e-001 1.387e+001 6.041e-001 6.853e+000-1.830e+001 6.348e+002 1.407e+001 5.759e+002
 2.880e+004 2.930e+000 1.620e+002 9.388e-002-3.147e-001 2.497e-002-3.028e-002-9.210e-001 3.672e+001 8.404e-001 2.660e+001 5.456e-003 4.649e-001 3.458e-001 1.918e+000-7.520e-001 2.769e+001 5.839e+000 1.595e+002
 3.000e+004 2.930e+000 1.110e+002 4.283e-002-2.678e-001 1.262e-002-1.620e-001-2.646e-001 1.489e+001 2.986e-001 1.752e+001-2.686e-003 3.858e-001 2.534e-001 2.040e+000-5.957e-002 1.206e+001 4.331e+000 1.211e+002
 3.130e+004 2.930e+000 2.340e+002 5.608e-001-1.008e+001 3.556e-002-4.027e+000-7.463e+000 3.610e+002-3.066e+000 1.171e+002-2.402e-001 6.311e+000 9.534e-001 8.022e+000-1.264e+000 1.618e+002 1.560e+001 4.150e+002
 3.250e+004 2.930e+000 2.370e+002 6.902e-001-1.421e+001 5.234e-002-5.085e+000-9.929e+000 4.992e+002-3.509e+000 1.229e+002-1.344e-001 1.637e+000 2.887e-001 3.308e+000 8.790e-001 1.197e+002 2.456e+000 1.480e+002
 3.380e+004 2.930e+000 1.050e+002 3.559e-002-4.089e-002 1.790e-002 1.567e-001-1.766e-001 7.432e+000-1.801e-001 4.947e-002-4.082e-003 2.381e-001 1.233e-001 1.135e+000-3.625e-001 9.883e+000 1.818e+000 5.099e+001
 3.500e+004 2.930e+000 1.170e+002 3.498e-002-3.448e-002 1.886e-002 1.282e-001-1.614e-001 7.337e+000-9.111e-002 3.501e+000-2.438e-003 2.911e-001 1.528e-001 1.100e+000-3.097e-001 8.973e+000 2.294e+000 5.728e+001
 3.630e+004 2.930e+000 1.290e+002 3.857e-002-2.867e-002 4.527e-003-1.765e-001-5.122e-001 2.831e+001 6.595e-002 1.177e+001-1.668e-002 9.487e-001 1.262e-001 9.357e-001-6.308e-001 3.086e+001 2.002e+000 5.912e+001
 3.750e+004 2.930e+000 1.080e+002 2.493e-002-4.682e-002 7.559e-003-9.932e-002-1.461e-001 6.005e+000 1.516e-002 4.225e+000-1.070e-002 2.596e-001 1.206e-001 9.568e-001-2.300e-001 5.182e+000 1.398e+000 3.174e+001
 3.880e+004 2.930e+000 1.050e+002 2.462e-002-1.903e-001 1.563e-003-1.590e-001-2.045e-001 1.270e+001 1.179e-001 5.901e+000-6.212e-003 3.822e-001 8.756e-002 6.336e-001-1.476e-001 8.924e+000 9.028e-001 2.175e+001
 4.000e+004 2.930e+000 4.020e+002 8.362e-001-1.441e+001-1.692e-001-1.388e+001-2.830e+001 1.319e+003 1.233e+000 2.574e+002-3.123e-001 1.542e+001 3.789e-001 3.393e+000-1.429e+001 7.877e+002 1.098e+001 5.555e+002
 4.130e+004 2.930e+000 1.350e+002 2.909e-002-9.604e-002 5.738e-003 2.523e-002-2.411e-001 9.913e+000 1.991e-001 4.917e+000 5.063e-003 7.676e-002 9.699e-002 6.011e-001-9.700e-002 3.291e+000 9.918e-001 2.245e+001
 4.250e+004 2.930e+000 1.260e+002 2.343e-002-2.167e-002 8.681e-003 1.318e-001-7.375e-002 5.057e+000 9.035e-002 1.580e+000 4.980e-003-3.780e-002 7.494e-002 4.867e-001-3.931e-002-6.611e-001 7.333e-001 1.499e+001
 4.380e+004 2.930e+000 8.700e+001 1.537e-002-3.981e-002 4.939e-003 4.162e-002-1.074e-001 3.327e+000 3.007e-002 9.459e-001-1.198e-004 5.026e-002 3.948e-002 2.469e-001-7.447e-002 1.107e+000 3.919e-001 7.620e+000
 4.500e+004 2.930e+000 1.230e+002 2.175e-002-4.426e-002 5.242e-003 5.988e-002-9.310e-002 3.742e+000 5.210e-002 5.799e-001 9.948e-004 1.164e-002 4.294e-002 1.708e-001-3.421e-002 5.536e-001 3.766e-001 8.223e+000
 4.630e+004 2.930e+000 1.350e+002 2.758e-002-1.234e-001 3.978e-003-3.844e-002-2.079e-001 5.055e+000-9.884e-003 7.811e-001-4.930e-003 9.702e-002 5.328e-002 2.435e-001-1.604e-001 2.805e+000 4.018e-001 8.241e+000
 4.750e+004 2.930e+000 2.910e+002 4.618e-001-8.055e+000-1.137e-001-5.075e+000-9.135e+000 3.475e+002-1.086e+000 4.788e+001-1.954e-001 6.554e+000 1.854e-001 1.562e+000-3.362e+000 1.690e+002 3.264e+000 9.451e+001
 4.880e+004 2.930e+000 1.650e+002 2.056e-001-4.412e+000-5.242e-002-2.748e+000-3.748e+000 1.753e+002-8.942e-001 3.110e+001-8.760e-002 3.039e+000 9.765e-002 1.118e+000-1.029e+000 8.330e+001 1.476e+000 4.973e+001
 5.000e+004 2.930e+000 7.200e+001 8.345e-003-2.853e-003 2.242e-003 6.792e-003-1.502e-002 7.168e-001-3.495e-002-1.556e-001-3.732e-004 1.353e-002 2.064e-002 1.131e-001-3.594e-002 7.164e-001 1.426e-001 3.023e+000
 5.130e+004 2.930e+000 8.100e+001 7.811e-003-1.274e-002 2.037e-003 2.036e-002-1.905e-002 5.669e-001 1.201e-002 1.757e-001 1.278e-004 5.242e-003 2.270e-002 1.053e-001 7.971e-003-1.430e-001 1.376e-001 2.589e+000
 5.250e+004 2.930e+000 1.140e+002 1.375e-002-6.316e-003-9.753e-004-1.299e-002-4.787e-002 1.302e+000 5.712e-002 7.162e-001 4.004e-004 1.183e-002 2.745e-002 1.319e-001-3.734e-003 1.166e-001 1.869e-001 3.856e+000
 5.380e+004 2.930e+000 2.340e+002 4.234e-001-4.950e+000 1.499e-002-2.713e+000-8.892e+000 2.577e+002-2.887e+000-1.617e+001-2.103e-001 4.514e+000 1.462e-001 1.660e+000-6.178e+000 1.700e+002 3.236e+000 1.150e+002
 5.500e+004 2.930e+000 1.050e+002 2.310e-002-1.609e-001-3.205e-003-2.939e-001-7.577e-001 4.362e+001 2.108e-001 1.225e+001-6.295e-003 4.935e-001 2.339e-002 4.743e-002-4.531e-001 2.868e+001 4.334e-001 2.348e+001
 5.630e+004 2.930e+000 1.800e+002 6.225e-002-5.124e-001-9.806e-003-1.068e+000-2.535e+000 1.422e+002 2.830e-001 4.129e+001-2.960e-002 1.911e+000 6.120e-002 4.475e-001-1.576e+000 9.656e+001 1.529e+000 8.023e+001
 5.750e+004 2.930e+000 7.200e+001 7.852e-003-1.256e-002 5.779e-004-1.418e-002-1.401e-002 4.515e-001 7.340e-003 1.121e-001-9.970e-004 7.542e-003 1.132e-002 2.378e-002-1.491e-002 1.885e-001 3.029e-002 5.156e-001
 5.880e+004 2.930e+000 6.600e+001 4.404e-003 1.299e-003 1.486e-003 1.033e-002 1.314e-003 1.730e-001 6.256e-004 6.775e-002 1.139e-003 6.257e-003 1.215e-002 3.376e-002-1.142e-003 7.100e-002 5.949e-002 9.356e-001
 6.000e+004 2.930e+000 8.100e+001 1.002e-002-3.943e-002-1.194e-003-6.148e-002-8.491e-002 2.362e+000-2.131e-002 3.575e-001-4.884e-003 9.847e-002 1.327e-002 6.358e-002-1.043e-001 2.515e+000 1.449e-001 3.918e+000
 6.130e+004 2.930e+000 5.100e+001 4.906e-003-1.543e-003-9.005e-006-5.093e-003-3.442e-003 1.363e-001-3.765e-003 1.452e-002 7.392e-004 1.813e-003 6.158e-003 1.259e-003 1.102e-003 5.185e-002 1.233e-002 1.952e-001
 6.250e+004 2.930e+000 1.050e+002 7.146e-003-1.329e-003 4.339e-004 7.140e-003-1.113e-002 2.808e-001-3.810e-004 1.019e-001 1.551e-003 2.008e-003 1.537e-002 4.084e-002-6.426e-003 1.550e-001 7.615e-002 1.063e+000
 6.380e+004 2.930e+000 1.860e+002 6.344e-002-2.349e-001-1.190e-002-6.466e-001-1.945e+000 7.429e+001 3.261e-001 1.912e+001-2.620e-002 1.102e+000 4.317e-002 1.337e-001-1.143e+000 4.603e+001 8.394e-001 3.452e+001
 6.500e+004 2.930e+000 9.300e+001 5.727e-003-8.568e-004-5.023e-004-1.130e-002-1.623e-002 4.813e-001 1.242e-002 2.255e-001-7.509e-004 1.355e-002 1.070e-002 2.881e-002-6.406e-003 2.197e-001 6.448e-002 1.055e+000
 6.630e+004 2.930e+000 7.500e+001 4.677e-003-6.455e-003 1.839e-004-7.561e-003-6.078e-003 1.334e-001 1.328e-003 7.659e-002-1.555e-004 6.314e-003 9.468e-003 2.916e-002 1.893e-003 7.500e-002 3.075e-002 4.868e-001
 6.750e+004 2.930e+000 5.100e+001 2.847e-003 1.063e-003 1.784e-004 5.383e-003-7.213e-004 6.127e-002 1.148e-003 6.598e-002 3.908e-004 4.953e-003 4.315e-003 1.030e-002-5.404e-003 4.332e-002 1.656e-002 2.838e-001
 6.880e+004 2.930e+000 1.080e+002 6.248e-003 8.076e-003-9.134e-005-5.216e-002-1.853e-002 5.601e-001 9.714e-002 2.230e+000-6.955e-003 1.386e-001 7.164e-002 4.103e-001-1.086e-001 1.513e+000 9.774e-001 1.732e+001
 7.000e+004 2.930e+000 6.300e+001 2.901e-003-1.654e-004 6.791e-004 9.027e-004-4.729e-003 5.727e-002-7.286e-004 1.026e-002 4.538e-004 1.629e-003 5.776e-003 3.185e-002-6.538e-003-4.071e-003 1.153e-002 4.740e-001
 7.130e+004 2.930e+000 8.700e+001 3.388e-003-2.768e-004 6.760e-005-8.388e-003-9.991e-003 3.309e-001 1.555e-003 2.762e-001-6.018e-004 1.384e-002 6.648e-003 2.562e-002-1.168e-002 2.439e-001 3.356e-002 8.091e-001
 7.250e+004 2.930e+000 7.800e+001 2.942e-003-9.637e-004 6.236e-005-4.937e-005-2.960e-003 9.596e-002-1.723e-004 3.007e-002 3.689e-004 1.182e-003 4.609e-003 9.378e-003 1.163e-003 6.871e-002 8.910e-003 2.612e-001
 7.380e+004 2.930e+000 5.100e+001 2.434e-003-4.096e-005 7.058e-004 4.190e-005-1.351e-003 4.091e-002 7.296e-004-9.179e-004 3.714e-004-3.340e-005 2.342e-003 1.527e-003-7.770e-004 1.064e-002-7.731e-004 4.005e-002
 7.500e+004 2.930e+000 6.300e+001 2.569e-003 1.125e-003-2.200e-004 3.751e-004-7.221e-004 4.339e-002-2.872e-004 2.534e-003 2.785e-004 3.644e-004 3.209e-003-5.051e-004 2.015e-003 1.369e-002 6.759e-003 7.353e-002
 7.630e+004 2.930e+000 4.800e+001 2.061e-003-6.584e-005-2.056e-004 1.309e-003-3.183e-003 3.647e-002 4.389e-004 8.835e-004 4.437e-004 3.695e-004 2.530e-003-1.038e-003 7.922e-004 5.183e-003 2.035e-003 4.813e-002
 7.750e+004 2.930e+000 6.300e+001 1.843e-003-2.759e-003-3.852e-005-5.319e-004-3.099e-004 3.782e-002 6.294e-004 1.301e-003 2.208e-004 3.818e-004 2.825e-003 2.075e-003-1.092e-003 1.107e-002 1.960e-003 4.068e-002
 7.880e+004 2.930e+000 4.200e+001 1.751e-003-2.583e-004-2.440e-004-4.767e-004-1.356e-003 2.136e-002 1.201e-003 3.259e-003 2.623e-004-1.697e-003 2.105e-003-6.768e-004-1.197e-003 1.962e-003 1.629e-003 2.266e-002
 8.000e+004 2.930e+000 7.200e+001 2.129e-003 4.418e-004 5.257e-004 1.949e-003-2.751e-003 1.621e-001 3.682e-003 2.380e-002-2.110e-005 2.166e-003 3.022e-003-4.286e-004-3.694e-003 6.793e-002 3.706e-003 1.167e-001
 8.130e+004 2.930e+000 5.400e+001 1.091e-003-2.831e-004 1.610e-005 7.082e-004 2.907e-004 3.740e-002 6.482e-004 9.060e-003 1.023e-004 3.263e-004 2.217e-003-7.115e-004 1.033e-003 2.536e-002 7.997e-003 8.269e-002
 8.250e+004 2.930e+000 4.800e+001 1.173e-003 6.296e-004 8.754e-005-4.602e-004-2.695e-004 2.744e-002-5.265e-004-3.540e-003 1.188e-005-3.661e-004 2.504e-003 6.352e-003-7.317e-004 1.605e-002 7.071e-003 1.026e-001
 8.380e+004 2.930e+000 5.700e+001 1.599e-003-5.950e-004-4.056e-004-1.820e-003-1.466e-003 2.372e-002 6.124e-004-1.615e-003-9.566e-005 7.547e-004 2.416e-003 1.476e-003-1.397e-003 1.044e-002 7.123e-003 9.524e-002
 8.500e+004 2.930e+000 9.300e+001 2.251e-003-1.268e-003 1.332e-004-6.884e-004-3.319e-003 4.653e-002-2.002e-003 4.034e-005 1.860e-004-1.001e-003 3.114e-003 2.819e-003 1.844e-004 1.549e-002 4.621e-003 8.723e-002
 8.630e+004 2.930e+000 7.200e+001 1.574e-003 4.179e-004 1.832e-005-2.277e-004-1.495e-003 5.770e-002 5.258e-005-7.693e-003-6.009e-005 2.272e-003 3.093e-003 4.438e-003-4.315e-003 4.016e-002 9.529e-003 1.530e-001
 8.750e+004 2.930e+000 6.000e+001 1.099e-003-1.654e-004 1.597e-004 1.418e-004-9.166e-004 5.349e-002-1.187e-003 2.365e-003-6.540e-005 1.493e-003 2.156e-003 3.940e-003-1.500e-003 3.546e-002 7.695e-003 1.585e-001
 8.880e+004 2.930e+000 8.100e+001 1.636e-003-1.595e-003 3.602e-004 9.539e-004-2.949e-003 1.077e-001-7.688e-003-5.055e-002-2.773e-004 2.518e-003 3.223e-003 1.242e-002-4.572e-003 9.636e-002 1.790e-002 2.908e-001
 9.000e+004 2.930e+000 9.600e+001 2.058e-003-9.116e-004 6.139e-004 2.429e-003-3.037e-003 1.097e-001-1.025e-002-8.087e-002-1.152e-004 1.591e-005 4.286e-003 2.343e-002-4.179e-003 1.016e-001 2.476e-002 4.365e-001
 9.130e+004 2.930e+000 1.440e+002 2.946e-003-5.820e-003 3.128e-005-3.530e-003-5.445e-003 2.492e-001-1.701e-002-1.355e-001-4.159e-004 5.877e-003 7.039e-003 3.829e-002-1.101e-002 2.759e-001 4.302e-002 8.602e-001
 9.250e+004 2.930e+000 1.380e+002 2.535e-003-4.516e-003 6.006e-004 3.063e-003-9.551e-003 2.284e-001-1.649e-002-1.598e-001-3.801e-004 1.118e-003 5.899e-003 3.101e-002-1.229e-002 1.529e-001 3.896e-002 7.689e-001
 9.380e+004 2.930e+000 1.290e+002 2.739e-003-5.936e-003-1.205e-005-7.533e-003-7.086e-003 2.204e-001-1.343e-002-7.574e-002-9.078e-004 6.737e-003 5.151e-003 2.740e-002-1.293e-002 2.209e-001 3.241e-002 6.157e-001
 9.500e+004 2.930e+000 1.020e+002 1.703e-003-4.066e-003 6.527e-005-5.527e-003-4.120e-003 1.269e-001-7.432e-003-6.182e-003-7.005e-004 6.688e-003 4.388e-003 1.817e-002-6.351e-003 1.406e-001 2.444e-002 4.069e-001
 9.630e+004 2.930e+000 0.000e+000 0.000e+000 0.000e+000 0.000e+000 0.000e+000 0.000e+000 0.000e+000 0.000e+000 0.000e+000 0.000e+000 0.000e+000 0.000e+000 0.000e+000 0.000e+000 0.000e+000 0.000e+000 0.000e+000
 9.750e+004 2.930e+000 0.000e+000 0.000e+000 0.000e+000 0.000e+000 0.000e+000 0.000e+000 0.000e+000 0.000e+000 0.000e+000 0.000e+000 0.000e+000 0.000e+000 0.000e+000 0.000e+000 0.000e+000 0.000e+000 0.000e+000
 9.880e+004 2.930e+000 0.000e+000 0.000e+000 0.000e+000 0.000e+000 0.000e+000 0.000e+000 0.000e+000 0.000e+000 0.000e+000 0.000e+000 0.000e+000 0.000e+000 0.000e+000 0.000e+000 0.000e+000 0.000e+000 0.000e+000
 1.000e+005 2.930e+000 0.000e+000 0.000e+000 0.000e+000 0.000e+000 0.000e+000 0.000e+000 0.000e+000 0.000e+000 0.000e+000 0.000e+000 0.000e+000 0.000e+000 0.000e+000 0.000e+000 0.000e+000 0.000e+000 0.000e+000
