 6.250e+000 2.930e+000 0.000e+000 0.000e+000 0.000e+000 0.000e+000 0.000e+000 0.000e+000 0.000e+000 0.000e+000 0.000e+000 0.000e+000 0.000e+000 0.000e+000 0.000e+000 0.000e+000 0.000e+000 0.000e+000 0.000e+000
 7.500e+000 2.930e+000 0.000e+000 0.000e+000 0.000e+000 0.000e+000 0.000e+000 0.000e+000 0.000e+000 0.000e+000 0.000e+000 0.000e+000 0.000e+000 0.000e+000 0.000e+000 0.000e+000 0.000e+000 0.000e+000 0.000e+000
 8.750e+000 2.930e+000 0.000e+000 0.000e+000 0.000e+000 0.000e+000 0.000e+000 0.000e+000 0.000e+000 0.000e+000 0.000e+000 0.000e+000 0.000e+000 0.000e+000 0.000e+000 0.000e+000 0.000e+000 0.000e+000 0.000e+000
 1.000e+001 2.930e+000 0.000e+000 0.000e+000 0.000e+000 0.000e+000 0.000e+000 0.000e+000 0.000e+000 0.000e+000 0.000e+000 0.000e+000 0.000e+000 0.000e+000 0.000e+000 0.000e+000 0.000e+000 0.000e+000 0.000e+000
 1.130e+001 2.930e+000 2.400e+001 1.346e+005-3.368e+005-1.839e+004-1.264e+006 4.133e+005 1.584e+007-5.042e+003-1.479e+007 2.598e+004 2.241e+005 3.441e+004-2.121e+005 7.598e+005 4.480e+007 6.487e+005 1.473e+008
 1.250e+001 2.930e+000 0.000e+000 0.000e+000 0.000e+000 0.000e+000 0.000e+000 0.000e+000 0.000e+000 0.000e+000 0.000e+000 0.000e+000 0.000e+000 0.000e+000 0.000e+000 0.000e+000 0.000e+000 0.000e+000 0.000e+000
 1.380e+001 2.930e+000 0.000e+000 0.000e+000 0.000e+000 0.000e+000 0.000e+000 0.000e+000 0.000e+000 0.000e+000 0.000e+000 0.000e+000 0.000e+000 0.000e+000 0.000e+000 0.000e+000 0.000e+000 0.000e+000 0.000e+000
 1.500e+001 2.930e+000 2.400e+001 4.157e+005 1.190e+005-3.325e+004 1.301e+005-1.182e+004 3.952e+005 1.317e+004 1.498e+005 1.152e+004-4.385e+004 3.341e+004-9.484e+003-1.585e+005 5.900e+005-3.741e+004 3.184e+006
 1.630e+001 2.930e+000 0.000e+000 0.000e+000 0.000e+000 0.000e+000 0.000e+000 0.000e+000 0.000e+000 0.000e+000 0.000e+000 0.000e+000 0.000e+000 0.000e+000 0.000e+000 0.000e+000 0.000e+000 0.000e+000 0.000e+000
 1.750e+001 2.930e+000 2.400e+001 2.117e+005 6.611e+004-2.250e+004 3.935e+005-4.090e+004 3.309e+005 8.253e+003-3.434e+004 3.392e+004-3.549e+004 3.626e+004 8.220e+004-2.125e+004 6.040e+005-1.317e+005 4.017e+006
 1.880e+001 2.930e+000 0.000e+000 0.000e+000 0.000e+000 0.000e+000 0.000e+000 0.000e+000 0.000e+000 0.000e+000 0.000e+000 0.000e+000 0.000e+000 0.000e+000 0.000e+000 0.000e+000 0.000e+000 0.000e+000 0.000e+000
 2.000e+001 2.930e+000 2.400e+001 8.035e+004-1.890e+003-9.272e+003 2.385e+004-2.946e+004 3.759e+005 3.722e+004 5.351e+004 2.031e+004-8.763e+003 3.911e+004-2.334e+004 6.140e+004 5.686e+005-3.413e+004 2.688e+006
 2.130e+001 2.930e+000 0.000e+000 0.000e+000 0.000e+000 0.000e+000 0.000e+000 0.000e+000 0.000e+000 0.000e+000 0.000e+000 0.000e+000 0.000e+000 0.000e+000 0.000e+000 0.000e+000 0.000e+000 0.000e+000 0.000e+000
 2.250e+001 2.930e+000 0.000e+000 0.000e+000 0.000e+000 0.000e+000 0.000e+000 0.000e+000 0.000e+000 0.000e+000 0.000e+000 0.000e+000 0.000e+000 0.000e+000 0.000e+000 0.000e+000 0.000e+000 0.000e+000 0.000e+000
 2.380e+001 2.930e+000 2.400e+001 9.825e+004-2.158e+005-1.406e+004-5.402e+004-1.372e+005 3.132e+006 6.362e+004 4.038e+005 3.235e+004-5.756e+003 3.855e+004-2.273e+004 1.105e+005 8.873e+005 1.753e+004 2.895e+006
 2.500e+001 2.930e+000 0.000e+000 0.000e+000 0.000e+000 0.000e+000 0.000e+000 0.000e+000 0.000e+000 0.000e+000 0.000e+000 0.000e+000 0.000e+000 0.000e+000 0.000e+000 0.000e+000 0.000e+000 0.000e+000 0.000e+000
 2.630e+001 2.930e+000 2.100e+001 7.968e+004 1.088e+004-1.410e+003 3.477e+004-3.239e+004 2.757e+005-1.523e+004-3.746e+004 2.215e+004-2.645e+004 3.956e+004 2.636e+003 1.840e+004 4.786e+005-3.248e+004 2.156e+006
 2.750e+001 2.930e+000 0.000e+000 0.000e+000 0.000e+000 0.000e+000 0.000e+000 0.000e+000 0.000e+000 0.000e+000 0.000e+000 0.000e+000 0.000e+000 0.000e+000 0.000e+000 0.000e+000 0.000e+000 0.000e+000 0.000e+000
 2.880e+001 2.930e+000 2.400e+001 6.141e+004 4.578e+002-9.156e+003 3.373e+004-2.901e+004 3.212e+005-1.497e+004-3.343e+005 2.188e+004-2.710e+004 5.282e+004 7.655e+004-2.520e+004 6.827e+005-1.866e+004 3.247e+006
 3.000e+001 2.930e+000 0.000e+000 0.000e+000 0.000e+000 0.000e+000 0.000e+000 0.000e+000 0.000e+000 0.000e+000 0.000e+000 0.000e+000 0.000e+000 0.000e+000 0.000e+000 0.000e+000 0.000e+000 0.000e+000 0.000e+000
 3.130e+001 2.930e+000 0.000e+000 0.000e+000 0.000e+000 0.000e+000 0.000e+000 0.000e+000 0.000e+000 0.000e+000 0.000e+000 0.000e+000 0.000e+000 0.000e+000 0.000e+000 0.000e+000 0.000e+000 0.000e+000 0.000e+000
 3.250e+001 2.930e+000 2.400e+001 1.442e+005-3.473e+004-2.813e+003 3.840e+003-8.946e+004 7.151e+005-9.195e+003-4.750e+005 2.470e+004-1.369e+004 6.433e+004 4.207e+004-8.448e+004 1.314e+006 2.520e+004 4.319e+006
 3.380e+001 2.930e+000 0.000e+000 0.000e+000 0.000e+000 0.000e+000 0.000e+000 0.000e+000 0.000e+000 0.000e+000 0.000e+000 0.000e+000 0.000e+000 0.000e+000 0.000e+000 0.000e+000 0.000e+000 0.000e+000 0.000e+000
 3.500e+001 2.930e+000 2.400e+001 4.517e+005-1.669e+005-5.038e+004 2.589e+005-5.026e+005 1.532e+007-6.218e+004-9.375e+006 3.667e+004 2.799e+004 8.982e+004 5.499e+004-7.929e+005 2.575e+007 6.693e+004 5.167e+007
 3.630e+001 2.930e+000 0.000e+000 0.000e+000 0.000e+000 0.000e+000 0.000e+000 0.000e+000 0.000e+000 0.000e+000 0.000e+000 0.000e+000 0.000e+000 0.000e+000 0.000e+000 0.000e+000 0.000e+000 0.000e+000 0.000e+000
 3.750e+001 2.930e+000 2.100e+001 9.035e+004 2.171e+004-3.477e+004 1.489e+005-1.561e+004 4.200e+005-2.746e+004-2.154e+005 6.101e+004-1.978e+004 1.153e+005 1.753e+005 9.686e+004 7.275e+005-1.006e+004 2.894e+006
 3.880e+001 2.930e+000 0.000e+000 0.000e+000 0.000e+000 0.000e+000 0.000e+000 0.000e+000 0.000e+000 0.000e+000 0.000e+000 0.000e+000 0.000e+000 0.000e+000 0.000e+000 0.000e+000 0.000e+000 0.000e+000 0.000e+000
 4.000e+001 2.930e+000 0.000e+000 0.000e+000 0.000e+000 0.000e+000 0.000e+000 0.000e+000 0.000e+000 0.000e+000 0.000e+000 0.000e+000 0.000e+000 0.000e+000 0.000e+000 0.000e+000 0.000e+000 0.000e+000 0.000e+000
 4.130e+001 2.930e+000 2.400e+001 1.574e+005 3.205e+004-7.066e+004 1.101e+005-2.242e+004 2.234e+005-2.192e+004-1.097e+005 1.031e+005-2.920e+004 2.207e+005 1.811e+005 2.897e+005 3.960e+005 8.711e+004 2.554e+006
 4.250e+001 2.930e+000 0.000e+000 0.000e+000 0.000e+000 0.000e+000 0.000e+000 0.000e+000 0.000e+000 0.000e+000 0.000e+000 0.000e+000 0.000e+000 0.000e+000 0.000e+000 0.000e+000 0.000e+000 0.000e+000 0.000e+000
 4.380e+001 2.930e+000 2.400e+001 2.050e+005 5.750e+003-1.335e+005 3.118e+004-1.120e+004 1.530e+005-1.305e+004-7.554e+004 2.276e+005-5.921e+003 4.655e+005 2.423e+005 2.797e+005 2.728e+005 4.080e+005 1.868e+006
 4.500e+001 2.930e+000 0.000e+000 0.000e+000 0.000e+000 0.000e+000 0.000e+000 0.000e+000 0.000e+000 0.000e+000 0.000e+000 0.000e+000 0.000e+000 0.000e+000 0.000e+000 0.000e+000 0.000e+000 0.000e+000 0.000e+000
 4.630e+001 2.930e+000 2.400e+001 5.761e+005 1.109e+005-4.907e+005-8.180e+004 7.956e+004 3.406e+005-2.515e+005-3.166e+005 8.398e+005 4.329e+004 1.749e+006 8.472e+005 1.122e+006 4.477e+005 1.769e+006 4.016e+006
 4.750e+001 2.930e+000 0.000e+000 0.000e+000 0.000e+000 0.000e+000 0.000e+000 0.000e+000 0.000e+000 0.000e+000 0.000e+000 0.000e+000 0.000e+000 0.000e+000 0.000e+000 0.000e+000 0.000e+000 0.000e+000 0.000e+000
 4.880e+001 2.930e+000 0.000e+000 0.000e+000 0.000e+000 0.000e+000 0.000e+000 0.000e+000 0.000e+000 0.000e+000 0.000e+000 0.000e+000 0.000e+000 0.000e+000 0.000e+000 0.000e+000 0.000e+000 0.000e+000 0.000e+000
 5.000e+001 2.930e+000 2.400e+001 3.836e+008 3.596e+007-3.327e+008 1.139e+008 1.881e+007 4.518e+006-7.238e+007-4.322e+007 5.956e+008-1.987e+006 1.218e+009 6.279e+008 5.182e+008 3.671e+007 7.087e+008 7.392e+008
 5.130e+001 2.930e+000 0.000e+000 0.000e+000 0.000e+000 0.000e+000 0.000e+000 0.000e+000 0.000e+000 0.000e+000 0.000e+000 0.000e+000 0.000e+000 0.000e+000 0.000e+000 0.000e+000 0.000e+000 0.000e+000 0.000e+000
 5.250e+001 2.930e+000 2.400e+001 6.164e+005 5.287e+004-5.385e+005-2.506e+005 6.882e+004 1.379e+005-1.534e+005-2.461e+005 8.898e+005 6.703e+004 2.007e+006 4.694e+005 1.281e+006 3.881e+005 2.196e+006 4.986e+006
 5.380e+001 2.930e+000 0.000e+000 0.000e+000 0.000e+000 0.000e+000 0.000e+000 0.000e+000 0.000e+000 0.000e+000 0.000e+000 0.000e+000 0.000e+000 0.000e+000 0.000e+000 0.000e+000 0.000e+000 0.000e+000 0.000e+000
 5.500e+001 2.930e+000 0.000e+000 0.000e+000 0.000e+000 0.000e+000 0.000e+000 0.000e+000 0.000e+000 0.000e+000 0.000e+000 0.000e+000 0.000e+000 0.000e+000 0.000e+000 0.000e+000 0.000e+000 0.000e+000 0.000e+000
 5.630e+001 2.930e+000 2.100e+001 1.807e+005 8.278e+003-1.277e+005-7.480e+004 2.708e+004 1.479e+005-4.286e+004-1.143e+005 1.873e+005 1.070e+004 4.211e+005 4.903e+004 2.075e+005 1.720e+005 3.237e+005 1.088e+006
 5.750e+001 2.930e+000 0.000e+000 0.000e+000 0.000e+000 0.000e+000 0.000e+000 0.000e+000 0.000e+000 0.000e+000 0.000e+000 0.000e+000 0.000e+000 0.000e+000 0.000e+000 0.000e+000 0.000e+000 0.000e+000 0.000e+000
 5.880e+001 2.930e+000 2.400e+001 2.472e+005 1.903e+004-8.553e+004-4.737e+004-8.044e+002 1.896e+005-1.728e+004-1.157e+005 1.034e+005-1.121e+004 2.295e+005-2.749e+004 1.963e+005 3.488e+005 1.741e+005 1.989e+006
 6.000e+001 2.930e+000 0.000e+000 0.000e+000 0.000e+000 0.000e+000 0.000e+000 0.000e+000 0.000e+000 0.000e+000 0.000e+000 0.000e+000 0.000e+000 0.000e+000 0.000e+000 0.000e+000 0.000e+000 0.000e+000 0.000e+000
 6.130e+001 2.930e+000 2.400e+001 9.889e+004 9.920e+003-4.239e+004-4.790e+004-3.095e+004 2.408e+005 2.604e+003-1.989e+005 5.772e+004 3.585e+003 1.296e+005-4.432e+004 2.467e+004 3.037e+005 8.232e+004 1.764e+006
 6.250e+001 2.930e+000 0.000e+000 0.000e+000 0.000e+000 0.000e+000 0.000e+000 0.000e+000 0.000e+000 0.000e+000 0.000e+000 0.000e+000 0.000e+000 0.000e+000 0.000e+000 0.000e+000 0.000e+000 0.000e+000 0.000e+000
 6.380e+001 2.930e+000 0.000e+000 0.000e+000 0.000e+000 0.000e+000 0.000e+000 0.000e+000 0.000e+000 0.000e+000 0.000e+000 0.000e+000 0.000e+000 0.000e+000 0.000e+000 0.000e+000 0.000e+000 0.000e+000 0.000e+000
 6.500e+001 2.930e+000 2.400e+001 2.209e+005 1.389e+004-5.539e+004 3.504e+004-1.712e+005 6.066e+005 1.551e+004-1.728e+005 2.364e+004 1.007e+004 9.534e+004-4.896e+004-3.085e+005 7.866e+005 1.089e+005 2.699e+006
 6.630e+001 2.930e+000 0.000e+000 0.000e+000 0.000e+000 0.000e+000 0.000e+000 0.000e+000 0.000e+000 0.000e+000 0.000e+000 0.000e+000 0.000e+000 0.000e+000 0.000e+000 0.000e+000 0.000e+000 0.000e+000 0.000e+000
 6.750e+001 2.930e+000 2.400e+001 1.953e+005 3.267e+003-1.260e+004-3.474e+005-2.291e+005 2.395e+006-7.288e+003 5.212e+004 2.655e+003 8.341e+003 6.911e+004 1.284e+004 8.220e+004 4.116e+005 3.940e+004 2.121e+006
 6.880e+001 2.930e+000 0.000e+000 0.000e+000 0.000e+000 0.000e+000 0.000e+000 0.000e+000 0.000e+000 0.000e+000 0.000e+000 0.000e+000 0.000e+000 0.000e+000 0.000e+000 0.000e+000 0.000e+000 0.000e+000 0.000e+000
 7.000e+001 2.930e+000 2.100e+001 7.045e+004 9.755e+004-8.551e+003-7.660e+004 8.881e+004 5.809e+006 1.476e+004 3.110e+005 1.869e+004-1.653e+004 4.613e+004-1.727e+004 9.255e+004 3.008e+005-2.181e+004 2.295e+006
 7.130e+001 2.930e+000 0.000e+000 0.000e+000 0.000e+000 0.000e+000 0.000e+000 0.000e+000 0.000e+000 0.000e+000 0.000e+000 0.000e+000 0.000e+000 0.000e+000 0.000e+000 0.000e+000 0.000e+000 0.000e+000 0.000e+000
 7.250e+001 2.930e+000 0.000e+000 0.000e+000 0.000e+000 0.000e+000 0.000e+000 0.000e+000 0.000e+000 0.000e+000 0.000e+000 0.000e+000 0.000e+000 0.000e+000 0.000e+000 0.000e+000 0.000e+000 0.000e+000 0.000e+000
 7.380e+001 2.930e+000 2.400e+001 7.942e+004 2.775e+002-1.336e+004-1.057e+005 2.293e+004 5.559e+005 8.747e+003 5.282e+004 1.780e+004-9.241e+003 4.088e+004-2.876e+004 3.955e+004 4.529e+005-3.738e+004 2.793e+006
 7.500e+001 2.930e+000 0.000e+000 0.000e+000 0.000e+000 0.000e+000 0.000e+000 0.000e+000 0.000e+000 0.000e+000 0.000e+000 0.000e+000 0.000e+000 0.000e+000 0.000e+000 0.000e+000 0.000e+000 0.000e+000 0.000e+000
 7.630e+001 2.930e+000 2.400e+001 8.437e+004 3.343e+003-2.158e+004-7.240e+004 4.031e+003 3.292e+005 9.402e+003-5.222e+004 2.176e+004-1.867e+004 3.846e+004-4.894e+004 5.160e+004 4.833e+005-4.285e+004 2.929e+006
 7.750e+001 2.930e+000 0.000e+000 0.000e+000 0.000e+000 0.000e+000 0.000e+000 0.000e+000 0.000e+000 0.000e+000 0.000e+000 0.000e+000 0.000e+000 0.000e+000 0.000e+000 0.000e+000 0.000e+000 0.000e+000 0.000e+000
 7.880e+001 2.930e+000 2.400e+001 6.256e+004 1.360e+004-9.434e+003-7.954e+004-1.797e+004 1.063e+006 3.211e+004-2.147e+005 1.405e+004-3.765e+004 3.427e+004-4.192e+004 1.984e+003 1.004e+006-5.336e+004 3.863e+006
 8.000e+001 2.930e+000 0.000e+000 0.000e+000 0.000e+000 0.000e+000 0.000e+000 0.000e+000 0.000e+000 0.000e+000 0.000e+000 0.000e+000 0.000e+000 0.000e+000 0.000e+000 0.000e+000 0.000e+000 0.000e+000 0.000e+000
 8.130e+001 2.930e+000 0.000e+000 0.000e+000 0.000e+000 0.000e+000 0.000e+000 0.000e+000 0.000e+000 0.000e+000 0.000e+000 0.000e+000 0.000e+000 0.000e+000 0.000e+000 0.000e+000 0.000e+000 0.000e+000 0.000e+000
 8.250e+001 2.930e+000 2.400e+001 8.860e+004 3.614e+004-1.841e+004-3.855e+004 4.174e+004 4.117e+005-2.647e+004-2.796e+005 6.664e+003-2.511e+004 3.172e+004 7.755e+003 1.537e+005 5.508e+005-7.590e+004 4.719e+006
 8.380e+001 2.930e+000 0.000e+000 0.000e+000 0.000e+000 0.000e+000 0.000e+000 0.000e+000 0.000e+000 0.000e+000 0.000e+000 0.000e+000 0.000e+000 0.000e+000 0.000e+000 0.000e+000 0.000e+000 0.000e+000 0.000e+000
 8.500e+001 2.930e+000 2.400e+001 2.399e+005 5.527e+004-2.404e+004 5.293e+004 5.955e+004 3.458e+005-2.459e+003-4.960e+005 1.159e+004-1.726e+004 2.531e+004-1.097e+004 3.487e+005 8.725e+005-5.511e+004 6.163e+006
 8.630e+001 2.930e+000 0.000e+000 0.000e+000 0.000e+000 0.000e+000 0.000e+000 0.000e+000 0.000e+000 0.000e+000 0.000e+000 0.000e+000 0.000e+000 0.000e+000 0.000e+000 0.000e+000 0.000e+000 0.000e+000 0.000e+000
 8.750e+001 2.930e+000 2.400e+001 5.998e+004 3.166e+004-9.315e+003-6.192e+004 5.908e+004 6.474e+005 9.980e+003-9.608e+005 5.004e+003-2.499e+004 2.467e+004-2.983e+004 2.710e+005 1.345e+006-9.791e+004 8.347e+006
 8.880e+001 2.930e+000 0.000e+000 0.000e+000 0.000e+000 0.000e+000 0.000e+000 0.000e+000 0.000e+000 0.000e+000 0.000e+000 0.000e+000 0.000e+000 0.000e+000 0.000e+000 0.000e+000 0.000e+000 0.000e+000 0.000e+000
 9.000e+001 2.930e+000 0.000e+000 0.000e+000 0.000e+000 0.000e+000 0.000e+000 0.000e+000 0.000e+000 0.000e+000 0.000e+000 0.000e+000 0.000e+000 0.000e+000 0.000e+000 0.000e+000 0.000e+000 0.000e+000 0.000e+000
 9.130e+001 2.930e+000 2.400e+001 9.529e+004 4.039e+005-1.528e+004 3.381e+005-5.326e+004 4.969e+006 1.459e+004-4.035e+006 6.578e+003-7.913e+004 2.423e+004 1.316e+004 4.159e+005 4.494e+006-1.270e+005 1.385e+007
 9.250e+001 2.930e+000 0.000e+000 0.000e+000 0.000e+000 0.000e+000 0.000e+000 0.000e+000 0.000e+000 0.000e+000 0.000e+000 0.000e+000 0.000e+000 0.000e+000 0.000e+000 0.000e+000 0.000e+000 0.000e+000 0.000e+000
 9.380e+001 2.930e+000 2.400e+001 1.065e+005 2.472e+005-1.376e+004 1.052e+005-1.089e+005 2.734e+006-1.855e+004 1.445e+006 1.371e+004-6.492e+004 2.432e+004-3.459e+004-1.156e+005 4.657e+006-1.430e+005 1.935e+007
 9.500e+001 2.930e+000 0.000e+000 0.000e+000 0.000e+000 0.000e+000 0.000e+000 0.000e+000 0.000e+000 0.000e+000 0.000e+000 0.000e+000 0.000e+000 0.000e+000 0.000e+000 0.000e+000 0.000e+000 0.000e+000 0.000e+000
 9.630e+001 2.930e+000 2.400e+001 1.420e+005 4.926e+004-4.460e+003-1.362e+005-2.023e+004 1.056e+006 8.118e+002-2.616e+005 4.034e+003-4.028e+004 2.796e+004-5.157e+004 1.288e+004 5.349e+006-1.682e+005 3.576e+007
 9.750e+001 2.930e+000 0.000e+000 0.000e+000 0.000e+000 0.000e+000 0.000e+000 0.000e+000 0.000e+000 0.000e+000 0.000e+000 0.000e+000 0.000e+000 0.000e+000 0.000e+000 0.000e+000 0.000e+000 0.000e+000 0.000e+000
 9.880e+001 2.930e+000 0.000e+000 0.000e+000 0.000e+000 0.000e+000 0.000e+000 0.000e+000 0.000e+000 0.000e+000 0.000e+000 0.000e+000 0.000e+000 0.000e+000 0.000e+000 0.000e+000 0.000e+000 0.000e+000 0.000e+000
 1.000e+002 2.930e+000 2.100e+001 2.162e+005 5.712e+005-1.812e+004 5.086e+006-6.197e+005 1.618e+007 3.182e+004-3.906e+007 5.528e+004-3.025e+005 5.314e+004 4.074e+005-2.593e+006 1.015e+008-2.023e+006 7.356e+008
 1.130e+002 2.930e+000 4.500e+001 2.583e+005-1.971e+004-2.697e+004-7.070e+004 1.267e+006 1.306e+007-5.978e+004-4.496e+006 4.368e+004 1.616e+005 4.044e+004 5.971e+004 2.050e+004 4.910e+006 3.061e+005 4.114e+007
 1.250e+002 2.930e+000 6.900e+001 2.203e+005 7.272e+004-5.661e+004 4.618e+005 6.232e+004 1.652e+006-6.863e+004 1.927e+005 3.859e+004 3.406e+004 6.936e+004 1.152e+005-1.237e+005 2.852e+006 1.445e+005 1.225e+007
 1.380e+002 2.930e+000 3.000e+001 1.199e+005 9.004e+004-2.651e+004 1.149e+005-7.841e+004 5.486e+005-3.110e+004-1.201e+005 2.281e+004-3.597e+004 3.238e+004 2.391e+004-7.352e+004 3.711e+005 5.318e+003 1.479e+006
 1.500e+002 2.930e+000 4.800e+001 9.370e+005 2.263e+004 4.914e+005-2.457e+005 3.846e+003 1.505e+005-4.265e+004-1.202e+005 1.868e+005 6.339e+003 5.821e+005-3.855e+005 2.932e+005 2.628e+005-2.528e+004 1.661e+006
 1.630e+002 2.930e+000 3.600e+001 3.507e+005-2.832e+004-7.353e+004 1.191e+005-6.578e+004 1.600e+005-3.591e+003-1.437e+005 3.113e+004-1.742e+004 6.619e+004-1.775e+004-1.454e+005 1.748e+005 6.829e+003 1.097e+006
 1.750e+002 2.930e+000 3.000e+001 2.541e+005 5.136e+004-6.963e+004 1.637e+005-5.425e+004 1.012e+006-2.439e+004-4.123e+005 3.464e+004-3.574e+004 5.540e+004 3.798e+004-1.027e+005 1.103e+006-4.410e+004 1.715e+006
 1.880e+002 2.930e+000 5.700e+001 1.151e+006-2.803e+004-2.635e+005 1.819e+005-1.454e+005 9.221e+005-7.430e+004-1.092e+005-2.326e+004-4.821e+004 1.848e+005 5.976e+004-5.401e+004 4.706e+005-5.180e+004 9.980e+005
 2.000e+002 2.930e+000 3.000e+001 6.623e+007 7.313e+005-9.085e+006 7.111e+006 1.277e+006 4.857e+005 8.147e+004 8.465e+005-2.482e+007-6.480e+005 1.090e+007-1.317e+006 9.228e+006 1.061e+006-4.352e+006 1.287e+007
 2.130e+002 2.930e+000 3.900e+001 9.158e+005 1.769e+006-3.666e+005-1.289e+006-5.509e+006 2.491e+008 6.783e+004 3.551e+007-7.269e+004 3.825e+005 6.074e+005 1.679e+005 1.831e+006-8.691e+007-1.737e+005 3.623e+007
 2.250e+002 2.930e+000 4.500e+001 1.780e+006 4.863e+005-1.499e+006 5.124e+005 4.516e+004 3.962e+005-1.733e+005-7.777e+004 3.447e+005-3.675e+005 1.478e+006 2.551e+005 2.164e+005 1.812e+005-3.828e+005 5.011e+005
 2.380e+002 2.930e+000 4.800e+001 6.989e+006 6.729e+005-5.964e+006 1.414e+006 3.962e+005 4.298e+005-4.702e+005 4.679e+004 1.210e+006-5.047e+005 5.585e+006 4.875e+005 2.650e+005 3.042e+005-1.100e+006 6.197e+005
 2.500e+002 2.930e+000 6.600e+001 7.635e+008 3.445e+007-6.560e+008 1.448e+008-1.195e+006 1.943e+006-4.033e+006 6.640e+005 1.078e+008-2.976e+007 5.794e+008 2.058e+006-2.154e+007 6.777e+006-1.276e+008 2.894e+007
 2.630e+002 2.930e+000 4.800e+001 7.585e+006-4.374e+005-5.629e+006 1.522e+006-7.287e+005 2.895e+005 5.106e+005-2.625e+005 3.186e+005 3.438e+005 4.859e+006-5.369e+005-8.041e+005-1.328e+004-1.098e+006 2.176e+006
 2.750e+002 2.930e+000 7.200e+001 4.484e+006-5.889e+005-2.483e+006 1.002e+006-1.559e+006 1.180e+006 6.674e+005-5.617e+005-9.715e+004 2.995e+005 1.823e+006-5.787e+005-7.931e+005 2.723e+005-5.282e+005 1.131e+006
 2.880e+002 2.930e+000 9.000e+001 8.280e+006-1.428e+006-1.408e+006 2.422e+006-6.514e+006 6.391e+006 7.809e+005-2.399e+006-2.779e+005 4.207e+005 7.845e+005-5.659e+005-1.905e+006 1.922e+006-2.852e+005 3.025e+006
 3.000e+002 2.930e+000 9.600e+001 1.533e+008-2.069e+007 3.640e+006 1.433e+007-1.499e+008 1.528e+008-9.912e+005-1.715e+007 1.930e+007-1.948e+007 3.324e+006 8.155e+005-1.297e+007 1.466e+007-1.303e+006 1.331e+007
 3.130e+002 2.930e+000 3.000e+001 1.339e+006 2.525e+005-3.906e+004 8.349e+005-1.621e+006 3.005e+007-9.810e+004-2.342e+007 6.800e+004-4.276e+005 2.173e+005 1.460e+005-9.184e+005 4.836e+007-3.240e+005 1.002e+008
 3.250e+002 2.930e+000 1.140e+002 1.975e+006 4.211e+005-5.391e+005-3.311e+005-1.770e+005 6.311e+006-7.021e+005-2.717e+006-3.521e+005-9.428e+005 9.936e+005 1.309e+006 3.899e+005 5.491e+006-1.332e+005 8.281e+006
 3.380e+002 2.930e+000 7.200e+001 6.537e+006 5.187e+005-8.910e+005 6.253e+005 2.271e+005 5.987e+005 2.846e+004-1.833e+005-2.605e+006-2.761e+005 1.482e+006-1.263e+005 3.073e+004 5.290e+005-8.743e+004 9.476e+005
 3.500e+002 2.930e+000 7.500e+001 2.793e+008 1.393e+007-2.258e+007 6.497e+007-7.172e+006 1.401e+006 5.695e+006-1.268e+006-1.041e+008 1.378e+006 4.123e+007-2.515e+007-1.122e+007 3.856e+006-1.222e+006 1.658e+007
 3.630e+002 2.930e+000 5.100e+001 6.779e+006 2.610e+005-3.778e+005 2.123e+006-7.020e+005 4.259e+005 8.939e+004-3.081e+005-2.018e+006 1.608e+005 7.370e+005-6.911e+005-3.608e+005 3.290e+005-2.825e+004 1.171e+006
 3.750e+002 2.930e+000 4.800e+001 1.868e+006 4.107e+003-1.249e+005 4.299e+005-2.477e+005 3.069e+005-1.418e+004-3.463e+004-2.503e+005 4.512e+004 1.239e+005-1.063e+005-2.099e+005 1.179e+005 2.001e+004 7.844e+005
 3.880e+002 2.930e+000 3.000e+001 6.950e+005-5.180e+004-2.380e+004 9.594e+004-1.253e+004 1.619e+005-1.178e+004 7.890e+003-5.748e+004-5.708e+003 3.818e+004-2.891e+004-5.684e+004 6.706e+004-1.169e+004 2.297e+005
 4.000e+002 2.930e+000 2.400e+001 1.896e+007 4.375e+004 3.162e+005 4.551e+004-2.971e+005 3.257e+005-5.626e+003-1.177e+005 1.824e+005-1.951e+004 2.163e+004 3.329e+003-1.520e+006-1.051e+004 1.151e+004 4.087e+006
 4.130e+002 2.930e+000 3.900e+001 1.087e+006 1.295e+007-3.980e+003 4.175e+006 7.353e+006 5.302e+008 7.242e+004 7.118e+007-3.122e+004-4.443e+005 2.232e+004-8.730e+004 8.334e+004 1.261e+008-8.877e+004 3.996e+007
 4.250e+002 2.930e+000 2.100e+001 2.746e+005 8.365e+004 3.594e+003 9.143e+004 2.036e+003 5.481e+005-1.218e+004 1.287e+005 1.985e+003 6.889e+003 6.342e+003 1.604e+004-4.031e+004 8.403e+004 4.202e+002 7.176e+005
 4.380e+002 2.930e+000 3.900e+001 1.672e+006 5.210e+004 7.178e+004 2.280e+005-7.012e+004 3.267e+005-1.043e+004 1.003e+003 4.798e+004-1.762e+003 1.401e+004 3.007e+004-3.154e+005 8.628e+004 5.480e+003 2.190e+005
 4.500e+002 2.930e+000 3.300e+001 4.285e+007-1.445e+006 3.279e+006 2.568e+006-8.914e+005 2.788e+005-9.406e+003-4.214e+005 1.732e+006-1.631e+005 3.500e+005 9.334e+005-1.045e+007 4.068e+005-2.624e+005 3.412e+006
 4.630e+002 2.930e+000 4.800e+001 1.043e+006-3.570e+005 5.050e+004 9.726e+003 3.676e+004 7.271e+005-5.543e+004-1.111e+005 1.321e+004 2.185e+004 2.891e+004 3.251e+003-1.485e+005-4.683e+004 1.333e+004 5.219e+005
 4.750e+002 2.930e+000 3.300e+001 1.689e+005 1.893e+004 4.626e+003 4.402e+004 1.396e+004 6.345e+004-2.844e+003-2.058e+003 1.182e+002 6.654e+003 9.816e+003-3.301e+002-1.796e+004 3.778e+004 1.012e+004 1.645e+005
 4.880e+002 2.930e+000 3.300e+001 2.294e+005 2.097e+004 1.107e+004 2.487e+004-1.647e+004 2.806e+005-1.745e+003-5.862e+004 4.925e+002 7.141e+003 1.158e+004 2.016e+003-4.618e+004 9.521e+004 9.009e+003 1.684e+005
 5.000e+002 2.930e+000 1.500e+001 2.001e+006 1.677e+004 1.380e+005-1.565e+005-3.257e+004 1.071e+005 4.864e+003 6.303e+004 1.698e+005 1.364e+004 3.208e+004 4.725e+001-1.338e+005 1.068e+005 5.111e+003 3.363e+005
 5.130e+002 2.930e+000 4.200e+001 3.230e+005 7.620e+004 3.189e+004 1.826e+005 2.804e+004 4.692e+006-9.862e+004 7.207e+006 2.458e+004 5.207e+004 2.766e+004 2.322e+005 7.797e+004 7.107e+006-8.493e+004 2.450e+007
 5.250e+002 2.930e+000 5.700e+001 1.961e+005-1.252e+004 2.087e+004 8.944e+004 2.487e+004 1.175e+006-5.592e+004 1.587e+006-4.792e+003 2.194e+004 4.387e+004 1.598e+005 9.396e+004 1.767e+006 5.525e+004 6.538e+006
 5.380e+002 2.930e+000 5.400e+001 3.247e+005 4.243e+003 6.366e+004 4.209e+004-1.174e+005 3.843e+005-7.303e+004-7.222e+004-1.196e+005 1.180e+005 1.415e+005 2.245e+005-6.321e+005 7.338e+005 5.268e+005 2.788e+006
 5.500e+002 2.930e+000 9.600e+001 1.073e+007-4.463e+006 8.074e+005-1.192e+007-6.134e+006 6.352e+006-4.342e+006-7.978e+006-8.514e+006 4.780e+006 7.343e+006 1.293e+007-3.401e+007 2.624e+007 2.780e+007 1.294e+008
 5.630e+002 2.930e+000 8.400e+001 5.905e+005-1.459e+005-4.230e+004-6.062e+005-1.547e+005 2.164e+005-1.150e+005-1.757e+005-2.393e+005 1.225e+005 2.215e+005 3.795e+005-8.749e+005 6.998e+005 7.539e+005 3.662e+006
 5.750e+002 2.930e+000 4.200e+001 1.293e+005-1.266e+004-1.143e+004-1.068e+005-6.481e+003 3.621e+004-5.967e+003 9.694e+003-1.454e+004 1.291e+004 2.347e+004 1.880e+004-4.019e+004 1.017e+005 8.582e+004 6.044e+005
 5.880e+002 2.930e+000 3.300e+001 1.462e+005-2.450e+003 1.817e+002-2.681e+004 3.977e+004 6.113e+004 6.798e+002 1.177e+004-4.356e+003 1.425e+003 9.436e+003 6.403e+003 3.051e+004 6.916e+004 1.915e+004 1.773e+005
 6.000e+002 2.930e+000 6.000e+001 7.896e+006 8.893e+004 1.494e+006 2.946e+005 2.661e+006 9.900e+005 5.434e+005 1.155e+005-1.530e+006-5.222e+005 6.405e+005-1.475e+003-2.340e+005-3.861e+004 1.491e+005 2.949e+005
 6.130e+002 2.930e+000 5.100e+001 2.242e+005 9.585e+003 1.422e+004-9.648e+004 5.482e+004 3.021e+005 1.043e+004-3.293e+005-2.917e+004 3.974e+003 4.103e+004-2.889e+004 3.819e+004 5.051e+005 9.549e+004 2.284e+006
 6.250e+002 2.930e+000 4.800e+001 1.017e+005 5.505e+005 3.533e+003 2.982e+005 2.282e+005 1.250e+007 2.024e+004 4.774e+006-1.672e+004-3.991e+004 2.780e+004-2.424e+004-1.609e+005 4.528e+006 2.832e+004 3.716e+006
 6.380e+002 2.930e+000 3.900e+001 8.770e+004 3.177e+004-1.635e+004-2.406e+004 3.944e+003 1.905e+005 1.485e+004-7.900e+004-9.489e+003 8.551e+003 3.592e+004 5.314e+003-2.028e+003 2.664e+004 1.770e+004 1.450e+005
 6.500e+002 2.930e+000 4.200e+001 2.566e+006-9.173e+004-3.038e+006-1.159e+005 4.334e+005 1.393e+005-5.164e+005-4.075e+004 5.794e+005 2.449e+005 4.253e+006-7.173e+005-5.225e+005-6.096e+004 4.585e+004 2.280e+005
 6.630e+002 2.930e+000 3.900e+001 1.019e+005 8.181e+003 1.038e+004-3.919e+004-2.454e+004 3.153e+004-2.459e+004 4.233e+004 2.783e+004-1.618e+004 4.676e+004 1.873e+003-8.391e+004 3.683e+004-7.900e+004 2.351e+005
 6.750e+002 2.930e+000 3.600e+001 4.893e+004 9.219e+001-1.920e+003-1.236e+004-8.929e+003 1.371e+004-3.284e+003-6.806e+003-3.724e+003 1.178e+003 7.287e+003-2.481e+003-2.749e+004 9.433e+003 1.046e+004 1.551e+005
 6.880e+002 2.930e+000 4.200e+001 1.144e+005-4.612e+004 1.766e+003 1.195e+004-2.204e+004 1.629e+005 1.359e+003-3.286e+004-2.119e+003-5.807e+003 7.821e+003 5.763e+003-1.625e+004 2.374e+003-4.989e+003 8.624e+004
 7.000e+002 2.930e+000 2.400e+001 5.438e+006-4.228e+004-7.156e+005-1.771e+005 1.414e+004 3.552e+004-8.652e+003-6.075e+003-4.397e+005 6.506e+003 1.387e+005 6.660e+004 3.663e+005 3.423e+004-4.365e+003 2.165e+005
 7.130e+002 2.930e+000 3.300e+001 3.677e+005 6.581e+005-3.218e+003 1.753e+005 1.394e+006 7.465e+006-8.233e+003 1.846e+005 6.047e+003 3.032e+004 1.034e+004 3.092e+003 3.057e+005 1.795e+006-3.875e+003 5.863e+005
 7.250e+002 2.930e+000 4.500e+001 5.391e+004 1.158e+004 1.651e+003-2.569e+005-6.112e+003 1.314e+005 1.687e+004 1.168e+006-6.480e+003 1.844e+004 1.389e+004 4.428e+005-2.941e+005-2.869e+005 1.204e+005 2.785e+007
 7.380e+002 2.930e+000 2.700e+001 6.681e+004-9.346e+003-3.309e+003-2.457e+004 4.453e+003 3.624e+004-2.102e+003 5.071e+003 3.145e+003-1.217e+003 4.702e+003-9.009e+003 2.066e+004 1.743e+004 1.939e+003 2.303e+005
 7.500e+002 2.930e+000 3.600e+001 1.351e+007 6.632e+005 1.295e+006 7.543e+005 4.400e+005 6.392e+004-1.115e+005-3.147e+005 3.121e+006 1.775e+005 8.869e+005-4.870e+005 6.731e+006 2.674e+005 1.665e+006 3.551e+006
 7.630e+002 2.930e+000 3.600e+001 4.469e+005-4.962e+004-1.323e+004-1.781e+004-7.157e+004 1.250e+005-8.610e+003-7.625e+003-4.492e+004 7.906e+003 9.474e+003-1.771e+002-8.713e+004 4.293e+004 1.437e+004 7.926e+004
 7.750e+002 2.930e+000 3.900e+001 5.094e+004 1.842e+003-1.379e+002 8.077e+003-7.084e+003 1.549e+004-1.133e+003-1.799e+004 9.426e+002-6.719e+002 3.061e+003 3.111e+003 1.059e+004-8.873e+003 3.449e+003 9.741e+004
 7.880e+002 2.930e+000 3.000e+001 2.764e+004-2.047e+003 5.691e+002 2.067e+004-4.723e+003 1.923e+004-2.735e+002-1.869e+004 2.740e+002 2.370e+002 2.467e+003-2.554e+002 1.521e+002-1.782e+004 5.430e+003 2.192e+005
 8.000e+002 2.930e+000 2.700e+001 8.573e+005 2.524e+003-5.598e+004 3.200e+004-5.847e+003 1.039e+005-1.915e+002-6.021e+003 1.770e+004 1.116e+003 7.814e+003 7.830e+002-2.105e+004 4.747e+004-4.542e+003 6.051e+004
 8.130e+002 2.930e+000 3.900e+001 1.564e+005 1.197e+004-6.417e+003-2.306e+004 3.201e+002 9.217e+004-2.115e+003-2.622e+003-4.423e+003 4.207e+003 6.839e+003 8.123e+003 2.361e+004-6.346e+004-1.095e+004 1.942e+005
 8.250e+002 2.930e+000 4.800e+001 5.488e+004-4.161e+004-4.222e+003 2.086e+004 5.829e+003 7.496e+005 6.615e+003-2.889e+004 1.748e+003 2.974e+003 5.723e+003 5.628e+003-9.598e+003-2.572e+005-1.042e+004 3.807e+005
 8.380e+002 2.930e+000 5.700e+001 5.463e+004-1.532e+004 2.646e+003 8.098e+003-5.873e+004 3.105e+006-1.043e+004-6.490e+005-1.275e+002-1.333e+004 3.528e+003-2.776e+003 1.136e+004-1.427e+006 1.701e+004 1.101e+006
 8.500e+002 2.930e+000 2.700e+001 4.971e+006-1.979e+006-5.637e+004-4.996e+006 3.899e+005 8.648e+005-3.936e+004-1.124e+006-7.295e+004 1.796e+004 5.056e+003 6.034e+004-1.747e+006 1.901e+006 9.370e+004 5.812e+006
 8.630e+002 2.930e+000 3.900e+001 1.690e+005-2.060e+004-1.081e+003-1.631e+003 1.818e+002 2.277e+004-2.194e+003-1.883e+004 4.131e+001-6.956e+002 2.973e+003 8.147e+002 3.126e+002 6.871e+003 8.623e+002 4.590e+004
 8.750e+002 2.930e+000 3.600e+001 4.456e+004-6.584e+003 2.461e+003 5.500e+003-1.838e+003 1.763e+004 1.728e+003-1.399e+004-1.603e+003 2.220e+003 5.457e+003-6.067e+003-2.107e+003 6.442e+003-5.240e+002 3.601e+004
 8.880e+002 2.930e+000 4.500e+001 3.986e+004-1.064e+004-1.946e+003-5.419e+003 5.656e+003 2.124e+004-3.995e+002 9.041e+003 1.346e+002 2.760e+002 2.718e+003 1.989e+003-8.554e+003-1.265e+004 8.389e+002 1.310e+005
 9.000e+002 2.930e+000 4.500e+001 2.662e+006-9.493e+005-1.890e+005-1.492e+005 4.663e+004 4.600e+005 1.023e+004 5.988e+002 2.172e+004 7.128e+004 3.503e+004-6.320e+004 7.219e+004 8.940e+004-6.171e+004 6.240e+005
 9.130e+002 2.930e+000 3.300e+001 1.040e+005-8.470e+003 8.322e+003-6.699e+004 9.326e+003 5.625e+004 1.271e+004-8.743e+004 8.576e+003 1.554e+003 1.210e+004-6.178e+004 1.320e+003 1.555e+005-3.977e+004 8.216e+005
 9.250e+002 2.930e+000 3.900e+001 6.350e+004-1.002e+005 5.771e+003-5.036e+004-6.285e+004 5.034e+005-3.757e+003-3.767e+003 1.949e+003-2.096e+004 4.168e+003-2.708e+003-1.644e+004 2.033e+005-7.913e+003 1.649e+005
 9.380e+002 2.930e+000 5.700e+001 3.859e+004-9.072e+004 1.340e+003-9.979e+004-6.987e+004 2.626e+006-5.820e+004-2.848e+006-2.811e+003 9.841e+004 1.140e+004-2.556e+003-2.293e+005 4.763e+006 2.303e+005 1.189e+007
 9.500e+002 2.930e+000 4.200e+001 2.685e+006-1.682e+006 5.390e+005-5.055e+006-9.446e+004 1.235e+006 3.820e+005-2.823e+006 6.003e+005-3.822e+005 2.699e+005-2.487e+005-4.531e+006 3.551e+006-2.174e+006 1.828e+007
 9.630e+002 2.930e+000 4.200e+001 1.306e+005-1.396e+004-4.728e+003-8.792e+003 2.450e+002 9.526e+003-1.429e+002-1.558e+004-3.709e+002 9.065e+002 2.085e+003-3.372e+003-2.782e+004 1.035e+004-2.786e+003 1.190e+005
 9.750e+002 2.930e+000 3.300e+001 6.047e+004 6.914e+003-2.220e+003-2.834e+004 5.103e+003 1.040e+004-5.745e+002-9.548e+003-3.901e+002-5.540e+002 1.073e+003-4.315e+002 2.086e+003-3.967e+003 2.262e+003 3.925e+004
 9.880e+002 2.930e+000 3.600e+001 5.857e+004 4.525e+003 1.115e+003 1.744e+004-1.164e+004 1.406e+004-5.963e+002-5.272e+003 4.382e+003-1.767e+003 2.880e+003 2.947e+003-2.911e+003 1.223e+004 1.561e+003 9.513e+004
 1.000e+003 2.930e+000 1.740e+002 5.883e+006-3.811e+005 8.830e+005-1.319e+006-4.506e+005 3.445e+005-2.145e+005-2.568e+005 1.189e+004-1.602e+005 4.368e+005 1.031e+006-1.978e+006 6.792e+005-4.155e+005 3.646e+006
 1.130e+003 2.930e+000 2.580e+002 2.051e+006-5.836e+005-4.353e+005 6.790e+005-2.864e+005 1.834e+006-2.532e+005-3.706e+006-4.240e+005 3.115e+005 3.795e+005-7.525e+005-1.956e+006 2.249e+006 1.189e+006 1.494e+007
 1.250e+003 2.930e+000 3.930e+002 3.086e+006 1.391e+006 4.985e+004 4.205e+006-8.242e+005 3.335e+006-2.664e+005-2.602e+006 3.788e+005-7.711e+005 6.346e+005 1.814e+006-6.420e+005 5.847e+006-1.108e+006 1.744e+007
 1.380e+003 2.930e+000 3.720e+002 8.662e+005 1.004e+005 1.300e+005 2.525e+006-9.178e+005 2.853e+006-1.237e+005-6.736e+006-2.871e+005 8.693e+005 3.677e+005-2.294e+006 8.484e+004 4.883e+005 5.657e+005 1.876e+007
 1.500e+003 2.930e+000 0.000e+000 0.000e+000 0.000e+000 0.000e+000 0.000e+000 0.000e+000 0.000e+000 0.000e+000 0.000e+000 0.000e+000 0.000e+000 0.000e+000 0.000e+000 0.000e+000 0.000e+000 0.000e+000 0.000e+000
 1.630e+003 2.930e+000 0.000e+000 0.000e+000 0.000e+000 0.000e+000 0.000e+000 0.000e+000 0.000e+000 0.000e+000 0.000e+000 0.000e+000 0.000e+000 0.000e+000 0.000e+000 0.000e+000 0.000e+000 0.000e+000 0.000e+000
 1.750e+003 2.930e+000 0.000e+000 0.000e+000 0.000e+000 0.000e+000 0.000e+000 0.000e+000 0.000e+000 0.000e+000 0.000e+000 0.000e+000 0.000e+000 0.000e+000 0.000e+000 0.000e+000 0.000e+000 0.000e+000 0.000e+000
 1.880e+003 2.930e+000 0.000e+000 0.000e+000 0.000e+000 0.000e+000 0.000e+000 0.000e+000 0.000e+000 0.000e+000 0.000e+000 0.000e+000 0.000e+000 0.000e+000 0.000e+000 0.000e+000 0.000e+000 0.000e+000 0.000e+000
 2.000e+003 2.930e+000 0.000e+000 0.000e+000 0.000e+000 0.000e+000 0.000e+000 0.000e+000 0.000e+000 0.000e+000 0.000e+000 0.000e+000 0.000e+000 0.000e+000 0.000e+000 0.000e+000 0.000e+000 0.000e+000 0.000e+000
 2.130e+003 2.930e+000 0.000e+000 0.000e+000 0.000e+000 0.000e+000 0.000e+000 0.000e+000 0.000e+000 0.000e+000 0.000e+000 0.000e+000 0.000e+000 0.000e+000 0.000e+000 0.000e+000 0.000e+000 0.000e+000 0.000e+000
 2.250e+003 2.930e+000 0.000e+000 0.000e+000 0.000e+000 0.000e+000 0.000e+000 0.000e+000 0.000e+000 0.000e+000 0.000e+000 0.000e+000 0.000e+000 0.000e+000 0.000e+000 0.000e+000 0.000e+000 0.000e+000 0.000e+000
 2.380e+003 2.930e+000 0.000e+000 0.000e+000 0.000e+000 0.000e+000 0.000e+000 0.000e+000 0.000e+000 0.000e+000 0.000e+000 0.000e+000 0.000e+000 0.000e+000 0.000e+000 0.000e+000 0.000e+000 0.000e+000 0.000e+000
 2.500e+003 2.930e+000 0.000e+000 0.000e+000 0.000e+000 0.000e+000 0.000e+000 0.000e+000 0.000e+000 0.000e+000 0.000e+000 0.000e+000 0.000e+000 0.000e+000 0.000e+000 0.000e+000 0.000e+000 0.000e+000 0.000e+000
 2.630e+003 2.930e+000 0.000e+000 0.000e+000 0.000e+000 0.000e+000 0.000e+000 0.000e+000 0.000e+000 0.000e+000 0.000e+000 0.000e+000 0.000e+000 0.000e+000 0.000e+000 0.000e+000 0.000e+000 0.000e+000 0.000e+000
 2.750e+003 2.930e+000 0.000e+000 0.000e+000 0.000e+000 0.000e+000 0.000e+000 0.000e+000 0.000e+000 0.000e+000 0.000e+000 0.000e+000 0.000e+000 0.000e+000 0.000e+000 0.000e+000 0.000e+000 0.000e+000 0.000e+000
 2.880e+003 2.930e+000 0.000e+000 0.000e+000 0.000e+000 0.000e+000 0.000e+000 0.000e+000 0.000e+000 0.000e+000 0.000e+000 0.000e+000 0.000e+000 0.000e+000 0.000e+000 0.000e+000 0.000e+000 0.000e+000 0.000e+000
 3.000e+003 2.930e+000 0.000e+000 0.000e+000 0.000e+000 0.000e+000 0.000e+000 0.000e+000 0.000e+000 0.000e+000 0.000e+000 0.000e+000 0.000e+000 0.000e+000 0.000e+000 0.000e+000 0.000e+000 0.000e+000 0.000e+000
 3.130e+003 2.930e+000 0.000e+000 0.000e+000 0.000e+000 0.000e+000 0.000e+000 0.000e+000 0.000e+000 0.000e+000 0.000e+000 0.000e+000 0.000e+000 0.000e+000 0.000e+000 0.000e+000 0.000e+000 0.000e+000 0.000e+000
 3.250e+003 2.930e+000 0.000e+000 0.000e+000 0.000e+000 0.000e+000 0.000e+000 0.000e+000 0.000e+000 0.000e+000 0.000e+000 0.000e+000 0.000e+000 0.000e+000 0.000e+000 0.000e+000 0.000e+000 0.000e+000 0.000e+000
 3.380e+003 2.930e+000 0.000e+000 0.000e+000 0.000e+000 0.000e+000 0.000e+000 0.000e+000 0.000e+000 0.000e+000 0.000e+000 0.000e+000 0.000e+000 0.000e+000 0.000e+000 0.000e+000 0.000e+000 0.000e+000 0.000e+000
 3.500e+003 2.930e+000 0.000e+000 0.000e+000 0.000e+000 0.000e+000 0.000e+000 0.000e+000 0.000e+000 0.000e+000 0.000e+000 0.000e+000 0.000e+000 0.000e+000 0.000e+000 0.000e+000 0.000e+000 0.000e+000 0.000e+000
 3.630e+003 2.930e+000 0.000e+000 0.000e+000 0.000e+000 0.000e+000 0.000e+000 0.000e+000 0.000e+000 0.000e+000 0.000e+000 0.000e+000 0.000e+000 0.000e+000 0.000e+000 0.000e+000 0.000e+000 0.000e+000 0.000e+000
 3.750e+003 2.930e+000 0.000e+000 0.000e+000 0.000e+000 0.000e+000 0.000e+000 0.000e+000 0.000e+000 0.000e+000 0.000e+000 0.000e+000 0.000e+000 0.000e+000 0.000e+000 0.000e+000 0.000e+000 0.000e+000 0.000e+000
 3.880e+003 2.930e+000 0.000e+000 0.000e+000 0.000e+000 0.000e+000 0.000e+000 0.000e+000 0.000e+000 0.000e+000 0.000e+000 0.000e+000 0.000e+000 0.000e+000 0.000e+000 0.000e+000 0.000e+000 0.000e+000 0.000e+000
 4.000e+003 2.930e+000 0.000e+000 0.000e+000 0.000e+000 0.000e+000 0.000e+000 0.000e+000 0.000e+000 0.000e+000 0.000e+000 0.000e+000 0.000e+000 0.000e+000 0.000e+000 0.000e+000 0.000e+000 0.000e+000 0.000e+000
 4.130e+003 2.930e+000 0.000e+000 0.000e+000 0.000e+000 0.000e+000 0.000e+000 0.000e+000 0.000e+000 0.000e+000 0.000e+000 0.000e+000 0.000e+000 0.000e+000 0.000e+000 0.000e+000 0.000e+000 0.000e+000 0.000e+000
 4.250e+003 2.930e+000 0.000e+000 0.000e+000 0.000e+000 0.000e+000 0.000e+000 0.000e+000 0.000e+000 0.000e+000 0.000e+000 0.000e+000 0.000e+000 0.000e+000 0.000e+000 0.000e+000 0.000e+000 0.000e+000 0.000e+000
 4.380e+003 2.930e+000 0.000e+000 0.000e+000 0.000e+000 0.000e+000 0.000e+000 0.000e+000 0.000e+000 0.000e+000 0.000e+000 0.000e+000 0.000e+000 0.000e+000 0.000e+000 0.000e+000 0.000e+000 0.000e+000 0.000e+000
 4.500e+003 2.930e+000 0.000e+000 0.000e+000 0.000e+000 0.000e+000 0.000e+000 0.000e+000 0.000e+000 0.000e+000 0.000e+000 0.000e+000 0.000e+000 0.000e+000 0.000e+000 0.000e+000 0.000e+000 0.000e+000 0.000e+000
 4.630e+003 2.930e+000 0.000e+000 0.000e+000 0.000e+000 0.000e+000 0.000e+000 0.000e+000 0.000e+000 0.000e+000 0.000e+000 0.000e+000 0.000e+000 0.000e+000 0.000e+000 0.000e+000 0.000e+000 0.000e+000 0.000e+000
 4.750e+003 2.930e+000 0.000e+000 0.000e+000 0.000e+000 0.000e+000 0.000e+000 0.000e+000 0.000e+000 0.000e+000 0.000e+000 0.000e+000 0.000e+000 0.000e+000 0.000e+000 0.000e+000 0.000e+000 0.000e+000 0.000e+000
 4.880e+003 2.930e+000 0.000e+000 0.000e+000 0.000e+000 0.000e+000 0.000e+000 0.000e+000 0.000e+000 0.000e+000 0.000e+000 0.000e+000 0.000e+000 0.000e+000 0.000e+000 0.000e+000 0.000e+000 0.000e+000 0.000e+000
 5.000e+003 2.930e+000 0.000e+000 0.000e+000 0.000e+000 0.000e+000 0.000e+000 0.000e+000 0.000e+000 0.000e+000 0.000e+000 0.000e+000 0.000e+000 0.000e+000 0.000e+000 0.000e+000 0.000e+000 0.000e+000 0.000e+000
 5.130e+003 2.930e+000 0.000e+000 0.000e+000 0.000e+000 0.000e+000 0.000e+000 0.000e+000 0.000e+000 0.000e+000 0.000e+000 0.000e+000 0.000e+000 0.000e+000 0.000e+000 0.000e+000 0.000e+000 0.000e+000 0.000e+000
 5.250e+003 2.930e+000 0.000e+000 0.000e+000 0.000e+000 0.000e+000 0.000e+000 0.000e+000 0.000e+000 0.000e+000 0.000e+000 0.000e+000 0.000e+000 0.000e+000 0.000e+000 0.000e+000 0.000e+000 0.000e+000 0.000e+000
 5.380e+003 2.930e+000 0.000e+000 0.000e+000 0.000e+000 0.000e+000 0.000e+000 0.000e+000 0.000e+000 0.000e+000 0.000e+000 0.000e+000 0.000e+000 0.000e+000 0.000e+000 0.000e+000 0.000e+000 0.000e+000 0.000e+000
 5.500e+003 2.930e+000 0.000e+000 0.000e+000 0.000e+000 0.000e+000 0.000e+000 0.000e+000 0.000e+000 0.000e+000 0.000e+000 0.000e+000 0.000e+000 0.000e+000 0.000e+000 0.000e+000 0.000e+000 0.000e+000 0.000e+000
 5.630e+003 2.930e+000 0.000e+000 0.000e+000 0.000e+000 0.000e+000 0.000e+000 0.000e+000 0.000e+000 0.000e+000 0.000e+000 0.000e+000 0.000e+000 0.000e+000 0.000e+000 0.000e+000 0.000e+000 0.000e+000 0.000e+000
 5.750e+003 2.930e+000 0.000e+000 0.000e+000 0.000e+000 0.000e+000 0.000e+000 0.000e+000 0.000e+000 0.000e+000 0.000e+000 0.000e+000 0.000e+000 0.000e+000 0.000e+000 0.000e+000 0.000e+000 0.000e+000 0.000e+000
 5.880e+003 2.930e+000 0.000e+000 0.000e+000 0.000e+000 0.000e+000 0.000e+000 0.000e+000 0.000e+000 0.000e+000 0.000e+000 0.000e+000 0.000e+000 0.000e+000 0.000e+000 0.000e+000 0.000e+000 0.000e+000 0.000e+000
 6.000e+003 2.930e+000 0.000e+000 0.000e+000 0.000e+000 0.000e+000 0.000e+000 0.000e+000 0.000e+000 0.000e+000 0.000e+000 0.000e+000 0.000e+000 0.000e+000 0.000e+000 0.000e+000 0.000e+000 0.000e+000 0.000e+000
 6.130e+003 2.930e+000 0.000e+000 0.000e+000 0.000e+000 0.000e+000 0.000e+000 0.000e+000 0.000e+000 0.000e+000 0.000e+000 0.000e+000 0.000e+000 0.000e+000 0.000e+000 0.000e+000 0.000e+000 0.000e+000 0.000e+000
 6.250e+003 2.930e+000 0.000e+000 0.000e+000 0.000e+000 0.000e+000 0.000e+000 0.000e+000 0.000e+000 0.000e+000 0.000e+000 0.000e+000 0.000e+000 0.000e+000 0.000e+000 0.000e+000 0.000e+000 0.000e+000 0.000e+000
 6.380e+003 2.930e+000 0.000e+000 0.000e+000 0.000e+000 0.000e+000 0.000e+000 0.000e+000 0.000e+000 0.000e+000 0.000e+000 0.000e+000 0.000e+000 0.000e+000 0.000e+000 0.000e+000 0.000e+000 0.000e+000 0.000e+000
 6.500e+003 2.930e+000 0.000e+000 0.000e+000 0.000e+000 0.000e+000 0.000e+000 0.000e+000 0.000e+000 0.000e+000 0.000e+000 0.000e+000 0.000e+000 0.000e+000 0.000e+000 0.000e+000 0.000e+000 0.000e+000 0.000e+000
 6.630e+003 2.930e+000 0.000e+000 0.000e+000 0.000e+000 0.000e+000 0.000e+000 0.000e+000 0.000e+000 0.000e+000 0.000e+000 0.000e+000 0.000e+000 0.000e+000 0.000e+000 0.000e+000 0.000e+000 0.000e+000 0.000e+000
 6.750e+003 2.930e+000 0.000e+000 0.000e+000 0.000e+000 0.000e+000 0.000e+000 0.000e+000 0.000e+000 0.000e+000 0.000e+000 0.000e+000 0.000e+000 0.000e+000 0.000e+000 0.000e+000 0.000e+000 0.000e+000 0.000e+000
 6.880e+003 2.930e+000 0.000e+000 0.000e+000 0.000e+000 0.000e+000 0.000e+000 0.000e+000 0.000e+000 0.000e+000 0.000e+000 0.000e+000 0.000e+000 0.000e+000 0.000e+000 0.000e+000 0.000e+000 0.000e+000 0.000e+000
 7.000e+003 2.930e+000 0.000e+000 0.000e+000 0.000e+000 0.000e+000 0.000e+000 0.000e+000 0.000e+000 0.000e+000 0.000e+000 0.000e+000 0.000e+000 0.000e+000 0.000e+000 0.000e+000 0.000e+000 0.000e+000 0.000e+000
 7.130e+003 2.930e+000 0.000e+000 0.000e+000 0.000e+000 0.000e+000 0.000e+000 0.000e+000 0.000e+000 0.000e+000 0.000e+000 0.000e+000 0.000e+000 0.000e+000 0.000e+000 0.000e+000 0.000e+000 0.000e+000 0.000e+000
 7.250e+003 2.930e+000 0.000e+000 0.000e+000 0.000e+000 0.000e+000 0.000e+000 0.000e+000 0.000e+000 0.000e+000 0.000e+000 0.000e+000 0.000e+000 0.000e+000 0.000e+000 0.000e+000 0.000e+000 0.000e+000 0.000e+000
 7.380e+003 2.930e+000 0.000e+000 0.000e+000 0.000e+000 0.000e+000 0.000e+000 0.000e+000 0.000e+000 0.000e+000 0.000e+000 0.000e+000 0.000e+000 0.000e+000 0.000e+000 0.000e+000 0.000e+000 0.000e+000 0.000e+000
 7.500e+003 2.930e+000 0.000e+000 0.000e+000 0.000e+000 0.000e+000 0.000e+000 0.000e+000 0.000e+000 0.000e+000 0.000e+000 0.000e+000 0.000e+000 0.000e+000 0.000e+000 0.000e+000 0.000e+000 0.000e+000 0.000e+000
 7.630e+003 2.930e+000 0.000e+000 0.000e+000 0.000e+000 0.000e+000 0.000e+000 0.000e+000 0.000e+000 0.000e+000 0.000e+000 0.000e+000 0.000e+000 0.000e+000 0.000e+000 0.000e+000 0.000e+000 0.000e+000 0.000e+000
 7.750e+003 2.930e+000 0.000e+000 0.000e+000 0.000e+000 0.000e+000 0.000e+000 0.000e+000 0.000e+000 0.000e+000 0.000e+000 0.000e+000 0.000e+000 0.000e+000 0.000e+000 0.000e+000 0.000e+000 0.000e+000 0.000e+000
 7.880e+003 2.930e+000 0.000e+000 0.000e+000 0.000e+000 0.000e+000 0.000e+000 0.000e+000 0.000e+000 0.000e+000 0.000e+000 0.000e+000 0.000e+000 0.000e+000 0.000e+000 0.000e+000 0.000e+000 0.000e+000 0.000e+000
 8.000e+003 2.930e+000 0.000e+000 0.000e+000 0.000e+000 0.000e+000 0.000e+000 0.000e+000 0.000e+000 0.000e+000 0.000e+000 0.000e+000 0.000e+000 0.000e+000 0.000e+000 0.000e+000 0.000e+000 0.000e+000 0.000e+000
 8.130e+003 2.930e+000 0.000e+000 0.000e+000 0.000e+000 0.000e+000 0.000e+000 0.000e+000 0.000e+000 0.000e+000 0.000e+000 0.000e+000 0.000e+000 0.000e+000 0.000e+000 0.000e+000 0.000e+000 0.000e+000 0.000e+000
 8.250e+003 2.930e+000 0.000e+000 0.000e+000 0.000e+000 0.000e+000 0.000e+000 0.000e+000 0.000e+000 0.000e+000 0.000e+000 0.000e+000 0.000e+000 0.000e+000 0.000e+000 0.000e+000 0.000e+000 0.000e+000 0.000e+000
 8.380e+003 2.930e+000 0.000e+000 0.000e+000 0.000e+000 0.000e+000 0.000e+000 0.000e+000 0.000e+000 0.000e+000 0.000e+000 0.000e+000 0.000e+000 0.000e+000 0.000e+000 0.000e+000 0.000e+000 0.000e+000 0.000e+000
 8.500e+003 2.930e+000 0.000e+000 0.000e+000 0.000e+000 0.000e+000 0.000e+000 0.000e+000 0.000e+000 0.000e+000 0.000e+000 0.000e+000 0.000e+000 0.000e+000 0.000e+000 0.000e+000 0.000e+000 0.000e+000 0.000e+000
 8.630e+003 2.930e+000 0.000e+000 0.000e+000 0.000e+000 0.000e+000 0.000e+000 0.000e+000 0.000e+000 0.000e+000 0.000e+000 0.000e+000 0.000e+000 0.000e+000 0.000e+000 0.000e+000 0.000e+000 0.000e+000 0.000e+000
 8.750e+003 2.930e+000 0.000e+000 0.000e+000 0.000e+000 0.000e+000 0.000e+000 0.000e+000 0.000e+000 0.000e+000 0.000e+000 0.000e+000 0.000e+000 0.000e+000 0.000e+000 0.000e+000 0.000e+000 0.000e+000 0.000e+000
 8.880e+003 2.930e+000 0.000e+000 0.000e+000 0.000e+000 0.000e+000 0.000e+000 0.000e+000 0.000e+000 0.000e+000 0.000e+000 0.000e+000 0.000e+000 0.000e+000 0.000e+000 0.000e+000 0.000e+000 0.000e+000 0.000e+000
 9.000e+003 2.930e+000 0.000e+000 0.000e+000 0.000e+000 0.000e+000 0.000e+000 0.000e+000 0.000e+000 0.000e+000 0.000e+000 0.000e+000 0.000e+000 0.000e+000 0.000e+000 0.000e+000 0.000e+000 0.000e+000 0.000e+000
 9.130e+003 2.930e+000 0.000e+000 0.000e+000 0.000e+000 0.000e+000 0.000e+000 0.000e+000 0.000e+000 0.000e+000 0.000e+000 0.000e+000 0.000e+000 0.000e+000 0.000e+000 0.000e+000 0.000e+000 0.000e+000 0.000e+000
 9.250e+003 2.930e+000 0.000e+000 0.000e+000 0.000e+000 0.000e+000 0.000e+000 0.000e+000 0.000e+000 0.000e+000 0.000e+000 0.000e+000 0.000e+000 0.000e+000 0.000e+000 0.000e+000 0.000e+000 0.000e+000 0.000e+000
 9.380e+003 2.930e+000 0.000e+000 0.000e+000 0.000e+000 0.000e+000 0.000e+000 0.000e+000 0.000e+000 0.000e+000 0.000e+000 0.000e+000 0.000e+000 0.000e+000 0.000e+000 0.000e+000 0.000e+000 0.000e+000 0.000e+000
 9.500e+003 2.930e+000 0.000e+000 0.000e+000 0.000e+000 0.000e+000 0.000e+000 0.000e+000 0.000e+000 0.000e+000 0.000e+000 0.000e+000 0.000e+000 0.000e+000 0.000e+000 0.000e+000 0.000e+000 0.000e+000 0.000e+000
 9.630e+003 2.930e+000 0.000e+000 0.000e+000 0.000e+000 0.000e+000 0.000e+000 0.000e+000 0.000e+000 0.000e+000 0.000e+000 0.000e+000 0.000e+000 0.000e+000 0.000e+000 0.000e+000 0.000e+000 0.000e+000 0.000e+000
 9.750e+003 2.930e+000 0.000e+000 0.000e+000 0.000e+000 0.000e+000 0.000e+000 0.000e+000 0.000e+000 0.000e+000 0.000e+000 0.000e+000 0.000e+000 0.000e+000 0.000e+000 0.000e+000 0.000e+000 0.000e+000 0.000e+000
 9.880e+003 2.930e+000 0.000e+000 0.000e+000 0.000e+000 0.000e+000 0.000e+000 0.000e+000 0.000e+000 0.000e+000 0.000e+000 0.000e+000 0.000e+000 0.000e+000 0.000e+000 0.000e+000 0.000e+000 0.000e+000 0.000e+000
 1.000e+004 2.930e+000 0.000e+000 0.000e+000 0.000e+000 0.000e+000 0.000e+000 0.000e+000 0.000e+000 0.000e+000 0.000e+000 0.000e+000 0.000e+000 0.000e+000 0.000e+000 0.000e+000 0.000e+000 0.000e+000 0.000e+000
 1.130e+004 2.930e+000 0.000e+000 0.000e+000 0.000e+000 0.000e+000 0.000e+000 0.000e+000 0.000e+000 0.000e+000 0.000e+000 0.000e+000 0.000e+000 0.000e+000 0.000e+000 0.000e+000 0.000e+000 0.000e+000 0.000e+000
 1.250e+004 2.930e+000 0.000e+000 0.000e+000 0.000e+000 0.000e+000 0.000e+000 0.000e+000 0.000e+000 0.000e+000 0.000e+000 0.000e+000 0.000e+000 0.000e+000 0.000e+000 0.000e+000 0.000e+000 0.000e+000 0.000e+000
 1.380e+004 2.930e+000 0.000e+000 0.000e+000 0.000e+000 0.000e+000 0.000e+000 0.000e+000 0.000e+000 0.000e+000 0.000e+000 0.000e+000 0.000e+000 0.000e+000 0.000e+000 0.000e+000 0.000e+000 0.000e+000 0.000e+000
 1.500e+004 2.930e+000 0.000e+000 0.000e+000 0.000e+000 0.000e+000 0.000e+000 0.000e+000 0.000e+000 0.000e+000 0.000e+000 0.000e+000 0.000e+000 0.000e+000 0.000e+000 0.000e+000 0.000e+000 0.000e+000 0.000e+000
 1.630e+004 2.930e+000 0.000e+000 0.000e+000 0.000e+000 0.000e+000 0.000e+000 0.000e+000 0.000e+000 0.000e+000 0.000e+000 0.000e+000 0.000e+000 0.000e+000 0.000e+000 0.000e+000 0.000e+000 0.000e+000 0.000e+000
 1.750e+004 2.930e+000 0.000e+000 0.000e+000 0.000e+000 0.000e+000 0.000e+000 0.000e+000 0.000e+000 0.000e+000 0.000e+000 0.000e+000 0.000e+000 0.000e+000 0.000e+000 0.000e+000 0.000e+000 0.000e+000 0.000e+000
 1.880e+004 2.930e+000 0.000e+000 0.000e+000 0.000e+000 0.000e+000 0.000e+000 0.000e+000 0.000e+000 0.000e+000 0.000e+000 0.000e+000 0.000e+000 0.000e+000 0.000e+000 0.000e+000 0.000e+000 0.000e+000 0.000e+000
 2.000e+004 2.930e+000 0.000e+000 0.000e+000 0.000e+000 0.000e+000 0.000e+000 0.000e+000 0.000e+000 0.000e+000 0.000e+000 0.000e+000 0.000e+000 0.000e+000 0.000e+000 0.000e+000 0.000e+000 0.000e+000 0.000e+000
 2.130e+004 2.930e+000 0.000e+000 0.000e+000 0.000e+000 0.000e+000 0.000e+000 0.000e+000 0.000e+000 0.000e+000 0.000e+000 0.000e+000 0.000e+000 0.000e+000 0.000e+000 0.000e+000 0.000e+000 0.000e+000 0.000e+000
 2.250e+004 2.930e+000 0.000e+000 0.000e+000 0.000e+000 0.000e+000 0.000e+000 0.000e+000 0.000e+000 0.000e+000 0.000e+000 0.000e+000 0.000e+000 0.000e+000 0.000e+000 0.000e+000 0.000e+000 0.000e+000 0.000e+000
 2.380e+004 2.930e+000 0.000e+000 0.000e+000 0.000e+000 0.000e+000 0.000e+000 0.000e+000 0.000e+000 0.000e+000 0.000e+000 0.000e+000 0.000e+000 0.000e+000 0.000e+000 0.000e+000 0.000e+000 0.000e+000 0.000e+000
 2.500e+004 2.930e+000 0.000e+000 0.000e+000 0.000e+000 0.000e+000 0.000e+000 0.000e+000 0.000e+000 0.000e+000 0.000e+000 0.000e+000 0.000e+000 0.000e+000 0.000e+000 0.000e+000 0.000e+000 0.000e+000 0.000e+000
 2.630e+004 2.930e+000 0.000e+000 0.000e+000 0.000e+000 0.000e+000 0.000e+000 0.000e+000 0.000e+000 0.000e+000 0.000e+000 0.000e+000 0.000e+000 0.000e+000 0.000e+000 0.000e+000 0.000e+000 0.000e+000 0.000e+000
 2.750e+004 2.930e+000 0.000e+000 0.000e+000 0.000e+000 0.000e+000 0.000e+000 0.000e+000 0.000e+000 0.000e+000 0.000e+000 0.000e+000 0.000e+000 0.000e+000 0.000e+000 0.000e+000 0.000e+000 0.000e+000 0.000e+000
 2.880e+004 2.930e+000 0.000e+000 0.000e+000 0.000e+000 0.000e+000 0.000e+000 0.000e+000 0.000e+000 0.000e+000 0.000e+000 0.000e+000 0.000e+000 0.000e+000 0.000e+000 0.000e+000 0.000e+000 0.000e+000 0.000e+000
 3.000e+004 2.930e+000 0.000e+000 0.000e+000 0.000e+000 0.000e+000 0.000e+000 0.000e+000 0.000e+000 0.000e+000 0.000e+000 0.000e+000 0.000e+000 0.000e+000 0.000e+000 0.000e+000 0.000e+000 0.000e+000 0.000e+000
 3.130e+004 2.930e+000 0.000e+000 0.000e+000 0.000e+000 0.000e+000 0.000e+000 0.000e+000 0.000e+000 0.000e+000 0.000e+000 0.000e+000 0.000e+000 0.000e+000 0.000e+000 0.000e+000 0.000e+000 0.000e+000 0.000e+000
 3.250e+004 2.930e+000 0.000e+000 0.000e+000 0.000e+000 0.000e+000 0.000e+000 0.000e+000 0.000e+000 0.000e+000 0.000e+000 0.000e+000 0.000e+000 0.000e+000 0.000e+000 0.000e+000 0.000e+000 0.000e+000 0.000e+000
 3.380e+004 2.930e+000 0.000e+000 0.000e+000 0.000e+000 0.000e+000 0.000e+000 0.000e+000 0.000e+000 0.000e+000 0.000e+000 0.000e+000 0.000e+000 0.000e+000 0.000e+000 0.000e+000 0.000e+000 0.000e+000 0.000e+000
 3.500e+004 2.930e+000 0.000e+000 0.000e+000 0.000e+000 0.000e+000 0.000e+000 0.000e+000 0.000e+000 0.000e+000 0.000e+000 0.000e+000 0.000e+000 0.000e+000 0.000e+000 0.000e+000 0.000e+000 0.000e+000 0.000e+000
 3.630e+004 2.930e+000 0.000e+000 0.000e+000 0.000e+000 0.000e+000 0.000e+000 0.000e+000 0.000e+000 0.000e+000 0.000e+000 0.000e+000 0.000e+000 0.000e+000 0.000e+000 0.000e+000 0.000e+000 0.000e+000 0.000e+000
 3.750e+004 2.930e+000 0.000e+000 0.000e+000 0.000e+000 0.000e+000 0.000e+000 0.000e+000 0.000e+000 0.000e+000 0.000e+000 0.000e+000 0.000e+000 0.000e+000 0.000e+000 0.000e+000 0.000e+000 0.000e+000 0.000e+000
 3.880e+004 2.930e+000 0.000e+000 0.000e+000 0.000e+000 0.000e+000 0.000e+000 0.000e+000 0.000e+000 0.000e+000 0.000e+000 0.000e+000 0.000e+000 0.000e+000 0.000e+000 0.000e+000 0.000e+000 0.000e+000 0.000e+000
 4.000e+004 2.930e+000 0.000e+000 0.000e+000 0.000e+000 0.000e+000 0.000e+000 0.000e+000 0.000e+000 0.000e+000 0.000e+000 0.000e+000 0.000e+000 0.000e+000 0.000e+000 0.000e+000 0.000e+000 0.000e+000 0.000e+000
 4.130e+004 2.930e+000 0.000e+000 0.000e+000 0.000e+000 0.000e+000 0.000e+000 0.000e+000 0.000e+000 0.000e+000 0.000e+000 0.000e+000 0.000e+000 0.000e+000 0.000e+000 0.000e+000 0.000e+000 0.000e+000 0.000e+000
 4.250e+004 2.930e+000 0.000e+000 0.000e+000 0.000e+000 0.000e+000 0.000e+000 0.000e+000 0.000e+000 0.000e+000 0.000e+000 0.000e+000 0.000e+000 0.000e+000 0.000e+000 0.000e+000 0.000e+000 0.000e+000 0.000e+000
 4.380e+004 2.930e+000 0.000e+000 0.000e+000 0.000e+000 0.000e+000 0.000e+000 0.000e+000 0.000e+000 0.000e+000 0.000e+000 0.000e+000 0.000e+000 0.000e+000 0.000e+000 0.000e+000 0.000e+000 0.000e+000 0.000e+000
 4.500e+004 2.930e+000 0.000e+000 0.000e+000 0.000e+000 0.000e+000 0.000e+000 0.000e+000 0.000e+000 0.000e+000 0.000e+000 0.000e+000 0.000e+000 0.000e+000 0.000e+000 0.000e+000 0.000e+000 0.000e+000 0.000e+000
 4.630e+004 2.930e+000 0.000e+000 0.000e+000 0.000e+000 0.000e+000 0.000e+000 0.000e+000 0.000e+000 0.000e+000 0.000e+000 0.000e+000 0.000e+000 0.000e+000 0.000e+000 0.000e+000 0.000e+000 0.000e+000 0.000e+000
 4.750e+004 2.930e+000 0.000e+000 0.000e+000 0.000e+000 0.000e+000 0.000e+000 0.000e+000 0.000e+000 0.000e+000 0.000e+000 0.000e+000 0.000e+000 0.000e+000 0.000e+000 0.000e+000 0.000e+000 0.000e+000 0.000e+000
 4.880e+004 2.930e+000 0.000e+000 0.000e+000 0.000e+000 0.000e+000 0.000e+000 0.000e+000 0.000e+000 0.000e+000 0.000e+000 0.000e+000 0.000e+000 0.000e+000 0.000e+000 0.000e+000 0.000e+000 0.000e+000 0.000e+000
 5.000e+004 2.930e+000 0.000e+000 0.000e+000 0.000e+000 0.000e+000 0.000e+000 0.000e+000 0.000e+000 0.000e+000 0.000e+000 0.000e+000 0.000e+000 0.000e+000 0.000e+000 0.000e+000 0.000e+000 0.000e+000 0.000e+000
 5.130e+004 2.930e+000 0.000e+000 0.000e+000 0.000e+000 0.000e+000 0.000e+000 0.000e+000 0.000e+000 0.000e+000 0.000e+000 0.000e+000 0.000e+000 0.000e+000 0.000e+000 0.000e+000 0.000e+000 0.000e+000 0.000e+000
 5.250e+004 2.930e+000 0.000e+000 0.000e+000 0.000e+000 0.000e+000 0.000e+000 0.000e+000 0.000e+000 0.000e+000 0.000e+000 0.000e+000 0.000e+000 0.000e+000 0.000e+000 0.000e+000 0.000e+000 0.000e+000 0.000e+000
 5.380e+004 2.930e+000 0.000e+000 0.000e+000 0.000e+000 0.000e+000 0.000e+000 0.000e+000 0.000e+000 0.000e+000 0.000e+000 0.000e+000 0.000e+000 0.000e+000 0.000e+000 0.000e+000 0.000e+000 0.000e+000 0.000e+000
 5.500e+004 2.930e+000 0.000e+000 0.000e+000 0.000e+000 0.000e+000 0.000e+000 0.000e+000 0.000e+000 0.000e+000 0.000e+000 0.000e+000 0.000e+000 0.000e+000 0.000e+000 0.000e+000 0.000e+000 0.000e+000 0.000e+000
 5.630e+004 2.930e+000 0.000e+000 0.000e+000 0.000e+000 0.000e+000 0.000e+000 0.000e+000 0.000e+000 0.000e+000 0.000e+000 0.000e+000 0.000e+000 0.000e+000 0.000e+000 0.000e+000 0.000e+000 0.000e+000 0.000e+000
 5.750e+004 2.930e+000 0.000e+000 0.000e+000 0.000e+000 0.000e+000 0.000e+000 0.000e+000 0.000e+000 0.000e+000 0.000e+000 0.000e+000 0.000e+000 0.000e+000 0.000e+000 0.000e+000 0.000e+000 0.000e+000 0.000e+000
 5.880e+004 2.930e+000 0.000e+000 0.000e+000 0.000e+000 0.000e+000 0.000e+000 0.000e+000 0.000e+000 0.000e+000 0.000e+000 0.000e+000 0.000e+000 0.000e+000 0.000e+000 0.000e+000 0.000e+000 0.000e+000 0.000e+000
 6.000e+004 2.930e+000 0.000e+000 0.000e+000 0.000e+000 0.000e+000 0.000e+000 0.000e+000 0.000e+000 0.000e+000 0.000e+000 0.000e+000 0.000e+000 0.000e+000 0.000e+000 0.000e+000 0.000e+000 0.000e+000 0.000e+000
 6.130e+004 2.930e+000 0.000e+000 0.000e+000 0.000e+000 0.000e+000 0.000e+000 0.000e+000 0.000e+000 0.000e+000 0.000e+000 0.000e+000 0.000e+000 0.000e+000 0.000e+000 0.000e+000 0.000e+000 0.000e+000 0.000e+000
 6.250e+004 2.930e+000 0.000e+000 0.000e+000 0.000e+000 0.000e+000 0.000e+000 0.000e+000 0.000e+000 0.000e+000 0.000e+000 0.000e+000 0.000e+000 0.000e+000 0.000e+000 0.000e+000 0.000e+000 0.000e+000 0.000e+000
 6.380e+004 2.930e+000 0.000e+000 0.000e+000 0.000e+000 0.000e+000 0.000e+000 0.000e+000 0.000e+000 0.000e+000 0.000e+000 0.000e+000 0.000e+000 0.000e+000 0.000e+000 0.000e+000 0.000e+000 0.000e+000 0.000e+000
 6.500e+004 2.930e+000 0.000e+000 0.000e+000 0.000e+000 0.000e+000 0.000e+000 0.000e+000 0.000e+000 0.000e+000 0.000e+000 0.000e+000 0.000e+000 0.000e+000 0.000e+000 0.000e+000 0.000e+000 0.000e+000 0.000e+000
 6.630e+004 2.930e+000 0.000e+000 0.000e+000 0.000e+000 0.000e+000 0.000e+000 0.000e+000 0.000e+000 0.000e+000 0.000e+000 0.000e+000 0.000e+000 0.000e+000 0.000e+000 0.000e+000 0.000e+000 0.000e+000 0.000e+000
 6.750e+004 2.930e+000 0.000e+000 0.000e+000 0.000e+000 0.000e+000 0.000e+000 0.000e+000 0.000e+000 0.000e+000 0.000e+000 0.000e+000 0.000e+000 0.000e+000 0.000e+000 0.000e+000 0.000e+000 0.000e+000 0.000e+000
 6.880e+004 2.930e+000 0.000e+000 0.000e+000 0.000e+000 0.000e+000 0.000e+000 0.000e+000 0.000e+000 0.000e+000 0.000e+000 0.000e+000 0.000e+000 0.000e+000 0.000e+000 0.000e+000 0.000e+000 0.000e+000 0.000e+000
 7.000e+004 2.930e+000 0.000e+000 0.000e+000 0.000e+000 0.000e+000 0.000e+000 0.000e+000 0.000e+000 0.000e+000 0.000e+000 0.000e+000 0.000e+000 0.000e+000 0.000e+000 0.000e+000 0.000e+000 0.000e+000 0.000e+000
 7.130e+004 2.930e+000 0.000e+000 0.000e+000 0.000e+000 0.000e+000 0.000e+000 0.000e+000 0.000e+000 0.000e+000 0.000e+000 0.000e+000 0.000e+000 0.000e+000 0.000e+000 0.000e+000 0.000e+000 0.000e+000 0.000e+000
 7.250e+004 2.930e+000 0.000e+000 0.000e+000 0.000e+000 0.000e+000 0.000e+000 0.000e+000 0.000e+000 0.000e+000 0.000e+000 0.000e+000 0.000e+000 0.000e+000 0.000e+000 0.000e+000 0.000e+000 0.000e+000 0.000e+000
 7.380e+004 2.930e+000 0.000e+000 0.000e+000 0.000e+000 0.000e+000 0.000e+000 0.000e+000 0.000e+000 0.000e+000 0.000e+000 0.000e+000 0.000e+000 0.000e+000 0.000e+000 0.000e+000 0.000e+000 0.000e+000 0.000e+000
 7.500e+004 2.930e+000 0.000e+000 0.000e+000 0.000e+000 0.000e+000 0.000e+000 0.000e+000 0.000e+000 0.000e+000 0.000e+000 0.000e+000 0.000e+000 0.000e+000 0.000e+000 0.000e+000 0.000e+000 0.000e+000 0.000e+000
 7.630e+004 2.930e+000 0.000e+000 0.000e+000 0.000e+000 0.000e+000 0.000e+000 0.000e+000 0.000e+000 0.000e+000 0.000e+000 0.000e+000 0.000e+000 0.000e+000 0.000e+000 0.000e+000 0.000e+000 0.000e+000 0.000e+000
 7.750e+004 2.930e+000 0.000e+000 0.000e+000 0.000e+000 0.000e+000 0.000e+000 0.000e+000 0.000e+000 0.000e+000 0.000e+000 0.000e+000 0.000e+000 0.000e+000 0.000e+000 0.000e+000 0.000e+000 0.000e+000 0.000e+000
 7.880e+004 2.930e+000 0.000e+000 0.000e+000 0.000e+000 0.000e+000 0.000e+000 0.000e+000 0.000e+000 0.000e+000 0.000e+000 0.000e+000 0.000e+000 0.000e+000 0.000e+000 0.000e+000 0.000e+000 0.000e+000 0.000e+000
 8.000e+004 2.930e+000 0.000e+000 0.000e+000 0.000e+000 0.000e+000 0.000e+000 0.000e+000 0.000e+000 0.000e+000 0.000e+000 0.000e+000 0.000e+000 0.000e+000 0.000e+000 0.000e+000 0.000e+000 0.000e+000 0.000e+000
 8.130e+004 2.930e+000 0.000e+000 0.000e+000 0.000e+000 0.000e+000 0.000e+000 0.000e+000 0.000e+000 0.000e+000 0.000e+000 0.000e+000 0.000e+000 0.000e+000 0.000e+000 0.000e+000 0.000e+000 0.000e+000 0.000e+000
 8.250e+004 2.930e+000 0.000e+000 0.000e+000 0.000e+000 0.000e+000 0.000e+000 0.000e+000 0.000e+000 0.000e+000 0.000e+000 0.000e+000 0.000e+000 0.000e+000 0.000e+000 0.000e+000 0.000e+000 0.000e+000 0.000e+000
 8.380e+004 2.930e+000 0.000e+000 0.000e+000 0.000e+000 0.000e+000 0.000e+000 0.000e+000 0.000e+000 0.000e+000 0.000e+000 0.000e+000 0.000e+000 0.000e+000 0.000e+000 0.000e+000 0.000e+000 0.000e+000 0.000e+000
 8.500e+004 2.930e+000 0.000e+000 0.000e+000 0.000e+000 0.000e+000 0.000e+000 0.000e+000 0.000e+000 0.000e+000 0.000e+000 0.000e+000 0.000e+000 0.000e+000 0.000e+000 0.000e+000 0.000e+000 0.000e+000 0.000e+000
 8.630e+004 2.930e+000 0.000e+000 0.000e+000 0.000e+000 0.000e+000 0.000e+000 0.000e+000 0.000e+000 0.000e+000 0.000e+000 0.000e+000 0.000e+000 0.000e+000 0.000e+000 0.000e+000 0.000e+000 0.000e+000 0.000e+000
 8.750e+004 2.930e+000 0.000e+000 0.000e+000 0.000e+000 0.000e+000 0.000e+000 0.000e+000 0.000e+000 0.000e+000 0.000e+000 0.000e+000 0.000e+000 0.000e+000 0.000e+000 0.000e+000 0.000e+000 0.000e+000 0.000e+000
 8.880e+004 2.930e+000 0.000e+000 0.000e+000 0.000e+000 0.000e+000 0.000e+000 0.000e+000 0.000e+000 0.000e+000 0.000e+000 0.000e+000 0.000e+000 0.000e+000 0.000e+000 0.000e+000 0.000e+000 0.000e+000 0.000e+000
 9.000e+004 2.930e+000 0.000e+000 0.000e+000 0.000e+000 0.000e+000 0.000e+000 0.000e+000 0.000e+000 0.000e+000 0.000e+000 0.000e+000 0.000e+000 0.000e+000 0.000e+000 0.000e+000 0.000e+000 0.000e+000 0.000e+000
 9.130e+004 2.930e+000 0.000e+000 0.000e+000 0.000e+000 0.000e+000 0.000e+000 0.000e+000 0.000e+000 0.000e+000 0.000e+000 0.000e+000 0.000e+000 0.000e+000 0.000e+000 0.000e+000 0.000e+000 0.000e+000 0.000e+000
 9.250e+004 2.930e+000 0.000e+000 0.000e+000 0.000e+000 0.000e+000 0.000e+000 0.000e+000 0.000e+000 0.000e+000 0.000e+000 0.000e+000 0.000e+000 0.000e+000 0.000e+000 0.000e+000 0.000e+000 0.000e+000 0.000e+000
 9.380e+004 2.930e+000 0.000e+000 0.000e+000 0.000e+000 0.000e+000 0.000e+000 0.000e+000 0.000e+000 0.000e+000 0.000e+000 0.000e+000 0.000e+000 0.000e+000 0.000e+000 0.000e+000 0.000e+000 0.000e+000 0.000e+000
 9.500e+004 2.930e+000 0.000e+000 0.000e+000 0.000e+000 0.000e+000 0.000e+000 0.000e+000 0.000e+000 0.000e+000 0.000e+000 0.000e+000 0.000e+000 0.000e+000 0.000e+000 0.000e+000 0.000e+000 0.000e+000 0.000e+000
 9.630e+004 2.930e+000 0.000e+000 0.000e+000 0.000e+000 0.000e+000 0.000e+000 0.000e+000 0.000e+000 0.000e+000 0.000e+000 0.000e+000 0.000e+000 0.000e+000 0.000e+000 0.000e+000 0.000e+000 0.000e+000 0.000e+000
 9.750e+004 2.930e+000 0.000e+000 0.000e+000 0.000e+000 0.000e+000 0.000e+000 0.000e+000 0.000e+000 0.000e+000 0.000e+000 0.000e+000 0.000e+000 0.000e+000 0.000e+000 0.000e+000 0.000e+000 0.000e+000 0.000e+000
 9.880e+004 2.930e+000 0.000e+000 0.000e+000 0.000e+000 0.000e+000 0.000e+000 0.000e+000 0.000e+000 0.000e+000 0.000e+000 0.000e+000 0.000e+000 0.000e+000 0.000e+000 0.000e+000 0.000e+000 0.000e+000 0.000e+000
 1.000e+005 2.930e+000 0.000e+000 0.000e+000 0.000e+000 0.000e+000 0.000e+000 0.000e+000 0.000e+000 0.000e+000 0.000e+000 0.000e+000 0.000e+000 0.000e+000 0.000e+000 0.000e+000 0.000e+000 0.000e+000 0.000e+000
