 6.250e+000 2.930e+000 0.000e+000 0.000e+000 0.000e+000 0.000e+000 0.000e+000 0.000e+000 0.000e+000 0.000e+000 0.000e+000 0.000e+000 0.000e+000 0.000e+000 0.000e+000 0.000e+000 0.000e+000 0.000e+000 0.000e+000
 7.500e+000 2.930e+000 0.000e+000 0.000e+000 0.000e+000 0.000e+000 0.000e+000 0.000e+000 0.000e+000 0.000e+000 0.000e+000 0.000e+000 0.000e+000 0.000e+000 0.000e+000 0.000e+000 0.000e+000 0.000e+000 0.000e+000
 8.750e+000 2.930e+000 0.000e+000 0.000e+000 0.000e+000 0.000e+000 0.000e+000 0.000e+000 0.000e+000 0.000e+000 0.000e+000 0.000e+000 0.000e+000 0.000e+000 0.000e+000 0.000e+000 0.000e+000 0.000e+000 0.000e+000
 1.000e+001 2.930e+000 0.000e+000 0.000e+000 0.000e+000 0.000e+000 0.000e+000 0.000e+000 0.000e+000 0.000e+000 0.000e+000 0.000e+000 0.000e+000 0.000e+000 0.000e+000 0.000e+000 0.000e+000 0.000e+000 0.000e+000
 1.130e+001 2.930e+000 2.400e+001 3.445e+001-4.529e+002-1.277e+000-1.727e+000 5.140e+001 1.690e+005-8.002e+002 1.250e+004-1.642e+000 8.384e+002 4.040e+001-2.466e+002 1.625e+003 2.856e+003-1.186e+003 2.036e+005
 1.250e+001 2.930e+000 0.000e+000 0.000e+000 0.000e+000 0.000e+000 0.000e+000 0.000e+000 0.000e+000 0.000e+000 0.000e+000 0.000e+000 0.000e+000 0.000e+000 0.000e+000 0.000e+000 0.000e+000 0.000e+000 0.000e+000
 1.380e+001 2.930e+000 0.000e+000 0.000e+000 0.000e+000 0.000e+000 0.000e+000 0.000e+000 0.000e+000 0.000e+000 0.000e+000 0.000e+000 0.000e+000 0.000e+000 0.000e+000 0.000e+000 0.000e+000 0.000e+000 0.000e+000
 1.500e+001 2.930e+000 2.400e+001 4.437e+001-1.801e+002-8.805e+000-5.939e+002-6.808e+002 1.286e+005 3.239e+001 7.997e+003 6.311e+000 2.119e+001 2.990e+001-5.491e+002 4.146e+002 9.158e+003-4.644e+002 9.014e+004
 1.630e+001 2.930e+000 0.000e+000 0.000e+000 0.000e+000 0.000e+000 0.000e+000 0.000e+000 0.000e+000 0.000e+000 0.000e+000 0.000e+000 0.000e+000 0.000e+000 0.000e+000 0.000e+000 0.000e+000 0.000e+000 0.000e+000
 1.750e+001 2.930e+000 2.100e+001 2.067e+001-1.946e+002 2.532e+000-5.579e+002 1.456e+002 4.314e+004-3.569e+002 6.149e+003 1.232e+001 1.055e+002 4.284e+001-3.925e+002 1.452e+002 6.290e+003-4.395e+002 5.346e+004
 1.880e+001 2.930e+000 0.000e+000 0.000e+000 0.000e+000 0.000e+000 0.000e+000 0.000e+000 0.000e+000 0.000e+000 0.000e+000 0.000e+000 0.000e+000 0.000e+000 0.000e+000 0.000e+000 0.000e+000 0.000e+000 0.000e+000
 2.000e+001 2.930e+000 2.400e+001 3.523e+001-1.363e+002 1.421e+000-3.079e+002-3.901e+002 5.823e+004-1.608e+002-2.676e+001 1.153e+001 4.148e+001 2.462e+001-7.054e+001-1.483e+002 5.378e+003-2.162e+002 4.052e+004
 2.130e+001 2.930e+000 0.000e+000 0.000e+000 0.000e+000 0.000e+000 0.000e+000 0.000e+000 0.000e+000 0.000e+000 0.000e+000 0.000e+000 0.000e+000 0.000e+000 0.000e+000 0.000e+000 0.000e+000 0.000e+000 0.000e+000
 2.250e+001 2.930e+000 0.000e+000 0.000e+000 0.000e+000 0.000e+000 0.000e+000 0.000e+000 0.000e+000 0.000e+000 0.000e+000 0.000e+000 0.000e+000 0.000e+000 0.000e+000 0.000e+000 0.000e+000 0.000e+000 0.000e+000
 2.380e+001 2.930e+000 2.400e+001 2.551e+001-3.655e+002 5.470e-001-3.575e+002-4.903e+001 2.943e+004-1.337e+002 7.655e+003 3.434e-001-7.023e+001 1.511e+001-1.508e+002 3.610e+002 4.366e+003-1.836e+002 5.713e+004
 2.500e+001 2.930e+000 0.000e+000 0.000e+000 0.000e+000 0.000e+000 0.000e+000 0.000e+000 0.000e+000 0.000e+000 0.000e+000 0.000e+000 0.000e+000 0.000e+000 0.000e+000 0.000e+000 0.000e+000 0.000e+000 0.000e+000
 2.630e+001 2.930e+000 2.400e+001 3.042e+001-3.237e+002-6.038e+000-2.075e+002-4.577e+002 3.157e+004 1.346e+002-4.297e+003 1.704e-001 2.278e+002 1.303e+001-1.474e+002 2.113e+002 4.994e+002-2.667e+002 4.014e+004
 2.750e+001 2.930e+000 0.000e+000 0.000e+000 0.000e+000 0.000e+000 0.000e+000 0.000e+000 0.000e+000 0.000e+000 0.000e+000 0.000e+000 0.000e+000 0.000e+000 0.000e+000 0.000e+000 0.000e+000 0.000e+000 0.000e+000
 2.880e+001 2.930e+000 2.400e+001 3.504e+001-2.316e+002 4.773e-003-4.153e+002-1.969e+002 1.720e+004 4.133e+001-3.680e+003 4.565e+000 3.158e+001 8.176e+000-1.695e+002-2.976e+001 7.145e+003-1.490e+002 3.445e+004
 3.000e+001 2.930e+000 0.000e+000 0.000e+000 0.000e+000 0.000e+000 0.000e+000 0.000e+000 0.000e+000 0.000e+000 0.000e+000 0.000e+000 0.000e+000 0.000e+000 0.000e+000 0.000e+000 0.000e+000 0.000e+000 0.000e+000
 3.130e+001 2.930e+000 0.000e+000 0.000e+000 0.000e+000 0.000e+000 0.000e+000 0.000e+000 0.000e+000 0.000e+000 0.000e+000 0.000e+000 0.000e+000 0.000e+000 0.000e+000 0.000e+000 0.000e+000 0.000e+000 0.000e+000
 3.250e+001 2.930e+000 2.100e+001 3.673e+001-3.953e+002-1.302e+000-5.411e+002-5.020e+002 2.574e+004-6.421e+001 1.779e+003-6.038e-001 1.750e+002 7.333e+000-6.761e+001-1.111e+002 9.696e+003-6.224e+001 3.427e+004
 3.380e+001 2.930e+000 0.000e+000 0.000e+000 0.000e+000 0.000e+000 0.000e+000 0.000e+000 0.000e+000 0.000e+000 0.000e+000 0.000e+000 0.000e+000 0.000e+000 0.000e+000 0.000e+000 0.000e+000 0.000e+000 0.000e+000
 3.500e+001 2.930e+000 2.400e+001 6.063e+001-7.423e+002 8.982e-001-8.798e+002-7.320e+002 3.785e+004 6.438e+000 6.461e+003-4.559e+000 1.506e+002 1.549e+001 2.401e+001 2.895e+002 8.319e+003-2.821e+002 4.571e+004
 3.630e+001 2.930e+000 0.000e+000 0.000e+000 0.000e+000 0.000e+000 0.000e+000 0.000e+000 0.000e+000 0.000e+000 0.000e+000 0.000e+000 0.000e+000 0.000e+000 0.000e+000 0.000e+000 0.000e+000 0.000e+000 0.000e+000
 3.750e+001 2.930e+000 2.400e+001 5.638e+001-6.475e+002-6.657e-001-6.557e+002-6.121e+002 2.731e+004 3.732e+001 1.261e+003-1.115e-001 1.939e+002 1.739e+001 1.354e+002-2.062e+002 1.400e+004-1.387e+002 3.850e+004
 3.880e+001 2.930e+000 0.000e+000 0.000e+000 0.000e+000 0.000e+000 0.000e+000 0.000e+000 0.000e+000 0.000e+000 0.000e+000 0.000e+000 0.000e+000 0.000e+000 0.000e+000 0.000e+000 0.000e+000 0.000e+000 0.000e+000
 4.000e+001 2.930e+000 0.000e+000 0.000e+000 0.000e+000 0.000e+000 0.000e+000 0.000e+000 0.000e+000 0.000e+000 0.000e+000 0.000e+000 0.000e+000 0.000e+000 0.000e+000 0.000e+000 0.000e+000 0.000e+000 0.000e+000
 4.130e+001 2.930e+000 2.400e+001 1.029e+002-1.042e+003 9.680e+000-1.548e+003-9.470e+002 3.205e+004-1.731e+002 2.094e+003-9.854e+000 1.629e+002 1.932e+001 1.658e+002-6.667e+002 2.542e+004-9.189e+001 6.754e+004
 4.250e+001 2.930e+000 0.000e+000 0.000e+000 0.000e+000 0.000e+000 0.000e+000 0.000e+000 0.000e+000 0.000e+000 0.000e+000 0.000e+000 0.000e+000 0.000e+000 0.000e+000 0.000e+000 0.000e+000 0.000e+000 0.000e+000
 4.380e+001 2.930e+000 2.400e+001 2.197e+002-2.438e+003 4.459e+001-2.363e+003-2.487e+003 7.331e+004-2.507e+002 8.322e+003-2.107e+001 1.792e+002 5.607e+001-1.512e+002-1.451e+003 5.925e+004-9.936e+001 8.251e+004
 4.500e+001 2.930e+000 0.000e+000 0.000e+000 0.000e+000 0.000e+000 0.000e+000 0.000e+000 0.000e+000 0.000e+000 0.000e+000 0.000e+000 0.000e+000 0.000e+000 0.000e+000 0.000e+000 0.000e+000 0.000e+000 0.000e+000
 4.630e+001 2.930e+000 2.400e+001 7.293e+002-9.700e+003 3.961e+001-9.806e+003-9.060e+003 2.617e+005-3.018e+002 4.524e+003-4.435e+001 7.878e+002 9.699e+001 7.263e+002-9.067e+003 2.547e+005 8.225e+002 2.700e+005
 4.750e+001 2.930e+000 0.000e+000 0.000e+000 0.000e+000 0.000e+000 0.000e+000 0.000e+000 0.000e+000 0.000e+000 0.000e+000 0.000e+000 0.000e+000 0.000e+000 0.000e+000 0.000e+000 0.000e+000 0.000e+000 0.000e+000
 4.880e+001 2.930e+000 0.000e+000 0.000e+000 0.000e+000 0.000e+000 0.000e+000 0.000e+000 0.000e+000 0.000e+000 0.000e+000 0.000e+000 0.000e+000 0.000e+000 0.000e+000 0.000e+000 0.000e+000 0.000e+000 0.000e+000
 5.000e+001 2.930e+000 2.400e+001 2.541e+005-3.136e+006-1.882e+004-3.568e+006-9.434e+005 4.220e+007 1.547e+005 3.563e+006 6.886e+003 2.070e+005 1.617e+003-1.549e+005-7.842e+005 4.694e+007 2.433e+005 5.255e+007
 5.130e+001 2.930e+000 0.000e+000 0.000e+000 0.000e+000 0.000e+000 0.000e+000 0.000e+000 0.000e+000 0.000e+000 0.000e+000 0.000e+000 0.000e+000 0.000e+000 0.000e+000 0.000e+000 0.000e+000 0.000e+000 0.000e+000
 5.250e+001 2.930e+000 2.400e+001 7.500e+002-1.000e+004-4.416e+001-1.114e+004-1.079e+004 3.029e+005 7.892e+002 3.053e+004-3.769e+001 1.611e+003 7.516e+001-7.272e+002-9.926e+003 3.043e+005 2.065e+003 3.264e+005
 5.380e+001 2.930e+000 0.000e+000 0.000e+000 0.000e+000 0.000e+000 0.000e+000 0.000e+000 0.000e+000 0.000e+000 0.000e+000 0.000e+000 0.000e+000 0.000e+000 0.000e+000 0.000e+000 0.000e+000 0.000e+000 0.000e+000
 5.500e+001 2.930e+000 0.000e+000 0.000e+000 0.000e+000 0.000e+000 0.000e+000 0.000e+000 0.000e+000 0.000e+000 0.000e+000 0.000e+000 0.000e+000 0.000e+000 0.000e+000 0.000e+000 0.000e+000 0.000e+000 0.000e+000
 5.630e+001 2.930e+000 2.400e+001 2.099e+002-2.419e+003-6.489e+000-2.403e+003-2.631e+003 6.589e+004 1.298e+002-1.380e+003-6.631e+000 2.546e+002 1.757e+001-1.937e+002-2.597e+003 6.127e+004 1.235e+002 7.369e+004
 5.750e+001 2.930e+000 0.000e+000 0.000e+000 0.000e+000 0.000e+000 0.000e+000 0.000e+000 0.000e+000 0.000e+000 0.000e+000 0.000e+000 0.000e+000 0.000e+000 0.000e+000 0.000e+000 0.000e+000 0.000e+000 0.000e+000
 5.880e+001 2.930e+000 2.400e+001 1.067e+002-9.726e+002 3.557e+000-1.317e+003-1.283e+003 2.803e+004-1.169e+001 3.615e+003-2.185e+000 1.122e+002 1.359e+001-7.307e+001-1.150e+003 2.861e+004-4.117e+001 4.517e+004
 6.000e+001 2.930e+000 0.000e+000 0.000e+000 0.000e+000 0.000e+000 0.000e+000 0.000e+000 0.000e+000 0.000e+000 0.000e+000 0.000e+000 0.000e+000 0.000e+000 0.000e+000 0.000e+000 0.000e+000 0.000e+000 0.000e+000
 6.130e+001 2.930e+000 2.400e+001 5.017e+001-4.003e+002-1.152e+000-4.429e+002-6.436e+002 1.628e+004 4.285e+001 9.632e+002-2.055e+000 9.059e+001 3.813e+000-4.846e+001-4.324e+002 1.173e+004 1.858e+001 2.302e+004
 6.250e+001 2.930e+000 0.000e+000 0.000e+000 0.000e+000 0.000e+000 0.000e+000 0.000e+000 0.000e+000 0.000e+000 0.000e+000 0.000e+000 0.000e+000 0.000e+000 0.000e+000 0.000e+000 0.000e+000 0.000e+000 0.000e+000
 6.380e+001 2.930e+000 0.000e+000 0.000e+000 0.000e+000 0.000e+000 0.000e+000 0.000e+000 0.000e+000 0.000e+000 0.000e+000 0.000e+000 0.000e+000 0.000e+000 0.000e+000 0.000e+000 0.000e+000 0.000e+000 0.000e+000
 6.500e+001 2.930e+000 2.400e+001 3.430e+001-2.582e+002 5.223e-001-3.504e+002-4.027e+002 1.033e+004-3.395e+000 4.044e+002-2.555e+000 8.497e+001 6.566e+000-5.128e+001-2.605e+002 8.334e+003-3.651e+001 1.948e+004
 6.630e+001 2.930e+000 0.000e+000 0.000e+000 0.000e+000 0.000e+000 0.000e+000 0.000e+000 0.000e+000 0.000e+000 0.000e+000 0.000e+000 0.000e+000 0.000e+000 0.000e+000 0.000e+000 0.000e+000 0.000e+000 0.000e+000
 6.750e+001 2.930e+000 2.400e+001 2.591e+001-1.887e+002 3.194e-001-1.233e+002-2.779e+002 6.523e+003 1.882e+001-9.649e+002 9.205e-002 3.537e+001 3.365e+000-4.469e+001-1.817e+002 3.542e+003-6.627e+001 8.644e+003
 6.880e+001 2.930e+000 0.000e+000 0.000e+000 0.000e+000 0.000e+000 0.000e+000 0.000e+000 0.000e+000 0.000e+000 0.000e+000 0.000e+000 0.000e+000 0.000e+000 0.000e+000 0.000e+000 0.000e+000 0.000e+000 0.000e+000
 7.000e+001 2.930e+000 2.400e+001 2.721e+001-2.121e+002 3.287e-002-2.361e+002-2.863e+002 6.500e+003-1.575e+001 1.354e+003-1.541e+000 4.506e+000 1.773e+000-7.384e+000-1.779e+002 5.545e+003-2.335e+001 8.354e+003
 7.130e+001 2.930e+000 0.000e+000 0.000e+000 0.000e+000 0.000e+000 0.000e+000 0.000e+000 0.000e+000 0.000e+000 0.000e+000 0.000e+000 0.000e+000 0.000e+000 0.000e+000 0.000e+000 0.000e+000 0.000e+000 0.000e+000
 7.250e+001 2.930e+000 0.000e+000 0.000e+000 0.000e+000 0.000e+000 0.000e+000 0.000e+000 0.000e+000 0.000e+000 0.000e+000 0.000e+000 0.000e+000 0.000e+000 0.000e+000 0.000e+000 0.000e+000 0.000e+000 0.000e+000
 7.380e+001 2.930e+000 2.400e+001 1.843e+001-9.911e+001 8.808e-002-7.453e+001-2.108e+002 5.244e+003 2.309e+001-3.109e+002-2.232e-001 3.218e+001 3.097e+000-1.844e+001-1.033e+002 1.989e+003-6.542e+001 6.495e+003
 7.500e+001 2.930e+000 0.000e+000 0.000e+000 0.000e+000 0.000e+000 0.000e+000 0.000e+000 0.000e+000 0.000e+000 0.000e+000 0.000e+000 0.000e+000 0.000e+000 0.000e+000 0.000e+000 0.000e+000 0.000e+000 0.000e+000
 7.630e+001 2.930e+000 2.400e+001 1.974e+001-1.034e+002-6.365e-001-7.432e+001-1.782e+002 4.001e+003 4.422e+000 2.161e+001-8.251e-001 2.079e+001 1.570e+000 1.045e+001-7.694e+001 1.923e+003-2.223e+001 5.392e+003
 7.750e+001 2.930e+000 0.000e+000 0.000e+000 0.000e+000 0.000e+000 0.000e+000 0.000e+000 0.000e+000 0.000e+000 0.000e+000 0.000e+000 0.000e+000 0.000e+000 0.000e+000 0.000e+000 0.000e+000 0.000e+000 0.000e+000
 7.880e+001 2.930e+000 2.400e+001 1.323e+001-7.058e+001 1.383e+000-1.398e+002-1.196e+002 2.875e+003 1.051e+001 6.833e+002-5.028e-002 9.704e+000 2.136e+000-1.474e+001-5.162e+001 1.530e+003-4.143e+001 5.782e+003
 8.000e+001 2.930e+000 0.000e+000 0.000e+000 0.000e+000 0.000e+000 0.000e+000 0.000e+000 0.000e+000 0.000e+000 0.000e+000 0.000e+000 0.000e+000 0.000e+000 0.000e+000 0.000e+000 0.000e+000 0.000e+000 0.000e+000
 8.130e+001 2.930e+000 0.000e+000 0.000e+000 0.000e+000 0.000e+000 0.000e+000 0.000e+000 0.000e+000 0.000e+000 0.000e+000 0.000e+000 0.000e+000 0.000e+000 0.000e+000 0.000e+000 0.000e+000 0.000e+000 0.000e+000
 8.250e+001 2.930e+000 2.400e+001 5.258e+000-1.961e+001-4.388e-001-2.478e+001-7.053e+001 2.632e+003 1.999e+001-6.589e+002-2.643e-001 1.449e+001 1.281e+000-1.395e+001-6.930e+001 1.344e+003-2.790e+001 3.893e+003
 8.380e+001 2.930e+000 0.000e+000 0.000e+000 0.000e+000 0.000e+000 0.000e+000 0.000e+000 0.000e+000 0.000e+000 0.000e+000 0.000e+000 0.000e+000 0.000e+000 0.000e+000 0.000e+000 0.000e+000 0.000e+000 0.000e+000
 8.500e+001 2.930e+000 2.400e+001 9.224e+000-3.862e+001 2.939e-001-5.681e+001-1.093e+002 2.670e+003-9.085e-001 3.972e+002-4.889e-001 3.241e+000 1.077e+000 5.142e+000-2.412e+001 1.043e+003-2.637e+001 2.548e+003
 8.630e+001 2.930e+000 0.000e+000 0.000e+000 0.000e+000 0.000e+000 0.000e+000 0.000e+000 0.000e+000 0.000e+000 0.000e+000 0.000e+000 0.000e+000 0.000e+000 0.000e+000 0.000e+000 0.000e+000 0.000e+000 0.000e+000
 8.750e+001 2.930e+000 2.400e+001 6.992e+000-4.643e+001 2.430e-002-2.442e+001-8.819e+001 2.550e+003 7.180e+000-3.434e+002-7.441e-001 1.569e+001 9.386e-001-1.621e+001-4.235e+001 1.417e+003-1.342e+001 2.900e+003
 8.880e+001 2.930e+000 0.000e+000 0.000e+000 0.000e+000 0.000e+000 0.000e+000 0.000e+000 0.000e+000 0.000e+000 0.000e+000 0.000e+000 0.000e+000 0.000e+000 0.000e+000 0.000e+000 0.000e+000 0.000e+000 0.000e+000
 9.000e+001 2.930e+000 0.000e+000 0.000e+000 0.000e+000 0.000e+000 0.000e+000 0.000e+000 0.000e+000 0.000e+000 0.000e+000 0.000e+000 0.000e+000 0.000e+000 0.000e+000 0.000e+000 0.000e+000 0.000e+000 0.000e+000
 9.130e+001 2.930e+000 2.400e+001 6.724e+000-2.863e+001-1.603e-001-4.050e+001-8.939e+001 2.187e+003 3.222e+000 6.283e+002-1.377e-001 1.307e+001 7.805e-001 5.072e+000-2.640e+001 4.290e+002-1.206e+001 1.695e+003
 9.250e+001 2.930e+000 0.000e+000 0.000e+000 0.000e+000 0.000e+000 0.000e+000 0.000e+000 0.000e+000 0.000e+000 0.000e+000 0.000e+000 0.000e+000 0.000e+000 0.000e+000 0.000e+000 0.000e+000 0.000e+000 0.000e+000
 9.380e+001 2.930e+000 2.400e+001 5.549e+000-2.292e+001-1.443e-002-1.528e+001-5.966e+001 1.475e+003 4.324e+000-1.610e+002-1.772e-001 8.292e+000 5.200e-001-7.681e+000-5.567e+001 1.036e+003-2.654e+000 2.019e+003
 9.500e+001 2.930e+000 0.000e+000 0.000e+000 0.000e+000 0.000e+000 0.000e+000 0.000e+000 0.000e+000 0.000e+000 0.000e+000 0.000e+000 0.000e+000 0.000e+000 0.000e+000 0.000e+000 0.000e+000 0.000e+000 0.000e+000
 9.630e+001 2.930e+000 2.400e+001 5.011e+000-3.287e+001 1.276e-001-2.874e+001-5.592e+001 1.561e+003 6.243e+000-5.675e+001 3.207e-002-1.084e+000 3.527e-001-3.354e+000-4.485e+001 6.555e+002-4.120e+000 9.989e+002
 9.750e+001 2.930e+000 0.000e+000 0.000e+000 0.000e+000 0.000e+000 0.000e+000 0.000e+000 0.000e+000 0.000e+000 0.000e+000 0.000e+000 0.000e+000 0.000e+000 0.000e+000 0.000e+000 0.000e+000 0.000e+000 0.000e+000
 9.880e+001 2.930e+000 0.000e+000 0.000e+000 0.000e+000 0.000e+000 0.000e+000 0.000e+000 0.000e+000 0.000e+000 0.000e+000 0.000e+000 0.000e+000 0.000e+000 0.000e+000 0.000e+000 0.000e+000 0.000e+000 0.000e+000
 1.000e+002 2.930e+000 3.600e+001 3.428e+001 4.968e+002-1.021e+000 6.102e+000-2.110e+002 1.020e+004 1.661e+002-7.504e+002-8.231e+000 4.183e+001 5.416e+000 4.001e+001 8.070e+000-8.448e+002-3.486e+001 2.061e+003
 1.130e+002 2.930e+000 5.100e+001 8.400e+000-5.341e+001-4.544e-001-2.585e+001-1.047e+002 2.552e+003 4.184e+000-3.044e+002-5.749e-001 1.749e+001 9.694e-001-9.046e+000-4.609e+001 7.535e+002-1.087e+001 1.879e+003
 1.250e+002 2.930e+000 5.400e+001 8.228e+000-3.590e+001-1.490e-001-2.659e+001-8.724e+001 1.722e+003 3.758e+000-1.589e+001-4.971e-002 6.533e+000 8.329e-001-4.367e+000-4.969e+001 7.826e+002-1.001e+001 1.184e+003
 1.380e+002 2.930e+000 7.200e+001 1.307e+001-9.464e+001-7.257e-001-6.931e+000-1.484e+002 3.094e+003 5.068e+000-6.420e+002-6.550e-001 1.722e+001 1.434e+000-5.314e+000-8.432e+001 1.164e+003-9.219e+000 1.474e+003
 1.500e+002 2.930e+000 6.000e+001 1.257e+001-1.413e+002-1.671e+000-6.487e+001-6.035e+001 3.111e+003 7.189e+000-7.033e+002 3.147e-001 3.852e+001 1.347e+000-1.469e+001-7.052e+001 1.460e+003 1.244e+001 1.223e+003
 1.630e+002 2.930e+000 5.100e+001 8.355e+000-6.025e+001-1.050e-001-1.242e+001-8.054e+001 1.737e+003 1.163e+000-3.329e+002-7.131e-001 1.036e+001 1.050e+000-5.396e+000-5.255e+001 6.869e+002-2.627e+000 8.817e+002
 1.750e+002 2.930e+000 6.600e+001 1.834e+001-1.148e+002 3.723e-001-2.457e+001-1.898e+002 3.519e+003-2.800e+001-3.158e+002-3.808e+000 3.312e+001 3.006e+000-5.104e+000-8.024e+001 1.074e+003-2.236e-001 1.326e+003
 1.880e+002 2.930e+000 9.000e+001 4.322e+001-3.261e+002-1.398e-001-3.897e+001-4.330e+002 7.825e+003-5.030e+000-1.886e+003-2.091e+000 2.551e+001 5.233e+000-2.557e+001-2.461e+002 2.918e+003-4.344e+001 3.685e+003
 2.000e+002 2.930e+000 8.700e+001 4.906e+002-4.571e+003 1.883e+002-2.149e+003-3.521e+003 7.197e+004-8.174e+002-6.838e+003 3.643e+001-2.122e+003 1.030e+002 5.577e+002-2.301e+003 3.931e+004-1.185e+003 2.451e+004
 2.130e+002 2.930e+000 8.700e+001 6.538e+001-5.487e+002-1.915e+000-1.394e+002-6.551e+002 1.235e+004-1.966e+001-2.414e+003-6.553e+000 8.716e+001 7.765e+000-2.475e+001-4.165e+002 5.950e+003 3.496e+000 5.028e+003
 2.250e+002 2.930e+000 1.140e+002 1.792e+002-1.471e+003-2.486e+001-2.021e+002-1.783e+003 3.099e+004 4.337e+001-8.680e+003-2.431e+001 4.297e+002 1.006e+001-1.625e+002-1.294e+003 1.489e+004 1.821e+002 1.110e+004
 2.380e+002 2.930e+000 9.600e+001 7.956e+002-6.419e+003-1.240e+002-1.009e+003-7.778e+003 1.296e+005 2.826e+002-3.657e+004-1.119e+002 2.069e+003 4.088e+001-7.375e+002-5.697e+003 6.444e+004 9.364e+002 4.367e+004
 2.500e+002 2.930e+000 9.600e+001 2.382e+004-1.881e+005-3.815e+003-2.903e+004-2.299e+005 3.715e+006 1.024e+004-1.099e+006-3.307e+003 6.156e+004 1.148e+003-2.374e+004-1.747e+005 1.920e+006 2.856e+004 1.321e+006
 2.630e+002 2.930e+000 9.600e+001 7.365e+002-5.569e+003-1.087e+002-9.602e+002-6.887e+003 1.078e+005 2.645e+002-3.019e+004-9.804e+001 1.719e+003 3.518e+001-6.391e+002-5.139e+003 5.562e+004 7.951e+002 3.872e+004
 2.750e+002 2.930e+000 1.200e+002 1.948e+002-1.350e+003-2.495e+001-2.779e+002-1.767e+003 2.669e+004 7.650e+001-6.797e+003-2.152e+001 3.488e+002 9.025e+000-1.430e+002-1.294e+003 1.398e+004 1.483e+002 1.058e+004
 2.880e+002 2.930e+000 9.600e+001 8.729e+001-5.883e+002-4.236e+000-1.169e+002-8.135e+002 1.239e+004-7.521e+000-2.825e+003-6.731e+000 6.926e+001 4.245e+000-1.674e+001-5.482e+002 6.029e+003 2.399e+001 4.535e+003
 3.000e+002 2.930e+000 9.000e+001 3.805e+002-3.025e+003 6.792e+001-6.876e+002-4.321e+003 7.552e+004-6.069e+002-1.531e+004 2.358e+001-8.332e+002 2.449e+001 4.864e+002-2.839e+003 3.807e+004-3.414e+002 2.401e+004
 3.130e+002 2.930e+000 9.600e+001 2.131e+002-1.357e+003-5.090e+000 2.632e+002-3.555e+003 7.128e+004-2.940e+002-1.528e+003-6.501e+001 1.230e+003 3.422e+001-7.934e+001 6.826e+002-1.631e+004-4.668e+002 8.942e+003
 3.250e+002 2.930e+000 1.200e+002 7.165e+001-5.722e+002 9.702e+000-9.537e+001-8.181e+002 1.493e+004-8.140e+001-1.642e+003 3.780e+000-1.221e+002 1.210e+001 1.578e+001-3.216e+002 4.218e+003-1.395e+002 3.699e+003
 3.380e+002 2.930e+000 9.600e+001 1.684e+002-1.521e+003 5.157e+001-4.495e+002-1.835e+003 3.567e+004-2.253e+002-4.373e+003 3.610e+001-9.211e+002 3.440e+001 1.881e+002-1.025e+003 1.590e+004-4.271e+002 8.558e+003
 3.500e+002 2.930e+000 9.600e+001 4.109e+003-4.028e+004 1.556e+003-1.342e+004-4.605e+004 9.159e+005-7.067e+003-1.141e+005 1.042e+003-2.712e+004 8.926e+002 6.647e+003-2.693e+004 4.361e+005-1.212e+004 2.233e+005
 3.630e+002 2.930e+000 9.000e+001 1.667e+002-1.544e+003 5.698e+001-4.600e+002-1.731e+003 3.338e+004-2.599e+002-4.448e+003 3.313e+001-9.086e+002 3.322e+001 2.326e+002-9.841e+002 1.505e+004-4.017e+002 8.131e+003
 3.750e+002 2.930e+000 1.050e+002 5.097e+001-4.320e+002 1.189e+001-1.064e+002-4.977e+002 9.189e+003-5.051e+001-1.430e+003 5.771e+000-1.782e+002 7.309e+000 4.612e+001-2.654e+002 3.693e+003-8.813e+001 2.319e+003
 3.880e+002 2.930e+000 6.900e+001 3.167e+001-2.403e+002 5.902e+000-4.552e+001-2.938e+002 5.126e+003-2.105e+001-9.792e+002 2.805e+000-8.617e+001 3.746e+000 2.753e+001-1.606e+002 1.947e+003-4.437e+001 1.315e+003
 4.000e+002 2.930e+000 9.000e+001 2.286e+002-2.010e+003 4.167e+001-2.215e+002-2.737e+003 5.195e+004-3.353e+002-1.186e+004 1.696e+001-5.887e+002 1.130e+001 2.791e+002-1.610e+003 2.166e+004-1.830e+002 1.219e+004
 4.130e+002 2.930e+000 1.140e+002 3.995e+001-3.043e+002 5.209e+000-3.691e+001-4.005e+002 6.865e+003-1.239e+001-1.444e+003 3.963e+000-8.597e+001 3.660e+000 2.433e+001-2.180e+002 2.610e+003-5.047e+001 1.806e+003
 4.250e+002 2.930e+000 9.300e+001 4.226e+001-3.187e+002 6.417e+000-6.377e+001-4.004e+002 6.537e+003-6.012e+000-1.349e+003 6.566e+000-1.150e+002 3.631e+000 2.530e+001-2.463e+002 2.894e+003-6.308e+001 1.868e+003
 4.380e+002 2.930e+000 9.600e+001 1.725e+002-1.242e+003 2.834e+001-2.447e+002-1.625e+003 2.497e+004-3.893e+001-5.406e+003 2.928e+001-5.012e+002 1.299e+001 1.302e+002-1.050e+003 1.188e+004-2.475e+002 7.205e+003
 4.500e+002 2.930e+000 9.600e+001 8.366e+003-6.325e+004 1.529e+003-1.302e+004-8.023e+004 1.248e+006-1.571e+003-2.845e+005 1.731e+003-2.814e+004 6.476e+002 7.184e+003-5.413e+004 6.175e+005-1.366e+004 3.717e+005
 4.630e+002 2.930e+000 1.200e+002 2.669e+002-1.951e+003 4.468e+001-3.506e+002-2.574e+003 3.969e+004-5.350e+001-8.430e+003 4.985e+001-8.146e+002 2.078e+001 2.024e+002-1.589e+003 1.806e+004-3.945e+002 1.076e+004
 4.750e+002 2.930e+000 9.600e+001 6.702e+001-5.037e+002 8.228e+000-5.103e+001-6.595e+002 1.067e+004-8.804e+000-2.262e+003 8.873e+000-1.505e+002 4.181e+000 3.675e+001-3.542e+002 3.929e+003-6.957e+001 2.294e+003
 4.880e+002 2.930e+000 9.600e+001 5.982e+001-4.625e+002 6.477e+000-3.753e+001-6.106e+002 1.025e+004-1.054e+000-2.062e+003 7.691e+000-1.333e+002 3.214e+000 2.693e+001-3.055e+002 3.552e+003-5.823e+001 1.940e+003
 5.000e+002 2.930e+000 9.600e+001 2.632e+002-2.179e+003 1.302e+001-6.965e+001-2.845e+003 4.943e+004 6.713e+001-1.211e+004 2.497e+001-3.874e+002 5.717e+000 6.768e+001-1.534e+003 1.728e+004-1.678e+002 9.466e+003
 5.130e+002 2.930e+000 1.200e+002 1.895e+002-1.425e+003 3.221e+000 1.623e+002-2.368e+003 4.230e+004-4.196e+001-6.351e+003-6.798e+000 1.889e+002 1.880e+001-9.228e+000-4.091e+002 1.405e+003-3.103e+002 7.405e+003
 5.250e+002 2.930e+000 9.600e+001 3.047e+002-2.320e+003 7.972e+000 2.229e+002-3.769e+003 6.603e+004-3.878e+000-1.109e+004 3.571e+000 5.675e+001 2.366e+001 6.762e+000-9.206e+002 6.787e+003-4.140e+002 1.042e+004
 5.380e+002 2.930e+000 9.600e+001 9.514e+002-7.180e+003 7.472e+001-3.770e+002-1.070e+004 1.751e+005 2.498e+002-3.646e+004 1.436e+002-2.183e+003 2.971e+001 3.690e+002-5.367e+003 6.323e+004-8.655e+002 3.106e+004
 5.500e+002 2.930e+000 9.600e+001 1.948e+005-1.457e+006 1.604e+004-7.849e+004-2.217e+006 3.614e+007 5.106e+004-7.521e+006 3.123e+004-4.756e+005 6.342e+003 8.008e+004-1.125e+006 1.339e+007-1.870e+005 6.530e+006
 5.630e+002 2.930e+000 1.200e+002 1.603e+003-1.172e+004 1.349e+002-6.973e+002-1.803e+004 2.890e+005 3.247e+002-5.797e+004 2.513e+002-3.822e+003 5.254e+001 6.530e+002-8.993e+003 1.064e+005-1.488e+003 5.133e+004
 5.750e+002 2.930e+000 9.600e+001 2.053e+002-1.422e+003 1.568e+001-6.649e+001-2.280e+003 3.544e+004 4.728e+001-6.943e+003 3.113e+001-4.558e+002 6.932e+000 7.404e+001-1.096e+003 1.266e+004-1.827e+002 6.175e+003
 5.880e+002 2.930e+000 9.600e+001 9.741e+001-6.513e+002 7.774e+000-1.759e+001-1.058e+003 1.622e+004 1.640e+001-3.240e+003 1.388e+001-2.052e+002 3.822e+000 3.765e+001-4.995e+002 5.626e+003-8.635e+001 2.887e+003
 6.000e+002 2.930e+000 5.100e+001 1.296e+002-9.759e+002 2.521e+001-1.154e+002-1.369e+003 2.254e+004-1.533e+002-2.821e+003 1.365e+001-3.328e+002 7.705e+000 8.770e+001-5.329e+002 6.710e+003-8.774e+001 2.541e+003
 6.130e+002 2.930e+000 7.800e+001 2.939e+001-1.873e+002 1.638e+000-1.257e+000-2.991e+002 4.695e+003 2.309e+001-9.178e+002 4.371e+000-4.696e+001 2.592e+000 3.852e+000-1.360e+002 1.467e+003-2.789e+001 8.239e+002
 6.250e+002 2.930e+000 9.600e+001 2.557e+001-1.577e+002 1.621e+000-6.249e+000-2.685e+002 4.072e+003 8.224e+000-6.190e+002 3.150e+000-3.987e+001 1.434e+000 5.249e+000-1.067e+002 1.153e+003-2.188e+001 6.271e+002
 6.380e+002 2.930e+000 9.300e+001 1.992e+001-1.233e+002 1.744e+000-5.112e+000-2.022e+002 3.178e+003 5.026e+000-4.691e+002 2.396e+000-3.157e+001 1.246e+000 5.188e+000-7.790e+001 8.726e+002-1.593e+001 4.833e+002
 6.500e+002 2.930e+000 1.140e+002 2.384e+003-2.796e+004 5.159e+002-1.044e+004-2.098e+004 5.144e+005 2.600e+003-5.141e+004 6.032e+002-1.136e+004 2.703e+002-4.161e+001-1.217e+004 2.305e+005-5.372e+003 1.089e+005
 6.630e+002 2.930e+000 8.100e+001 1.411e+001-8.519e+001 1.430e+000-9.873e+000-1.427e+002 2.204e+003-3.976e-001-2.732e+002 1.476e+000-2.725e+001 1.172e+000 3.390e+000-5.403e+001 7.013e+002-1.652e+001 4.198e+002
 6.750e+002 2.930e+000 9.300e+001 1.185e+001-6.979e+001 1.129e+000-4.568e+000-1.202e+002 1.807e+003-3.262e+000-2.321e+002 1.169e+000-1.996e+001 1.074e+000 3.723e+000-4.171e+001 4.771e+002-1.330e+001 3.326e+002
 6.880e+002 2.930e+000 8.700e+001 9.468e+000-5.059e+001 5.732e-001-2.253e+000-8.987e+001 1.295e+003 9.026e-001-1.495e+002 7.430e-001-1.098e+001 6.929e-001 9.021e-002-3.019e+001 3.269e+002-8.966e+000 2.448e+002
 7.000e+002 2.930e+000 9.900e+001 3.706e+001-2.951e+002 6.010e+000-6.205e+001-3.683e+002 6.425e+003-8.165e+000-7.956e+002 5.665e+000-1.068e+002 3.034e+000 1.645e+001-1.665e+002 2.261e+003-4.713e+001 1.076e+003
 7.130e+002 2.930e+000 7.200e+001 7.342e+000-4.390e+001 1.988e-001 7.838e-001-7.511e+001 1.152e+003-3.481e-002-1.301e+002 1.088e-001-1.261e+000 7.733e-001-3.578e-002-1.967e+001 1.958e+002-8.273e+000 2.083e+002
 7.250e+002 2.930e+000 9.000e+001 6.041e+001-4.351e+002-5.583e+000 1.548e+002-8.988e+002 1.683e+004-1.311e+002 8.056e+001-2.983e+001 5.073e+002 1.869e+001-4.563e+001 3.294e+002-6.374e+003-2.269e+002 3.020e+003
 7.380e+002 2.930e+000 8.700e+001 3.893e+001-2.792e+002-3.893e+000 1.003e+002-5.679e+002 1.065e+004-5.040e+001-3.354e+002-1.587e+001 2.837e+002 1.033e+001-2.818e+001 1.677e+002-3.464e+003-1.230e+002 1.662e+003
 7.500e+002 2.930e+000 1.240e+002 1.269e+002-1.441e+003-2.411e+001-2.651e+002-1.028e+003 2.611e+004 1.369e+003-9.839e+003 9.595e+001-4.404e+002 9.101e+001-4.367e+002-9.914e+002 1.098e+004-7.757e+002 9.170e+003
 7.630e+002 2.930e+000 7.800e+001 5.427e+000-3.061e+001 2.611e-001-2.957e+000-5.968e+001 9.463e+002 3.832e+000-7.331e+001 8.565e-001-1.062e+001 8.987e-001-1.063e+000-1.887e+001 2.324e+002-7.671e+000 1.633e+002
 7.750e+002 2.930e+000 6.300e+001 4.620e+000-2.110e+001 2.059e-001-4.041e+000-5.023e+001 7.296e+002 1.684e+000-4.476e+001 4.840e-001-7.062e+000 4.604e-001 5.782e-002-1.613e+001 2.032e+002-4.393e+000 1.054e+002
 7.880e+002 2.930e+000 9.900e+001 7.262e+000-2.956e+001 4.507e-001-1.162e+000-8.454e+001 1.291e+003-2.097e+000-7.352e+001 1.373e-001-4.946e+000 9.091e-001 3.260e+000-1.746e+001 2.119e+002-7.595e+000 2.021e+002
 8.000e+002 2.930e+000 9.400e+001 1.354e+001-6.585e+001-2.393e+000 3.040e+000-1.615e+002 2.648e+003 4.415e+001-2.655e+002 2.009e+000-1.595e+001 4.442e+000 1.214e+000-3.307e+001 3.978e+002-2.051e+001 2.860e+002
 8.130e+002 2.930e+000 8.400e+001 1.092e+001-2.966e+001-2.179e+000 8.913e+000-1.559e+002 2.762e+003 6.011e+001-3.554e+002 4.238e-001-1.443e+001 5.511e+000-2.440e+000-2.616e+001 4.386e+002-2.902e+001 2.801e+002
 8.250e+002 2.930e+000 9.300e+001 1.186e+001-6.048e+001 3.350e+000-1.943e+001-1.576e+002 2.628e+003-4.724e+001 1.053e+002-8.894e-001-7.674e+000 2.902e+000 1.385e+001-3.239e+001 5.401e+002-1.399e+001 2.922e+002
 8.380e+002 2.930e+000 1.420e+002 5.648e+001-3.021e+002 2.001e+001-1.045e+002-7.968e+002 1.372e+004-3.153e+002 3.411e+002-6.527e+000-1.981e+001 1.206e+001 9.378e+001-2.047e+002 3.485e+003-3.820e+001 1.302e+003
 8.500e+002 2.930e+000 9.600e+001 1.390e+003-7.698e+003 5.904e+002-3.380e+003-2.059e+004 3.488e+005-9.714e+003 1.773e+004-1.764e+002-6.731e+002 2.807e+002 2.911e+003-5.813e+003 1.050e+005-7.286e+002 3.289e+004
 8.630e+002 2.930e+000 9.600e+001 3.271e+001-1.859e+002 1.191e+001-5.903e+001-4.680e+002 8.131e+003-1.949e+002 1.983e+002-4.290e+000-8.428e+000 7.867e+000 5.657e+001-1.150e+002 2.013e+003-2.160e+001 7.286e+002
 8.750e+002 2.930e+000 7.800e+001 1.127e+001-5.571e+001 1.040e+000-5.666e+000-1.599e+002 2.789e+003-1.190e+001-9.660e+001-7.625e-001 6.927e+000 2.629e+000 8.525e+000-3.236e+001 4.743e+002-1.056e+001 2.466e+002
 8.880e+002 2.930e+000 1.030e+002 9.735e+000-4.276e+001-1.485e+000 1.816e+000-1.328e+002 2.739e+003 4.245e+001-1.829e+002-1.168e-001 1.253e+001 4.821e+000 5.839e+000-1.914e+001 2.693e+002-1.802e+001 2.445e+002
 9.000e+002 2.930e+000 6.000e+001 1.443e+002-1.721e+003-4.221e+001 1.390e+002-3.786e+002 2.464e+004 1.332e+003-3.133e+003 9.511e+001 3.440e+002 8.502e+001 2.856e+001-2.267e+002-8.629e+002-1.965e+002 6.766e+002
 9.130e+002 2.930e+000 7.500e+001 4.412e+001 4.586e+002-9.525e+001 2.870e+002-1.605e+003 8.463e+004 5.230e+003-1.370e+004-3.398e+001 1.796e+002 3.366e+002-3.516e+002-2.328e+001 5.295e+003-8.706e+002 2.783e+003
 9.250e+002 2.930e+000 7.200e+001 1.029e+001-3.529e+001-6.288e+000 2.351e+001-2.161e+002 6.756e+003 2.837e+002-9.430e+002-1.714e+000 3.310e+001 1.994e+001-1.988e+001-1.707e+001 4.398e+002-5.888e+001 3.144e+002
 9.380e+002 2.930e+000 1.300e+002 8.943e+001-5.642e+002-1.361e+001 1.402e+002-1.482e+003 3.015e+004 1.022e+002-9.449e+002-2.843e+001 5.436e+002 2.841e+001-6.965e+001 1.600e+002-2.988e+003-2.057e+002 2.615e+003
 9.500e+002 2.930e+000 9.600e+001 8.848e+002-5.238e+003-1.991e+002 9.587e+002-1.665e+004 3.501e+005 3.597e+003-3.132e+004-9.482e+001 2.877e+003 1.065e+002-6.509e+002-2.102e+003 3.491e+004-2.236e+002 8.208e+003
 9.630e+002 2.930e+000 9.600e+001 3.549e+001-2.195e+002-6.451e+000 3.298e+001-6.331e+002 1.314e+004 1.200e+002-1.123e+003-2.547e+000 8.397e+001 4.418e+000-1.967e+001-7.431e+001 1.220e+003-1.954e+001 4.673e+002
 9.750e+002 2.930e+000 9.600e+001 1.162e+001-8.475e+001-2.406e+000 1.023e+001-1.668e+002 3.520e+003 4.092e+001-2.838e+002-2.922e-001 3.269e+001 2.735e+000-2.593e+000-1.595e+001 1.491e+002-1.295e+001 1.741e+002
 9.880e+002 2.930e+000 1.060e+002 9.692e+000-4.943e+001-4.617e+000 2.259e+001-1.805e+002 4.720e+003 1.332e+002-7.290e+002-1.740e+000 5.620e+001 9.602e+000-5.542e+000-6.156e+000-2.447e+001-4.429e+001 3.315e+002
 1.000e+003 2.930e+000 4.270e+002 7.446e+001-2.758e+002-4.834e+001 1.865e+002-1.386e+003 3.426e+004 1.210e+003-6.001e+003 5.680e+000 4.705e+001 6.307e+001-6.788e+001-9.925e+001 7.186e+002-2.903e+002 2.487e+003
 1.130e+003 2.930e+000 7.330e+002 1.219e+003 8.353e+003-1.024e+003 2.460e+003-2.197e+004 7.006e+005 2.777e+004-1.014e+005-5.216e+002-4.010e+003 1.527e+003 3.592e+002 5.368e+002 2.826e+004-4.050e+003 2.370e+004
 1.250e+003 2.930e+000 5.600e+002 1.239e+003 1.024e+004-3.184e+002 2.708e+003-6.614e+003 3.622e+005 1.105e+004-7.176e+004-4.384e+002-4.180e+003 6.760e+002 5.526e+002 3.204e+003 1.380e+004-2.878e+003 2.037e+004
 1.380e+003 2.930e+000 6.580e+002 2.187e+003 2.427e+004-1.247e+003 2.503e+003-3.010e+004 8.695e+005 2.961e+004-6.498e+004-6.844e+002-5.911e+003 1.123e+003-3.904e+002 1.320e+003 2.183e+004-2.523e+003 8.837e+003
 1.500e+003 2.930e+000 3.200e+001 5.818e+000-1.647e+001 3.754e+000 1.099e+000-1.357e+002 4.117e+003-1.170e+002-2.096e+002-3.751e-002-3.191e+001 5.838e+000 3.286e+001-2.673e+001 8.132e+002-2.513e+000 2.895e+002
 1.630e+003 2.930e+000 5.700e+001 5.511e+000-3.558e+001 2.666e+000-8.969e+000-1.190e+002 3.317e+003-9.174e+001 1.469e+001-3.822e+000 5.351e+001 5.912e+000 2.018e+001-1.510e+001 5.089e+002 7.554e-001 2.094e+002
 1.750e+003 2.930e+000 3.200e+001 1.821e+001-1.036e+002 1.111e+001-3.736e+001-3.617e+002 9.250e+003-3.189e+002 2.530e+002-1.076e+001 1.196e+002 1.612e+001 6.492e+001-4.441e+001 1.355e+003 2.943e+000 3.337e+002
 1.880e+003 2.930e+000 6.100e+001 2.070e+001-1.917e+002 1.929e+001-4.240e+001-6.041e+002 2.525e+004-8.745e+002-3.661e+002-1.224e+001 2.137e+001 3.890e+001 2.156e+002-1.318e+002 5.765e+003 6.948e+000 1.454e+003
 2.000e+003 2.930e+000 4.700e+001 2.641e+001-2.433e+002 1.531e+001-5.432e+001-5.076e+002 1.327e+004-5.172e+002 1.439e+002-2.134e+001 2.371e+002 2.968e+001 1.056e+002-8.032e+001 2.385e+003 2.667e+001 5.420e+002
 2.130e+003 2.930e+000 2.800e+001 5.279e+000-3.934e+001 2.673e+000-9.664e+000-1.145e+002 3.650e+003-1.203e+002 1.383e+000-5.420e+000 8.159e+001 8.391e+000 2.787e+001-1.432e+001 6.209e+002 8.134e+000 1.808e+002
 2.250e+003 2.930e+000 3.500e+001 2.728e+000 1.760e+001 1.492e-001-7.507e-001-3.616e+001 1.355e+003 2.281e+000-5.666e+001-1.600e+000 4.865e+000 1.925e+000 4.409e+000 1.743e+000 1.314e+002-5.772e+000 8.635e+001
 2.380e+003 2.930e+000 5.800e+001 1.089e+001-2.997e+001 8.996e+000-9.090e+000-2.935e+002 1.030e+004-2.952e+002-3.397e+000-7.326e+000 2.053e+002 1.601e+001 4.002e+001-3.354e+001 1.287e+003 1.221e+001 2.844e+002
 2.500e+003 2.930e+000 3.300e+001 1.698e+000-6.235e+000 1.130e+000 1.198e-001-5.652e+001 2.304e+003-5.086e+001-2.890e+001-1.623e+000 5.206e+001 3.061e+000 2.856e+000-2.249e+000 1.739e+002 2.388e+000 4.741e+001
 2.630e+003 2.930e+000 4.000e+001 2.163e+000-1.291e+001 5.753e-001-2.880e-001-3.672e+001 1.052e+003-2.119e+001-5.569e+000-1.579e+000 1.619e+001 2.705e+000 2.825e+000 2.551e+000 2.761e+001-5.791e+000 5.404e+001
 2.750e+003 2.930e+000 3.800e+001 1.572e+000-8.959e+000 5.029e-001-2.871e+000-1.353e+001 4.697e+002-4.284e+000 2.849e+001-1.283e+000 6.070e+000 2.375e+000 1.174e+000 6.100e+000-2.670e+001-9.201e+000 5.220e+001
 2.880e+003 2.930e+000 3.900e+001 9.915e-001-5.089e+000-6.275e-002 1.320e+000-1.620e+001 3.823e+002 1.377e+000-2.160e+001-5.609e-001 7.951e+000 9.610e-001-1.052e+000 2.632e+000-3.566e+001-4.191e+000 3.104e+001
 3.000e+003 2.930e+000 4.700e+001 2.277e+000-2.252e+001-6.312e-001 2.753e+000-4.224e+001 1.502e+003 2.338e+001-1.742e+002-4.497e-001 1.085e+001 2.696e+000-5.647e+000-8.636e-001 9.736e+001-1.285e+001 1.079e+002
 3.130e+003 2.930e+000 4.400e+001 1.111e+000-1.148e+001 2.329e-001-1.252e+000-1.725e+001 4.828e+002-4.928e+000 2.166e+001-5.560e-001 5.808e+000 1.044e+000-9.536e-001 1.965e+000-2.039e+000-4.019e+000 3.361e+001
 3.250e+003 2.930e+000 3.800e+001 1.577e+000-1.243e+001-4.652e-002 2.134e+000-2.382e+001 5.862e+002 6.572e+000-3.118e+001-7.501e-001 1.108e+001 2.705e+000 5.812e-001 4.373e+000-8.052e+001-1.003e+001 6.295e+001
 3.380e+003 2.930e+000 6.000e+001 1.726e+000-6.529e+000 2.670e-002 1.182e+000-2.924e+001 7.431e+002-3.642e-001-4.479e+000-1.135e+000 1.058e+001 2.213e+000-2.878e+000 8.754e-001 6.368e+001-6.859e+000 6.728e+001
 3.500e+003 2.930e+000 6.000e+001 6.996e+000-5.166e+001 3.819e-001-1.348e+001-1.320e+002 3.054e+003-5.800e+001 1.501e+002-7.198e+000 1.320e+002 8.537e+000 1.631e+001-1.607e+001 4.928e+002 1.425e+001 1.723e+002
 3.630e+003 2.930e+000 3.200e+001 1.932e+000-9.673e+000 7.272e-001-3.443e+000-2.546e+001 5.447e+002-8.086e+000 1.528e+001-1.326e+000 1.365e+001 2.437e+000 4.749e+000-2.529e+000 5.668e+001-3.214e+000 5.392e+001
 3.750e+003 2.930e+000 5.300e+001 2.013e+000-1.848e+001 2.196e-001-2.651e+000-3.524e+001 9.726e+002-2.277e+000 5.738e+001-8.422e-001 6.907e+000 1.970e+000 9.954e-002 7.248e-001 5.601e+001-2.896e+000 4.445e+001
 3.880e+003 2.930e+000 5.700e+001 1.074e+001-1.027e+002 2.956e+000-1.826e+001-2.150e+002 5.786e+003-3.847e+001 2.425e+002-2.103e+000 4.020e+000 7.075e+000 1.862e+001-1.826e+001 5.383e+002-2.964e+000 1.870e+002
 4.000e+003 2.930e+000 4.400e+001 5.417e+001-8.026e+002-1.017e+001-5.727e+001-1.243e+003 4.092e+004 5.544e+002 1.570e+003 1.846e+001-2.712e+002 1.404e+001-1.205e+001 1.206e+001 5.627e+002 1.927e+001 1.342e+002
 4.130e+003 2.930e+000 6.600e+001 1.609e+001-1.288e+002 5.907e+000-3.757e+001-2.887e+002 6.705e+003-1.263e+002 4.793e+002-9.158e+000 1.157e+002 1.620e+001 6.502e+001-3.522e+001 8.196e+002 1.223e+001 4.142e+002
 4.250e+003 2.930e+000 4.800e+001 3.473e+000-2.991e+001-2.190e-002-4.855e+000-7.026e+001 1.982e+003-5.801e-001 8.162e+001-1.720e+000 2.711e+001 3.755e+000 7.377e+000-1.707e+000 1.506e+002-6.955e+000 1.190e+002
 4.380e+003 2.930e+000 3.300e+001 1.886e+000-1.477e+001-3.413e-001 2.373e+000-3.803e+001 1.011e+003 1.199e+001-7.108e+001-2.982e-001 3.124e+000 1.319e+000-9.597e-001-1.282e+000 4.028e+001-4.286e+000 3.927e+001
 4.500e+003 2.930e+000 5.800e+001 4.183e+000-2.809e+001-3.636e-001 1.009e+000-7.845e+001 1.972e+003 1.082e+001-1.708e+001-2.446e+000 4.623e+001 5.289e+000 2.428e+000 1.660e+000 8.853e+000-9.578e+000 8.279e+001
 4.630e+003 2.930e+000 5.700e+001 1.913e+000-1.799e+001-9.089e-002 2.040e+000-3.267e+001 8.878e+002 6.673e+000-2.567e+001-6.119e-001 4.565e+000 2.205e+000-3.019e+000 2.701e+000-2.723e+001-6.420e+000 3.422e+001
 4.750e+003 2.930e+000 3.900e+001 1.648e+000-1.570e+001-5.344e-002 7.063e-001-2.628e+001 6.954e+002 4.436e+000-1.446e+001-5.842e-001 2.263e+000 2.065e+000-1.146e+000 2.556e+000-2.084e+001-6.843e+000 3.653e+001
 4.880e+003 2.930e+000 5.800e+001 2.432e+000-2.346e+001-2.114e-001 2.516e+000-4.314e+001 1.142e+003 1.317e+001-3.795e+001-3.100e-001 5.988e-001 3.308e+000-3.420e+000 2.997e+000-2.765e+001-9.726e+000 5.203e+001
 5.000e+003 2.930e+000 6.000e+001 2.883e+000-2.143e+001-2.170e-001 1.167e+000-4.676e+001 1.084e+003 9.164e-001 2.388e+001-1.343e+000 1.799e+001 1.911e+000-3.054e+000 7.128e+000-9.044e+001-7.610e+000 5.287e+001
 5.130e+003 2.930e+000 3.900e+001 1.686e+000-1.577e+001 1.791e-001 5.906e-001-2.738e+001 7.047e+002-6.855e+000 3.524e+001-1.076e+000 1.010e+001 2.084e+000-4.248e+000 5.118e+000-5.273e+001-7.455e+000 4.361e+001
 5.250e+003 2.930e+000 6.200e+001 2.851e+000-2.789e+001-2.445e-001 1.735e+000-4.958e+001 1.328e+003 6.312e+000 6.480e+000-9.701e-001 8.851e+000 2.519e+000-4.996e+000 5.667e+000-5.873e+001-9.055e+000 5.681e+001
 5.380e+003 2.930e+000 6.300e+001 3.320e+000-3.114e+001-6.834e-001 5.152e+000-6.320e+001 1.860e+003 2.255e+001-1.010e+002-1.097e+000 8.638e+000 3.769e+000-6.570e+000 4.391e+000-2.026e+001-1.519e+001 8.238e+001
 5.500e+003 2.930e+000 4.400e+001 2.197e+000-2.528e+001-3.077e-002 7.627e-001-4.309e+001 1.365e+003 1.161e+001-3.260e+001-1.713e-001-7.167e+000 2.099e+000-4.928e+000 8.431e-001 5.061e+001-8.037e+000 4.893e+001
 5.630e+003 2.930e+000 6.600e+001 4.639e+000-5.314e+001-7.083e-002 2.475e+000-7.894e+001 2.235e+003 7.180e+000-3.689e+001-1.001e+000 2.603e+000 3.588e+000-4.547e+000 4.564e+000-2.706e+001-1.528e+001 8.969e+001
 5.750e+003 2.930e+000 6.100e+001 4.285e+000-4.501e+001-3.312e-001 2.687e+000-7.974e+001 2.293e+003 2.338e+001-5.167e+001-7.348e-001-4.494e+000 4.777e+000-9.451e+000 4.503e+000 2.096e+001-1.812e+001 9.753e+001
 5.880e+003 2.930e+000 4.200e+001 3.673e+000-4.956e+001-5.244e-001 2.183e+000-7.602e+001 2.430e+003 2.200e+001-5.384e+001-1.054e-001 3.687e-001 2.429e+000-3.613e+000 1.655e+000-1.636e+001-8.682e+000 4.426e+001
 6.000e+003 2.930e+000 6.600e+001 8.448e+000-9.395e+001-8.802e-001 6.656e+000-1.665e+002 4.774e+003 4.008e+001-1.051e+002-8.131e-001-4.724e-001 5.285e+000-1.047e+001 6.497e+000-5.500e+001-1.857e+001 1.039e+002
 6.130e+003 2.930e+000 6.600e+001 5.665e+000-5.672e+001-3.011e-001 4.501e+000-1.053e+002 2.795e+003 6.197e+000-3.805e+001-1.868e+000 2.014e+001 4.253e+000-6.670e+000 8.125e+000-1.051e+002-1.587e+001 8.193e+001
 6.250e+003 2.930e+000 4.400e+001 2.647e+000-2.358e+001 4.794e-001 2.284e+000-3.554e+001 9.088e+002-6.147e+000 9.757e+000-1.753e+000 5.878e+000 4.010e+000-7.744e+000 8.758e+000-6.489e+001-1.531e+001 8.047e+001
 6.380e+003 2.930e+000 6.600e+001 4.645e+000-4.227e+001 6.022e-001 3.921e+000-7.250e+001 1.874e+003-6.812e+000 1.934e+001-2.774e+000 1.045e+001 7.061e+000-1.447e+001 1.396e+001-1.044e+002-2.640e+001 1.380e+002
 6.500e+003 2.930e+000 6.300e+001 4.836e+000-4.364e+001 8.971e-001 3.959e+000-7.219e+001 1.756e+003-2.006e+001 3.284e+001-2.884e+000 1.477e+001 5.720e+000-1.145e+001 1.359e+001-1.421e+002-2.014e+001 1.043e+002
 6.630e+003 2.930e+000 4.400e+001 4.412e+000-3.171e+001 5.891e-001 4.687e+000-6.183e+001 1.316e+003-1.774e+001 2.149e+001-3.331e+000 2.640e+001 5.830e+000-1.186e+001 1.501e+001-1.622e+002-2.181e+001 1.126e+002
 6.750e+003 2.930e+000 6.600e+001 4.748e+000-3.793e+001 1.580e+000 4.097e+000-6.313e+001 1.386e+003-3.676e+001 5.664e+001-4.085e+000 2.536e+001 7.628e+000-1.480e+001 1.778e+001-1.949e+002-2.549e+001 1.280e+002
 6.880e+003 2.930e+000 6.400e+001 6.320e+000-4.356e+001 1.874e+000 7.552e+000-6.926e+001 1.286e+003-5.200e+001 6.863e+001-7.011e+000 4.918e+001 1.206e+001-2.233e+001 2.811e+001-2.826e+002-4.180e+001 1.941e+002
 7.000e+003 2.930e+000 4.400e+001 4.623e+000-3.573e+001 2.293e+000 2.324e+000-5.024e+001 9.340e+002-5.726e+001 1.337e+002-5.145e+000 2.926e+001 8.765e+000-1.620e+001 2.200e+001-2.210e+002-2.903e+001 1.312e+002
 7.130e+003 2.930e+000 6.600e+001 8.763e+000-5.599e+001 4.360e+000 8.430e+000-8.069e+001 1.267e+003-1.025e+002 1.944e+002-1.128e+001 6.550e+001 1.913e+001-3.710e+001 4.601e+001-4.307e+002-6.282e+001 2.867e+002
 7.250e+003 2.930e+000 6.600e+001 1.519e+001-1.009e+002 7.262e+000 1.482e+001-1.419e+002 2.132e+003-1.887e+002 3.682e+002-1.944e+001 1.253e+002 3.107e+001-6.096e+001 7.839e+001-7.946e+002-1.017e+002 4.580e+002
 7.380e+003 2.930e+000 4.400e+001 1.113e+001-6.934e+001 6.086e+000 8.377e+000-8.935e+001 1.235e+003-1.378e+002 3.071e+002-1.495e+001 7.590e+001 2.488e+001-4.702e+001 6.153e+001-5.198e+002-8.285e+001 3.696e+002
 7.500e+003 2.930e+000 6.600e+001 2.922e+001-1.689e+002 1.524e+001 3.068e+001-2.525e+002 3.287e+003-3.590e+002 6.424e+002-4.003e+001 2.504e+002 6.486e+001-1.276e+002 1.588e+002-1.521e+003-2.078e+002 9.255e+002
 7.630e+003 2.930e+000 6.600e+001 6.852e+001-3.788e+002 3.864e+001 7.925e+001-5.488e+002 6.610e+003-8.480e+002 1.453e+003-9.821e+001 5.677e+002 1.656e+002-3.315e+002 3.792e+002-3.454e+003-5.062e+002 2.221e+003
 7.750e+003 2.930e+000 4.400e+001 7.236e+001-4.072e+002 4.045e+001 7.849e+001-5.806e+002 7.123e+003-9.026e+002 1.593e+003-1.028e+002 5.948e+002 1.725e+002-3.402e+002 3.965e+002-3.607e+003-5.302e+002 2.311e+003
 7.880e+003 2.930e+000 6.600e+001 6.037e+002-3.309e+003 3.200e+002 7.266e+002-4.788e+003 5.820e+004-7.118e+003 1.209e+004-8.595e+002 4.862e+003 1.425e+003-2.821e+003 3.263e+003-2.903e+004-4.352e+003 1.889e+004
 8.000e+003 2.930e+000 6.600e+001 8.121e+003-4.501e+004 4.474e+003 9.497e+003-6.257e+004 7.336e+005-9.849e+004 1.694e+005-1.158e+004 6.419e+004 1.904e+004-3.776e+004 4.378e+004-3.889e+005-5.735e+004 2.477e+005
 8.130e+003 2.930e+000 4.400e+001 3.188e+002-1.858e+003 1.837e+002 3.460e+002-2.411e+003 2.949e+004-3.989e+003 7.312e+003-4.496e+002 2.296e+003 7.478e+002-1.482e+003 1.703e+003-1.477e+004-2.224e+003 9.558e+003
 8.250e+003 2.930e+000 6.600e+001 1.156e+002-6.143e+002 7.105e+001 1.322e+002-8.705e+002 1.004e+004-1.400e+003 2.324e+003-1.615e+002 8.383e+002 2.746e+002-5.803e+002 6.264e+002-5.432e+003-8.037e+002 3.604e+003
 8.380e+003 2.930e+000 6.600e+001 4.913e+001-2.650e+002 2.856e+001 5.735e+001-3.606e+002 4.207e+003-5.756e+002 9.436e+002-6.819e+001 3.416e+002 1.139e+002-2.325e+002 2.541e+002-2.170e+003-3.259e+002 1.418e+003
 8.500e+003 2.930e+000 4.400e+001 1.283e+001-6.772e+001 7.320e+000 1.723e+001-8.958e+001 1.037e+003-1.504e+002 2.278e+002-1.875e+001 9.323e+001 3.280e+001-6.557e+001 6.685e+001-5.611e+002-9.117e+001 3.891e+002
 8.630e+003 2.930e+000 6.600e+001 2.051e+001-1.239e+002 1.074e+001 2.493e+001-1.514e+002 1.972e+003-2.534e+002 4.205e+002-2.891e+001 1.460e+002 4.866e+001-9.253e+001 1.014e+002-8.939e+002-1.360e+002 5.624e+002
 8.750e+003 2.930e+000 6.600e+001 1.209e+001-7.319e+001 6.809e+000 1.469e+001-8.155e+001 1.056e+003-1.424e+002 2.403e+002-1.611e+001 6.670e+001 2.695e+001-5.503e+001 5.786e+001-4.807e+002-7.401e+001 3.247e+002
 8.880e+003 2.930e+000 4.400e+001 4.473e+000-2.127e+001 2.318e+000 6.536e+000-3.176e+001 3.727e+002-4.387e+001 5.198e+001-6.078e+000 3.119e+001 1.057e+001-2.219e+001 2.157e+001-1.824e+002-2.875e+001 1.301e+002
 9.000e+003 2.930e+000 6.600e+001 8.793e+000-5.002e+001 4.240e+000 1.315e+001-6.358e+001 8.104e+002-9.398e+001 1.095e+002-1.156e+001 5.754e+001 1.883e+001-3.911e+001 3.807e+001-3.374e+002-4.891e+001 2.173e+002
 9.130e+003 2.930e+000 6.600e+001 5.416e+000-2.998e+001 3.314e+000 6.503e+000-3.954e+001 5.181e+002-6.174e+001 8.213e+001-7.147e+000 3.081e+001 1.304e+001-2.746e+001 2.543e+001-2.078e+002-3.512e+001 1.624e+002
 9.250e+003 2.930e+000 4.400e+001 2.734e+000-1.479e+001 1.464e+000 3.952e+000-1.616e+001 2.078e+002-3.106e+001 5.132e+001-3.807e+000 1.404e+001 6.878e+000-1.438e+001 1.298e+001-1.009e+002-1.844e+001 8.402e+001
 9.380e+003 2.930e+000 5.800e+001 3.193e+000-1.739e+001 1.887e+000 4.383e+000-2.215e+001 3.185e+002-3.887e+001 6.906e+001-4.475e+000 1.608e+001 8.865e+000-1.940e+001 1.589e+001-1.244e+002-2.376e+001 1.149e+002
 9.500e+003 2.930e+000 6.300e+001 3.955e+000-1.924e+001 1.974e+000 5.972e+000-3.036e+001 4.129e+002-4.251e+001 4.581e+001-4.901e+000 2.311e+001 9.113e+000-2.043e+001 1.643e+001-1.483e+002-2.341e+001 1.140e+002
 9.630e+003 2.930e+000 4.100e+001 1.996e+000-7.943e+000 6.701e-001 2.484e+000-1.781e+001 3.080e+002-1.261e+001 1.507e+001-2.110e+000 6.709e+000 3.782e+000-7.446e+000 6.732e+000-3.992e+001-9.969e+000 4.311e+001
 9.750e+003 2.930e+000 6.600e+001 2.989e+000-1.225e+001 1.482e+000 2.354e+000-2.302e+001 3.260e+002-2.642e+001 5.268e+001-3.342e+000 1.140e+001 6.302e+000-1.324e+001 1.145e+001-7.747e+001-1.664e+001 8.012e+001
 9.880e+003 2.930e+000 5.800e+001 3.028e+000-2.919e+000 5.422e-001 3.932e+000-3.560e+001 6.664e+002-1.034e+001 4.826e+000-2.494e+000 9.416e+000 4.973e+000-1.104e+001 7.314e+000-4.181e+001-1.247e+001 6.125e+001
 1.000e+004 2.930e+000 3.030e+002 1.895e+001 8.020e+001-2.927e-001 7.892e+000-3.536e+002 1.020e+004-1.694e+001 3.804e+002-2.518e+000-2.142e+002 2.863e+001-6.755e+001 1.932e+001 3.173e+002-7.450e+001 4.400e+002
 1.130e+004 2.930e+000 5.040e+002 2.118e+001 5.722e+001 1.566e+000 9.463e+000-3.959e+002 1.004e+004-4.328e+001 3.171e+001-3.358e+000-1.194e+002 2.657e+001-6.393e+001 3.593e+001-2.350e+002-6.859e+001 4.777e+002
 1.250e+004 2.930e+000 5.430e+002 5.643e+000-2.897e+001 4.583e+000 3.157e+000-5.755e+001 1.034e+003-8.248e+001 3.250e+001-5.247e+000 4.613e+001 2.027e+001-5.801e+001 2.546e+001-3.576e+002-5.278e+001 3.528e+002
 1.380e+004 2.930e+000 5.110e+002 3.102e+000-8.991e+000 3.972e+000-2.139e+000-2.676e+001 4.700e+002-6.567e+001 3.336e+001-2.577e+000 3.574e+001 1.708e+001-5.319e+001 1.843e+001-2.847e+002-4.115e+001 3.012e+002
 1.500e+004 2.930e+000 5.420e+002 3.933e+000 7.438e+000 6.799e+000-1.763e+001-2.575e+001 5.494e+002-8.916e+001-3.037e+001 1.599e-001 6.385e+001 2.900e+001-1.063e+002 2.585e+001-4.725e+002-6.797e+001 5.878e+002
 1.630e+004 2.930e+000 5.790e+002 1.584e+002 1.882e+003 5.496e+002-2.020e+003-1.075e+003 3.178e+004-6.622e+003-6.786e+003 2.241e+002 5.334e+003 2.313e+003-8.974e+003 1.668e+003-3.693e+004-4.860e+003 4.510e+004
 1.750e+004 2.930e+000 5.100e+002 3.524e+000-1.688e+001 1.652e+000-1.315e+001-1.838e+001 4.745e+002-1.502e+001-3.894e+001 1.397e+000 1.598e+001 1.174e+001-4.483e+001-3.534e-001-5.072e+001-3.220e+001 3.117e+002
 1.880e+004 2.930e+000 4.290e+002 4.909e+000-3.497e+001 1.263e+000-2.087e+001-2.098e+001 4.691e+002 9.184e+000-3.226e+001 2.674e+000-8.315e+000 7.391e+000-3.362e+001-8.867e+000 1.305e+002-3.133e+001 3.459e+002
 2.000e+004 2.930e+000 5.380e+002 7.813e+000-3.609e+001 1.378e+001 3.825e+001-8.500e+001 1.364e+003-2.595e+002 3.236e+002-2.105e+001 2.212e+002 1.739e+002-9.295e+002 2.150e+002-2.980e+003-1.049e+003 1.151e+004
 2.130e+004 2.930e+000 5.270e+002 3.102e+000-1.899e+001 1.013e+000-1.640e+001-1.066e+001 2.042e+002 6.718e+000 2.086e+001 2.166e+000-7.973e+000 8.840e+000-4.201e+001-3.658e+000 8.045e+001-4.374e+001 4.818e+002
 2.250e+004 2.930e+000 5.120e+002 6.056e+000-3.611e+001 2.076e-001-1.334e+001-2.750e+001 3.944e+002 1.773e+001 4.383e+001 3.724e+000-1.643e+001 4.712e+000-1.614e+001-2.588e+000 7.102e+001-8.667e+000 1.039e+002
 2.380e+004 2.930e+000 5.910e+002 2.338e+003-1.031e+004 4.606e+002-6.482e+003-1.449e+004 1.358e+005 3.756e+003 4.467e+004 1.509e+003-1.135e+004 1.077e+003-4.444e+003 1.042e+003 2.177e+004-6.395e+002 1.886e+004
 2.500e+004 2.930e+000 5.710e+002 2.749e+001-1.076e+002 6.003e+000-7.266e+001-1.738e+002 1.600e+003 1.753e+001 5.545e+002 1.592e+001-1.222e+002 1.310e+001-5.660e+001 2.409e+001 9.974e+001-8.015e+000 2.900e+002
 2.630e+004 2.930e+000 3.540e+002 2.474e+000-6.407e+000 5.846e-001-8.219e+000-1.210e+001 2.090e+002-9.608e-001 2.628e+001 1.689e+000-9.663e+000 2.152e+000-8.265e+000 8.265e-001 2.327e+000-2.913e+000 5.033e+001
 2.750e+004 2.930e+000 3.870e+002 4.763e+000-2.841e+001 3.110e-001-9.722e+000-3.452e+001 5.932e+002 5.892e+000 5.721e+001 2.001e+000-1.141e+001 1.892e+000-6.780e+000 1.134e+000-1.035e+001-2.798e+000 6.382e+001
 2.880e+004 2.930e+000 3.690e+002 1.833e+000-5.855e+000 5.916e-002-4.724e+000-9.185e+000 1.508e+002-3.800e-001 2.592e+001 1.103e+000-2.810e+000 1.561e+000-5.404e+000 7.212e-001-1.655e+001-1.998e+000 3.178e+001
 3.000e+004 2.930e+000 3.790e+002 1.860e+000-2.510e+000-4.763e-001-5.351e+000 7.620e-001 2.439e+001-2.134e-001-3.783e+000 1.584e+000 2.252e+000 2.303e+000-7.678e+000-3.018e+000-3.545e+000-3.111e+000 3.588e+001
 3.130e+004 2.930e+000 5.640e+002 3.651e+002-9.354e+002-1.684e+002-9.721e+002 5.579e+002 3.401e+003 5.859e+002-3.622e+003 3.321e+002 9.442e+002 3.828e+002-1.280e+003-8.326e+002 1.165e+003-3.203e+002 4.595e+003
 3.250e+004 2.930e+000 5.750e+002 6.196e+002-1.802e+003-3.038e+002-1.549e+003 9.184e+002 6.776e+003 1.116e+003-6.429e+003 5.443e+002 1.697e+003 6.331e+002-2.085e+003-1.432e+003 2.294e+003-5.214e+002 7.376e+003
 3.380e+004 2.930e+000 4.570e+002 3.821e+000-1.483e+001-2.003e+000-5.322e+000 3.235e+000 7.015e+001 5.541e+000-2.200e+001 2.228e+000 1.035e+001 3.345e+000-8.541e+000-5.277e+000 1.125e+001-3.215e+000 3.639e+001
 3.500e+004 2.930e+000 4.500e+002 2.557e+000-1.215e+001-1.482e+000 1.708e-001 7.775e-001 6.665e+001 9.525e-001-1.468e+000 6.531e-001 7.922e+000 2.251e+000-5.030e+000-1.160e+000-9.550e+000-4.324e+000 3.584e+001
 3.630e+004 2.930e+000 4.090e+002 2.898e+000-1.841e+001-1.072e+000 1.873e-001-1.211e+001 2.912e+002 4.269e+000 1.303e+001 4.708e-001 3.298e+000 1.057e+000-4.852e-001 2.175e+000-2.356e+001-7.928e-001 1.266e+001
 3.750e+004 2.930e+000 5.270e+002 3.054e+000-1.633e+001-1.289e+000 5.746e-001-1.311e+000 9.668e+001-1.444e+000 2.421e+001-1.342e-001 7.444e+000 1.368e+000-9.022e-001 3.813e+000-1.000e+001-2.900e+000 2.564e+001
 3.880e+004 2.930e+000 5.850e+002 1.237e+001-6.994e+001-4.755e+000-1.006e-001-6.865e+000 4.094e+002-4.197e+000 1.215e+002-9.050e-001 2.750e+001 2.928e+000 4.445e+000 2.011e+001-1.532e+001-4.767e+000 6.060e+001
 4.000e+004 2.930e+000 5.940e+002 9.158e+002-5.381e+003-2.995e+002-2.104e+002-6.093e+002 3.207e+004-4.039e+002 1.142e+004-1.008e+002 1.825e+003 1.151e+002 6.225e+002 1.911e+003-7.333e+001-1.658e+002 4.258e+003
 4.130e+004 2.930e+000 5.720e+002 1.058e+001-6.297e+001-2.621e+000-3.326e+000-8.003e+000 3.905e+002-1.072e+001 1.708e+002-1.805e+000 1.686e+001 1.966e+000 3.542e+000 2.674e+001-6.607e+000-7.157e+000 1.000e+002
 4.250e+004 2.930e+000 5.840e+002 3.515e+000-2.042e+001-4.679e-001-2.960e+000-2.792e+000 1.263e+002-3.758e+000 6.384e+001-6.343e-001 3.256e+000 5.002e-001 1.228e+000 1.014e+001 8.801e+000-2.309e+000 3.992e+001
 4.380e+004 2.930e+000 5.280e+002 2.837e+000-1.639e+001-8.144e-002-3.982e+000-2.844e+000 1.077e+002-3.275e+000 6.022e+001-5.266e-001 9.524e-001 3.303e-001 6.528e-001 9.549e+000 1.375e+001-2.200e+000 4.313e+001
 4.500e+004 2.930e+000 5.570e+002 3.451e+000-1.905e+001 1.444e-001-6.765e+000-2.454e+000 1.113e+002-3.645e+000 7.567e+001-5.989e-001-3.248e-001 3.160e-001 3.599e-001 1.258e+001 2.882e+001-2.924e+000 6.442e+001
 4.630e+004 2.930e+000 5.900e+002 9.975e+000-5.514e+001 9.447e-001-2.454e+001-3.840e+000 3.116e+002-1.040e+001 2.319e+002-1.767e+000-4.488e+000 6.301e-001 2.051e-001 3.996e+001 1.211e+002-9.900e+000 2.268e+002
 4.750e+004 2.930e+000 5.940e+002 1.056e+003-6.053e+003 1.456e+002-3.030e+003-3.503e+001 3.472e+004-1.097e+003 2.532e+004-1.901e+002-8.282e+002 5.527e+001-6.487e+001 4.399e+003 1.721e+004-1.213e+003 2.707e+004
 4.880e+004 2.930e+000 5.720e+002 4.151e+002-2.448e+003 6.593e+001-1.282e+003 2.776e+001 1.444e+004-4.278e+002 1.015e+004-7.314e+001-3.938e+002 2.391e+001-5.175e+001 1.735e+003 7.676e+003-5.115e+002 1.124e+004
 5.000e+004 2.930e+000 5.820e+002 3.601e+000-2.134e+001 6.326e-001-1.146e+001 5.240e-001 1.312e+002-3.444e+000 8.510e+001-5.635e-001-3.855e+000 3.558e-001-8.954e-001 1.443e+001 7.147e+001-4.565e+000 9.825e+001
 5.130e+004 2.930e+000 5.470e+002 1.309e+000-7.738e+000 2.518e-001-4.248e+000 1.687e-001 5.052e+001-1.208e+000 2.882e+001-1.969e-001-1.584e+000 1.952e-001-4.120e-001 4.841e+000 2.761e+001-1.789e+000 3.514e+001
 5.250e+004 2.930e+000 5.010e+002 1.085e+000-7.152e+000 2.513e-001-3.938e+000 1.700e-003 5.304e+001-9.883e-001 2.591e+001-1.394e-001-1.744e+000 1.739e-001-5.075e-001 3.888e+000 2.782e+001-1.594e+000 3.110e+001
 5.380e+004 2.930e+000 5.310e+002 2.406e+000-1.958e+001 4.353e-001-8.988e+000-6.425e+000 2.156e+002 2.546e+000 4.438e+001 2.431e-001-6.251e+000 4.153e-001-2.117e+000 3.829e+000 8.474e+001-3.210e+000 5.814e+001
 5.500e+004 2.930e+000 5.940e+002 5.360e+001-4.032e+002 1.766e+001-2.496e+002 2.347e+001 3.048e+003-3.075e+001 1.378e+003-5.104e+000-1.352e+002 6.484e+000-4.181e+001 1.976e+002 1.967e+003-1.017e+002 1.900e+003
 5.630e+004 2.930e+000 5.720e+002 4.439e+002-3.373e+003 1.494e+002-2.125e+003 1.903e+002 2.573e+004-2.167e+002 1.121e+004-3.690e+001-1.151e+003 5.376e+001-3.618e+002 1.594e+003 1.683e+004-8.496e+002 1.593e+004
 5.750e+004 2.930e+000 5.890e+002 3.044e+000-2.296e+001 9.718e-001-1.428e+001 1.134e+000 1.778e+002-9.903e-001 7.165e+001-1.696e-001-7.453e+000 4.528e-001-2.743e+000 1.013e+001 1.133e+002-5.462e+000 1.055e+002
 5.880e+004 2.930e+000 5.670e+002 8.239e-001-5.953e+000 2.451e-001-3.513e+000 2.044e-001 4.652e+001-3.912e-001 1.881e+001-5.387e-002-1.791e+000 1.921e-001-8.474e-001 2.665e+000 2.721e+001-1.528e+000 2.767e+001
 6.000e+004 2.930e+000 5.250e+002 5.609e-001-4.064e+000 1.469e-001-2.317e+000 9.292e-003 3.329e+001-3.257e-002 1.137e+001-1.827e-003-1.111e+000 1.450e-001-6.594e-001 1.514e+000 1.812e+001-8.378e-001 1.696e+001
 6.130e+004 2.930e+000 5.640e+002 5.312e-001-3.838e+000 1.509e-001-2.082e+000 1.009e-001 3.069e+001-3.434e-001 1.130e+001-4.058e-002-1.121e+000 1.369e-001-4.652e-001 1.547e+000 1.642e+001-9.401e-001 1.571e+001
 6.250e+004 2.930e+000 5.850e+002 1.782e+000-1.438e+001 6.617e-001-8.378e+000 6.934e-001 1.201e+002-7.679e-001 4.441e+001-1.205e-001-5.492e+000 3.317e-001-1.682e+000 5.823e+000 7.181e+001-3.692e+000 6.074e+001
 6.380e+004 2.930e+000 5.720e+002 1.359e+002-1.155e+003 6.001e+001-7.039e+002 7.151e+001 9.855e+003-6.610e+001 3.773e+003-1.148e+001-5.161e+002 2.764e+001-1.562e+002 4.875e+002 6.241e+003-3.527e+002 5.405e+003
 6.500e+004 2.930e+000 5.610e+002 2.274e+000-1.920e+001 1.046e+000-1.192e+001 1.324e+000 1.668e+002-1.131e+000 6.414e+001-2.019e-001-9.054e+000 5.874e-001-2.982e+000 8.344e+000 1.072e+002-6.468e+000 9.721e+001
 6.630e+004 2.930e+000 4.650e+002 2.759e-001-2.113e+000 1.213e-001-1.359e+000 2.258e-001 1.860e+001-5.104e-002 6.879e+000-1.685e-002-1.024e+000 1.124e-001-4.213e-001 9.718e-001 1.248e+001-7.996e-001 1.182e+001
 6.750e+004 2.930e+000 3.530e+002 8.549e-002-5.706e-001 3.468e-002-3.789e-001 4.919e-002 5.153e+000-1.799e-002 1.738e+000-3.694e-003-2.943e-001 5.630e-002-1.659e-001 2.566e-001 3.406e+000-2.749e-001 3.793e+000
 6.880e+004 2.930e+000 4.090e+002 8.987e-002-5.343e-001 2.871e-002-9.075e-001 7.020e-002 4.855e+000 8.434e-002 1.345e+000 6.286e-002-2.629e-001 4.921e-001-3.949e+000-5.874e-002 3.877e+000-2.139e+000 4.475e+001
 7.000e+004 2.930e+000 4.040e+002 1.460e-001-1.181e+000 6.729e-002-8.108e-001 1.703e-001 1.156e+001 1.108e-001 2.613e+000 3.144e-003-5.902e-001 7.296e-002-2.813e-001 4.235e-001 8.146e+000-4.547e-001 7.122e+000
 7.130e+004 2.930e+000 5.450e+002 3.363e+000-3.222e+001 1.815e+000-2.257e+001 5.926e+000 3.243e+002 4.060e+000 5.732e+001 8.195e-002-1.744e+001 1.048e+000-6.170e+000 1.012e+001 2.371e+002-1.217e+001 1.852e+002
 7.250e+004 2.930e+000 5.440e+002 3.460e+000-3.428e+001 1.843e+000-2.321e+001 6.499e+000 3.589e+002 3.930e+000 5.334e+001 2.257e-002-1.844e+001 1.083e+000-5.742e+000 9.835e+000 2.530e+002-1.264e+001 1.887e+002
 7.380e+004 2.930e+000 3.530e+002 1.113e-001-9.556e-001 4.881e-002-6.089e-001 1.800e-001 1.015e+001 1.331e-001 1.316e+000 2.894e-003-4.717e-001 5.419e-002-1.904e-001 2.712e-001 6.728e+000-3.478e-001 5.094e+000
 7.500e+004 2.930e+000 2.110e+002 2.162e-002-1.253e-001 7.364e-003-6.956e-002 2.752e-003 1.287e+000 1.765e-002 1.954e-001 1.062e-003-7.080e-002 2.082e-002-4.149e-002 3.343e-002 7.136e-001-6.215e-002 6.349e-001
 7.630e+004 2.930e+000 1.700e+002 1.324e-002-6.701e-002 4.147e-003-3.321e-002-5.156e-003 6.985e-001-1.341e-004 1.026e-001 1.133e-004-3.702e-002 1.499e-002-2.125e-002 1.475e-002 3.231e-001-3.784e-002 3.166e-001
 7.750e+004 2.930e+000 2.080e+002 1.389e-002-6.569e-002 4.220e-003-3.107e-002 1.441e-003 6.942e-001 6.704e-004 7.976e-002-1.935e-004-3.003e-002 1.542e-002-1.975e-002 1.850e-002 2.970e-001-3.546e-002 2.933e-001
 7.880e+004 2.930e+000 2.720e+002 1.018e-001-1.165e+000 5.870e-002-6.511e-001 3.432e-001 1.693e+001 2.774e-001 1.531e-001 5.714e-004-7.717e-001 6.029e-002-1.945e-001 2.359e-001 9.747e+000-4.833e-001 5.976e+000
 8.000e+004 2.930e+000 5.600e+002 2.301e+000-3.129e+001 1.532e+000-1.701e+001 7.779e+000 4.653e+002 5.937e+000-1.576e+000 2.850e-002-2.126e+001 1.102e+000-3.286e+000 4.237e+000 2.536e+002-1.177e+001 1.401e+002
 8.130e+004 2.930e+000 3.050e+002 6.515e-002-7.621e-001 3.550e-002-3.684e-001 1.469e-001 1.277e+001 1.867e-001-2.865e-001-2.355e-003-5.741e-001 5.579e-002-1.427e-001 9.657e-002 6.777e+000-3.849e-001 4.215e+000
 8.250e+004 2.930e+000 1.960e+002 1.347e-002-9.499e-002 3.958e-003-2.715e-002-2.879e-002 1.489e+000 1.629e-003 1.556e-001 7.912e-005-5.202e-002 1.276e-002-1.628e-002 1.532e-002 3.222e-001-2.899e-002 2.380e-001
 8.380e+004 2.930e+000 1.560e+002 7.119e-003-2.396e-002 1.262e-003-7.347e-003-4.182e-003 3.257e-001-1.818e-003 2.660e-002 2.474e-004-1.140e-002 9.080e-003-1.294e-002 7.210e-003 8.978e-002-1.842e-002 1.291e-001
 8.500e+004 2.930e+000 1.710e+002 6.415e-003-2.027e-002 7.712e-004-6.639e-003-8.475e-003 2.735e-001-4.789e-003 2.643e-002-2.204e-004-8.617e-003 9.154e-003-1.242e-002 3.776e-003 7.001e-002-1.612e-002 1.164e-001
 8.630e+004 2.930e+000 1.660e+002 7.831e-003-5.488e-002 1.998e-003-1.793e-002-7.543e-003 9.438e-001-4.310e-003 4.918e-002-9.436e-005-3.605e-002 9.591e-003-1.030e-002 5.288e-003 3.114e-001-2.691e-002 2.077e-001
 8.750e+004 2.930e+000 4.520e+002 4.105e-001-6.090e+000 1.852e-001-1.268e+000-2.007e+000 1.243e+002 9.255e-001 7.265e-001 5.862e-002-4.124e+000 2.281e-001-6.595e-001-2.242e-001 3.274e+001-1.416e+000 1.280e+001
 8.880e+004 2.930e+000 3.820e+002 2.772e-001-3.597e+000 8.534e-002-4.740e-001-1.623e+000 7.226e+001 6.464e-001-3.374e-001 3.512e-002-2.102e+000 1.348e-001-4.513e-001-1.601e-001 1.600e+001-7.705e-001 7.262e+000
 9.000e+004 2.930e+000 1.900e+002 7.363e-003-3.062e-002 1.641e-005-3.080e-003-2.400e-002 5.331e-001 1.191e-002-2.078e-002 8.852e-004-1.572e-002 1.345e-002-2.384e-002-2.248e-003 1.365e-001-4.939e-002 3.830e-001
 9.130e+004 2.930e+000 2.660e+002 9.278e-003-1.854e-002-1.832e-004 2.203e-003-3.054e-002 4.761e-001 6.020e-003 1.091e-002 7.183e-004-2.259e-002 1.778e-002-3.594e-002-8.810e-003 2.112e-001-7.315e-002 5.968e-001
 9.250e+004 2.930e+000 2.230e+002 9.702e-003-2.200e-002-5.218e-004 2.206e-003-2.913e-002 4.116e-001 5.920e-003-1.012e-002 4.755e-004-1.123e-002 1.622e-002-2.664e-002-6.968e-003 1.394e-001-6.737e-002 5.775e-001
 9.380e+004 2.930e+000 1.880e+002 7.236e-003-2.343e-002 5.418e-004-1.158e-003-2.719e-002 4.948e-001-1.300e-003 2.601e-002 6.193e-004-1.884e-002 1.236e-002-2.652e-002-8.115e-003 1.569e-001-4.011e-002 3.438e-001
 9.500e+004 2.930e+000 3.380e+002 1.507e-001-1.316e+000 9.768e-003-8.822e-002-1.314e+000 3.256e+001 5.267e-001 1.112e+000 1.897e-002-7.506e-001 8.302e-002-4.282e-001 1.693e-003 6.761e+000-4.410e-001 5.447e+000
 9.630e+004 2.930e+000 0.000e+000 0.000e+000 0.000e+000 0.000e+000 0.000e+000 0.000e+000 0.000e+000 0.000e+000 0.000e+000 0.000e+000 0.000e+000 0.000e+000 0.000e+000 0.000e+000 0.000e+000 0.000e+000 0.000e+000
 9.750e+004 2.930e+000 0.000e+000 0.000e+000 0.000e+000 0.000e+000 0.000e+000 0.000e+000 0.000e+000 0.000e+000 0.000e+000 0.000e+000 0.000e+000 0.000e+000 0.000e+000 0.000e+000 0.000e+000 0.000e+000 0.000e+000
 9.880e+004 2.930e+000 0.000e+000 0.000e+000 0.000e+000 0.000e+000 0.000e+000 0.000e+000 0.000e+000 0.000e+000 0.000e+000 0.000e+000 0.000e+000 0.000e+000 0.000e+000 0.000e+000 0.000e+000 0.000e+000 0.000e+000
 1.000e+005 2.930e+000 0.000e+000 0.000e+000 0.000e+000 0.000e+000 0.000e+000 0.000e+000 0.000e+000 0.000e+000 0.000e+000 0.000e+000 0.000e+000 0.000e+000 0.000e+000 0.000e+000 0.000e+000 0.000e+000 0.000e+000
