 6.250e+000 2.930e+000 0.000e+000 0.000e+000 0.000e+000 0.000e+000 0.000e+000 0.000e+000 0.000e+000 0.000e+000 0.000e+000 0.000e+000 0.000e+000 0.000e+000 0.000e+000 0.000e+000 0.000e+000 0.000e+000 0.000e+000
 7.500e+000 2.930e+000 0.000e+000 0.000e+000 0.000e+000 0.000e+000 0.000e+000 0.000e+000 0.000e+000 0.000e+000 0.000e+000 0.000e+000 0.000e+000 0.000e+000 0.000e+000 0.000e+000 0.000e+000 0.000e+000 0.000e+000
 8.750e+000 2.930e+000 0.000e+000 0.000e+000 0.000e+000 0.000e+000 0.000e+000 0.000e+000 0.000e+000 0.000e+000 0.000e+000 0.000e+000 0.000e+000 0.000e+000 0.000e+000 0.000e+000 0.000e+000 0.000e+000 0.000e+000
 1.000e+001 2.930e+000 0.000e+000 0.000e+000 0.000e+000 0.000e+000 0.000e+000 0.000e+000 0.000e+000 0.000e+000 0.000e+000 0.000e+000 0.000e+000 0.000e+000 0.000e+000 0.000e+000 0.000e+000 0.000e+000 0.000e+000
 1.130e+001 2.930e+000 2.400e+001 3.649e+002-8.950e+002-4.993e+001 2.440e+001-5.771e+002 9.762e+004 7.519e+002-3.348e+003 1.398e+002-1.287e+003 1.415e+002 2.583e+002-1.306e+002-1.173e+004 3.669e+002 5.689e+003
 1.250e+001 2.930e+000 0.000e+000 0.000e+000 0.000e+000 0.000e+000 0.000e+000 0.000e+000 0.000e+000 0.000e+000 0.000e+000 0.000e+000 0.000e+000 0.000e+000 0.000e+000 0.000e+000 0.000e+000 0.000e+000 0.000e+000
 1.380e+001 2.930e+000 0.000e+000 0.000e+000 0.000e+000 0.000e+000 0.000e+000 0.000e+000 0.000e+000 0.000e+000 0.000e+000 0.000e+000 0.000e+000 0.000e+000 0.000e+000 0.000e+000 0.000e+000 0.000e+000 0.000e+000
 1.500e+001 2.930e+000 2.400e+001 2.038e+002 5.699e+002-2.261e+001-1.422e+002-5.643e+002 1.150e+005 9.466e+002-1.105e+003 4.972e+001-2.259e+003 1.797e+002 5.640e+002-1.767e+002-2.467e+004 9.914e+002 1.238e+004
 1.630e+001 2.930e+000 0.000e+000 0.000e+000 0.000e+000 0.000e+000 0.000e+000 0.000e+000 0.000e+000 0.000e+000 0.000e+000 0.000e+000 0.000e+000 0.000e+000 0.000e+000 0.000e+000 0.000e+000 0.000e+000 0.000e+000
 1.750e+001 2.930e+000 2.100e+001 1.988e+002-6.498e+002 5.756e+000-1.738e+002 7.017e+002 4.504e+004 8.138e+002-2.388e+003 2.043e+001-1.090e+003 9.777e+001 3.847e+002-4.386e+002-1.430e+004 4.649e+002 7.601e+003
 1.880e+001 2.930e+000 0.000e+000 0.000e+000 0.000e+000 0.000e+000 0.000e+000 0.000e+000 0.000e+000 0.000e+000 0.000e+000 0.000e+000 0.000e+000 0.000e+000 0.000e+000 0.000e+000 0.000e+000 0.000e+000 0.000e+000
 2.000e+001 2.930e+000 2.400e+001 1.980e+002 1.289e+002-3.867e+001 2.484e+001-1.598e+003 6.008e+004 1.454e+003 4.682e+002 9.584e+001-2.034e+003 1.841e+002 5.339e+002 2.256e+002-1.512e+004 7.904e+002 6.890e+003
 2.130e+001 2.930e+000 0.000e+000 0.000e+000 0.000e+000 0.000e+000 0.000e+000 0.000e+000 0.000e+000 0.000e+000 0.000e+000 0.000e+000 0.000e+000 0.000e+000 0.000e+000 0.000e+000 0.000e+000 0.000e+000 0.000e+000
 2.250e+001 2.930e+000 0.000e+000 0.000e+000 0.000e+000 0.000e+000 0.000e+000 0.000e+000 0.000e+000 0.000e+000 0.000e+000 0.000e+000 0.000e+000 0.000e+000 0.000e+000 0.000e+000 0.000e+000 0.000e+000 0.000e+000
 2.380e+001 2.930e+000 2.400e+001 1.165e+002-5.460e+002-8.048e+000 8.471e+001-4.389e+002 3.959e+004 8.317e+002 1.217e+003 4.210e+001-5.747e+002 6.903e+001 2.131e+002-2.871e+001-6.438e+003 2.176e+002 2.961e+003
 2.500e+001 2.930e+000 0.000e+000 0.000e+000 0.000e+000 0.000e+000 0.000e+000 0.000e+000 0.000e+000 0.000e+000 0.000e+000 0.000e+000 0.000e+000 0.000e+000 0.000e+000 0.000e+000 0.000e+000 0.000e+000 0.000e+000
 2.630e+001 2.930e+000 2.400e+001 1.811e+002-2.644e+002-3.550e+000 1.753e+001-1.608e+001 4.432e+004 7.677e+002 3.850e+002 3.498e+001-8.332e+002 7.529e+001 2.869e+002-3.433e+002-1.028e+004 3.205e+002 5.202e+003
 2.750e+001 2.930e+000 0.000e+000 0.000e+000 0.000e+000 0.000e+000 0.000e+000 0.000e+000 0.000e+000 0.000e+000 0.000e+000 0.000e+000 0.000e+000 0.000e+000 0.000e+000 0.000e+000 0.000e+000 0.000e+000 0.000e+000
 2.880e+001 2.930e+000 2.400e+001 2.490e+002-4.199e+002 2.217e+001 2.248e+002 9.382e+001 3.563e+004 3.077e+002 1.144e-005 8.277e+001-6.888e+002 8.731e+001 2.771e+002-2.855e+002-9.421e+003 3.209e+002 5.001e+003
 3.000e+001 2.930e+000 0.000e+000 0.000e+000 0.000e+000 0.000e+000 0.000e+000 0.000e+000 0.000e+000 0.000e+000 0.000e+000 0.000e+000 0.000e+000 0.000e+000 0.000e+000 0.000e+000 0.000e+000 0.000e+000 0.000e+000
 3.130e+001 2.930e+000 0.000e+000 0.000e+000 0.000e+000 0.000e+000 0.000e+000 0.000e+000 0.000e+000 0.000e+000 0.000e+000 0.000e+000 0.000e+000 0.000e+000 0.000e+000 0.000e+000 0.000e+000 0.000e+000 0.000e+000
 3.250e+001 2.930e+000 2.400e+001 4.143e+002-7.512e+002-1.625e+001 2.002e+002-8.918e+002 3.648e+004 3.705e+002-3.065e+002 1.708e+002-8.722e+002 1.187e+002 1.645e+002-1.817e+002-5.295e+003 1.063e+002 2.792e+003
 3.380e+001 2.930e+000 0.000e+000 0.000e+000 0.000e+000 0.000e+000 0.000e+000 0.000e+000 0.000e+000 0.000e+000 0.000e+000 0.000e+000 0.000e+000 0.000e+000 0.000e+000 0.000e+000 0.000e+000 0.000e+000 0.000e+000
 3.500e+001 2.930e+000 2.400e+001 8.006e+002-1.204e+004 2.480e+002-1.023e+003-2.203e+003 4.859e+005 1.970e+003-5.150e+002 2.734e+002-1.228e+004 4.217e+002-1.782e+001-7.931e+002 3.675e+004-1.031e+003 6.742e+003
 3.630e+001 2.930e+000 0.000e+000 0.000e+000 0.000e+000 0.000e+000 0.000e+000 0.000e+000 0.000e+000 0.000e+000 0.000e+000 0.000e+000 0.000e+000 0.000e+000 0.000e+000 0.000e+000 0.000e+000 0.000e+000 0.000e+000
 3.750e+001 2.930e+000 2.400e+001 7.650e+002-2.116e+002-5.879e+001 2.465e+002 1.880e+003 4.702e+004 2.380e+001-1.837e+003 2.500e+002-7.585e+002 1.762e+002 1.781e+002-4.430e+002-1.051e+004 2.655e+002 3.530e+003
 3.880e+001 2.930e+000 0.000e+000 0.000e+000 0.000e+000 0.000e+000 0.000e+000 0.000e+000 0.000e+000 0.000e+000 0.000e+000 0.000e+000 0.000e+000 0.000e+000 0.000e+000 0.000e+000 0.000e+000 0.000e+000 0.000e+000
 4.000e+001 2.930e+000 0.000e+000 0.000e+000 0.000e+000 0.000e+000 0.000e+000 0.000e+000 0.000e+000 0.000e+000 0.000e+000 0.000e+000 0.000e+000 0.000e+000 0.000e+000 0.000e+000 0.000e+000 0.000e+000 0.000e+000
 4.130e+001 2.930e+000 2.400e+001 9.622e+002-1.684e+003-6.789e+001 4.862e+002 2.524e+003 3.379e+004 3.013e+002-5.284e+002 1.948e+002 1.158e+002 1.054e+002 1.273e+002-9.013e+002-1.067e+004 1.996e+001 4.207e+003
 4.250e+001 2.930e+000 0.000e+000 0.000e+000 0.000e+000 0.000e+000 0.000e+000 0.000e+000 0.000e+000 0.000e+000 0.000e+000 0.000e+000 0.000e+000 0.000e+000 0.000e+000 0.000e+000 0.000e+000 0.000e+000 0.000e+000
 4.380e+001 2.930e+000 2.400e+001 1.678e+003-3.529e+003-4.017e+001 1.542e+003 3.639e+003 4.244e+004 9.347e+002-2.684e+002 3.768e+002 2.726e+002 1.542e+002 4.329e+002-1.780e+003-1.532e+004-2.267e+002 6.493e+003
 4.500e+001 2.930e+000 0.000e+000 0.000e+000 0.000e+000 0.000e+000 0.000e+000 0.000e+000 0.000e+000 0.000e+000 0.000e+000 0.000e+000 0.000e+000 0.000e+000 0.000e+000 0.000e+000 0.000e+000 0.000e+000 0.000e+000
 4.630e+001 2.930e+000 2.400e+001 7.646e+003-1.359e+004-9.164e+001 5.873e+003 1.294e+004 6.171e+004 2.169e+003-4.220e+003 1.307e+003 2.534e+003 3.446e+002 1.104e+003-8.374e+003-2.877e+004-1.469e+003 1.577e+004
 4.750e+001 2.930e+000 0.000e+000 0.000e+000 0.000e+000 0.000e+000 0.000e+000 0.000e+000 0.000e+000 0.000e+000 0.000e+000 0.000e+000 0.000e+000 0.000e+000 0.000e+000 0.000e+000 0.000e+000 0.000e+000 0.000e+000
 4.880e+001 2.930e+000 0.000e+000 0.000e+000 0.000e+000 0.000e+000 0.000e+000 0.000e+000 0.000e+000 0.000e+000 0.000e+000 0.000e+000 0.000e+000 0.000e+000 0.000e+000 0.000e+000 0.000e+000 0.000e+000 0.000e+000
 5.000e+001 2.930e+000 2.400e+001 4.615e+006-1.819e+006-1.873e+005 1.026e+006 7.791e+006 1.390e+007 8.881e+004 1.735e+004 1.027e+006 1.809e+006 2.366e+005 5.224e+004-4.340e+006-7.740e+006-1.008e+006 4.313e+006
 5.130e+001 2.930e+000 0.000e+000 0.000e+000 0.000e+000 0.000e+000 0.000e+000 0.000e+000 0.000e+000 0.000e+000 0.000e+000 0.000e+000 0.000e+000 0.000e+000 0.000e+000 0.000e+000 0.000e+000 0.000e+000 0.000e+000
 5.250e+001 2.930e+000 2.400e+001 7.730e+003-1.491e+004-4.996e+002 6.432e+003 1.469e+004 7.121e+004 1.759e+003-3.673e+003 1.316e+003 3.726e+003 3.464e+002 7.459e+002-8.623e+003-3.301e+004-1.832e+003 1.692e+004
 5.380e+001 2.930e+000 0.000e+000 0.000e+000 0.000e+000 0.000e+000 0.000e+000 0.000e+000 0.000e+000 0.000e+000 0.000e+000 0.000e+000 0.000e+000 0.000e+000 0.000e+000 0.000e+000 0.000e+000 0.000e+000 0.000e+000
 5.500e+001 2.930e+000 0.000e+000 0.000e+000 0.000e+000 0.000e+000 0.000e+000 0.000e+000 0.000e+000 0.000e+000 0.000e+000 0.000e+000 0.000e+000 0.000e+000 0.000e+000 0.000e+000 0.000e+000 0.000e+000 0.000e+000
 5.630e+001 2.930e+000 2.400e+001 1.755e+003-3.504e+003-6.407e+001 1.629e+003 2.850e+003 2.420e+004 7.499e+002-2.021e+002 4.218e+002 6.995e+002 1.248e+002 3.453e+002-1.639e+003-9.143e+003-3.802e+002 4.209e+003
 5.750e+001 2.930e+000 0.000e+000 0.000e+000 0.000e+000 0.000e+000 0.000e+000 0.000e+000 0.000e+000 0.000e+000 0.000e+000 0.000e+000 0.000e+000 0.000e+000 0.000e+000 0.000e+000 0.000e+000 0.000e+000 0.000e+000
 5.880e+001 2.930e+000 2.400e+001 8.954e+002-1.538e+003-1.707e+001 7.451e+002 1.319e+003 1.847e+004 2.692e+002-2.997e+002 2.231e+002 4.250e+001 8.512e+001 1.742e+002-8.187e+002-5.600e+003-1.207e+002 2.383e+003
 6.000e+001 2.930e+000 0.000e+000 0.000e+000 0.000e+000 0.000e+000 0.000e+000 0.000e+000 0.000e+000 0.000e+000 0.000e+000 0.000e+000 0.000e+000 0.000e+000 0.000e+000 0.000e+000 0.000e+000 0.000e+000 0.000e+000
 6.130e+001 2.930e+000 2.400e+001 6.204e+002-6.390e+002-5.157e+001 3.111e+002 3.955e+002 1.094e+004 1.336e+002-5.440e+002 1.875e+002-9.546e+001 8.750e+001 8.343e+001-3.035e+002-2.965e+003-5.221e+000 1.191e+003
 6.250e+001 2.930e+000 0.000e+000 0.000e+000 0.000e+000 0.000e+000 0.000e+000 0.000e+000 0.000e+000 0.000e+000 0.000e+000 0.000e+000 0.000e+000 0.000e+000 0.000e+000 0.000e+000 0.000e+000 0.000e+000 0.000e+000
 6.380e+001 2.930e+000 0.000e+000 0.000e+000 0.000e+000 0.000e+000 0.000e+000 0.000e+000 0.000e+000 0.000e+000 0.000e+000 0.000e+000 0.000e+000 0.000e+000 0.000e+000 0.000e+000 0.000e+000 0.000e+000 0.000e+000
 6.500e+001 2.930e+000 2.400e+001 4.055e+002-1.077e+003-7.080e+000 3.348e+002 1.761e+001 1.320e+004 4.630e+002-1.703e+002 1.436e+002-1.707e+002 7.104e+001 1.591e+002-1.105e+002-3.163e+003 5.500e+001 1.281e+003
 6.630e+001 2.930e+000 0.000e+000 0.000e+000 0.000e+000 0.000e+000 0.000e+000 0.000e+000 0.000e+000 0.000e+000 0.000e+000 0.000e+000 0.000e+000 0.000e+000 0.000e+000 0.000e+000 0.000e+000 0.000e+000 0.000e+000
 6.750e+001 2.930e+000 2.400e+001 3.801e+002-3.772e+002-3.479e+001 2.483e+002 1.050e+002 8.436e+003 1.322e+002 8.143e+000 1.580e+002-4.188e+001 8.758e+001 1.205e+002-6.247e+001-1.555e+003 7.661e+000 6.311e+002
 6.880e+001 2.930e+000 0.000e+000 0.000e+000 0.000e+000 0.000e+000 0.000e+000 0.000e+000 0.000e+000 0.000e+000 0.000e+000 0.000e+000 0.000e+000 0.000e+000 0.000e+000 0.000e+000 0.000e+000 0.000e+000 0.000e+000
 7.000e+001 2.930e+000 2.400e+001 2.118e+002-1.948e+002-6.127e+000 1.605e+002 1.780e+002 8.377e+003 1.057e+002 3.902e+002 8.481e+001-8.807e+001 5.305e+001 8.239e+001-7.079e+001-2.006e+003 4.928e+001 8.389e+002
 7.130e+001 2.930e+000 0.000e+000 0.000e+000 0.000e+000 0.000e+000 0.000e+000 0.000e+000 0.000e+000 0.000e+000 0.000e+000 0.000e+000 0.000e+000 0.000e+000 0.000e+000 0.000e+000 0.000e+000 0.000e+000 0.000e+000
 7.250e+001 2.930e+000 0.000e+000 0.000e+000 0.000e+000 0.000e+000 0.000e+000 0.000e+000 0.000e+000 0.000e+000 0.000e+000 0.000e+000 0.000e+000 0.000e+000 0.000e+000 0.000e+000 0.000e+000 0.000e+000 0.000e+000
 7.380e+001 2.930e+000 2.400e+001 1.377e+002-1.418e+002-9.561e+000 7.890e+001 8.582e+001 6.836e+003 7.392e+001 2.622e+001 4.198e+001-8.994e+001 2.982e+001 4.676e+001-8.428e+001-1.577e+003 4.082e+001 7.679e+002
 7.500e+001 2.930e+000 0.000e+000 0.000e+000 0.000e+000 0.000e+000 0.000e+000 0.000e+000 0.000e+000 0.000e+000 0.000e+000 0.000e+000 0.000e+000 0.000e+000 0.000e+000 0.000e+000 0.000e+000 0.000e+000 0.000e+000
 7.630e+001 2.930e+000 2.400e+001 1.317e+002-2.134e+002-8.538e+000 6.894e+001-7.641e+001 6.407e+003 1.584e+002 7.924e+001 3.858e+001-1.491e+002 2.568e+001 5.129e+001-4.103e+001-1.596e+003 4.948e+001 6.591e+002
 7.750e+001 2.930e+000 0.000e+000 0.000e+000 0.000e+000 0.000e+000 0.000e+000 0.000e+000 0.000e+000 0.000e+000 0.000e+000 0.000e+000 0.000e+000 0.000e+000 0.000e+000 0.000e+000 0.000e+000 0.000e+000 0.000e+000
 7.880e+001 2.930e+000 2.400e+001 1.033e+002-2.290e+002-9.863e-001 8.826e+001-6.465e+001 5.026e+003 8.890e+001-3.815e+001 3.585e+001-8.636e+001 2.407e+001 5.337e+001-3.109e+001-1.027e+003 2.582e+001 4.682e+002
 8.000e+001 2.930e+000 0.000e+000 0.000e+000 0.000e+000 0.000e+000 0.000e+000 0.000e+000 0.000e+000 0.000e+000 0.000e+000 0.000e+000 0.000e+000 0.000e+000 0.000e+000 0.000e+000 0.000e+000 0.000e+000 0.000e+000
 8.130e+001 2.930e+000 0.000e+000 0.000e+000 0.000e+000 0.000e+000 0.000e+000 0.000e+000 0.000e+000 0.000e+000 0.000e+000 0.000e+000 0.000e+000 0.000e+000 0.000e+000 0.000e+000 0.000e+000 0.000e+000 0.000e+000
 8.250e+001 2.930e+000 2.400e+001 1.058e+002-2.558e+002 4.801e+000 8.716e+001 4.422e+001 6.421e+003 8.832e+001-3.612e+002 2.921e+001-1.872e+002 2.363e+001 6.529e+001-7.008e+001-1.742e+003 6.138e+001 8.361e+002
 8.380e+001 2.930e+000 0.000e+000 0.000e+000 0.000e+000 0.000e+000 0.000e+000 0.000e+000 0.000e+000 0.000e+000 0.000e+000 0.000e+000 0.000e+000 0.000e+000 0.000e+000 0.000e+000 0.000e+000 0.000e+000 0.000e+000
 8.500e+001 2.930e+000 2.400e+001 1.541e+002-2.410e+002-5.859e-001 9.246e+001-1.096e+001 5.286e+003 1.135e+002-4.521e+001 6.587e+001-9.106e+001 3.782e+001 5.889e+001-2.741e+001-8.073e+002 2.044e+001 3.810e+002
 8.630e+001 2.930e+000 0.000e+000 0.000e+000 0.000e+000 0.000e+000 0.000e+000 0.000e+000 0.000e+000 0.000e+000 0.000e+000 0.000e+000 0.000e+000 0.000e+000 0.000e+000 0.000e+000 0.000e+000 0.000e+000 0.000e+000
 8.750e+001 2.930e+000 2.400e+001 6.804e+001-1.860e+002-6.430e+000 1.531e+001-7.544e+001 4.801e+003 8.687e+001 1.030e+002 2.144e+001-4.080e+001 1.399e+001 2.024e+001 5.744e+000-5.338e+002 1.969e+001 2.841e+002
 8.880e+001 2.930e+000 0.000e+000 0.000e+000 0.000e+000 0.000e+000 0.000e+000 0.000e+000 0.000e+000 0.000e+000 0.000e+000 0.000e+000 0.000e+000 0.000e+000 0.000e+000 0.000e+000 0.000e+000 0.000e+000 0.000e+000
 9.000e+001 2.930e+000 0.000e+000 0.000e+000 0.000e+000 0.000e+000 0.000e+000 0.000e+000 0.000e+000 0.000e+000 0.000e+000 0.000e+000 0.000e+000 0.000e+000 0.000e+000 0.000e+000 0.000e+000 0.000e+000 0.000e+000
 9.130e+001 2.930e+000 2.400e+001 5.042e+001-1.383e+002-3.739e+000 3.443e+001-3.528e+001 4.888e+003 6.886e+001-9.062e+000 1.438e+001-4.723e+001 8.157e+000 2.159e+001-6.788e+000-5.891e+002 1.798e+001 3.323e+002
 9.250e+001 2.930e+000 0.000e+000 0.000e+000 0.000e+000 0.000e+000 0.000e+000 0.000e+000 0.000e+000 0.000e+000 0.000e+000 0.000e+000 0.000e+000 0.000e+000 0.000e+000 0.000e+000 0.000e+000 0.000e+000 0.000e+000
 9.380e+001 2.930e+000 2.100e+001 4.037e+001-3.782e+001-2.033e+000 6.641e+000-1.510e+002 4.741e+003 2.516e+001 2.634e+001 1.318e+001-1.025e+002 7.907e+000 8.971e+000 3.482e+000-4.038e+002 1.234e+001 1.931e+002
 9.500e+001 2.930e+000 0.000e+000 0.000e+000 0.000e+000 0.000e+000 0.000e+000 0.000e+000 0.000e+000 0.000e+000 0.000e+000 0.000e+000 0.000e+000 0.000e+000 0.000e+000 0.000e+000 0.000e+000 0.000e+000 0.000e+000
 9.630e+001 2.930e+000 2.100e+001 3.426e+001-7.786e+001-9.672e-001 2.158e+001-5.109e+001 3.451e+003 3.682e+001-1.419e+001 8.960e+000-3.660e+001 4.620e+000 8.450e+000-8.745e+000-3.377e+002 6.281e+000 2.327e+002
 9.750e+001 2.930e+000 0.000e+000 0.000e+000 0.000e+000 0.000e+000 0.000e+000 0.000e+000 0.000e+000 0.000e+000 0.000e+000 0.000e+000 0.000e+000 0.000e+000 0.000e+000 0.000e+000 0.000e+000 0.000e+000 0.000e+000
 9.880e+001 2.930e+000 0.000e+000 0.000e+000 0.000e+000 0.000e+000 0.000e+000 0.000e+000 0.000e+000 0.000e+000 0.000e+000 0.000e+000 0.000e+000 0.000e+000 0.000e+000 0.000e+000 0.000e+000 0.000e+000 0.000e+000
 1.000e+002 2.930e+000 3.900e+001 1.180e+002 7.141e+002-9.432e+000 2.040e+002-5.527e+002 7.152e+004 1.888e+002 1.137e+003 2.870e+001-1.335e+002 1.849e+001-8.294e+001-1.065e+001 1.557e+004 5.832e+001 4.967e+003
 1.130e+002 2.930e+000 4.500e+001 5.921e+001-2.344e+002 2.272e+000 5.960e+001-1.000e+002 1.096e+004 9.692e+001-3.841e+001 1.745e+001-1.481e+002 1.362e+001 3.756e+001-1.764e+001-1.134e+003 4.298e+001 6.531e+002
 1.250e+002 2.930e+000 5.100e+001 4.499e+001-2.009e+002 4.066e+000 7.529e+001-3.018e+001 6.538e+003 1.553e+002 1.041e+002 1.810e+001-1.262e+002 2.022e+001 6.755e+001-1.192e+000-1.478e+003 5.623e+001 6.208e+002
 1.380e+002 2.930e+000 6.300e+001 4.672e+001-2.638e+002 9.144e-001 6.415e+001-1.249e+002 7.721e+003 1.971e+002 1.731e+002 1.967e+001-1.472e+002 1.951e+001 6.375e+001 1.275e+001-1.863e+003 5.800e+001 7.162e+002
 1.500e+002 2.930e+000 4.500e+001 3.228e+001-3.624e+002 2.605e+000 6.682e+001 2.752e+000 8.476e+003 2.526e+002 2.423e+002 1.780e+001-4.277e+001 1.381e+001 5.149e+001 3.850e+000-1.313e+003 2.222e+001 3.683e+002
 1.630e+002 2.930e+000 5.100e+001 3.739e+001-3.117e+002 3.365e-001 8.359e+001-1.303e+002 8.186e+003 2.827e+002 3.279e+002 1.908e+001-1.409e+002 2.377e+001 9.819e+001 2.648e+001-2.086e+003 7.624e+001 8.606e+002
 1.750e+002 2.930e+000 4.800e+001 4.825e+001-3.920e+002 5.058e+000 1.294e+002-1.115e+002 7.348e+003 3.057e+002 1.411e+002 2.723e+001-1.653e+002 3.479e+001 1.358e+002 2.357e+001-2.155e+003 9.653e+001 1.015e+003
 1.880e+002 2.930e+000 6.900e+001 9.616e+001-1.040e+003-2.809e+000 2.478e+002-5.241e+002 2.171e+004 8.192e+002 1.433e+003 5.574e+001-3.037e+002 5.476e+001 2.524e+002 1.693e+002-5.656e+003 1.720e+002 2.187e+003
 2.000e+002 2.930e+000 7.500e+001 7.815e+002-4.360e+003-2.252e+002-3.737e+002-1.377e+004 3.302e+005 6.628e+003 4.040e+004 2.430e+002-2.548e+003 2.094e+002 1.882e+003 4.711e+003-1.027e+005 1.600e+003 3.793e+004
 2.130e+002 2.930e+000 6.000e+001 1.692e+002-1.226e+003 1.807e+001 4.014e+002 1.102e+001 1.595e+004 9.963e+002 7.366e+002 1.088e+002-1.479e+002 9.092e+001 3.472e+002 2.404e+001-4.928e+003 1.095e+002 1.835e+003
 2.250e+002 2.930e+000 1.170e+002 6.156e+002-6.159e+003 9.982e+001 2.098e+003 3.830e+002 7.266e+004 4.952e+003 3.037e+003 4.604e+002-7.526e+002 3.969e+002 1.713e+003 5.837e+001-2.379e+004 4.925e+002 8.728e+003
 2.380e+002 2.930e+000 9.600e+001 2.466e+003-2.624e+004 4.877e+002 9.871e+003 3.196e+003 2.967e+005 2.239e+004 1.533e+004 2.002e+003-2.685e+003 1.765e+003 8.193e+003 9.175e+001-1.086e+005 2.166e+003 4.128e+004
 2.500e+002 2.930e+000 9.600e+001 9.629e+004-1.042e+006 1.881e+004 4.008e+005 1.573e+005 1.158e+007 8.972e+005 6.899e+005 7.989e+004-7.481e+004 7.026e+004 3.333e+005 3.364e+003-4.349e+006 8.165e+004 1.678e+006
 2.630e+002 2.930e+000 9.600e+001 1.714e+003-1.792e+004 3.421e+002 6.856e+003 3.440e+003 2.040e+005 1.542e+004 1.390e+004 1.383e+003-8.231e+002 1.222e+003 5.727e+003-8.697e+001-7.412e+004 1.378e+003 2.890e+004
 2.750e+002 2.930e+000 1.020e+002 3.928e+002-3.909e+003 8.467e+001 1.396e+003 7.523e+002 5.048e+004 3.127e+003 2.670e+003 2.726e+002-3.010e+002 2.423e+002 1.148e+003-1.301e+002-1.667e+004 2.855e+002 6.307e+003
 2.880e+002 2.930e+000 6.000e+001 1.247e+002-1.103e+003 3.092e+001 3.745e+002 4.200e+002 2.258e+004 8.354e+002 1.062e+003 6.649e+001-3.510e+002 7.053e+001 2.875e+002-1.014e+002-6.648e+003 1.615e+002 2.317e+003
 3.000e+002 2.930e+000 9.300e+001 5.462e+002-4.440e+003-1.177e+002 5.900e+002-1.224e+004 4.165e+005 1.139e+004 2.149e+004 8.115e+002-2.151e+004 1.490e+003 2.021e+003 3.366e+003-1.105e+005 6.329e+003 3.122e+004
 3.130e+002 2.930e+000 5.400e+001 2.385e+002-2.798e+003-2.456e+001-3.325e+002-6.154e+003 4.502e+005 1.508e+003 7.570e+003 9.709e+001 6.061e+002 1.032e+002 1.069e+002-9.873e+002 1.013e+005 5.526e+002 2.686e+004
 3.250e+002 2.930e+000 8.400e+001 3.630e+002-2.481e+003 1.173e+001 4.282e+002-1.476e+003 2.807e+004 1.211e+003 3.229e+002 1.573e+002-8.083e+002 9.070e+001 2.480e+002 2.648e+002-4.981e+003 1.828e+002 1.254e+003
 3.380e+002 2.930e+000 9.600e+001 1.606e+003-1.111e+004 1.683e+002 1.956e+003-5.099e+003 9.964e+004 3.316e+003-1.959e+003 5.266e+002-2.926e+003 2.170e+002 6.716e+002 5.297e+002-1.681e+004 4.493e+002 3.286e+003
 3.500e+002 2.930e+000 9.600e+001 4.644e+004-3.359e+005 5.919e+003 6.497e+004-1.352e+005 2.849e+006 9.812e+004-6.533e+004 1.597e+004-8.970e+004 6.314e+003 2.025e+004 1.696e+004-5.242e+005 1.431e+004 9.886e+004
 3.630e+002 2.930e+000 9.300e+001 1.335e+003-1.039e+004 1.727e+002 1.830e+003-3.904e+003 9.839e+004 3.306e+003-7.520e+002 4.763e+002-2.830e+003 2.091e+002 6.291e+002 5.126e+002-1.669e+004 4.737e+002 3.284e+003
 3.750e+002 2.930e+000 9.900e+001 2.863e+002-2.176e+003 3.609e+001 4.137e+002-7.753e+002 2.476e+004 8.805e+002 5.157e+002 1.126e+002-6.939e+002 6.376e+001 1.803e+002 1.473e+002-4.677e+003 1.657e+002 1.128e+003
 3.880e+002 2.930e+000 6.300e+001 9.306e+001-7.041e+002 6.188e+000 1.351e+002-4.003e+002 1.201e+004 4.433e+002 4.744e+002 4.477e+001-3.193e+002 3.229e+001 9.079e+001 6.968e+001-2.338e+003 8.808e+001 6.351e+002
 4.000e+002 2.930e+000 5.100e+001 6.630e+001 1.930e+002-1.316e+001-5.637e+001-2.618e+002 1.886e+004 7.102e+002 1.361e+003 6.165e+000-5.571e+002 5.106e+001 1.393e+002 1.616e+001-4.071e+003 1.844e+002 1.181e+003
 4.130e+002 2.930e+000 6.300e+001 2.981e+001-1.873e+002 6.641e-002 2.966e+001-9.775e+001 7.304e+003 2.367e+002 3.674e+002 1.397e+001-1.986e+002 1.909e+001 5.309e+001 3.064e+001-1.536e+003 6.617e+001 4.706e+002
 4.250e+002 2.930e+000 5.700e+001 2.881e+001-1.526e+002-2.914e+000 2.246e+001-1.790e+002 7.908e+003 2.943e+002 5.587e+002 1.590e+001-2.257e+002 2.351e+001 6.679e+001 4.598e+001-1.732e+003 8.417e+001 5.981e+002
 4.380e+002 2.930e+000 7.800e+001 3.687e+001-2.854e+002-4.864e+000 6.105e+001-4.244e+002 2.042e+004 7.208e+002 1.124e+003 3.277e+001-7.173e+002 6.048e+001 1.765e+002 1.122e+002-5.233e+003 2.435e+002 1.687e+003
 4.500e+002 2.930e+000 9.600e+001 3.047e+002-6.480e+003 1.298e+002 2.326e+003-4.695e+003 2.579e+005 1.095e+004-6.959e+002 5.211e+002-1.283e+004 1.130e+003 3.977e+003 1.549e+003-9.056e+004 4.549e+003 3.269e+004
 4.630e+002 2.930e+000 7.800e+001 3.303e+001-2.857e+002-1.807e+000 6.249e+001-4.659e+002 1.976e+004 6.096e+002 5.789e+002 2.952e+001-6.922e+002 5.188e+001 1.477e+002 9.193e+001-4.352e+003 1.981e+002 1.356e+003
 4.750e+002 2.930e+000 6.900e+001 2.820e+001-2.426e+001-1.217e+001-2.616e+001-4.437e+002 1.261e+004 3.546e+002 9.062e+002 1.748e+001-3.753e+002 2.513e+001 4.284e+001 7.729e+001-2.111e+003 1.015e+002 6.061e+002
 4.880e+002 2.930e+000 7.800e+001 3.723e+001-5.606e+001-1.859e+001-4.885e+001-6.855e+002 2.000e+004 5.558e+002 1.496e+003 2.465e+001-5.566e+002 3.562e+001 5.127e+001 1.100e+002-3.011e+003 1.417e+002 7.864e+002
 5.000e+002 2.930e+000 6.600e+001 7.874e+001-4.617e+001-3.788e+001-1.102e+002-9.545e+002 2.476e+004 6.651e+002 1.731e+003 2.646e+001-6.719e+002 5.109e+001 7.103e+001 1.097e+002-3.326e+003 1.943e+002 1.059e+003
 5.130e+002 2.930e+000 5.400e+001 9.074e+001-2.256e+001-5.153e+001-1.835e+002-1.511e+003 4.307e+004 1.143e+003 4.447e+003 4.818e+001-7.779e+002 7.420e+001 8.829e+001 1.631e+002-1.872e+003 3.181e+002 2.518e+003
 5.250e+002 2.930e+000 7.500e+001 3.422e+002 9.254e+002-1.914e+002-6.731e+002-1.056e+004 4.563e+005 3.570e+003 1.421e+004 1.369e+002-3.147e+003 2.381e+002 2.842e+002-4.340e+002 5.932e+004 1.117e+003 2.285e+004
 5.380e+002 2.930e+000 9.600e+001 1.478e+003 4.980e+003-1.106e+003-3.260e+003-3.043e+004 6.626e+005 2.020e+004 5.200e+004 8.653e+002-2.179e+004 1.358e+003 1.737e+003 4.764e+003-1.102e+005 5.342e+003 2.368e+004
 5.500e+002 2.930e+000 9.600e+001 5.345e+004 1.751e+005-4.073e+004-1.216e+005-1.083e+006 2.261e+007 7.240e+005 1.890e+006 3.148e+004-7.734e+005 4.970e+004 6.321e+004 1.765e+005-3.986e+006 1.970e+005 8.629e+005
 5.630e+002 2.930e+000 1.200e+002 1.807e+003 5.951e+003-1.369e+003-3.987e+003-3.608e+004 7.551e+005 2.430e+004 6.143e+004 1.048e+003-2.571e+004 1.668e+003 2.151e+003 5.783e+003-1.310e+005 6.464e+003 2.807e+004
 5.750e+002 2.930e+000 9.600e+001 2.517e+002 7.096e+002-1.819e+002-4.789e+002-4.919e+003 1.058e+005 3.335e+003 7.656e+003 1.457e+002-3.460e+003 2.281e+002 3.237e+002 7.704e+002-1.719e+004 8.416e+002 3.769e+003
 5.880e+002 2.930e+000 8.400e+001 1.087e+002 2.613e+002-6.851e+001-1.517e+002-1.883e+003 4.147e+004 1.241e+003 2.467e+003 6.037e+001-1.312e+003 8.786e+001 1.312e+002 2.805e+002-6.084e+003 2.951e+002 1.339e+003
 6.000e+002 2.930e+000 1.110e+002 2.490e+002-6.042e+002-8.675e+001 2.506e-002-2.452e+003 4.577e+004 1.746e+003 3.016e+003 1.418e+002-1.505e+003 1.353e+002 2.341e+002 4.996e+002-7.631e+003 3.933e+002 1.736e+003
 6.130e+002 2.930e+000 8.100e+001 1.318e+002-4.354e+002-3.753e+001 4.026e+001-1.016e+003 1.880e+004 7.904e+002 1.254e+003 7.338e+001-6.154e+002 6.415e+001 1.205e+002 2.436e+002-3.330e+003 1.762e+002 8.090e+002
 6.250e+002 2.930e+000 8.400e+001 6.251e+001 5.809e+001-2.953e+001-3.375e+001-6.885e+002 1.230e+004 3.814e+002 5.185e+002 3.349e+001-4.522e+002 3.694e+001 5.436e+001 1.282e+002-1.742e+003 1.034e+002 4.453e+002
 6.380e+002 2.930e+000 8.400e+001 1.439e+002 3.230e+002-5.807e+001-5.159e+001-1.116e+003 1.425e+004 3.850e+002 2.166e+000 7.000e+001-7.437e+002 6.350e+001 8.893e+001 2.369e+002-2.446e+003 1.562e+002 5.814e+002
 6.500e+002 2.930e+000 1.200e+002 7.895e+003 1.934e+004-3.136e+003-3.561e+003-3.978e+004 2.697e+005 6.996e+003-1.724e+004 3.436e+003-2.518e+004 2.786e+003 4.055e+003 1.365e+004-7.618e+004 7.502e+003 2.662e+004
 6.630e+002 2.930e+000 8.700e+001 9.211e+001 1.664e+002-3.658e+001-5.167e+001-5.724e+002 7.596e+003 2.459e+002 2.773e+002 3.663e+001-3.471e+002 3.472e+001 4.714e+001 1.412e+002-1.289e+003 9.538e+001 3.966e+002
 6.750e+002 2.930e+000 6.900e+001 2.823e+001 2.227e+001-1.155e+001-2.632e+001-2.233e+002 4.329e+003 1.003e+002 1.537e+002 9.837e+000-1.179e+002 1.111e+001 1.557e+001 3.720e+001-3.320e+002 3.542e+001 2.029e+002
 6.880e+002 2.930e+000 5.400e+001 1.504e+001-1.737e+001-5.001e+000-4.344e+000-1.471e+002 2.895e+003 8.581e+001 6.830e+001 6.429e+000-7.897e+001 6.601e+000 1.079e+001 1.902e+001-3.208e+002 1.536e+001 8.227e+001
 7.000e+002 2.930e+000 5.700e+001 2.932e+001-3.333e+002-4.014e+000 5.121e+001-5.790e+002 2.082e+004 4.477e+002-3.455e+002 2.591e+001-6.005e+002 2.940e+001 6.907e+001 6.047e+001-2.448e+003 6.936e+001 3.972e+002
 7.130e+002 2.930e+000 4.500e+001 8.737e+000-1.088e+001-2.602e+000-4.037e+000-1.300e+002 3.020e+003 5.693e+001 1.061e+002 3.376e+000-5.538e+001 3.614e+000 2.828e+000 9.278e-001-5.160e+000 6.589e+000 6.313e+001
 7.250e+002 2.930e+000 5.400e+001 2.707e+001-2.485e+001-1.250e+000-1.022e+001-1.137e+003 5.653e+004 4.671e+000 2.034e+002 1.213e+000 2.680e+001 2.617e+000 1.335e+001-2.444e+002 1.284e+004 2.068e+001 3.138e+003
 7.380e+002 2.930e+000 6.000e+001 6.055e+001 3.818e+001 3.058e+000-4.499e+001-3.468e+003 2.171e+005-2.569e+002 3.800e+003-1.087e+001 8.335e+002 6.872e+000 9.721e+001-8.691e+002 5.524e+004 2.243e+002 1.436e+004
 7.500e+002 2.930e+000 7.500e+001 4.594e+001-5.707e+002 3.130e+000 6.974e+001-2.815e+002 1.346e+004 4.710e+002 7.659e+002 3.121e+001-2.548e+002 2.902e+001 6.566e+001 4.946e+001-1.047e+003 7.787e+001 6.883e+002
 7.630e+002 2.930e+000 5.100e+001 5.528e+000-3.047e+001-1.314e+000-1.950e-001-4.342e+001 1.501e+003 3.102e+001 8.470e+001 2.279e+000-7.226e+000 2.170e+000 4.966e+000 8.540e+000-3.667e+001 6.252e+000 5.325e+001
 7.750e+002 2.930e+000 3.600e+001 2.820e+000-1.374e+001-4.611e-001 1.230e+000-1.115e+001 6.516e+002 1.550e+001 1.594e+001 1.459e+000-7.485e+000 1.567e+000 3.762e+000 4.422e+000-4.573e+001 4.743e+000 3.619e+001
 7.880e+002 2.930e+000 4.500e+001 4.584e+000-2.196e+001-6.405e-001-1.587e+000-6.202e+001 2.540e+003 2.460e+001 1.156e+002 1.014e+000-2.497e+000 9.325e-001-5.124e-001-7.290e+000 2.927e+002 2.530e+000 8.628e+001
 8.000e+002 2.930e+000 8.700e+001 1.099e+002-1.189e+003-6.092e+000-8.874e+000-6.804e+002 1.972e+004 4.083e+002 5.337e+001 3.476e+001-1.289e+002 1.410e+001 1.317e+001-2.740e+001 7.017e+002 2.923e+000 3.589e+002
 8.130e+002 2.930e+000 7.200e+001 1.719e+002-1.044e+003 5.451e+000 1.652e+002-8.550e+002 1.163e+004 4.125e+002-1.675e+003 7.073e+001-3.944e+002 3.108e+001 7.917e+001-1.487e+002-2.869e+002-5.070e+001 3.697e+002
 8.250e+002 2.930e+000 4.800e+001 6.246e+000-6.412e+001-2.522e-001 4.753e+000-3.579e+001 1.415e+003 3.060e+001-1.858e+001 2.243e+000-1.304e+001 1.609e+000 4.826e+000 1.097e+000-6.749e+001 1.984e+000 3.556e+001
 8.380e+002 2.930e+000 8.400e+001 5.533e+001-5.548e+002 6.391e+000 3.687e+001-3.150e+002 9.336e+003 1.740e+002-4.062e+002 1.941e+001-1.646e+002 9.720e+000 2.738e+001-3.722e+001 4.026e+001 9.294e-001 3.193e+002
 8.500e+002 2.930e+000 7.800e+001 7.763e+003-8.354e+004 1.489e+003 8.384e+003-4.036e+004 1.113e+006 2.281e+004-1.850e+005 2.835e+003-3.079e+004 1.330e+003 5.637e+003-1.315e+004-2.208e+004-3.172e+003 3.175e+004
 8.630e+002 2.930e+000 4.800e+001 8.811e+000-1.044e+002-6.275e-001 3.414e+000-7.407e+001 2.385e+003 4.380e+001-3.368e+001 3.206e+000-2.369e+001 1.994e+000 3.548e+000 8.263e-001-4.611e+001 1.334e+000 2.191e+001
 8.750e+002 2.930e+000 5.700e+001 1.355e+001-1.634e+002-1.274e+000 6.384e+000-9.318e+001 3.261e+003 7.471e+001 7.370e+001 5.137e+000-2.190e+001 2.880e+000 5.068e+000 9.332e+000-1.495e+002 4.502e+000 3.196e+001
 8.880e+002 2.930e+000 1.260e+002 1.290e+002-1.462e+003-8.099e+000 9.912e+001-7.959e+002 2.370e+004 6.526e+002 4.362e+002 5.322e+001-2.197e+002 2.498e+001 5.541e+001 7.798e+001-1.375e+003 3.701e+001 3.374e+002
 9.000e+002 2.930e+000 9.600e+001 2.278e+003-2.642e+004-2.038e+002 2.034e+003-1.406e+004 3.956e+005 1.325e+004 8.712e+003 1.034e+003-4.037e+003 4.908e+002 1.098e+003 1.834e+003-3.492e+004 6.587e+002 3.410e+003
 9.130e+002 2.930e+000 9.600e+001 3.480e+003-4.137e+004-3.470e+002 2.875e+003-2.216e+004 6.351e+005 2.061e+004 1.769e+004 1.551e+003-5.739e+003 7.332e+002 1.621e+003 3.025e+003-5.310e+004 1.077e+003 5.308e+003
 9.250e+002 2.930e+000 9.300e+001 9.432e+001-1.178e+003-9.895e+000 6.747e+001-7.215e+002 2.203e+004 5.495e+002 2.645e+002 3.822e+001-1.721e+002 1.870e+001 4.149e+001 6.437e+001-1.173e+003 2.373e+001 1.925e+002
 9.380e+002 2.930e+000 1.170e+002 3.608e+002-3.964e+003-1.875e+001 2.594e+002-4.379e+003 1.500e+005 1.578e+003-3.281e+002 1.185e+002-5.507e+002 5.167e+001 1.440e+002-2.947e+002 1.514e+004 9.022e+001 5.329e+003
 9.500e+002 2.930e+000 9.600e+001 2.557e+004-3.290e+005-2.373e+003 1.121e+004-2.359e+005 6.417e+006 1.414e+005 4.415e+004 9.285e+003-5.516e+004 3.602e+003 5.176e+003 1.146e+004-2.494e+005 3.145e+003 1.047e+004
 9.630e+002 2.930e+000 9.000e+001 7.554e+001-9.246e+002-7.747e+000 2.410e+001-7.951e+002 2.124e+004 3.684e+002 5.574e+001 2.306e+001-1.440e+002 9.538e+000 1.477e+001 2.137e+001-4.395e+002 8.077e+000 7.674e+001
 9.750e+002 2.930e+000 9.000e+001 2.981e+001-3.623e+002-2.073e+000 8.376e+000-3.401e+002 9.520e+003 1.360e+002 8.494e+000 8.959e+000-7.617e+001 3.890e+000 6.020e+000 6.438e+000-1.312e+002 2.847e+000 4.131e+001
 9.880e+002 2.930e+000 1.110e+002 9.729e+001-1.261e+003-9.588e+000 2.871e+001-9.982e+002 2.924e+004 4.695e+002 7.876e+001 2.875e+001-1.429e+002 1.303e+001 2.553e+001 1.006e+001-1.896e+002 1.119e+001 2.810e+002
 1.000e+003 2.930e+000 4.110e+002 7.814e+002-1.205e+004-6.868e+001 3.647e+002-8.578e+003 2.939e+005 4.359e+003-5.572e+003 2.396e+002-1.491e+003 9.259e+001 1.384e+002-1.261e+002-4.059e+003 5.567e+000 1.796e+003
 1.130e+003 2.930e+000 9.090e+002 1.804e+003-4.671e+004-5.256e+002-4.701e+003-5.085e+004 3.303e+006 1.637e+004 2.987e+005 1.952e+002 2.097e+004 4.938e+002 2.821e+003 2.593e+003 1.411e+005 3.271e+003 4.989e+004
 1.250e+003 2.930e+000 9.060e+002 2.261e+004-1.765e+005 8.944e+002 4.987e+004-2.987e+005 5.373e+006 6.503e+004-6.409e+005 9.951e+003-1.375e+005 4.484e+003 2.227e+004 1.968e+003-4.058e+005 3.170e+003 1.160e+005
 1.380e+003 2.930e+000 7.590e+002 1.735e+003-6.518e+004-6.189e+002 1.237e+004 5.063e+004 4.671e+006 4.606e+004 7.547e+005 1.648e+003 8.181e+004 1.954e+003 1.608e+004 7.007e+003-2.240e+005 3.223e+003 1.453e+005
 1.500e+003 2.930e+000 5.700e+001 1.809e+002-1.014e+003 1.908e+001 3.037e+002-2.439e+003 5.558e+004 1.026e+002-2.721e+003 5.809e+001-5.622e+002 3.129e+001 1.948e+002-1.958e+002 2.118e+003 3.732e+001 1.991e+003
 1.630e+003 2.930e+000 5.100e+001 2.377e+001-2.370e+002 2.831e+000 2.955e+001-3.646e+002 1.275e+004 2.146e+001-9.529e-001 4.185e+000 1.206e+001 5.764e+000 5.314e+001-6.087e+001 9.107e+002 2.516e+001 9.624e+002
 1.750e+003 2.930e+000 3.900e+001 8.283e+001-4.547e+002 1.379e+001 1.549e+001-1.094e+003 1.931e+004-1.344e+002-1.257e+003 7.394e+000-1.147e+002 1.171e+001 1.374e+002-2.870e+002 4.026e+003 4.868e+001 2.625e+003
 1.880e+003 2.930e+000 7.200e+001 2.233e+002-1.821e+003 7.935e+000 9.414e+000-3.447e+003 7.944e+004-3.028e+001 2.420e+003 3.906e+001 3.482e+000 6.145e+001 5.161e+002-2.575e+002 1.086e+004 3.510e+002 8.103e+003
 2.000e+003 2.930e+000 6.900e+001 1.451e+002-1.215e+003 1.355e+001-5.902e+002-3.491e+003 1.039e+005-7.656e+002 9.361e+003-4.778e+001 1.274e+003 2.889e+001 3.580e+002-7.722e+002 2.521e+004 2.745e+002 7.929e+003
 2.130e+003 2.930e+000 4.800e+001 9.786e+001-5.610e+002 1.270e+001 3.592e+001-1.861e+003 4.249e+004-1.942e+002-7.090e+002 1.676e+001-2.239e+002 1.574e+001 1.205e+002-1.808e+002 4.997e+003 7.068e+001 2.036e+003
 2.250e+003 2.930e+000 4.200e+001 1.231e+001-5.738e+001 9.729e-001-1.584e+001-2.592e+002 7.217e+003-1.289e+001 4.884e+002 2.691e-001 2.305e+001 1.888e+000 1.535e+001-4.537e+001 1.317e+003 1.431e+001 5.018e+002
 2.380e+003 2.930e+000 6.900e+001 5.754e+001-2.594e+002-8.369e-001-2.411e+002-1.428e+003 4.028e+004-9.551e+001 5.791e+003-1.278e+001 4.399e+002 1.082e+001 1.355e+002-2.048e+002 7.808e+003 1.091e+002 3.307e+003
 2.500e+003 2.930e+000 3.900e+001 3.462e+000-2.202e+001-1.866e-001-8.115e+000-6.334e+001 2.009e+003-4.679e-001 1.980e+002-4.567e-001 2.791e+001 1.173e+000 8.560e+000-1.280e+001 5.089e+002 1.322e+001 2.824e+002
 2.630e+003 2.930e+000 6.000e+001 2.205e+001-9.710e+001 1.209e+000-5.881e+001-4.553e+002 1.086e+004-2.396e+001 1.117e+003-2.163e+000 6.820e+001 2.050e+000 2.073e+001-8.633e+001 2.263e+003 1.992e+001 8.004e+002
 2.750e+003 2.930e+000 5.400e+001 5.703e+000-4.174e+001-7.392e-001-1.727e+001-1.148e+002 3.016e+003 1.879e+001 3.618e+002-2.545e-002 1.573e+001 6.684e-001 1.447e+000-1.541e+001 5.263e+002 8.251e+000 2.216e+002
 2.880e+003 2.930e+000 3.900e+001 3.302e+000-2.116e+001-3.344e-001-1.044e+001-7.301e+001 2.083e+003 8.745e+000 2.625e+002-3.876e-001 1.830e+001 4.370e-001 3.005e+000-1.349e+001 3.930e+002 6.359e+000 1.852e+002
 3.000e+003 2.930e+000 5.700e+001 6.354e+000-4.521e+001-1.045e+000-1.820e+001-1.220e+002 3.256e+003 1.904e+001 3.748e+002-5.199e-001 3.743e+001 1.218e+000 4.828e+000-2.431e+001 7.537e+002 1.293e+001 3.253e+002
 3.130e+003 2.930e+000 5.400e+001 2.412e+000-1.215e+001-2.897e-001-1.119e+001-5.966e+001 1.733e+003 4.694e+000 2.464e+002-7.115e-001 2.306e+001 5.515e-001 3.224e+000-1.721e+001 5.198e+002 9.107e+000 2.428e+002
 3.250e+003 2.930e+000 3.600e+001 3.385e+000-2.223e+001-3.873e-001-7.766e+000-6.795e+001 1.923e+003 6.731e+000 2.146e+002-4.533e-001 2.510e+001 6.855e-001 5.449e+000-1.846e+001 5.033e+002 7.834e+000 2.548e+002
 3.380e+003 2.930e+000 7.200e+001 8.931e+000-4.777e+001-3.069e-001-4.891e+001-2.150e+002 5.812e+003-1.031e+001 9.717e+002-3.371e+000 9.088e+001 1.872e+000 2.142e+001-6.403e+001 1.856e+003 2.788e+001 8.526e+002
 3.500e+003 2.930e+000 6.900e+001 4.099e+001-2.884e+002-1.149e+000-2.632e+002-8.641e+002 2.058e+004-1.172e+002 3.719e+003-1.970e+001 4.278e+002 1.020e+001 1.264e+002-2.722e+002 7.690e+003 1.428e+002 3.678e+003
 3.630e+003 2.930e+000 4.500e+001 2.197e+001-1.872e+002 2.087e+000-4.987e+001-3.981e+002 9.140e+003-6.453e+001-6.931e+000-3.818e+000 5.353e+001 1.463e+000 2.468e+001-1.202e+002 2.625e+003 2.172e+001 8.955e+002
 3.750e+003 2.930e+000 7.200e+001 9.811e+000-5.431e+001 2.517e-002-3.589e+001-2.090e+002 5.012e+003-1.245e+001 5.257e+002-2.664e+000 5.813e+001 1.255e+000 1.354e+001-5.801e+001 1.445e+003 2.120e+001 6.131e+002
 3.880e+003 2.930e+000 7.200e+001 3.283e+001-1.977e+002 1.976e+000-1.586e+002-6.818e+002 1.573e+004-1.122e+002 1.923e+003-1.273e+001 2.510e+002 6.101e+000 8.475e+001-2.399e+002 5.926e+003 9.084e+001 2.712e+003
 4.000e+003 2.930e+000 4.800e+001 1.822e+001-2.252e+002 2.741e-001-2.054e+001-4.087e+002 1.244e+004 4.409e+001 2.916e+002 1.543e+000-4.090e+001 3.303e+000 2.615e+001-3.877e+001 8.460e+002 2.624e+001 6.691e+002
 4.130e+003 2.930e+000 7.200e+001 1.291e+001-5.150e+001 2.131e+000-5.229e+001-2.630e+002 5.982e+003-4.797e+001 7.725e+002-5.286e+000 9.780e+001 4.557e+000 5.792e+001-1.183e+002 2.528e+003 5.696e+001 1.645e+003
 4.250e+003 2.930e+000 7.200e+001 9.943e+000-4.227e+001-1.321e-001-4.143e+001-2.057e+002 4.716e+003 1.010e+000 7.728e+002-2.633e+000 5.862e+001 1.928e+000 2.130e+001-5.778e+001 1.329e+003 2.803e+001 7.775e+002
 4.380e+003 2.930e+000 4.800e+001 7.667e+000-2.983e+001 3.535e-001-2.222e+001-1.511e+002 3.255e+003-7.424e+000 3.548e+002-1.779e+000 3.616e+001 1.483e+000 1.722e+001-4.833e+001 1.016e+003 2.030e+001 5.903e+002
 4.500e+003 2.930e+000 7.200e+001 1.241e+001-6.219e+001 9.733e-001-2.359e+001-2.451e+002 5.514e+003-1.127e+001 2.628e+002-1.746e+000 2.424e+001 2.305e+000 2.482e+001-7.007e+001 1.342e+003 2.646e+001 7.939e+002
 4.630e+003 2.930e+000 6.600e+001 6.364e+000-3.321e+001 4.881e-001 2.114e+000-1.190e+002 2.658e+003 6.019e+000 1.111e+001 2.822e-001-6.280e+000 1.274e+000 1.064e+001-2.487e+001 3.758e+002 1.343e+001 3.464e+002
 4.750e+003 2.930e+000 4.500e+001 5.456e+000-1.714e+001 6.772e-001-3.550e+000-1.026e+002 2.142e+003-6.718e+000 5.482e+001-4.941e-001 8.025e+000 8.360e-001 8.703e+000-3.316e+001 6.012e+002 9.841e+000 3.218e+002
 4.880e+003 2.930e+000 6.900e+001 1.014e+001-4.657e+001 1.366e-001-2.915e+001-1.960e+002 4.234e+003-4.424e+000 4.465e+002-1.871e+000 3.650e+001 1.034e+000 1.054e+001-5.183e+001 1.115e+003 1.588e+001 4.974e+002
 5.000e+003 2.930e+000 7.200e+001 6.842e+000-1.611e+001 5.498e-001-9.172e+000-1.285e+002 2.609e+003-6.505e+000 1.371e+002-9.826e-001 1.753e+001 7.853e-001 8.155e+000-4.200e+001 7.793e+002 1.066e+001 3.652e+002
 5.130e+003 2.930e+000 4.500e+001 4.274e+000-1.366e+001 2.788e-001-5.058e+000-8.111e+001 1.721e+003-1.875e+000 1.011e+002-4.684e-001 9.466e+000 4.269e-001 4.367e+000-2.260e+001 4.283e+002 6.698e+000 2.150e+002
 5.250e+003 2.930e+000 7.200e+001 6.919e+000-2.652e+000 1.181e-001-1.566e+001-1.306e+002 2.599e+003 2.066e-003 3.033e+002-1.872e+000 3.351e+001 1.144e+000 9.019e+000-5.049e+001 9.173e+002 1.961e+001 5.132e+002
 5.380e+003 2.930e+000 6.600e+001 6.232e+000-9.549e-001 2.407e-001-1.006e+001-1.141e+002 2.227e+003 1.081e+000 2.051e+002-1.277e+000 2.037e+001 1.211e+000 1.006e+001-4.340e+001 7.244e+002 1.654e+001 4.500e+002
 5.500e+003 2.930e+000 4.800e+001 3.658e+000-2.161e+000 9.489e-002-6.770e+000-6.461e+001 1.223e+003 2.018e-001 1.283e+002-8.267e-001 1.371e+001 5.293e-001 4.708e+000-2.409e+001 3.997e+002 8.952e+000 2.437e+002
 5.630e+003 2.930e+000 7.200e+001 7.637e+000 4.094e+000 2.263e-001-1.927e+001-1.415e+002 2.737e+003 2.043e-001 4.051e+002-2.127e+000 3.773e+001 1.262e+000 1.181e+001-5.713e+001 1.004e+003 2.300e+001 6.236e+002
 5.750e+003 2.930e+000 7.200e+001 7.343e+000 7.058e+000 3.985e-002-1.747e+001-1.296e+002 2.426e+003 5.133e+000 3.467e+002-2.096e+000 3.043e+001 1.772e+000 1.290e+001-5.364e+001 8.508e+002 2.414e+001 5.776e+002
 5.880e+003 2.930e+000 4.800e+001 3.873e+000 2.299e+000 3.732e-001-5.222e+000-6.863e+001 1.310e+003-3.852e+000 1.005e+002-9.600e-001 1.477e+001 7.707e-001 7.623e+000-2.945e+001 4.858e+002 1.123e+001 3.141e+002
 6.000e+003 2.930e+000 7.200e+001 1.071e+001-3.805e+000 8.318e-001-1.604e+001-1.852e+002 3.491e+003-5.165e+000 3.535e+002-2.651e+000 4.317e+001 1.794e+000 1.798e+001-7.727e+001 1.240e+003 2.982e+001 8.042e+002
 6.130e+003 2.930e+000 7.200e+001 7.481e+000 7.423e+000 3.216e-001-1.941e+001-1.266e+002 2.258e+003 6.657e-001 3.753e+002-2.447e+000 3.707e+001 1.764e+000 1.595e+001-5.997e+001 9.280e+002 2.640e+001 6.654e+002
 6.250e+003 2.930e+000 4.800e+001 6.776e+000 8.033e+000 1.269e-001-1.402e+001-1.191e+002 2.189e+003 2.770e+000 2.952e+002-2.011e+000 3.068e+001 1.268e+000 9.520e+000-4.948e+001 7.926e+002 1.921e+001 4.737e+002
 6.380e+003 2.930e+000 7.200e+001 1.158e+001 1.491e+001 8.254e-001-2.516e+001-1.950e+002 3.398e+003-8.084e+000 5.380e+002-3.798e+000 6.366e+001 1.949e+000 1.894e+001-9.448e+001 1.535e+003 3.581e+001 9.374e+002
 6.500e+003 2.930e+000 7.200e+001 1.074e+001 1.187e+001 1.022e+000-2.068e+001-1.693e+002 2.776e+003-8.926e+000 4.324e+002-3.704e+000 5.660e+001 2.228e+000 2.071e+001-9.020e+001 1.353e+003 3.677e+001 9.134e+002
 6.630e+003 2.930e+000 4.800e+001 1.092e+001 8.104e+000 3.673e-001-2.046e+001-1.788e+002 3.095e+003 3.301e+000 4.496e+002-3.113e+000 4.812e+001 2.040e+000 1.644e+001-7.867e+001 1.207e+003 3.239e+001 7.800e+002
 6.750e+003 2.930e+000 7.200e+001 1.877e+001 1.507e+001 1.774e+000-3.133e+001-3.008e+002 5.030e+003-1.348e+001 7.364e+002-6.072e+000 1.003e+002 3.608e+000 3.456e+001-1.498e+002 2.338e+003 5.957e+001 1.479e+003
 6.880e+003 2.930e+000 7.200e+001 1.813e+001 2.609e+001 2.014e+000-3.277e+001-2.818e+002 4.495e+003-1.910e+001 7.375e+002-6.898e+000 1.084e+002 3.591e+000 3.424e+001-1.549e+002 2.333e+003 6.177e+001 1.487e+003
 7.000e+003 2.930e+000 4.800e+001 1.518e+001 2.379e+001 1.083e+000-3.259e+001-2.364e+002 3.798e+003-6.946e+000 6.781e+002-5.826e+000 8.797e+001 3.130e+000 2.669e+001-1.264e+002 1.884e+003 5.209e+001 1.209e+003
 7.130e+003 2.930e+000 7.200e+001 3.397e+001 6.317e+001 4.113e+000-5.374e+001-5.298e+002 8.488e+003-3.878e+001 1.335e+003-1.185e+001 1.868e+002 5.781e+000 6.072e+001-2.812e+002 4.220e+003 9.942e+001 2.539e+003
 7.250e+003 2.930e+000 7.200e+001 3.915e+001 6.902e+001 4.778e+000-7.191e+001-5.896e+002 9.084e+003-4.315e+001 1.677e+003-1.514e+001 2.359e+002 6.973e+000 7.145e+001-3.312e+002 4.846e+003 1.236e+002 3.004e+003
 7.380e+003 2.930e+000 4.800e+001 5.160e+001 9.123e+001 6.989e+000-8.062e+001-7.776e+002 1.194e+004-7.073e+001 1.964e+003-1.846e+001 2.881e+002 8.098e+000 8.936e+001-4.230e+002 6.199e+003 1.452e+002 3.664e+003
 7.500e+003 2.930e+000 7.200e+001 1.033e+002 1.892e+002 1.335e+001-1.726e+002-1.525e+003 2.298e+004-1.231e+002 4.096e+003-3.819e+001 5.832e+002 1.726e+001 1.821e+002-8.482e+002 1.215e+004 3.014e+002 7.401e+003
 7.630e+003 2.930e+000 7.200e+001 2.574e+002 4.505e+002 3.638e+001-4.151e+002-3.752e+003 5.554e+004-3.626e+002 9.720e+003-9.513e+001 1.447e+003 4.105e+001 4.540e+002-2.100e+003 2.985e+004 7.238e+002 1.790e+004
 7.750e+003 2.930e+000 4.800e+001 2.581e+002 4.451e+002 3.880e+001-4.185e+002-3.710e+003 5.418e+004-3.834e+002 9.713e+003-9.817e+001 1.474e+003 4.427e+001 4.856e+002-2.130e+003 2.984e+004 7.575e+002 1.841e+004
 7.880e+003 2.930e+000 7.200e+001 2.186e+003 3.791e+003 3.159e+002-3.669e+003-3.110e+004 4.492e+005-3.064e+003 8.302e+004-8.229e+002 1.225e+004 3.571e+002 3.962e+003-1.778e+004 2.465e+005 6.176e+003 1.510e+005
 8.000e+003 2.930e+000 7.200e+001 3.298e+004 5.553e+004 4.901e+003-5.611e+004-4.639e+005 6.619e+006-4.796e+004 1.239e+006-1.245e+004 1.834e+005 5.431e+003 6.084e+004-2.668e+005 3.659e+006 9.243e+004 2.255e+006
 8.130e+003 2.930e+000 4.800e+001 8.376e+002 1.353e+003 1.234e+002-1.425e+003-1.161e+004 1.631e+005-1.204e+003 3.043e+004-3.121e+002 4.523e+003 1.351e+002 1.508e+003-6.611e+003 8.930e+004 2.259e+003 5.469e+004
 8.250e+003 2.930e+000 7.200e+001 5.574e+002 8.477e+002 8.880e+001-9.015e+002-7.618e+003 1.055e+005-8.981e+002 1.895e+004-2.052e+002 2.932e+003 9.120e+001 1.040e+003-4.384e+003 5.844e+004 1.482e+003 3.610e+004
 8.380e+003 2.930e+000 7.200e+001 1.563e+002 2.404e+002 2.402e+001-2.644e+002-2.100e+003 2.870e+004-2.296e+002 5.371e+003-5.830e+001 8.110e+002 2.690e+001 2.931e+002-1.204e+003 1.567e+004 4.203e+002 9.900e+003
 8.500e+003 2.930e+000 4.800e+001 6.108e+001 8.229e+001 9.712e+000-1.088e+002-8.002e+002 1.064e+004-9.630e+001 2.043e+003-2.269e+001 3.087e+002 1.044e+001 1.177e+002-4.671e+002 5.957e+003 1.600e+002 3.825e+003
 8.630e+003 2.930e+000 7.200e+001 7.694e+001 8.375e+001 1.252e+001-1.271e+002-1.014e+003 1.355e+004-1.335e+002 2.290e+003-2.792e+001 3.767e+002 1.342e+001 1.486e+002-5.821e+002 7.478e+003 2.007e+002 4.763e+003
 8.750e+003 2.930e+000 7.200e+001 3.535e+001 5.181e+001 5.206e+000-6.642e+001-4.488e+002 5.862e+003-4.550e+001 1.183e+003-1.332e+001 1.702e+002 6.997e+000 7.137e+001-2.622e+002 3.174e+003 9.779e+001 2.198e+003
 8.880e+003 2.930e+000 4.800e+001 1.929e+001 2.181e+001 2.597e+000-3.457e+001-2.492e+002 3.298e+003-2.536e+001 5.892e+002-6.442e+000 8.469e+001 2.973e+000 3.215e+001-1.327e+002 1.647e+003 4.338e+001 1.033e+003
 9.000e+003 2.930e+000 7.200e+001 2.793e+001 1.935e+001 3.866e+000-4.768e+001-3.585e+002 4.725e+003-4.111e+001 7.384e+002-9.295e+000 1.191e+002 4.612e+000 4.769e+001-1.885e+002 2.345e+003 6.345e+001 1.460e+003
 9.130e+003 2.930e+000 7.200e+001 1.720e+001 1.588e+001 2.515e+000-3.550e+001-2.128e+002 2.734e+003-2.228e+001 5.201e+002-6.824e+000 7.879e+001 4.783e+000 4.284e+001-1.251e+002 1.443e+003 5.658e+001 1.154e+003
 9.250e+003 2.930e+000 4.800e+001 1.009e+001 9.248e+000 9.739e-001-2.120e+001-1.279e+002 1.679e+003-8.829e+000 3.108e+002-3.115e+000 3.720e+001 1.837e+000 1.704e+001-6.168e+001 7.306e+002 2.265e+001 4.996e+002
 9.380e+003 2.930e+000 7.200e+001 1.695e+001 1.403e+001 2.188e+000-3.393e+001-2.079e+002 2.608e+003-2.154e+001 4.972e+002-5.792e+000 7.027e+001 3.182e+000 3.113e+001-1.119e+002 1.312e+003 4.102e+001 9.112e+002
 9.500e+003 2.930e+000 7.200e+001 1.150e+001 5.624e+000 2.642e+000-1.279e+001-1.336e+002 1.634e+003-2.497e+001 1.603e+002-3.805e+000 3.771e+001 3.797e+000 3.552e+001-8.246e+001 8.663e+002 3.794e+001 7.939e+002
 9.630e+003 2.930e+000 4.800e+001 6.483e+000 4.175e+000 6.689e-001-1.261e+001-7.843e+001 1.032e+003-5.389e+000 1.437e+002-1.925e+000 1.709e+001 1.795e+000 1.496e+001-3.846e+001 3.938e+002 1.873e+001 3.712e+002
 9.750e+003 2.930e+000 7.200e+001 1.130e+001 4.111e+000 2.047e+000-1.561e+001-1.328e+002 1.624e+003-2.208e+001 1.914e+002-3.359e+000 3.707e+001 2.290e+000 2.262e+001-7.065e+001 7.909e+002 2.462e+001 5.520e+002
 9.880e+003 2.930e+000 7.200e+001 6.410e+000 8.406e-001 8.368e-001-1.280e+001-7.152e+001 8.658e+002-7.677e+000 1.291e+002-2.097e+000 1.934e+001 2.062e+000 1.687e+001-3.949e+001 3.960e+002 2.003e+001 3.907e+002
 1.000e+004 2.930e+000 3.540e+002 3.030e+001-5.847e+000 4.272e+000-3.977e+001-3.426e+002 4.394e+003-3.375e+001 3.019e+002-7.822e+000 4.944e+001 1.070e+001 8.264e+001-1.668e+002 1.497e+003 9.585e+001 1.762e+003
 1.130e+004 2.930e+000 6.180e+002 4.092e+001-8.832e+001 3.981e+000-2.043e+001-4.669e+002 6.649e+003-1.161e+001-4.177e+002-2.766e+000-8.111e+001 2.112e+001 1.422e+002-1.388e+002 5.968e+002 1.503e+002 2.393e+003
 1.250e+004 2.930e+000 6.390e+002 3.530e+001-9.979e+001 3.353e+000-2.311e+000-3.905e+002 5.418e+003-6.648e+000-5.092e+002 1.026e+000-1.028e+002 1.668e+001 1.055e+002-8.062e+001 1.394e+002 1.076e+002 1.630e+003
 1.380e+004 2.930e+000 6.420e+002 3.227e+001-1.047e+002 3.273e+000 4.329e+000-3.698e+002 5.189e+003-6.311e+000-3.998e+002 3.887e+000-1.128e+002 1.215e+001 7.310e+001-4.142e+001-1.047e+002 7.775e+001 1.174e+003
 1.500e+004 2.930e+000 6.210e+002 5.535e+001-1.428e+002 8.033e+000 3.591e+001-6.312e+002 8.109e+003-5.505e+001-8.272e+002 1.083e+001-2.004e+002 1.422e+001 8.016e+001-6.761e+001 1.862e+002 6.950e+001 1.124e+003
 1.630e+004 2.930e+000 6.450e+002 6.749e+003-1.975e+004 1.368e+003 8.392e+003-7.764e+004 9.520e+005-1.153e+004-1.345e+005 1.432e+003-2.056e+004 5.962e+002 4.478e+003-1.284e+004 1.224e+005-9.068e+002 3.657e+004
 1.750e+004 2.930e+000 6.270e+002 3.598e+001-8.364e+001 3.581e+000 8.303e+000-3.863e+002 4.854e+003-1.725e+001-4.620e+002 7.779e+000-1.515e+002 1.286e+001 6.676e+001-2.741e+001-2.752e+002 8.210e+001 1.199e+003
 1.880e+004 2.930e+000 5.850e+002 2.355e+001-5.409e+001 1.490e+000 3.462e-001-2.375e+002 2.879e+003-3.531e+000-2.836e+002 5.123e+000-1.023e+002 1.052e+001 5.219e+001-1.176e+001-2.622e+002 6.610e+001 8.826e+002
 2.000e+004 2.930e+000 6.420e+002 3.567e+002-3.067e+003 2.055e+002-2.232e+003-4.731e+002 2.957e+004-4.656e+003-4.035e+004-4.969e+002-1.483e+003 8.739e+002 6.182e+003-4.717e+003 2.379e+004 5.664e+003 8.070e+004
 2.130e+004 2.930e+000 5.730e+002 1.935e+001-7.946e+001 2.798e+000-6.622e+001-1.083e+002 1.532e+003-7.714e+001-6.229e+002-8.107e+000-4.941e+001 1.894e+001 1.231e+002-9.586e+001 4.944e+002 1.138e+002 1.660e+003
 2.250e+004 2.930e+000 5.160e+002 1.401e+001-1.785e+001-1.733e+000-3.401e+001-9.033e+001 6.930e+002 7.820e+000 1.271e+002-4.942e-001-2.728e+000 2.232e+000 5.933e+000-3.100e+001 2.097e+002 1.561e+001 2.740e+002
 2.380e+004 2.930e+000 6.390e+002 3.531e+003-6.032e+003-4.528e+002-9.733e+003-2.278e+004 1.575e+005 2.614e+003 4.430e+004-1.777e+002 1.901e+003 7.026e+001-8.816e+002-1.077e+004 8.597e+004 1.815e+003 5.999e+004
 2.500e+004 2.930e+000 5.820e+002 4.303e+001-8.882e+001-4.509e+000-1.126e+002-2.622e+002 1.880e+003 2.093e+001 3.305e+002-2.453e+000 9.412e+000 4.958e+000 1.497e+001-1.296e+002 9.377e+002 4.636e+001 1.008e+003
 2.630e+004 2.930e+000 4.470e+002 3.978e+000-9.690e+000-3.660e-001-8.420e+000-2.168e+001 1.820e+002 1.630e+000 6.930e+000-9.594e-002-2.609e+000 1.416e+000 5.791e+000-7.630e+000 3.579e+001 9.137e+000 1.322e+002
 2.750e+004 2.930e+000 4.620e+002 3.764e+000-1.289e+001-1.701e-001-4.433e+000-2.455e+001 2.502e+002 1.927e+000 2.102e+000 3.069e-001-5.993e+000 1.307e+000 4.209e+000-2.461e+000-7.392e-001 7.502e+000 8.811e+001
 2.880e+004 2.930e+000 4.440e+002 2.468e+000-7.752e+000-9.218e-002-3.182e+000-1.452e+001 1.419e+002 7.530e-001 4.989e-001 5.981e-002-2.928e+000 8.730e-001 2.617e+000-2.782e+000 5.334e+000 4.947e+000 5.862e+001
 3.000e+004 2.930e+000 4.290e+002 2.610e+000-8.691e+000-4.715e-002-3.329e+000-1.307e+001 1.212e+002-5.704e-001-1.161e+001-1.027e-001-2.178e+000 8.954e-001 2.870e+000-4.834e+000 1.711e+001 5.472e+000 6.651e+001
 3.130e+004 2.930e+000 6.090e+002 3.642e+002-1.646e+003-6.957e+000-8.148e+002-1.569e+003 1.424e+004-4.470e+002-4.214e+003-1.051e+002 4.808e+002 3.177e+001 2.070e+002-1.703e+003 1.100e+004 5.153e+002 9.883e+003
 3.250e+004 2.930e+000 6.240e+002 6.204e+002-2.901e+003-1.043e+001-1.431e+003-2.707e+003 2.544e+004-8.303e+002-7.935e+003-1.869e+002 8.607e+002 5.766e+001 3.836e+002-3.027e+003 1.989e+004 9.430e+002 1.815e+004
 3.380e+004 2.930e+000 4.800e+002 2.863e+000-1.160e+001-3.225e-003-5.549e+000-1.074e+001 1.068e+002-3.446e+000-2.860e+001-7.098e-001 1.262e+000 7.177e-001 2.716e+000-1.015e+001 5.316e+001 5.268e+000 7.703e+001
 3.500e+004 2.930e+000 3.990e+002 1.263e+000-5.652e+000 4.889e-002-1.944e+000-4.509e+000 5.541e+001-2.170e+000-1.610e+001-3.216e-001 6.780e-002 5.428e-001 1.634e+000-4.002e+000 1.945e+001 3.000e+000 3.489e+001
 3.630e+004 2.930e+000 4.260e+002 9.687e-001-5.157e+000 1.551e-001-7.650e-001-3.804e+000 5.529e+001-2.215e+000-1.784e+001-2.271e-001-7.370e-001 4.595e-001 1.355e+000-3.113e+000 1.309e+001 2.247e+000 2.596e+001
 3.750e+004 2.930e+000 4.230e+002 1.049e+000-6.318e+000 3.330e-001 2.450e-001-4.733e+000 7.283e+001-3.020e+000-2.553e+001-1.996e-001-1.634e+000 4.024e-001 1.540e+000-3.440e+000 1.207e+001 1.776e+000 2.314e+001
 3.880e+004 2.930e+000 5.820e+002 4.946e+000-3.818e+001 2.811e+000 1.031e+001-3.064e+001 5.071e+002-2.280e+001-2.388e+002-6.179e-001-1.892e+001 2.070e+000 1.179e+001-2.163e+001 4.909e+001 1.021e+001 1.365e+002
 4.000e+004 2.930e+000 6.480e+002 3.795e+002-3.153e+003 2.396e+002 1.154e+003-2.702e+003 4.547e+004-1.885e+003-2.324e+004-2.140e+001-1.841e+003 1.533e+002 1.077e+003-1.806e+003 3.255e+003 8.349e+002 1.215e+004
 4.130e+004 2.930e+000 6.000e+002 6.043e+000-4.285e+001 3.309e+000 1.396e+001-4.121e+001 6.060e+002-2.278e+001-2.470e+002 4.709e-002-2.445e+001 2.115e+000 1.189e+001-2.031e+001 3.704e+001 8.671e+000 1.179e+002
 4.250e+004 2.930e+000 6.000e+002 2.995e+000-1.867e+001 1.304e+000 4.379e+000-1.943e+001 2.597e+002-7.518e+000-7.303e+001 2.131e-001-9.968e+000 8.362e-001 3.546e+000-6.375e+000 1.305e+001 2.246e+000 3.139e+001
 4.380e+004 2.930e+000 6.060e+002 3.972e+000-2.382e+001 1.468e+000 4.728e+000-2.546e+001 3.214e+002-7.306e+000-7.630e+001 3.889e-001-1.154e+001 7.831e-001 3.365e+000-7.156e+000 1.724e+001 1.588e+000 2.815e+001
 4.500e+004 2.930e+000 6.120e+002 6.390e+000-3.811e+001 2.186e+000 6.802e+000-4.173e+001 5.145e+002-1.026e+001-1.171e+002 7.156e-001-1.794e+001 1.016e+000 5.008e+000-1.170e+001 3.553e+001 1.483e+000 3.792e+001
 4.630e+004 2.930e+000 6.450e+002 2.049e+001-1.218e+002 6.513e+000 2.087e+001-1.353e+002 1.633e+003-2.911e+001-3.793e+002 2.367e+000-5.454e+001 2.534e+000 1.547e+001-4.001e+001 1.405e+002 2.441e+000 1.105e+002
 4.750e+004 2.930e+000 6.480e+002 2.146e+003-1.311e+004 6.758e+002 2.078e+003-1.423e+004 1.745e+005-3.141e+003-4.505e+004 2.195e+002-5.584e+003 2.355e+002 1.825e+003-5.117e+003 2.124e+004 1.318e+002 1.423e+004
 4.880e+004 2.930e+000 6.240e+002 9.042e+002-5.512e+003 2.791e+002 7.880e+002-5.926e+003 7.246e+004-1.322e+003-1.851e+004 8.314e+001-2.246e+003 9.395e+001 7.485e+002-2.189e+003 9.547e+003 4.214e+001 6.000e+003
 5.000e+004 2.930e+000 6.240e+002 5.811e+000-3.243e+001 1.616e+000 3.036e+000-3.444e+001 3.974e+002-7.920e+000-7.949e+001 3.253e-001-1.097e+001 5.845e-001 3.289e+000-1.066e+001 4.722e+001 4.320e-001 2.755e+001
 5.130e+004 2.930e+000 5.550e+002 1.750e+000-9.072e+000 4.700e-001 4.425e-001-9.614e+000 1.086e+002-2.239e+000-1.520e+001 8.367e-002-2.913e+000 2.146e-001 7.036e-001-2.297e+000 1.098e+001 1.162e-001 6.527e+000
 5.250e+004 2.930e+000 5.280e+002 1.416e+000-7.353e+000 3.793e-001 2.544e-001-7.541e+000 8.656e+001-1.601e+000-1.123e+001 9.132e-002-2.454e+000 1.840e-001 5.283e-001-1.732e+000 8.525e+000 1.765e-002 5.093e+000
 5.380e+004 2.930e+000 5.910e+002 2.952e+000-1.620e+001 7.109e-001 2.334e+000-1.662e+001 1.923e+002-1.159e+000-3.278e+001 5.884e-001-7.649e+000 6.873e-001 2.556e+000-2.846e+000 3.922e+000 1.214e+000 1.953e+001
 5.500e+004 2.930e+000 6.420e+002 1.219e+002-7.847e+002 4.183e+001 1.011e+002-7.261e+002 9.392e+003-1.738e+002-2.657e+003 1.172e+001-3.394e+002 1.560e+001 1.193e+002-3.185e+002 1.248e+003 4.217e+000 9.263e+002
 5.630e+004 2.930e+000 6.240e+002 7.947e+002-5.121e+003 2.713e+002 6.578e+002-4.752e+003 6.143e+004-1.114e+003-1.746e+004 7.882e+001-2.220e+003 1.006e+002 7.818e+002-2.098e+003 8.305e+003 1.673e+001 6.094e+003
 5.750e+004 2.930e+000 6.240e+002 4.652e+000-2.727e+001 1.439e+000 2.553e+000-2.528e+001 3.072e+002-5.598e+000-6.558e+001 3.820e-001-1.061e+001 5.682e-001 2.936e+000-8.520e+000 3.164e+001 2.081e-001 2.238e+001
 5.880e+004 2.930e+000 5.340e+002 1.012e+000-5.059e+000 3.110e-001 3.388e-001-4.937e+000 5.530e+001-1.206e+000-7.345e+000 6.586e-002-1.916e+000 1.616e-001 3.885e-001-1.070e+000 3.364e+000 9.867e-002 3.536e+000
 6.000e+004 2.930e+000 4.020e+002 4.510e-001-2.173e+000 1.339e-001 8.824e-002-2.180e+000 2.487e+001-4.992e-001-2.145e+000 3.450e-002-8.585e-001 8.712e-002 1.362e-001-3.318e-001 1.031e+000 4.329e-002 1.344e+000
 6.130e+004 2.930e+000 4.350e+002 4.728e-001-2.237e+000 1.405e-001 1.007e-001-2.218e+000 2.480e+001-4.516e-001-2.184e+000 4.433e-002-9.342e-001 9.424e-002 1.324e-001-3.266e-001 7.838e-001 4.733e-002 1.400e+000
 6.250e+004 2.930e+000 5.940e+002 3.185e+000-1.898e+001 1.175e+000 2.739e+000-1.704e+001 2.119e+002-3.383e+000-5.235e+001 4.909e-001-9.727e+000 5.854e-001 2.764e+000-6.054e+000 1.616e+001 1.344e-001 1.821e+001
 6.380e+004 2.930e+000 6.240e+002 3.533e+002-2.253e+003 1.373e+002 4.978e+002-2.067e+003 2.648e+004-3.454e+002-8.697e+003 7.180e+001-1.296e+003 6.810e+001 4.539e+002-9.061e+002 2.128e+003 9.632e+000 3.038e+003
 6.500e+004 2.930e+000 5.970e+002 4.583e+000-2.656e+001 1.595e+000 4.555e+000-2.466e+001 2.943e+002-3.170e+000-7.281e+001 9.182e-001-1.435e+001 8.255e-001 3.875e+000-8.087e+000 1.703e+001 7.980e-002 2.368e+001
 6.630e+004 2.930e+000 5.010e+002 9.922e-001-5.054e+000 2.914e-001 4.384e-001-4.660e+000 5.212e+001-3.951e-001-6.757e+000 1.869e-001-2.427e+000 1.765e-001 3.839e-001-8.392e-001 1.741e+000 3.380e-003 2.389e+000
 6.750e+004 2.930e+000 4.080e+002 4.003e-001-1.827e+000 9.594e-002 5.068e-002-1.624e+000 1.745e+001-1.131e-001-6.860e-001 6.062e-002-7.079e-001 6.870e-002 5.740e-002-1.018e-001 2.035e-001 1.291e-002 4.573e-001
 6.880e+004 2.930e+000 4.050e+002 3.646e-001-1.543e+000 8.368e-002-4.252e-001-1.374e+000 1.437e+001-3.569e-001-1.477e+000-2.671e-002-4.579e-001 3.332e-001 1.756e+000-5.083e-001 2.528e+000 1.102e+000 1.607e+001
 7.000e+004 2.930e+000 4.650e+002 7.776e-001-4.017e+000 1.560e-001 1.188e-001-3.248e+000 3.780e+001 3.656e-002-2.164e+000 1.279e-001-1.345e+000 8.808e-002 9.062e-002-2.887e-001 6.077e-001-1.471e-002 5.841e-001
 7.130e+004 2.930e+000 5.940e+002 2.237e+001-1.404e+002 4.980e+000 8.663e+000-1.058e+002 1.389e+003 4.029e+000-2.335e+002 4.372e+000-5.208e+001 2.026e+000 8.603e+000-3.047e+001 8.937e+001-3.981e+000 4.906e+001
 7.250e+004 2.930e+000 6.210e+002 1.581e+001-9.893e+001 3.371e+000 4.007e+000-7.359e+001 9.706e+002 2.724e+000-1.495e+002 2.912e+000-3.483e+001 1.320e+000 5.277e+000-2.073e+001 7.105e+001-2.953e+000 3.194e+001
 7.380e+004 2.930e+000 3.900e+002 5.267e-001-2.618e+000 7.940e-002-2.465e-002-2.048e+000 2.370e+001-7.698e-003-9.799e-001 5.467e-002-6.301e-001 4.032e-002 4.907e-002-2.102e-001 8.865e-001-8.729e-003 5.362e-001
 7.500e+004 2.930e+000 1.140e+002 4.574e-002-1.457e-001 6.491e-003-6.938e-003-1.729e-001 1.419e+000-2.788e-002 0.000e+000-1.316e-003-8.691e-003 5.348e-003 7.426e-003-1.805e-002 9.148e-002 1.980e-003 9.151e-002
 7.630e+004 2.930e+000 9.300e+001 2.528e-002-6.575e-002 4.051e-003-1.625e-003-8.601e-002 6.975e-001-1.927e-002 0.000e+000-1.989e-003 1.870e-003 4.403e-003 5.968e-003-1.030e-002 4.517e-002 5.937e-003 9.022e-002
 7.750e+004 2.930e+000 6.900e+001 1.706e-002-5.400e-002 2.382e-003 0.000e+000-6.629e-002 5.318e-001-1.322e-002 0.000e+000-1.841e-003 1.712e-003 2.196e-003 0.000e+000 0.000e+000 0.000e+000 0.000e+000 0.000e+000
 7.880e+004 2.930e+000 2.070e+002 4.287e-001-2.521e+000 7.743e-002-1.060e-001-1.734e+000 2.351e+001-7.304e-002-2.985e+000 3.591e-002-6.449e-001 2.941e-002 1.190e-001-5.528e-001 2.769e+000-5.226e-002 1.299e+000
 8.000e+004 2.930e+000 5.580e+002 9.336e+000-6.349e+001 2.418e+000-1.026e+000-4.025e+001 6.139e+002-3.407e+000-1.285e+002 1.012e+000-2.112e+001 7.954e-001 5.082e+000-1.930e+001 8.921e+001-2.321e+000 4.392e+001
 8.130e+004 2.930e+000 2.460e+002 3.664e-001-1.744e+000 4.201e-002-1.629e-001-1.662e+000 1.812e+001 9.895e-003-6.578e-001 2.682e-002-4.080e-001 2.526e-002 5.267e-002-2.962e-001 1.676e+000-2.794e-003 9.335e-001
 8.250e+004 2.930e+000 8.100e+001 1.893e-002-7.774e-002 1.779e-003 0.000e+000-5.979e-002 6.873e-001-7.013e-003 0.000e+000-2.513e-004-5.815e-003 2.674e-003 0.000e+000 0.000e+000 0.000e+000 0.000e+000 0.000e+000
 8.380e+004 2.930e+000 4.200e+001 8.722e-003-2.955e-002 3.411e-004 0.000e+000-3.724e-002 3.273e-001-5.938e-003 0.000e+000-1.206e-003 5.279e-003 1.113e-003 0.000e+000 0.000e+000 0.000e+000 0.000e+000 0.000e+000
 8.500e+004 2.930e+000 5.700e+001 9.522e-003-3.952e-002 7.641e-004-1.376e-003-3.848e-002 4.030e-001-6.173e-003 0.000e+000-1.187e-003 2.047e-003 1.723e-003 7.266e-004-1.704e-003 2.014e-002 8.434e-004 2.014e-002
 8.630e+004 2.930e+000 9.600e+001 2.590e-002-1.039e-001 2.465e-003-1.623e-003-9.702e-002 9.523e-001-1.491e-002-1.980e-002-1.787e-003-1.373e-003 3.665e-003 3.003e-003-7.077e-003 1.974e-002 1.750e-003 3.955e-002
 8.750e+004 2.930e+000 4.740e+002 2.712e+000-1.666e+001 5.368e-001 9.876e-002-1.162e+001 1.645e+002 1.278e+000-2.183e+001 4.630e-001-5.861e+000 2.988e-001 1.030e+000-3.565e+000 1.065e+001-2.745e-001 8.201e+000
 8.880e+004 2.930e+000 3.390e+002 1.644e+000-9.706e+000 2.743e-001-3.133e-002-7.280e+000 9.869e+001 1.065e+000-1.038e+001 2.887e-001-3.338e+000 1.824e-001 5.125e-001-1.923e+000 5.875e+000-9.283e-002 4.577e+000
 9.000e+004 2.930e+000 4.200e+001 7.237e-003-3.059e-002 6.647e-004-1.186e-003-2.373e-002 3.054e-001-2.342e-003-1.916e-002-3.913e-004-2.202e-003 1.079e-003 2.926e-003-4.567e-003 0.000e+000 3.118e-003 3.812e-002
 9.130e+004 2.930e+000 1.500e+001 2.605e-003-9.716e-003 1.240e-005-2.082e-003-1.087e-002 9.367e-002-1.460e-003 0.000e+000-3.515e-004 1.521e-003 2.968e-004 1.460e-003-2.328e-003 1.872e-002 1.521e-003 1.872e-002
 9.250e+004 2.930e+000 3.600e+001 5.056e-003-1.245e-002 1.658e-004-8.213e-003-1.519e-002 1.484e-001-5.128e-003 0.000e+000-1.389e-003 3.742e-003 1.057e-003 5.845e-003-1.208e-002 5.576e-002 5.966e-003 1.300e-001
 9.380e+004 2.930e+000 3.000e+001 5.130e-003-1.614e-002-8.792e-005-4.176e-003-1.286e-002 1.643e-001-7.314e-004 0.000e+000-7.522e-004 7.313e-004 8.144e-004 2.921e-003-4.490e-003 0.000e+000 4.382e-003 5.497e-002
 9.500e+004 2.930e+000 2.220e+002 7.223e-001-3.419e+000 8.312e-003-4.939e-001-3.500e+000 3.800e+001 6.227e-001-3.619e-001 8.410e-002-7.047e-001 5.088e-002 6.796e-002-5.704e-001 3.633e+000 3.093e-002 2.032e+000
 9.630e+004 2.930e+000 0.000e+000 0.000e+000 0.000e+000 0.000e+000 0.000e+000 0.000e+000 0.000e+000 0.000e+000 0.000e+000 0.000e+000 0.000e+000 0.000e+000 0.000e+000 0.000e+000 0.000e+000 0.000e+000 0.000e+000
 9.750e+004 2.930e+000 0.000e+000 0.000e+000 0.000e+000 0.000e+000 0.000e+000 0.000e+000 0.000e+000 0.000e+000 0.000e+000 0.000e+000 0.000e+000 0.000e+000 0.000e+000 0.000e+000 0.000e+000 0.000e+000 0.000e+000
 9.880e+004 2.930e+000 0.000e+000 0.000e+000 0.000e+000 0.000e+000 0.000e+000 0.000e+000 0.000e+000 0.000e+000 0.000e+000 0.000e+000 0.000e+000 0.000e+000 0.000e+000 0.000e+000 0.000e+000 0.000e+000 0.000e+000
 1.000e+005 2.930e+000 0.000e+000 0.000e+000 0.000e+000 0.000e+000 0.000e+000 0.000e+000 0.000e+000 0.000e+000 0.000e+000 0.000e+000 0.000e+000 0.000e+000 0.000e+000 0.000e+000 0.000e+000 0.000e+000 0.000e+000
