 6.250e+000 2.930e+000 0.000e+000 0.000e+000 0.000e+000 0.000e+000 0.000e+000 0.000e+000 0.000e+000 0.000e+000 0.000e+000 0.000e+000 0.000e+000 0.000e+000 0.000e+000 0.000e+000 0.000e+000 0.000e+000 0.000e+000
 7.500e+000 2.930e+000 0.000e+000 0.000e+000 0.000e+000 0.000e+000 0.000e+000 0.000e+000 0.000e+000 0.000e+000 0.000e+000 0.000e+000 0.000e+000 0.000e+000 0.000e+000 0.000e+000 0.000e+000 0.000e+000 0.000e+000
 8.750e+000 2.930e+000 0.000e+000 0.000e+000 0.000e+000 0.000e+000 0.000e+000 0.000e+000 0.000e+000 0.000e+000 0.000e+000 0.000e+000 0.000e+000 0.000e+000 0.000e+000 0.000e+000 0.000e+000 0.000e+000 0.000e+000
 1.000e+001 2.930e+000 0.000e+000 0.000e+000 0.000e+000 0.000e+000 0.000e+000 0.000e+000 0.000e+000 0.000e+000 0.000e+000 0.000e+000 0.000e+000 0.000e+000 0.000e+000 0.000e+000 0.000e+000 0.000e+000 0.000e+000
 1.130e+001 2.930e+000 2.400e+001 2.859e+003-1.784e+003 2.513e+001-3.300e+002 2.267e+003 1.748e+005 5.409e+002 8.334e+003 4.651e+002 8.817e+002 1.629e+002 4.957e+002 1.530e+003 2.381e+004 9.263e+002 2.203e+004
 1.250e+001 2.930e+000 0.000e+000 0.000e+000 0.000e+000 0.000e+000 0.000e+000 0.000e+000 0.000e+000 0.000e+000 0.000e+000 0.000e+000 0.000e+000 0.000e+000 0.000e+000 0.000e+000 0.000e+000 0.000e+000 0.000e+000
 1.380e+001 2.930e+000 0.000e+000 0.000e+000 0.000e+000 0.000e+000 0.000e+000 0.000e+000 0.000e+000 0.000e+000 0.000e+000 0.000e+000 0.000e+000 0.000e+000 0.000e+000 0.000e+000 0.000e+000 0.000e+000 0.000e+000
 1.500e+001 2.930e+000 2.400e+001 2.718e+003-8.444e+002-1.347e+002 7.929e+002 5.360e+002 1.542e+005-1.396e+003 1.030e+004 6.841e+002 3.119e+002 4.018e+002 1.465e+003 2.285e+003 1.991e+004 1.321e+003 2.225e+004
 1.630e+001 2.930e+000 0.000e+000 0.000e+000 0.000e+000 0.000e+000 0.000e+000 0.000e+000 0.000e+000 0.000e+000 0.000e+000 0.000e+000 0.000e+000 0.000e+000 0.000e+000 0.000e+000 0.000e+000 0.000e+000 0.000e+000
 1.750e+001 2.930e+000 2.400e+001 1.521e+003-4.022e+003 2.532e+001 4.499e+002-4.082e+002 1.083e+005 5.892e+002-9.208e+002 2.625e+002 1.912e+002 1.611e+002 8.035e+002 4.505e+002 1.038e+004 9.499e+002 1.884e+004
 1.880e+001 2.930e+000 0.000e+000 0.000e+000 0.000e+000 0.000e+000 0.000e+000 0.000e+000 0.000e+000 0.000e+000 0.000e+000 0.000e+000 0.000e+000 0.000e+000 0.000e+000 0.000e+000 0.000e+000 0.000e+000 0.000e+000
 2.000e+001 2.930e+000 2.400e+001 3.518e+003-3.380e+003-8.147e+001-7.582e+002-3.243e+003 1.004e+005 6.262e+002 3.077e+002 6.942e+002-4.225e+002 2.299e+002 1.257e+002 6.887e+002 8.361e+003 7.986e+002 1.474e+004
 2.130e+001 2.930e+000 0.000e+000 0.000e+000 0.000e+000 0.000e+000 0.000e+000 0.000e+000 0.000e+000 0.000e+000 0.000e+000 0.000e+000 0.000e+000 0.000e+000 0.000e+000 0.000e+000 0.000e+000 0.000e+000 0.000e+000
 2.250e+001 2.930e+000 0.000e+000 0.000e+000 0.000e+000 0.000e+000 0.000e+000 0.000e+000 0.000e+000 0.000e+000 0.000e+000 0.000e+000 0.000e+000 0.000e+000 0.000e+000 0.000e+000 0.000e+000 0.000e+000 0.000e+000
 2.380e+001 2.930e+000 2.100e+001 7.682e+003 3.712e+003-4.146e+001 3.472e+002-2.503e+003 7.830e+004-1.087e+003 1.077e+003 1.626e+003-1.771e+002 4.171e+002 4.355e+002 1.999e+003 8.498e+003 8.228e+002 1.100e+004
 2.500e+001 2.930e+000 0.000e+000 0.000e+000 0.000e+000 0.000e+000 0.000e+000 0.000e+000 0.000e+000 0.000e+000 0.000e+000 0.000e+000 0.000e+000 0.000e+000 0.000e+000 0.000e+000 0.000e+000 0.000e+000 0.000e+000
 2.630e+001 2.930e+000 2.400e+001 7.118e+003-7.197e+002 1.395e+002 2.368e+003-1.111e+003 5.734e+004-1.984e+002-2.279e+003 1.449e+003-6.643e+002 3.779e+002 8.890e+002 8.717e+002 5.671e+003 3.745e+002 1.030e+004
 2.750e+001 2.930e+000 0.000e+000 0.000e+000 0.000e+000 0.000e+000 0.000e+000 0.000e+000 0.000e+000 0.000e+000 0.000e+000 0.000e+000 0.000e+000 0.000e+000 0.000e+000 0.000e+000 0.000e+000 0.000e+000 0.000e+000
 2.880e+001 2.930e+000 2.400e+001 5.914e+003 2.748e+003 9.569e+001 2.451e+003-4.723e+003 6.326e+004-2.306e+002 2.613e+003 1.174e+003-4.757e+002 3.120e+002 7.949e+002 1.220e+003 8.428e+001 6.440e+002 8.634e+003
 3.000e+001 2.930e+000 0.000e+000 0.000e+000 0.000e+000 0.000e+000 0.000e+000 0.000e+000 0.000e+000 0.000e+000 0.000e+000 0.000e+000 0.000e+000 0.000e+000 0.000e+000 0.000e+000 0.000e+000 0.000e+000 0.000e+000
 3.130e+001 2.930e+000 0.000e+000 0.000e+000 0.000e+000 0.000e+000 0.000e+000 0.000e+000 0.000e+000 0.000e+000 0.000e+000 0.000e+000 0.000e+000 0.000e+000 0.000e+000 0.000e+000 0.000e+000 0.000e+000 0.000e+000
 3.250e+001 2.930e+000 2.400e+001 1.421e+004-1.157e+003 2.300e+001 1.624e+003-1.862e+003 4.880e+004 8.723e+001 3.516e+003 2.833e+003-1.427e+002 6.658e+002 8.512e+002-1.576e+002 1.907e+003 1.952e+002 7.841e+003
 3.380e+001 2.930e+000 0.000e+000 0.000e+000 0.000e+000 0.000e+000 0.000e+000 0.000e+000 0.000e+000 0.000e+000 0.000e+000 0.000e+000 0.000e+000 0.000e+000 0.000e+000 0.000e+000 0.000e+000 0.000e+000 0.000e+000
 3.500e+001 2.930e+000 2.100e+001 1.834e+004 2.325e+003 1.783e+002 3.374e+003-3.985e+003 4.645e+004-9.563e+002 5.307e+002 3.865e+003-6.204e+002 8.946e+002 1.135e+003 2.577e+003 3.106e+003 4.244e+002 7.421e+003
 3.630e+001 2.930e+000 0.000e+000 0.000e+000 0.000e+000 0.000e+000 0.000e+000 0.000e+000 0.000e+000 0.000e+000 0.000e+000 0.000e+000 0.000e+000 0.000e+000 0.000e+000 0.000e+000 0.000e+000 0.000e+000 0.000e+000
 3.750e+001 2.930e+000 2.400e+001 3.117e+004 1.369e+004 5.882e+002 7.615e+003-1.034e+004 7.252e+004-3.403e+003 4.099e+003 6.700e+003-1.510e+003 1.582e+003 2.323e+003-6.101e+002 3.278e+003 2.011e+002 1.278e+004
 3.880e+001 2.930e+000 0.000e+000 0.000e+000 0.000e+000 0.000e+000 0.000e+000 0.000e+000 0.000e+000 0.000e+000 0.000e+000 0.000e+000 0.000e+000 0.000e+000 0.000e+000 0.000e+000 0.000e+000 0.000e+000 0.000e+000
 4.000e+001 2.930e+000 0.000e+000 0.000e+000 0.000e+000 0.000e+000 0.000e+000 0.000e+000 0.000e+000 0.000e+000 0.000e+000 0.000e+000 0.000e+000 0.000e+000 0.000e+000 0.000e+000 0.000e+000 0.000e+000 0.000e+000
 4.130e+001 2.930e+000 2.400e+001 8.674e+004 3.024e+004 1.456e+003 1.681e+004-4.545e+004 9.838e+004-9.380e+003-1.405e+002 1.983e+004-8.791e+003 4.745e+003 4.162e+003-3.757e+003 1.029e+004-6.144e+002 9.277e+003
 4.250e+001 2.930e+000 0.000e+000 0.000e+000 0.000e+000 0.000e+000 0.000e+000 0.000e+000 0.000e+000 0.000e+000 0.000e+000 0.000e+000 0.000e+000 0.000e+000 0.000e+000 0.000e+000 0.000e+000 0.000e+000 0.000e+000
 4.380e+001 2.930e+000 2.400e+001 1.998e+005 8.882e+004 3.825e+003 3.270e+004-7.472e+004 1.532e+005-2.589e+004 9.208e+003 4.536e+004-1.283e+004 1.084e+004 8.296e+003-1.889e+004 2.214e+004-4.578e+003 1.220e+004
 4.500e+001 2.930e+000 0.000e+000 0.000e+000 0.000e+000 0.000e+000 0.000e+000 0.000e+000 0.000e+000 0.000e+000 0.000e+000 0.000e+000 0.000e+000 0.000e+000 0.000e+000 0.000e+000 0.000e+000 0.000e+000 0.000e+000
 4.630e+001 2.930e+000 2.400e+001 3.811e+005 1.069e+005 5.135e+003 6.513e+004-1.599e+005 2.749e+005-3.610e+004 1.312e+004 8.129e+004-2.411e+004 1.874e+004 1.540e+004-7.387e+003 1.360e+004-3.965e+003 2.386e+004
 4.750e+001 2.930e+000 0.000e+000 0.000e+000 0.000e+000 0.000e+000 0.000e+000 0.000e+000 0.000e+000 0.000e+000 0.000e+000 0.000e+000 0.000e+000 0.000e+000 0.000e+000 0.000e+000 0.000e+000 0.000e+000 0.000e+000
 4.880e+001 2.930e+000 0.000e+000 0.000e+000 0.000e+000 0.000e+000 0.000e+000 0.000e+000 0.000e+000 0.000e+000 0.000e+000 0.000e+000 0.000e+000 0.000e+000 0.000e+000 0.000e+000 0.000e+000 0.000e+000 0.000e+000
 5.000e+001 2.930e+000 2.400e+001 7.771e+007-4.387e+007 3.247e+005 1.080e+007-2.639e+007 3.404e+007 4.923e+006 2.084e+006 8.877e+006-3.222e+006 1.025e+006 1.188e+006 1.011e+007-9.526e+006 1.201e+006 2.825e+006
 5.130e+001 2.930e+000 0.000e+000 0.000e+000 0.000e+000 0.000e+000 0.000e+000 0.000e+000 0.000e+000 0.000e+000 0.000e+000 0.000e+000 0.000e+000 0.000e+000 0.000e+000 0.000e+000 0.000e+000 0.000e+000 0.000e+000
 5.250e+001 2.930e+000 2.400e+001 2.538e+005 4.785e+004 5.665e+003 3.956e+004-1.451e+005 2.588e+005-2.152e+004 1.511e+004 4.743e+004-1.883e+004 1.007e+004 9.022e+003 1.158e+004-1.243e+003 1.780e+001 2.047e+004
 5.380e+001 2.930e+000 0.000e+000 0.000e+000 0.000e+000 0.000e+000 0.000e+000 0.000e+000 0.000e+000 0.000e+000 0.000e+000 0.000e+000 0.000e+000 0.000e+000 0.000e+000 0.000e+000 0.000e+000 0.000e+000 0.000e+000
 5.500e+001 2.930e+000 0.000e+000 0.000e+000 0.000e+000 0.000e+000 0.000e+000 0.000e+000 0.000e+000 0.000e+000 0.000e+000 0.000e+000 0.000e+000 0.000e+000 0.000e+000 0.000e+000 0.000e+000 0.000e+000 0.000e+000
 5.630e+001 2.930e+000 2.400e+001 8.114e+004 2.069e+004 1.415e+003 1.333e+004-3.984e+004 9.584e+004-7.442e+003 5.949e+003 1.609e+004-5.632e+003 3.539e+003 3.233e+003 3.067e+002 4.761e+003-6.090e+002 9.261e+003
 5.750e+001 2.930e+000 0.000e+000 0.000e+000 0.000e+000 0.000e+000 0.000e+000 0.000e+000 0.000e+000 0.000e+000 0.000e+000 0.000e+000 0.000e+000 0.000e+000 0.000e+000 0.000e+000 0.000e+000 0.000e+000 0.000e+000
 5.880e+001 2.930e+000 2.400e+001 6.583e+004 2.675e+004 9.531e+002 1.108e+004-2.350e+004 6.693e+004-7.422e+003 1.896e+003 1.419e+004-3.833e+003 3.271e+003 2.731e+003 6.088e+002 5.399e+003 1.352e+002 6.134e+003
 6.000e+001 2.930e+000 0.000e+000 0.000e+000 0.000e+000 0.000e+000 0.000e+000 0.000e+000 0.000e+000 0.000e+000 0.000e+000 0.000e+000 0.000e+000 0.000e+000 0.000e+000 0.000e+000 0.000e+000 0.000e+000 0.000e+000
 6.130e+001 2.930e+000 2.400e+001 1.908e+004 2.717e+003 2.547e+002 1.381e+003-8.797e+003 2.398e+004-1.073e+003 8.473e+001 3.479e+003-1.608e+003 7.229e+002 4.577e+002-2.528e+002 2.265e+003-9.155e+001 3.625e+003
 6.250e+001 2.930e+000 0.000e+000 0.000e+000 0.000e+000 0.000e+000 0.000e+000 0.000e+000 0.000e+000 0.000e+000 0.000e+000 0.000e+000 0.000e+000 0.000e+000 0.000e+000 0.000e+000 0.000e+000 0.000e+000 0.000e+000
 6.380e+001 2.930e+000 0.000e+000 0.000e+000 0.000e+000 0.000e+000 0.000e+000 0.000e+000 0.000e+000 0.000e+000 0.000e+000 0.000e+000 0.000e+000 0.000e+000 0.000e+000 0.000e+000 0.000e+000 0.000e+000 0.000e+000
 6.500e+001 2.930e+000 2.400e+001 1.549e+004 5.518e+003 3.471e+002 1.874e+003-6.516e+003 2.575e+004-1.503e+003 4.810e+002 2.990e+003-1.039e+003 6.546e+002 5.590e+002 1.814e+002 2.907e+003 1.420e+002 3.558e+003
 6.630e+001 2.930e+000 0.000e+000 0.000e+000 0.000e+000 0.000e+000 0.000e+000 0.000e+000 0.000e+000 0.000e+000 0.000e+000 0.000e+000 0.000e+000 0.000e+000 0.000e+000 0.000e+000 0.000e+000 0.000e+000 0.000e+000
 6.750e+001 2.930e+000 2.400e+001 1.020e+004 1.130e+003 1.513e+002 2.494e+003 1.153e+003 2.577e+004-3.981e+002 1.185e+003 2.063e+003 3.241e+002 4.854e+002 7.353e+002 9.937e+002 1.323e+003 4.204e+002 6.869e+003
 6.880e+001 2.930e+000 0.000e+000 0.000e+000 0.000e+000 0.000e+000 0.000e+000 0.000e+000 0.000e+000 0.000e+000 0.000e+000 0.000e+000 0.000e+000 0.000e+000 0.000e+000 0.000e+000 0.000e+000 0.000e+000 0.000e+000
 7.000e+001 2.930e+000 2.400e+001 3.861e+003-2.182e+003 4.810e+000 7.894e+002-9.561e+002 1.772e+004 3.901e+002 1.089e+003 7.396e+002-3.038e+002 1.769e+002 2.244e+002 1.255e+003-1.073e+003 3.758e+002 4.635e+003
 7.130e+001 2.930e+000 0.000e+000 0.000e+000 0.000e+000 0.000e+000 0.000e+000 0.000e+000 0.000e+000 0.000e+000 0.000e+000 0.000e+000 0.000e+000 0.000e+000 0.000e+000 0.000e+000 0.000e+000 0.000e+000 0.000e+000
 7.250e+001 2.930e+000 0.000e+000 0.000e+000 0.000e+000 0.000e+000 0.000e+000 0.000e+000 0.000e+000 0.000e+000 0.000e+000 0.000e+000 0.000e+000 0.000e+000 0.000e+000 0.000e+000 0.000e+000 0.000e+000 0.000e+000
 7.380e+001 2.930e+000 2.400e+001 4.556e+003-1.383e+002 8.606e+001 5.732e+002-1.508e+003 2.279e+004 1.064e+002-3.371e+001 8.201e+002-3.535e+002 1.717e+002 1.720e+002 4.544e+001 4.645e+002 8.926e+000 1.397e+003
 7.500e+001 2.930e+000 0.000e+000 0.000e+000 0.000e+000 0.000e+000 0.000e+000 0.000e+000 0.000e+000 0.000e+000 0.000e+000 0.000e+000 0.000e+000 0.000e+000 0.000e+000 0.000e+000 0.000e+000 0.000e+000 0.000e+000
 7.630e+001 2.930e+000 2.400e+001 6.912e+003 2.630e+003 1.086e+002 2.258e+003-1.545e+003 1.881e+004-6.062e+002 1.801e+002 1.439e+003-4.040e+002 3.528e+002 7.476e+002-1.042e+003 8.104e+002 3.380e+001 5.064e+003
 7.750e+001 2.930e+000 0.000e+000 0.000e+000 0.000e+000 0.000e+000 0.000e+000 0.000e+000 0.000e+000 0.000e+000 0.000e+000 0.000e+000 0.000e+000 0.000e+000 0.000e+000 0.000e+000 0.000e+000 0.000e+000 0.000e+000
 7.880e+001 2.930e+000 2.400e+001 3.641e+003 4.476e+002-4.712e+000 1.189e+003 1.808e+002 1.580e+004-1.507e+001 1.547e+003 7.401e+002-6.466e+001 1.806e+002 4.092e+002 6.504e+002-7.665e+002 3.423e+002 5.733e+003
 8.000e+001 2.930e+000 0.000e+000 0.000e+000 0.000e+000 0.000e+000 0.000e+000 0.000e+000 0.000e+000 0.000e+000 0.000e+000 0.000e+000 0.000e+000 0.000e+000 0.000e+000 0.000e+000 0.000e+000 0.000e+000 0.000e+000
 8.130e+001 2.930e+000 0.000e+000 0.000e+000 0.000e+000 0.000e+000 0.000e+000 0.000e+000 0.000e+000 0.000e+000 0.000e+000 0.000e+000 0.000e+000 0.000e+000 0.000e+000 0.000e+000 0.000e+000 0.000e+000 0.000e+000
 8.250e+001 2.930e+000 2.400e+001 2.303e+003 4.286e+002-3.229e+001 2.795e+001 8.808e+001 1.752e+004 2.282e+001 1.405e+003 4.354e+002-7.504e-002 1.044e+002 1.670e+002 9.560e+002-3.679e+002 2.901e+002 3.926e+003
 8.380e+001 2.930e+000 0.000e+000 0.000e+000 0.000e+000 0.000e+000 0.000e+000 0.000e+000 0.000e+000 0.000e+000 0.000e+000 0.000e+000 0.000e+000 0.000e+000 0.000e+000 0.000e+000 0.000e+000 0.000e+000 0.000e+000
 8.500e+001 2.930e+000 2.400e+001 1.846e+003 5.193e+002-1.064e+001 3.078e+002-1.530e+002 1.956e+004 1.520e+002 3.633e+003 3.269e+002-4.983e+001 7.806e+001 2.079e+002 3.115e+002-1.757e+003 2.046e+002 4.463e+003
 8.630e+001 2.930e+000 0.000e+000 0.000e+000 0.000e+000 0.000e+000 0.000e+000 0.000e+000 0.000e+000 0.000e+000 0.000e+000 0.000e+000 0.000e+000 0.000e+000 0.000e+000 0.000e+000 0.000e+000 0.000e+000 0.000e+000
 8.750e+001 2.930e+000 2.100e+001 1.678e+003 5.411e+002-2.128e+000 2.663e+002-9.021e+002 1.188e+004-9.739e+001 3.527e+002 3.376e+002-1.963e+002 9.334e+001 2.811e+002 5.114e+002 9.271e+002 2.749e+002 4.873e+003
 8.880e+001 2.930e+000 0.000e+000 0.000e+000 0.000e+000 0.000e+000 0.000e+000 0.000e+000 0.000e+000 0.000e+000 0.000e+000 0.000e+000 0.000e+000 0.000e+000 0.000e+000 0.000e+000 0.000e+000 0.000e+000 0.000e+000
 9.000e+001 2.930e+000 0.000e+000 0.000e+000 0.000e+000 0.000e+000 0.000e+000 0.000e+000 0.000e+000 0.000e+000 0.000e+000 0.000e+000 0.000e+000 0.000e+000 0.000e+000 0.000e+000 0.000e+000 0.000e+000 0.000e+000
 9.130e+001 2.930e+000 2.400e+001 1.628e+003 2.967e+002 1.372e+001 1.676e+002-5.096e+002 1.516e+004-2.540e+001-1.933e+002 3.286e+002-2.168e+002 8.423e+001 1.240e+002 2.177e+002 7.582e+002 8.446e+001 1.236e+003
 9.250e+001 2.930e+000 0.000e+000 0.000e+000 0.000e+000 0.000e+000 0.000e+000 0.000e+000 0.000e+000 0.000e+000 0.000e+000 0.000e+000 0.000e+000 0.000e+000 0.000e+000 0.000e+000 0.000e+000 0.000e+000 0.000e+000
 9.380e+001 2.930e+000 2.400e+001 1.248e+003 6.595e+002-6.147e+000-6.213e+001 1.003e+001 1.351e+004-1.170e+002 4.331e+002 1.993e+002-6.300e+001 3.901e+001 1.478e+001 2.177e+002 1.308e+003 5.795e+001 8.838e+002
 9.500e+001 2.930e+000 0.000e+000 0.000e+000 0.000e+000 0.000e+000 0.000e+000 0.000e+000 0.000e+000 0.000e+000 0.000e+000 0.000e+000 0.000e+000 0.000e+000 0.000e+000 0.000e+000 0.000e+000 0.000e+000 0.000e+000
 9.630e+001 2.930e+000 2.100e+001 1.391e+003 5.147e+002 1.346e-001 1.238e+002 4.926e+002 1.133e+004-8.262e+001-1.419e+002 2.457e+002 2.937e+001 4.793e+001 3.221e+001 1.959e+002 8.740e+002 3.670e+001 4.058e+002
 9.750e+001 2.930e+000 0.000e+000 0.000e+000 0.000e+000 0.000e+000 0.000e+000 0.000e+000 0.000e+000 0.000e+000 0.000e+000 0.000e+000 0.000e+000 0.000e+000 0.000e+000 0.000e+000 0.000e+000 0.000e+000 0.000e+000
 9.880e+001 2.930e+000 0.000e+000 0.000e+000 0.000e+000 0.000e+000 0.000e+000 0.000e+000 0.000e+000 0.000e+000 0.000e+000 0.000e+000 0.000e+000 0.000e+000 0.000e+000 0.000e+000 0.000e+000 0.000e+000 0.000e+000
 1.000e+002 2.930e+000 3.300e+001 1.934e+003 3.254e+002-5.516e+001-2.495e+002 6.692e+002 1.630e+004-1.329e+002-3.437e+002 3.405e+002 1.963e+002 9.281e+001-5.594e+001 1.499e+002 1.872e+003 3.930e+001 5.314e+002
 1.130e+002 2.930e+000 4.200e+001 1.127e+003 1.083e+003-1.818e+001 2.261e+002 5.839e+002 2.138e+004-1.913e+002-7.639e+002 1.962e+002-7.416e+001 6.084e+001 2.479e+002 4.097e+002 1.035e+003 2.505e+002 4.245e+003
 1.250e+002 2.930e+000 3.900e+001 1.096e+003 1.430e+003-2.037e+001 3.532e+002-1.474e+002 2.661e+004-2.611e+002-1.206e+003 2.182e+002-4.440e+002 6.564e+001 2.165e+002 4.374e+002 9.090e+000 2.134e+002 3.297e+003
 1.380e+002 2.930e+000 3.300e+001 8.374e+002 1.580e+003-1.413e+001 1.576e+002 2.240e+002 1.606e+004-3.216e+002-1.693e+002 1.554e+002-7.896e+001 3.635e+001 7.558e+001 7.124e+001 1.467e+003 2.940e+001 9.450e+002
 1.500e+002 2.930e+000 3.600e+001 1.142e+003 3.216e+003 1.469e+001-8.591e+000-4.893e+002 2.291e+004-6.532e+002 1.269e+003 2.190e+002-1.336e+002 5.186e+001 6.407e+001-3.002e+002 1.203e+003-1.044e+002 1.202e+003
 1.630e+002 2.930e+000 3.900e+001 1.052e+003 2.057e+003 1.589e+001 1.055e+003-1.190e+002 2.601e+004-4.502e+002-3.350e+003 2.487e+002-5.435e+002 1.012e+002 6.694e+002-3.034e+001-6.046e+002 3.330e+002 9.342e+003
 1.750e+002 2.930e+000 3.300e+001 1.413e+003 3.937e+003-7.236e+001 6.824e+002-1.376e+002 2.947e+004-8.355e+002-2.908e+003 3.426e+002-6.797e+002 1.133e+002 3.882e+002 6.527e+002-1.261e+003 3.548e+002 5.039e+003
 1.880e+002 2.930e+000 5.100e+001 2.951e+003 4.491e+003-4.538e+001 4.762e+002 1.681e+003 5.965e+004-9.475e+002-2.740e+003 6.285e+002-7.265e+002 1.885e+002 5.708e+002 5.266e+002 1.226e+003 4.323e+002 9.878e+003
 2.000e+002 2.930e+000 3.900e+001 1.809e+005-3.728e+005 1.014e+004-6.438e+004 7.908e+004 1.004e+006 6.576e+004-1.479e+005 3.118e+004-1.103e+004 6.084e+003-7.148e+003-5.061e+004 1.486e+005-1.265e+004 5.022e+004
 2.130e+002 2.930e+000 4.800e+001 8.778e+003 1.348e+004-1.274e+002 1.742e+003-3.393e+003 4.169e+004-2.760e+003-2.141e+003 1.894e+003-1.337e+003 4.485e+002 7.724e+002 2.660e+002-2.400e+001 3.917e+002 9.324e+003
 2.250e+002 2.930e+000 9.900e+001 2.588e+004 6.768e+004-9.316e+002 8.707e+003-1.571e+004 2.184e+005-1.462e+004-6.602e+003 5.867e+003-6.305e+003 1.408e+003 2.423e+003 1.073e+003 2.151e+004 3.051e+002 1.238e+004
 2.380e+002 2.930e+000 9.600e+001 1.092e+005 3.162e+005-4.848e+003 4.643e+004-8.959e+004 1.051e+006-7.109e+004-7.069e+004 2.609e+004-3.590e+004 6.509e+003 1.221e+004 1.238e+004 1.242e+005 1.459e+003 3.474e+004
 2.500e+002 2.930e+000 9.600e+001 3.731e+006 1.153e+007-1.893e+005 1.581e+006-3.360e+006 4.045e+007-2.614e+006-3.087e+006 9.046e+005-1.412e+006 2.292e+005 4.116e+005 5.498e+005 4.423e+006 5.394e+004 7.715e+005
 2.630e+002 2.930e+000 9.600e+001 6.746e+004 2.061e+005-3.339e+003 3.193e+004-6.315e+004 7.672e+005-4.636e+004-5.829e+004 1.642e+004-2.653e+004 4.220e+003 8.705e+003 9.945e+003 8.462e+004 1.350e+003 2.757e+004
 2.750e+002 2.930e+000 9.300e+001 1.488e+004 4.921e+004-8.229e+002 5.767e+003-1.221e+004 2.139e+005-1.062e+004-1.819e+004 3.566e+003-6.601e+003 9.725e+002 2.221e+003 3.489e+003 8.674e+003 1.111e+003 1.622e+004
 2.880e+002 2.930e+000 7.800e+001 7.263e+003 2.803e+004-2.119e+002 3.048e+003 6.817e+002 1.618e+005-4.905e+003 8.702e+003 1.455e+003-1.725e+003 3.734e+002 1.155e+003-2.099e+003 4.157e+003 1.781e+002 1.631e+004
 3.000e+002 2.930e+000 8.100e+001 2.614e+004 1.940e+005-1.206e+003 2.144e+004 9.622e+004 2.171e+006-3.307e+004 5.079e+004 4.160e+003 1.526e+003 8.248e+002 3.912e+003 3.107e+003 1.800e+005-2.697e+002 2.804e+004
 3.130e+002 2.930e+000 4.500e+001 4.062e+003 3.495e+003 4.868e+001 2.599e+003-8.401e+002 2.916e+004-4.652e+002 3.574e+003 1.044e+003-5.157e+002 3.117e+002 1.051e+003 4.627e+002-1.718e+003 6.341e+002 1.243e+004
 3.250e+002 2.930e+000 6.300e+001 1.219e+004 1.845e+004 1.392e+002 5.161e+003-6.964e+003 4.922e+004-4.462e+003 6.664e+002 2.890e+003-1.765e+003 7.036e+002 1.387e+003-3.129e+003 1.007e+004-6.004e+002 5.392e+003
 3.380e+002 2.930e+000 8.700e+001 9.651e+004 1.480e+005 1.282e+003 4.723e+004-5.552e+004 2.852e+005-3.637e+004 8.539e+003 2.326e+004-1.176e+004 5.639e+003 1.184e+004-2.348e+004 8.657e+004-4.917e+003 3.235e+004
 3.500e+002 2.930e+000 9.600e+001 3.099e+006 4.940e+006 3.174e+004 1.457e+006-1.817e+006 9.035e+006-1.214e+006 3.681e+005 7.499e+005-3.908e+005 1.819e+005 3.610e+005-7.661e+005 2.771e+006-1.700e+005 8.895e+005
 3.630e+002 2.930e+000 9.600e+001 1.083e+005 1.760e+005 1.049e+003 5.338e+004-6.449e+004 3.506e+005-4.323e+004 7.563e+003 2.628e+004-1.434e+004 6.419e+003 1.347e+004-2.392e+004 1.004e+005-5.027e+003 3.836e+004
 3.750e+002 2.930e+000 1.050e+002 2.467e+004 4.198e+004 6.004e+001 1.155e+004-1.526e+004 1.123e+005-1.022e+004-6.336e+003 6.074e+003-4.466e+003 1.564e+003 3.474e+003-2.314e+003 1.555e+004 1.512e+002 2.034e+004
 3.880e+002 2.930e+000 6.600e+001 8.226e+003 1.402e+004 1.796e+001 3.950e+003-6.263e+003 4.911e+004-3.487e+003-1.486e+003 2.027e+003-1.835e+003 5.101e+002 1.048e+003-1.512e+003 8.368e+003-3.213e+002 3.688e+003
 4.000e+002 2.930e+000 6.000e+001 6.549e+003 2.153e+004-1.875e+002 5.699e+003-5.550e+003 1.312e+005-6.176e+003-1.188e+004 1.779e+003-3.253e+003 5.281e+002 1.890e+003 2.184e+002 2.631e+004-1.097e+002 9.549e+003
 4.130e+002 2.930e+000 3.900e+001 2.053e+003 3.534e+003 2.197e+001 1.404e+003 7.834e+002 1.867e+004-6.812e+002 1.374e+003 4.732e+002 3.152e+000 1.372e+002 5.963e+002-2.864e+001 7.636e+002 3.193e+002 7.927e+003
 4.250e+002 2.930e+000 3.600e+001 1.931e+003 4.089e+003-1.962e+001 8.502e+002 1.532e+003 2.175e+004-9.337e+002-3.563e+002 4.221e+002 1.035e+002 1.000e+002 2.407e+002 1.630e+002 2.493e+003 7.167e+001 1.678e+003
 4.380e+002 2.930e+000 6.300e+001 6.135e+003 1.696e+004-5.637e+001 2.815e+003 1.221e+004 9.650e+004-3.125e+003 8.358e+003 1.165e+003 1.692e+003 2.487e+002 7.357e+002-6.966e+002 3.365e+003 1.029e+002 6.939e+003
 4.500e+002 2.930e+000 9.600e+001 1.269e+005 4.067e+005-2.067e+003 7.437e+004 5.419e+005 3.781e+006-8.010e+004 2.316e+005 2.245e+004 8.713e+004 4.072e+003 1.395e+004 2.688e+004 3.577e+005 3.837e+003 5.814e+004
 4.630e+002 2.930e+000 8.100e+001 6.040e+003 1.609e+004-1.265e+002 2.024e+003 2.889e+004 2.390e+005-3.003e+003 4.578e+003 9.698e+002 3.330e+003 2.011e+002 6.616e+002 1.495e+003 1.134e+004 5.446e+002 8.864e+003
 4.750e+002 2.930e+000 6.000e+001 1.965e+003 3.803e+003 7.646e+000 9.097e+002 9.553e+003 1.079e+005-9.512e+001 7.836e+003 3.064e+002 6.682e+002 9.133e+001 4.465e+002 1.215e+002-2.189e+003 4.924e+002 1.034e+004
 4.880e+002 2.930e+000 4.200e+001 1.750e+003 1.415e+003 5.414e+000 6.789e+002 6.763e+003 6.961e+004-9.475e+001 4.236e+003 3.212e+002 7.291e+002 7.727e+001 2.290e+002 6.232e+002 4.465e+003 2.451e+002 4.230e+003
 5.000e+002 2.930e+000 7.800e+001 4.198e+004 1.219e+005-2.741e+002 2.176e+004-1.604e+004 5.632e+005-2.806e+004 1.125e+004 9.547e+003-6.818e+003 2.229e+003 5.277e+003-7.917e+003 8.486e+004-1.807e+003 2.261e+004
 5.130e+002 2.930e+000 1.200e+002 1.101e+004 6.430e+004-6.136e+002 5.855e+003 5.586e+004 7.346e+005-1.290e+004 1.529e+004 1.682e+003 3.941e+003 3.353e+002 1.368e+003 2.271e+003 4.929e+004 3.851e+002 1.359e+004
 5.250e+002 2.930e+000 9.600e+001 1.444e+004 7.428e+004-6.016e+002 1.043e+004 9.995e+004 1.143e+006-1.453e+004 4.115e+004 2.067e+003 1.013e+004 3.596e+002 2.007e+003 5.721e+003 9.117e+004 6.711e+002 1.641e+004
 5.380e+002 2.930e+000 9.600e+001 6.188e+004 3.069e+005-3.044e+003 3.738e+004 4.409e+005 4.784e+006-6.435e+004 1.038e+005 8.743e+003 4.561e+004 1.446e+003 7.295e+003 3.310e+004 4.208e+005 3.302e+003 5.105e+004
 5.500e+002 2.930e+000 9.600e+001 2.229e+006 1.085e+007-1.113e+005 1.192e+006 1.597e+007 1.695e+008-2.268e+006 3.186e+006 3.049e+005 1.610e+006 4.784e+004 2.184e+005 1.097e+006 1.366e+007 9.080e+004 1.185e+006
 5.630e+002 2.930e+000 1.200e+002 7.586e+004 3.449e+005-3.575e+003 3.926e+004 5.216e+005 5.291e+006-7.210e+004 1.049e+005 1.061e+004 5.501e+004 1.717e+003 7.622e+003 3.729e+004 4.386e+005 3.858e+003 5.136e+004
 5.750e+002 2.930e+000 9.600e+001 1.115e+004 5.000e+004-5.423e+002 3.993e+003 6.869e+004 6.943e+005-1.013e+004 1.453e+003 1.522e+003 6.040e+003 2.725e+002 1.070e+003 4.186e+003 4.290e+004 6.664e+002 1.012e+004
 5.880e+002 2.930e+000 9.300e+001 5.991e+003 2.521e+004-2.300e+002 2.610e+003 3.135e+004 3.043e+005-4.483e+003 1.074e+004 8.590e+002 2.839e+003 1.664e+002 6.172e+002 9.987e+002 1.169e+004 3.693e+002 7.199e+003
 6.000e+002 2.930e+000 7.800e+001 4.251e+003 1.894e+004-1.867e+002 2.301e+003 1.084e+004 1.803e+005-3.360e+003 9.921e+003 7.525e+002 3.695e+002 1.845e+002 6.921e+002 2.681e+002 1.250e+004 4.125e+002 1.171e+004
 6.130e+002 2.930e+000 6.900e+001 1.507e+003 5.139e+003-6.648e+001 2.113e+002 6.267e+003 5.920e+004-1.087e+003-2.976e+003 2.308e+002 4.060e+002 5.801e+001 2.388e+002 4.946e+002 2.216e+003 2.578e+002 4.702e+003
 6.250e+002 2.930e+000 4.500e+001 8.531e+002 2.714e+003-3.535e+001-1.098e+002 2.774e+003 3.216e+004-2.656e+002-2.561e+002 1.216e+002-1.653e+002 5.146e+001 2.333e+002-7.749e+001-5.981e+003 3.539e+002 6.412e+003
 6.380e+002 2.930e+000 3.600e+001 6.696e+002 1.806e+003 1.527e+000 2.651e+002 3.116e+001 2.588e+004-1.419e+002 5.783e+003 1.109e+002-1.681e+000 3.292e+001 1.638e+002-5.744e+002 2.837e+003 1.182e+002 5.678e+003
 6.500e+002 2.930e+000 6.600e+001 2.713e+004-2.314e+005 1.100e+003-3.289e+004-1.177e+005 4.840e+006 5.003e+004 2.172e+005 6.565e+003-4.725e+004 1.700e+003-7.754e+003-5.123e+003 6.429e+005-3.639e+003 1.038e+005
 6.630e+002 2.930e+000 4.500e+001 6.953e+002-5.629e+002 1.205e+001 2.651e+001 2.145e+003 5.987e+004 9.812e+001-1.810e+002 1.122e+002-1.556e+002 4.358e+001 2.302e+002-9.483e+001 3.661e+003 2.185e+002 6.296e+003
 6.750e+002 2.930e+000 6.600e+001 6.167e+002 4.660e+002-5.735e+000 2.921e+002 2.335e+003 4.168e+004-5.118e+001 7.593e+002 1.133e+002 2.688e+001 3.377e+001 1.379e+002 2.273e+002 1.720e+003 1.251e+002 2.325e+003
 6.880e+002 2.930e+000 4.200e+001 3.523e+002 2.007e+002-2.492e+000 1.742e+002 1.566e+003 2.042e+004 2.482e+002 3.007e+003 6.121e+001-4.514e+001 4.174e+001 2.491e+002 1.619e+002-3.749e+003 4.215e+002 7.227e+003
 7.000e+002 2.930e+000 7.500e+001 4.847e+003 2.056e+004-3.384e+002 3.205e+003 6.133e+003 1.163e+005-4.711e+003-4.561e+003 1.032e+003-4.536e+002 2.700e+002 1.053e+003 2.016e+003 1.598e+004 5.029e+002 9.780e+003
 7.130e+002 2.930e+000 4.200e+001 2.096e+002 5.432e+002 5.408e+000 1.693e+002 7.015e+002 1.337e+004-2.437e+001-5.845e+002 3.167e+001-1.483e+002 2.197e+001 1.757e+002-1.050e+002-1.919e+003 1.614e+002 3.564e+003
 7.250e+002 2.930e+000 4.200e+001 2.066e+002 4.547e+002-1.302e+000 7.087e+001 7.810e+002 1.404e+004 1.677e+002 1.166e+003 3.197e+001-1.998e+002 3.189e+001 2.001e+002 1.685e+000-4.660e+003 3.223e+002 5.426e+003
 7.380e+002 2.930e+000 4.500e+001 2.236e+002 3.581e+002-4.144e+000 4.510e+001 6.788e+002 7.835e+003 3.280e+001 1.269e+003 3.905e+001 3.568e+001 1.837e+001 9.145e+001 8.649e+001-7.600e+002 1.716e+002 3.052e+003
 7.500e+002 2.930e+000 9.300e+001 8.052e+003 2.554e+004-1.109e+002 4.153e+003 1.844e+004 1.472e+005-4.937e+003 1.795e+004 1.399e+003 2.813e+003 2.923e+002 9.991e+002-2.384e+003 6.253e+003-1.584e+002 1.028e+004
 7.630e+002 2.930e+000 4.200e+001 1.669e+002 3.180e+002 4.280e+000 1.903e+002 4.429e+002 8.254e+003 4.798e+001 2.621e+002 3.277e+001-1.148e+002 2.379e+001 1.743e+002-9.110e+000-2.167e+003 1.948e+002 3.664e+003
 7.750e+002 2.930e+000 4.800e+001 2.295e+002 4.733e+002-5.154e+000 8.056e+001 4.078e+002 7.264e+003 2.604e+001 7.129e+002 4.599e+001-1.003e+002 2.554e+001 1.244e+002 9.928e+001-2.150e+003 2.202e+002 3.494e+003
 7.880e+002 2.930e+000 5.100e+001 2.662e+002 6.082e+002-1.068e+001 4.330e+001 3.623e+002 7.128e+003-3.919e+001 1.598e+002 4.860e+001-1.111e+002 2.743e+001 1.638e+002 4.384e+001-1.770e+003 2.369e+002 4.572e+003
 8.000e+002 2.930e+000 6.900e+001 1.398e+003 2.269e+003 1.539e+001 1.094e+003-1.043e+003 1.442e+004-5.455e+002-1.304e+003 3.380e+002-4.283e+002 9.381e+001 3.552e+002-1.118e+002 1.259e+003 8.718e+001 2.972e+003
 8.130e+002 2.930e+000 4.500e+001 1.891e+002 2.399e+002 6.576e+000 1.947e+002 2.742e+002 6.456e+003 1.018e+002 5.333e+002 3.755e+001-1.415e+002 2.656e+001 1.825e+002-3.751e+001-2.780e+003 2.194e+002 4.044e+003
 8.250e+002 2.930e+000 3.900e+001 1.806e+002 5.346e+002-1.300e+001-2.959e+001 2.671e+002 4.819e+003-4.052e+001 7.063e+002 3.139e+001-3.635e+001 1.392e+001 5.063e+001 4.008e+001-7.933e+002 1.161e+002 2.073e+003
 8.380e+002 2.930e+000 7.800e+001 1.183e+003-2.243e+001 1.269e+000 7.747e+002 9.442e+002 9.246e+003-2.478e+001-2.463e+002 2.163e+002 6.494e+001 6.237e+001 3.358e+002 3.218e+002-9.050e+000 2.759e+002 5.176e+003
 8.500e+002 2.930e+000 5.400e+001 7.288e+004-5.930e+004 5.512e+002 4.823e+004 6.990e+004 1.811e+005 1.457e+004 5.656e+004 1.707e+004 1.511e+004 4.031e+003 1.139e+004 1.203e+004-2.688e+004 3.416e+003 3.933e+004
 8.630e+002 2.930e+000 4.200e+001 3.268e+002 4.055e+002 2.068e-001 2.638e+002 5.898e+002 5.275e+003-4.665e+001 5.768e+002 7.029e+001 6.096e+001 2.027e+001 9.097e+001 1.065e+002 9.670e+000 7.801e+001 1.260e+003
 8.750e+002 2.930e+000 4.200e+001 2.691e+002 5.587e+002-9.508e+000 1.427e+002 3.888e+002 4.920e+003-7.501e+001-2.120e+002 5.929e+001-5.941e+001 2.955e+001 1.711e+002 1.687e+002-1.123e+003 2.342e+002 3.994e+003
 8.880e+002 2.930e+000 8.400e+001 3.393e+002 7.905e+002-9.722e+000 1.708e+002 5.519e+002 8.491e+003-1.766e+002-6.461e+002 6.288e+001-4.618e+001 2.507e+001 1.452e+002 9.788e+001 1.298e+002 1.439e+002 2.920e+003
 9.000e+002 2.930e+000 5.100e+001 4.236e+002 1.324e+003-6.100e+000 4.655e+002-6.751e+001 1.166e+004-2.906e+002-4.373e+002 9.977e+001-1.371e+002 2.991e+001 1.494e+002 4.977e+001 1.834e+003 6.951e+001 2.046e+003
 9.130e+002 2.930e+000 5.400e+001 1.120e+003 2.056e+003-3.488e+001 1.019e+003 1.365e+003 1.245e+004-5.288e+002-9.814e+002 2.735e+002 1.818e+002 8.363e+001 4.071e+002 7.400e+002 3.586e+003 3.706e+002 6.704e+003
 9.250e+002 2.930e+000 3.900e+001 4.913e+002 1.146e+003-1.797e+001 2.776e+002 5.417e+002 5.024e+003-2.578e+002-9.577e+000 1.080e+002 4.465e+001 2.773e+001 9.180e+001 2.165e+002 6.676e+002 7.753e+001 1.089e+003
 9.380e+002 2.930e+000 8.100e+001 1.790e+003 2.980e+003-5.140e+001 1.521e+003 2.618e+003 1.774e+004-8.218e+002 1.642e+003 3.922e+002 3.858e+002 1.092e+002 4.896e+002 1.449e+002 2.441e+003 1.249e+002 4.643e+003
 9.500e+002 2.930e+000 6.600e+001 1.233e+005 2.438e+005 1.668e+003 8.663e+004 1.650e+005 7.520e+005-4.918e+004 1.926e+005 2.606e+004 3.738e+004 5.558e+003 1.900e+004-3.906e+004 1.184e+005-6.911e+003 7.729e+004
 9.630e+002 2.930e+000 4.200e+001 3.324e+002 4.953e+002 1.727e-001 1.716e+002 3.585e+002 3.523e+003-8.269e+001 2.832e+001 6.877e+001-5.599e+000 2.341e+001 1.124e+002-7.322e+000-3.919e+002 1.076e+002 2.320e+003
 9.750e+002 2.930e+000 4.500e+001 2.068e+002 5.533e+002-7.819e+000 5.974e+001 2.374e+002 4.498e+003-1.033e+002-8.634e+002 4.064e+001-1.138e+002 2.299e+001 1.391e+002 5.777e+001-1.355e+003 1.888e+002 3.481e+003
 9.880e+002 2.930e+000 8.100e+001 3.272e+002 3.020e+002-2.000e+001 1.203e+002 4.437e+002 6.038e+003-8.835e+001-1.979e+000 6.813e+001 1.821e+001 2.369e+001 8.545e+001 2.084e+002 7.110e+002 1.103e+002 2.021e+003
 1.000e+003 2.930e+000 2.700e+002 2.008e+003 6.642e+002-5.142e+001 1.075e+003 4.856e+003 9.739e+004-4.822e+002 9.124e+002 4.711e+002 1.398e+003 1.871e+002 1.087e+003 2.777e+003 4.127e+004 1.873e+003 4.634e+004
 1.130e+003 2.930e+000 3.720e+002 2.652e+003-5.490e+003-1.402e+002-6.803e+003-1.409e+004 2.810e+005 4.242e+002 3.346e+004 2.676e+002 2.970e+002 1.217e+002 1.174e+002-6.307e+003 1.466e+005 1.526e+003 1.092e+005
 1.250e+003 2.930e+000 3.990e+002 2.353e+003 2.466e+002-1.200e+002-8.390e+002 1.043e+004 1.075e+005-1.110e+003-9.391e+003 4.776e+002 2.556e+003 1.447e+002 5.141e+002 4.018e+003 5.001e+004 1.650e+003 3.701e+004
 1.380e+003 2.930e+000 3.960e+002 7.670e+002 5.413e+003-3.010e+001 2.328e+003 4.373e+003 1.494e+005-2.112e+003-5.751e+002 1.714e+002 1.251e+003 7.305e+001 1.156e+003 2.267e+003 7.119e+004 9.732e+002 4.334e+004
 1.500e+003 2.930e+000 6.300e+001 4.356e+002 5.149e+002-2.399e+001 5.800e+002 1.837e+003 5.634e+004-1.118e+003 1.796e+003 6.241e+001 5.435e+002 3.574e+001 5.431e+002 9.001e+002 2.398e+004 2.487e+002 1.117e+004
 1.630e+003 2.930e+000 6.600e+001 7.427e+002 3.848e+003 7.066e+000 1.775e+003 1.661e+003 1.053e+005-1.865e+003 6.841e+003 8.511e+001 8.879e+002 4.224e+001 8.485e+002 4.409e+002 4.446e+004 2.664e+002 1.961e+004
 1.750e+003 2.930e+000 4.800e+001 1.158e+003 1.823e+004 4.090e+001 8.760e+003 7.784e+003 5.967e+005-1.184e+004 3.150e+004 4.312e+002 6.101e+003 3.008e+002 5.650e+003 2.311e+003 2.686e+005 2.174e+003 1.237e+005
 1.880e+003 2.930e+000 5.100e+001 3.555e+003 4.568e+004-2.130e+002 1.997e+004 2.713e+004 1.143e+006-2.588e+004 4.342e+004 1.268e+003 9.157e+003 6.788e+002 1.073e+004 9.205e+003 4.585e+005 2.982e+003 1.906e+005
 2.000e+003 2.930e+000 7.200e+001 4.781e+003 6.804e+004 5.947e+001 2.881e+004 1.901e+004 1.750e+006-4.042e+004 7.167e+004 1.770e+003 1.302e+004 1.040e+003 1.705e+004 4.902e+003 7.154e+005 3.709e+003 2.962e+005
 2.130e+003 2.930e+000 4.800e+001 1.641e+003 1.833e+004 1.241e+002 7.505e+003-6.170e+002 4.567e+005-1.095e+004 1.952e+004 4.312e+002 3.210e+003 2.890e+002 4.641e+003-1.100e+003 1.881e+005 8.545e+002 7.842e+004
 2.250e+003 2.930e+000 7.200e+001 8.556e+002 5.427e+003 1.264e+001 2.255e+003 1.113e+003 1.650e+005-4.116e+003 6.719e+003 1.469e+002 1.404e+003 1.163e+002 1.746e+003 2.162e+002 6.769e+004 4.130e+002 2.818e+004
 2.380e+003 2.930e+000 6.900e+001 5.024e+002 3.689e+003-1.042e+001 1.171e+003 1.174e+003 1.293e+005-3.041e+003 7.308e+003 1.066e+002 1.039e+003 8.526e+001 1.105e+003 2.543e+002 4.484e+004 2.626e+002 1.745e+004
 2.500e+003 2.930e+000 4.500e+001 2.168e+002 1.322e+003-1.595e+001 5.152e+002 1.133e+003 4.933e+004-1.253e+003 1.690e+003 4.185e+001 4.044e+002 3.603e+001 4.680e+002 3.705e+002 1.781e+004 1.107e+002 6.657e+003
 2.630e+003 2.930e+000 6.900e+001 2.864e+002 5.028e+002-1.142e+001 2.247e+002 7.163e+002 2.609e+004-6.564e+002 6.817e+002 2.567e+001 3.199e+002 2.174e+001 2.809e+002 3.443e+002 1.090e+004 1.240e+002 4.687e+003
 2.750e+003 2.930e+000 6.900e+001 2.529e+002 1.960e+003 2.226e+000 8.241e+002 7.871e+002 4.400e+004-1.169e+003 3.914e+002 6.187e+001 5.300e+002 3.808e+001 4.847e+002 3.066e+002 1.809e+004 2.089e+002 7.483e+003
 2.880e+003 2.930e+000 4.800e+001 1.390e+002 2.264e+002-3.337e+000 9.491e+001 2.732e+002 7.376e+003-1.738e+002 1.509e+002 8.140e+000 8.685e+001 5.444e+000 7.126e+001 1.011e+002 2.962e+003 3.200e+001 1.213e+003
 3.000e+003 2.930e+000 6.300e+001 2.273e+002 1.303e+003-1.446e+001 4.632e+002 1.063e+003 2.951e+004-8.973e+002-1.948e+003 5.576e+001 3.896e+002 3.354e+001 3.240e+002 5.097e+002 1.160e+004 2.215e+002 4.856e+003
 3.130e+003 2.930e+000 7.200e+001 1.524e+002 4.774e+002-4.195e+000 1.990e+002 3.773e+002 1.327e+004-3.451e+002-3.575e+001 1.591e+001 1.578e+002 1.139e+001 1.411e+002 1.515e+002 5.431e+003 6.663e+001 2.258e+003
 3.250e+003 2.930e+000 4.800e+001 1.130e+002 6.574e+002-2.341e+000 2.703e+002 4.296e+002 2.026e+004-4.534e+002 3.837e+002 2.217e+001 2.467e+002 1.361e+001 1.830e+002 1.621e+002 7.969e+003 8.920e+001 3.170e+003
 3.380e+003 2.930e+000 7.200e+001 4.745e+002 1.689e+003-2.868e+001 7.174e+002 2.333e+003 3.552e+004-8.783e+002 2.908e+002 8.713e+001 5.942e+002 3.272e+001 3.725e+002 9.689e+002 1.494e+004 2.447e+002 6.314e+003
 3.500e+003 2.930e+000 7.200e+001 1.132e+003 9.021e+003-1.936e+002 4.197e+003 1.519e+004 3.984e+005-8.375e+003 9.597e+003 4.035e+002 5.503e+003 2.534e+002 3.709e+003 6.261e+003 1.702e+005 2.150e+003 7.297e+004
 3.630e+003 2.930e+000 4.800e+001 7.351e+002 6.149e+003 1.091e+002 2.587e+003 1.071e+003 8.193e+004-1.679e+003 2.831e+002 1.383e+002 1.561e+003 6.619e+001 7.043e+002 4.862e+002 3.439e+004 6.475e+002 1.447e+004
 3.750e+003 2.930e+000 7.200e+001 2.931e+002 7.688e+002-1.397e+001 3.466e+002 1.370e+003 2.622e+004-4.975e+002 3.546e+002 3.318e+001 3.786e+002 1.580e+001 2.127e+002 5.595e+002 1.105e+004 1.528e+002 4.690e+003
 3.880e+003 2.930e+000 7.200e+001 1.145e+003 7.299e+003-7.718e+001 3.197e+003 9.711e+003 1.714e+005-3.079e+003 2.092e+003 2.834e+002 2.438e+003 9.210e+001 1.333e+003 3.976e+003 7.289e+004 9.960e+002 3.109e+004
 4.000e+003 2.930e+000 4.500e+001 1.623e+002 1.168e+003-5.250e+000 4.904e+002 1.353e+003 4.098e+004-7.237e+002-4.082e+002 4.596e+001 6.579e+002 2.561e+001 3.041e+002 6.199e+002 1.809e+004 3.173e+002 8.265e+003
 4.130e+003 2.930e+000 7.200e+001 2.813e+002 3.864e+003 5.162e+000 1.686e+003 2.614e+003 1.359e+005-2.397e+003 8.256e+002 1.028e+002 1.770e+003 6.588e+001 1.044e+003 1.091e+003 5.860e+004 7.501e+002 2.532e+004
 4.250e+003 2.930e+000 6.600e+001 1.332e+002 8.490e+002 5.206e+000 3.969e+002 2.794e+001 3.976e+004-5.677e+002-5.427e+000 1.444e+001 4.604e+002 1.423e+001 2.513e+002-1.347e+001 1.771e+004 2.024e+002 7.927e+003
 4.380e+003 2.930e+000 4.800e+001 6.406e+001 2.633e+002 3.925e-001 1.154e+002 1.248e+002 2.319e+004-3.499e+002 1.906e+002 6.176e+000 2.737e+002 8.767e+000 1.534e+002 4.948e+001 1.003e+004 1.154e+002 4.349e+003
 4.500e+003 2.930e+000 6.300e+001 1.730e+002 1.001e+003 2.723e+000 4.063e+002 7.863e+002 4.440e+004-7.424e+002 6.869e+001 2.972e+001 5.695e+002 2.017e+001 3.183e+002 3.314e+002 1.902e+004 2.424e+002 8.166e+003
 4.630e+003 2.930e+000 6.600e+001 6.575e+001 7.954e+001-2.353e+000 3.738e+001 1.845e+002 7.753e+003-1.283e+002 8.120e+001 4.156e+000 7.942e+001 3.190e+000 5.506e+001 7.929e+001 3.277e+003 3.272e+001 1.403e+003
 4.750e+003 2.930e+000 4.200e+001 3.831e+001-1.963e+001 1.115e+000 7.010e+000 7.894e+000 5.220e+003-7.723e+001 2.309e+002 7.794e-001 5.770e+001 2.085e+000 3.454e+001 1.360e+001 2.225e+003 2.427e+001 1.021e+003
 4.880e+003 2.930e+000 4.800e+001 3.771e+001 9.743e+001 1.928e+000 6.179e+001-1.641e+000 3.522e+003-5.407e+001 2.876e+001 1.788e+000 4.165e+001 2.125e+000 2.229e+001 2.233e+000 1.632e+003 2.827e+001 9.084e+002
 5.000e+003 2.930e+000 5.400e+001 3.923e+001 1.206e+002 7.382e-001 5.749e+001 3.920e+001 2.333e+003-4.001e+001 6.939e+001 2.675e+000 2.872e+001 1.221e+000 1.936e+001 1.290e+001 1.089e+003 1.406e+001 5.564e+002
 5.130e+003 2.930e+000 3.600e+001 3.206e+001 1.516e+002 3.658e-001 6.002e+001 1.014e-001 2.530e+003-4.800e+001 1.525e+002 2.748e+000 1.484e+001 1.157e+000 2.025e+001-1.367e+001 1.040e+003 4.296e+000 4.590e+002
 5.250e+003 2.930e+000 3.600e+001 2.003e+001 1.830e+001-6.647e-001 4.472e+000 3.265e+001 5.620e+002-1.076e+001 2.804e+000 7.420e-001 6.107e+000 4.652e-001 5.732e+000 1.259e+001 2.864e+002 5.385e+000 1.927e+002
 5.380e+003 2.930e+000 4.200e+001 2.786e+001 1.106e+002 1.837e+000 3.660e+001-7.554e+001 4.127e+003-6.810e+001 3.386e+002 2.379e+000 3.059e+001 1.727e+000 3.168e+001-3.323e+001 1.761e+003 1.092e+001 8.316e+002
 5.500e+003 2.930e+000 3.300e+001 1.797e+001 4.569e+001-1.778e-001 1.660e+001 2.002e+001 8.528e+002-1.715e+001 2.895e+001 9.080e-001 8.296e+000 7.219e-001 9.677e+000-1.575e+000 4.216e+002 7.509e+000 2.918e+002
 5.630e+003 2.930e+000 5.100e+001 2.087e+001 3.373e+001 1.863e+000 2.631e+001-3.704e+001 3.131e+003-6.918e+001-4.171e+002 9.705e-001 2.018e+001 2.190e+000 2.936e+001-6.562e+000 1.441e+003 2.587e+001 8.678e+002
 5.750e+003 2.930e+000 5.100e+001 3.680e+001 2.264e+002-1.725e-001 1.049e+002 8.865e+001 6.023e+003-9.969e+001 3.080e+002 4.686e+000 4.530e+001 2.716e+000 4.602e+001 2.902e+001 2.564e+003 2.333e+001 1.271e+003
 5.880e+003 2.930e+000 4.200e+001 1.589e+001 3.734e+001-1.156e+000 1.912e+001 7.067e+001 2.811e+003-5.026e+001 9.748e+001 2.047e+000 1.947e+001 1.580e+000 2.194e+001 3.900e+001 1.133e+003 1.356e+001 5.863e+002
 6.000e+003 2.930e+000 6.000e+001 4.814e+001 3.503e+002-1.207e+000 1.429e+002 1.527e+002 7.293e+003-1.684e+002-2.776e+002 9.680e+000 5.832e+001 5.325e+000 7.151e+001 7.937e+001 3.084e+003 4.546e+001 1.586e+003
 6.130e+003 2.930e+000 5.700e+001 2.946e+001 1.032e+002-9.220e-001 4.840e+001 1.334e+002 2.979e+003-4.625e+001 2.033e+002 2.773e+000 2.973e+001 1.754e+000 2.111e+001 4.388e+001 1.165e+003 2.009e+001 6.900e+002
 6.250e+003 2.930e+000 3.300e+001 2.006e+001 7.779e+001-1.662e+000 1.200e+001 6.693e+001 1.497e+003-3.781e+001-5.914e+001 1.725e+000 6.566e+000 1.881e+000 9.507e+000 9.870e+000 4.021e+002 1.787e+001 3.695e+002
 6.380e+003 2.930e+000 6.000e+001 2.852e+001 1.075e+002-1.567e+000 3.965e+001 1.091e+002 2.953e+003-6.004e+001 8.641e+001 3.861e+000 3.693e+001 2.433e+000 2.595e+001 4.177e+001 1.233e+003 2.350e+001 6.923e+002
 6.500e+003 2.930e+000 5.400e+001 2.088e+001 1.153e+002 8.254e-001 5.021e+001 3.031e+001 2.684e+003-4.175e+001 1.391e+002 2.413e+000 4.028e+001 1.956e+000 2.122e+001 1.039e+001 1.161e+003 2.497e+001 6.814e+002
 6.630e+003 2.930e+000 3.300e+001 1.484e+001 6.621e+001-1.432e+000 2.539e+001 1.048e+002 2.457e+003-4.177e+001 1.053e+002 1.889e+000 2.745e+001 1.463e+000 1.777e+001 3.237e+001 9.770e+002 1.486e+001 4.908e+002
 6.750e+003 2.930e+000 4.800e+001 2.154e+001 3.064e+001-1.623e+000 1.110e+001 1.104e+002 1.778e+003-3.487e+001-3.076e+001 2.970e+000 3.630e+001 2.114e+000 1.766e+001 5.189e+001 8.827e+002 2.780e+001 5.907e+002
 6.880e+003 2.930e+000 5.100e+001 2.980e+001 1.565e+002-1.012e+000 7.223e+001 1.985e+002 4.239e+003-7.267e+001 2.249e+002 5.646e+000 6.984e+001 3.219e+000 3.789e+001 7.584e+001 1.898e+003 3.802e+001 1.054e+003
 7.000e+003 2.930e+000 3.900e+001 1.176e+001 3.426e+001-4.777e-001 1.790e+001 5.003e+001 8.865e+002-1.712e+001-7.943e+000 1.531e+000 1.212e+001 8.979e-001 7.133e+000 2.028e+001 3.618e+002 9.962e+000 2.299e+002
 7.130e+003 2.930e+000 5.700e+001 2.846e+001 9.716e+001-1.084e+000 2.764e+001 1.185e+002 2.058e+003-2.999e+001 9.633e+001 3.299e+000 3.991e+001 2.065e+000 1.531e+001 3.950e+001 8.444e+002 2.559e+001 5.238e+002
 7.250e+003 2.930e+000 5.100e+001 1.711e+001 1.176e+001-1.396e+000 7.654e+000 1.019e+002 1.580e+003-2.447e+001 3.002e+001 1.841e+000 2.132e+001 1.540e+000 1.354e+001 4.330e+001 6.548e+002 1.973e+001 4.714e+002
 7.380e+003 2.930e+000 3.300e+001 1.002e+001 2.321e+001-6.132e-001 6.681e+000 3.448e+001 5.968e+002-1.053e+001 2.863e+001 1.279e+000 1.562e+001 1.220e+000 8.188e+000 1.234e+001 3.332e+002 1.710e+001 3.442e+002
 7.500e+003 2.930e+000 5.100e+001 2.377e+001 4.155e+001-9.115e-001 1.398e+001 1.133e+002 2.273e+003-3.184e+001 6.725e+001 2.472e+000 3.741e+001 2.021e+000 1.590e+001 3.523e+001 9.029e+002 2.579e+001 5.682e+002
 7.630e+003 2.930e+000 5.100e+001 1.530e+001 2.515e+001-5.599e-001 1.006e+001 5.407e+001 7.970e+002-1.522e+001 2.341e+001 1.458e+000 1.588e+001 1.485e+000 1.047e+001 1.680e+001 3.776e+002 1.832e+001 3.767e+002
 7.750e+003 2.930e+000 3.300e+001 7.383e+000 1.855e+001-6.105e-003 8.936e+000 1.161e+001 5.612e+002-1.113e+001-1.072e+001 4.379e-001 7.235e+000 8.442e-001 6.716e+000 3.159e+000 2.406e+002 9.792e+000 2.108e+002
 7.880e+003 2.930e+000 4.200e+001 1.290e+001 2.487e+001 3.978e-001 1.302e+001 1.691e+001 4.678e+002-1.964e+000 9.544e+001 5.020e-001 9.560e+000 1.664e+000 7.998e+000-5.043e+000 2.364e+002 2.022e+001 3.790e+002
 8.000e+003 2.930e+000 6.000e+001 1.622e+001 2.066e+001 1.177e+000 3.631e+001 9.539e+001 2.206e+003 3.595e+001 8.117e+002 4.974e+000 1.130e+002 9.503e+000 2.983e+001 5.100e+001 1.279e+003 1.067e+002 1.365e+003
 8.130e+003 2.930e+000 3.000e+001 1.136e+001 3.143e+001 2.204e-001 1.920e+001 3.040e+001 4.384e+002-5.844e+000 4.552e+001 1.195e+000 6.773e+000 1.019e+000 5.926e+000 1.010e+001 1.792e+002 8.994e+000 1.612e+002
 8.250e+003 2.930e+000 4.200e+001 8.693e+000 5.877e+000-4.539e-001 7.860e+000 4.434e+001 6.228e+002-2.931e+000 8.288e+001 9.975e-001 1.500e+000 1.559e+000 7.660e+000 1.671e+001 1.456e+002 1.430e+001 2.487e+002
 8.380e+003 2.930e+000 4.200e+001 1.696e+001 6.921e+001-6.109e-001 2.516e+001 6.507e+001 1.150e+003-1.657e+001 3.877e+001 1.860e+000 4.909e+000 1.466e+000 9.851e+000 1.477e+001 3.111e+002 1.086e+001 2.227e+002
 8.500e+003 2.930e+000 3.600e+001 1.077e+001 3.035e+001-1.110e+000 1.197e+001 5.424e+001 7.985e+002-1.598e+001 4.403e+001 1.748e+000 9.246e+000 1.397e+000 9.849e+000 2.258e+001 2.857e+002 1.118e+001 2.265e+002
 8.630e+003 2.930e+000 4.200e+001 9.202e+000 2.211e+001-2.365e-001 6.169e+000 2.797e+001 6.153e+002-1.060e+001-2.076e+001 1.189e-001-5.731e-001 1.848e+000 1.112e+001 2.734e+000 1.691e+002 1.495e+001 2.475e+002
 8.750e+003 2.930e+000 4.800e+001 1.465e+001 3.845e+001 3.012e-001 2.957e+001 4.695e+001 6.213e+002-8.507e+000 7.000e+001 2.292e+000 8.198e+000 2.360e+000 1.702e+001 1.840e+001 2.454e+002 1.888e+001 3.330e+002
 8.880e+003 2.930e+000 3.600e+001 1.382e+001 5.691e+001-3.198e-002 3.057e+001 7.321e+001 1.049e+003-1.252e+001 1.029e+002 2.227e+000 1.041e+001 1.501e+000 1.157e+001 1.729e+001 2.835e+002 1.049e+001 2.015e+002
 9.000e+003 2.930e+000 5.700e+001 1.748e+001 4.014e+001 1.015e-001 2.758e+001 4.892e+001 7.577e+002-5.019e+000 1.051e+002 2.705e+000 6.155e+000 2.388e+000 1.504e+001 1.616e+001 1.846e+002 1.720e+001 2.698e+002
 9.130e+003 2.930e+000 6.300e+001 1.594e+001 3.488e+001-6.486e-001 1.022e+001 7.369e+001 1.143e+003-4.611e+000 1.386e+002 2.168e-001 6.000e+000 2.105e+000 1.339e+001 9.946e+000 2.433e+002 1.716e+001 2.929e+002
 9.250e+003 2.930e+000 2.700e+001 7.833e+000 4.115e+001 4.398e-001 1.328e+001 4.505e+001 9.438e+002-8.155e+000 4.343e+001-2.614e-001-5.936e-001 1.457e+000 1.019e+001-1.392e+000 2.127e+002 9.880e+000 1.854e+002
 9.380e+003 2.930e+000 4.200e+001 1.140e+001 9.811e+000-1.474e-001 4.363e+000 4.596e+001 5.466e+002-3.765e+000 1.252e+001 8.371e-002-2.318e+000 1.326e+000 8.090e+000 5.513e+000 8.809e+001 1.031e+001 1.583e+002
 9.500e+003 2.930e+000 5.400e+001 9.842e+000 8.840e+000-4.166e-001 4.977e+000 5.374e+001 1.057e+003-7.019e+000 6.608e+001 7.839e-001 5.551e+000 2.361e+000 1.532e+001 1.656e+001 2.707e+002 1.953e+001 3.110e+002
 9.630e+003 2.930e+000 3.900e+001 4.840e+000 2.408e+001-2.408e-001 9.008e+000 4.037e+001 1.053e+003-1.116e+001 4.076e+001 3.580e-001-1.151e+000 1.516e+000 1.091e+001 7.575e+000 2.288e+002 1.036e+001 1.984e+002
 9.750e+003 2.930e+000 5.100e+001 8.727e+000-1.277e+000-8.311e-001-1.013e+001 3.494e+001 6.233e+002 5.408e+000 6.892e+001-9.480e-001-6.157e+000 2.229e+000 1.097e+001 2.710e+000 5.902e+001 1.819e+001 2.510e+002
 9.880e+003 2.930e+000 4.800e+001 1.241e+001 5.242e+001-3.490e-001 1.817e+001 5.911e+001 1.218e+003-1.047e+001 8.388e+001 3.411e-001-2.180e+000 2.599e+000 1.727e+001 4.071e+000 2.787e+002 1.807e+001 3.226e+002
 1.000e+004 2.930e+000 2.190e+002 3.767e+001 1.194e+002 5.602e-001 5.403e+001 2.524e+002 5.781e+003-7.242e+000 3.522e+002-2.965e-001-4.277e+001 1.497e+001 8.031e+001 2.340e+001 9.221e+002 1.093e+002 1.614e+003
 1.130e+004 2.930e+000 3.930e+002 5.659e+001 2.315e+002-1.110e+000 7.024e+001 3.935e+002 7.506e+003-1.037e+001 2.529e+002-2.698e+000-8.196e+001 2.439e+001 1.282e+002 4.794e+001 1.121e+003 1.731e+002 2.443e+003
 1.250e+004 2.930e+000 3.660e+002 2.701e+001 9.554e+001-2.075e-001 9.274e+000 1.897e+002 3.482e+003 2.775e+001 2.563e+001-4.330e+000-7.552e+001 1.905e+001 8.962e+001 8.528e+000 8.697e+001 1.357e+002 1.663e+003
 1.380e+004 2.930e+000 4.380e+002 3.439e+001 1.288e+002-5.567e-001 3.476e+001 2.186e+002 3.948e+003 1.989e+000 1.816e+002-1.171e+000-2.645e+001 1.330e+001 7.249e+001 3.349e+001 7.426e+002 9.934e+001 1.502e+003
 1.500e+004 2.930e+000 4.110e+002 2.459e+001 1.289e+002-3.605e-001 5.219e+001 1.918e+002 3.591e+003-1.627e+001 2.623e+002 8.163e-001 6.121e+000 7.015e+000 4.161e+001 4.168e+001 1.054e+003 6.013e+001 1.134e+003
 1.630e+004 2.930e+000 3.690e+002 1.197e+001 4.176e+001-9.926e-001 1.701e+001 7.723e+001 1.392e+003-1.471e+001 4.057e+001 1.228e+000-2.434e-001 4.842e+000 2.596e+001 2.976e+001 4.254e+002 4.416e+001 7.435e+002
 1.750e+004 2.930e+000 3.690e+002 4.811e+000 1.012e+001-1.224e+000-5.807e+000 1.908e+001 3.997e+002-2.156e+001-2.342e+002 6.106e-001 2.608e+000 6.544e+000 2.879e+001 1.553e+001 2.434e+002 6.592e+001 9.133e+002
 1.880e+004 2.930e+000 3.600e+002 2.586e+000 6.720e+000-4.946e-001 3.915e-001 7.742e+000 2.336e+002-1.114e+001-1.300e+002 4.607e-001 2.994e+000 6.211e+000 2.881e+001 1.105e+001 1.925e+002 6.264e+001 8.878e+002
 2.000e+004 2.930e+000 5.190e+002 3.497e+000 1.268e+001-2.903e+000-1.256e+001 8.923e+000 4.615e+002-2.199e+001-7.103e+002 1.495e+000-8.347e+001 4.021e+001 2.401e+002 3.130e+001-4.341e+002 3.232e+002 4.173e+003
 2.130e+004 2.930e+000 3.900e+002 3.213e+000 1.273e+001 4.418e-001-1.194e-001 2.177e+001 5.078e+002 1.993e+001 6.314e+001-1.654e+000-2.008e+001 5.469e+000 1.872e+001-1.251e+001-1.341e+002 4.503e+001 5.187e+002
 2.250e+004 2.930e+000 3.150e+002 9.014e-001 5.814e-001-2.292e-001-2.705e+000 1.056e+000 5.010e+001 1.582e+000-1.651e-001-6.151e-002-7.133e-001 3.482e+000 1.153e+001-2.771e-001 1.284e+001 3.122e+001 3.674e+002
 2.380e+004 2.930e+000 3.630e+002 1.809e+000 1.146e+000-1.444e-001 1.602e+000 9.885e+000 1.483e+002 1.970e+000 4.955e+001 8.228e-001 9.200e+000 4.147e+000 1.455e+001 1.001e+001 1.200e+002 3.951e+001 4.799e+002
 2.500e+004 2.930e+000 2.820e+002 4.930e-001 5.408e-001-2.872e-002 1.392e+000 6.396e-001 3.528e+001 2.583e+000-3.004e+000 4.067e-001-4.003e+000 4.631e+000 1.924e+001 3.585e+000-3.439e+001 3.831e+001 4.275e+002
 2.630e+004 2.930e+000 2.430e+002 2.911e-001 4.017e-001 2.720e-002-1.961e-001 7.478e-001 5.173e+001 1.166e+000 6.456e+000-4.014e-002-8.246e-001 9.208e-001 2.535e+000-1.149e-001-6.421e-001 7.223e+000 7.776e+001
 2.750e+004 2.930e+000 1.980e+002 2.126e-001 4.372e-001 2.484e-002 1.335e-001 6.681e-001 1.870e+001 7.512e-001 4.069e+000-3.282e-002-5.959e-001 4.315e-001 1.139e+000-1.943e-001-2.341e+000 2.932e+000 3.025e+001
 2.880e+004 2.930e+000 1.020e+002 9.903e-002 2.885e-001-1.686e-002 1.038e-001 2.751e-001 7.792e+000-8.253e-002-7.842e-001 2.596e-002-1.509e-001 1.643e-001 5.734e-001 3.265e-001 1.668e+000 1.142e+000 1.331e+001
 3.000e+004 2.930e+000 1.230e+002 7.198e-002 2.128e-001-2.407e-003 9.526e-002 3.246e-001 9.021e+000-3.622e-002 1.117e+000 1.131e-002 1.684e-001 9.510e-002 2.137e-001 1.570e-001 4.138e+000 5.100e-001 6.328e+000
 3.130e+004 2.930e+000 1.230e+002 1.687e-001 9.443e-001 1.087e-002 7.301e-001 1.407e+000 3.291e+001-2.854e-001 4.344e+000 5.374e-002 7.622e-001 9.350e-002 4.783e-001 6.865e-001 1.727e+001 6.116e-001 1.239e+001
 3.250e+004 2.930e+000 1.230e+002 1.858e-001 9.206e-001 1.489e-002 8.437e-001 2.198e+000 4.958e+001-2.108e-001 7.123e+000 6.573e-002 1.226e+000 8.352e-002 3.838e-001 1.006e+000 2.500e+001 7.757e-001 1.579e+001
 3.380e+004 2.930e+000 9.600e+001 3.332e-002 6.239e-002 5.913e-003 3.121e-002 5.935e-002 2.460e+000-1.154e-003 1.721e-001 8.669e-005 2.733e-002 3.759e-002 6.493e-002-6.706e-003 7.528e-001 1.157e-001 1.342e+000
 3.500e+004 2.930e+000 1.140e+002 2.443e-002 2.235e-002 4.891e-003-5.180e-004 1.888e-002 2.366e+000-2.937e-002-7.460e-002-3.216e-003-9.816e-003 5.761e-002 1.820e-001-4.463e-002 2.996e-001 2.039e-001 2.161e+000
 3.630e+004 2.930e+000 8.700e+001 1.823e-002 2.704e-002 2.536e-003 3.267e-002 8.709e-002 2.500e+000 6.034e-004 1.834e-001 2.132e-003 8.209e-003 5.260e-002 1.546e-001-1.525e-003 4.929e-001 2.299e-001 2.321e+000
 3.750e+004 2.930e+000 1.290e+002 2.294e-002 1.988e-002 3.453e-003 6.556e-003 5.511e-002 1.768e+000 7.514e-003 1.874e-001-9.719e-005 2.119e-002 6.339e-002 1.725e-001 4.844e-003 2.917e-001 2.693e-001 2.659e+000
 3.880e+004 2.930e+000 1.020e+002 2.007e-002 1.536e-002 7.625e-004 1.290e-002 2.375e-002 1.389e+000 2.016e-002 9.840e-002 2.417e-003-1.212e-002 4.190e-002 1.285e-001 2.340e-003-2.462e-002 1.824e-001 1.733e+000
 4.000e+004 2.930e+000 2.010e+002 1.223e-001 4.732e-001-7.534e-004 4.374e-001 1.008e+000 1.868e+001-2.237e-001 2.394e+000 3.124e-002 4.024e-001 9.113e-002 4.382e-001 5.539e-001 1.058e+001 4.935e-001 9.941e+000
 4.130e+004 2.930e+000 1.320e+002 2.633e-002 3.761e-002 5.559e-003 2.241e-002 4.632e-002 1.622e+000 3.664e-002 1.244e-001-1.636e-003-5.052e-002 4.405e-002 1.324e-001-3.402e-002-2.834e-001 1.691e-001 1.775e+000
 4.250e+004 2.930e+000 1.230e+002 1.887e-002-5.111e-004 3.929e-004-5.860e-003 3.043e-002 1.070e+000 3.623e-002 1.013e-001 1.717e-003-9.104e-003 3.493e-002 7.766e-002 1.100e-002 3.153e-002 1.365e-001 1.327e+000
 4.380e+004 2.930e+000 1.200e+002 1.405e-002 1.844e-002-1.130e-003 4.046e-004 6.869e-003 7.901e-001 1.376e-002-4.407e-002 1.338e-003-4.159e-002 3.601e-002 8.588e-002 1.854e-003-1.860e-001 1.233e-001 1.223e+000
 4.500e+004 2.930e+000 1.260e+002 1.315e-002 1.112e-002 2.021e-004 1.420e-004-2.617e-004 8.290e-001-8.732e-003-1.707e-002 3.780e-004-1.327e-002 2.581e-002 5.031e-002-2.162e-003 7.854e-002 6.676e-002 6.909e-001
 4.630e+004 2.930e+000 1.170e+002 1.383e-002 4.324e-003 1.990e-003 6.993e-003 2.331e-002 8.553e-001-8.015e-003 2.775e-002 1.715e-003-4.168e-003 2.551e-002 4.971e-002 1.030e-002 1.839e-001 8.512e-002 8.155e-001
 4.750e+004 2.930e+000 1.980e+002 1.100e+000 6.111e+000 4.345e-002 5.231e+000 1.268e+001 2.192e+002-1.801e+000 2.985e+001 3.503e-001 5.105e+000 1.707e-001 1.733e+000 6.401e+000 1.246e+002 2.724e+000 7.553e+001
 4.880e+004 2.930e+000 1.650e+002 2.868e-001 1.572e+000 9.439e-003 1.295e+000 2.941e+000 5.252e+001-4.467e-001 6.902e+000 7.639e-002 1.096e+000 5.037e-002 4.112e-001 1.481e+000 2.988e+001 5.852e-001 1.817e+001
 5.000e+004 2.930e+000 8.400e+001 1.036e-002 1.178e-002-1.193e-004 6.800e-003 2.266e-002 4.674e-001-8.230e-003 1.660e-002 1.843e-004 6.910e-003 7.682e-003 9.951e-003 9.512e-003 1.954e-001 1.107e-002 1.562e-001
 5.130e+004 2.930e+000 6.900e+001 3.911e-003 4.108e-003 6.839e-005 3.096e-003 2.124e-003 2.399e-001-1.219e-003 2.586e-002 7.843e-004 9.227e-003 4.247e-003 4.668e-003 6.233e-004 8.795e-002 6.617e-003 7.725e-002
 5.250e+004 2.930e+000 1.350e+002 4.607e-002 2.097e-001 2.718e-002 1.623e-002 3.617e-001 7.865e+000 7.845e-001 3.271e+000-4.222e-002-4.626e-001 1.308e-001 3.839e-001-3.578e-001-5.181e+000 7.041e-001 5.575e+000
 5.380e+004 2.930e+000 1.170e+002 8.758e-002 3.652e-001 7.248e-003 1.795e-001 6.082e-001 8.361e+000 6.110e-002 9.931e-001 1.045e-003 4.002e-002 1.139e-002-4.199e-003 1.280e-001 2.375e+000 2.650e-002 8.903e-001
 5.500e+004 2.930e+000 7.500e+001 2.213e-002 8.304e-002 3.045e-004 5.977e-002 1.234e-001 1.977e+000-8.149e-003 2.516e-001 2.629e-003 3.425e-002 4.822e-003 9.019e-003 5.596e-002 1.052e+000 1.903e-002 6.267e-001
 5.630e+004 2.930e+000 2.490e+002 8.098e-001 4.171e+000 6.500e-002 3.615e+000 8.286e+000 1.332e+002-5.687e-001 2.039e+001 2.119e-001 3.085e+000 9.814e-002 7.958e-001 4.013e+000 7.494e+001 1.658e+000 4.543e+001
 5.750e+004 2.930e+000 7.200e+001 3.680e-003 4.812e-004-3.580e-004 1.329e-003 4.677e-003 1.705e-001-3.880e-003 8.659e-003 5.340e-004 5.049e-003 3.932e-003 3.749e-003 2.578e-003 6.485e-002 5.610e-003 5.918e-002
 5.880e+004 2.930e+000 7.800e+001 4.248e-003 3.110e-003 3.546e-004 1.968e-003 5.387e-003 1.217e-001 4.775e-004 1.869e-002 3.575e-004 1.730e-003 3.190e-003 1.232e-003 4.400e-004 3.360e-002 1.428e-003 2.745e-002
 6.000e+004 2.930e+000 7.500e+001 5.069e-003 2.952e-003-4.893e-004 1.647e-003 5.425e-003 9.380e-002-6.366e-003 8.881e-003 2.018e-003 3.318e-003 6.564e-003 5.846e-003 5.029e-003 3.085e-002 7.418e-003 4.917e-002
 6.130e+004 2.930e+000 5.100e+001 2.147e-003 2.265e-003 2.355e-004 7.504e-004 3.090e-003 7.936e-002-3.839e-003-5.291e-003 4.209e-004 4.242e-003 2.652e-003 1.980e-003 1.183e-003 2.763e-002 4.503e-003 2.733e-002
 6.250e+004 2.930e+000 8.100e+001 4.789e-003 8.542e-003 4.713e-004 6.150e-003 8.948e-003 2.283e-001-4.845e-003 1.416e-002 8.475e-004 7.881e-003 4.645e-003 4.735e-003 4.021e-003 1.050e-001 7.954e-003 8.394e-002
 6.380e+004 2.930e+000 2.070e+002 2.293e-001 1.180e+000 9.888e-003 1.105e+000 2.205e+000 3.439e+001-4.480e-001 5.343e+000 9.238e-002 1.108e+000 6.041e-002 4.678e-001 1.239e+000 2.212e+001 6.591e-001 1.519e+001
 6.500e+004 2.930e+000 7.800e+001 5.870e-003 1.296e-003-1.831e-004 2.445e-003 2.070e-002 3.243e-001-4.706e-003 1.613e-002 1.183e-004 8.728e-003 3.176e-003 3.153e-003 1.165e-002 1.647e-001 5.917e-003 1.118e-001
 6.630e+004 2.930e+000 8.400e+001 2.945e-003 2.544e-003 4.224e-004 1.164e-003 4.841e-003 8.204e-002-2.861e-004 2.068e-003 1.279e-004 2.253e-003 4.430e-003 2.152e-003 4.331e-004 2.122e-002 2.072e-003 1.886e-002
 6.750e+004 2.930e+000 9.000e+001 2.719e-003 3.233e-003-1.320e-004 6.400e-004 3.604e-003 1.034e-001-4.536e-003-7.065e-004 6.057e-004 3.782e-003 4.188e-003 4.017e-003 1.194e-003 4.418e-002 5.032e-003 5.172e-002
 6.880e+004 2.930e+000 2.040e+002 1.259e-002 4.518e-003-9.084e-003 5.870e-002-1.218e-002 5.390e-001 1.535e-001-4.105e-002 2.589e-002-2.067e-001 2.928e-001 1.424e+000 2.215e-001-2.175e+000 1.943e+000 2.062e+001
 7.000e+004 2.930e+000 1.080e+002 4.349e-003 2.602e-003 1.102e-004 8.671e-004 6.094e-003 1.137e-001-3.877e-003-3.200e-003 6.143e-004 1.234e-003 3.332e-003 2.915e-003 2.175e-003 3.567e-002 3.113e-003 2.885e-002
 7.130e+004 2.930e+000 9.900e+001 4.897e-003 6.657e-003 3.840e-005 2.687e-003 1.460e-002 2.780e-001-6.135e-003 1.319e-002 1.104e-003 8.302e-003 4.338e-003 4.036e-003 6.132e-003 1.373e-001 6.173e-003 9.435e-002
 7.250e+004 2.930e+000 8.100e+001 1.382e-002 7.158e-002 8.389e-004 5.730e-002 1.131e-001 2.075e+000-1.370e-002 2.405e-001 3.698e-003 5.138e-002 4.463e-003 1.389e-002 6.289e-002 1.299e+000 3.186e-002 8.642e-001
 7.380e+004 2.930e+000 7.200e+001 1.979e-003 3.930e-005-6.424e-005-3.154e-005 6.869e-004 5.349e-002-2.794e-003-1.843e-003 1.214e-004 3.540e-004 2.265e-003 1.660e-003 1.632e-004 1.528e-002 4.340e-004 8.796e-003
 7.500e+004 2.930e+000 7.800e+001 3.246e-003 3.230e-003-1.368e-005 9.119e-004 3.592e-003 5.975e-002-2.306e-003 6.988e-004 5.533e-004 2.917e-003 1.950e-003 1.527e-003 1.504e-003 1.596e-002 1.257e-003 8.898e-003
 7.630e+004 2.930e+000 1.050e+002 3.792e-003 4.888e-004 2.856e-004-3.645e-004 5.093e-003 6.894e-002-7.719e-004 9.042e-004 8.690e-004 3.002e-003 3.271e-003 1.529e-003 6.932e-004 1.669e-002 1.832e-003 1.128e-002
 7.750e+004 2.930e+000 1.140e+002 3.184e-003 2.489e-003 5.409e-004 1.449e-003 3.612e-003 1.216e-001-1.874e-004 7.950e-003 4.442e-004 1.788e-003 3.011e-003 1.229e-003 2.290e-004 2.011e-002 2.176e-003 1.348e-002
 7.880e+004 2.930e+000 9.300e+001 2.347e-003 1.958e-003 1.792e-004 2.727e-004 1.672e-003 6.857e-002-8.487e-004 1.974e-003 1.892e-004 1.264e-003 1.317e-003 2.128e-004 3.659e-004 1.482e-002 1.023e-003 1.112e-002
 8.000e+004 2.930e+000 9.600e+001 5.540e-003 1.769e-002 1.413e-004 1.537e-002 2.596e-002 4.285e-001-7.651e-003 6.088e-002 1.541e-003 1.407e-002 2.760e-003 6.301e-003 1.362e-002 2.640e-001 8.471e-003 1.892e-001
 8.130e+004 2.930e+000 6.900e+001 1.562e-003 4.934e-004 5.764e-005 3.150e-004-9.852e-005 4.026e-002-1.352e-003 1.255e-003 1.244e-004 1.117e-003 1.126e-003 7.901e-004 4.104e-005 1.075e-002 2.441e-004 5.480e-003
 8.250e+004 2.930e+000 8.700e+001 3.056e-003 1.588e-003 4.061e-005 5.278e-004 3.852e-003 7.137e-002-1.553e-003 1.447e-003 6.730e-004 1.521e-003 1.617e-003 6.522e-004 8.598e-004 1.619e-002 7.884e-004 8.093e-003
 8.380e+004 2.930e+000 7.500e+001 2.270e-003 3.532e-004-5.613e-006 2.062e-004 1.691e-003 6.258e-002 2.693e-004-4.068e-004 1.822e-004 3.762e-004 1.113e-003 6.218e-004 2.594e-004 1.472e-002 2.115e-004 9.820e-003
 8.500e+004 2.930e+000 6.300e+001 1.607e-003 5.008e-004 5.281e-005 1.051e-004 1.143e-003 3.409e-002-2.308e-003-4.019e-004 2.438e-004-2.242e-004 1.107e-003 1.307e-003 4.787e-004 1.009e-002 4.919e-004 7.064e-003
 8.630e+004 2.930e+000 8.700e+001 2.193e-003 2.214e-003 1.145e-004-1.934e-004 1.833e-003 6.129e-002 5.669e-004 1.589e-003 1.843e-004 1.525e-003 1.283e-003 5.713e-004-4.032e-004 1.074e-002 8.169e-004 1.053e-002
 8.750e+004 2.930e+000 6.900e+001 1.828e-003 2.394e-003-3.909e-006 2.898e-004 2.346e-003 5.841e-002-1.185e-003-1.761e-003 1.196e-004 9.896e-004 9.711e-004 1.111e-003 1.778e-004 2.016e-002 9.099e-004 1.586e-002
 8.880e+004 2.930e+000 8.700e+001 2.171e-003 2.472e-003-1.743e-004-2.883e-004 2.231e-003 8.347e-002-8.286e-004 3.866e-003-1.249e-004-1.492e-003 1.206e-003 2.200e-003-1.154e-003 8.117e-003 2.079e-003 3.106e-002
 9.000e+004 2.930e+000 1.050e+002 2.334e-003 1.592e-003 1.121e-004 1.460e-003-2.676e-004 9.241e-002-5.651e-004-3.783e-003 1.815e-004-1.118e-003 2.938e-003 6.709e-003-1.696e-003 1.182e-002 5.429e-003 5.599e-002
 9.130e+004 2.930e+000 1.140e+002 2.316e-003 2.496e-003-6.065e-005-3.867e-004 4.199e-003 1.028e-001 3.710e-004-2.980e-003 5.651e-005-8.154e-005 2.730e-003 7.900e-003 3.475e-004 4.326e-003 4.271e-003 6.909e-002
 9.250e+004 2.930e+000 9.300e+001 1.149e-003-2.009e-005 1.057e-004 1.120e-003 4.363e-004 5.862e-002 1.387e-004-6.676e-003 2.944e-004-8.866e-004 2.232e-003 6.285e-003 1.075e-003-2.584e-003 6.122e-003 7.219e-002
 9.380e+004 2.930e+000 1.110e+002 1.767e-003 2.295e-003-1.831e-004 2.673e-004 2.464e-003 7.656e-002 2.915e-004-3.481e-003 2.814e-004-1.311e-003 2.501e-003 5.544e-003 5.867e-004-2.175e-003 5.541e-003 5.340e-002
 9.500e+004 2.930e+000 1.050e+002 2.089e-003 1.467e-003-1.750e-004-3.022e-004 1.398e-003 8.012e-002-6.454e-004-3.252e-003 1.078e-004-8.192e-005 2.417e-003 5.511e-003 7.066e-004 8.273e-003 3.548e-003 4.259e-002
 9.630e+004 2.930e+000 0.000e+000 0.000e+000 0.000e+000 0.000e+000 0.000e+000 0.000e+000 0.000e+000 0.000e+000 0.000e+000 0.000e+000 0.000e+000 0.000e+000 0.000e+000 0.000e+000 0.000e+000 0.000e+000 0.000e+000
 9.750e+004 2.930e+000 0.000e+000 0.000e+000 0.000e+000 0.000e+000 0.000e+000 0.000e+000 0.000e+000 0.000e+000 0.000e+000 0.000e+000 0.000e+000 0.000e+000 0.000e+000 0.000e+000 0.000e+000 0.000e+000 0.000e+000
 9.880e+004 2.930e+000 0.000e+000 0.000e+000 0.000e+000 0.000e+000 0.000e+000 0.000e+000 0.000e+000 0.000e+000 0.000e+000 0.000e+000 0.000e+000 0.000e+000 0.000e+000 0.000e+000 0.000e+000 0.000e+000 0.000e+000
 1.000e+005 2.930e+000 0.000e+000 0.000e+000 0.000e+000 0.000e+000 0.000e+000 0.000e+000 0.000e+000 0.000e+000 0.000e+000 0.000e+000 0.000e+000 0.000e+000 0.000e+000 0.000e+000 0.000e+000 0.000e+000 0.000e+000
