       12.6          0          0          0          0          0          0
          0          0          0          0          0          0          0          0
       15.8      0.104        174         88      0.764       95.1       32.4
       11.5       5.73       4.41     -0.384      -8.16      -5.01      -3.07     -0.815
         20      0.298       89.3       25.5      0.835       54.8       43.3
       7.06       2.71      0.562     -0.828      -5.51      -5.02      -1.72     -0.756
       25.1      0.238       72.5       86.7      0.684       67.8       40.1
       12.5       4.24        4.2     -0.933      -7.52      -3.57      -2.93      0.286
       31.6      0.394       64.6       61.7      0.541       55.4       48.5
       14.3     -0.433       3.73      -3.48      -5.85      -2.15      -2.18      0.835
       39.8       0.58       10.5       34.2      0.411       33.9       19.2
       4.44      -2.25       2.27      -2.12      -3.29      -1.63      -2.27      0.849
       50.1      0.913       3.24       47.4      0.904       29.2       20.4
      0.277      0.783       1.26      -1.06      -1.32      -2.16      -1.53      0.592
       63.1      0.547       6.46       69.7      0.484       19.6       73.4
       6.43       2.78       2.78      -1.17         -5      -2.12      -2.31      0.814
       79.4      0.377       13.1       86.9      0.539       30.7       82.9
       6.61       3.86        2.3     -0.508      -4.94      -3.32      -2.27      0.193
        100          0          0          0          0          0          0
          0          0          0          0          0          0          0          0
        126      0.454       46.3       81.1      0.746       42.6       51.6
       7.43       3.99          2      -1.33      -4.87      -3.35      -1.93      0.256
        158      0.612       57.1         83      0.791       38.8       53.9
        6.5       4.54       2.29      -2.28      -5.06      -3.65       -2.2       0.18
        200      0.692        215       50.4      0.701        119       44.2
      -1.96       11.4       -8.8      -2.05       -1.9      -7.71       3.18      -1.25
        251      0.997       57.3         76      0.999       29.3       74.5
       4.27       8.99       2.12      0.582      -3.66      -5.75      -1.45       -1.1
        316      0.535        215       42.6       0.76       57.2       32.2
      -1.89       6.93      -6.64      -1.83      -7.89      -2.54      -2.55      0.496
        398      0.894       62.5       64.4      0.948       44.3       59.4
       3.16       9.35      -1.32      -2.53      -4.11       -4.5     -0.432      0.547
        501      0.992        235       4.22      0.996       48.8       24.1
      -4.49       2.94      -15.9       5.61      -8.75      -6.91      -3.95     -0.821
        631       0.91       30.2       7.27      0.977       17.6       35.1
       12.2       15.2       6.21       2.32      -6.62      -4.59      -2.32      0.339
        794      0.902        114       63.1      0.908       51.8       68.3
      -28.3       12.8      -16.3      -9.22      -10.2      -3.31      -3.34     -0.454
     1e+003      0.978        162       54.5      0.971       66.8       69.9
      -28.2      -3.29      -17.7      -7.52      -7.23      -5.27      -1.35       1.42
  1.26e+003      0.641        289       48.7      0.891       90.1       76.7
      -48.8       30.5      -33.9       9.56       6.29      -13.3       5.21      -3.38
  1.58e+003      0.729        225       27.5      0.863       88.7       70.1
      -24.9       12.2        -21      -1.15      -1.38      -9.14       1.01     -0.838
     2e+003      0.891        311       26.2      0.939       80.1       57.6
      -11.2       -1.9      -16.4      -7.62      -4.13      -6.87      0.603      0.447
  2.51e+003      0.899        493       2.87      0.796        107       62.9
      -14.1       3.92      -17.1      -2.97       -4.1      -7.05      0.346     -0.512
  3.16e+003      0.875        504         11      0.844        186       35.8
      -13.5       6.05      -14.2      -4.85       -6.9       -8.1      -3.31       1.02
  3.98e+003      0.943        414       17.5      0.921        146       38.5
      -1.57       9.64      -18.8      -9.45       -8.3      -7.33     -0.284      0.513
  5.01e+003      0.958        313       5.05      0.959        208       27.4
     -0.749       9.78      -17.3      -5.54      -11.2      -6.83     -0.775       0.51
  6.31e+003      0.986        229       4.59      0.987        179       26.9
      -1.39       7.29      -14.6      -3.54      -9.77      -6.92      -1.36      0.898
  7.94e+003          1        161       7.47          1        135       29.9
      0.446       4.63      -13.7      -1.59      -8.78      -4.79      -1.11     -0.489
     1e+004      0.988        125       2.42      0.988        110       34.3
      0.752       3.34      -12.2      -1.56      -7.35      -5.71     -0.934      0.175
  1.26e+004       0.97        106         14      0.948         89       39.3
       1.39        2.2      -10.6      -2.48      -6.64      -5.46     -0.283     0.0828
  1.58e+004          1       89.4       13.1      0.991       96.1       71.7
       1.51       1.21      -9.45      -1.82      -6.86      -5.18     -0.861     -0.773
     2e+004      0.879        129       66.3      0.997       48.6       38.9
       4.03      -1.77      -7.91      -2.23      -5.38      -3.87     -0.852     -0.955
  2.51e+004      0.999       28.4       20.6      0.998        162         13
       3.16     -0.587      -6.26      -2.39      -6.78       -2.9      -2.06       -1.3
  3.16e+004      0.999       29.3       52.2      0.999       90.9       19.5
       1.07      -1.77      -4.29      -3.12      -5.34      -1.88      -2.48      -1.36
  3.98e+004      0.998       95.3       63.1      0.999       64.2       29.4
       3.47     -0.713      -5.63      -5.08      -6.31      -2.94      -1.29     0.0876
  5.01e+004          1       72.6       53.1      0.999       53.8       38.9
       3.19      0.438      -5.93      -5.41      -3.25      -3.73     -0.874      0.977
  6.31e+004      0.999       81.4       56.2      0.997       47.5       52.2
       2.48     -0.263      -4.86         -6      -3.01      -3.78     -0.993      0.732
  7.94e+004       0.99       71.8       60.8      0.956       47.4       61.6
       3.87      0.829      -4.62      -6.11       -3.7      -4.46     -0.463     -0.314
     1e+005      0.942       77.1       46.7      0.682       52.5       50.6
       5.36       5.11      -5.93      -5.85      -3.36      -3.35     -0.723     -0.576
  1.26e+005          0          0          0          0          0          0
          0          0          0          0          0          0          0          0
  1.58e+005          0          0          0          0          0          0
          0          0          0          0          0          0          0          0
     2e+005          0          0          0          0          0          0
          0          0          0          0          0          0          0          0
  2.51e+005          0          0          0          0          0          0
          0          0          0          0          0          0          0          0
  3.16e+005          0          0          0          0          0          0
          0          0          0          0          0          0          0          0
  3.98e+005          0          0          0          0          0          0
          0          0          0          0          0          0          0          0
  5.01e+005          0          0          0          0          0          0
          0          0          0          0          0          0          0          0
  6.31e+005          0          0          0          0          0          0
          0          0          0          0          0          0          0          0
  7.94e+005          0          0          0          0          0          0
          0          0          0          0          0          0          0          0
     1e+006          0          0          0          0          0          0
          0          0          0          0          0          0          0          0
  1.26e+006          0          0          0          0          0          0
          0          0          0          0          0          0          0          0
  1.58e+006          0          0          0          0          0          0
          0          0          0          0          0          0          0          0
     2e+006          0          0          0          0          0          0
          0          0          0          0          0          0          0          0
  2.51e+006          0          0          0          0          0          0
          0          0          0          0          0          0          0          0
  3.16e+006          0          0          0          0          0          0
          0          0          0          0          0          0          0          0
  3.98e+006          0          0          0          0          0          0
          0          0          0          0          0          0          0          0
  5.01e+006          0          0          0          0          0          0
          0          0          0          0          0          0          0          0
  6.31e+006          0          0          0          0          0          0
          0          0          0          0          0          0          0          0
