       12.6          0          0          0          0          0          0
          0          0          0          0          0          0          0          0
       15.8      0.524  1.24e+003       51.3      0.859        324       42.2
       11.6       8.34       3.53       8.29       9.61       9.33       4.14       2.45
         20      0.504        775       27.4      0.876        240         42
       3.99       0.76       9.61       7.34       11.9       7.16      -1.17       4.29
       25.1      0.293  1.26e+003       18.6      0.792        221       31.5
       9.61       4.72       10.6       3.75       10.3       6.41       3.16       3.73
       31.6      0.207  5.94e+003       17.3      0.807        213       31.4
      -1.39       5.53       15.2          5       10.1       6.31       1.94       4.26
       39.8      0.353        763       23.2       0.68        141       23.5
        3.6       2.41         11       4.81       8.56       7.99       2.74       6.91
       50.1       0.53       65.7       63.5      0.461        162       31.8
       5.64       9.89       5.22         10       7.06       15.9       1.82       13.5
       63.1      0.358        110       80.3      0.714        112       24.2
       7.18       5.27       5.56       6.64        8.3       8.45       2.74       7.44
       79.4       0.31        233         44       0.75        132         33
       7.47        3.8        5.9       4.72       8.32       6.26       3.28       5.25
        100      0.209        414       32.4      0.669        151       37.7
        7.9       3.45       6.03       3.79       7.54       6.72       2.64       6.26
        126      0.166        341       58.8      0.815        124       43.2
       5.28       1.56       4.01       2.79       7.17       7.48       3.94       5.48
        158      0.101        225       20.6      0.837        121         53
       5.41       1.16        3.9       1.01       7.08       8.15        5.4       5.85
        200       0.92       47.8          2      0.745       24.5       36.2
       7.38       4.65       9.48       4.73       4.76       8.12       3.29       5.93
        251      0.962        297       14.1      0.982       27.3       66.8
       10.2       5.93       1.15       5.13       2.38       7.71       2.56       3.94
        316      0.778        208       42.9      0.585        137       56.8
       6.48       1.91       9.74       8.17       6.73       8.52       3.42        3.6
        398      0.897        113       57.1      0.616         61       51.2
       5.86       2.01        8.3       8.63       3.41       10.2          1       5.22
        501      0.984        337       3.21      0.992        123       76.2
       14.1       11.3       12.2       11.6       2.98       9.45       2.02       4.12
        631      0.977        356       9.49      0.961       59.7       23.6
       5.37       12.1       14.9       9.71       7.44       6.34      -1.66       3.16
        794      0.954        844         56      0.851        532       52.3
       20.9       11.6       25.7       27.9       -6.2       7.05      -10.3      -4.07
     1e+003      0.987  1.73e+003       49.4      0.929  1.04e+003       47.7
       24.3       18.3       36.9       38.9     -0.186     -0.675      -9.63        -11
  1.26e+003      0.934  6.16e+003        3.6      0.907  3.14e+003       23.3
         28         88       67.9         52       3.69      -27.5      -22.4        -15
  1.58e+003      0.939  3.39e+003       27.7      0.859  1.72e+003       17.2
       19.5       36.1       51.5       52.6       3.11      -19.6      -13.2        -30
     2e+003      0.977  3.07e+003       28.6      0.945  2.09e+003       26.6
       4.41       46.3       42.7       56.4        7.5        -26      -13.1      -35.8
  2.51e+003      0.981     2e+003       25.2      0.975  1.26e+003       26.2
       23.7       55.3       48.5       59.7       9.93      -22.7      -9.47      -29.1
  3.16e+003      0.899  2.37e+003         30      0.906  1.62e+003       28.3
      -23.9       17.1       25.3       30.3       28.9       8.53      -2.77      -8.49
  3.98e+003      0.988  3.04e+003       30.8      0.979  2.44e+003       29.1
        6.7       14.1       49.5       37.6       33.5       4.12      -3.54      -14.1
  5.01e+003      0.975  3.15e+003         23      0.839  1.32e+003       34.6
      -1.21      -2.33       49.6       19.7       13.6       13.7      -20.7      -6.22
  6.31e+003       0.95   2.2e+003       14.2      0.846        885       38.9
      -2.65       -2.6       40.6       9.26       15.4       13.1      -19.9      -7.74
  7.94e+003      0.989   1.3e+003         23      0.976        551       19.7
      -7.04      -6.82       23.6      -15.7       19.9       14.6       2.47       7.09
     1e+004      0.921  1.06e+003       18.9      0.919        871       26.6
      -4.83      -2.65       26.3       7.51       24.4       11.8       1.41       -1.3
  1.26e+004      0.829  1.02e+003       20.9      0.921        898       20.3
      -5.52      -3.65       22.6       8.22       26.2       9.18       4.17      -5.83
  1.58e+004      0.957        312       16.3       0.95  1.18e+003         11
      -7.16      -3.98       18.2       7.55       28.5       9.94        5.6      -2.19
     2e+004      0.751        875       44.4      0.924        882       23.4
      -7.91      -2.56       11.5       9.12         25       9.44       3.98      -6.85
  2.51e+004      0.852        380       65.1       0.98        798       17.6
      -8.33      -2.66       12.1       10.2         27       11.8       -4.5      -1.58
  3.16e+004      0.946        796       47.3      0.975        629       6.83
      -7.69      -3.11       14.1       11.9       25.2       2.86       1.39       1.07
  3.98e+004      0.984        725       17.4      0.967        424        5.1
      -7.38      -3.31       19.5       8.63       21.2       3.88       2.33       1.11
  5.01e+004      0.998        397         19      0.991        345       7.46
      -7.43      -4.32       14.6       7.27       12.9       3.68    -0.0506       4.18
  6.31e+004      0.993        270       11.8      0.987        410          2
       -3.8      -3.37       12.8          5       12.6       2.19     -0.393       5.83
  7.94e+004      0.977        214       25.6      0.902        223       4.66
      -1.86      -3.56         11        5.8        6.4       2.29      -1.08       4.69
     1e+005      0.871        107       39.1      0.732        221       37.4
       -1.8      -1.92       6.93       5.87       8.11       6.94       3.72       2.74
  1.26e+005          0          0          0          0          0          0
          0          0          0          0          0          0          0          0
  1.58e+005          0          0          0          0          0          0
          0          0          0          0          0          0          0          0
     2e+005          0          0          0          0          0          0
          0          0          0          0          0          0          0          0
  2.51e+005          0          0          0          0          0          0
          0          0          0          0          0          0          0          0
  3.16e+005          0          0          0          0          0          0
          0          0          0          0          0          0          0          0
  3.98e+005          0          0          0          0          0          0
          0          0          0          0          0          0          0          0
  5.01e+005          0          0          0          0          0          0
          0          0          0          0          0          0          0          0
  6.31e+005          0          0          0          0          0          0
          0          0          0          0          0          0          0          0
  7.94e+005          0          0          0          0          0          0
          0          0          0          0          0          0          0          0
     1e+006          0          0          0          0          0          0
          0          0          0          0          0          0          0          0
  1.26e+006          0          0          0          0          0          0
          0          0          0          0          0          0          0          0
  1.58e+006          0          0          0          0          0          0
          0          0          0          0          0          0          0          0
     2e+006          0          0          0          0          0          0
          0          0          0          0          0          0          0          0
  2.51e+006          0          0          0          0          0          0
          0          0          0          0          0          0          0          0
  3.16e+006          0          0          0          0          0          0
          0          0          0          0          0          0          0          0
  3.98e+006          0          0          0          0          0          0
          0          0          0          0          0          0          0          0
  5.01e+006          0          0          0          0          0          0
          0          0          0          0          0          0          0          0
  6.31e+006          0          0          0          0          0          0
          0          0          0          0          0          0          0          0
