       12.6          0          0          0          0          0          0
          0          0          0          0          0          0          0          0
       15.8      0.489  1.53e+003       20.4      0.604        277       33.1
       1.15       1.07      -18.1      -6.69       8.27       4.94       1.48       1.64
         20      0.724  3.04e+003       14.6      0.607        148       48.4
       13.3       3.93      -43.3      -7.12       3.31       4.75       2.52      -1.06
       25.1       0.66  2.78e+003         35      0.715        199         49
       4.28       2.63      -30.3      -19.9       5.83        7.1       1.16    -0.0271
       31.6      0.625  1.58e+003       18.8      0.603        148       53.9
       7.11       6.69      -26.1       -8.9       3.32       5.14       1.54       0.39
       39.8       0.62        837       19.5      0.547        121       53.1
       26.5     -0.879      -24.4      -4.66       1.56       4.14        1.2      0.215
       50.1      0.768       94.5          2      0.775       42.3       33.3
       69.7       0.49        -35       2.04      -11.8      -8.87       6.96       4.21
       63.1      0.537        514       10.5      0.644       96.6       50.2
       27.4       4.65      -21.6      -2.66       2.19       1.27       1.22       1.78
       79.4       0.63  1.74e+003       6.32      0.824        143       45.3
       13.2       13.6        -29       -5.9       6.49       6.89      0.796      0.191
        100      0.661  2.03e+003       8.53       0.77        100       46.4
       12.1       2.83      -31.9      -5.93       5.09       5.44      0.312      0.377
        126      0.794  2.57e+003       11.2       0.77       69.7         45
        9.8       6.34      -41.9      -9.62       4.56       4.71     0.0317      -0.61
        158      0.679  1.16e+003       9.96      0.318         12       60.7
       17.8       3.59        -39       -4.8      0.396       1.65     0.0751      -1.31
        200      0.984        432       13.8      0.957       42.4       28.9
       12.1       7.16      -24.7      -7.32       3.21       3.81      0.892     -0.379
        251      0.994  1.71e+003       20.3      0.963       91.8       44.9
       29.9       1.93      -48.4      -12.8     -0.352       3.39       2.57      0.563
        316      0.903  5.11e+003       13.6      0.791        378       36.9
       78.4         16      -85.1      -14.9      -1.23       5.45       5.83      0.338
        398       0.81  1.54e+003          2      0.819        138         40
       43.3       15.1      -48.1      -5.24      0.953       6.37       3.59     -0.332
        501      0.999  3.29e+003       8.19      0.995        392       21.8
       24.5       11.6      -62.7      -10.4       2.36       4.71        3.8      0.315
        631       0.99  2.53e+003       20.9      0.985        365       50.1
       26.4        -36      -56.9       -2.9       7.87       19.8       1.78      -2.36
        794      0.823  7.72e+003         32      0.597        189       16.1
       41.5        105      -60.3      -41.8        7.3        2.1       1.61       2.16
     1e+003      0.937  2.17e+003       48.1      0.927        374       70.6
       42.3       27.2      -49.5      -23.1       3.14       9.46       4.11      0.845
  1.26e+003      0.949  4.68e+003       16.5      0.815  2.85e+003       36.9
      -5.96       9.97      -61.4      -21.5       10.3       6.33       11.5       5.06
  1.58e+003      0.978  4.86e+003       16.2      0.897  3.25e+003       23.1
       35.7         36      -71.6      -28.5       1.58      -2.02       10.2       8.04
     2e+003      0.979  5.23e+003       14.4      0.904  4.17e+003       15.5
         69       79.8        -77      -38.7       2.06      -12.4       10.6       11.1
  2.51e+003      0.894  4.99e+003       10.8      0.251        478       8.02
       43.2       14.5      -74.3      -20.6      -6.46      -5.36       11.7       9.13
  3.16e+003      0.917  2.81e+003       13.8      0.616        642       40.4
       37.5       5.28      -62.5      -14.7      -4.01       1.33       12.1        7.7
  3.98e+003      0.985  3.44e+003       13.8      0.884  3.43e+003       23.3
       44.6      -2.89        -66      -16.1       1.78       2.61         11       8.61
  5.01e+003      0.946  2.34e+003       18.6      0.675  1.11e+003       32.7
       13.9       10.8      -46.4      -18.4       6.26       3.37       7.23       8.22
  6.31e+003      0.932  1.49e+003       10.4      0.794        792       31.5
        9.7        7.6      -40.1        -10       7.89       4.97       9.71       5.57
  7.94e+003      0.961  1.14e+003       4.48      0.982        866       28.7
      -7.32       9.68      -25.7      -10.7       23.8       10.3        1.6       4.14
     1e+004      0.901        715       18.6      0.852        673       32.5
      0.654       3.24      -23.1      -8.98       14.3       8.45       4.36       3.47
  1.26e+004      0.885        519       19.6      0.811        408         35
       3.03      0.548      -19.7      -7.05       11.2       8.79       3.21       1.54
  1.58e+004      0.841        961       4.84      0.792        680       62.5
       3.04      -11.5      -22.8      -1.18        7.9       15.7       7.19      -4.05
     2e+004      0.851        291       45.1       0.99        434       36.5
    -0.0527       2.47      -11.7      -8.63       16.6         12       1.32       -1.4
  2.51e+004      0.988        571       13.1      0.934  1.39e+003       6.83
      -3.44      -2.29      -21.7      -4.17       7.71       5.75       13.2       1.39
  3.16e+004      0.888        398       16.6      0.592        155       16.7
    -0.0179     -0.984      -16.9      -4.81       5.16       2.47       2.82      -1.26
  3.98e+004      0.934        486       13.4      0.692        339       10.8
      -3.56      0.935      -18.7      -4.76       4.06      0.744       7.32       3.61
  5.01e+004      0.932        342       20.6      0.658         73       4.18
      -1.66      -1.85      -15.6      -5.36       1.08      0.892       3.46     -0.104
  6.31e+004      0.872        273       4.11      0.539        157       17.4
      -2.22       1.11      -13.7      0.973       3.15       1.95       5.31       2.22
  7.94e+004          0          0          0          0          0          0
          0          0          0          0          0          0          0          0
     1e+005      0.368       46.3       37.6      0.789        108       30.6
      0.763     -0.547       -2.2       -1.3       6.85        4.1       1.36      0.127
  1.26e+005          0          0          0          0          0          0
          0          0          0          0          0          0          0          0
  1.58e+005          0          0          0          0          0          0
          0          0          0          0          0          0          0          0
     2e+005          0          0          0          0          0          0
          0          0          0          0          0          0          0          0
  2.51e+005          0          0          0          0          0          0
          0          0          0          0          0          0          0          0
  3.16e+005          0          0          0          0          0          0
          0          0          0          0          0          0          0          0
  3.98e+005          0          0          0          0          0          0
          0          0          0          0          0          0          0          0
  5.01e+005          0          0          0          0          0          0
          0          0          0          0          0          0          0          0
  6.31e+005          0          0          0          0          0          0
          0          0          0          0          0          0          0          0
  7.94e+005          0          0          0          0          0          0
          0          0          0          0          0          0          0          0
     1e+006          0          0          0          0          0          0
          0          0          0          0          0          0          0          0
  1.26e+006          0          0          0          0          0          0
          0          0          0          0          0          0          0          0
  1.58e+006          0          0          0          0          0          0
          0          0          0          0          0          0          0          0
     2e+006          0          0          0          0          0          0
          0          0          0          0          0          0          0          0
  2.51e+006          0          0          0          0          0          0
          0          0          0          0          0          0          0          0
  3.16e+006          0          0          0          0          0          0
          0          0          0          0          0          0          0          0
  3.98e+006          0          0          0          0          0          0
          0          0          0          0          0          0          0          0
  5.01e+006          0          0          0          0          0          0
          0          0          0          0          0          0          0          0
  6.31e+006          0          0          0          0          0          0
          0          0          0          0          0          0          0          0
