       12.6          0          0          0          0          0          0
          0          0          0          0          0          0          0          0
       15.8      0.741  6.86e+003       24.7      0.802        421       43.6
      -21.9       6.26       51.6       28.4       12.9       11.7       5.96      0.404
         20      0.859  5.26e+003       21.6      0.839        399       49.8
       -5.4       10.9         54       25.8       13.3       12.6       6.18       2.79
       25.1      0.869  3.06e+003       12.1      0.746        531         46
      -13.3      -9.87         46       9.55       12.7       12.7       4.27       1.26
       31.6      0.853     4e+003       7.04      0.749        502       52.6
      -12.1      -0.83       50.4       6.66       12.5       12.3       3.89      -2.17
       39.8      0.738  1.68e+003       11.1      0.601        526       58.7
       11.6      -26.3       33.6       1.46       8.31       11.1      0.635     -0.156
       50.1      0.631        884       8.96      0.318        314       60.2
       60.4       -212         49      -33.9      -25.8      -10.6      -5.17      -6.63
       63.1      0.811  1.39e+003          2      0.766        401       57.5
      -10.9      -21.6         29      -4.65       6.41         11     -0.758      -1.27
       79.4      0.812  1.81e+003       5.28      0.901        352       44.9
      -5.43      0.229       33.1       2.91       12.2       11.6      0.531     -0.447
        100      0.818  2.01e+003          2      0.866        362       42.3
      -5.06      -8.77       36.2      -1.03       12.5       11.1      0.364      0.103
        126      0.857  3.02e+003       6.14      0.961        302       48.3
     -0.825        1.7       46.5       5.46       11.4       12.2      0.879     -0.307
        158      0.882  2.96e+003       8.55      0.948        356       47.7
       5.71       1.56       48.3       7.05       12.4       13.7       1.55       1.12
        200      0.984  1.17e+003       35.8      0.924        115       42.5
       6.26      -8.83       29.1       17.3       11.9       12.6       1.46       1.99
        251      0.998  3.12e+003       14.3      0.854       34.9       77.6
      -1.89     -0.758       53.5       13.9       12.3       11.6       3.79      -0.79
        316      0.986  3.56e+003       9.32      0.915        145       61.9
      -11.8      -21.9       55.2        4.3       12.7         11       2.14      0.339
        398      0.874  1.92e+003       15.5      0.941        291       47.7
       9.55      -13.4       39.7       8.15       11.9       13.3      0.289      0.918
        501          1  2.27e+003       6.77      0.995         95       78.7
      -3.95       1.73       46.4       6.11       13.6         14       2.88      0.839
        631      0.995  1.65e+003       13.9      0.981        508         50
       7.99        -24       44.1       1.31       24.5       16.5       4.19      0.735
        794      0.966   4.6e+003          2       0.97        765       35.5
       8.24       53.5       51.2       18.6       20.8       8.98       2.28      -2.93
     1e+003      0.982  1.04e+003       33.1       0.95        432       4.22
       2.72       17.3       31.4       19.8       18.9         11       2.61       2.27
  1.26e+003      0.968  1.51e+003       24.7      0.411       89.3       30.3
       15.2      -3.55       38.5         13       6.08       1.75       1.05     -0.448
  1.58e+003      0.973  2.43e+003       4.76      0.749  2.23e+003       19.6
       13.5         33       43.6       8.81       17.5      -21.9      0.729      -7.14
     2e+003       0.98  2.65e+003          2      0.845  2.47e+003       14.6
      -9.48       32.2       41.6       2.61       20.8       10.4      -11.7      -4.57
  2.51e+003      0.977  2.06e+003       4.99      0.866  3.37e+003       3.14
       21.8       23.1       43.8       11.2       12.6     -0.626      -7.72      -9.62
  3.16e+003      0.938  1.07e+003       3.09      0.835  1.03e+003       28.3
         14       4.16       34.2       4.68       12.6       9.59      -5.75      -4.66
  3.98e+003      0.951  1.19e+003       8.21      0.766     2e+003       5.43
       35.5       24.9       34.5       15.1       27.2        -29       4.92      -8.93
  5.01e+003      0.966        897       13.4      0.913        986       33.8
      -1.91       1.11       27.7       6.82       22.9         15      -1.28      -1.98
  6.31e+003      0.986        691       15.9      0.938        581       36.7
       -1.1     -0.467       24.4       7.16       21.9       15.5       3.48     -0.261
  7.94e+003      0.987        940       19.1      0.982        325       26.6
      -8.91      -4.59       20.7       6.38       18.5       9.53       2.95       1.57
     1e+004      0.933        445       10.8       0.95        673       35.7
      -3.65     -0.639       18.5       4.47         20       14.7       1.24      0.998
  1.26e+004      0.837        360       7.51      0.951        561       35.9
      -3.86      0.071       15.2       4.33       17.6       13.5      0.752       5.52
  1.58e+004      0.902        350       11.7      0.934        488       32.6
      -3.07     -0.078       16.9       5.88       17.6         11     -0.396      -0.33
     2e+004      0.848        132       29.8      0.985        709         25
      -2.41      0.858       10.2       5.66       23.9       11.4      0.505      -1.55
  2.51e+004      0.998        257       25.1       0.76        196       28.6
     -0.859       1.46       14.3       7.03       18.3        8.6       2.35      0.988
  3.16e+004      0.845        119       55.1      0.425        580       20.6
      -1.76      -0.44       4.84       7.43       15.3       4.42       6.85          1
  3.98e+004      0.983        290       31.6       0.41        822       78.3
     -0.728      -3.71       14.3       8.21       10.7       4.05       7.12      -1.34
  5.01e+004      0.969        173       31.9      0.658        625       77.2
      -1.61       2.97         10        7.2       12.8       8.33       6.55     -0.912
  6.31e+004      0.943        178       21.5      0.732        304       35.4
    -0.0149      0.908       11.6       4.89       12.1       3.94       4.95      -5.92
  7.94e+004      0.719        126       18.2      0.271       97.7       53.5
      -1.27     -0.687       7.52       2.51       1.89       1.67      0.343      -4.33
     1e+005      0.515       26.3       33.5      0.773       90.5       38.6
      -0.84      -0.99       1.81        1.1        5.2       4.24      -2.36      -1.06
  1.26e+005          0          0          0          0          0          0
          0          0          0          0          0          0          0          0
  1.58e+005          0          0          0          0          0          0
          0          0          0          0          0          0          0          0
     2e+005          0          0          0          0          0          0
          0          0          0          0          0          0          0          0
  2.51e+005          0          0          0          0          0          0
          0          0          0          0          0          0          0          0
  3.16e+005          0          0          0          0          0          0
          0          0          0          0          0          0          0          0
  3.98e+005          0          0          0          0          0          0
          0          0          0          0          0          0          0          0
  5.01e+005          0          0          0          0          0          0
          0          0          0          0          0          0          0          0
  6.31e+005          0          0          0          0          0          0
          0          0          0          0          0          0          0          0
  7.94e+005          0          0          0          0          0          0
          0          0          0          0          0          0          0          0
     1e+006          0          0          0          0          0          0
          0          0          0          0          0          0          0          0
  1.26e+006          0          0          0          0          0          0
          0          0          0          0          0          0          0          0
  1.58e+006          0          0          0          0          0          0
          0          0          0          0          0          0          0          0
     2e+006          0          0          0          0          0          0
          0          0          0          0          0          0          0          0
  2.51e+006          0          0          0          0          0          0
          0          0          0          0          0          0          0          0
  3.16e+006          0          0          0          0          0          0
          0          0          0          0          0          0          0          0
  3.98e+006          0          0          0          0          0          0
          0          0          0          0          0          0          0          0
  5.01e+006          0          0          0          0          0          0
          0          0          0          0          0          0          0          0
  6.31e+006          0          0          0          0          0          0
          0          0          0          0          0          0          0          0
