       12.6          0          0          0          0          0          0
          0          0          0          0          0          0          0          0
       15.8          0          0          0          0          0          0
          0          0          0          0          0          0          0          0
         20          0          0          0          0          0          0
          0          0          0          0          0          0          0          0
       25.1          0          0          0          0          0          0
          0          0          0          0          0          0          0          0
       31.6          0          0          0          0          0          0
          0          0          0          0          0          0          0          0
       39.8      0.178  2.37e+003       34.6      0.522        167       86.1
         53       3.31      -1.88       6.35       3.03       5.06     -0.782      0.796
       50.1      0.511       75.7         18      0.834        194       82.4
      -16.7        -12       6.65       3.63      0.565       1.03    -0.0747       2.14
       63.1      0.171  1.16e+003       13.3      0.501       78.9         69
      -58.9       26.1       15.3      -1.43     -0.265       0.58      0.359      0.999
       79.4          0          0          0          0          0          0
          0          0          0          0          0          0          0          0
        100          0          0          0          0          0          0
          0          0          0          0          0          0          0          0
        126          0          0          0          0          0          0
          0          0          0          0          0          0          0          0
        158          0          0          0          0          0          0
          0          0          0          0          0          0          0          0
        200     0.0988  1.08e+004       28.4      0.918       53.8        8.9
       40.5       15.5      -5.36      -15.5        4.3     -0.203       1.86     -0.131
        251      0.361       8.46       29.5      0.987       10.7       50.4
       1.15      -8.38      0.353       -1.5       1.81       2.26       1.02      0.396
        316      0.579  2.76e+004       80.1       0.35       74.5       57.2
       22.8      -67.1        -20       -105       2.44        3.6       5.04       1.47
        398      0.205  1.17e+003       5.44      0.628       2.47       77.8
    -0.0891      -7.01       1.56      -5.16      0.386        1.8       1.78      0.154
        501      0.831       47.3       22.9      0.994       39.3       47.1
       16.7       16.2      -2.38      -8.21      0.623       2.76        1.6      0.588
        631      0.139        374       46.2      0.936       27.7       6.67
       1.35      -7.97       5.32       1.48       6.26       0.82      -1.19       1.17
        794      0.395        352       43.3      0.629       52.8       80.9
       9.99      -19.7       -1.8      -5.97       1.07       4.19       1.66       1.35
     1e+003      0.575  2.46e+003       82.2      0.789       42.7       76.3
       65.3        -21      -51.1       4.88       -5.7       3.49       5.56      0.154
  1.26e+003      0.629        109       67.6      0.263        218       32.3
       17.5        -18      -1.05      -5.95       2.08       1.63       1.34       1.36
  1.58e+003          0          0          0          0          0          0
          0          0          0          0          0          0          0          0
     2e+003          0          0          0          0          0          0
          0          0          0          0          0          0          0          0
  2.51e+003          0          0          0          0          0          0
          0          0          0          0          0          0          0          0
  3.16e+003          0          0          0          0          0          0
          0          0          0          0          0          0          0          0
  3.98e+003          0          0          0          0          0          0
          0          0          0          0          0          0          0          0
  5.01e+003          0          0          0          0          0          0
          0          0          0          0          0          0          0          0
  6.31e+003          0          0          0          0          0          0
          0          0          0          0          0          0          0          0
  7.94e+003          0          0          0          0          0          0
          0          0          0          0          0          0          0          0
     1e+004          0          0          0          0          0          0
          0          0          0          0          0          0          0          0
  1.26e+004          0          0          0          0          0          0
          0          0          0          0          0          0          0          0
  1.58e+004          0          0          0          0          0          0
          0          0          0          0          0          0          0          0
     2e+004          0          0          0          0          0          0
          0          0          0          0          0          0          0          0
  2.51e+004          0          0          0          0          0          0
          0          0          0          0          0          0          0          0
  3.16e+004          0          0          0          0          0          0
          0          0          0          0          0          0          0          0
  3.98e+004          0          0          0          0          0          0
          0          0          0          0          0          0          0          0
  5.01e+004          0          0          0          0          0          0
          0          0          0          0          0          0          0          0
  6.31e+004          0          0          0          0          0          0
          0          0          0          0          0          0          0          0
  7.94e+004          0          0          0          0          0          0
          0          0          0          0          0          0          0          0
     1e+005          0          0          0          0          0          0
          0          0          0          0          0          0          0          0
  1.26e+005          0          0          0          0          0          0
          0          0          0          0          0          0          0          0
  1.58e+005          0          0          0          0          0          0
          0          0          0          0          0          0          0          0
     2e+005          0          0          0          0          0          0
          0          0          0          0          0          0          0          0
  2.51e+005          0          0          0          0          0          0
          0          0          0          0          0          0          0          0
  3.16e+005          0          0          0          0          0          0
          0          0          0          0          0          0          0          0
  3.98e+005          0          0          0          0          0          0
          0          0          0          0          0          0          0          0
  5.01e+005          0          0          0          0          0          0
          0          0          0          0          0          0          0          0
  6.31e+005          0          0          0          0          0          0
          0          0          0          0          0          0          0          0
  7.94e+005          0          0          0          0          0          0
          0          0          0          0          0          0          0          0
     1e+006          0          0          0          0          0          0
          0          0          0          0          0          0          0          0
  1.26e+006          0          0          0          0          0          0
          0          0          0          0          0          0          0          0
  1.58e+006          0          0          0          0          0          0
          0          0          0          0          0          0          0          0
     2e+006          0          0          0          0          0          0
          0          0          0          0          0          0          0          0
  2.51e+006          0          0          0          0          0          0
          0          0          0          0          0          0          0          0
  3.16e+006          0          0          0          0          0          0
          0          0          0          0          0          0          0          0
  3.98e+006          0          0          0          0          0          0
          0          0          0          0          0          0          0          0
  5.01e+006          0          0          0          0          0          0
          0          0          0          0          0          0          0          0
  6.31e+006          0          0          0          0          0          0
          0          0          0          0          0          0          0          0
