       12.6          0          0          0          0          0          0
          0          0          0          0          0          0          0          0
       15.8      0.462  1.13e+003       32.9      0.731       60.8       28.7
       -4.4      -7.74       17.3       10.7      -5.22      -3.39       2.18       1.82
         20      0.635  1.05e+003       25.2      0.652         41       29.9
      -3.46      -5.48       21.9       12.2      -4.49      -3.57        3.1       3.56
       25.1      0.388        863       37.9       0.66         26       22.1
      -9.09      -2.25       18.3       5.52      -4.28      -2.65       3.33        1.7
       31.6      0.464  1.45e+003       32.6      0.781       18.9       18.8
      -8.63      -6.74       28.9       14.4      -3.51      -1.51      0.909      0.655
       39.8      0.427       68.3       30.2      0.763       7.34       37.6
       -9.9      -2.61       14.1      0.982      -4.14      -2.57       3.65      0.558
       50.1      0.309       68.6         88       0.85       15.7       19.6
        -10       1.59       12.2      -4.19      -6.73       -2.2       6.56      -0.35
       63.1      0.498         52       52.9      0.766       6.54       11.4
      -5.93      -0.91       8.83      0.802       -3.4      -1.33       2.63      0.306
       79.4      0.525        258       39.5      0.675       13.1       24.7
      -6.18      -4.99       13.5       7.17      -3.05      -2.01        2.6       1.25
        100       0.46        206       60.4      0.691       8.02       19.7
      -7.73      -3.88       13.4       7.12      -2.59      -1.91       2.26       1.93
        126      0.736        453       47.4      0.548         16       31.9
      -5.17      -4.06       14.3       12.4      -2.43      -2.01       2.43       1.48
        158      0.616        390       39.5      0.541       17.5       47.6
      -5.74      -3.23       12.9       9.01       -2.2      -2.19       2.52       1.34
        200      0.933       20.3       22.6      0.819        2.9       16.5
      -5.71        1.1       7.43       0.65      -1.31      -2.02       1.87       1.46
        251      0.839        237       27.1      0.718       1.07       48.2
      -4.53        8.3       4.17      -4.84      0.376       1.92       1.72      -2.76
        316      0.809        417       38.7       0.52       20.5       65.7
      -5.43      -9.85         18       16.8      -3.24       -4.1       4.54       2.74
        398      0.773        100       66.1       0.91       6.78         42
      -4.16      -1.36       10.2       5.07      -1.58      -3.72       1.91       3.44
        501       0.98        459       24.1      0.991       14.8       72.2
      -13.3      -8.97       18.2       10.5      -1.21      -3.85       1.29       2.66
        631      0.994        276       22.1      0.993       16.5       34.2
      -2.16      0.134       18.1      -7.53      -1.67      -5.04     -0.801       4.68
        794      0.843        521       45.1      0.907       21.3       55.6
      0.951       8.21       14.6      -2.21       -1.8      -4.91      -1.89       3.11
     1e+003      0.945  7.49e+003       17.5      0.987        132       68.8
       5.33       23.4       16.3      -3.29      -1.73      -10.3      -5.22       5.56
  1.26e+003      0.893  4.15e+003       77.9      0.321        247       21.1
        1.5       13.4       5.29      -65.2     -0.286      -7.62      -3.12       29.4
  1.58e+003      0.798  5.89e+003       32.7      0.442        535       67.9
       8.45      0.845       50.7      -27.5      -1.13      -1.51      -26.7       7.47
     2e+003      0.874  7.92e+003       11.6      0.681  1.52e+003         51
       13.9       22.5         62        -19      -2.68      -9.95      -26.2       3.51
  2.51e+003      0.822  4.13e+003       6.31      0.554   1.1e+003         50
       14.8       31.1       47.2       -3.9     -0.723      -12.5      -18.5      -1.49
  3.16e+003      0.812  5.11e+003       10.9        0.5        406       87.7
      0.378        7.1         52       10.1      0.288       -3.5      -17.5      -4.47
  3.98e+003      0.926   1.6e+004       10.5      0.598   2.9e+003       50.8
       4.08       24.8        107       9.39       1.36      -10.3      -46.7      -8.29
  5.01e+003      0.839  2.07e+004       2.66      0.356  2.38e+003       38.6
         12       7.95        115      -5.31      -7.15      -7.15      -41.8          5
  6.31e+003      0.702  1.11e+004       9.27      0.438  4.36e+003       27.8
       20.9       6.95       63.9       -8.8      -17.2      -11.5      -26.8       12.1
  7.94e+003      0.969  3.03e+003       15.4      0.518   5.3e+003       5.08
       9.53     -0.101       49.9      -13.9      -11.7      -2.33      -16.4       6.16
     1e+004      0.544  8.55e+003       48.9      0.523  1.06e+004       6.89
       25.6      -13.4       27.2      -25.8      -40.4         -2      -15.5       41.6
  1.26e+004      0.517  1.44e+004       31.1      0.483  1.43e+004       2.64
       25.4      -14.9       47.7      -20.8      -50.5      -1.46      -36.6       16.5
  1.58e+004       0.92  1.78e+003         14       0.52  1.08e+004          2
         22      -7.96       39.1       9.27      -50.2      -3.12       7.78      -3.86
     2e+004      0.479  2.96e+003       42.3      0.491  7.45e+003       28.7
       19.3       5.38       18.6       14.5      -36.8      -19.4       4.66      -6.73
  2.51e+004      0.793   1.8e+003       80.8      0.692  3.49e+003       26.9
       16.9        2.6       11.6       26.2      -24.7      -12.5       19.7      -11.7
  3.16e+004      0.699  1.02e+004       60.1      0.536  3.53e+003       23.4
       17.3       3.73       23.5       44.8      -29.4      -3.98       26.9      -28.5
  3.98e+004      0.946  5.22e+003       15.9      0.554  1.53e+003       32.2
          5       2.72       61.7       17.4      -7.32      -4.95      -26.4      -10.4
  5.01e+004      0.994  2.57e+003       20.5      0.611        843       30.7
       1.18      0.483       46.6       17.4       -1.1     -0.662      -20.9      -10.5
  6.31e+004      0.992  2.47e+003       6.52      0.602        765       28.2
      0.608       0.11       48.7       5.78     -0.687     -0.163      -28.6       4.46
  7.94e+004      0.971  2.04e+003       25.8      0.642        795       35.1
       2.27       2.09       38.1         18      -1.65      -2.05      -20.4      -9.57
     1e+005      0.905  1.41e+003       36.8      0.589        611       38.5
       4.69       4.78       24.7       18.4      -4.81      -2.72        -12      -8.57
  1.26e+005          0          0          0          0          0          0
          0          0          0          0          0          0          0          0
  1.58e+005          0          0          0          0          0          0
          0          0          0          0          0          0          0          0
     2e+005          0          0          0          0          0          0
          0          0          0          0          0          0          0          0
  2.51e+005          0          0          0          0          0          0
          0          0          0          0          0          0          0          0
  3.16e+005          0          0          0          0          0          0
          0          0          0          0          0          0          0          0
  3.98e+005          0          0          0          0          0          0
          0          0          0          0          0          0          0          0
  5.01e+005          0          0          0          0          0          0
          0          0          0          0          0          0          0          0
  6.31e+005          0          0          0          0          0          0
          0          0          0          0          0          0          0          0
  7.94e+005          0          0          0          0          0          0
          0          0          0          0          0          0          0          0
     1e+006          0          0          0          0          0          0
          0          0          0          0          0          0          0          0
  1.26e+006          0          0          0          0          0          0
          0          0          0          0          0          0          0          0
  1.58e+006          0          0          0          0          0          0
          0          0          0          0          0          0          0          0
     2e+006          0          0          0          0          0          0
          0          0          0          0          0          0          0          0
  2.51e+006          0          0          0          0          0          0
          0          0          0          0          0          0          0          0
  3.16e+006          0          0          0          0          0          0
          0          0          0          0          0          0          0          0
  3.98e+006          0          0          0          0          0          0
          0          0          0          0          0          0          0          0
  5.01e+006          0          0          0          0          0          0
          0          0          0          0          0          0          0          0
  6.31e+006          0          0          0          0          0          0
          0          0          0          0          0          0          0          0
