       12.6          0          0          0          0          0          0
          0          0          0          0          0          0          0          0
       15.8          0          0          0          0          0          0
          0          0          0          0          0          0          0          0
         20          0          0          0          0          0          0
          0          0          0          0          0          0          0          0
       25.1          0          0          0          0          0          0
          0          0          0          0          0          0          0          0
       31.6     0.0894        992       87.9      0.528  2.18e+003       8.71
      -38.2      -19.8       3.55      -2.02       31.1       4.71      -1.71      0.206
       39.8          0          0          0          0          0          0
          0          0          0          0          0          0          0          0
       50.1     0.0811       33.3         65      0.568        115       80.1
       8.71      -17.7     -0.261       0.88       4.31        8.2     -0.418    0.00809
       63.1          0          0          0          0          0          0
          0          0          0          0          0          0          0          0
       79.4          0          0          0          0          0          0
          0          0          0          0          0          0          0          0
        100          0          0          0          0          0          0
          0          0          0          0          0          0          0          0
        126          0          0          0          0          0          0
          0          0          0          0          0          0          0          0
        158      0.661  1.79e+003       60.8     0.0833   8.7e+004       59.7
       64.1        357       14.2      -24.7       24.7       30.9       1.64      -4.16
        200          0          0          0          0          0          0
          0          0          0          0          0          0          0          0
        251      0.636       1.31       20.4       0.94       19.2       74.7
       -7.5      -1.68       1.14      0.349       4.14    -0.0804     -0.492      0.113
        316      0.488  3.78e+004       83.4      0.753  1.44e+004       74.8
       -142        342       21.7       11.4       33.5      -84.1      -6.28      -1.82
        398      0.506        488         47     0.0406  5.38e+003       24.3
      -10.5      -16.8      -7.63       8.18      -2.96       1.64    0.00042     -0.886
        501       0.74        124         51      0.384        213       25.4
      -3.99       16.7      -4.38      -8.14       4.53       1.68      0.305      0.656
        631       0.42       71.2       30.3      0.226        371       73.7
       28.2        -16      -3.93       1.55     -0.922       4.26    -0.0202    -0.0373
        794      0.356        119       24.4      0.759        617       40.2
      -39.9       45.1     -0.626      -4.95       15.4      -16.4     -0.242       1.11
     1e+003      0.537        553       42.3       0.31        154       40.3
      -33.8         70      -3.91      -1.19      -1.41     -0.201       1.78     -0.803
  1.26e+003      0.249       38.6       55.1      0.683        154       59.9
      -1.32       51.4      -1.41      -3.37       3.65      -9.59      0.147      0.348
  1.58e+003          0          0          0          0          0          0
          0          0          0          0          0          0          0          0
     2e+003          0          0          0          0          0          0
          0          0          0          0          0          0          0          0
  2.51e+003          0          0          0          0          0          0
          0          0          0          0          0          0          0          0
  3.16e+003          0          0          0          0          0          0
          0          0          0          0          0          0          0          0
  3.98e+003          0          0          0          0          0          0
          0          0          0          0          0          0          0          0
  5.01e+003          0          0          0          0          0          0
          0          0          0          0          0          0          0          0
  6.31e+003          0          0          0          0          0          0
          0          0          0          0          0          0          0          0
  7.94e+003          0          0          0          0          0          0
          0          0          0          0          0          0          0          0
     1e+004          0          0          0          0          0          0
          0          0          0          0          0          0          0          0
  1.26e+004          0          0          0          0          0          0
          0          0          0          0          0          0          0          0
  1.58e+004          0          0          0          0          0          0
          0          0          0          0          0          0          0          0
     2e+004          0          0          0          0          0          0
          0          0          0          0          0          0          0          0
  2.51e+004          0          0          0          0          0          0
          0          0          0          0          0          0          0          0
  3.16e+004          0          0          0          0          0          0
          0          0          0          0          0          0          0          0
  3.98e+004          0          0          0          0          0          0
          0          0          0          0          0          0          0          0
  5.01e+004          0          0          0          0          0          0
          0          0          0          0          0          0          0          0
  6.31e+004          0          0          0          0          0          0
          0          0          0          0          0          0          0          0
  7.94e+004          0          0          0          0          0          0
          0          0          0          0          0          0          0          0
     1e+005          0          0          0          0          0          0
          0          0          0          0          0          0          0          0
  1.26e+005          0          0          0          0          0          0
          0          0          0          0          0          0          0          0
  1.58e+005          0          0          0          0          0          0
          0          0          0          0          0          0          0          0
     2e+005          0          0          0          0          0          0
          0          0          0          0          0          0          0          0
  2.51e+005          0          0          0          0          0          0
          0          0          0          0          0          0          0          0
  3.16e+005          0          0          0          0          0          0
          0          0          0          0          0          0          0          0
  3.98e+005          0          0          0          0          0          0
          0          0          0          0          0          0          0          0
  5.01e+005          0          0          0          0          0          0
          0          0          0          0          0          0          0          0
  6.31e+005          0          0          0          0          0          0
          0          0          0          0          0          0          0          0
  7.94e+005          0          0          0          0          0          0
          0          0          0          0          0          0          0          0
     1e+006          0          0          0          0          0          0
          0          0          0          0          0          0          0          0
  1.26e+006          0          0          0          0          0          0
          0          0          0          0          0          0          0          0
  1.58e+006          0          0          0          0          0          0
          0          0          0          0          0          0          0          0
     2e+006          0          0          0          0          0          0
          0          0          0          0          0          0          0          0
  2.51e+006          0          0          0          0          0          0
          0          0          0          0          0          0          0          0
  3.16e+006          0          0          0          0          0          0
          0          0          0          0          0          0          0          0
  3.98e+006          0          0          0          0          0          0
          0          0          0          0          0          0          0          0
  5.01e+006          0          0          0          0          0          0
          0          0          0          0          0          0          0          0
  6.31e+006          0          0          0          0          0          0
          0          0          0          0          0          0          0          0
