       12.6          0          0          0          0          0          0
          0          0          0          0          0          0          0          0
       15.8      0.213  1.33e+003       43.1      0.579        112       17.5
       5.67     -0.621      -4.42       4.45       5.75       2.39      0.705       2.09
         20     0.0775        557       87.9      0.629       86.5       32.7
       4.19       6.43     -0.557     -0.863       4.46       2.13     0.0717        3.2
       25.1     0.0666  1.23e+003          2      0.629        118       40.9
          5       4.11      -2.52     -0.532          5       3.97     -0.527       2.85
       31.6      0.148  5.33e+003       29.3      0.562        357         28
      -13.1       22.3      -10.4       4.12         10       4.76    -0.0294       3.87
       39.8      0.436  1.11e+003       68.1      0.524        283       30.2
      -4.52       5.92       5.14       13.7       6.98       5.46      -2.92       3.04
       50.1      0.907        132       69.2      0.428        335       30.1
      -0.21       10.1      -3.25       10.8       2.51       6.87      -3.33       5.59
       63.1      0.641        149       73.3       0.56        244       43.7
       6.24       5.42      -2.04       7.54       5.79       6.42      -1.96       4.18
       79.4      0.517        204       80.2      0.795        123       39.6
       7.04       1.35      0.527       6.82       6.83       4.82      -1.24       2.97
        100      0.427        249       83.4      0.761        127       28.8
       5.13     -0.199      0.803       6.33       7.06       4.03     -0.758       2.22
        126      0.459        323       47.3      0.924       88.3       47.3
       5.67     -0.671       2.15        4.9       5.41       5.72      0.467       2.43
        158      0.619        379       55.6      0.894       87.4       52.3
       6.42     -0.456       4.64       8.65       4.48       6.39        1.7       2.27
        200       0.96        238       20.4      0.838       59.5       59.3
       3.86       5.22       12.7       8.69       2.76       5.63       2.71       4.01
        251      0.933  1.26e+003       73.5      0.971       21.9       67.8
         18       7.27       5.35       5.68       2.09       6.27       3.75     -0.161
        316       0.74        658       41.1       0.82        143       57.6
       6.31      -3.88       13.6       13.4       4.33       7.09       2.17       1.22
        398      0.797        770       84.8      0.919       80.8       65.3
       4.88      -5.87       1.24       21.6       3.77       7.86      -0.09       1.89
        501      0.994  1.36e+003       38.2       0.99       62.6       77.8
       7.99       13.5       15.9       20.8       -1.3       6.47      0.597      0.877
        631      0.858       54.3       36.7       0.98       45.8         11
        7.5       20.5       3.56       11.7       6.22        2.3     -0.526      0.594
        794      0.972        414       58.4      0.898  1.28e+003       37.9
      -14.4     -0.918       8.33       16.8       2.04       8.81      -4.32       -1.9
     1e+003      0.994        693       58.1      0.922  1.67e+003         25
      -11.9      -14.3       13.4       19.7       7.28       11.9      -3.86      -3.06
  1.26e+003      0.912  1.42e+003       47.2      0.877  1.53e+003         16
      -65.9       14.7       18.1       14.7       29.6        4.4      -6.17     0.0398
  1.58e+003      0.937  1.75e+003       46.7      0.926  1.57e+003       22.5
      -34.4      -10.3         19       17.7         24       21.1      -7.33     -0.144
     2e+003      0.971   2.2e+003       47.2       0.97   1.4e+003       23.9
      -31.1      -7.15       19.3       19.2       19.8       14.3      -7.47      -6.19
  2.51e+003      0.976  2.51e+003       37.8      0.983  1.02e+003       23.3
      -35.4       -2.4         15       14.2       23.1       13.3      -4.62      -1.72
  3.16e+003      0.912  1.77e+003       40.7      0.943  1.03e+003       29.3
      -31.3      -10.2       18.3       10.8       25.9       17.9      -1.88       1.88
  3.98e+003      0.988  2.45e+003       44.2      0.992  1.25e+003       26.4
      -16.7      -6.43       26.1       23.1       29.4         18      -2.64       1.01
  5.01e+003      0.927   2.2e+003       29.9      0.942  1.28e+003       21.1
      -24.2      -6.96       24.6       12.3       32.1         13      0.346       1.14
  6.31e+003      0.757  1.76e+003       13.3      0.905        847       22.2
      -16.7      -3.64       26.5       5.72       24.2        9.1     -0.385      -6.02
  7.94e+003      0.989  2.96e+003       40.6      0.995        231       18.1
      -23.2       1.31         20      -1.96       18.6       5.02       4.76       -5.7
     1e+004        0.9        409         18      0.945        881       20.1
      -11.8      -4.28       19.9       6.68       25.3       9.22       1.91      0.857
  1.26e+004      0.909        334       9.98      0.968        986       14.4
      -9.49      -7.26       18.3       7.22       26.4       10.1       5.11      -1.12
  1.58e+004      0.991        282       5.89      0.891  1.09e+003       7.38
        -10      -5.36       16.3       3.88       27.4       10.9       5.44      -1.33
     2e+004      0.154  1.93e+003       51.5      0.981        337       38.8
      -8.91       -6.7       14.7       6.15         13       11.7       9.18      -4.89
  2.51e+004      0.955        140       31.3       0.96        698       31.2
      -6.57      -2.88       10.9       4.45         21       10.1       2.44       0.15
  3.16e+004      0.905        284       37.9      0.956        394       11.3
      -4.71      -6.08       11.2       6.23       20.8       3.24       4.84      0.906
  3.98e+004      0.978        378       21.2      0.965        328       3.32
      -6.28      -7.36       12.2       7.85       19.5       3.52       3.97       0.42
  5.01e+004      0.999        255       26.4      0.994        238       20.6
      -3.54      -4.34       11.7       7.22       7.17       2.76        1.1          5
  6.31e+004      0.995        146       31.3      0.983        345       6.49
       -1.9      -4.44       8.29       7.02       7.49        1.2       1.34       4.99
  7.94e+004      0.978        136       45.7      0.864        232       17.2
       2.98      -1.76       7.75       7.14       3.82      0.822      0.597       3.72
     1e+005      0.884        153       43.5      0.617        171       32.1
       4.09       1.52       7.74       7.16        5.5       4.12       1.58       1.68
  1.26e+005          0          0          0          0          0          0
          0          0          0          0          0          0          0          0
  1.58e+005          0          0          0          0          0          0
          0          0          0          0          0          0          0          0
     2e+005          0          0          0          0          0          0
          0          0          0          0          0          0          0          0
  2.51e+005          0          0          0          0          0          0
          0          0          0          0          0          0          0          0
  3.16e+005          0          0          0          0          0          0
          0          0          0          0          0          0          0          0
  3.98e+005          0          0          0          0          0          0
          0          0          0          0          0          0          0          0
  5.01e+005          0          0          0          0          0          0
          0          0          0          0          0          0          0          0
  6.31e+005          0          0          0          0          0          0
          0          0          0          0          0          0          0          0
  7.94e+005          0          0          0          0          0          0
          0          0          0          0          0          0          0          0
     1e+006          0          0          0          0          0          0
          0          0          0          0          0          0          0          0
  1.26e+006          0          0          0          0          0          0
          0          0          0          0          0          0          0          0
  1.58e+006          0          0          0          0          0          0
          0          0          0          0          0          0          0          0
     2e+006          0          0          0          0          0          0
          0          0          0          0          0          0          0          0
  2.51e+006          0          0          0          0          0          0
          0          0          0          0          0          0          0          0
  3.16e+006          0          0          0          0          0          0
          0          0          0          0          0          0          0          0
  3.98e+006          0          0          0          0          0          0
          0          0          0          0          0          0          0          0
  5.01e+006          0          0          0          0          0          0
          0          0          0          0          0          0          0          0
  6.31e+006          0          0          0          0          0          0
          0          0          0          0          0          0          0          0
