       12.6          0          0          0          0          0          0
          0          0          0          0          0          0          0          0
       15.8      0.899  3.26e+004       27.5        0.7        256       39.6
       2.18       17.2       -138      -78.3      -10.2      -5.13       11.8       3.89
         20      0.947  1.84e+004       35.3      0.736        327       42.5
        -14       5.74       -106      -75.2      -8.89      -9.59          9       3.82
       25.1      0.884  1.71e+004       23.6      0.698        296       48.6
      -18.2       13.5       -108      -49.2      -7.61      -10.6       9.84       2.71
       31.6      0.823  1.45e+004       23.2      0.686        330         58
      -22.9       9.79      -88.9      -38.6      -7.68      -10.2       7.06        1.4
       39.8      0.816  8.15e+003       23.2      0.507        410       60.1
       16.1       13.8      -71.3      -30.8      -11.6      -10.9        6.1      0.358
       50.1      0.798  1.12e+003       5.62      0.563        152       69.9
        250       91.7      -77.7      -11.7      -28.2     -0.327       6.06      -2.39
       63.1      0.827  5.82e+003       16.8      0.605        421       63.6
      -11.1       28.3      -59.4      -21.9      -10.9      -11.9       5.46      0.213
       79.4      0.883  7.83e+003       16.6      0.773        300       53.2
      -1.06       19.7      -74.8      -24.1      -9.72      -10.8       5.67      0.243
        100      0.838  8.52e+003       12.8      0.685        292       52.5
       4.22       12.6      -76.1      -18.2      -9.45      -9.78       4.94     -0.141
        126      0.885  8.51e+003       14.6      0.794        262       53.5
        7.5       14.5      -79.4      -22.2      -9.15        -10        4.7      0.173
        158      0.888  7.63e+003       15.9      0.898        275       47.9
       6.74       5.82        -75      -21.2      -10.2      -11.3       4.54      0.127
        200      0.984  2.06e+003       15.2      0.395       79.2       65.6
       12.8       3.19      -45.5        -12      -7.38      -7.54       2.45       0.86
        251      0.991  4.78e+003       10.3      0.844        655       30.4
       28.7      -40.4      -68.4      -5.73      -7.78      -7.47       4.95      0.651
        316      0.973  1.28e+004       19.2      0.522        848       8.51
       37.8       5.58       -109      -35.8      -11.1        -12       6.16       1.63
        398      0.878  4.52e+003       19.3      0.673        229       63.2
         29       8.19      -60.4      -19.9      -8.93        -10       3.24     0.0551
        501          1  9.82e+003       15.9      0.977  2.09e+003         27
       23.3       2.28      -97.4      -26.3      -7.29      -9.04       5.42      0.557
        631      0.994  6.43e+003       22.4      0.907        414       73.2
       38.9      -40.9        -84      -22.6      -12.6      -15.3       4.89      0.197
        794      0.976  1.18e+004       24.8      0.828  1.38e+003       86.5
      -13.3       52.2      -89.3      -47.9      -9.24      -17.2       5.54     -0.183
     1e+003      0.979  7.42e+003       30.3      0.708        150       49.9
       24.6         13      -77.1      -37.8       -9.2      -14.5       2.73     -0.458
  1.26e+003      0.838  1.66e+004       12.5      0.304  1.71e+003         83
      -2.97      -5.03       -105      -23.3      -4.85      -9.19      -2.26       -4.4
  1.58e+003      0.969  1.19e+004       21.4      0.497  1.08e+004        7.1
      -1.33      -25.3        -99        -39      -23.1      -27.3       0.61      -4.15
     2e+003      0.987  1.17e+004       26.3      0.742  6.22e+003       10.5
      -25.1        155      -90.6      -42.1      -29.5        -15     -0.552      -4.87
  2.51e+003      0.978  1.23e+004       22.7      0.515  7.28e+003       17.5
        132       68.6      -95.6      -45.2      -10.8      -6.71     -0.579       -6.2
  3.16e+003      0.947  8.12e+003       18.5      0.819   1.5e+003         46
       47.1       30.9      -82.1      -34.7      -13.9      -17.9      -1.04      -5.55
  3.98e+003      0.992  9.35e+003       20.5      0.866  9.12e+003       15.6
       91.8       27.5      -86.3      -40.1      -20.6       4.42     -0.589      -6.86
  5.01e+003      0.971  8.14e+003       19.8      0.511  1.82e+003       10.9
       14.1       12.3      -81.7      -31.4      -11.6      -4.04      -2.83      -8.72
  6.31e+003      0.962  7.53e+003       7.38      0.866  2.96e+003       35.5
      -9.23       6.17      -80.2      -13.2      -26.6      -19.5      -10.9       -4.8
  7.94e+003      0.904   1.8e+004          2      0.986  1.71e+003       17.8
      -42.2       13.7      -73.3      -4.35      -35.5      -12.6       -7.8      -1.13
     1e+004      0.813  4.77e+003         10      0.876        730       24.4
      -12.3       4.51      -53.8      -8.48      -21.1      -10.2      -7.39      -2.03
  1.26e+004      0.769  2.06e+003       16.5      0.908        505       31.9
      -6.68       3.24      -36.8      -8.38      -17.8      -10.3      -2.08       2.13
  1.58e+004      0.836  2.52e+003          2      0.929        493       42.3
      -5.19      -4.22      -43.7      -5.33      -15.8      -12.1      -3.47       2.63
     2e+004      0.883        692       37.1      0.987        520       31.5
      -2.63       1.32      -22.7      -13.1      -19.2      -11.4     -0.272      0.925
  2.51e+004       0.99  2.57e+003       12.3      0.847  2.59e+003       4.71
      -1.55     -0.804      -48.7      -10.4         -9      -5.56      -12.9      -4.18
  3.16e+004      0.837        863       53.8      0.677        362       19.3
     -0.322      0.839      -14.5        -20      -13.4      -4.92       6.65       1.91
  3.98e+004      0.919  2.39e+003       28.6      0.555        493       12.5
      -4.38       2.99      -38.2      -20.9      -4.56       -1.4      -3.14      -8.88
  5.01e+004      0.936        985       39.4      0.618        139       36.2
      -8.29       0.56      -20.6      -17.6      -4.57      -3.37      -0.57      -1.25
  6.31e+004      0.791  1.48e+003       11.5      0.878        258       30.1
      -1.31        2.3      -28.9      -6.12      -11.4      -7.11      -3.19      -4.83
  7.94e+004          0          0          0          0          0          0
          0          0          0          0          0          0          0          0
     1e+005      0.382        117       34.4      0.807        125       34.7
     -0.279      -1.82      -3.22       -1.8      -7.28      -5.12     -0.923     0.0827
  1.26e+005          0          0          0          0          0          0
          0          0          0          0          0          0          0          0
  1.58e+005          0          0          0          0          0          0
          0          0          0          0          0          0          0          0
     2e+005          0          0          0          0          0          0
          0          0          0          0          0          0          0          0
  2.51e+005          0          0          0          0          0          0
          0          0          0          0          0          0          0          0
  3.16e+005          0          0          0          0          0          0
          0          0          0          0          0          0          0          0
  3.98e+005          0          0          0          0          0          0
          0          0          0          0          0          0          0          0
  5.01e+005          0          0          0          0          0          0
          0          0          0          0          0          0          0          0
  6.31e+005          0          0          0          0          0          0
          0          0          0          0          0          0          0          0
  7.94e+005          0          0          0          0          0          0
          0          0          0          0          0          0          0          0
     1e+006          0          0          0          0          0          0
          0          0          0          0          0          0          0          0
  1.26e+006          0          0          0          0          0          0
          0          0          0          0          0          0          0          0
  1.58e+006          0          0          0          0          0          0
          0          0          0          0          0          0          0          0
     2e+006          0          0          0          0          0          0
          0          0          0          0          0          0          0          0
  2.51e+006          0          0          0          0          0          0
          0          0          0          0          0          0          0          0
  3.16e+006          0          0          0          0          0          0
          0          0          0          0          0          0          0          0
  3.98e+006          0          0          0          0          0          0
          0          0          0          0          0          0          0          0
  5.01e+006          0          0          0          0          0          0
          0          0          0          0          0          0          0          0
  6.31e+006          0          0          0          0          0          0
          0          0          0          0          0          0          0          0
