       12.6          0          0          0          0          0          0
          0          0          0          0          0          0          0          0
       15.8          0          0          0          0          0          0
          0          0          0          0          0          0          0          0
         20          0          0          0          0          0          0
          0          0          0          0          0          0          0          0
       25.1          0          0          0          0          0          0
          0          0          0          0          0          0          0          0
       31.6          0          0          0          0          0          0
          0          0          0          0          0          0          0          0
       39.8          0          0          0          0          0          0
          0          0          0          0          0          0          0          0
       50.1      0.567       3.05       17.3      0.568       2.09       31.8
       4.16       17.5       3.79       8.52       1.68      -8.32       0.19      -4.15
       63.1      0.559       1.47         42      0.616       3.42       56.5
       3.84       4.31        2.7       1.55      -5.89      -5.74      -3.65      -2.14
       79.4      0.301       12.1          2      0.312       30.7       82.3
       1.21      -1.03       1.66     -0.554      -5.38      -6.79      -3.24      -3.17
        100      0.319       20.3       54.4      0.519       51.1       38.3
       1.38       6.14       1.67       1.73      -8.37      -7.57      -3.61      -3.11
        126      0.468       26.4       77.5       0.66         93       55.1
      -2.77       -2.6     -0.926      -3.29      -7.05      -8.54       -4.1      -2.78
        158      0.689       12.5       79.7      0.509       23.4       80.1
     -0.829     -0.935    -0.0357      -2.83      -3.24      -7.35      -1.93      -2.67
        200      0.202      0.653       23.7      0.702       2.85         72
      -3.65      -5.78      -2.22      -3.13      -4.93      -5.58      -3.01      -2.47
        251      0.988        9.5         88      0.978       8.17       73.8
      -6.45      -5.73       -3.7      -5.24      -1.95      -3.15      -0.63     -0.115
        316      0.366       7.45       64.4      0.488       17.5       86.3
      -7.32      -5.28      -3.69      -2.88      -5.59      -4.38      -3.29     -0.767
        398      0.549       6.65       68.4      0.561       24.3       80.3
      -3.87      -3.81      -1.89      -2.81      -8.64      -6.68      -5.25      -1.23
        501      0.996       35.7       27.9      0.987       31.4       46.3
      -6.74      -4.84      -7.66      -4.74      -5.42      -3.91       -0.6    -0.0062
        631      0.541       94.2       15.1      0.431       21.9       7.92
      -16.9      -9.68      -7.46      -5.06      0.468        1.3      -1.34      0.988
        794       0.19       8.62       44.9       0.66       47.5         61
      -5.41      -1.94      -2.61      -1.14      -9.04      -5.48      -4.01      -2.08
     1e+003      0.953       11.4       62.4      0.828       53.1       73.4
       -2.1      -0.48      -2.46      -2.93      -11.8      -6.03      -4.93      0.568
  1.26e+003      0.838       33.2       32.4      0.853        198       19.3
      0.984       0.81      -3.41      -2.29      -15.1      -6.33      -3.43      -1.04
  1.58e+003      0.973         78       36.1      0.975        322       41.7
      -3.12       3.66      -9.08      -3.04      -10.2      -14.5       2.13       -1.7
     2e+003      0.993       67.4         43      0.987        293       45.1
      0.407      -4.77      -5.48      -8.26      -16.4      -3.13      -3.12       4.94
  2.51e+003      0.991       44.7       41.2      0.963        166       39.4
     -0.225      -1.37      -5.22      -5.05        -16      -4.49      -3.52       2.67
  3.16e+003      0.984       33.1       31.5      0.976        135       34.6
       3.88      -3.17       -2.6      -4.89      -16.8      -1.24      -4.53       3.33
  3.98e+003       0.99       35.9       18.5      0.989        147       23.7
       1.67      -1.52      -4.63      -2.88      -13.8        3.1      -1.54       5.15
  5.01e+003       0.96       34.5       12.5       0.98        170       18.2
       3.03      -2.45      -3.46       -3.3      -16.2      -2.01      -3.21       2.04
  6.31e+003      0.973       30.9       12.5      0.979        135       18.6
       1.26     -0.831      -4.57      -1.99      -12.1      -2.89      -1.06       1.06
  7.94e+003      0.959       20.1       9.96      0.938       94.8       15.3
      0.524      0.327      -3.91     -0.687       -8.1      -2.72       0.55     -0.554
     1e+004      0.964       20.8         16      0.948       93.6         26
       1.44      0.367       -3.5      -1.04      -6.82      -2.98       1.01      0.699
  1.26e+004      0.978       15.4       9.67      0.966       83.1       20.5
       1.02    -0.0274      -3.25     -0.876      -8.59      -3.11     -0.273     0.0838
  1.58e+004      0.964         12       11.6      0.927       65.8       18.8
       1.22     -0.227      -2.81     -0.929      -6.88      -2.48      0.156    -0.0984
     2e+004      0.874         11       23.2      0.977       44.7       36.3
      0.213     -0.183      -2.88      -1.09       -5.5      -4.01      0.689       1.15
  2.51e+004      0.785       9.18       26.1      0.955       65.8       25.5
        0.5     -0.182      -1.71      -1.24      -6.48      -2.96        1.1       0.65
  3.16e+004      0.685       21.1         26      0.891       52.9       22.5
       1.42      0.388      -1.74      -1.03       -5.6      -2.14      0.848      0.804
  3.98e+004      0.154       4.42       3.19      0.693         15       27.4
        1.3       0.19    -0.0657    -0.0397      -2.28      -1.18      0.453     0.0369
  5.01e+004      0.939        3.4       13.4      0.881       26.6       27.5
      0.694     -0.336       -1.4     -0.599      -2.21     -0.767        1.4      0.728
  6.31e+004      0.794        1.9       13.8       0.88       23.6       34.4
      0.224    -0.0216     -0.936     -0.272      -2.83      -2.14        1.2      0.484
  7.94e+004      0.594       1.56         41      0.503       6.89       43.5
      0.335      0.205     -0.469     -0.423     -0.538     -0.613      0.791      0.641
     1e+005      0.504       1.04       37.9      0.729       9.18       38.9
      0.134     0.0746     -0.374     -0.317      -1.69      -1.33      0.314      0.187
  1.26e+005          0          0          0          0          0          0
          0          0          0          0          0          0          0          0
  1.58e+005          0          0          0          0          0          0
          0          0          0          0          0          0          0          0
     2e+005          0          0          0          0          0          0
          0          0          0          0          0          0          0          0
  2.51e+005          0          0          0          0          0          0
          0          0          0          0          0          0          0          0
  3.16e+005          0          0          0          0          0          0
          0          0          0          0          0          0          0          0
  3.98e+005          0          0          0          0          0          0
          0          0          0          0          0          0          0          0
  5.01e+005          0          0          0          0          0          0
          0          0          0          0          0          0          0          0
  6.31e+005          0          0          0          0          0          0
          0          0          0          0          0          0          0          0
  7.94e+005          0          0          0          0          0          0
          0          0          0          0          0          0          0          0
     1e+006          0          0          0          0          0          0
          0          0          0          0          0          0          0          0
  1.26e+006          0          0          0          0          0          0
          0          0          0          0          0          0          0          0
  1.58e+006          0          0          0          0          0          0
          0          0          0          0          0          0          0          0
     2e+006          0          0          0          0          0          0
          0          0          0          0          0          0          0          0
  2.51e+006          0          0          0          0          0          0
          0          0          0          0          0          0          0          0
  3.16e+006          0          0          0          0          0          0
          0          0          0          0          0          0          0          0
  3.98e+006          0          0          0          0          0          0
          0          0          0          0          0          0          0          0
  5.01e+006          0          0          0          0          0          0
          0          0          0          0          0          0          0          0
  6.31e+006          0          0          0          0          0          0
          0          0          0          0          0          0          0          0
