       12.6          0          0          0          0          0          0
          0          0          0          0          0          0          0          0
       15.8          0          0          0          0          0          0
          0          0          0          0          0          0          0          0
         20          0          0          0          0          0          0
          0          0          0          0          0          0          0          0
       25.1          0          0          0          0          0          0
          0          0          0          0          0          0          0          0
       31.6          0          0          0          0          0          0
          0          0          0          0          0          0          0          0
       39.8      0.554   6.1e+003         53      0.418  2.29e+003       39.3
      -48.1       30.6      -19.3       33.8       15.4      -5.41       5.01      -9.97
       50.1      0.805  4.97e+003       31.3      0.596  8.21e+003       63.9
      -38.9        -99      -54.9       51.2       9.26       34.4       18.1      -16.4
       63.1      0.676  3.76e+003         23      0.252   2.4e+003       85.5
      -12.7      -11.7      -39.5       18.3       2.97       2.25       10.8      -4.96
       79.4      0.549  4.44e+003       14.8      0.277  1.13e+003       20.8
      -46.4      0.364      -37.6       10.1       10.8       3.24       8.58      -3.15
        100          0          0          0          0          0          0
          0          0          0          0          0          0          0          0
        126      0.334  1.51e+004       18.4      0.694        852       5.09
       -107      -21.5      -57.9       3.63       21.7       4.54       9.64       1.53
        158      0.563   9.9e+003       18.1      0.456        722       3.07
      -61.4      -7.28        -47       15.4       10.6      0.521       6.36       -2.2
        200      0.979  6.76e+003         56      0.956  1.91e+003       50.9
      -74.3       23.1        -19         56       14.6      -1.95       3.57      -12.3
        251      0.993  1.54e+004       25.5      0.994  3.72e+003       8.69
       -146       17.3      -52.5       27.6       31.1     -0.534       11.3       -7.4
        316      0.729   5.6e+004       16.9      0.923  6.07e+003       20.3
       -381       44.5       21.2         65       79.4       -6.4      -6.34      -16.1
        398      0.681  5.32e+003       22.6      0.914  1.44e+003       33.3
       -187       81.1        9.2       8.27       35.5      -12.4      -2.36       -3.8
        501      0.992  6.44e+004         44      0.999  3.41e+003       19.3
       -282       37.7         34       28.1       60.5      -6.52      -9.78      -8.33
        631      0.862  5.71e+004       17.9      0.983  3.28e+003       27.4
       -242        118      -24.5      -19.6       43.6      -24.2       5.65       2.71
        794      0.733  6.12e+004       17.1      0.939  8.66e+003       5.77
       -340        -57       71.4       14.6         70       9.42      -16.7      -2.68
     1e+003      0.687  5.57e+003         24       0.71        493       3.69
       -157      -83.4      -18.9       55.3       30.4         14     -0.537      -12.9
  1.26e+003      0.687  1.74e+004       28.6       0.86        632       5.12
       -175      -1.34         27      -28.5       31.8       1.33      -10.4     -0.757
  1.58e+003      0.827  7.41e+004       75.6      0.971  2.73e+003       16.2
       -325       28.7       82.4      -41.6       59.2      -3.65      -16.2       3.42
     2e+003      0.928  5.09e+004       82.4       0.99  3.23e+003       15.2
       -275     -0.743       59.4         20       52.6       1.83      -12.5      -7.42
  2.51e+003      0.739  5.61e+004         88      0.981  2.96e+003       2.79
       -253      -5.82       25.7       13.5       49.9       3.19      -6.53      -5.06
  3.16e+003      0.738  4.03e+004       34.9      0.954  2.14e+003       4.14
       -204      -6.41      -31.4       1.41       39.4       5.43          2      -5.68
  3.98e+003      0.799  6.41e+004       58.5      0.971  2.06e+003       3.18
       -285      -67.5        122      -23.3       50.2       13.9      -21.4      -5.72
  5.01e+003      0.758  7.72e+004       75.2       0.94  1.64e+003          2
       -174      -20.3       10.1       45.1       31.8       4.72      -5.23      -13.1
  6.31e+003      0.597  1.82e+004       5.38      0.851        912          2
       -160      -4.21      0.446      -28.1         31       5.25      -7.57      -2.68
  7.94e+003      0.863  4.13e+003       8.88      0.911        354       39.7
      -62.9       -5.3        -17      -24.6       14.8      -5.37      -4.69      -2.48
     1e+004      0.271  2.86e+004       44.6      0.858        508       20.1
        -76      -8.52      -30.5       11.7       17.5       6.59      0.395      -7.38
  1.26e+004      0.391  2.77e+003       73.5      0.692        298       2.72
      -58.7      -6.76      -25.2      -3.61       16.9       3.94       8.34      -1.78
  1.58e+004      0.536        524       80.4      0.523        185       28.2
      -54.2      -10.3      -17.3      -8.58       15.2          6       5.15     -0.664
     2e+004      0.487        661       85.4      0.927        351       37.1
      -32.4      -13.3      -8.49        -14       16.3       10.3       3.93      -1.19
  2.51e+004      0.968        284       72.6      0.634        244       80.1
      -22.5      -3.45      -8.17      -16.4       12.4       5.68       2.62     -0.728
  3.16e+004      0.956        316       82.3       0.63       62.8       27.5
      -12.9       2.21      -1.13      -16.1        2.7      0.646       2.45     -0.682
  3.98e+004      0.873        603       86.8      0.351       37.6       2.44
      -25.5       5.62      -4.68      -17.8       1.56      -1.14       1.67      -1.26
  5.01e+004       0.98  1.18e+003         85      0.851       39.5       51.2
      -13.7       4.77       1.22      -27.5        1.9      -0.84       0.99       1.67
  6.31e+004      0.616   1.4e+003         88      0.635        125       32.2
        -19      -11.6      -6.24      -20.7       6.79        4.3       2.32     -0.795
  7.94e+004      0.735        392       84.6      0.254       12.7       25.4
      -7.31     -0.346      -2.26      -13.7      0.911     -0.188      0.325      0.113
     1e+005       0.54        192       61.8      0.337        114       31.7
      -3.06      -4.69      -3.86      -7.49       2.88       1.71     -0.429     -0.693
  1.26e+005          0          0          0          0          0          0
          0          0          0          0          0          0          0          0
  1.58e+005          0          0          0          0          0          0
          0          0          0          0          0          0          0          0
     2e+005          0          0          0          0          0          0
          0          0          0          0          0          0          0          0
  2.51e+005          0          0          0          0          0          0
          0          0          0          0          0          0          0          0
  3.16e+005          0          0          0          0          0          0
          0          0          0          0          0          0          0          0
  3.98e+005          0          0          0          0          0          0
          0          0          0          0          0          0          0          0
  5.01e+005          0          0          0          0          0          0
          0          0          0          0          0          0          0          0
  6.31e+005          0          0          0          0          0          0
          0          0          0          0          0          0          0          0
  7.94e+005          0          0          0          0          0          0
          0          0          0          0          0          0          0          0
     1e+006          0          0          0          0          0          0
          0          0          0          0          0          0          0          0
  1.26e+006          0          0          0          0          0          0
          0          0          0          0          0          0          0          0
  1.58e+006          0          0          0          0          0          0
          0          0          0          0          0          0          0          0
     2e+006          0          0          0          0          0          0
          0          0          0          0          0          0          0          0
  2.51e+006          0          0          0          0          0          0
          0          0          0          0          0          0          0          0
  3.16e+006          0          0          0          0          0          0
          0          0          0          0          0          0          0          0
  3.98e+006          0          0          0          0          0          0
          0          0          0          0          0          0          0          0
  5.01e+006          0          0          0          0          0          0
          0          0          0          0          0          0          0          0
  6.31e+006          0          0          0          0          0          0
          0          0          0          0          0          0          0          0
