       12.6          0          0          0          0          0          0
          0          0          0          0          0          0          0          0
       15.8          0          0          0          0          0          0
          0          0          0          0          0          0          0          0
         20          0          0          0          0          0          0
          0          0          0          0          0          0          0          0
       25.1          0          0          0          0          0          0
          0          0          0          0          0          0          0          0
       31.6          0          0          0          0          0          0
          0          0          0          0          0          0          0          0
       39.8          0          0          0          0          0          0
          0          0          0          0          0          0          0          0
       50.1          0          0          0          0          0          0
          0          0          0          0          0          0          0          0
       63.1          0          0          0          0          0          0
          0          0          0          0          0          0          0          0
       79.4          0          0          0          0          0          0
          0          0          0          0          0          0          0          0
        100          0          0          0          0          0          0
          0          0          0          0          0          0          0          0
        126          0          0          0          0          0          0
          0          0          0          0          0          0          0          0
        158          0          0          0          0          0          0
          0          0          0          0          0          0          0          0
        200          0          0          0          0          0          0
          0          0          0          0          0          0          0          0
        251      0.777       1.24       2.96      0.804       5.64       9.46
       14.7      -11.1       2.27      -3.18       6.41       2.64        1.2      0.547
        316      0.105  6.86e+004       32.1     0.0449  1.03e+005       78.5
        104       -616       52.3       -236       3.09       55.7      0.455       25.1
        398      0.855  3.27e+004       19.5      0.091  2.75e+007       24.7
       -396        149       -158       59.5 -1.62e+003       -229       -686      -92.6
        501       0.14  4.57e+003          2      0.076        257         85
       7.03       -224      -70.7       -276      -46.2      -7.22      -59.9       4.15
        631      0.444  1.37e+004       47.1     0.0402  2.94e+005       38.6
      -3.86      -45.5      -38.1      -43.4      -48.2      -42.4       -102      -33.8
        794      0.165  1.28e+003       56.9      0.175  1.76e+003       3.65
        316       -101       91.7      -38.2       86.1      -7.07       26.1      -3.24
     1e+003      0.588        190          2      0.349  3.65e+003       25.4
       23.6       11.3       2.89       1.18        130       46.4       57.5      -1.12
  1.26e+003      0.568       40.4       2.32      0.456       70.9         38
       22.4       24.8       8.36       5.04       6.72       1.54       1.26      -0.99
  1.58e+003          0          0          0          0          0          0
          0          0          0          0          0          0          0          0
     2e+003          0          0          0          0          0          0
          0          0          0          0          0          0          0          0
  2.51e+003          0          0          0          0          0          0
          0          0          0          0          0          0          0          0
  3.16e+003          0          0          0          0          0          0
          0          0          0          0          0          0          0          0
  3.98e+003          0          0          0          0          0          0
          0          0          0          0          0          0          0          0
  5.01e+003          0          0          0          0          0          0
          0          0          0          0          0          0          0          0
  6.31e+003          0          0          0          0          0          0
          0          0          0          0          0          0          0          0
  7.94e+003          0          0          0          0          0          0
          0          0          0          0          0          0          0          0
     1e+004          0          0          0          0          0          0
          0          0          0          0          0          0          0          0
  1.26e+004          0          0          0          0          0          0
          0          0          0          0          0          0          0          0
  1.58e+004          0          0          0          0          0          0
          0          0          0          0          0          0          0          0
     2e+004          0          0          0          0          0          0
          0          0          0          0          0          0          0          0
  2.51e+004          0          0          0          0          0          0
          0          0          0          0          0          0          0          0
  3.16e+004          0          0          0          0          0          0
          0          0          0          0          0          0          0          0
  3.98e+004          0          0          0          0          0          0
          0          0          0          0          0          0          0          0
  5.01e+004          0          0          0          0          0          0
          0          0          0          0          0          0          0          0
  6.31e+004          0          0          0          0          0          0
          0          0          0          0          0          0          0          0
  7.94e+004          0          0          0          0          0          0
          0          0          0          0          0          0          0          0
     1e+005          0          0          0          0          0          0
          0          0          0          0          0          0          0          0
  1.26e+005          0          0          0          0          0          0
          0          0          0          0          0          0          0          0
  1.58e+005          0          0          0          0          0          0
          0          0          0          0          0          0          0          0
     2e+005          0          0          0          0          0          0
          0          0          0          0          0          0          0          0
  2.51e+005          0          0          0          0          0          0
          0          0          0          0          0          0          0          0
  3.16e+005          0          0          0          0          0          0
          0          0          0          0          0          0          0          0
  3.98e+005          0          0          0          0          0          0
          0          0          0          0          0          0          0          0
  5.01e+005          0          0          0          0          0          0
          0          0          0          0          0          0          0          0
  6.31e+005          0          0          0          0          0          0
          0          0          0          0          0          0          0          0
  7.94e+005          0          0          0          0          0          0
          0          0          0          0          0          0          0          0
     1e+006          0          0          0          0          0          0
          0          0          0          0          0          0          0          0
  1.26e+006          0          0          0          0          0          0
          0          0          0          0          0          0          0          0
  1.58e+006          0          0          0          0          0          0
          0          0          0          0          0          0          0          0
     2e+006          0          0          0          0          0          0
          0          0          0          0          0          0          0          0
  2.51e+006          0          0          0          0          0          0
          0          0          0          0          0          0          0          0
  3.16e+006          0          0          0          0          0          0
          0          0          0          0          0          0          0          0
  3.98e+006          0          0          0          0          0          0
          0          0          0          0          0          0          0          0
  5.01e+006          0          0          0          0          0          0
          0          0          0          0          0          0          0          0
  6.31e+006          0          0          0          0          0          0
          0          0          0          0          0          0          0          0
