       12.6          0          0          0          0          0          0
          0          0          0          0          0          0          0          0
       15.8      0.751   7.8e+003       24.5      0.699   1.4e+003       34.1
       27.2       4.02      -60.7      -31.9       23.2       12.7        -26        -12
         20      0.852  6.68e+003       25.7      0.452  1.82e+003       38.2
       19.5       5.82      -60.8      -31.3       14.8       7.71        -20        -15
       25.1      0.871  4.14e+003       22.9      0.344  1.67e+003       42.3
       4.99      -2.03      -52.5      -21.8       16.6       10.3      -20.9      -12.3
       31.6      0.846  4.51e+003       19.9      0.186  2.49e+003       13.6
       5.41      -2.48      -54.2      -18.6       17.2       9.31      -25.2       -9.8
       39.8        0.7  1.83e+003          2      0.454  9.79e+003       25.5
       30.2       18.7      -28.4      0.812       26.5       19.2      -16.7       -2.9
       50.1      0.902  2.11e+003       4.07      0.819  5.67e+004       45.6
        105         95      -29.7      0.839         58       89.7      -21.4      -3.01
       63.1      0.774  1.77e+003       5.52      0.485  1.04e+004       38.8
       37.7       25.9      -30.2       -2.4       26.4         24      -19.7      -4.65
       79.4      0.847  2.81e+003       7.77       0.41  5.24e+003       39.9
       13.6     0.0485      -43.9      -6.57       18.5         12      -22.4      -5.98
        100      0.851  3.58e+003        7.7      0.404  3.88e+003       17.8
       17.7      -1.67      -48.2      -6.77       9.61       6.63      -25.5      -4.86
        126      0.913  3.56e+003       13.2      0.456  1.89e+003       65.6
       5.07       3.42      -52.6      -13.4       12.9        7.7      -20.9      -5.91
        158      0.814   4.2e+003       9.05      0.459  3.61e+003       36.1
       29.6       13.6      -49.9      -8.59       17.1       11.5      -20.8      -3.83
        200      0.973  1.15e+003       44.1      0.894  7.95e+003       23.6
         21       42.2      -23.3      -16.4       15.8       22.6      -9.59      -6.09
        251      0.998  2.89e+003       20.2      0.997  6.52e+003       57.9
         35       54.4      -32.3      -12.6       22.4       29.7      -11.9      -5.03
        316      0.988  3.59e+003       13.2      0.945   9.6e+003       36.6
       43.8       18.5      -46.4      -13.4       25.9       12.9      -17.5      -5.88
        398      0.923  2.11e+003       13.6      0.707   8.8e+003         55
        1.7       23.7      -39.1      -7.69       9.19       16.1      -15.4      -3.86
        501          1  2.44e+003       13.5      0.999  1.08e+004       45.2
       35.9       7.98        -41      -13.9       28.5       12.5      -14.2         -6
        631      0.997  1.96e+003       17.1      0.978  5.82e+003       27.9
        -11       32.3      -44.6      -4.51       12.4       23.9      -15.1      -2.35
        794      0.981  3.75e+003       15.2      0.939  7.59e+003       9.98
       32.9      -48.4      -43.9      -21.4       26.2      -9.44      -15.4      -8.51
     1e+003      0.975  1.47e+003       25.2      0.805  1.88e+003       68.7
       11.2      -25.8      -41.8      -15.4       16.9       3.83        -15      -5.22
  1.26e+003       0.95  1.49e+003       23.7      0.192  6.05e+003       7.37
        -36      -20.5      -32.7      -14.5       -6.5       2.27      -11.5      -2.92
  1.58e+003      0.964  3.03e+003       9.55      0.558  2.61e+004         88
      -1.08      -53.8      -48.4      -6.85       17.1      -21.1      -22.1      -5.61
     2e+003      0.971  3.51e+003       7.78      0.311  5.54e+003       59.3
       11.1      -30.1        -55      -4.42       21.2    -0.0581      -28.9      -7.11
  2.51e+003       0.98  2.97e+003       11.9      0.421   2.3e+004       56.4
      -11.2      -18.9      -50.7      -9.96       15.5     -0.136      -25.7      -9.54
  3.16e+003      0.959  1.45e+003       9.29      0.438  7.76e+003         11
      -11.9      -9.15      -36.9      -6.67       16.2       2.26      -18.1      -6.67
  3.98e+003      0.959   1.4e+003       14.4      0.578   7.5e+003       81.4
       7.45      -42.6      -32.1      -4.39       39.5      -14.9      -15.5      -1.83
  5.01e+003      0.961  1.14e+003       14.1      0.373   1.7e+003       13.5
       7.56      -3.83      -32.1       -7.3         22       1.77        -15      -4.85
  6.31e+003      0.982        785       16.1      0.877  1.07e+003       38.5
       2.49      -1.23      -26.1      -8.58       19.4       8.27      -9.08      -4.75
  7.94e+003      0.919  1.75e+003       37.1      0.968        361       6.47
       11.2       5.34      -24.2      -9.13       16.5       5.04      -8.44       2.88
     1e+004      0.916        371       9.99      0.891        424       41.8
       4.38     -0.376        -19      -2.96       14.7       11.2      -4.52       4.06
  1.26e+004      0.702        335       13.2      0.875        176       37.5
       3.04      -3.36        -16      -2.91       9.24       6.14      -5.38       4.83
  1.58e+004      0.847        360       18.7      0.908        138       32.8
     -0.143       1.39      -12.7      -6.23       9.39        4.7       -4.9      0.654
     2e+004      0.849        157       32.4      0.957        259       29.6
        1.2      -1.85      -10.8      -5.19       14.7        7.3      -6.85      -3.79
  2.51e+004      0.993        257       21.7      0.674  1.06e+003       53.5
     0.0703      -2.15        -15      -5.74        5.6       7.17      -4.16      -1.34
  3.16e+004      0.915       66.5       59.9       0.59        507          2
      -0.79       2.35      -3.68      -5.98       16.8       1.01       3.89       -1.2
  3.98e+004      0.963        229       31.7      0.749        389       11.6
      -1.33        2.7        -12      -8.27       14.1       6.84       1.21      -4.95
  5.01e+004      0.984        129       29.9      0.889        631       18.7
      0.291     -0.939      -9.41      -5.38       12.2       7.54       1.31      -5.15
  6.31e+004      0.961        119       24.8       0.68        441       25.1
     -0.451      -1.03      -9.35      -4.58        7.7       4.24      -1.11       -8.4
  7.94e+004      0.657       95.4         30      0.501       95.2       50.8
      0.153      0.651      -5.51      -3.14       3.11       3.34      -2.23      -5.03
     1e+005      0.419       20.1       43.3      0.785       67.3       30.2
      0.348      0.681      -1.31      -1.18        5.4       3.14       -1.9       -1.1
  1.26e+005          0          0          0          0          0          0
          0          0          0          0          0          0          0          0
  1.58e+005          0          0          0          0          0          0
          0          0          0          0          0          0          0          0
     2e+005          0          0          0          0          0          0
          0          0          0          0          0          0          0          0
  2.51e+005          0          0          0          0          0          0
          0          0          0          0          0          0          0          0
  3.16e+005          0          0          0          0          0          0
          0          0          0          0          0          0          0          0
  3.98e+005          0          0          0          0          0          0
          0          0          0          0          0          0          0          0
  5.01e+005          0          0          0          0          0          0
          0          0          0          0          0          0          0          0
  6.31e+005          0          0          0          0          0          0
          0          0          0          0          0          0          0          0
  7.94e+005          0          0          0          0          0          0
          0          0          0          0          0          0          0          0
     1e+006          0          0          0          0          0          0
          0          0          0          0          0          0          0          0
  1.26e+006          0          0          0          0          0          0
          0          0          0          0          0          0          0          0
  1.58e+006          0          0          0          0          0          0
          0          0          0          0          0          0          0          0
     2e+006          0          0          0          0          0          0
          0          0          0          0          0          0          0          0
  2.51e+006          0          0          0          0          0          0
          0          0          0          0          0          0          0          0
  3.16e+006          0          0          0          0          0          0
          0          0          0          0          0          0          0          0
  3.98e+006          0          0          0          0          0          0
          0          0          0          0          0          0          0          0
  5.01e+006          0          0          0          0          0          0
          0          0          0          0          0          0          0          0
  6.31e+006          0          0          0          0          0          0
          0          0          0          0          0          0          0          0
