       12.6          0          0          0          0          0          0
          0          0          0          0          0          0          0          0
       15.8          0          0          0          0          0          0
          0          0          0          0          0          0          0          0
         20      0.688        735       16.2      0.372       46.1       52.4
       1.26      -1.85       17.4       6.07     0.0339      -2.23       2.67       0.17
       25.1      0.609        520       18.6      0.367       63.1       65.8
     0.0899     -0.816         13       4.55      -2.15      -1.72        3.8      0.324
       31.6       0.51        546       19.3      0.392       57.9       53.2
       -5.1       1.57       12.4       -3.6      -2.23      -1.53        2.6      -1.41
       39.8      0.583        533       28.1      0.218       96.9       23.4
      -7.09       1.43       14.3       5.25      -2.63     -0.177       4.11       0.02
       50.1      0.603        647        6.2     0.0482        245       87.7
      -52.9       7.41       27.9      -2.65      -11.9        1.4       6.95      -1.73
       63.1       0.53        334       6.29      0.293        112         65
        -31       19.1       19.1      -6.04      -7.98     -0.153        5.1      -1.08
       79.4      0.432        579       9.19      0.591       92.1       51.6
      -19.3     -0.985       18.2    -0.0976      -6.83      -3.67       4.65     -0.401
        100          0          0          0          0          0          0
          0          0          0          0          0          0          0          0
        126      0.643        725       37.3      0.711       76.4       37.4
      -17.6      -1.55         20        7.4       -7.1      -5.85       4.42      0.984
        158      0.762        568       47.5      0.699       60.2       25.6
      -14.7      -3.26       19.1       9.49      -7.84      -6.45       4.92       1.04
        200      0.839        119       8.82      0.795       57.6       64.5
        -29       4.45       18.9      0.917      -6.24      -4.53        3.7       1.07
        251      0.998        452       68.3      0.982       7.17       22.8
      -18.5      -1.29       16.8       10.9      -4.55      -2.69       2.85      0.581
        316      0.835        693       38.9      0.278        105          2
        -14       2.74       18.9       11.3      -6.41      -3.49       4.48      0.122
        398      0.596     1e+003       34.3       0.65        106          2
      -12.4         23       14.3       9.13      -7.03     -0.558       3.68     -0.281
        501      0.999        590       15.3      0.957  5.14e+003       71.7
      -35.7      -2.02       24.1       8.36      -8.12      -4.88       4.18      0.372
        631      0.954  2.08e+003       18.1      0.917        183       12.7
      -40.1       16.2       25.7       7.24      -7.41      -2.28       4.26     -0.235
        794      0.831        357       6.34      0.933        185       78.4
      -29.6      -8.33       20.4       10.9      -5.83      -8.49       3.44      0.182
     1e+003      0.885        441       53.3      0.816        103       37.5
      -8.09       4.36       12.7       15.3      -8.64      -4.11       1.77      0.536
  1.26e+003      0.808        773       14.6      0.871       47.7       10.9
      -12.3      -1.49       30.5        6.1      -5.64      -0.88     -0.646     -0.543
  1.58e+003      0.984        962       19.3      0.945        143       49.9
     0.0554       9.31         29       9.96      -7.26      -8.46       1.09      -1.06
     2e+003      0.994        910       20.4      0.935        112       54.7
      -8.52       3.45       29.2       9.57      -6.79      -6.71      0.458      -1.19
  2.51e+003      0.985        753         24      0.986       90.3       44.9
      -6.51       3.64         26       7.81      -7.64      -6.08       0.49      -1.11
  3.16e+003      0.989        542       18.7      0.945       99.4         46
      -8.51       2.58       23.9       6.55      -6.72      -4.38    -0.0138      -1.25
  3.98e+003      0.998        501       11.2      0.796        109       9.94
     -0.311        2.7       21.9       4.05      -8.49       1.48    -0.0494      -1.53
  5.01e+003      0.981        522         11      0.986       93.5       31.6
      -2.23       1.97       21.8       3.08      -8.21      -4.79     -0.324     -0.445
  6.31e+003      0.987        337       7.68      0.986         81       27.5
      -1.95      0.261         19       1.93      -7.51       -3.7     -0.773     -0.457
  7.94e+003      0.939        210       3.19      0.909       44.7       19.3
      -2.44     -0.328       14.3      0.692      -5.53      -2.08     -0.608      0.385
     1e+004      0.951        158        4.7       0.82         13       18.8
      -3.85      -1.59       12.8       1.62      -2.55     -0.848     -0.396     -0.275
  1.26e+004      0.937        103       7.43      0.959       39.3       24.2
     -0.805      -1.26       9.63       1.75      -5.45      -2.52      -0.15      0.183
  1.58e+004      0.939       85.9       12.1      0.917       35.6       23.8
      -0.48      -1.16       8.71       2.06       -4.9      -2.31     -0.188      0.337
     2e+004      0.973       72.4       32.8      0.975       34.7       39.1
     -0.718     -0.822       6.72       3.71      -4.43      -3.36     -0.138      0.435
  2.51e+004      0.899       36.6       27.8      0.964       30.4       23.9
    -0.0864     -0.574          5       3.17       -4.5       -2.1     -0.757   -0.00328
  3.16e+004      0.745       24.9       10.4      0.931       24.6       21.9
      0.764     -0.207       2.64      0.818      -3.88      -1.82      -1.12       0.15
  3.98e+004      0.603       15.3       23.6      0.554       3.33       20.8
     -0.271     -0.185       2.23      0.967     -0.936     -0.413     0.0444      0.298
  5.01e+004      0.948       47.7       25.6      0.675       6.79       22.1
      0.274     -0.527       5.83       2.91      -1.36     -0.584     -0.271     -0.166
  6.31e+004      0.675       21.5       21.9      0.788       13.9       38.3
     -0.191     -0.429       2.97       1.31      -2.25      -1.88     -0.337      0.316
  7.94e+004      0.688       19.1       25.3     0.0779       0.21       29.1
     0.0668     -0.115       2.71        1.3    -0.0269    -0.0155    -0.0285    -0.0112
     1e+005      0.567       18.6       22.6      0.686       7.15       28.9
     -0.356     0.0868       2.31      0.918      -1.61     -0.884     0.0531    -0.0203
  1.26e+005          0          0          0          0          0          0
          0          0          0          0          0          0          0          0
  1.58e+005          0          0          0          0          0          0
          0          0          0          0          0          0          0          0
     2e+005          0          0          0          0          0          0
          0          0          0          0          0          0          0          0
  2.51e+005          0          0          0          0          0          0
          0          0          0          0          0          0          0          0
  3.16e+005          0          0          0          0          0          0
          0          0          0          0          0          0          0          0
  3.98e+005          0          0          0          0          0          0
          0          0          0          0          0          0          0          0
  5.01e+005          0          0          0          0          0          0
          0          0          0          0          0          0          0          0
  6.31e+005          0          0          0          0          0          0
          0          0          0          0          0          0          0          0
  7.94e+005          0          0          0          0          0          0
          0          0          0          0          0          0          0          0
     1e+006          0          0          0          0          0          0
          0          0          0          0          0          0          0          0
  1.26e+006          0          0          0          0          0          0
          0          0          0          0          0          0          0          0
  1.58e+006          0          0          0          0          0          0
          0          0          0          0          0          0          0          0
     2e+006          0          0          0          0          0          0
          0          0          0          0          0          0          0          0
  2.51e+006          0          0          0          0          0          0
          0          0          0          0          0          0          0          0
  3.16e+006          0          0          0          0          0          0
          0          0          0          0          0          0          0          0
  3.98e+006          0          0          0          0          0          0
          0          0          0          0          0          0          0          0
  5.01e+006          0          0          0          0          0          0
          0          0          0          0          0          0          0          0
  6.31e+006          0          0          0          0          0          0
          0          0          0          0          0          0          0          0
