       12.6          0          0          0          0          0          0
          0          0          0          0          0          0          0          0
       15.8      0.345       50.8       32.3      0.543       3.88       49.8
    -0.0202     -0.434       1.96       1.34     -0.661     -0.799      0.948      -2.41
         20      0.274       49.3       75.6      0.541       1.67       7.29
     -0.274     -0.131      -0.77      -1.71     -0.657     -0.169      -1.32      -2.35
       25.1      0.105       21.5       14.4      0.706        1.3       10.3
     -0.305    -0.0793     -0.711     0.0191     -0.783      -0.15     0.0211     -0.162
       31.6      0.164        146       66.1      0.753       1.21       5.15
     -0.273     -0.292     -0.933      -1.73     -0.809     -0.078    -0.0294     -0.813
       39.8      0.388       10.2       31.1      0.811       0.74       4.05
     -0.209    -0.0643      0.982      0.685     -0.686    -0.0754      -0.19     -0.408
       50.1      0.416       0.82         29       0.97      0.625       2.33
      -0.21    -0.0691      0.235      0.371     -0.742   -0.00644     -0.421     -0.361
       63.1      0.333       1.42       78.2      0.771      0.624       2.11
     -0.144    -0.0558     0.0586      0.467     -0.574    -0.0381     -0.391     -0.708
       79.4      0.291       7.67       58.8      0.662       0.65       7.81
     -0.138   -0.00838      0.347      0.831     -0.491    -0.0882    0.00911     -0.945
        100       0.14       7.22       84.8      0.601      0.364       33.6
     -0.082    -0.0463      0.062      0.535      -0.26      -0.19     -0.747      -1.63
        126      0.227       14.7       59.3      0.689      0.333       56.2
     -0.096    -0.0498       0.65       1.11     -0.217      -0.29      0.961      -1.88
        158      0.126       12.5         88      0.771        0.2       56.2
    -0.0342    -0.0633    0.00983      0.826     -0.196      -0.28      0.361     -0.215
        200      0.942       2.08       50.5      0.767     0.0321       27.6
    -0.0141    -0.0604       0.44       1.36     0.0719     -0.143     -0.532      0.766
        251      0.969       2.28       34.9      0.996      0.089       62.1
    -0.0369     0.0113     -0.542      0.789     -0.155     -0.225      0.489      -0.69
        316      0.517       16.1         29      0.824      0.123       55.1
     -0.216     -0.243      0.689       1.48      -0.14     -0.175       1.73    -0.0928
        398      0.622       11.3       48.3      0.286     0.0423       27.8
    -0.0676     -0.276      0.283       1.68     -0.032     0.0872     -0.748    0.00903
        501      0.976       78.9       84.3      0.974      0.406       66.9
      0.821      0.892      -0.47       -2.1     0.0936      0.137       1.52      -2.17
        631      0.962       9.19          2      0.801     0.0455       63.1
     0.0929     0.0854       2.62      0.559    -0.0496    -0.0063      -0.91     -0.511
        794      0.876       35.4       54.5      0.443       1.61       59.8
       0.18    -0.0222       2.66       3.39     0.0121      0.012      -11.6      -3.14
     1e+003      0.934       50.1       84.8      0.611       2.86       80.7
     -0.207     0.0842      0.322       6.46       0.55    -0.0395      -1.18      -10.1
  1.26e+003      0.464        104       38.6        0.4        137       63.3
     -0.126       -0.2       3.47       2.82      0.765       1.38      -12.6      -8.72
  1.58e+003      0.765        160       37.5      0.324       24.8       86.5
      0.494     -0.336       8.87       5.38      -1.51       0.62      -15.4      -15.6
     2e+003      0.932        297       19.4      0.276        186       25.8
      0.195      0.615       15.2       5.59      0.405      0.724      -16.7      -9.92
  2.51e+003      0.867        289          2      0.384        146         88
      0.966      0.231         15     -0.821     -0.779      0.247      -18.7       2.35
  3.16e+003      0.796        234       52.2      0.311       42.9       84.1
      -0.21     -0.568       6.93       9.42       0.52      0.963      -6.41       -9.8
  3.98e+003      0.915        455         79      0.108  1.01e+003         27
       2.28     -0.678       3.89       19.1      -3.63      -0.33      -4.71      -25.8
  5.01e+003      0.874        692       56.3       0.19        138       16.2
      -0.69      0.295       12.6       18.3     -0.192       1.45      -12.7      -23.1
  6.31e+003      0.635        534       56.6      0.207        301       85.8
      0.504     -0.671       8.36       12.1      -0.94       3.06      -8.13      -14.3
  7.94e+003      0.554  1.88e+003       85.8      0.358        719       57.9
       6.89       1.59       1.22      -20.8      -4.65       5.46       19.7        2.6
     1e+004       0.71        456       51.9      0.133        375       63.1
    -0.0144     -0.427       9.41       11.9      0.772       2.53      -7.98      0.265
  1.26e+004      0.884  1.15e+003       71.8      0.538  1.99e+003       63.7
       1.03      -1.98       10.1       26.5       6.95       14.8      -32.9        -43
  1.58e+004      0.957        501       55.7      0.423  2.39e+003       80.6
     -0.637     -0.971       11.9       17.3        2.1       8.23       26.6        -32
     2e+004      0.776        466       32.2      0.286  1.91e+003       75.5
   -0.00302      -2.04       14.5       9.04       3.02       9.48       51.1       18.1
  2.51e+004      0.662        106       68.1      0.665  7.94e+003       61.6
       1.69      -1.57       4.28       7.52         14       9.91       91.1      -54.9
  3.16e+004      0.918  2.13e+003       65.1      0.583  4.19e+003       61.3
      0.144      -1.29      -15.5       36.7       4.48       5.41       85.1       -218
  3.98e+004      0.989  2.68e+003       78.6      0.494   6.5e+003       55.3
    -0.0554     -0.194      -10.2       49.9      0.668      0.696      -24.1       -219
  5.01e+004      0.979  1.43e+003       73.6        0.5  4.12e+003       55.2
     -0.049     -0.458       10.7       35.1       1.34       1.54      -11.2       -128
  6.31e+004      0.989  6.18e+003         68      0.564  5.52e+003       53.5
    0.00169     -0.511       29.1       71.1      0.686       1.76       -166       -188
  7.94e+004      0.922  6.15e+003       77.2      0.761  1.02e+004       54.8
      -1.56      -5.73        -13       58.9       13.4         20      -24.4       -224
     1e+005       0.76  1.46e+004       47.6      0.717  7.67e+003       44.8
      -7.14      -5.38       41.3       50.1       26.1       20.9       -147       -214
  1.26e+005          0          0          0          0          0          0
          0          0          0          0          0          0          0          0
  1.58e+005          0          0          0          0          0          0
          0          0          0          0          0          0          0          0
     2e+005          0          0          0          0          0          0
          0          0          0          0          0          0          0          0
  2.51e+005          0          0          0          0          0          0
          0          0          0          0          0          0          0          0
  3.16e+005          0          0          0          0          0          0
          0          0          0          0          0          0          0          0
  3.98e+005          0          0          0          0          0          0
          0          0          0          0          0          0          0          0
  5.01e+005          0          0          0          0          0          0
          0          0          0          0          0          0          0          0
  6.31e+005          0          0          0          0          0          0
          0          0          0          0          0          0          0          0
  7.94e+005          0          0          0          0          0          0
          0          0          0          0          0          0          0          0
     1e+006          0          0          0          0          0          0
          0          0          0          0          0          0          0          0
  1.26e+006          0          0          0          0          0          0
          0          0          0          0          0          0          0          0
  1.58e+006          0          0          0          0          0          0
          0          0          0          0          0          0          0          0
     2e+006          0          0          0          0          0          0
          0          0          0          0          0          0          0          0
  2.51e+006          0          0          0          0          0          0
          0          0          0          0          0          0          0          0
  3.16e+006          0          0          0          0          0          0
          0          0          0          0          0          0          0          0
  3.98e+006          0          0          0          0          0          0
          0          0          0          0          0          0          0          0
  5.01e+006          0          0          0          0          0          0
          0          0          0          0          0          0          0          0
  6.31e+006          0          0          0          0          0          0
          0          0          0          0          0          0          0          0
