       12.6          0          0          0          0          0          0
          0          0          0          0          0          0          0          0
       15.8      0.453        672       57.6      0.699        223       26.9
       4.93       3.02       8.21       9.91       9.07       5.68       1.02        3.2
         20      0.341  1.03e+003       37.3      0.711        183       29.5
       2.49       4.31         10       7.52       8.29       5.43       1.44       4.35
       25.1      0.278        716       3.08      0.631        238       39.2
       8.84        2.9       12.4       2.16       9.34       8.86       2.75       4.38
       31.6      0.299  1.65e+003       80.6      0.526        251        6.3
       26.5       9.78       17.3         10       8.01       7.71        3.2       6.82
       39.8     0.0973        649       78.4      0.538        150       11.5
       4.48       8.39       3.74          7       7.81       12.2       2.56       10.1
       50.1      0.645       55.5       72.2      0.487        147       20.2
       5.48       8.45       4.98       9.29        6.9       14.3       2.16       12.2
       63.1      0.568       65.3       54.3      0.495        104        8.7
       4.74       6.24       5.51       7.06        6.8       10.2       2.16       8.68
       79.4      0.479        128       53.1      0.643       97.3       27.4
        3.6       3.34       5.31        5.5       5.74       6.94       1.43       5.46
        100      0.195        224       67.3      0.626       82.8         33
       3.03       7.38       3.84       6.09       4.89       6.36       1.61       4.87
        126      0.401        362       87.9      0.746       78.5       44.7
       11.8       5.34       5.88       7.09       4.82       6.04        1.8       2.65
        158      0.354        279       63.1      0.718       51.1       61.9
       11.2        5.9       5.62       7.03       2.86       6.84        1.7        3.4
        200      0.922       57.2          2      0.902       20.2       36.3
       13.7       10.2       11.9       9.82       1.93       6.89       1.78       4.36
        251      0.964        272       26.7      0.966       20.1       62.9
         16       7.46       10.4       4.38       5.43       7.34       6.87       1.69
        316       0.77        190         47      0.536        102         38
       8.23       4.12       9.72       8.91       7.76       6.28       4.02        3.2
        398      0.926        112       59.3      0.739       21.7       30.9
       9.58       5.82       10.9       11.1       1.08       5.82     -0.955       2.86
        501      0.984        416       6.37      0.994        110       78.9
       15.3       12.1       12.2       12.7       0.88        8.2       2.27       2.21
        631       0.97        281       18.5      0.985       53.1       17.8
       8.62       17.9       13.7       16.4       7.23       1.26      0.901     -0.677
        794      0.973        736       53.3      0.909        545       44.4
       21.3       10.7       24.9       25.3      -3.32       8.59       -8.7      -2.59
     1e+003      0.991  1.91e+003       48.3      0.912  1.41e+003       49.1
       19.1       15.2       35.6       37.2       2.08      -2.38      -8.72        -11
  1.26e+003      0.931   5.8e+003       3.86      0.917   3.1e+003         23
       25.8        102       62.3       57.8       4.97      -33.9      -19.9      -17.6
  1.58e+003      0.922  3.71e+003       25.5      0.866  2.18e+003         17
      -6.84       43.8       38.4       49.4       13.7        -26      -8.98      -30.8
     2e+003      0.977  3.12e+003       30.7      0.944  2.14e+003       28.5
      -2.04       31.7       40.4       47.5        8.3      -14.6      -13.7      -28.7
  2.51e+003      0.978  2.05e+003       22.3      0.975  1.31e+003       23.2
       5.83       39.1       39.4       44.4       15.6      -16.8      -7.26      -23.7
  3.16e+003      0.894  1.96e+003       28.6      0.924   1.5e+003       28.9
        -33       6.46       17.7       21.8       32.4       13.7      0.926      -3.03
  3.98e+003      0.987  2.96e+003       32.4      0.978  2.43e+003       30.7
       1.88       6.38       45.8       32.9       37.1       9.79      -1.26      -10.3
  5.01e+003      0.968  3.02e+003       23.6      0.821  1.33e+003       33.5
      -6.21      -5.17       46.1       18.5       16.4       15.4      -17.6      -4.48
  6.31e+003      0.925  2.12e+003       9.56      0.916        653       49.5
      -4.91      -3.41       39.3        7.9       14.2       16.2      -16.3      -1.89
  7.94e+003      0.988  1.32e+003       22.7      0.968        571       24.8
      -3.65      -5.68       26.9      -16.4         17       18.4       2.09       11.8
     1e+004      0.818  1.22e+003       14.6       0.98        594         37
      -5.02      -3.29       24.6       6.37       19.5       14.6       7.89       2.05
  1.26e+004      0.886        799       2.68      0.925        783       19.8
      -4.87      -3.92       23.5       5.43       20.4       10.2       12.2       11.7
  1.58e+004      0.986        277       15.7      0.933  1.06e+003       10.7
      -4.96      -4.34       17.1       7.13       18.7       11.6       9.71      -1.01
     2e+004       0.72        310       30.7      0.939        474       36.8
      -4.61      -3.48       11.2       7.17       16.1       12.5       9.45       -1.5
  2.51e+004      0.872        286       60.4      0.966        687         20
      -7.55      -3.86       12.8       10.8       22.2       10.4     -0.334      -3.69
  3.16e+004      0.933        744       43.7      0.978        523       6.01
      -7.85      -4.76       14.9       10.3       21.4       2.23      -1.25      -1.07
  3.98e+004      0.981        665       17.6      0.964        363       4.17
      -8.45      -4.48       17.9       8.41       15.4        2.7      -1.46       2.49
  5.01e+004      0.998        398       18.9       0.99        344       7.05
      -6.66      -4.35       14.9       7.01       13.2        5.2      0.559       4.65
  6.31e+004      0.994        271       11.6      0.987        416          2
      -3.39      -4.94       11.9       4.31       9.26       1.95      -1.34       8.02
  7.94e+004       0.98        216       25.4      0.904        240       5.57
      -2.17      -2.99       11.3        6.1       5.93       2.68      -1.07        5.2
     1e+005      0.925        108       36.2      0.756        175       33.3
      -1.74     -0.776        7.5       5.88       7.95       6.92        3.1       2.87
  1.26e+005          0          0          0          0          0          0
          0          0          0          0          0          0          0          0
  1.58e+005          0          0          0          0          0          0
          0          0          0          0          0          0          0          0
     2e+005          0          0          0          0          0          0
          0          0          0          0          0          0          0          0
  2.51e+005          0          0          0          0          0          0
          0          0          0          0          0          0          0          0
  3.16e+005          0          0          0          0          0          0
          0          0          0          0          0          0          0          0
  3.98e+005          0          0          0          0          0          0
          0          0          0          0          0          0          0          0
  5.01e+005          0          0          0          0          0          0
          0          0          0          0          0          0          0          0
  6.31e+005          0          0          0          0          0          0
          0          0          0          0          0          0          0          0
  7.94e+005          0          0          0          0          0          0
          0          0          0          0          0          0          0          0
     1e+006          0          0          0          0          0          0
          0          0          0          0          0          0          0          0
  1.26e+006          0          0          0          0          0          0
          0          0          0          0          0          0          0          0
  1.58e+006          0          0          0          0          0          0
          0          0          0          0          0          0          0          0
     2e+006          0          0          0          0          0          0
          0          0          0          0          0          0          0          0
  2.51e+006          0          0          0          0          0          0
          0          0          0          0          0          0          0          0
  3.16e+006          0          0          0          0          0          0
          0          0          0          0          0          0          0          0
  3.98e+006          0          0          0          0          0          0
          0          0          0          0          0          0          0          0
  5.01e+006          0          0          0          0          0          0
          0          0          0          0          0          0          0          0
  6.31e+006          0          0          0          0          0          0
          0          0          0          0          0          0          0          0
