       12.6          0          0          0          0          0          0
          0          0          0          0          0          0          0          0
       15.8      0.156        709       35.9      0.602       75.6       40.7
       6.08      0.408      -3.16       -2.7       4.14       3.46        1.5      -1.34
         20     0.0358        614       54.5      0.585        169       23.8
      -11.9       6.56      -1.19      0.134       7.37       3.09       1.18      -0.41
       25.1          0          0          0          0          0          0
          0          0          0          0          0          0          0          0
       31.6      0.121  4.23e+003       48.4      0.533  3.57e+003         25
       -139        -46      -16.9       12.2       37.7       14.4       5.43      -4.59
       39.8          0          0          0          0          0          0
          0          0          0          0          0          0          0          0
       50.1      0.528         40       82.4      0.378       71.4       34.5
        8.2       10.7      0.856      -4.48       3.28       4.44       1.13      -1.21
       63.1       0.53       55.9       78.1      0.544       71.6       45.8
       6.63       8.18     -0.295      -3.83       3.95       3.33      0.934     -0.881
       79.4      0.327       61.5         53       0.49       85.2       28.1
       8.59       1.79      -2.11      -2.87       3.45       3.73       1.22     -0.636
        100          0          0          0          0          0          0
          0          0          0          0          0          0          0          0
        126      0.185        160         27      0.576       80.6       65.2
        7.9       3.33       -2.4      -1.43        2.2       5.01      0.399      -1.07
        158       0.12        259       71.8       0.66         64       70.6
       3.84       2.51      0.254      -2.95       2.06       5.15     -0.207     -0.556
        200      0.923        181       13.3      0.935       16.8         64
       3.54       14.9       -6.7      -9.51      0.157        3.8     -0.518      -1.04
        251      0.942        122       31.8      0.984       16.8       60.6
       15.1       1.49       1.51        3.2       -1.2        3.3     -0.486     0.0287
        316      0.641        565       20.6       0.56        155       42.4
      0.899       3.76      -13.7      -4.69       5.88       4.38      0.386     -0.479
        398       0.42        434       86.3      0.836       52.4       87.4
       7.77       -8.9      -2.83       5.58      0.495       5.99    -0.0473     -0.746
        501      0.964  2.74e+003       29.8      0.895       7.31       87.4
       7.25         26      -9.25      -14.6     -0.813       3.38      0.471       1.95
        631      0.979         44       6.98      0.991       49.9          2
     -0.413       10.1      -3.49      -3.42       6.29       2.03      0.777     -0.352
        794      0.934        278         61      0.787  2.15e+003       51.1
      -27.3      -8.17      -5.25      -13.2       9.24       11.5       2.75       2.74
     1e+003      0.985        352         60      0.907        761       6.53
      -9.56      -1.36      -8.53      -14.2       7.44       6.16       3.15       3.63
  1.26e+003      0.906        700       43.4      0.874  1.59e+003       29.3
      -59.7       21.8      -13.3      -7.86       28.6     -0.833        5.6     0.0563
  1.58e+003      0.924        820         43      0.931  1.36e+003       18.2
      -30.7      0.047      -11.8      -12.3       22.7       15.3       5.55       1.23
     2e+003      0.976        979       40.3      0.971  1.02e+003       22.3
      -19.4      -2.95      -15.4      -12.6       16.8       11.9       6.61       4.28
  2.51e+003      0.973        967       26.2      0.973        780       21.6
        -19       1.37      -15.5      -9.46       17.9       13.6       5.87     -0.391
  3.16e+003       0.93        793       30.6      0.938        784       21.5
      -16.1      -2.17      -17.7      -8.16         22       14.8        3.8      -1.84
  3.98e+003      0.988        896       34.3      0.991        999       24.6
      -4.85       1.06      -21.4      -16.5       23.1       15.2       3.99     -0.472
  5.01e+003       0.95        808         23      0.956        768       18.4
      -11.2     -0.758      -20.4      -8.97       24.8       11.5      0.847      -2.19
  6.31e+003      0.916        746       5.13       0.95        416       26.6
      -3.95      0.351      -22.9       -2.9       16.6       8.45       2.14     0.0801
  7.94e+003      0.997        967       24.7      0.999        285       17.9
        -14       2.66      -16.8       1.47       17.3       5.52      -1.38      0.456
     1e+004      0.977        350       19.4      0.937        413       24.5
      -2.94     -0.678      -16.9      -6.07         17       7.78        0.5     0.0516
  1.26e+004       0.98        306       14.5      0.959        439       20.2
      0.914      -3.61      -15.5      -5.02       19.9       8.39     -0.214       2.26
  1.58e+004      0.999        232       6.34      0.959        283       14.3
     0.0683      -2.07      -14.7      -1.86       21.4       7.99     -0.409       2.13
     2e+004      0.942        191       13.6      0.922        393       26.3
     -0.684      -3.24      -12.8      -3.31       16.2       8.27      -2.02       3.27
  2.51e+004      0.987        107       11.1      0.963        400         17
      0.569     -0.203      -10.1      -2.08       16.5       7.16      0.685       1.24
  3.16e+004      0.968        113       31.9      0.987        255       9.86
       1.44      -3.97       -9.8      -3.71       15.7       2.05     -0.323      0.606
  3.98e+004      0.994        179       25.5      0.982        206       11.8
      0.013       -4.8      -10.2      -4.64       13.3       1.82      0.607     0.0499
  5.01e+004      0.999        126       27.6      0.994        145       10.1
       0.23      -1.44      -9.58      -4.85       4.01       2.17       1.42      -2.19
  6.31e+004      0.997       87.9       33.1      0.979        130       17.6
       1.27      -1.88      -7.18      -4.65        3.3        2.1      0.511      -2.67
  7.94e+004      0.985       73.9         44      0.822       63.8       16.8
       2.67     -0.629      -6.11      -5.27       1.36       1.34      0.495      -1.27
     1e+005      0.896       74.8       46.8       0.61       45.8       35.6
       3.69       4.15      -5.25      -5.44        3.3       2.32    -0.0584     -0.285
  1.26e+005          0          0          0          0          0          0
          0          0          0          0          0          0          0          0
  1.58e+005          0          0          0          0          0          0
          0          0          0          0          0          0          0          0
     2e+005          0          0          0          0          0          0
          0          0          0          0          0          0          0          0
  2.51e+005          0          0          0          0          0          0
          0          0          0          0          0          0          0          0
  3.16e+005          0          0          0          0          0          0
          0          0          0          0          0          0          0          0
  3.98e+005          0          0          0          0          0          0
          0          0          0          0          0          0          0          0
  5.01e+005          0          0          0          0          0          0
          0          0          0          0          0          0          0          0
  6.31e+005          0          0          0          0          0          0
          0          0          0          0          0          0          0          0
  7.94e+005          0          0          0          0          0          0
          0          0          0          0          0          0          0          0
     1e+006          0          0          0          0          0          0
          0          0          0          0          0          0          0          0
  1.26e+006          0          0          0          0          0          0
          0          0          0          0          0          0          0          0
  1.58e+006          0          0          0          0          0          0
          0          0          0          0          0          0          0          0
     2e+006          0          0          0          0          0          0
          0          0          0          0          0          0          0          0
  2.51e+006          0          0          0          0          0          0
          0          0          0          0          0          0          0          0
  3.16e+006          0          0          0          0          0          0
          0          0          0          0          0          0          0          0
  3.98e+006          0          0          0          0          0          0
          0          0          0          0          0          0          0          0
  5.01e+006          0          0          0          0          0          0
          0          0          0          0          0          0          0          0
  6.31e+006          0          0          0          0          0          0
          0          0          0          0          0          0          0          0
