       12.6          0          0          0          0          0          0
          0          0          0          0          0          0          0          0
       15.8      0.342  2.36e+003       32.7      0.587        112       37.8
       21.4       19.1       16.2       17.8       4.05       3.67      -1.75      -1.64
         20      0.438  2.45e+003       52.7      0.645        154       41.6
       15.2       9.83       20.1       20.8       4.85       4.45      -3.06       -1.9
       25.1          0          0          0          0          0          0
          0          0          0          0          0          0          0          0
       31.6          0          0          0          0          0          0
          0          0          0          0          0          0          0          0
       39.8          0          0          0          0          0          0
          0          0          0          0          0          0          0          0
       50.1      0.541       43.8       65.3      0.839         29       8.55
       12.9      -3.53        5.4        1.4       1.72       1.59      -1.51      0.498
       63.1      0.263        101         88      0.652       27.7       24.1
       22.7       16.7         12       11.8       3.14       2.72    -0.0133      0.788
       79.4      0.264        299       66.8      0.555       42.8         17
       18.3       13.4       10.1       10.3       2.94       1.49     -0.486      0.401
        100      0.295        280       86.7      0.645       53.6       33.8
       12.3       13.2       6.59       12.3       4.83       3.36      0.813      0.662
        126      0.638       1000       67.1      0.532        104       55.5
       27.4         21       21.9       25.2       2.22       1.59      -1.24      -2.26
        158          0          0          0          0          0          0
          0          0          0          0          0          0          0          0
        200      0.926       45.9       18.5       0.74       4.34       9.42
       35.3       14.4       18.8       9.83     -0.134       2.19      0.423      0.855
        251      0.975        221       22.1      0.781       1.29       41.8
       32.7       9.83       14.9       10.2        2.6     -0.567       2.62      -1.32
        316      0.827  1.04e+003       33.4      0.871       39.5       36.6
         26       17.4       21.6       16.3       4.33       3.25     0.0213     -0.357
        398      0.727        197       82.5      0.808       41.5       47.9
       31.1       15.4       23.9       13.4     -0.704       5.67      -2.47       2.17
        501      0.983        870       21.8       0.92       6.22       57.3
       37.5       30.2       22.1       20.7      -2.41       4.65      -1.99      0.239
        631      0.984        331         23      0.991        107       4.33
       23.4       27.8       28.5       16.7       6.59       3.81      -3.37       2.67
        794      0.836        412       59.5      0.859        191       72.4
       81.3       33.8       61.3       32.2      -25.4     -0.504      -19.1      -6.18
     1e+003      0.982  4.18e+003       41.5      0.972  3.27e+003       43.5
         39       34.6         66         58      -4.15       -2.6      -21.3      -19.1
  1.26e+003      0.783  8.11e+003         46      0.826   2.4e+003       66.1
        113        192        101        123      -45.9      -91.8      -41.7      -59.7
  1.58e+003      0.807  8.08e+003       7.34      0.774   2.9e+003       31.5
       93.5       96.7        110       83.2      -21.3      -53.8      -37.1      -45.6
     2e+003      0.919  6.88e+003       13.1       0.86  6.22e+003       17.6
        173        134        153       86.4      -62.5      -69.7      -60.2      -48.9
  2.51e+003      0.944  3.84e+003       16.5      0.917  2.97e+003       23.7
       74.7        183       90.7        108      -11.7      -83.9      -27.5      -52.8
  3.16e+003       0.87  5.68e+003         29      0.768  6.12e+003       33.6
      -32.9       39.5       45.5       46.3       33.2      0.683      -9.36      -17.6
  3.98e+003      0.954  9.22e+003       27.5      0.895  1.32e+004         37
       83.5       84.8        115       72.8      -1.15      -44.5      -37.6      -42.2
  5.01e+003      0.948  1.12e+004       15.2      0.785  1.37e+004       2.49
       10.8       4.93        100       28.8       50.2      -21.5      -30.9      -29.8
  6.31e+003      0.925  6.72e+003       7.12      0.875  1.56e+004       7.57
       9.67       26.2         74       22.8       71.5        -30      -23.7      -27.1
  7.94e+003      0.977  3.22e+003       22.4      0.881  3.01e+003       13.8
      -28.9       9.16       43.3      -8.55       51.5        -30      -14.8      -22.3
     1e+004       0.96  3.43e+003        7.1      0.968  5.19e+003       6.89
      -10.1       7.73       42.2       5.32         52      -3.27      -21.9      -11.5
  1.26e+004       0.98  3.03e+003       14.2      0.987  3.57e+003       4.19
      -4.34       2.96       44.2       10.2       46.3       8.74        -21      -14.9
  1.58e+004      0.992  3.02e+003       20.7      0.941  2.62e+003       8.41
      0.379     -0.214       51.1       19.4       44.4       11.1      -21.8      -13.1
     2e+004      0.913  2.11e+003       22.6      0.969  2.62e+003       15.8
      -10.2        5.5       17.1       15.5       47.2       7.66       6.63      -14.7
  2.51e+004      0.958  2.03e+003         39      0.941  1.58e+003       6.58
       -5.6       4.12       29.9       19.1       37.4       13.7      -26.3      -4.84
  3.16e+004      0.982  2.94e+003       30.3      0.991  1.82e+003       5.56
       -0.9       1.91       42.6       28.6       42.3       4.04      0.768       0.38
  3.98e+004      0.994  2.87e+003       11.4      0.978  2.01e+003       14.8
      -1.33      -1.09       51.3       9.79       37.3       6.29       -7.4      -6.52
  5.01e+004      0.998  1.66e+003       12.3      0.941  2.84e+003       18.1
      -6.12     -0.232       37.7       8.74       19.7       1.58      -12.5      -5.26
  6.31e+004      0.994  1.33e+003       8.29      0.945     1e+003       29.7
      -2.47     -0.337       34.6        6.1       17.4       6.31      -12.2     -0.609
  7.94e+004      0.975        987       17.3      0.827        827       31.5
      -4.33      -2.29       27.2       8.46       8.16       7.45      -12.6      -2.38
     1e+005      0.919        580       38.2      0.723        364       39.5
       -1.2      -2.31       16.9       12.7       5.38       4.65      -6.64       -5.1
  1.26e+005          0          0          0          0          0          0
          0          0          0          0          0          0          0          0
  1.58e+005          0          0          0          0          0          0
          0          0          0          0          0          0          0          0
     2e+005          0          0          0          0          0          0
          0          0          0          0          0          0          0          0
  2.51e+005          0          0          0          0          0          0
          0          0          0          0          0          0          0          0
  3.16e+005          0          0          0          0          0          0
          0          0          0          0          0          0          0          0
  3.98e+005          0          0          0          0          0          0
          0          0          0          0          0          0          0          0
  5.01e+005          0          0          0          0          0          0
          0          0          0          0          0          0          0          0
  6.31e+005          0          0          0          0          0          0
          0          0          0          0          0          0          0          0
  7.94e+005          0          0          0          0          0          0
          0          0          0          0          0          0          0          0
     1e+006          0          0          0          0          0          0
          0          0          0          0          0          0          0          0
  1.26e+006          0          0          0          0          0          0
          0          0          0          0          0          0          0          0
  1.58e+006          0          0          0          0          0          0
          0          0          0          0          0          0          0          0
     2e+006          0          0          0          0          0          0
          0          0          0          0          0          0          0          0
  2.51e+006          0          0          0          0          0          0
          0          0          0          0          0          0          0          0
  3.16e+006          0          0          0          0          0          0
          0          0          0          0          0          0          0          0
  3.98e+006          0          0          0          0          0          0
          0          0          0          0          0          0          0          0
  5.01e+006          0          0          0          0          0          0
          0          0          0          0          0          0          0          0
  6.31e+006          0          0          0          0          0          0
          0          0          0          0          0          0          0          0
