       12.6          0          0          0          0          0          0
          0          0          0          0          0          0          0          0
       15.8          0          0          0          0          0          0
          0          0          0          0          0          0          0          0
         20          0          0          0          0          0          0
          0          0          0          0          0          0          0          0
       25.1          0          0          0          0          0          0
          0          0          0          0          0          0          0          0
       31.6          0          0          0          0          0          0
          0          0          0          0          0          0          0          0
       39.8          0          0          0          0          0          0
          0          0          0          0          0          0          0          0
       50.1      0.764       20.2         25      0.483        957       6.04
       50.4       1.02        9.8       2.54       57.2       4.31       10.7       2.44
       63.1      0.533       24.6       14.6      0.376        666       35.4
       21.2       13.4       5.39        3.2       30.4       18.3       6.35       3.35
       79.4          0          0          0          0          0          0
          0          0          0          0          0          0          0          0
        100          0          0          0          0          0          0
          0          0          0          0          0          0          0          0
        126     0.0565        247         88      0.523  2.39e+003       63.2
       17.2       29.4       2.53       3.77       20.5       30.2       3.17        2.8
        158          0          0          0          0          0          0
          0          0          0          0          0          0          0          0
        200      0.748  1.11e+003       46.8      0.868  7.56e+003       75.3
       40.8        152       14.6       18.1       27.2        102       9.56       11.8
        251      0.972        104       80.6      0.982  1.87e+003       77.4
        129        3.3       22.8      -6.23       89.6         10       16.1      -4.17
        316      0.108        448       11.1      0.323  5.04e+003         49
        296       95.1       54.9       24.6        195         67       35.8       15.2
        398      0.676       32.4       71.5      0.258        229         33
        -21        100      -3.58       22.2      -11.8       67.8      -2.26       13.2
        501      0.844     1e+004       80.4       0.98  2.18e+004       46.3
        233        127       39.6       26.3        156       86.8       26.3       15.7
        631       0.87        343       59.2      0.689  5.17e+003       78.7
        204       61.2       37.4       13.7        135       41.2       24.4       6.51
        794      0.832        187       77.4      0.777  2.25e+003       20.6
       84.2         68         15       12.2       66.4         49       11.5       5.99
     1e+003      0.837       79.6       85.2      0.491        328       45.7
       78.7       29.2       14.8       12.8       57.7       25.5       10.6       6.26
  1.26e+003      0.754        496       56.1      0.432  4.27e+003         78
       49.7      -15.3       15.1       10.8         42       7.55       9.66       4.43
  1.58e+003      0.577        866       39.6      0.384   5.5e+004       52.5
       89.5       -115       12.5        8.8         57      -45.5       7.22       4.38
     2e+003       0.81  1.92e+003       23.8      0.842  3.72e+004       84.8
      -42.7        163       20.1       7.82      -10.8        107       11.5       3.55
  2.51e+003      0.363        918       8.83      0.723  8.91e+003       50.2
       71.6       67.4       11.3       4.74       48.8         51       6.57       2.71
  3.16e+003      0.592  1.01e+003       34.7      0.428  2.11e+004         33
        108       24.7       17.2       13.1         72       31.6       9.75       6.77
  3.98e+003       0.86  1.11e+003       43.4      0.313  4.81e+004       57.6
        109       2.45       23.8       17.5       68.3       19.9       13.8       8.17
  5.01e+003      0.673        607       25.8      0.213  1.89e+004       18.4
       31.2      -9.66         15       7.24       30.3       8.34       8.39       2.87
  6.31e+003      0.698        839         15      0.359  6.77e+003       40.7
      -22.2       2.59       17.6       4.98        3.2         16       10.6       1.36
  7.94e+003      0.593  1.03e+003       14.1      0.786  1.18e+003       56.9
       2.02       21.1       19.5         10       20.2         24       10.5       1.49
     1e+004       0.66        871       36.1      0.705  1.32e+003       17.1
       22.8      -5.28       14.8       9.24       23.1       10.4       7.57        2.2
  1.26e+004      0.733  1.26e+003       24.1      0.812  1.51e+003         19
       21.8       1.63       17.9       7.96       23.7       10.8        9.9       2.59
  1.58e+004      0.665  1.19e+003       25.5      0.815  1.31e+003       25.1
       20.7       4.31       15.7       7.47       22.7       12.7       8.77       1.69
     2e+004      0.579  4.75e+003       42.7      0.988        921       29.1
       16.2       2.85       9.51       4.41       25.6       14.9       4.91      0.561
  2.51e+004      0.854        797       18.3       0.58        646         88
       -4.3     -0.428       21.6       7.44       9.04       10.8       8.07      -3.79
  3.16e+004      0.656  1.34e+003       41.1      0.725        744       31.2
       7.52       2.89       18.5       15.6       17.1       10.5       14.5       0.22
  3.98e+004      0.865  1.09e+003          2      0.416        978         37
      -1.81          6       27.4     -0.802       3.79       5.31       8.62      -15.4
  5.01e+004      0.866        655       8.21      0.549  1.48e+003       12.5
       6.75       7.33         20       2.46       7.59       3.49       12.4      -5.15
  6.31e+004      0.931        469         11      0.657  1.56e+003       20.2
        0.2       10.2       17.8       2.61        6.2       4.75       9.42      -9.18
  7.94e+004      0.682        250       8.55      0.174       92.9         23
      0.393       1.35       10.6       1.58        1.4      0.668        4.8         -5
     1e+005      0.215        158       43.6      0.709        241         50
       2.08       2.23        2.2       1.83       7.08       8.43     -0.185      0.431
  1.26e+005          0          0          0          0          0          0
          0          0          0          0          0          0          0          0
  1.58e+005          0          0          0          0          0          0
          0          0          0          0          0          0          0          0
     2e+005          0          0          0          0          0          0
          0          0          0          0          0          0          0          0
  2.51e+005          0          0          0          0          0          0
          0          0          0          0          0          0          0          0
  3.16e+005          0          0          0          0          0          0
          0          0          0          0          0          0          0          0
  3.98e+005          0          0          0          0          0          0
          0          0          0          0          0          0          0          0
  5.01e+005          0          0          0          0          0          0
          0          0          0          0          0          0          0          0
  6.31e+005          0          0          0          0          0          0
          0          0          0          0          0          0          0          0
  7.94e+005          0          0          0          0          0          0
          0          0          0          0          0          0          0          0
     1e+006          0          0          0          0          0          0
          0          0          0          0          0          0          0          0
  1.26e+006          0          0          0          0          0          0
          0          0          0          0          0          0          0          0
  1.58e+006          0          0          0          0          0          0
          0          0          0          0          0          0          0          0
     2e+006          0          0          0          0          0          0
          0          0          0          0          0          0          0          0
  2.51e+006          0          0          0          0          0          0
          0          0          0          0          0          0          0          0
  3.16e+006          0          0          0          0          0          0
          0          0          0          0          0          0          0          0
  3.98e+006          0          0          0          0          0          0
          0          0          0          0          0          0          0          0
  5.01e+006          0          0          0          0          0          0
          0          0          0          0          0          0          0          0
  6.31e+006          0          0          0          0          0          0
          0          0          0          0          0          0          0          0
