       12.6          0          0          0          0          0          0
          0          0          0          0          0          0          0          0
       15.8          0          0          0          0          0          0
          0          0          0          0          0          0          0          0
         20          0          0          0          0          0          0
          0          0          0          0          0          0          0          0
       25.1          0          0          0          0          0          0
          0          0          0          0          0          0          0          0
       31.6          0          0          0          0          0          0
          0          0          0          0          0          0          0          0
       39.8      0.528       2.46       45.4      0.246       5.41       63.5
       6.24       1.52      -3.73      -1.39       7.28       2.08      -4.02     -0.877
       50.1      0.741       2.96       40.8      0.336       8.38       19.5
       7.34       1.31      -4.32      -1.53       7.43       1.37       -4.2     -0.655
       63.1      0.555        3.3       32.3      0.318       8.77         60
       6.49      0.906      -3.91      -1.08       7.13       1.73      -3.91      -0.61
       79.4      0.564       9.47       2.61      0.464         36       55.2
       1.83       4.48      -2.56      -1.72       4.87       6.78      -3.32      -2.12
        100      0.255       9.88       30.8      0.517       43.2         88
       6.26       5.28      -3.38         -2       8.15       7.11      -3.94      -1.94
        126      0.225         16       70.2      0.595       39.5         84
       4.81        3.3      -2.72     -0.746       7.46       7.44      -3.83      -1.93
        158      0.334       15.8       87.5      0.736       50.8       82.7
       5.24       5.56      -2.91      -1.67       8.21       13.2       -4.3      -4.51
        200      0.282        146       6.24      0.485        121       53.8
      -9.35       73.8       4.71      -41.3      -10.5       37.4       5.72      -19.4
        251       0.97       6.28       84.2      0.993       30.8       87.7
       42.4        4.3      -23.4     -0.178       27.8       7.98      -15.7      -1.51
        316      0.329       30.5       73.2       0.29       33.8       72.7
        104       24.9      -58.2      -17.6       62.8       19.8      -34.8      -11.4
        398      0.745       3.83       83.4      0.779       4.93         84
      -8.78       29.8       5.06      -18.1       -5.2         18        3.2       -9.1
        501      0.867  1.33e+003       83.3      0.952        969       64.6
       88.1       51.4      -47.3      -29.4       52.5       36.3        -28      -18.4
        631      0.941       51.8       66.9      0.662       15.2       47.3
       73.4       25.9      -41.5      -15.3       41.2       19.3      -23.1      -8.39
        794      0.903         37       72.9       0.73       18.4       16.5
       16.1        2.7      -7.11       -5.1       10.7       5.21      -4.77      -2.51
     1e+003      0.867       16.4       76.3      0.732       8.36       77.1
       14.6       1.41      -9.12      -3.94       11.2       6.65      -6.23      -2.43
  1.26e+003      0.891        102       62.5      0.609       11.3       71.1
      -4.06      -17.4       -0.9     -0.158       2.73      -1.06      -1.76     -0.153
  1.58e+003      0.261        150       55.2      0.828       39.7       5.65
      -13.9      -15.8     -0.284      0.259      -5.33     -0.612      0.224      0.253
     2e+003      0.773        250       27.7      0.951        122       18.4
      -22.8      -6.83      -2.04      -1.31      -8.74       3.66     -0.898     -0.439
  2.51e+003       0.54        128       42.5      0.752        174       55.2
      -18.2       8.09      0.032      -3.79      -4.49       10.4     0.0261      -1.88
  3.16e+003       0.54       99.3       32.4      0.481        125          2
        -13      -17.4      -1.67      0.184      -3.91     -0.134      -0.68      0.207
  3.98e+003      0.728        184       46.2      0.711       58.8       2.72
      -18.9      -17.1       1.24      -2.02      -6.51       1.59      0.498     -0.913
  5.01e+003      0.508        253       62.9      0.682       71.8       29.1
      -17.3      -15.3    -0.0146      -1.34      -4.44       3.28     -0.519     -0.722
  6.31e+003      0.669        135       22.6       0.57       86.5       59.7
      -11.3      -10.9      -2.78      0.996      0.569       4.67      -2.48     0.0179
  7.94e+003      0.472        299       35.1      0.892        209       49.3
      -6.08       0.79      -3.56      -5.12       9.76       9.89      -3.56     -0.283
     1e+004      0.716        149       42.1      0.726        223       52.8
      -1.32      -4.01      -5.85      -4.94       8.87         10      -4.17      -1.03
  1.26e+004      0.589        257       28.9      0.867        356         36
       1.92      -1.43      -7.91      -4.63       12.5       9.76      -4.78      -1.21
  1.58e+004      0.666        267         34      0.834        342         38
      0.947      -1.13      -8.96      -5.94       12.3       10.2      -5.62      -1.43
     2e+004      0.647        301       28.9      0.977        396       31.9
       4.33    -0.0305      -6.06      -2.71       15.7       10.6      -4.67      -1.35
  2.51e+004       0.68        698       23.3      0.888        118       55.5
      -7.92      -2.97      -9.97      -3.27       7.36       7.51      -2.98      0.178
  3.16e+004      0.645        271       41.3      0.822        200         33
     -0.188     -0.871      -7.88      -6.84       10.1       6.63      -4.48      -1.92
  3.98e+004      0.667        239         14      0.759        129         50
      -4.38       1.04      -7.89      -2.21       5.61       5.77      -1.12       2.43
  5.01e+004       0.85        222       20.5      0.881        120       72.8
      -10.2     -0.553       -6.1       -2.4       2.18       5.95     -0.276       3.53
  6.31e+004      0.822        183       23.1      0.824         95       56.3
      -7.05     -0.419      -6.09      -2.48       2.86        4.3      0.839       3.61
  7.94e+004      0.487       48.8         30      0.446       35.5       51.8
      -2.71     0.0351      -2.31      -1.47       1.52       1.75   -0.00762       1.09
     1e+005      0.382       6.27       38.3      0.606       84.2       53.2
     0.0914     0.0381     -0.765     -0.599        3.4       4.59     -0.379      -1.03
  1.26e+005          0          0          0          0          0          0
          0          0          0          0          0          0          0          0
  1.58e+005          0          0          0          0          0          0
          0          0          0          0          0          0          0          0
     2e+005          0          0          0          0          0          0
          0          0          0          0          0          0          0          0
  2.51e+005          0          0          0          0          0          0
          0          0          0          0          0          0          0          0
  3.16e+005          0          0          0          0          0          0
          0          0          0          0          0          0          0          0
  3.98e+005          0          0          0          0          0          0
          0          0          0          0          0          0          0          0
  5.01e+005          0          0          0          0          0          0
          0          0          0          0          0          0          0          0
  6.31e+005          0          0          0          0          0          0
          0          0          0          0          0          0          0          0
  7.94e+005          0          0          0          0          0          0
          0          0          0          0          0          0          0          0
     1e+006          0          0          0          0          0          0
          0          0          0          0          0          0          0          0
  1.26e+006          0          0          0          0          0          0
          0          0          0          0          0          0          0          0
  1.58e+006          0          0          0          0          0          0
          0          0          0          0          0          0          0          0
     2e+006          0          0          0          0          0          0
          0          0          0          0          0          0          0          0
  2.51e+006          0          0          0          0          0          0
          0          0          0          0          0          0          0          0
  3.16e+006          0          0          0          0          0          0
          0          0          0          0          0          0          0          0
  3.98e+006          0          0          0          0          0          0
          0          0          0          0          0          0          0          0
  5.01e+006          0          0          0          0          0          0
          0          0          0          0          0          0          0          0
  6.31e+006          0          0          0          0          0          0
          0          0          0          0          0          0          0          0
