       12.6          0          0          0          0          0          0
          0          0          0          0          0          0          0          0
       15.8      0.379        153       35.8      0.532        363         88
      -4.83       1.74       2.48       4.76      0.257      -11.8      -1.38      -3.55
         20      0.512        135       37.5      0.494        145       47.9
      -2.53       3.14       5.28       5.19       -3.7      -5.05     -0.988      -1.41
       25.1      0.544        136       30.8      0.432        243       41.2
      -2.37      0.208       4.99       3.49      -4.44      -4.69       1.28      -1.23
       31.6      0.528         99       24.3      0.606        111       47.8
      -1.62       2.74        4.4       2.64      -4.45      -4.17     -0.807       1.69
       39.8      0.253       51.1       19.2      0.517       72.1       71.4
     -0.681       2.95       2.29       1.45     -0.851      -4.28      0.289     -0.487
       50.1      0.617         33          4      0.471        155       55.2
       1.06       30.2       7.28        4.6      -3.96       9.81       2.09       2.84
       63.1      0.512       36.6       25.1       0.71       87.2       48.6
    -0.0755       4.08       3.18       1.94      -5.05      -4.53     -0.325      0.711
       79.4      0.671       89.3         18      0.785         77       51.6
      0.105        2.8       6.09       2.41       -4.1      -5.19      0.541      0.518
        100      0.773        126        6.7      0.716       84.4       46.1
      0.122       2.13       8.66       1.25      -3.82      -4.68       1.59     0.0142
        126      0.853        159       6.96      0.799       84.8       50.1
     -0.477       2.19       10.7       1.49      -4.33      -5.73       1.96     -0.562
        158      0.902        170       2.26      0.748        111       43.9
     -0.663       2.41       11.5      0.689      -4.86      -6.39       2.59      -1.09
        200      0.934       27.5       15.8      0.839        148       42.8
       2.63        5.3       5.15       1.83      -3.33      -5.63          1     0.0429
        251      0.991        192       3.64      0.883        786       84.9
       15.6     -0.223       14.6       1.09       0.83      -7.98        4.9       -1.6
        316      0.979        112       26.2      0.952        185       7.22
      -3.75       12.6       6.85       6.84      -5.21      -1.74       1.94       1.12
        398      0.776        106       9.54      0.822         66       10.7
      -2.88       12.3       6.43       3.14      -5.28      -2.37      0.972     -0.722
        501          1       88.9       26.1          1        147       13.3
      -4.95       6.66       6.59       5.33      -7.18      -4.74       1.34    -0.0436
        631      0.992        120       28.3      0.993        144       20.5
     -0.789      -8.47       9.39        2.5      -7.32      -5.16       1.25     -0.294
        794      0.964       76.2         37      0.964       99.5       29.5
       2.19       5.83       6.59       6.94      -6.56       -6.7      0.797     -0.336
     1e+003      0.749        104       83.5      0.893       74.5       51.9
       3.89       12.2        3.1       9.56      -5.72      -4.64      0.233       1.11
  1.26e+003      0.914        290       16.7      0.949        119       25.1
       3.36      0.719       15.8        4.4      -8.72      -5.21      0.702      -1.77
  1.58e+003      0.941        371       12.5      0.244        914       37.7
       59.2      -18.4       20.8       5.07      0.533      -20.2       1.06      -3.12
     2e+003      0.996        404       9.95      0.336  3.39e+003       20.3
         17      -12.3         20       3.28      -16.9      -21.8      0.527       -3.1
  2.51e+003      0.991        385       7.98      0.591        687         23
       1.84       3.76       19.4       2.92      -9.63      -5.59      0.647      -2.87
  3.16e+003      0.941        253       18.6      0.884        149       30.1
       13.4       1.14         17       4.09      -7.68      -8.14      0.515      -2.35
  3.98e+003      0.993        243       9.94      0.616        392       21.6
       -5.7       4.94       15.8       2.65      -4.71       1.68     -0.309      -2.22
  5.01e+003      0.974        229       6.58      0.438        216       48.5
       1.91       1.09       14.6       1.62      -3.31      -3.81     -0.741      -2.46
  6.31e+003      0.965        157       4.91      0.776       88.8         31
       1.51       0.67       12.1       1.08      -6.39      -3.86     -0.494      -1.69
  7.94e+003      0.887       92.6       8.27      0.957       66.5       41.1
       1.47      0.676       8.11       1.43      -5.91      -5.04     -0.521      -0.59
     1e+004      0.944       85.5       11.8      0.945       64.8       40.6
       1.06       1.11       8.18       1.64      -5.67      -4.72     -0.978     -0.805
  1.26e+004      0.857       70.4       20.3      0.958       60.1       42.1
       1.04       1.15       6.08        1.9      -5.34      -4.87      -1.08     -0.534
  1.58e+004      0.805       58.5       27.4      0.943       61.7       41.9
       1.12       1.24       4.99       1.87      -5.34       -4.9     -0.784     -0.404
     2e+004      0.982        121         45      0.999       65.7       41.1
       1.43       1.26       4.24        3.7      -6.04      -5.31     -0.194    -0.0748
  2.51e+004      0.316       65.5       54.5      0.862       42.4       42.9
       1.18      0.727       1.56       1.82      -4.14      -3.81      0.192      0.255
  3.16e+004      0.459       5.72       38.1      0.908       44.4       41.6
     -0.016     0.0746      0.838      0.742       -4.2      -3.56       1.08       2.27
  3.98e+004      0.331       5.02       54.7      0.585       9.78       36.1
      0.407      0.316      0.422      0.531      -1.46      -1.08     -0.222     -0.123
  5.01e+004      0.973         35       45.8      0.728       29.4       56.2
     -0.828     -0.803        3.8       3.92      -0.64     -0.801      0.958       1.42
  6.31e+004      0.625       23.6       63.5      0.963       55.6       46.4
      0.817      0.406       2.22       2.56      -4.85      -5.03        1.2      0.521
  7.94e+004      0.652      0.848       25.5      0.237       1.61       60.4
    -0.0736     0.0532      0.539      0.261     -0.158     -0.258     -0.141     0.0537
     1e+005      0.398       3.25       21.4      0.761         26       21.5
      0.115   -0.00165       0.69      0.253      -3.53      -1.37      0.784      0.155
  1.26e+005          0          0          0          0          0          0
          0          0          0          0          0          0          0          0
  1.58e+005          0          0          0          0          0          0
          0          0          0          0          0          0          0          0
     2e+005          0          0          0          0          0          0
          0          0          0          0          0          0          0          0
  2.51e+005          0          0          0          0          0          0
          0          0          0          0          0          0          0          0
  3.16e+005          0          0          0          0          0          0
          0          0          0          0          0          0          0          0
  3.98e+005          0          0          0          0          0          0
          0          0          0          0          0          0          0          0
  5.01e+005          0          0          0          0          0          0
          0          0          0          0          0          0          0          0
  6.31e+005          0          0          0          0          0          0
          0          0          0          0          0          0          0          0
  7.94e+005          0          0          0          0          0          0
          0          0          0          0          0          0          0          0
     1e+006          0          0          0          0          0          0
          0          0          0          0          0          0          0          0
  1.26e+006          0          0          0          0          0          0
          0          0          0          0          0          0          0          0
  1.58e+006          0          0          0          0          0          0
          0          0          0          0          0          0          0          0
     2e+006          0          0          0          0          0          0
          0          0          0          0          0          0          0          0
  2.51e+006          0          0          0          0          0          0
          0          0          0          0          0          0          0          0
  3.16e+006          0          0          0          0          0          0
          0          0          0          0          0          0          0          0
  3.98e+006          0          0          0          0          0          0
          0          0          0          0          0          0          0          0
  5.01e+006          0          0          0          0          0          0
          0          0          0          0          0          0          0          0
  6.31e+006          0          0          0          0          0          0
          0          0          0          0          0          0          0          0
