       12.6          0          0          0          0          0          0
          0          0          0          0          0          0          0          0
       15.8     0.0488       56.7       57.6       0.66       55.4         48
      0.606       7.09     -0.307      -2.07       3.52       5.17     -0.301     -0.834
         20          0          0          0          0          0          0
          0          0          0          0          0          0          0          0
       25.1          0          0          0          0          0          0
          0          0          0          0          0          0          0          0
       31.6      0.283       10.7       30.2      0.623       27.7         51
       5.38      -5.05      -1.95       1.38       4.67       4.23     -0.653     -0.502
       39.8        0.5       1.45       38.2       0.55       3.49       86.4
       4.67       6.03      -1.42      -1.07      0.456       2.85    -0.0901     -0.443
       50.1      0.588      0.841       26.9      0.692       1.54       80.9
       6.44       8.32      -1.64      -1.55       -2.6       1.29      0.556    -0.0523
       63.1      0.536       1.02       48.7      0.611       1.88       87.2
       4.31       6.69      -1.19       -1.1     -0.796       1.78      0.207     -0.205
       79.4      0.144       4.06       70.1      0.484       23.1       63.3
      -2.16      -1.15      0.334      0.519       5.03       5.86     -0.946      -0.95
        100          0          0          0          0          0          0
          0          0          0          0          0          0          0          0
        126      0.266       24.3       84.2      0.653       50.2       45.5
      -17.8     -0.961       3.42       1.17       6.09       6.32      -0.93     -0.824
        158      0.394       24.7       86.8      0.769       92.4       63.6
        -13     -0.895       2.94       2.36        7.7       9.96       -1.7      -1.47
        200      0.787       5.74       77.8       0.61       10.3       26.2
      -26.7       13.1       5.75      -2.74      0.339       8.06     0.0993      -1.75
        251      0.976       10.8       73.8      0.969       3.53       82.5
      -33.4      -27.4       8.57       8.03       5.68       4.72      -1.47     -0.432
        316      0.627       18.4       85.2      0.733         12       75.6
      -44.7      -17.8       10.3       6.68        1.3       3.05     -0.463     -0.141
        398      0.857       4.51       71.2      0.775       8.81       76.7
      -17.8        1.9       3.76       1.37       6.39       8.78      -1.69      -1.68
        501      0.984       74.8       34.6      0.967         25       68.2
      -56.6      -6.38       15.2       2.95     -0.222       2.97      0.364      0.114
        631      0.226        119       86.4      0.216       62.6       79.3
      -76.1      -10.7       15.1     -0.285      -1.93      0.611        0.4     -0.564
        794      0.513       4.84         17      0.756       18.3         70
        -14      -9.07        4.2        1.8       9.53       6.28      -2.01     -0.828
     1e+003        0.9       6.93       55.2       0.74       23.8       79.3
      -4.21      0.666       2.25       1.85       12.1       9.18      -2.74      -1.38
  1.26e+003       0.56       82.3       20.9      0.744        369       32.5
       13.2       17.6       1.15      -1.22       18.4         14      -2.48      -1.55
  1.58e+003      0.405        137       51.3      0.958        395       69.8
       17.8       40.3       0.16      -1.08       6.43       18.2      0.072     -0.185
     2e+003      0.764        336         71      0.988        281         77
       12.4       38.9      0.137     -0.254       3.98         16     -0.126      0.102
  2.51e+003      0.474        198         63      0.953        200       73.3
       13.2       33.9     -0.402    -0.0526       4.01       13.2      -0.11     -0.183
  3.16e+003      0.577       95.8       44.3       0.97        184       59.1
       14.9       28.9      0.119     -0.299        6.7       11.4     0.0223    -0.0451
  3.98e+003      0.698        180       51.3      0.971        328       51.5
       24.7       32.4      0.603     -0.185       10.5       13.9      0.191    -0.0368
  5.01e+003      0.233       96.5       71.1       0.88        446       57.4
       21.3         35      -0.14    -0.0772       10.3       15.6     -0.181    0.00104
  6.31e+003      0.546        131       50.1      0.865        328       49.4
       14.2       23.2       1.12       2.03       11.2       10.7     -0.438      0.879
  7.94e+003      0.522       75.8       26.6      0.883        189       26.3
       7.47       2.41       3.12       1.94         11        4.8    -0.0247      0.761
     1e+004      0.579        114       25.6      0.876        117       38.1
      -1.43        1.3       5.55       2.64       7.51       5.79      0.523       1.05
  1.26e+004       0.69        121       28.8      0.892       97.8       34.6
      -1.97     -0.462       6.48       3.59       7.52        5.2       1.29       1.28
  1.58e+004      0.746        136       32.4      0.833        158         33
     -0.244      0.982       7.34        4.6        8.8       5.22       1.27       1.93
     2e+004      0.474        129       39.9      0.963        108       33.8
       -1.8   -0.00142       4.19       2.88       8.36       5.47        1.2       1.16
  2.51e+004      0.457       90.5         12      0.943        100       23.1
     -0.107     -0.832       4.34       1.24       8.56        3.7       1.05      -0.11
  3.16e+004      0.651        182       29.7      0.744        104       28.5
       1.82      0.068       7.12       4.29       5.83       2.92       2.31       2.28
  3.98e+004      0.553        118       24.6      0.726       60.2       36.7
      0.419      0.306       5.42       2.43       4.26       3.27       1.85       1.48
  5.01e+004      0.879        187       26.5      0.772        258         32
        3.9          1       9.84       4.89       6.26       4.56       3.66       2.86
  6.31e+004      0.846        141       28.4      0.896         99       36.1
      -0.53     -0.879       9.09        5.2       6.25        4.4       2.87       2.53
  7.94e+004      0.751        129       32.7      0.517        146       26.6
       4.05      0.734       6.12       4.21       2.77      0.763       3.24       3.41
     1e+005      0.218       43.5       36.3      0.658         24       52.4
     -0.302     -0.117        1.2      0.851       1.96       2.56      0.063    -0.0792
  1.26e+005          0          0          0          0          0          0
          0          0          0          0          0          0          0          0
  1.58e+005          0          0          0          0          0          0
          0          0          0          0          0          0          0          0
     2e+005          0          0          0          0          0          0
          0          0          0          0          0          0          0          0
  2.51e+005          0          0          0          0          0          0
          0          0          0          0          0          0          0          0
  3.16e+005          0          0          0          0          0          0
          0          0          0          0          0          0          0          0
  3.98e+005          0          0          0          0          0          0
          0          0          0          0          0          0          0          0
  5.01e+005          0          0          0          0          0          0
          0          0          0          0          0          0          0          0
  6.31e+005          0          0          0          0          0          0
          0          0          0          0          0          0          0          0
  7.94e+005          0          0          0          0          0          0
          0          0          0          0          0          0          0          0
     1e+006          0          0          0          0          0          0
          0          0          0          0          0          0          0          0
  1.26e+006          0          0          0          0          0          0
          0          0          0          0          0          0          0          0
  1.58e+006          0          0          0          0          0          0
          0          0          0          0          0          0          0          0
     2e+006          0          0          0          0          0          0
          0          0          0          0          0          0          0          0
  2.51e+006          0          0          0          0          0          0
          0          0          0          0          0          0          0          0
  3.16e+006          0          0          0          0          0          0
          0          0          0          0          0          0          0          0
  3.98e+006          0          0          0          0          0          0
          0          0          0          0          0          0          0          0
  5.01e+006          0          0          0          0          0          0
          0          0          0          0          0          0          0          0
  6.31e+006          0          0          0          0          0          0
          0          0          0          0          0          0          0          0
