       12.6          0          0          0          0          0          0
          0          0          0          0          0          0          0          0
       15.8      0.764  1.54e+004       12.9      0.546  7.62e+003       36.4
      -42.3       2.82      -87.7        -44       45.5       3.32       74.5       45.8
         20      0.919  1.26e+004       23.2      0.695  1.64e+004       29.2
      -30.8       1.69      -81.8      -44.6       37.4        8.5       68.6       35.1
       25.1      0.892  1.04e+004       24.7      0.534  1.93e+004       13.4
      -29.7        7.1      -74.3      -38.7       28.7       5.65       72.4       31.4
       31.6      0.879  8.23e+003       17.5      0.523     2e+004       3.05
      -25.7       1.75      -68.7      -21.9       21.8      0.304         72       30.5
       39.8      0.916  5.99e+003       14.8      0.552  6.64e+004       17.3
      -16.6      -20.5      -66.3      -13.9       15.7       23.5       74.1       24.8
       50.1      0.826  2.89e+003       11.6      0.599  5.54e+004          2
       81.8       -236      -89.5       27.7       -135        267        108      -21.4
       63.1      0.923  5.25e+003         13      0.709  7.07e+004       13.7
      -15.7      -36.3      -63.5      -6.77       1.41       47.8       70.8       13.7
       79.4       0.91  5.23e+003       14.6      0.646  2.95e+004         12
      -14.9      -21.6      -61.1      -10.2       7.41       21.8       62.4       14.8
        100      0.879  5.89e+003       13.6      0.641   1.8e+004         15
      -16.8      -4.88      -60.8        -14         21       12.7       58.8       14.5
        126      0.927  7.31e+003       20.8      0.741  2.43e+004       25.3
      -11.2      -13.9      -70.3      -23.9       6.83       9.08       57.5         20
        158      0.928  6.87e+003       23.6       0.59  1.24e+004       38.2
      -1.48      -2.62        -70      -30.2       11.8       13.6       50.4       19.3
        200      0.986  3.14e+003       40.4      0.975  1.37e+004       34.7
      -2.48      -44.1      -42.6      -20.9       11.1       39.8       28.6       11.6
        251      0.995  5.82e+003       13.8      0.989  3.55e+004       40.1
      -16.9       3.52        -70      -21.2         14       4.08       47.4       12.8
        316      0.988  7.69e+003       18.4       0.97  4.04e+004       7.33
      -54.5      -14.6      -67.3      -19.9       46.8       18.3       45.1       11.3
        398      0.925  4.39e+003       28.7      0.793  1.97e+004       13.1
       1.41      -9.59        -55        -27       8.36       18.9       37.9       15.4
        501          1  6.63e+003       15.1      0.999  3.19e+004       8.68
      -15.9       31.8      -72.5      -30.8       41.4      -22.5       41.2         20
        631      0.995  4.86e+003       26.4      0.986  1.49e+004       11.8
       1.17      -54.6      -69.8      -9.08       20.2       51.7         44       2.08
        794      0.995  7.42e+003       18.9      0.918  4.41e+004       29.6
       6.32       18.8      -78.5      -32.1       4.25      -3.57       53.2       20.2
     1e+003      0.966  4.74e+003       27.5       0.86  1.05e+004       53.1
       21.3       11.1      -69.5      -29.7    -0.0878       3.38       46.1         16
  1.26e+003      0.963  9.04e+003       13.2      0.922  1.33e+004       37.2
      -12.8      -21.8      -76.9      -12.5       14.2       23.2       55.8       4.57
  1.58e+003      0.983   6.6e+003       16.2      0.828  5.13e+004       25.5
      -3.77       27.6      -71.8      -25.9       7.78      -17.6       50.8         23
     2e+003      0.983  7.81e+003       18.8      0.883  4.91e+004       42.8
      -50.3       36.5        -69      -19.1       54.4      -12.7       53.3       15.5
  2.51e+003      0.986  6.91e+003       17.2      0.795  6.24e+004       20.4
       24.4       5.47      -81.4      -28.6        -14      -1.78       61.3         28
  3.16e+003       0.97  4.76e+003       16.2      0.755  1.31e+004       9.81
       22.3       7.07        -70      -26.1      -8.81       3.79         54       24.2
  3.98e+003      0.986  4.75e+003       17.8      0.808  2.29e+004       3.99
       20.5       8.22        -69      -25.9      -13.5      -13.1       49.5         29
  5.01e+003      0.982  3.86e+003       15.9      0.855  1.18e+004       15.8
      -1.78       6.12      -57.6      -19.1       14.3     -0.642       41.8         20
  6.31e+003      0.967  3.34e+003       7.42      0.894  6.89e+003       28.5
        -11      -6.26      -49.1      -5.82       23.6         12       34.6        7.4
  7.94e+003      0.979  5.29e+003          2      0.994  4.22e+003       26.1
      -38.2      -7.89      -30.2      -6.81       45.7       18.6       17.7       5.68
     1e+004      0.956  2.68e+003       2.23      0.913  2.99e+003       22.4
      -16.4      -1.88      -37.2       -3.3       25.1        9.7       28.8       5.53
  1.26e+004      0.882  1.97e+003       3.63      0.844  1.63e+003       21.2
      -12.7      -2.33      -29.7       -1.5       20.1       10.8       24.4       1.18
  1.58e+004       0.95  1.38e+003       7.05      0.874  1.68e+003       62.7
      -7.09      -7.08      -29.7     -0.565       15.7       12.6       23.9     0.0294
     2e+004      0.922  7.73e+003       55.8      0.999  1.29e+003       23.9
      -16.6      -2.35      -16.8      -6.11       32.9       12.6       10.3       3.01
  2.51e+004      0.997        888       14.5      0.979  5.49e+003       16.3
      -6.99      -6.15      -26.4      -5.04       15.6       11.1       20.7       4.99
  3.16e+004      0.717        515       49.9       0.68   1.1e+003       33.9
      -12.3      -2.77         -4      -10.3         22       7.72      -3.86       4.74
  3.98e+004      0.974        892         22      0.877  2.93e+003       25.7
      -6.09      -6.81      -24.9      -7.75       9.52       8.41       18.1       9.63
  5.01e+004      0.966        504       28.2      0.914  1.34e+003       21.1
      -9.02      -2.06      -15.1      -8.08       10.9       6.01         11       6.89
  6.31e+004      0.961        600       12.9      0.845  1.42e+003       19.1
      -5.51     -0.911      -20.3      -4.51       12.3       3.63       15.2       7.63
  7.94e+004      0.655        345        2.1      0.393        461       37.1
      -4.06      -2.26      -11.2      0.379       4.55       3.17       10.5       1.56
     1e+005      0.599        159       39.2      0.793        243       41.9
      -3.38      -4.09      -3.61      -2.46       7.61       7.01       4.65       3.06
  1.26e+005          0          0          0          0          0          0
          0          0          0          0          0          0          0          0
  1.58e+005          0          0          0          0          0          0
          0          0          0          0          0          0          0          0
     2e+005          0          0          0          0          0          0
          0          0          0          0          0          0          0          0
  2.51e+005          0          0          0          0          0          0
          0          0          0          0          0          0          0          0
  3.16e+005          0          0          0          0          0          0
          0          0          0          0          0          0          0          0
  3.98e+005          0          0          0          0          0          0
          0          0          0          0          0          0          0          0
  5.01e+005          0          0          0          0          0          0
          0          0          0          0          0          0          0          0
  6.31e+005          0          0          0          0          0          0
          0          0          0          0          0          0          0          0
  7.94e+005          0          0          0          0          0          0
          0          0          0          0          0          0          0          0
     1e+006          0          0          0          0          0          0
          0          0          0          0          0          0          0          0
  1.26e+006          0          0          0          0          0          0
          0          0          0          0          0          0          0          0
  1.58e+006          0          0          0          0          0          0
          0          0          0          0          0          0          0          0
     2e+006          0          0          0          0          0          0
          0          0          0          0          0          0          0          0
  2.51e+006          0          0          0          0          0          0
          0          0          0          0          0          0          0          0
  3.16e+006          0          0          0          0          0          0
          0          0          0          0          0          0          0          0
  3.98e+006          0          0          0          0          0          0
          0          0          0          0          0          0          0          0
  5.01e+006          0          0          0          0          0          0
          0          0          0          0          0          0          0          0
  6.31e+006          0          0          0          0          0          0
          0          0          0          0          0          0          0          0
