       12.6          0          0          0          0          0          0
          0          0          0          0          0          0          0          0
       15.8      0.295        991       48.7      0.758       71.8       44.5
      -5.32      -1.24       5.25       6.55      -4.82      -4.57       -1.5     -0.805
         20      0.287        293          2      0.557       39.6         52
      -7.98      -5.65     -0.183      -1.84      -3.07      -2.88      -1.86      0.299
       25.1      0.352        266       40.5      0.602       24.6       49.5
      -3.77      -1.56       2.61       4.13      -2.41      -2.12      -1.06       1.41
       31.6          0          0          0          0          0          0
          0          0          0          0          0          0          0          0
       39.8          0          0          0          0          0          0
          0          0          0          0          0          0          0          0
       50.1      0.878       18.5       73.4      0.834       18.2       19.2
       1.94      -5.03      -1.78       2.51      -1.27      -3.95       -1.7       2.84
       63.1      0.495       34.8       71.4       0.41       14.9         55
      -1.94      -2.76     -0.434        3.8     -0.881      -2.12     -0.837          2
       79.4      0.222        135       24.3       0.56       11.7       47.2
      -3.21      -1.54       2.36       3.37      -1.55      -1.47      0.182      0.941
        100          0          0          0          0          0          0
          0          0          0          0          0          0          0          0
        126     0.0747        659       6.15      0.825       31.9       53.1
      -6.02      -6.62       2.43       0.69      -2.81      -3.74    -0.0179      0.375
        158      0.115        650       65.4      0.845       35.4       59.9
      -7.77      -8.34       1.93       1.67      -2.47      -4.33     -0.347      0.386
        200      0.805        164       11.6       0.59        125       58.1
      -4.66      -10.3       9.79       2.45      -3.62      -4.93       4.43      -1.14
        251      0.984        602       7.28      0.996       19.7       62.8
      -2.64      -10.3     0.0512       1.25      -2.03      -4.52       1.36      0.233
        316      0.709        697       15.6      0.873       29.1       44.1
       -5.5      -6.55       10.7          3      -4.28      -3.95      -2.19    -0.0983
        398       0.86        141       26.1      0.751       17.1       73.1
         -3      -7.71       4.36       3.18      -2.03      -4.37      -1.84     0.0693
        501      0.995        356       8.61      0.995       27.1       27.8
        2.7      -2.87       18.9     -0.175      -3.85      -3.81     -0.176       -1.2
        631      0.912        319       34.2      0.931       5.64       4.43
      -9.02        4.7       13.6       7.93      -2.15      0.662       1.45      0.622
        794      0.938  1.29e+003       26.9      0.801       10.4       17.2
       3.07      -6.99       27.4       3.42       1.35     -0.881      -3.76      -1.28
     1e+003      0.983  1.38e+003       15.4      0.581      0.626         56
      -5.46      -5.73       23.3       3.04      0.402     -0.935       -3.1      -1.35
  1.26e+003      0.972        521       71.7      0.176       7.32       76.9
      -1.83      -5.92       5.44        -15      0.381      -3.81      -3.16       4.35
  1.58e+003      0.902        799       49.4      0.247       47.1       65.5
      -5.88      -4.78         15      -12.5       2.03      -3.58      -7.96        1.6
     2e+003      0.944  1.28e+003       15.6      0.662        334       69.3
      -6.98      -3.87       30.5      -3.24      0.834      -8.91      -19.5      -1.56
  2.51e+003      0.967        651         12      0.728        277       49.2
      -5.41      -2.72       23.6      -2.36     -0.931      -3.62      -9.14      -2.02
  3.16e+003      0.924        746       9.39      0.589        278       21.6
      -6.58      -9.47       24.4      0.589      -2.22       1.12      -8.49      -3.26
  3.98e+003      0.977        817       8.01      0.716        905       42.8
      -12.5       -8.9       26.6       2.84      -3.99      -6.55      -16.9     -0.712
  5.01e+003      0.941        587       6.09      0.394        429       6.11
      -11.7       -7.7       23.6    -0.0982      -4.54      -1.95      -6.79      0.338
  6.31e+003      0.963        281       4.32      0.785        395       21.6
      -7.71      -6.15       19.3     0.0238      -10.9     -0.357       -3.5      -2.82
  7.94e+003          1        168       2.76      0.999        198       40.5
      -4.27      -6.29       15.9      0.987      -9.59      -3.22      -1.66      -2.11
     1e+004       0.95        151          2      0.808        250       25.3
      -6.15      -2.93         14      0.272      -11.1      -2.52      -1.44      -2.12
  1.26e+004      0.836        230        5.9      0.844        205       11.3
      -7.51      -1.61         12      0.779      -12.3      -2.43      -3.36      -2.34
  1.58e+004      0.997        183       11.3      0.929       45.7       40.1
      -7.27     -0.667       10.3    -0.0987      -14.2      -2.89      -4.72      -2.82
     2e+004      0.778       97.9       28.5       0.88        259       21.2
      -5.85      0.642       8.76       2.31      -13.4      -3.37      -1.77      -4.19
  2.51e+004      0.996       54.2       13.4       0.76        228       81.3
      -4.58     -0.365       6.31       1.51      -10.1      0.455      -2.54      -3.08
  3.16e+004      0.988       39.4         43      0.693        611       38.3
      -4.37    -0.0544       4.98       3.95      -9.84    -0.0491      -3.59      -2.83
  3.98e+004      0.996        161       40.8      0.982       73.8       64.1
      -4.47      0.761        7.4       5.37      -5.87      -2.24      -4.82      0.441
  5.01e+004      0.999       89.7       34.3      0.997       37.4       80.1
      -3.61     -0.404       6.52       3.96      -3.22       -2.6      -2.02       0.64
  6.31e+004      0.998       79.7       43.1       0.99       37.6       71.4
      -2.29     -0.824       5.73       4.64      -3.71      -3.65      -1.89      0.277
  7.94e+004      0.986       67.5       49.3      0.935       28.7       83.5
      -3.12      -1.66       4.47       4.65      -2.04      -2.73      -1.36      0.601
     1e+005      0.937       70.4       41.7      0.548       24.9       46.7
      -2.91      -2.18       4.85       4.47      -3.63      -2.96      -1.38     -0.743
  1.26e+005          0          0          0          0          0          0
          0          0          0          0          0          0          0          0
  1.58e+005          0          0          0          0          0          0
          0          0          0          0          0          0          0          0
     2e+005          0          0          0          0          0          0
          0          0          0          0          0          0          0          0
  2.51e+005          0          0          0          0          0          0
          0          0          0          0          0          0          0          0
  3.16e+005          0          0          0          0          0          0
          0          0          0          0          0          0          0          0
  3.98e+005          0          0          0          0          0          0
          0          0          0          0          0          0          0          0
  5.01e+005          0          0          0          0          0          0
          0          0          0          0          0          0          0          0
  6.31e+005          0          0          0          0          0          0
          0          0          0          0          0          0          0          0
  7.94e+005          0          0          0          0          0          0
          0          0          0          0          0          0          0          0
     1e+006          0          0          0          0          0          0
          0          0          0          0          0          0          0          0
  1.26e+006          0          0          0          0          0          0
          0          0          0          0          0          0          0          0
  1.58e+006          0          0          0          0          0          0
          0          0          0          0          0          0          0          0
     2e+006          0          0          0          0          0          0
          0          0          0          0          0          0          0          0
  2.51e+006          0          0          0          0          0          0
          0          0          0          0          0          0          0          0
  3.16e+006          0          0          0          0          0          0
          0          0          0          0          0          0          0          0
  3.98e+006          0          0          0          0          0          0
          0          0          0          0          0          0          0          0
  5.01e+006          0          0          0          0          0          0
          0          0          0          0          0          0          0          0
  6.31e+006          0          0          0          0          0          0
          0          0          0          0          0          0          0          0
