       12.6          0          0          0          0          0          0
          0          0          0          0          0          0          0          0
       15.8          0          0          0          0          0          0
          0          0          0          0          0          0          0          0
         20          0          0          0          0          0          0
          0          0          0          0          0          0          0          0
       25.1      0.514       67.3       17.9       0.42        0.7       25.7
      -1.79      -1.65       4.48     -0.562     -0.403      0.307      0.146     -0.153
       31.6      0.696       50.4       11.5      0.318       1.57         38
     -0.764         -2       5.12        1.5     -0.408  -0.000441     0.0565     -0.246
       39.8      0.754         19       16.2      0.612        3.5         58
       2.62       2.38       3.02      0.507     -0.125      -1.05     -0.145    -0.0553
       50.1      0.871       12.1         16      0.756       9.44       60.3
      -8.49      -1.02       3.71       1.12     -0.198      0.536    -0.0522     -0.383
       63.1      0.648         21       10.4      0.239        1.1       72.5
      -1.89     -0.854       3.14      0.649    -0.0129   0.000297      -0.06     -0.279
       79.4      0.559       37.4       6.26      0.264       2.12         41
      -3.55      -1.32       3.94       0.66     -0.295    -0.0527     0.0258     -0.168
        100      0.508       42.6       11.3     0.0448      0.846       68.2
      -4.18      -8.98        3.9       1.31      0.146      0.235    -0.0717      -0.14
        126      0.587       42.8       13.6       0.27       2.21       12.8
       1.55      -5.36       3.39     -0.178     -0.451     0.0454     0.0571     -0.088
        158      0.626         66       10.7      0.273       3.83       52.4
      -3.49      -8.58        5.3      0.369     -0.427    -0.0882      0.116     -0.241
        200      0.966       63.8       23.4      0.677       3.26       28.4
      -1.27      -1.12       7.22       -2.9      -1.17     -0.567     0.0156  -0.000251
        251      0.965       28.3       61.5       0.94       98.1       53.4
      -27.9       9.48       4.39      -5.03      -1.05      -1.51      0.537     -0.422
        316      0.625        132       29.7      0.869         23       51.8
        -61       12.5       12.1       2.95      -2.24         -2    -0.0424     -0.254
        398      0.675         17         39      0.901       21.2       66.5
      -26.3      0.421       5.64       2.01      -1.09      -1.14    -0.0491     -0.412
        501      0.985        556       7.78      0.972       15.8       33.3
      -67.5       12.2       15.7       1.63      -2.54      -2.42     0.0784    -0.0817
        631      0.963       79.4       56.8      0.981       59.2       80.4
      -52.2         24       11.5       2.48      -2.34       -2.8     0.0362     -0.714
        794      0.923        176         80      0.683         21       14.7
      -24.4      -29.9       4.93       7.13     -0.453      -0.77     0.0475     -0.896
     1e+003      0.897         48       48.7      0.929       61.4       61.2
      -20.4      -4.49       7.62       4.73      -1.56       -2.4     -0.539     -0.701
  1.26e+003      0.766        277       42.2      0.669        113       62.5
      -26.8      -5.46       13.2       7.13      -2.14      -2.94      -1.45      -1.16
  1.58e+003      0.973        261         34      0.592       87.9       33.8
      -30.8      -3.84       10.2       7.62     -0.202      -2.14     -0.643      -1.24
     2e+003      0.972        234         22      0.771       79.5       86.4
      -35.5      -17.5       9.57       5.72      -0.52    -0.0192     -0.583      -1.05
  2.51e+003      0.928        211       23.2      0.314       33.8       61.3
      -34.6      -5.28       9.71       6.38      -0.74      -1.76     -0.444     -0.829
  3.16e+003      0.939        171       20.9      0.539         35       28.1
      -10.6      -10.2         11       5.27      -1.41      -2.12     -0.676     -0.846
  3.98e+003      0.993        210       25.1      0.765        131       78.5
      -9.61      -5.77       11.7       6.23      -4.47      -1.87      -1.44      -1.16
  5.01e+003      0.985        227         23        0.3       39.7       39.7
      -2.84     0.0608       13.3       6.05      -2.11       -2.4      -1.34      -1.38
  6.31e+003      0.959        152       20.8      0.818       21.4       39.3
     -0.156     -0.139         11       4.19      -2.89      -2.75      -1.29      -1.01
  7.94e+003      0.935        121          2      0.917       22.1       30.7
    -0.0937     -0.891       10.1      0.286      -3.06      -2.58      -1.96    0.00697
     1e+004       0.93       84.6       21.7      0.953       18.2       44.1
       0.33      0.772       7.98       3.18      -2.94      -2.85      -1.31     -0.308
  1.26e+004      0.942       79.8         20      0.968       16.6       46.3
      0.393      0.698       8.01       2.99      -2.78      -2.89     -0.647     -0.238
  1.58e+004      0.933       64.1       22.7      0.966       17.9       47.2
      0.469      0.893       6.85       3.15      -2.89      -2.96     -0.742     -0.252
     2e+004       0.88       25.7       23.3      0.982         18       45.6
       1.01      0.748       4.76       2.74      -3.08      -2.93     -0.455    -0.0344
  2.51e+004      0.985       44.8       30.9      0.846         23       8.57
      0.775    0.00308       5.48       3.22       -2.1      -1.71      -1.19      -0.24
  3.16e+004      0.927       60.1       29.5      0.787       6.53       23.1
      0.773      -1.03       5.68       3.32      -1.49      -1.05     -0.492      -0.38
  3.98e+004      0.921       49.7       21.5       0.71       8.71       24.2
        1.2     -0.586       5.49       2.17     -0.941     -0.863      -0.86     -0.909
  5.01e+004       0.97         47         24      0.538       9.88        2.4
     -0.438     -0.405       6.01       2.78     -0.412     -0.315     -0.187     -0.847
  6.31e+004      0.939       41.7       26.2      0.652       10.2       4.57
      0.939      -1.21       4.74       2.46     -0.213      0.455      -0.35      -1.62
  7.94e+004      0.704       17.7         33      0.302       1.79       16.7
      0.597     -0.463       2.34       1.53     -0.252    -0.0846    -0.0839     -0.455
     1e+005      0.373       5.13       41.5      0.708       6.37       39.7
     0.0155      0.174      0.632      0.531      -1.36      -1.14     -0.128     -0.018
  1.26e+005          0          0          0          0          0          0
          0          0          0          0          0          0          0          0
  1.58e+005          0          0          0          0          0          0
          0          0          0          0          0          0          0          0
     2e+005          0          0          0          0          0          0
          0          0          0          0          0          0          0          0
  2.51e+005          0          0          0          0          0          0
          0          0          0          0          0          0          0          0
  3.16e+005          0          0          0          0          0          0
          0          0          0          0          0          0          0          0
  3.98e+005          0          0          0          0          0          0
          0          0          0          0          0          0          0          0
  5.01e+005          0          0          0          0          0          0
          0          0          0          0          0          0          0          0
  6.31e+005          0          0          0          0          0          0
          0          0          0          0          0          0          0          0
  7.94e+005          0          0          0          0          0          0
          0          0          0          0          0          0          0          0
     1e+006          0          0          0          0          0          0
          0          0          0          0          0          0          0          0
  1.26e+006          0          0          0          0          0          0
          0          0          0          0          0          0          0          0
  1.58e+006          0          0          0          0          0          0
          0          0          0          0          0          0          0          0
     2e+006          0          0          0          0          0          0
          0          0          0          0          0          0          0          0
  2.51e+006          0          0          0          0          0          0
          0          0          0          0          0          0          0          0
  3.16e+006          0          0          0          0          0          0
          0          0          0          0          0          0          0          0
  3.98e+006          0          0          0          0          0          0
          0          0          0          0          0          0          0          0
  5.01e+006          0          0          0          0          0          0
          0          0          0          0          0          0          0          0
  6.31e+006          0          0          0          0          0          0
          0          0          0          0          0          0          0          0
