       12.6          0          0          0          0          0          0
          0          0          0          0          0          0          0          0
       15.8          0          0          0          0          0          0
          0          0          0          0          0          0          0          0
         20          0          0          0          0          0          0
          0          0          0          0          0          0          0          0
       25.1      0.252          1       72.7      0.513       2.68       51.2
       1.31       1.17      0.126   -0.00847     -0.796     -0.516      -0.12     0.0433
       31.6          0          0          0          0          0          0
          0          0          0          0          0          0          0          0
       39.8       0.78      0.455       76.7      0.571      0.606       66.5
      0.289      0.197    -0.0724      -0.46     -0.138     -0.123    -0.0189      0.239
       50.1      0.896      0.345       73.2      0.796      0.827       65.1
      0.365      0.776     -0.136     -0.351     -0.163     -0.344     0.0204       0.21
       63.1      0.572      0.418       76.9      0.723      0.936       71.9
      0.416       1.11    -0.0739     -0.189     -0.153     -0.497    0.00934      0.122
       79.4      0.435      0.657       86.7      0.633       3.64         62
       2.01       1.46        0.2     -0.108     -0.955     -0.919     -0.143      0.023
        100      0.413       0.37       66.2      0.601       2.54       69.8
      0.763       1.69    -0.0778    -0.0479     -0.276     -0.778    0.00571     0.0423
        126     0.0819      0.398       75.4      0.636       8.43       46.3
       3.09       2.59      0.157      0.105      -1.62      -1.66    -0.0896     -0.092
        158      0.211      0.275       73.4      0.697       6.29       54.2
       2.26       2.48     0.0298     0.0752      -1.33      -1.56    -0.0608    -0.0686
        200      0.956     0.0983       72.8      0.934       4.45       72.6
      0.893       2.01     0.0794     -0.177     -0.558       -1.2    -0.0176     0.0355
        251      0.818    0.00432       75.1      0.897      0.126       62.7
     -0.227      0.852    -0.0332       0.11      0.136     -0.575     0.0102    -0.0253
        316      0.528       1.99       81.2      0.769       1.97       74.2
      0.937       1.58      0.311     -0.473     -0.426     -0.896    -0.0904      0.122
        398     0.0878      0.308       3.69      0.921       1.54       75.5
      0.496       2.44    -0.0858   -0.00365      -0.29      -1.11     0.0248   -0.00543
        501      0.466       8.54       10.9      0.937       4.01       3.12
      -8.02      -2.15       0.31      -0.51       2.06     -0.258    -0.0694      0.139
        631      0.482       16.8       58.4      0.986       6.82       83.7
      0.374       7.06     0.0835     0.0197     -0.284      -2.54    -0.0143    -0.0203
        794     0.0851       1.28       61.8      0.963       4.92       80.4
      -1.05       5.37    -0.0589    -0.0241      0.364       -2.1     0.0216    0.00956
     1e+003      0.522       2.04       54.4      0.965       3.85         88
     -0.518       4.64     -0.035      0.192     0.0255      -2.04     0.0182    -0.0756
  1.26e+003      0.212       6.63       22.9      0.914         37       83.4
       1.03       15.5    0.00679   -0.00285     -0.628      -5.53    -0.0091   -0.00805
  1.58e+003      0.283         22       58.5      0.932       34.5       63.7
       7.87         12      0.407     -0.318      -2.63      -4.84     -0.172      0.132
     2e+003      0.387        109       32.5      0.973       48.5       29.8
       16.7       6.57      0.089      0.379      -5.96      -3.45    -0.0715      -0.14
  2.51e+003      0.536         24       2.96      0.629         54       27.3
       6.87      -7.85      -1.74     -0.262      -3.12       1.89      0.643      0.136
  3.16e+003      0.378       9.45       7.23      0.648         36       21.5
       8.24        2.2     -0.407     0.0447      -3.27      -1.27      0.164    0.00351
  3.98e+003      0.253        163       63.4      0.913       85.9       63.2
       11.7       19.1       1.97      0.854      -4.38      -7.87     -0.823     -0.271
  5.01e+003      0.316       40.3       74.6      0.921       50.9       60.4
       10.3       11.9      0.591     -0.347      -3.38      -5.49     -0.154      0.229
  6.31e+003      0.393       51.8       35.2      0.954       40.7         54
       10.2       9.13      0.471      0.329      -3.65      -4.94    -0.0695    -0.0159
  7.94e+003      0.439       67.9       70.6      0.819       52.4       57.3
       7.31       8.73      0.395      -1.73      -3.41      -4.45     -0.194      0.634
     1e+004      0.542       56.8       55.1       0.93       54.1         82
        4.7       14.4     -0.806     -0.394       -0.8      -6.53      0.166      0.179
  1.26e+004      0.574        103       51.4      0.811        154       65.4
       9.32       15.2       -2.3      -2.62      -3.77      -7.89      0.459       1.11
  1.58e+004      0.637       94.3       46.4      0.802        206       60.1
       10.8       15.5      -2.67      -2.45      -4.53      -8.24      0.843       1.06
     2e+004       0.42        123       40.8      0.972       21.2       57.5
       1.77        3.3      -1.37      -2.24      -2.45      -3.68      0.282      0.783
  2.51e+004      0.675        414       32.4      0.955       70.7         40
       12.4       7.07      -2.45      -1.67      -5.67      -4.81      0.883      0.703
  3.16e+004      0.604        274       51.8      0.772       75.8         53
       5.25       5.02      -4.31      -6.25      -3.61      -4.45       1.46       2.68
  3.98e+004       0.67        217       41.5      0.796       87.6       50.4
        8.3       6.34      -4.16      -3.52      -3.62      -4.51       1.66       2.16
  5.01e+004      0.708        197       49.7      0.952        232       57.8
       15.8         18      -1.37      -1.37      -6.91      -11.2      0.603      0.843
  6.31e+004      0.837        322       52.2      0.939        303       61.2
       14.2         17      -2.39      -3.93       -6.6      -11.1       1.01       2.43
  7.94e+004      0.627        389       44.8      0.888        329       51.9
       17.1       16.3      -3.07         -3      -8.71      -11.4       1.35       1.45
     1e+005      0.467       5.95       53.3       0.69       11.1       34.4
      0.479       1.12     -0.638      -0.82      -1.85      -1.26      0.338      0.241
  1.26e+005          0          0          0          0          0          0
          0          0          0          0          0          0          0          0
  1.58e+005          0          0          0          0          0          0
          0          0          0          0          0          0          0          0
     2e+005          0          0          0          0          0          0
          0          0          0          0          0          0          0          0
  2.51e+005          0          0          0          0          0          0
          0          0          0          0          0          0          0          0
  3.16e+005          0          0          0          0          0          0
          0          0          0          0          0          0          0          0
  3.98e+005          0          0          0          0          0          0
          0          0          0          0          0          0          0          0
  5.01e+005          0          0          0          0          0          0
          0          0          0          0          0          0          0          0
  6.31e+005          0          0          0          0          0          0
          0          0          0          0          0          0          0          0
  7.94e+005          0          0          0          0          0          0
          0          0          0          0          0          0          0          0
     1e+006          0          0          0          0          0          0
          0          0          0          0          0          0          0          0
  1.26e+006          0          0          0          0          0          0
          0          0          0          0          0          0          0          0
  1.58e+006          0          0          0          0          0          0
          0          0          0          0          0          0          0          0
     2e+006          0          0          0          0          0          0
          0          0          0          0          0          0          0          0
  2.51e+006          0          0          0          0          0          0
          0          0          0          0          0          0          0          0
  3.16e+006          0          0          0          0          0          0
          0          0          0          0          0          0          0          0
  3.98e+006          0          0          0          0          0          0
          0          0          0          0          0          0          0          0
  5.01e+006          0          0          0          0          0          0
          0          0          0          0          0          0          0          0
  6.31e+006          0          0          0          0          0          0
          0          0          0          0          0          0          0          0
