       12.6          0          0          0          0          0          0
          0          0          0          0          0          0          0          0
       15.8      0.166        564       45.3      0.765       68.9       29.7
      -12.5       -6.2      0.959       2.93       6.17       3.74      -2.79     -0.927
         20      0.465        303       4.61      0.847       37.4       34.1
      -9.49      -9.26      -1.67       3.28       5.27       3.67      -2.13     -0.622
       25.1      0.186        282       60.7      0.677       56.6       42.9
      -10.7      -11.1       1.66     -0.272       5.15       3.94      -2.74     -0.476
       31.6      0.144        143       77.5      0.642       57.3       40.8
      -11.8      -2.76       4.06      0.283       6.85       3.06      -3.15     -0.724
       39.8      0.532       35.1       33.7      0.194       39.9       81.2
       -8.4      -2.26       4.48      -1.89       3.87       1.51      -1.83      0.472
       50.1      0.878       8.64       45.9      0.796       47.3       29.3
       2.04     -0.589       1.47      -1.67      0.319       1.83      -1.23        0.5
       63.1      0.354       27.5       85.3       0.52       12.1       77.4
      -8.31      -1.07        3.4      -1.89       3.95        1.6      -1.82      0.338
       79.4      0.279       46.8       83.5      0.544       21.1       55.6
      -9.17      -2.38       2.95      -1.18       4.12       2.17      -1.78    -0.0193
        100      0.288       96.9       75.8       0.54       40.7       50.3
      -12.5      -7.09        3.4      -1.65       5.94       3.25      -2.07      0.198
        126      0.428        155       71.6      0.755       33.7         49
      -7.71      -7.08        1.1      -1.73       4.26       3.12      -1.46    0.00582
        158      0.611        219       67.4      0.869       36.2       52.2
      -5.11       -8.9     -0.959      -3.75       4.42       3.98      -1.51      0.167
        200      0.802        351       24.9      0.807        118       52.9
       7.98      -19.4      -12.9       2.84      0.182       9.01       2.81      -3.21
        251      0.996        120       81.5      0.999       23.9       76.3
      -4.59      -7.95       3.88      -3.32       2.03       4.69      -0.73     -0.129
        316      0.608        353       41.8       0.74       32.9       23.5
      -10.2      -6.13       -2.8      -3.85       5.76       1.65      -2.21    -0.0397
        398      0.824         92       67.3      0.922       18.3       47.5
      -9.95      -11.9     -0.725      -1.87       3.79       2.88     -0.622     -0.166
        501      0.993        429       9.11      0.988       17.8       17.8
      -4.82      -2.92      -15.3       1.31       6.32       5.08       -4.3     -0.459
        631      0.823       58.3       20.6      0.975       10.4       27.9
      -12.3      -15.4       5.87        4.1       4.01       2.87      -1.17     -0.132
        794      0.906        175       61.5      0.772       35.8       64.2
       25.8      -15.5      -17.9      -9.61       10.2       2.89       -4.9      -1.85
     1e+003      0.992        249         55      0.814       5.19       58.7
       21.7       6.84      -17.7      -13.3       6.41       4.56      -2.33     -0.607
  1.26e+003        0.7        413       44.3      0.948       40.6       80.6
       71.8        1.4      -44.4      -11.4       1.55       9.68     -0.263      -2.07
  1.58e+003      0.821        334       24.1      0.773       79.7       75.9
       27.7      -2.78      -22.4      -8.24       6.66       7.55      -2.47      -1.38
     2e+003      0.926        484       22.3      0.877        170       55.1
       14.2       3.94      -18.8      -8.82       7.32       8.85      -2.07      -1.86
  2.51e+003      0.942        633       11.5      0.861        314       47.9
       15.9       3.41      -20.5      -4.04       7.73       9.29      -2.31         -2
  3.16e+003      0.928        607       15.5      0.791        391       30.6
       18.2         -3      -17.7         -5       7.25       8.95      -4.89      -1.26
  3.98e+003       0.97        502       19.3      0.908        393         43
    -0.0663      -10.1      -21.1      -9.63       9.42        8.6      -3.19      -1.88
  5.01e+003      0.961        389       8.06      0.829        408       33.1
     -0.215      -9.41      -19.3      -4.06       10.3       6.59      -3.97      -1.09
  6.31e+003      0.976        287       3.17      0.923        406       29.3
      -3.24       -5.2      -17.9     -0.503       9.02       6.72      -4.53     -0.425
  7.94e+003          1        201       6.82          1        415       33.4
      -4.01      -3.41      -16.1       0.99       8.24       5.71      -4.13     -0.767
     1e+004      0.968        150       2.11      0.932        211       39.7
      -4.21      -1.74      -13.4      0.504       7.29       6.04      -3.14     -0.834
  1.26e+004       0.93        157       15.1      0.905       97.3         44
      -5.04      -1.68      -11.1      -2.41       6.98       5.99      -1.73      -1.09
  1.58e+004      0.999        141       14.3      0.966       61.8       79.7
      -5.39     -0.777      -10.5      -1.67       7.49       6.11      -2.25      -1.57
     2e+004      0.896         85       75.7      0.996       92.2       47.5
      -5.84       1.81       -8.4      -2.69       6.05       5.66      -1.54      -1.85
  2.51e+004      0.999       44.6       14.9      0.945        785       24.5
      -4.16      0.372       -6.7      -2.23       6.68       4.14      -3.24      -1.69
  3.16e+004      0.997       40.4       46.7      0.988        307       22.1
      -3.12       1.38      -5.29      -4.26       6.38       3.14      -2.96      -1.24
  3.98e+004      0.998        119       49.4      0.995       78.5       52.2
      -3.75       2.48      -5.74      -5.77       5.38       3.08      -2.48     -0.205
  5.01e+004          1       80.7       42.9      0.997       61.1       86.2
      -2.48     0.0918      -6.31      -5.34       2.42       3.24      -1.62     -0.146
  6.31e+004      0.999       74.4       47.5       0.99         44         88
      -2.35     -0.263      -5.45      -5.38       1.54       4.18      -1.22    -0.0538
  7.94e+004       0.99       62.2       54.8      0.894       35.3       63.4
      -4.39      -1.75      -4.23      -5.12       1.13       3.44     -0.941     -0.675
     1e+005      0.931       52.2       44.4      0.259       42.1       61.4
      -6.07       -6.2      -4.21      -3.95        2.6       2.91      -1.06      -1.04
  1.26e+005          0          0          0          0          0          0
          0          0          0          0          0          0          0          0
  1.58e+005          0          0          0          0          0          0
          0          0          0          0          0          0          0          0
     2e+005          0          0          0          0          0          0
          0          0          0          0          0          0          0          0
  2.51e+005          0          0          0          0          0          0
          0          0          0          0          0          0          0          0
  3.16e+005          0          0          0          0          0          0
          0          0          0          0          0          0          0          0
  3.98e+005          0          0          0          0          0          0
          0          0          0          0          0          0          0          0
  5.01e+005          0          0          0          0          0          0
          0          0          0          0          0          0          0          0
  6.31e+005          0          0          0          0          0          0
          0          0          0          0          0          0          0          0
  7.94e+005          0          0          0          0          0          0
          0          0          0          0          0          0          0          0
     1e+006          0          0          0          0          0          0
          0          0          0          0          0          0          0          0
  1.26e+006          0          0          0          0          0          0
          0          0          0          0          0          0          0          0
  1.58e+006          0          0          0          0          0          0
          0          0          0          0          0          0          0          0
     2e+006          0          0          0          0          0          0
          0          0          0          0          0          0          0          0
  2.51e+006          0          0          0          0          0          0
          0          0          0          0          0          0          0          0
  3.16e+006          0          0          0          0          0          0
          0          0          0          0          0          0          0          0
  3.98e+006          0          0          0          0          0          0
          0          0          0          0          0          0          0          0
  5.01e+006          0          0          0          0          0          0
          0          0          0          0          0          0          0          0
  6.31e+006          0          0          0          0          0          0
          0          0          0          0          0          0          0          0
