       12.6          0          0          0          0          0          0
          0          0          0          0          0          0          0          0
       15.8      0.623  1.41e+003       6.88      0.472  3.79e+003       30.2
      -4.44       7.04      -23.3     0.0671       12.2      0.812       31.3       6.92
         20      0.549   1.5e+003       14.8      0.204  6.44e+003       22.4
      -7.71        6.2      -20.3      -6.53       10.3      -3.42       25.1       12.4
       25.1          0          0          0          0          0          0
          0          0          0          0          0          0          0          0
       31.6      0.495   1.3e+003       6.57      0.523  8.86e+003       26.2
      -25.4       28.4      -14.7      -2.18       30.9      -28.1         18       6.41
       39.8      0.612        259         23       0.52  7.34e+003         38
      -19.9       7.08      -7.05       -6.4       27.4      -12.4       12.2       13.1
       50.1      0.765         42       32.5      0.658  1.79e+004       68.3
      -29.2       11.9      -2.99      -4.78       28.6      -17.3        9.2       10.7
       63.1       0.67        169       18.6      0.489  5.86e+003       28.4
      -11.5         13      -7.56      -5.11       15.2      -16.4       12.7       9.76
       79.4      0.496        236          2      0.435  2.61e+003       9.94
      -11.3       3.52      -6.54      -1.16       15.4      -5.31       10.6       3.81
        100       0.57       63.6       17.2      0.134  1.68e+003       71.8
        7.8      0.568      -5.14      -1.05       -7.1      -2.71       8.25       2.64
        126       0.56       85.8       19.7      0.416        707       38.7
       3.98      -2.75      -6.11     -0.804       -4.5       4.07        9.4       1.55
        158          0          0          0          0          0          0
          0          0          0          0          0          0          0          0
        200      0.914        133       9.79      0.761  1.18e+003       3.61
       7.43       4.77      -13.3      -4.04      -9.05      -5.33       18.4       3.58
        251      0.982        153       76.7      0.985        370       38.8
       13.7       1.31      -5.98      -4.73      -17.4       1.53       7.61       4.66
        316      0.656       23.9       21.4      0.696        155       6.36
       2.11      -2.53      -3.99     -0.344       13.5       2.55      -3.03      -1.64
        398      0.562       9.22       34.7      0.631       65.5       14.6
      -6.38      -12.1      0.367       5.57       13.4       15.7      -2.64      -8.24
        501      0.994        135       30.5      0.998        521       10.9
      -9.39      -2.73      -3.95      -3.02       23.5      0.999      -1.13       2.13
        631      0.904       14.4         34      0.958        158       12.9
      -14.8         -3       3.02      0.534       21.5       1.84      -4.24     -0.466
        794      0.685       29.6       87.7      0.649        123       49.3
      0.421      0.297     -0.309      -3.86       10.5     -0.157      -3.43       2.67
     1e+003      0.909       18.5       34.8      0.927        128        9.6
      0.777      -1.19      -3.41      -1.66       10.7      0.244      -0.46      -1.01
  1.26e+003      0.493       54.5       8.34      0.691         89       55.9
       1.42       9.52      -3.03      0.456       -3.5      -6.46     -0.788      -3.32
  1.58e+003      0.619        139       7.54      0.699        156         54
       1.23       5.85      -7.25      -1.89       4.73      -6.65        3.4      -2.33
     2e+003      0.624        250       42.2      0.542        140         73
       1.28        7.1      -7.28       -5.6        2.5      -5.92       5.43       2.93
  2.51e+003      0.613       71.1       47.2      0.675       76.7       7.19
       3.61       1.68      -2.22       -1.7       6.03     -0.228     -0.251      0.929
  3.16e+003      0.731       52.4       44.4      0.857       41.5       3.82
       4.68      0.967     -0.827      -1.31       5.59     -0.222    0.00761      0.233
  3.98e+003      0.916       52.2       51.2       0.44       52.7       52.2
       4.06      0.536      -2.92      -4.99       5.04    -0.0741       2.06       1.63
  5.01e+003      0.835       54.7       44.5      0.873       27.7       3.82
       2.76      0.401       -2.5       -3.3       5.43     -0.213       1.29      0.635
  6.31e+003      0.843       50.7       44.7        0.9       20.6       8.37
       2.53      0.517      -2.38      -3.19       4.66     -0.479       1.09      0.569
  7.94e+003      0.997       53.5       35.4          1       14.5       2.85
       3.27      0.758     -0.115      -1.06       3.37     -0.145     -0.852     -0.144
     1e+004      0.758       50.4       35.2      0.946       12.3          2
       2.15       1.24      -1.86     -0.911       3.41    -0.0813      0.318     -0.374
  1.26e+004       0.17       69.3       17.5      0.944       13.1       10.2
        2.9       1.41      0.662      0.364       3.36      0.635     -0.257     -0.691
  1.58e+004      0.989       42.7       46.5      0.998       14.3       15.4
       2.38       1.83      0.974      0.166       4.22       1.45     -0.873      -1.13
     2e+004      0.465       23.9       81.7      0.955       36.1       43.4
      -1.01    -0.0285       1.31       2.37       4.04       4.38      0.783      -1.98
  2.51e+004      0.994       19.7       74.6      0.997       21.5       11.4
       3.38       3.39     -0.421      0.905       4.29      0.899       1.21     -0.555
  3.16e+004      0.999       41.9       46.3      0.996       24.4       26.7
       1.66       4.38       2.97      0.979       8.27       1.09      -3.37      -2.74
  3.98e+004          1       24.3       26.2      0.988         60       76.6
     -0.099       2.65       3.99       1.28       7.97       2.05      -3.74      -2.07
  5.01e+004          1       21.6       22.7      0.991        124       44.7
     -0.551       1.62        4.3        1.4       7.98     -0.718      -3.94      -0.53
  6.31e+004      0.999       30.1       21.5      0.965        801       34.1
      0.754      -1.21       5.08       2.17       5.45       3.21      -3.84     -0.613
  7.94e+004      0.984       59.3         21      0.729        893         88
      -7.83       1.71       7.11       1.85       6.14       1.14      -4.38    -0.0616
     1e+005       0.33        118       19.6      0.837        159       39.5
      -10.7      -9.26     -0.924      -1.59       8.33       7.18      0.261      0.468
  1.26e+005          0          0          0          0          0          0
          0          0          0          0          0          0          0          0
  1.58e+005          0          0          0          0          0          0
          0          0          0          0          0          0          0          0
     2e+005          0          0          0          0          0          0
          0          0          0          0          0          0          0          0
  2.51e+005          0          0          0          0          0          0
          0          0          0          0          0          0          0          0
  3.16e+005          0          0          0          0          0          0
          0          0          0          0          0          0          0          0
  3.98e+005          0          0          0          0          0          0
          0          0          0          0          0          0          0          0
  5.01e+005          0          0          0          0          0          0
          0          0          0          0          0          0          0          0
  6.31e+005          0          0          0          0          0          0
          0          0          0          0          0          0          0          0
  7.94e+005          0          0          0          0          0          0
          0          0          0          0          0          0          0          0
     1e+006          0          0          0          0          0          0
          0          0          0          0          0          0          0          0
  1.26e+006          0          0          0          0          0          0
          0          0          0          0          0          0          0          0
  1.58e+006          0          0          0          0          0          0
          0          0          0          0          0          0          0          0
     2e+006          0          0          0          0          0          0
          0          0          0          0          0          0          0          0
  2.51e+006          0          0          0          0          0          0
          0          0          0          0          0          0          0          0
  3.16e+006          0          0          0          0          0          0
          0          0          0          0          0          0          0          0
  3.98e+006          0          0          0          0          0          0
          0          0          0          0          0          0          0          0
  5.01e+006          0          0          0          0          0          0
          0          0          0          0          0          0          0          0
  6.31e+006          0          0          0          0          0          0
          0          0          0          0          0          0          0          0
