       12.6          0          0          0          0          0          0
          0          0          0          0          0          0          0          0
       15.8      0.592        193       23.3      0.506       93.2       87.8
      -1.85         -4        5.8      0.958       1.17      -5.52       2.41      -2.46
         20      0.738       85.1       30.4      0.794         58       63.3
      -3.73       -1.8       3.73        3.3      -3.08      -5.17     -0.718       1.02
       25.1       0.64        182       19.3      0.742         72       31.2
      -5.77      -1.45       3.94       3.38      -5.36      -2.89      0.435      0.897
       31.6      0.683        168       22.2      0.792         45       56.8
      -2.01     -0.856       5.87       2.95      -3.07      -3.82    -0.0205       2.22
       39.8      0.322       41.7       11.2      0.757       47.9       49.1
      -4.57       1.44      0.929       1.14      -4.05      -3.88      -1.08       0.47
       50.1      0.656       59.9       3.69       0.49        107       41.8
      -1.04       15.6       6.77       2.54      -4.87       2.32       1.11       1.88
       63.1      0.537       77.3          2      0.859         34       46.5
         -3      -0.05       3.22      0.149      -3.47      -3.37   -0.00314       0.51
       79.4      0.726       92.3       20.8       0.94       34.9       54.5
      -1.75     -0.767       5.02       1.58      -3.01      -4.44      0.697      0.373
        100      0.691        108        4.7      0.877       31.4         52
      -0.83    -0.0852       6.69      0.453      -2.66         -4       1.43     -0.237
        126      0.874        130         23      0.964       38.7       49.7
     -0.429      -1.06       9.05          2      -3.38      -4.75       1.71    -0.0521
        158      0.911        146       19.8      0.976       45.1       44.3
     -0.176      -1.44       10.5       1.52      -3.92      -4.67       2.16      0.205
        200      0.964       44.5       11.6      0.938       46.4       47.5
     -0.873     -0.991       6.17       1.16      -3.76      -4.54       1.09      0.246
        251      0.995        175          2      0.423        226       7.14
       1.34      -2.24       13.4     -0.139      -3.19      -5.09       3.19     -0.812
        316      0.985        109       21.5      0.866       68.4       20.9
     -0.571      0.243       9.41       3.74      -3.83      -4.34       2.06      0.112
        398      0.863       46.4       5.64      0.966       40.1       42.8
       -1.2     -0.793        5.3      0.262      -4.34      -4.64      0.234      -0.94
        501          1       81.6       23.2      0.994       81.6       10.9
     -0.451     -0.854       8.27       3.28      -4.37      -4.59       1.53      -0.31
        631      0.994       84.4       15.7      0.983       49.8       25.3
       -1.3      -1.23       8.29          2      -4.76      -4.07      0.769     -0.576
        794       0.98       79.7       36.8      0.973       46.7         31
     -0.423     -0.653          7       4.95       -5.1      -4.28      0.813     -0.353
     1e+003      0.837       87.4       62.7      0.901       34.7       42.4
    -0.0038       2.64        4.2       7.29      -4.47      -3.18      0.119       1.01
  1.26e+003      0.944        145       15.1      0.948       40.7       29.1
      -2.01      -1.37       10.5          3      -4.91      -2.83      0.694     -0.266
  1.58e+003      0.958        206       14.3      0.387        154        2.3
       34.8      -2.78       16.2       4.47       2.81      -5.83       1.78     -0.418
     2e+003      0.996        218       8.75      0.581        592       37.9
       9.64      -12.2       15.3       2.13      -7.29      -10.6       1.65      -1.12
  2.51e+003       0.99        186       6.27      0.734       96.4       28.6
       11.4      -7.21       15.2       2.02      -4.39      -5.33       1.61     -0.852
  3.16e+003      0.984        128       14.5      0.877       55.1       30.3
       4.48      -1.56       11.4       2.48      -3.97      -3.71       1.13      -0.47
  3.98e+003      0.997        121       9.99      0.262        162       37.5
      -7.03       6.09       10.7       1.83      -3.07     -0.149      0.833     -0.394
  5.01e+003      0.985        110       9.24      0.429       57.2       37.1
     -0.906     -0.549       10.2       1.67      -1.93      -1.67      0.851     -0.652
  6.31e+003      0.972       79.7       9.44      0.578       25.2       27.8
     -0.253     -0.128       8.55       1.42      -2.19      -1.49       0.63     -0.484
  7.94e+003      0.945       47.7       18.8      0.899         23       47.2
     -0.585     -0.382       6.14       2.02      -2.86      -3.23      0.344    -0.0906
     1e+004      0.954       39.4       18.4       0.33        3.9       46.4
     -0.377      0.182       5.69       1.87     -0.491     -0.466      0.132     -0.136
  1.26e+004      0.919       31.7       23.5      0.271       2.39         41
      -0.83    -0.0305        4.8       2.06     -0.326     -0.256     0.0377    -0.0662
  1.58e+004      0.887       24.3       27.7      0.438       3.59       48.4
     -0.697      0.215       3.95       1.98     -0.537     -0.606    -0.0545    -0.0249
     2e+004       0.97       31.2       39.5      0.969       34.5       44.4
     -0.723      0.215       3.73       3.57      -3.81      -3.89      0.448      0.154
  2.51e+004      0.367        221       57.3      0.221       70.5       40.8
      -7.11       1.27       1.54       4.62    -0.0267      -1.04       1.09      0.305
  3.16e+004      0.747       17.2       40.5      0.916         24       41.1
     -0.827    -0.0342       1.64       1.88      -3.31      -2.67      0.151       1.23
  3.98e+004      0.559       7.21         41     0.0842      0.099       51.7
   -0.00421      0.158       1.14      0.965    -0.0198     -0.021     0.0417     0.0134
  5.01e+004      0.973       36.2       45.6      0.635       6.37       29.3
     -0.603      -0.88       3.95       4.02      -0.33     -0.216      0.718      0.236
  6.31e+004      0.571       12.2       50.2      0.949       29.9       44.3
     0.0105     0.0357       1.31       1.53      -3.73      -3.59      0.316       0.12
  7.94e+004      0.518      0.788       27.3      0.204      0.021       65.7
    -0.0105     0.0739       0.41      0.212    -0.0122     -0.027  -0.000616  -0.000196
     1e+005      0.454       4.28       12.9      0.774       15.5         26
      -0.15     -0.256      0.863      0.182      -2.71       -1.3      0.402      0.133
  1.26e+005          0          0          0          0          0          0
          0          0          0          0          0          0          0          0
  1.58e+005          0          0          0          0          0          0
          0          0          0          0          0          0          0          0
     2e+005          0          0          0          0          0          0
          0          0          0          0          0          0          0          0
  2.51e+005          0          0          0          0          0          0
          0          0          0          0          0          0          0          0
  3.16e+005          0          0          0          0          0          0
          0          0          0          0          0          0          0          0
  3.98e+005          0          0          0          0          0          0
          0          0          0          0          0          0          0          0
  5.01e+005          0          0          0          0          0          0
          0          0          0          0          0          0          0          0
  6.31e+005          0          0          0          0          0          0
          0          0          0          0          0          0          0          0
  7.94e+005          0          0          0          0          0          0
          0          0          0          0          0          0          0          0
     1e+006          0          0          0          0          0          0
          0          0          0          0          0          0          0          0
  1.26e+006          0          0          0          0          0          0
          0          0          0          0          0          0          0          0
  1.58e+006          0          0          0          0          0          0
          0          0          0          0          0          0          0          0
     2e+006          0          0          0          0          0          0
          0          0          0          0          0          0          0          0
  2.51e+006          0          0          0          0          0          0
          0          0          0          0          0          0          0          0
  3.16e+006          0          0          0          0          0          0
          0          0          0          0          0          0          0          0
  3.98e+006          0          0          0          0          0          0
          0          0          0          0          0          0          0          0
  5.01e+006          0          0          0          0          0          0
          0          0          0          0          0          0          0          0
  6.31e+006          0          0          0          0          0          0
          0          0          0          0          0          0          0          0
