       12.6          0          0          0          0          0          0
          0          0          0          0          0          0          0          0
       15.8          0          0          0          0          0          0
          0          0          0          0          0          0          0          0
         20          0          0          0          0          0          0
          0          0          0          0          0          0          0          0
       25.1          0          0          0          0          0          0
          0          0          0          0          0          0          0          0
       31.6          0          0          0          0          0          0
          0          0          0          0          0          0          0          0
       39.8       0.44      0.861       34.9      0.595      0.113       67.5
      0.123      0.811     -0.483     -0.137     -0.163      0.197     0.0665    -0.0256
       50.1      0.744      0.636       12.5      0.803     0.0666         88
    -0.0566      0.911     -0.643     -0.199    -0.0991      0.184     0.0951    -0.0013
       63.1      0.439      0.871       34.4      0.642      0.141         88
     -0.268      0.826     -0.341     -0.091    -0.0524      0.218     0.0482    0.00293
       79.4      0.245       3.18       30.3      0.636       2.05       65.5
      -2.45       1.65     0.0747     0.0728      0.654      0.798    -0.0992    -0.0168
        100          0          0          0          0          0          0
          0          0          0          0          0          0          0          0
        126      0.384       2.11       26.1      0.589       5.06       49.6
     -0.486       2.15     -0.403     0.0521      0.938        1.3   -0.00182    -0.0884
        158          0          0          0          0          0          0
          0          0          0          0          0          0          0          0
        200      0.688       1.74       79.7      0.687      0.658       86.1
      -1.32      -1.45       0.29       0.89     -0.139      0.446     0.0572   -0.00157
        251      0.986      0.301       72.4       0.98      0.208       48.9
      0.539      0.571     -0.265      0.465     0.0212      0.547     0.0269    -0.0425
        316      0.872      0.155       65.7      0.809      0.428       68.1
     -0.357        2.5      0.121     -0.322      -0.16      0.489   -0.00263     0.0121
        398      0.496      0.253       44.7      0.905      0.345       78.1
     -0.603       1.55    -0.0168      0.022     -0.128      0.549    0.00636   -0.00421
        501      0.575         25       35.1       0.81     0.0759       34.9
       5.49       20.5     -0.622     -0.618     -0.149     -0.221     0.0114     0.0362
        631      0.937       15.6       69.5      0.836       1.58       59.6
       4.14       1.34       1.39       2.97      0.351      0.387     -0.114     0.0577
        794      0.588       2.19       4.71      0.981      0.989       85.9
       3.52     -0.342      0.107     -0.118     0.0562       0.98    0.00961   -0.00106
     1e+003       0.59      0.732       68.4      0.937      0.987       71.7
        1.2       1.62      0.107     -0.034     -0.338       0.92     0.0293   -0.00628
  1.26e+003      0.469       3.13       15.3      0.637       42.6         46
       11.7       11.9      0.817    -0.0346       2.65       3.29     0.0659   -0.00416
  1.58e+003      0.572         29       58.9       0.96       17.6         78
       6.53       20.1      0.423     -0.612      0.677       3.92     0.0606    0.00471
     2e+003      0.898       42.3       75.8       0.99         12       86.5
       2.14       17.1      0.529    -0.0266      0.204       3.25    0.00658     0.0722
  2.51e+003      0.738       24.1       71.1      0.957       9.11       79.7
       5.54       12.5    -0.0182      0.313      0.591       2.81    -0.0328     0.0111
  3.16e+003      0.566       40.7       47.3      0.961       11.3       63.2
       9.05         12     -0.325     -0.078       1.56       2.91    -0.0626    -0.0036
  3.98e+003      0.904       49.2       51.8      0.969       17.8       60.9
       7.45       13.6       1.96      0.685        1.2       3.32      0.291      0.118
  5.01e+003      0.802       46.4       42.5      0.928       20.1       67.4
       10.5         15      0.517      0.324       1.62       3.84   -0.00761     0.0042
  6.31e+003      0.586       81.3         57      0.931       16.7       70.6
       7.23       14.2    -0.0132      0.339       1.39       3.65    -0.0986    -0.0335
  7.94e+003      0.774       36.2       39.5      0.864       25.1         47
       4.51     -0.107       2.22       3.04       3.97        2.9     -0.685      0.203
     1e+004      0.769       39.2       39.8      0.898       25.3       51.7
       2.91       2.02       2.87       2.69       3.67       3.37     -0.618      0.244
  1.26e+004      0.784       56.9       41.2      0.962       35.5       45.6
      0.636       1.26       4.32        3.7        4.3       4.02     -0.422      0.165
  1.58e+004      0.773       64.5       40.2      0.959       38.7       49.7
       3.07        3.5       4.07       3.45       4.12        4.4     -0.229      0.188
     2e+004      0.604       57.6       55.9      0.989       40.9       41.7
      -1.75      0.678       3.43        2.1       4.77       4.27     -0.309     -0.104
  2.51e+004      0.777       75.8       18.7      0.378        249       33.3
       4.25      0.523       4.02       1.76       5.13       3.05     -0.195       0.26
  3.16e+004      0.818       83.2       41.6      0.892       37.1       39.8
       1.43     -0.223       5.05       4.94       4.04       3.24      0.134      0.385
  3.98e+004      0.812       54.6       37.2      0.781         26       45.2
       1.48       1.04       4.33       3.21       2.32       2.41      0.518       0.58
  5.01e+004      0.871       60.1         39      0.943       32.9       47.9
       10.8       6.39       1.46       1.29       2.99       3.22      0.296      0.477
  6.31e+004       0.92       51.4       40.3      0.939       32.8       48.6
       5.46       2.75       2.96       2.81       2.66       3.02      0.438      0.661
  7.94e+004      0.849       51.7       39.7      0.799       43.9       50.5
       5.86       4.06       3.15       2.72       2.08       2.41      0.717       1.02
     1e+005      0.638       22.1       40.9      0.452       25.2       39.4
     -0.789     -0.138       2.35       1.98       1.45       1.32      0.414      0.198
  1.26e+005          0          0          0          0          0          0
          0          0          0          0          0          0          0          0
  1.58e+005          0          0          0          0          0          0
          0          0          0          0          0          0          0          0
     2e+005          0          0          0          0          0          0
          0          0          0          0          0          0          0          0
  2.51e+005          0          0          0          0          0          0
          0          0          0          0          0          0          0          0
  3.16e+005          0          0          0          0          0          0
          0          0          0          0          0          0          0          0
  3.98e+005          0          0          0          0          0          0
          0          0          0          0          0          0          0          0
  5.01e+005          0          0          0          0          0          0
          0          0          0          0          0          0          0          0
  6.31e+005          0          0          0          0          0          0
          0          0          0          0          0          0          0          0
  7.94e+005          0          0          0          0          0          0
          0          0          0          0          0          0          0          0
     1e+006          0          0          0          0          0          0
          0          0          0          0          0          0          0          0
  1.26e+006          0          0          0          0          0          0
          0          0          0          0          0          0          0          0
  1.58e+006          0          0          0          0          0          0
          0          0          0          0          0          0          0          0
     2e+006          0          0          0          0          0          0
          0          0          0          0          0          0          0          0
  2.51e+006          0          0          0          0          0          0
          0          0          0          0          0          0          0          0
  3.16e+006          0          0          0          0          0          0
          0          0          0          0          0          0          0          0
  3.98e+006          0          0          0          0          0          0
          0          0          0          0          0          0          0          0
  5.01e+006          0          0          0          0          0          0
          0          0          0          0          0          0          0          0
  6.31e+006          0          0          0          0          0          0
          0          0          0          0          0          0          0          0
