       12.6          0          0          0          0          0          0
          0          0          0          0          0          0          0          0
       15.8      0.514  1.08e+003       12.6      0.301       24.6       26.1
       -1.8      -4.31      -18.8      -9.83     -0.372     -0.604       3.77      0.335
         20      0.417        608       3.06      0.569       34.1       37.9
       1.96      -1.34      -8.13     -0.653      -1.91      -1.94       3.06      0.688
       25.1      0.358        483         12      0.537         30          2
       7.96      -3.39      -1.72       -3.8      -2.83      0.262      0.259      0.579
       31.6      0.548        435       15.3      0.441       6.19         72
      0.248       1.83      -10.2    -0.0669      0.369     -0.805       2.47      0.439
       39.8          0          0          0          0          0          0
          0          0          0          0          0          0          0          0
       50.1      0.242        148         21      0.634       14.2       11.7
       19.4      -4.51         11      -7.28      -5.87      0.414      -3.57       2.26
       63.1          0          0          0          0          0          0
          0          0          0          0          0          0          0          0
       79.4      0.606        223       26.2       0.37       15.6       25.3
        1.6       -2.7      -6.95      -5.88     -0.627       0.28       1.97       2.66
        100      0.622        358          2      0.353       7.52       58.5
     -0.268      -3.24      -12.5       -3.2      0.105       1.26       3.72       2.03
        126      0.614        521       13.2       0.36        4.5       64.9
     -0.257      -3.27      -13.7         -9      0.148       1.19       4.07       4.95
        158      0.631        454       3.93      0.435       2.93       73.2
      -0.41      -2.43      -13.1      -6.55      0.207          1       3.63       3.89
        200      0.935        110          2     0.0675       2.41       14.4
       0.14      -2.03      -11.3     -0.667    -0.0917       0.82       2.25       1.06
        251      0.941        691       41.3      0.988      0.806       73.1
     -0.125      -2.74      -7.79      -8.41      0.103      0.999       2.79       3.21
        316      0.322        233       84.5      0.689      0.939       32.1
      -3.78      -2.55      -16.3      -4.34      0.918      0.973       2.11       3.21
        398       0.42        113       52.4      0.822      0.847         11
      -4.65      -3.76      -16.7      -10.1       1.46      0.875       3.37       3.02
        501      0.999        345       17.7      0.485  1.53e+003       55.5
      -4.33     -0.557      -17.7      -5.39      0.999     0.0611       3.98       1.93
        631      0.924   1.3e+003       12.1      0.896       11.9       46.6
      -7.29      -4.64      -20.5      -8.18       2.99       0.67        4.7       3.31
        794      0.918        100       21.9      0.567       1.13       5.89
     -0.974      -0.43      -10.3     -0.351    -0.0558     -0.011      0.464      -2.25
     1e+003      0.888        169         77      0.803       5.24       41.5
      -3.81      -2.09      -15.6      -7.73       2.18      0.906       7.08       3.36
  1.26e+003      0.717        444         45      0.741       6.17       74.6
      -1.39      0.133      -13.3      -6.06      0.848      -1.43       7.85       -1.6
  1.58e+003      0.968        585       28.2       0.63       20.3       53.5
       -1.7     -0.167      -22.2      -11.8     -0.639      -1.93       9.62       7.29
     2e+003      0.991        527       29.5      0.609       72.1       70.1
      -1.73     -0.577      -20.9      -11.1     -0.339      -2.51       9.15       6.05
  2.51e+003       0.97        494       33.5       0.84       28.1         88
      -1.86     -0.427      -19.2      -9.39     -0.377      -2.99       8.53       5.04
  3.16e+003      0.987        336       24.1      0.776       65.4       59.1
      -1.62    -0.0793      -17.9      -6.96     -0.764      -3.14       8.93        3.8
  3.98e+003      0.997        296       14.7      0.889        325       24.6
     0.0246     -0.348      -16.6      -4.52         -3      -1.36       7.71        2.9
  5.01e+003      0.962        230       11.2      0.925         17       53.5
      -1.05    0.00586      -17.3      -4.05     -0.936      -3.38       8.94       1.46
  6.31e+003      0.957        213         17      0.953       22.5       64.9
     -0.863      0.102      -15.5      -2.89      -1.18       -3.6       8.18       1.68
  7.94e+003      0.957        138       11.2      0.934       23.1       67.8
     -0.293       0.17      -11.4      -1.46     -0.918      -3.69       6.95     -0.213
     1e+004       0.97        123         12      0.745       9.63       87.5
      -0.51    -0.0249      -10.9      -2.22      0.348      -2.16       5.44       1.33
  1.26e+004      0.953       70.5       10.7      0.968       29.6       66.7
     -0.238      -0.27      -8.71       -1.6      -1.58      -4.37       4.45      0.091
  1.58e+004      0.937       58.4       8.83      0.932       31.1       59.5
     -0.355     -0.462      -8.23      -1.57      -1.88      -3.78        4.8       1.05
     2e+004      0.964       25.2       30.6      0.951       25.8       62.5
     0.0444     -0.303      -4.51      -2.67      -2.76      -4.22     -0.518       1.86
  2.51e+004      0.935       21.6       22.8      0.994       37.1       54.3
      0.336     -0.088      -3.01      -2.09      -3.12       -4.4       1.85       1.75
  3.16e+004      0.816       17.1       20.6      0.979       36.2       53.7
      0.477      0.145       -1.6     -0.874      -3.22      -4.35       1.57       1.87
  3.98e+004      0.509       9.85       26.3        0.9       30.3         55
      0.371      0.183      -1.11      -0.66      -2.76      -3.83       1.05       1.34
  5.01e+004      0.867       20.3       27.3      0.925       50.5       54.4
      0.208   -0.00969      -3.32      -1.85      -3.62      -5.09        1.4      0.786
  6.31e+004      0.633       10.4          2      0.875       63.4       26.1
      0.446     -0.162     -0.968      -0.68      -6.42      -3.23      -1.05     -0.714
  7.94e+004      0.416       5.79       44.9      0.771       19.3       46.1
      0.164      0.149     -0.651     -0.661      -2.26      -2.34      0.755      0.652
     1e+005      0.451       7.53       42.8      0.874       33.6       43.5
      0.102      0.113     -0.836     -0.776      -3.56      -3.28      0.913        1.2
  1.26e+005          0          0          0          0          0          0
          0          0          0          0          0          0          0          0
  1.58e+005          0          0          0          0          0          0
          0          0          0          0          0          0          0          0
     2e+005          0          0          0          0          0          0
          0          0          0          0          0          0          0          0
  2.51e+005          0          0          0          0          0          0
          0          0          0          0          0          0          0          0
  3.16e+005          0          0          0          0          0          0
          0          0          0          0          0          0          0          0
  3.98e+005          0          0          0          0          0          0
          0          0          0          0          0          0          0          0
  5.01e+005          0          0          0          0          0          0
          0          0          0          0          0          0          0          0
  6.31e+005          0          0          0          0          0          0
          0          0          0          0          0          0          0          0
  7.94e+005          0          0          0          0          0          0
          0          0          0          0          0          0          0          0
     1e+006          0          0          0          0          0          0
          0          0          0          0          0          0          0          0
  1.26e+006          0          0          0          0          0          0
          0          0          0          0          0          0          0          0
  1.58e+006          0          0          0          0          0          0
          0          0          0          0          0          0          0          0
     2e+006          0          0          0          0          0          0
          0          0          0          0          0          0          0          0
  2.51e+006          0          0          0          0          0          0
          0          0          0          0          0          0          0          0
  3.16e+006          0          0          0          0          0          0
          0          0          0          0          0          0          0          0
  3.98e+006          0          0          0          0          0          0
          0          0          0          0          0          0          0          0
  5.01e+006          0          0          0          0          0          0
          0          0          0          0          0          0          0          0
  6.31e+006          0          0          0          0          0          0
          0          0          0          0          0          0          0          0
