       12.6          0          0          0          0          0          0
          0          0          0          0          0          0          0          0
       15.8      0.303       7.94       25.7      0.661        234       76.6
      -2.98      -1.11      -1.54     -0.571        1.1       11.1      -0.45       0.55
         20      0.174       5.91         80      0.666        120       64.6
     -0.815      -1.15     -0.115      0.113       6.77       10.3       1.58       1.84
       25.1      0.426       2.12       31.4      0.631         75       63.4
      0.753       1.57     -0.234       0.13       7.14       12.1       2.11       2.46
       31.6      0.614      0.731       32.7      0.278       17.2       25.5
      -1.14      0.393     -0.745      0.417       3.56       4.98      0.853       1.26
       39.8      0.547      0.191       45.4      0.423       4.09       81.9
      -1.61      -1.07     -0.642      -0.15      0.976        4.3      0.254       1.06
       50.1      0.606      0.193       17.7      0.347        3.2       48.3
      -2.15      -3.21     -0.778     -0.718      -4.27      0.207      -1.28    -0.0814
       63.1      0.695      0.206       58.3      0.218       3.63         63
     -0.751      -2.67      -0.38     -0.481     -0.752       3.51     -0.271      0.918
       79.4      0.157       1.64       60.7      0.547       62.3       33.9
       2.39       1.78      0.485      0.567       8.01       8.77       1.61       2.09
        100      0.153       1.45       9.56      0.584       69.5       57.2
      0.454      0.874      0.275      0.247       8.67       10.3       1.89       2.24
        126      0.267       4.16       84.5      0.742        106       47.4
          3       2.31      0.897       1.14       9.23       10.8       2.13       2.53
        158       0.39       4.95       54.9      0.744        203       51.3
       3.28       1.89       1.33       1.17       11.9       13.6       3.29       3.19
        200      0.668      0.951       44.9       0.18       13.3       50.9
       5.07       1.82       1.91      0.136       10.5       11.8        2.9       3.58
        251      0.971       2.45         82      0.735       1.59       54.4
       10.3       6.25       3.24       2.88       8.83       7.67       2.89       1.69
        316      0.631       2.73         75      0.502       22.3       75.9
       6.78        4.3        2.3       2.17       10.5       9.37       3.24       2.09
        398      0.795       1.07       73.3      0.421       25.7       72.2
       3.24       2.29      0.767       1.42       12.4       10.4          4       2.55
        501      0.989       10.9       30.9       0.83       7.38       82.9
       11.6       4.88       5.36       2.52       9.24       6.45       2.13      0.746
        631      0.239         30       65.5      0.394       74.7       28.4
       14.8       5.47        4.4      0.784       8.21        4.2       2.12       1.39
        794       0.16       1.13       60.6      0.566       44.6         62
        4.3       2.17       1.31      0.582       12.2       7.42       3.66       1.74
     1e+003      0.955       2.14       63.8      0.503         19         88
       2.39      0.705       1.28       1.39       13.6       7.36       3.99       1.14
  1.26e+003      0.713       15.4       24.1      0.812        229       25.2
      -1.36      -1.67       2.07      0.695       15.9       7.35       2.43      0.711
  1.58e+003       0.78       22.5       43.5      0.968        298       62.7
      -6.52      -10.5       0.87      0.575        7.9       14.6      0.067    -0.0867
     2e+003      0.928       32.4       64.1      0.983        192       69.7
      -6.58      -13.1    -0.0687     -0.026       6.05       12.8      0.539     0.0332
  2.51e+003      0.739       17.1       63.9      0.931        104       59.8
      -4.85      -10.1    -0.0121      0.191       5.53        8.2      0.349   -0.00497
  3.16e+003      0.631       9.93       46.3      0.961        150       49.4
      -7.41      -8.89  -0.000801     0.0759       8.01       8.82      0.132    -0.0624
  3.98e+003       0.88       20.8       27.6      0.962        161       34.6
      -9.24      -8.04      0.203     -0.303       9.72       7.66    -0.0821       0.31
  5.01e+003      0.577       11.7       57.6      0.902        235       47.9
      -9.34      -10.2     0.0927      0.214       9.49         10     0.0897    -0.0836
  6.31e+003      0.672       11.4       40.5      0.891        182       48.6
      -7.59      -8.53      0.367       0.49       8.67       8.21      0.187     -0.337
  7.94e+003      0.623       8.05       21.7      0.916        102       24.4
      -2.65     -0.361        1.2      0.631       8.38       3.23    -0.0703     -0.442
     1e+004      0.763       10.6       27.3      0.921        130       44.1
      -3.63      -2.63       1.59      0.816       7.34       6.09      -0.17     -0.543
  1.26e+004       0.74         11       20.7      0.925        105       31.5
      -1.91      -1.02       2.21      0.818       7.91        4.8     -0.598     -0.514
  1.58e+004      0.804       9.82         23      0.905        106       36.5
      -1.76     -0.766       2.28       1.03       7.57       5.34      -0.61      -0.61
     2e+004      0.517       23.4       64.4      0.999       81.7       33.5
       0.59      0.151       1.05      0.438       7.55       4.95     -0.317     -0.354
  2.51e+004      0.164       24.8       22.7      0.962       90.4       30.8
    -0.0775     -0.226      0.666      0.161       7.46        4.6      -1.19    -0.0374
  3.16e+004      0.675       7.96       24.1      0.896       70.4       31.2
      -0.06     -0.107        1.7      0.739       5.98       3.42      -1.35     -0.832
  3.98e+004        0.6       4.16       25.7      0.616       27.8       34.7
     -0.409     -0.028       1.04      0.527       2.47       1.71      -1.03     -0.671
  5.01e+004      0.924       7.73       16.7      0.876        115       33.8
      -2.26     0.0345       1.79      0.703       3.95       2.25      -1.78      -1.57
  6.31e+004       0.86       5.35       19.5      0.888       56.3       35.3
     0.0728      0.154       1.89      0.714       4.88       3.53      -1.46      -1.11
  7.94e+004      0.734       2.66       34.2      0.506       17.1       43.4
     -0.138     0.0161      0.987      0.671       1.47       1.41     -0.431     -0.419
     1e+005      0.783       2.78       42.6      0.615       34.3       45.8
      0.023     0.0175      0.963      0.883       2.51       2.58    -0.0434    -0.0476
  1.26e+005          0          0          0          0          0          0
          0          0          0          0          0          0          0          0
  1.58e+005          0          0          0          0          0          0
          0          0          0          0          0          0          0          0
     2e+005          0          0          0          0          0          0
          0          0          0          0          0          0          0          0
  2.51e+005          0          0          0          0          0          0
          0          0          0          0          0          0          0          0
  3.16e+005          0          0          0          0          0          0
          0          0          0          0          0          0          0          0
  3.98e+005          0          0          0          0          0          0
          0          0          0          0          0          0          0          0
  5.01e+005          0          0          0          0          0          0
          0          0          0          0          0          0          0          0
  6.31e+005          0          0          0          0          0          0
          0          0          0          0          0          0          0          0
  7.94e+005          0          0          0          0          0          0
          0          0          0          0          0          0          0          0
     1e+006          0          0          0          0          0          0
          0          0          0          0          0          0          0          0
  1.26e+006          0          0          0          0          0          0
          0          0          0          0          0          0          0          0
  1.58e+006          0          0          0          0          0          0
          0          0          0          0          0          0          0          0
     2e+006          0          0          0          0          0          0
          0          0          0          0          0          0          0          0
  2.51e+006          0          0          0          0          0          0
          0          0          0          0          0          0          0          0
  3.16e+006          0          0          0          0          0          0
          0          0          0          0          0          0          0          0
  3.98e+006          0          0          0          0          0          0
          0          0          0          0          0          0          0          0
  5.01e+006          0          0          0          0          0          0
          0          0          0          0          0          0          0          0
  6.31e+006          0          0          0          0          0          0
          0          0          0          0          0          0          0          0
