       12.6          0          0          0          0          0          0
          0          0          0          0          0          0          0          0
       15.8          0          0          0          0          0          0
          0          0          0          0          0          0          0          0
         20          0          0          0          0          0          0
          0          0          0          0          0          0          0          0
       25.1      0.569       2.33       75.8     0.0689       1.52       24.5
     -0.262       1.77     0.0725      -0.53     0.0189       -0.1   -0.00743    -0.0581
       31.6      0.692       1.85       87.9      0.207      0.592       21.5
     0.0509      0.569    -0.0423     -0.845     0.0797     -0.141    -0.0271    -0.0453
       39.8       0.64       1.39       68.6      0.136     0.0514       65.1
      0.478      0.952    -0.0989     -0.488    -0.0153    -0.0632    -0.0371    -0.0294
       50.1      0.866      0.464       71.8      0.364     0.0288       87.8
      0.469       0.83     -0.144     -0.491    -0.0249    -0.0931     -0.026    -0.0345
       63.1      0.672      0.539       81.3      0.392     0.0411       81.7
      0.481      0.991    -0.0547     -0.243    -0.0516     -0.115    -0.0185    -0.0369
       79.4      0.433       1.26         88      0.412      0.425       69.8
          1       1.02      0.146     -0.252    -0.0324     -0.358    -0.0529     -0.066
        100     0.0961      0.861        9.7      0.506      0.154       75.4
       1.04       1.36      0.188      0.111    -0.0711     -0.226    -0.0102     -0.016
        126      0.255      0.648       15.3      0.537      0.722       56.8
      -1.05      0.969       0.07    -0.0363     -0.255     -0.361   -0.00439    0.00413
        158      0.393      0.624       28.1      0.624      0.885         67
      -1.45       0.81     0.0936     -0.147     -0.269     -0.605  -0.000693    -0.0208
        200      0.976      0.297       37.9      0.696      0.064       19.8
     -0.298       1.93      0.261     -0.215    -0.0933     -0.269     0.0211   -0.00985
        251      0.957      0.149       68.4      0.982      0.341       86.2
     -0.668       1.28     -0.359      0.318       0.05     -0.296    -0.0377     0.0302
        316      0.694       1.22         55       0.54      0.298       64.8
      -1.03      -1.59     -0.686     -0.818     -0.217     -0.622    -0.0552    -0.0836
        398      0.515      0.179       56.2      0.757      0.105       70.4
      0.878       2.52    0.00435    -0.0992     -0.057      -0.23    0.00601   -0.00437
        501      0.711       27.6       37.5      0.975       2.46       30.9
      -13.4     0.0182      0.967      0.324      -1.26     -0.631     0.0809     0.0273
        631       0.74       7.44         21     0.0391      0.108       72.1
       1.37       9.59      0.128     -0.243     0.0547     0.0182    0.00794    -0.0148
        794      0.486      0.721       65.7      0.204     0.0817       21.6
     -0.849       7.33      0.112     -0.135      0.131    -0.0244    0.00116    -0.0213
     1e+003      0.368       1.62       44.5      0.955      0.396       60.2
      -1.14       3.55    0.00907     -0.218     -0.309     -0.505    -0.0189    0.00216
  1.26e+003      0.376       5.48       57.2      0.751       1.04       52.4
       3.43       13.8     0.0599     -0.527     -0.517     -0.595   -0.00844     0.0203
  1.58e+003      0.338       51.7       53.2      0.836      0.952         88
       10.6       19.3      0.185      0.198    -0.0142     -0.817    -0.0216    0.00199
     2e+003      0.464        197       36.6      0.967       1.32       71.1
       22.3       16.5     -0.178      0.889     -0.365      -1.08    0.00107    -0.0267
  2.51e+003    0.00845       40.5       33.9      0.822        2.9       60.9
       19.3      -3.05        1.3     -0.772     -0.768      -1.23    -0.0545     0.0147
  3.16e+003     0.0551       47.5       69.7      0.725       2.06       79.6
       10.1       18.8     -0.086     -0.118     -0.186      -1.02    0.00315    0.00568
  3.98e+003      0.398        257       69.4      0.959       2.01       77.7
         13       29.1   -0.00703        1.6     -0.309       -1.4   -0.00853    -0.0719
  5.01e+003      0.193        160       49.9      0.913       1.71       72.6
       13.2       21.6     -0.168      0.036      -0.36      -1.14   -0.00229   -0.00835
  6.31e+003      0.531       68.4       27.4      0.751       3.64       48.1
       14.2       12.5     -0.681      0.185      -1.09      -1.03    -0.0793     0.0326
  7.94e+003      0.339       84.8       58.9      0.834       10.6       41.7
       9.77       7.63      0.394      -1.73      -2.26      -1.91     -0.299     -0.058
     1e+004      0.632       92.3       58.7      0.751       4.42       64.7
       7.02       11.6      -1.22      -3.03     -0.854       -1.5     -0.186    -0.0364
  1.26e+004      0.513        138       56.6      0.903       14.8       46.4
       2.89       9.45      -2.69      -3.84      -2.56      -2.57     -0.275    -0.0502
  1.58e+004      0.607        141       53.1      0.896       16.5       45.9
       2.46       9.33      -3.78      -4.48      -2.79      -2.71     -0.282     -0.064
     2e+004      0.289        102       68.1      0.987         19       43.1
     -0.337       3.37     -0.889     -0.917      -3.16      -2.96     -0.106    -0.0904
  2.51e+004      0.487        208       32.7       0.93       14.1       40.5
       10.2        5.1      -2.21      -1.61      -2.71      -2.35     -0.093     -0.179
  3.16e+004      0.471        296       56.7      0.759       5.35       50.2
       16.5       13.5      -1.93      -3.25      -1.12      -1.22    -0.0373      0.163
  3.98e+004      0.502        217       50.4      0.763       5.81       51.7
       9.04       10.2      -2.82      -3.17       -1.1      -1.35     0.0511      0.151
  5.01e+004      0.656        395       59.8       0.95       5.67       61.1
       20.6       28.6      -1.01      -1.67      -1.04      -1.89     0.0404     0.0796
  6.31e+004      0.705        451       60.2      0.897       8.36       68.5
       17.4       25.6      -2.48      -4.31     -0.853      -2.16     0.0659      0.215
  7.94e+004      0.374        155       58.4      0.753       10.4       67.1
       19.6       31.9      -1.29      -1.97     -0.929      -2.15     0.0161     0.0813
     1e+005      0.523       6.63         38       0.41       20.2       25.4
      0.404       0.83      -1.06     -0.828      -1.67     -0.792     0.0897     -0.158
  1.26e+005          0          0          0          0          0          0
          0          0          0          0          0          0          0          0
  1.58e+005          0          0          0          0          0          0
          0          0          0          0          0          0          0          0
     2e+005          0          0          0          0          0          0
          0          0          0          0          0          0          0          0
  2.51e+005          0          0          0          0          0          0
          0          0          0          0          0          0          0          0
  3.16e+005          0          0          0          0          0          0
          0          0          0          0          0          0          0          0
  3.98e+005          0          0          0          0          0          0
          0          0          0          0          0          0          0          0
  5.01e+005          0          0          0          0          0          0
          0          0          0          0          0          0          0          0
  6.31e+005          0          0          0          0          0          0
          0          0          0          0          0          0          0          0
  7.94e+005          0          0          0          0          0          0
          0          0          0          0          0          0          0          0
     1e+006          0          0          0          0          0          0
          0          0          0          0          0          0          0          0
  1.26e+006          0          0          0          0          0          0
          0          0          0          0          0          0          0          0
  1.58e+006          0          0          0          0          0          0
          0          0          0          0          0          0          0          0
     2e+006          0          0          0          0          0          0
          0          0          0          0          0          0          0          0
  2.51e+006          0          0          0          0          0          0
          0          0          0          0          0          0          0          0
  3.16e+006          0          0          0          0          0          0
          0          0          0          0          0          0          0          0
  3.98e+006          0          0          0          0          0          0
          0          0          0          0          0          0          0          0
  5.01e+006          0          0          0          0          0          0
          0          0          0          0          0          0          0          0
  6.31e+006          0          0          0          0          0          0
          0          0          0          0          0          0          0          0
