       12.6          0          0          0          0          0          0
          0          0          0          0          0          0          0          0
       15.8          0          0          0          0          0          0
          0          0          0          0          0          0          0          0
         20      0.356       12.1       73.5      0.581       9.81       71.1
     -0.724      0.875      0.107       1.32      0.929        1.1       0.28      -0.23
       25.1          0          0          0          0          0          0
          0          0          0          0          0          0          0          0
       31.6      0.528       7.64       73.3      0.463       4.89       74.1
       1.21      0.634       0.65       1.65      0.166   -0.00201       0.11     -0.471
       39.8      0.691        2.6       68.3      0.672       1.31       72.4
      0.505     -0.499      0.629       0.93     0.0327       0.16   -0.00259     -0.358
       50.1      0.888       1.64       50.6      0.627       1.93       73.3
      0.602      -1.06      0.856      0.732     -0.105      0.384     -0.165      -0.35
       63.1      0.582       1.63       57.2       0.74       1.57       66.3
      0.965      -1.48      0.731      0.359    -0.0394      0.606     -0.149     -0.169
       79.4      0.335       2.73       47.5      0.603       2.17       61.9
      0.619      -1.06      0.545      0.233      0.195      0.631    -0.0859     -0.095
        100      0.169       2.29       55.8      0.529       3.78       81.8
       2.38     -0.215      0.418      0.219       0.26      0.931     0.0448    -0.0273
        126     0.0594        1.1       55.1       0.57        4.4       73.7
      0.225      -0.89     0.0476    -0.0822      0.321       1.16   -0.00748    0.00576
        158      0.134       1.15       39.8      0.749       4.75       83.7
      0.465      -2.24      0.131    -0.0743      0.202       1.59      0.035     0.0723
        200      0.942      0.776         88      0.827       23.2       71.2
      0.943      -2.09    -0.0389     -0.771    -0.0926       1.53     0.0501      0.144
        251      0.883      0.764       54.5      0.986      0.835       68.7
      0.499       1.68      0.141      0.203     -0.301      0.896     -0.018    -0.0178
        316      0.729      0.622       87.5      0.836       4.42       73.7
      -1.21      -5.29    0.00321     -0.731      0.545       2.03    0.00643      0.103
        398       0.18      0.461       83.5      0.981       3.58       71.4
      -1.98      -3.88    -0.0971     0.0966      0.609       1.73    -0.0058     -0.027
        501      0.612       87.8       7.64      0.885       10.2       5.74
       19.5       13.1     -0.724      -1.58       -2.9      0.187      0.152      0.233
        631      0.107       6.17       52.9      0.964       15.9       87.7
       2.14      -12.7    -0.0805     0.0277     -0.167       3.85    0.00957   -0.00333
        794      0.614       3.98       76.4      0.992       14.1       75.2
       4.76      -11.2    -0.0242    -0.0223      -1.01       3.61    -0.0103     0.0102
     1e+003      0.792       3.83       49.7      0.974       8.86       83.2
       1.34      -5.55    -0.0874      0.341      0.277       2.64     0.0274    -0.0866
  1.26e+003     0.0351       14.5       11.9       0.84        146         88
        5.7      -37.2    -0.0634      0.128     -0.233       10.1    -0.0049    -0.0108
  1.58e+003      0.413         53       70.7        0.9        186       55.4
      -24.4      -32.7      0.623     -0.415       6.81       10.6     -0.138      0.124
     2e+003       0.74        131       29.8      0.951        130       2.42
      -30.8       5.63       1.93      0.816       9.58      0.624     -0.461     -0.321
  2.51e+003       0.23       83.5       15.6      0.806       84.3       32.2
      -15.5       23.8      -1.15      0.858       6.37      -4.56      0.391     -0.214
  3.16e+003      0.332       51.6       35.6      0.477        169         20
      -16.3       3.93      0.661       1.55        5.4      0.858     -0.106     -0.488
  3.98e+003      0.731        143       58.2      0.802        323       60.9
      -17.6      -20.1       1.88       3.69       5.12       8.71      -0.43      -1.11
  5.01e+003      0.355        138       56.9      0.849        263       50.6
      -29.7      -24.2     -0.537     -0.131          9       10.7      0.126     0.0607
  6.31e+003       0.63         75       26.5      0.853        111         40
      -17.2      -10.4        1.1   -0.00982       6.42       5.81     -0.201    0.00688
  7.94e+003      0.569        141       58.1      0.797        130       47.9
      -11.1      -2.37      0.863       5.15       6.63       4.99      0.489      -1.65
     1e+004      0.752         89       53.7       0.86        174       75.1
      -3.84      -14.6       2.73       3.48       2.76       8.34     -0.519      -1.26
  1.26e+004      0.762        135       44.3      0.506        229       45.3
      -1.97      -2.53       6.35       6.14       5.03       5.63      -1.61       -2.4
  1.58e+004      0.831        125       38.8      0.531        288       47.4
      -1.45      -2.57       7.19       5.73       5.02       5.26      -1.92      -2.35
     2e+004      0.595        131       32.3      0.975       56.8       52.3
      0.684      -1.58       4.57       3.36       4.76       5.68      -0.95      -1.32
  2.51e+004       0.81        336       20.2        0.9        226       42.7
      -14.1      -6.56        8.3        3.6       7.61       6.73      -2.39      -1.77
  3.16e+004      0.785        255       46.6      0.683        146       42.5
      -4.99      -1.15       7.97       8.93       5.26       4.49      -2.34      -3.15
  3.98e+004      0.852        217       23.4      0.581        254       30.6
      -6.51      -1.46       10.3       4.44       3.23       2.01      -3.83       -3.2
  5.01e+004      0.895        141       33.8      0.836        583       24.3
      -18.3       -4.1       6.12       4.09       8.11       3.64       -2.4      -2.42
  6.31e+004      0.944        158       34.5      0.812        501       23.2
      -9.94      -2.79       8.06       5.48       4.77       2.14      -3.38      -3.13
  7.94e+004      0.679        105       38.2      0.227        344       37.9
      -1.81       5.53       5.38       4.28       2.85          3      -1.85      -2.08
     1e+005       0.73        5.2       37.5      0.356       35.7       27.3
      0.812     -0.852       1.32       1.01       1.89      0.976     -0.264    -0.0978
  1.26e+005          0          0          0          0          0          0
          0          0          0          0          0          0          0          0
  1.58e+005          0          0          0          0          0          0
          0          0          0          0          0          0          0          0
     2e+005          0          0          0          0          0          0
          0          0          0          0          0          0          0          0
  2.51e+005          0          0          0          0          0          0
          0          0          0          0          0          0          0          0
  3.16e+005          0          0          0          0          0          0
          0          0          0          0          0          0          0          0
  3.98e+005          0          0          0          0          0          0
          0          0          0          0          0          0          0          0
  5.01e+005          0          0          0          0          0          0
          0          0          0          0          0          0          0          0
  6.31e+005          0          0          0          0          0          0
          0          0          0          0          0          0          0          0
  7.94e+005          0          0          0          0          0          0
          0          0          0          0          0          0          0          0
     1e+006          0          0          0          0          0          0
          0          0          0          0          0          0          0          0
  1.26e+006          0          0          0          0          0          0
          0          0          0          0          0          0          0          0
  1.58e+006          0          0          0          0          0          0
          0          0          0          0          0          0          0          0
     2e+006          0          0          0          0          0          0
          0          0          0          0          0          0          0          0
  2.51e+006          0          0          0          0          0          0
          0          0          0          0          0          0          0          0
  3.16e+006          0          0          0          0          0          0
          0          0          0          0          0          0          0          0
  3.98e+006          0          0          0          0          0          0
          0          0          0          0          0          0          0          0
  5.01e+006          0          0          0          0          0          0
          0          0          0          0          0          0          0          0
  6.31e+006          0          0          0          0          0          0
          0          0          0          0          0          0          0          0
