       12.6          0          0          0          0          0          0
          0          0          0          0          0          0          0          0
       15.8      0.649  2.27e+003       13.4      0.507        318       66.2
       4.85       0.13      -28.7       -8.7        3.8       9.24       5.18       3.35
         20      0.588  1.63e+003         15      0.555        284       61.1
       1.69      -8.54      -26.9      -9.68       6.53       12.2       16.2       1.13
       25.1      0.611  2.27e+003       10.1      0.694        243       55.1
       2.86      -6.19      -30.5      -4.29       5.42        9.3       7.68       1.55
       31.6      0.781  1.55e+003       3.36      0.397        451         80
       2.32      -8.73      -30.7      -3.55       4.05       9.09       9.55      0.341
       39.8      0.774        725          2      0.371        529       43.1
     -0.254      -2.42      -21.1      0.187       5.37       7.55       6.41      0.119
       50.1      0.884        889       7.89      0.542  2.91e+003       27.7
      -39.9      -13.5      -32.5       5.18      -5.38      -1.14       7.43     -0.173
       63.1      0.639        807       2.35      0.359        578       79.5
      -12.8      -7.61      -20.9      -1.09        5.7        9.5        6.4      -1.12
       79.4      0.808        842          2      0.731        301       58.9
      -1.93      -7.35      -23.5     -0.563       6.64       10.9        5.3     0.0581
        100       0.69        708          2      0.613        412       54.4
      -1.53      -9.48      -18.7      0.182        7.6       10.5       3.32     0.0831
        126      0.798   1.1e+003       20.1      0.863        335       51.8
      -1.99      -5.83      -23.7      -7.98       9.04       11.5       4.98       2.17
        158      0.893  1.13e+003       30.2        0.9        407       48.9
      -3.85      -5.46        -24        -14       10.8         12        5.8       3.34
        200      0.872        218       11.3      0.585        484       65.2
      -6.61      -7.06      -13.8      -4.35        5.6       11.4        6.8       1.02
        251      0.996        858       42.8      0.883        607       59.7
      -8.03      -1.14      -23.1      -18.6         14      -5.98       3.58        2.3
        316      0.894        817       19.2      0.372        677       86.4
       -1.3      -11.7      -23.7      -10.1       7.03       8.93       9.93       2.77
        398      0.731        691       7.36      0.354        349       45.3
      -3.32      -13.4      -21.4      -3.58       6.29       7.79        9.6       1.98
        501          1        636       16.4       0.98  2.97e+003       6.46
     -0.706     -0.952      -24.3      -7.28      -44.6       7.07       1.61      0.507
        631      0.975  1.09e+003       18.2      0.408  2.01e+003       82.4
      -6.13       7.43      -30.4      -8.85       7.08      -2.49       9.71       1.92
        794      0.946        464       5.15       0.64   1.1e+003       86.5
      -5.91      -5.88        -20      -3.64       6.78         13       10.7     -0.445
     1e+003      0.862        365       61.2      0.407        471       8.39
      -7.18      -2.24      -8.55      -13.6       11.8       6.28       7.13      -1.53
  1.26e+003      0.911        761       16.9      0.831        240       16.7
      0.576       3.86      -24.2      -6.61       13.5       3.34       4.11      0.243
  1.58e+003      0.962  1.13e+003       17.8      0.516  1.21e+003       29.3
       18.3       1.82      -29.9      -9.08       21.5       7.46       5.83       2.49
     2e+003      0.996  1.29e+003       19.3      0.724        612       56.5
      -2.01       14.5      -35.2      -10.4       27.6       12.2       4.05       2.34
  2.51e+003      0.978  1.12e+003       18.5      0.889        410       28.5
      -6.25       9.22      -32.6      -8.84       18.8       9.46       3.27       1.63
  3.16e+003      0.976        665       18.6      0.332        154       19.2
       0.92       -7.9      -23.8      -10.1       11.4      -3.84       3.96      -1.76
  3.98e+003      0.996        714       13.4      0.604        203       16.3
       7.19       2.77      -25.5       -5.2       11.8      -3.69       3.19     -0.634
  5.01e+003      0.959        647       6.22       0.76        316       9.43
       2.58       1.12      -23.2      -2.78       16.5       1.11       4.43       1.15
  6.31e+003      0.985        552       8.42      0.925        277          6
        2.7      0.685        -22      -3.08       16.5       2.44       1.77       1.43
  7.94e+003      0.929        323       5.34      0.765       90.3       6.19
     -0.562     -0.399      -16.8      -1.71       7.81       1.02       1.79       1.11
     1e+004      0.953        156       8.34      0.766       75.7       10.5
       5.03      -2.57      -12.2       -2.1       5.82       1.98       1.44      0.665
  1.26e+004       0.91        166       12.7      0.882       99.3       14.4
       2.17     -0.497      -10.9      -2.51       8.84       2.16       1.51      0.397
  1.58e+004      0.913        118       17.6      0.798       70.5       13.9
       2.72      -1.28      -9.23      -3.53       6.52       1.97      0.673      0.651
     2e+004      0.983       69.9       33.5      0.976       90.6       38.3
    -0.0765      0.125      -6.76      -4.62       5.96       5.32       1.58      0.982
  2.51e+004      0.794       72.3       21.1      0.933       68.8       18.2
       1.82      0.953      -4.25      -2.85       6.71       2.18      -1.81      0.644
  3.16e+004      0.585       41.8       23.7      0.865       47.6       27.3
        1.1     0.0989      -2.78      -1.67       5.16       2.67     -0.981     -0.118
  3.98e+004       0.62       15.8       34.5      0.301       5.86       18.8
    -0.0189     -0.216      -2.07      -1.37      0.563      0.289      0.656       0.43
  5.01e+004      0.963       66.8       34.4      0.251       4.75       71.2
       1.76       0.51       -6.1      -4.24      0.792      0.483       0.47     0.0599
  6.31e+004      0.684       38.2       39.7      0.921       51.8       43.1
     -0.917     -0.508       -2.9      -2.01       4.58       4.34      0.709       1.97
  7.94e+004      0.554       3.55       47.8      0.241      0.427       54.6
      0.254     0.0801     -0.702     -0.811    -0.0903     -0.132    -0.0273    0.00161
     1e+005      0.342       5.55       33.7      0.674       15.2       26.9
     -0.266     0.0563      -0.67      -0.44       2.34       1.18     -0.265     0.0491
  1.26e+005          0          0          0          0          0          0
          0          0          0          0          0          0          0          0
  1.58e+005          0          0          0          0          0          0
          0          0          0          0          0          0          0          0
     2e+005          0          0          0          0          0          0
          0          0          0          0          0          0          0          0
  2.51e+005          0          0          0          0          0          0
          0          0          0          0          0          0          0          0
  3.16e+005          0          0          0          0          0          0
          0          0          0          0          0          0          0          0
  3.98e+005          0          0          0          0          0          0
          0          0          0          0          0          0          0          0
  5.01e+005          0          0          0          0          0          0
          0          0          0          0          0          0          0          0
  6.31e+005          0          0          0          0          0          0
          0          0          0          0          0          0          0          0
  7.94e+005          0          0          0          0          0          0
          0          0          0          0          0          0          0          0
     1e+006          0          0          0          0          0          0
          0          0          0          0          0          0          0          0
  1.26e+006          0          0          0          0          0          0
          0          0          0          0          0          0          0          0
  1.58e+006          0          0          0          0          0          0
          0          0          0          0          0          0          0          0
     2e+006          0          0          0          0          0          0
          0          0          0          0          0          0          0          0
  2.51e+006          0          0          0          0          0          0
          0          0          0          0          0          0          0          0
  3.16e+006          0          0          0          0          0          0
          0          0          0          0          0          0          0          0
  3.98e+006          0          0          0          0          0          0
          0          0          0          0          0          0          0          0
  5.01e+006          0          0          0          0          0          0
          0          0          0          0          0          0          0          0
  6.31e+006          0          0          0          0          0          0
          0          0          0          0          0          0          0          0
