       12.6          0          0          0          0          0          0
          0          0          0          0          0          0          0          0
       15.8      0.118        314       72.1      0.702        104       27.9
      -14.1      -10.8      -4.86       3.53      -7.06      -4.61      -1.81    -0.0573
         20      0.272        298       11.2      0.825       62.3       33.4
        -13      -2.66      0.857        4.1      -5.69      -3.67     -0.343      0.231
       25.1       0.29        137       84.1      0.818       69.1       36.7
      -11.6      -2.06      -2.57       2.25      -6.07      -3.46      -1.21      0.628
       31.6      0.346       74.2       75.9      0.667       49.9         34
      -12.5      -1.03     -0.949       3.73      -5.31      -2.52      -1.29      0.936
       39.8      0.458       36.9       73.2      0.458       49.8       70.2
      -8.54         -4      -2.65       3.34       -4.9      -3.24      -1.58       1.43
       50.1      0.906       10.6       53.7      0.713       55.9       33.7
       1.56      -2.26      -1.77        1.9      -1.27      -2.71      -1.31       1.09
       63.1      0.542       19.8       67.7        0.5       48.6       65.1
      -7.64      -1.45      -2.17       2.61      -4.99       -2.6      -1.47        1.1
       79.4      0.438       45.2       74.3      0.818       39.7       41.1
      -8.03      -1.04     -0.918        3.2      -5.08      -2.95      -1.25       1.02
        100      0.369       73.8       77.3      0.741       42.8       32.7
      -7.98     -0.357      -1.34       3.75      -4.96      -2.73       -1.2       1.05
        126       0.55        126       75.4      0.929       38.2       42.5
      -5.91      -2.27     0.0915       4.81      -4.38      -3.51     -0.726      0.925
        158       0.72        139       88.1      0.928       42.4       43.7
      -4.37      -2.09     -0.051       7.52       -4.3      -3.85     -0.675       1.13
        200      0.813        195       30.7       0.59        115       71.8
      0.887      -7.24       9.51       5.73      -2.01      -5.54       3.69      0.701
        251      0.992        183       77.4      0.996       62.2       59.7
      -3.14      -8.42      -1.42       7.54       -3.8      -5.48     -0.411      0.754
        316      0.712        291       43.3      0.937         47       37.6
      -5.69      -4.22       6.92       6.85      -4.79      -3.36      0.352      0.661
        398      0.856       98.7         57      0.883       45.1         50
      -4.23      -3.22       4.52        6.8      -3.46      -4.36      0.632       1.17
        501      0.994        299       12.7      0.999         48       45.3
      0.177      -3.55       15.4       2.45      -4.31      -5.04      0.149     -0.282
        631      0.912       71.3       10.7      0.976       24.2       45.7
      -5.28     -0.819       5.88      0.147      -3.56      -4.67     -0.557     -0.306
        794       0.92        227         53      0.848       92.5       87.7
       6.73      -4.82       9.66         11      -3.77      -5.68      -1.49     0.0274
     1e+003      0.991        357       48.4      0.966       23.1       77.7
       12.3      -2.54       14.5       10.8      -3.21      -5.23     -0.663      0.352
  1.26e+003      0.616        678       17.1      0.925       78.1       77.8
         31      -49.5         17      -12.1      -4.16      -6.88      -1.17       1.45
  1.58e+003      0.766        566       8.02      0.798        127       65.7
       28.9      -22.7         19      -1.39      -5.55      -8.48      -1.72      0.934
     2e+003      0.906        749       11.6      0.933        241       42.2
       22.6       6.87       20.4       2.33      -9.77      -11.8      -1.57       1.75
  2.51e+003      0.925        748       4.06      0.949        209       39.9
       23.5       5.87       17.1         -1        -10      -11.1     -0.479       1.57
  3.16e+003      0.901        793       14.3      0.909        136       37.4
         21      -7.21       17.8       6.19      -7.53      -7.39      -1.14      0.607
  3.98e+003      0.985        799       13.1      0.985        265       36.3
       2.62      -8.12       25.7       10.6      -11.5      -11.1       -1.1       1.21
  5.01e+003      0.967        592       6.74       0.92        156       34.6
       7.61      -8.57       21.3       5.97      -8.64      -7.64     -0.446      0.859
  6.31e+003      0.983        421        3.1      0.962        117       29.9
       4.51      -6.76       18.6       2.93      -8.55      -5.59     -0.244      0.355
  7.94e+003          1        311       6.86          1       96.5       34.7
       3.44      -3.91       16.3       1.02      -7.11      -4.24     -0.884     -0.609
     1e+004      0.984        228          2      0.946       66.7       39.5
       2.76      -2.75       14.1       1.54      -5.23      -5.39     -0.329      0.508
  1.26e+004      0.974        161       11.9      0.789       66.9       34.5
      0.885     -0.554       12.1       2.73      -4.65      -4.54      0.457      0.883
  1.58e+004          1        144       10.6      0.991        132       10.1
     -0.264       1.52       11.5       2.26      -5.84      -4.87      0.838      0.748
     2e+004      0.944        110         20      0.965       92.9       42.1
      -1.91       2.56       9.27       2.85      -6.98       -6.4      0.657      0.302
  2.51e+004      0.999       59.5       17.7      0.992        117       23.6
      -1.81      0.978       7.77       2.48      -6.57      -4.08     -0.472     -0.567
  3.16e+004      0.998       59.6       47.9      0.994       67.4       15.6
     0.0577       2.91       5.38       4.24       -4.1      -1.41      -1.85     -0.716
  3.98e+004      0.998        137       35.8      0.991       86.3       17.9
      -2.65       4.24       7.67       5.09      -3.74      -2.12     -0.878       2.45
  5.01e+004          1       88.8       36.8      0.994       74.4       10.5
      -1.17       1.49       7.29       5.22      -2.61      -2.27     -0.325       1.48
  6.31e+004      0.998       72.8       41.4      0.985       86.1       29.3
     -0.998       1.48       5.95       5.35       -3.1      -4.56     0.0693        1.5
  7.94e+004      0.991       62.7       51.6      0.881         63       20.8
      -3.26       0.25       4.99       5.57      -2.91      -2.59     -0.182      0.766
     1e+005      0.905       68.4       46.6      0.756       41.1       42.2
      -6.46      -6.48       5.29       5.28      -3.57       -3.3      0.138     0.0741
  1.26e+005          0          0          0          0          0          0
          0          0          0          0          0          0          0          0
  1.58e+005          0          0          0          0          0          0
          0          0          0          0          0          0          0          0
     2e+005          0          0          0          0          0          0
          0          0          0          0          0          0          0          0
  2.51e+005          0          0          0          0          0          0
          0          0          0          0          0          0          0          0
  3.16e+005          0          0          0          0          0          0
          0          0          0          0          0          0          0          0
  3.98e+005          0          0          0          0          0          0
          0          0          0          0          0          0          0          0
  5.01e+005          0          0          0          0          0          0
          0          0          0          0          0          0          0          0
  6.31e+005          0          0          0          0          0          0
          0          0          0          0          0          0          0          0
  7.94e+005          0          0          0          0          0          0
          0          0          0          0          0          0          0          0
     1e+006          0          0          0          0          0          0
          0          0          0          0          0          0          0          0
  1.26e+006          0          0          0          0          0          0
          0          0          0          0          0          0          0          0
  1.58e+006          0          0          0          0          0          0
          0          0          0          0          0          0          0          0
     2e+006          0          0          0          0          0          0
          0          0          0          0          0          0          0          0
  2.51e+006          0          0          0          0          0          0
          0          0          0          0          0          0          0          0
  3.16e+006          0          0          0          0          0          0
          0          0          0          0          0          0          0          0
  3.98e+006          0          0          0          0          0          0
          0          0          0          0          0          0          0          0
  5.01e+006          0          0          0          0          0          0
          0          0          0          0          0          0          0          0
  6.31e+006          0          0          0          0          0          0
          0          0          0          0          0          0          0          0
