       12.6          0          0          0          0          0          0
          0          0          0          0          0          0          0          0
       15.8          0          0          0          0          0          0
          0          0          0          0          0          0          0          0
         20          0          0          0          0          0          0
          0          0          0          0          0          0          0          0
       25.1      0.587       8.04       80.4      0.122       3.29         88
      -2.43      -4.68       -2.5      -5.34      -2.25      -4.95      -2.19      -3.97
       31.6          0          0          0          0          0          0
          0          0          0          0          0          0          0          0
       39.8       0.78       0.74       53.7       0.62      0.355       41.1
      -0.36      -3.22     -0.108      -3.36      0.111      -4.13     -0.379      -3.46
       50.1      0.874       1.13       65.4      0.216       1.12       9.26
     -0.645      -2.25     -0.217      -2.53     -0.001      -3.82     -0.392      -3.13
       63.1      0.825       0.97       58.4      0.532      0.595       45.9
      -1.36      -2.04     -0.826      -2.33     -0.204      -3.91     -0.622      -3.08
       79.4      0.507       2.42       53.1      0.281        1.4         86
      -1.78      -1.33      -1.02      -1.55       -0.6      -3.02     -0.726      -2.21
        100       0.53        2.4       74.7      0.268      0.895       53.8
     -0.784    -0.0211     -0.378     -0.737      0.533      -1.75      0.161      -1.29
        126          0          0          0          0          0          0
          0          0          0          0          0          0          0          0
        158      0.504       6.23         88       0.23       2.01         70
      -2.37     -0.461      -2.04      -1.53      -0.29      -1.29     -0.402     -0.843
        200      0.418      0.628       28.3      0.889       2.58       22.7
      -3.02      -10.8      -2.88      -10.1       4.65      0.424       3.12      0.786
        251      0.989       3.88       74.9      0.936      0.571       27.8
      -10.9      -0.57      -10.4       -1.8      -9.11      -1.21      -7.74     -0.929
        316      0.801          9       78.5      0.299       2.84       77.8
      -12.8      -6.78      -12.1       -7.5      -8.68      -6.05      -8.05      -4.35
        398      0.858       6.39       62.2      0.712        2.5       46.2
      -9.66      -5.36      -9.57       -6.1      -5.65      -5.14      -5.76      -3.46
        501      0.985       46.8       35.3      0.873       1.31       30.5
      -14.6      -31.8      -15.8      -30.3       1.72      -9.02       1.14      -7.66
        631      0.963       22.1       3.51      0.986        3.5       55.8
       -8.8      -26.8      -7.37      -24.1       3.67      -2.55       2.38      -1.32
        794      0.727       12.8       58.3      0.851       8.98       58.9
      -1.18       14.1      -0.13       10.8       -2.8      -12.3      -3.52      -9.48
     1e+003      0.936       13.2       84.2       0.94       6.97       84.3
       9.33       8.01       8.82        3.1      -5.08      -6.98      -4.78      -3.69
  1.26e+003      0.937        734         46      0.926        216       56.3
       11.9        -28      -9.65      -9.37      -4.03         20       4.34       7.86
  1.58e+003      0.848        458         88       0.83        180       84.4
       61.4      -37.4       58.5      -51.6      -65.4       21.6        -63         29
     2e+003      0.966        266       86.9      0.958        103       80.8
       41.8      -53.6       38.5      -64.1      -37.3       8.42      -36.1       15.7
  2.51e+003       0.98        163       70.5      0.977       70.9         79
       65.6      -32.2       57.1      -40.1      -47.3       12.1      -42.7       17.6
  3.16e+003       0.94        232       67.1      0.944        111       81.3
       36.6       32.5       27.6       17.9      -35.9      -29.9      -31.5      -19.5
  3.98e+003      0.922        506       52.6      0.948        210       66.1
        164        171        141        143      -79.7       -124      -69.4       -104
  5.01e+003      0.881        368       60.9      0.798        156         88
       6.55      -24.2      -2.54      -37.3      -63.2      -15.3        -59      -3.98
  6.31e+003      0.875        284       68.4      0.887        223       84.1
       14.7       34.9       9.74       20.1      -35.9      -42.3      -34.6      -27.9
  7.94e+003      0.559  1.21e+003       16.4      0.707        383       59.1
      -4.19       98.6      -2.82       81.7      -12.3      -50.6        -13      -34.9
     1e+004      0.675        241       53.3       0.77        257       83.6
        -38      -3.27      -36.6      -7.45      -8.06      -6.01      -4.88       5.78
  1.26e+004      0.626        943       47.1      0.676  2.19e+003       45.8
       7.26       26.6      -3.12       3.45      -38.7      -44.5      -22.9      -18.1
  1.58e+004       0.92  1.24e+003       47.6      0.411  1.35e+003       59.3
      -19.7      -1.19      -27.2      -21.2      -22.4      -2.85      -7.38       15.6
     2e+004      0.827  8.43e+003       87.4      0.997        983       44.1
       11.8       5.31        -12      -7.52      -23.7        -20      -16.2      -5.74
  2.51e+004      0.795        864       40.3      0.913  2.55e+003         21
       20.5        1.8      -37.1      -5.77      -46.2      -37.4       18.5       22.4
  3.16e+004      0.943   6.1e+003       39.5      0.951  6.94e+003       5.35
       20.8      -15.4      -33.2      -34.5      -56.3       6.99      -4.45       40.4
  3.98e+004      0.921  7.09e+003       17.6      0.964  5.71e+003       14.4
       37.1      -2.04      -21.1      -10.4        -57      -10.9       19.2       19.1
  5.01e+004      0.988  2.41e+003       13.6      0.958  5.51e+003       31.8
       21.4       5.13      -38.1      -9.36      -48.7      -15.2       6.64       12.2
  6.31e+004      0.957  3.86e+003          2       0.98  3.64e+003       18.6
       24.7       13.5      -19.8       1.67      -43.4      -18.5       18.6      -7.33
  7.94e+004      0.768  2.08e+003       14.3       0.65  4.27e+003       17.2
       12.8       -1.3      -26.9      -8.44        -20      -2.12       29.7       20.4
     1e+005      0.255        661         57      0.406  1.28e+003       46.4
       3.75       3.18      -2.51      -4.66      -9.72      -9.04        1.5       5.92
  1.26e+005          0          0          0          0          0          0
          0          0          0          0          0          0          0          0
  1.58e+005          0          0          0          0          0          0
          0          0          0          0          0          0          0          0
     2e+005          0          0          0          0          0          0
          0          0          0          0          0          0          0          0
  2.51e+005          0          0          0          0          0          0
          0          0          0          0          0          0          0          0
  3.16e+005          0          0          0          0          0          0
          0          0          0          0          0          0          0          0
  3.98e+005          0          0          0          0          0          0
          0          0          0          0          0          0          0          0
  5.01e+005          0          0          0          0          0          0
          0          0          0          0          0          0          0          0
  6.31e+005          0          0          0          0          0          0
          0          0          0          0          0          0          0          0
  7.94e+005          0          0          0          0          0          0
          0          0          0          0          0          0          0          0
     1e+006          0          0          0          0          0          0
          0          0          0          0          0          0          0          0
  1.26e+006          0          0          0          0          0          0
          0          0          0          0          0          0          0          0
  1.58e+006          0          0          0          0          0          0
          0          0          0          0          0          0          0          0
     2e+006          0          0          0          0          0          0
          0          0          0          0          0          0          0          0
  2.51e+006          0          0          0          0          0          0
          0          0          0          0          0          0          0          0
  3.16e+006          0          0          0          0          0          0
          0          0          0          0          0          0          0          0
  3.98e+006          0          0          0          0          0          0
          0          0          0          0          0          0          0          0
  5.01e+006          0          0          0          0          0          0
          0          0          0          0          0          0          0          0
  6.31e+006          0          0          0          0          0          0
          0          0          0          0          0          0          0          0
