       12.6          0          0          0          0          0          0
          0          0          0          0          0          0          0          0
       15.8      0.534        986       63.3       0.52        741         17
       8.83      -3.45     -0.587       18.2        2.1      -2.85      -16.8      -1.35
         20          0          0          0          0          0          0
          0          0          0          0          0          0          0          0
       25.1      0.529        394       39.6       0.63        481       38.2
      -6.65       3.05       13.8       3.69       12.6       6.96      -22.6      -13.3
       31.6          0          0          0          0          0          0
          0          0          0          0          0          0          0          0
       39.8          0          0          0          0          0          0
          0          0          0          0          0          0          0          0
       50.1       0.64        166       23.1      0.401        846       22.2
      -35.8    -0.0932       30.5      -3.42       54.1      -1.43      -48.3       4.87
       63.1          0          0          0          0          0          0
          0          0          0          0          0          0          0          0
       79.4      0.569        202       33.8      0.595        313       29.5
       2.05      0.171       5.03       4.36       7.08     -0.135      -14.3      -4.42
        100      0.582        294       15.8      0.648        455       9.44
       14.6        -11      -2.07       11.6      -7.48       9.81       -5.4      -10.4
        126      0.775        340       14.3      0.778        376        9.9
       11.3      -2.69       3.14       5.75      -4.85       1.74      -9.58      -4.48
        158      0.828        336       10.3      0.855        343       7.23
       32.7      -5.46      -17.3       7.75      -27.6       5.17       11.9      -6.99
        200      0.967       72.1       5.87      0.968       71.1       6.24
       12.2      -35.2      -3.37       36.3      -7.67       34.2      -1.13      -35.2
        251      0.995        311       4.85      0.995        304       4.86
       5.79     -0.571       11.7      -0.82       -3.4     0.0914      -13.9        1.6
        316      0.986        396       25.4      0.986        385       25.5
       33.8      -21.9      -15.9       31.2      -30.8       21.5       12.8      -30.3
        398      0.831        233       18.7      0.831        229       18.9
       12.4      -8.57    -0.0842       12.9      -9.65       9.08      -2.62      -13.1
        501          1        296       22.3          1        286       22.4
       16.3       1.59     -0.616       5.45        -15     -0.956     -0.778       -5.5
        631      0.996        297       21.8      0.996        285       22.2
       6.16       6.16       9.44      0.407       -6.5      -6.19      -9.19       0.23
        794      0.963        369       36.8      0.963        358       37.2
      -3.86       5.17       18.4       5.65        3.3       -5.5      -18.3      -4.62
     1e+003      0.917        509       62.8      0.915        502       63.7
      -8.49      -14.4       18.9       32.1       8.09       13.1      -19.3      -30.2
  1.26e+003       0.92        610       13.1      0.923        593       13.9
       14.3       16.3        6.6        -10      -16.8      -15.5      -4.23       10.5
  1.58e+003      0.992        733       17.7      0.992        737       18.3
      -21.7      -30.6       47.1       38.5       22.7       30.1      -47.8      -38.3
     2e+003      0.998        622       13.3      0.998        623       14.1
      -45.3       21.7       69.2      -15.7       45.6      -21.2      -69.3       14.9
  2.51e+003      0.994        573       10.3      0.994        572       11.4
       5.05      -4.05       18.4       8.28      -5.07       3.84      -18.1      -8.51
  3.16e+003      0.996        411       13.6      0.996        412       15.2
       9.69       4.44       9.96      0.356      -9.01       -4.7      -10.5     -0.566
  3.98e+003      0.997        366       10.2      0.997        369       12.5
       9.28        -10       9.61       13.5      -9.29       9.61      -9.49      -13.6
  5.01e+003       0.99        332       8.67      0.987        335       11.1
       4.63       2.03       13.2      0.746      -4.42      -2.37      -13.4         -1
  6.31e+003      0.986        269       7.47      0.978        264       10.7
       3.03      0.538         13        1.6      -3.19     -0.717      -12.8      -2.13
  7.94e+003      0.946        165       9.08      0.928        165       15.3
       3.18      0.821       8.87        1.3      -3.21     -0.851      -8.95      -1.92
     1e+004      0.967        132       11.9      0.952        149       17.7
       3.25       1.53       7.81      0.993      -3.23      -1.72      -7.96      -1.54
  1.26e+004      0.937       93.2       16.7      0.912        114         22
       2.78       1.84       6.27       1.04      -2.81      -2.02      -6.38      -1.59
  1.58e+004      0.902       76.1       19.8      0.885       92.6       25.9
       3.08       1.65       4.83       1.35      -3.18      -1.98      -4.93      -1.77
     2e+004      0.922       53.1       32.1      0.919       76.6       34.4
       2.03       3.52       4.25       0.51      -1.97      -3.93      -4.38     -0.934
  2.51e+004      0.948       61.9       31.3      0.953         77       29.2
       2.88       1.73       3.97       1.98      -3.33      -2.37       -3.9      -2.29
  3.16e+004      0.707       36.1       27.8      0.672         31       27.8
       1.42       1.21       3.08       1.05       -1.8       -1.4      -2.81       -1.4
  3.98e+004      0.672       20.1       24.3      0.594       21.1       27.4
       1.31      0.709       2.12      0.838      -1.43     -0.746      -2.19      -1.34
  5.01e+004      0.962       49.8         23      0.957       62.1       29.6
       2.71       1.42       3.58       1.42      -3.03      -1.86      -4.01      -1.87
  6.31e+004      0.761       21.3       28.4      0.779       25.7       31.5
       1.86      0.999       1.82      0.988      -2.11      -1.32      -2.09      -1.24
  7.94e+004          0          0          0          0          0          0
          0          0          0          0          0          0          0          0
     1e+005      0.581       6.27       43.3      0.534       7.61       42.1
      0.649      0.622      0.838       0.81     -0.808      -0.73     -0.944     -0.746
  1.26e+005          0          0          0          0          0          0
          0          0          0          0          0          0          0          0
  1.58e+005          0          0          0          0          0          0
          0          0          0          0          0          0          0          0
     2e+005          0          0          0          0          0          0
          0          0          0          0          0          0          0          0
  2.51e+005          0          0          0          0          0          0
          0          0          0          0          0          0          0          0
  3.16e+005          0          0          0          0          0          0
          0          0          0          0          0          0          0          0
  3.98e+005          0          0          0          0          0          0
          0          0          0          0          0          0          0          0
  5.01e+005          0          0          0          0          0          0
          0          0          0          0          0          0          0          0
  6.31e+005          0          0          0          0          0          0
          0          0          0          0          0          0          0          0
  7.94e+005          0          0          0          0          0          0
          0          0          0          0          0          0          0          0
     1e+006          0          0          0          0          0          0
          0          0          0          0          0          0          0          0
  1.26e+006          0          0          0          0          0          0
          0          0          0          0          0          0          0          0
  1.58e+006          0          0          0          0          0          0
          0          0          0          0          0          0          0          0
     2e+006          0          0          0          0          0          0
          0          0          0          0          0          0          0          0
  2.51e+006          0          0          0          0          0          0
          0          0          0          0          0          0          0          0
  3.16e+006          0          0          0          0          0          0
          0          0          0          0          0          0          0          0
  3.98e+006          0          0          0          0          0          0
          0          0          0          0          0          0          0          0
  5.01e+006          0          0          0          0          0          0
          0          0          0          0          0          0          0          0
  6.31e+006          0          0          0          0          0          0
          0          0          0          0          0          0          0          0
