       12.6          0          0          0          0          0          0
          0          0          0          0          0          0          0          0
       15.8          0          0          0          0          0          0
          0          0          0          0          0          0          0          0
         20          0          0          0          0          0          0
          0          0          0          0          0          0          0          0
       25.1          0          0          0          0          0          0
          0          0          0          0          0          0          0          0
       31.6      0.524        3.5       51.7      0.305       2.54       16.4
     -0.672     -0.692      0.039      -1.31      -1.22      -3.76      -1.57      -3.24
       39.8      0.733      0.839       54.7      0.613      0.373       45.4
    -0.0174      -2.84      0.239      -3.03      0.388      -3.88    -0.0619      -3.19
       50.1      0.879      0.967       52.6      0.269      0.757       71.5
     -0.588       -2.2     -0.125      -2.45      0.269      -3.91     -0.127      -3.18
       63.1      0.836      0.883       60.3      0.523      0.733       29.2
      -0.85      -1.53      -0.37      -1.95      0.129      -3.88     -0.331      -3.16
       79.4      0.533       2.54       71.5      0.157       2.93       64.5
      -1.43      -1.32     -0.916      -1.81      -1.05       -4.3      -1.14       -3.4
        100      0.599       2.74       81.7      0.378       1.67         51
      -1.21     0.0159     -0.825     -0.946     -0.427       -2.9     -0.667      -2.11
        126      0.624       6.73       83.1      0.171       4.02       57.7
     -0.208       1.28     -0.307      -0.55      -1.64      -4.18      -1.46      -3.32
        158       0.75       5.66       73.2     0.0927       2.89       65.4
      -2.78      0.599      -2.91      -1.09      -2.44      -3.92      -2.38      -3.29
        200      0.312      0.741       6.65      0.856        3.7       7.25
     0.0641      -12.3     -0.182      -11.5       7.46       8.32       5.79       7.71
        251      0.997       3.98       68.1      0.941      0.248       2.64
      -6.49      -1.01      -6.54      -2.47      -7.49      0.247      -6.22       0.49
        316      0.823       9.19       85.3      0.341       2.59       87.2
      -14.4      -4.98      -13.1       -5.9      -9.79      -5.36      -8.94      -3.58
        398      0.861       7.39       69.5      0.738       2.83       57.4
       -9.3      -3.19      -9.03      -4.48      -6.36      -3.45      -6.24      -1.73
        501      0.984       54.7       36.3      0.896        2.5       27.1
      -19.2      -32.3      -19.7      -31.1       3.58      -11.6       2.47      -9.68
        631      0.923       28.9       9.88      0.972       2.92       61.1
      -9.44      -31.5      -8.68        -28       3.23       -4.2       1.94      -2.99
        794      0.712       2.71       77.7      0.898        1.4       60.1
      -5.29     -0.351      -4.58       -1.6     -0.576      -3.76      -0.94      -2.63
     1e+003      0.949       8.15         65      0.967        5.8       65.1
       6.83       1.69       5.23       -1.5      -4.04      -4.71      -3.02      -2.11
  1.26e+003      0.909        536       53.5      0.898        151       63.3
       13.4        -21      -2.35       -3.9      -5.75       12.7     -0.455       2.73
  1.58e+003      0.739        430       78.9      0.706        163         78
        143      -63.9        136      -72.1      -97.7       32.6      -93.3         37
     2e+003      0.966        271       82.6      0.957        110       85.9
       49.4      -51.3       44.3      -61.4      -49.2       10.1      -46.2       17.1
  2.51e+003       0.98        158       70.9      0.978       65.6       79.6
       80.4      -25.7       70.5      -33.8      -55.4       7.64        -50       13.2
  3.16e+003      0.941        231       62.1      0.944        104       74.1
       9.73       28.1       1.98       13.7      -25.7      -26.1      -21.4      -16.1
  3.98e+003      0.906        572       54.9      0.924        229       69.8
        212        148        185        120       -100       -135        -89       -114
  5.01e+003      0.884        398       64.1      0.798        166       84.4
       0.93      -18.6      -7.12      -33.2      -61.5      -19.3      -58.3      -7.53
  6.31e+003      0.869        299       68.9      0.856        251       83.2
       6.87       24.2       2.02        9.5      -32.8      -38.7      -31.8      -24.2
  7.94e+003      0.579  1.41e+003       17.3       0.72        590       54.3
       3.37       42.1      -8.34       29.3      -23.6      -38.6      -20.5      -21.7
     1e+004      0.604        251       49.2      0.759        703       57.1
       1.14       6.59       -4.7      -2.04      -29.1      -26.1      -22.1      -8.07
  1.26e+004      0.555  1.24e+003       39.7      0.817  2.15e+003       35.4
       4.65       9.36      -11.3      -7.22      -33.6      -23.8      -13.4      -6.68
  1.58e+004      0.807   1.4e+003       51.8      0.678  4.29e+003       31.9
       3.65       8.08      -17.2      -22.2      -43.1      -22.4        -19       11.4
     2e+004      0.175  1.29e+003       70.7      0.757  3.78e+003       23.6
       10.7       2.27      -10.5      -4.42        -40      -13.4        -28      -24.2
  2.51e+004      0.771  1.11e+003       39.8      0.901  3.31e+003       16.2
       23.1    -0.0327      -39.4      -3.66      -57.3        -31       22.8       14.6
  3.16e+004       0.82  5.73e+003       44.5      0.939  6.39e+003       7.88
       23.5      -1.21      -41.5      -23.7      -68.8      -9.21      -1.88       18.7
  3.98e+004      0.838  6.33e+003       19.9      0.951  5.22e+003         13
       24.8     -0.284      -36.9      -13.5      -64.1      -10.9       3.45       16.1
  5.01e+004      0.988   2.4e+003       13.3      0.957  5.52e+003       32.3
       21.6       5.93      -38.2      -8.84      -45.1      -18.2       8.35       10.6
  6.31e+004      0.937  3.89e+003       2.98      0.967   3.6e+003         16
       22.9       5.34      -26.1      -8.29      -52.8      -4.77       12.6       16.4
  7.94e+004      0.821  2.19e+003         24      0.767  4.64e+003       10.3
       19.1      -3.04      -24.3      -13.2      -33.7      -1.64       19.7       19.6
     1e+005          0          0          0      0.626        227       53.3
      0.413      0.406      0.432      0.395      -6.39      -8.58      -6.76      -8.52
  1.26e+005          0          0          0          0          0          0
          0          0          0          0          0          0          0          0
  1.58e+005          0          0          0          0          0          0
          0          0          0          0          0          0          0          0
     2e+005          0          0          0          0          0          0
          0          0          0          0          0          0          0          0
  2.51e+005          0          0          0          0          0          0
          0          0          0          0          0          0          0          0
  3.16e+005          0          0          0          0          0          0
          0          0          0          0          0          0          0          0
  3.98e+005          0          0          0          0          0          0
          0          0          0          0          0          0          0          0
  5.01e+005          0          0          0          0          0          0
          0          0          0          0          0          0          0          0
  6.31e+005          0          0          0          0          0          0
          0          0          0          0          0          0          0          0
  7.94e+005          0          0          0          0          0          0
          0          0          0          0          0          0          0          0
     1e+006          0          0          0          0          0          0
          0          0          0          0          0          0          0          0
  1.26e+006          0          0          0          0          0          0
          0          0          0          0          0          0          0          0
  1.58e+006          0          0          0          0          0          0
          0          0          0          0          0          0          0          0
     2e+006          0          0          0          0          0          0
          0          0          0          0          0          0          0          0
  2.51e+006          0          0          0          0          0          0
          0          0          0          0          0          0          0          0
  3.16e+006          0          0          0          0          0          0
          0          0          0          0          0          0          0          0
  3.98e+006          0          0          0          0          0          0
          0          0          0          0          0          0          0          0
  5.01e+006          0          0          0          0          0          0
          0          0          0          0          0          0          0          0
  6.31e+006          0          0          0          0          0          0
          0          0          0          0          0          0          0          0
