       12.6          0          0          0          0          0          0
          0          0          0          0          0          0          0          0
       15.8      0.644  1.51e+003       15.4      0.663        619       26.2
      0.131        -17      -21.1      -11.4      -11.8       -7.9       7.79       2.91
         20      0.551  1.53e+003       20.4      0.563  1.84e+003       35.4
      -18.2      -28.2      -26.5      -12.4      -16.5      -6.49       6.32       6.88
       25.1          0          0          0          0          0          0
          0          0          0          0          0          0          0          0
       31.6      0.542        912       22.8      0.246  1.66e+003       18.6
      0.555      -9.42        -15      -7.47      -3.78     -0.676       12.3       5.34
       39.8      0.619        747       12.8      0.406  3.76e+003        6.4
      -5.93      0.935      -17.1      -3.97      -7.92     -0.263       12.2       9.42
       50.1      0.728        331       17.6      0.452  2.48e+004       57.2
       6.73       45.7      -15.5         -4      -11.2        -18       15.7       8.25
       63.1      0.577        369       37.2       0.41  3.26e+003       17.4
      0.908      -9.56      -8.04      -7.33      -5.83     -0.589         12       4.65
       79.4      0.636        395       20.3      0.504  1.13e+003       14.5
       1.24     -0.304      -11.6      -4.42      -6.77     -0.496       7.73       3.85
        100      0.719        322       10.1      0.602  1.24e+003       4.39
       4.63      0.197        -12      -2.03      -7.76       2.73       7.77       2.96
        126      0.859        353       21.7      0.737        772       9.49
       4.23       1.61        -14      -5.41      -8.06      -2.38       6.84       1.66
        158      0.882        367       24.5      0.786        889       10.4
       4.37       4.97      -14.5      -5.51      -8.63      -3.25       6.89       1.76
        200      0.989        250       36.4      0.984        590       7.64
       1.63       4.22      -12.5      -7.57      -8.78      -4.09       5.65       1.51
        251      0.997        344       39.9      0.995        819         16
       19.8     -0.897       -6.6      -10.9      -15.3       1.26        4.1       4.34
        316      0.996        392         26      0.986        547       19.9
       4.67     -0.766      -15.6      -9.15      -14.7      -2.14       3.64       2.54
        398      0.985        348         28       0.88        719       19.8
       4.52        1.3      -14.9      -8.31      -6.98          1       6.37       3.28
        501          1        320       27.3          1        494         26
       5.09       1.54      -13.8      -8.02      -16.2      -5.06       1.81       1.46
        631      0.987        356       35.2      0.993        452       30.7
       16.4       14.2      -7.66      -4.51      -16.7      -11.8      0.667     -0.513
        794      0.978        526         22      0.955        201        6.4
       8.07      -11.3      -14.4      -11.9      -8.22      -2.15       3.19       1.08
     1e+003      0.963        457       29.5      0.456        292       67.9
       2.34      -11.7      -19.6      -8.65      -1.79      -2.27       5.99     -0.932
  1.26e+003      0.791        534       11.2      0.783       56.6       50.1
       1.45      -24.2      -5.79       3.37       3.62       5.69     -0.934     -0.636
  1.58e+003      0.926        868       14.9      0.486        645       87.9
       9.23      -7.15      -25.7       -3.9       -5.5      -1.46       9.67      0.854
     2e+003      0.977  1.13e+003       17.3      0.697  3.45e+003       82.1
       2.56      -8.34      -30.3      -8.51     -0.553       -2.8       13.5       6.05
  2.51e+003      0.927        992       5.03      0.624        896       73.4
      -17.4        -19      -24.3      -7.04       1.05       2.84       9.74       4.06
  3.16e+003       0.86        581         31      0.245        455       5.06
       -5.8      -9.72      -17.3      -9.79      -8.02      -2.17        6.7       4.18
  3.98e+003      0.968        573       26.1      0.294        352         72
       14.9      -15.4      -23.2      -3.53      -21.2      -8.31       11.9       2.24
  5.01e+003       0.94        475       25.4      0.257        107       2.37
       1.38      -1.91      -18.9      -7.93      -8.45      -2.32       6.23      0.858
  6.31e+003      0.949        401       31.8      0.617       70.3       9.06
       2.95     -0.176      -17.4      -9.42      -8.44      -3.11       5.26       1.12
  7.94e+003      0.983        150       53.8      0.996       37.3       12.9
        5.4       2.78      -17.4       -8.5      -7.56      -3.33       4.33       1.28
     1e+004      0.897        290       23.5      0.611       55.1       26.9
     -0.744      -1.27      -13.4      -5.86      -5.65      -4.38       5.22       1.43
  1.26e+004      0.713        146       37.1      0.915       62.5       40.3
      -2.48      -2.16      -6.85      -5.98      -5.25       -4.8       3.36       1.66
  1.58e+004      0.854        191         72      0.993       29.2       43.7
       -4.2      -3.08      -6.16      -4.31      -3.42      -3.84       1.52      0.821
     2e+004      0.579        296       43.8      0.986       65.4         40
      -3.24      -3.65      -6.68      -7.13       -6.1      -5.15       1.69       1.52
  2.51e+004      0.999        113       38.6      0.865        117       13.7
      -4.77      -3.64      -8.23      -7.16      -3.86      -3.35      0.971      0.213
  3.16e+004       0.99       38.1       72.4      0.344       1.18       62.4
      -4.29      -1.49      -4.06      -6.01       -2.5      -0.62      -1.26     -0.178
  3.98e+004      0.997        105       54.1      0.927        294       47.3
      -1.57      -1.83      -6.06      -7.77       -3.4     -0.328      -3.54      0.761
  5.01e+004      0.999       78.1       46.9      0.979        545       19.7
    -0.0374      0.216      -6.08      -6.48      -7.72      -4.19      -3.25       2.76
  6.31e+004      0.989       84.2       55.1      0.896        356       26.5
      -1.12      -3.29      -4.15      -7.81      -4.35      -4.91      -1.19       5.28
  7.94e+004      0.941       89.2       66.9      0.783        350       42.6
       1.39       2.24      -3.81      -7.33      -3.12      -4.49      0.283       6.86
     1e+005      0.666       77.1       32.7      0.771       53.1       18.6
       -1.3     -0.835      -5.08      -3.25      -5.12       -1.7       1.78      0.745
  1.26e+005          0          0          0          0          0          0
          0          0          0          0          0          0          0          0
  1.58e+005          0          0          0          0          0          0
          0          0          0          0          0          0          0          0
     2e+005          0          0          0          0          0          0
          0          0          0          0          0          0          0          0
  2.51e+005          0          0          0          0          0          0
          0          0          0          0          0          0          0          0
  3.16e+005          0          0          0          0          0          0
          0          0          0          0          0          0          0          0
  3.98e+005          0          0          0          0          0          0
          0          0          0          0          0          0          0          0
  5.01e+005          0          0          0          0          0          0
          0          0          0          0          0          0          0          0
  6.31e+005          0          0          0          0          0          0
          0          0          0          0          0          0          0          0
  7.94e+005          0          0          0          0          0          0
          0          0          0          0          0          0          0          0
     1e+006          0          0          0          0          0          0
          0          0          0          0          0          0          0          0
  1.26e+006          0          0          0          0          0          0
          0          0          0          0          0          0          0          0
  1.58e+006          0          0          0          0          0          0
          0          0          0          0          0          0          0          0
     2e+006          0          0          0          0          0          0
          0          0          0          0          0          0          0          0
  2.51e+006          0          0          0          0          0          0
          0          0          0          0          0          0          0          0
  3.16e+006          0          0          0          0          0          0
          0          0          0          0          0          0          0          0
  3.98e+006          0          0          0          0          0          0
          0          0          0          0          0          0          0          0
  5.01e+006          0          0          0          0          0          0
          0          0          0          0          0          0          0          0
  6.31e+006          0          0          0          0          0          0
          0          0          0          0          0          0          0          0
