       12.6          0          0          0          0          0          0
          0          0          0          0          0          0          0          0
       15.8          0          0          0          0          0          0
          0          0          0          0          0          0          0          0
         20          0          0          0          0          0          0
          0          0          0          0          0          0          0          0
       25.1          0          0          0          0          0          0
          0          0          0          0          0          0          0          0
       31.6          0          0          0          0          0          0
          0          0          0          0          0          0          0          0
       39.8      0.127       9.89       14.9      0.669      0.551       63.9
      0.295      0.494     -0.522     -0.243     -0.331     -0.407     0.0412    -0.0263
       50.1      0.139      0.471       17.5      0.958      0.262       55.5
       1.15    -0.0777      -0.29      0.167     -0.316     -0.407     0.0132   -0.00292
       63.1      0.228       5.38       19.6      0.637      0.229       50.9
       -2.1      -1.96       1.27      0.208     -0.309    -0.0791     0.0233    -0.0635
       79.4          0          0          0          0          0          0
          0          0          0          0          0          0          0          0
        100          0          0          0          0          0          0
          0          0          0          0          0          0          0          0
        126          0          0          0          0          0          0
          0          0          0          0          0          0          0          0
        158          0          0          0          0          0          0
          0          0          0          0          0          0          0          0
        200      0.179       4.59       60.5      0.636     0.0325       78.2
       5.38      -13.1      -1.85     -0.669      0.156     0.0712   -0.00482    -0.0306
        251      0.268     0.0473       79.3      0.982      0.011       46.4
     -0.852      -1.13     -0.211      0.324     0.0769     -0.153     -0.018    0.00381
        316      0.652       9.67       83.5      0.912     0.0366         46
        4.4       3.57     0.0284      -1.25     0.0889      0.182     0.0513   -0.00421
        398     0.0525       15.5       76.5      0.503     0.0549       10.5
      0.931     0.0967     -0.135     -0.339     0.0422     0.0469     0.0354      0.023
        501      0.402       3.96       10.8      0.956       1.53       32.6
       1.72     -0.545      0.654      0.718       -0.3     -0.224     -0.378      0.246
        631      0.144        1.3       83.6       0.91      0.368         87
     -0.292       3.94      0.769      0.141      0.111      0.177      0.158     0.0321
        794     0.0992       12.3       13.4      0.184          2       35.7
       2.43       6.32      0.802     -0.567     -0.297      0.632      0.122     0.0172
     1e+003     0.0555       31.5         72      0.602       8.31       47.6
      -3.41      -2.34     0.0114      0.182      -1.42       -1.5     -0.119      0.404
  1.26e+003      0.473       3.65       83.4      0.394       1.47       66.7
      0.534       1.13      -0.06      0.522   -0.00412      -1.12      0.117      0.459
  1.58e+003          0          0          0          0          0          0
          0          0          0          0          0          0          0          0
     2e+003          0          0          0          0          0          0
          0          0          0          0          0          0          0          0
  2.51e+003          0          0          0          0          0          0
          0          0          0          0          0          0          0          0
  3.16e+003          0          0          0          0          0          0
          0          0          0          0          0          0          0          0
  3.98e+003          0          0          0          0          0          0
          0          0          0          0          0          0          0          0
  5.01e+003          0          0          0          0          0          0
          0          0          0          0          0          0          0          0
  6.31e+003          0          0          0          0          0          0
          0          0          0          0          0          0          0          0
  7.94e+003          0          0          0          0          0          0
          0          0          0          0          0          0          0          0
     1e+004          0          0          0          0          0          0
          0          0          0          0          0          0          0          0
  1.26e+004          0          0          0          0          0          0
          0          0          0          0          0          0          0          0
  1.58e+004          0          0          0          0          0          0
          0          0          0          0          0          0          0          0
     2e+004          0          0          0          0          0          0
          0          0          0          0          0          0          0          0
  2.51e+004          0          0          0          0          0          0
          0          0          0          0          0          0          0          0
  3.16e+004          0          0          0          0          0          0
          0          0          0          0          0          0          0          0
  3.98e+004          0          0          0          0          0          0
          0          0          0          0          0          0          0          0
  5.01e+004          0          0          0          0          0          0
          0          0          0          0          0          0          0          0
  6.31e+004          0          0          0          0          0          0
          0          0          0          0          0          0          0          0
  7.94e+004          0          0          0          0          0          0
          0          0          0          0          0          0          0          0
     1e+005          0          0          0          0          0          0
          0          0          0          0          0          0          0          0
  1.26e+005          0          0          0          0          0          0
          0          0          0          0          0          0          0          0
  1.58e+005          0          0          0          0          0          0
          0          0          0          0          0          0          0          0
     2e+005          0          0          0          0          0          0
          0          0          0          0          0          0          0          0
  2.51e+005          0          0          0          0          0          0
          0          0          0          0          0          0          0          0
  3.16e+005          0          0          0          0          0          0
          0          0          0          0          0          0          0          0
  3.98e+005          0          0          0          0          0          0
          0          0          0          0          0          0          0          0
  5.01e+005          0          0          0          0          0          0
          0          0          0          0          0          0          0          0
  6.31e+005          0          0          0          0          0          0
          0          0          0          0          0          0          0          0
  7.94e+005          0          0          0          0          0          0
          0          0          0          0          0          0          0          0
     1e+006          0          0          0          0          0          0
          0          0          0          0          0          0          0          0
  1.26e+006          0          0          0          0          0          0
          0          0          0          0          0          0          0          0
  1.58e+006          0          0          0          0          0          0
          0          0          0          0          0          0          0          0
     2e+006          0          0          0          0          0          0
          0          0          0          0          0          0          0          0
  2.51e+006          0          0          0          0          0          0
          0          0          0          0          0          0          0          0
  3.16e+006          0          0          0          0          0          0
          0          0          0          0          0          0          0          0
  3.98e+006          0          0          0          0          0          0
          0          0          0          0          0          0          0          0
  5.01e+006          0          0          0          0          0          0
          0          0          0          0          0          0          0          0
  6.31e+006          0          0          0          0          0          0
          0          0          0          0          0          0          0          0
