       12.6          0          0          0          0          0          0
          0          0          0          0          0          0          0          0
       15.8          0          0          0          0          0          0
          0          0          0          0          0          0          0          0
         20          0          0          0          0          0          0
          0          0          0          0          0          0          0          0
       25.1          0          0          0          0          0          0
          0          0          0          0          0          0          0          0
       31.6          0          0          0          0          0          0
          0          0          0          0          0          0          0          0
       39.8          0          0          0          0          0          0
          0          0          0          0          0          0          0          0
       50.1      0.516     0.0601       39.1       0.47        8.2       48.9
      0.568      0.263     0.0541       0.02      -1.62      0.477     -0.271     -0.128
       63.1          0          0          0          0          0          0
          0          0          0          0          0          0          0          0
       79.4          0          0          0          0          0          0
          0          0          0          0          0          0          0          0
        100          0          0          0          0          0          0
          0          0          0          0          0          0          0          0
        126          0          0          0          0          0          0
          0          0          0          0          0          0          0          0
        158        0.3      0.794       33.8      0.758        127         88
   -0.00441      -1.39      0.288      0.154     -0.848        -10      0.503     -0.223
        200          0          0          0          0          0          0
          0          0          0          0          0          0          0          0
        251      0.935      0.013       30.3      0.757      0.186         64
      0.513       0.97   -0.00414   -0.00212     -0.425     -0.812     0.0516    -0.0572
        316     0.0189  4.24e+003       72.5      0.827   1.4e+004       43.6
       -147       -103       11.3      -19.5      -81.5      -78.5       8.92        -11
        398     0.0549  2.09e+003       58.8      0.904  3.06e+004       54.3
       17.4       -144     -0.636       5.83         93       -130       -3.8       5.39
        501       0.49       1.64       21.6      0.203       55.3       45.7
       2.98       3.18    -0.0799      0.434       1.38      -1.42     -0.145      0.439
        631       0.49      0.209         61      0.729       2.71       55.6
      0.646       2.19     -0.273      0.127     -0.964      -1.11     0.0729    -0.0605
        794      0.346       4.58         39      0.296       50.2       18.1
      -7.37       1.76     -0.659      0.363       -4.1     -0.342     -0.411       0.42
     1e+003      0.393       30.3         31      0.168        474       19.1
      -25.4      -8.58      -2.33       6.83      -27.4      -12.5      -1.39       6.85
  1.26e+003      0.667       35.1       80.8       0.19       4.46       17.1
      0.229       3.78      0.331       1.42     0.0837     -0.462      0.232      0.789
  1.58e+003          0          0          0          0          0          0
          0          0          0          0          0          0          0          0
     2e+003          0          0          0          0          0          0
          0          0          0          0          0          0          0          0
  2.51e+003          0          0          0          0          0          0
          0          0          0          0          0          0          0          0
  3.16e+003          0          0          0          0          0          0
          0          0          0          0          0          0          0          0
  3.98e+003          0          0          0          0          0          0
          0          0          0          0          0          0          0          0
  5.01e+003          0          0          0          0          0          0
          0          0          0          0          0          0          0          0
  6.31e+003          0          0          0          0          0          0
          0          0          0          0          0          0          0          0
  7.94e+003          0          0          0          0          0          0
          0          0          0          0          0          0          0          0
     1e+004          0          0          0          0          0          0
          0          0          0          0          0          0          0          0
  1.26e+004          0          0          0          0          0          0
          0          0          0          0          0          0          0          0
  1.58e+004          0          0          0          0          0          0
          0          0          0          0          0          0          0          0
     2e+004          0          0          0          0          0          0
          0          0          0          0          0          0          0          0
  2.51e+004          0          0          0          0          0          0
          0          0          0          0          0          0          0          0
  3.16e+004          0          0          0          0          0          0
          0          0          0          0          0          0          0          0
  3.98e+004          0          0          0          0          0          0
          0          0          0          0          0          0          0          0
  5.01e+004          0          0          0          0          0          0
          0          0          0          0          0          0          0          0
  6.31e+004          0          0          0          0          0          0
          0          0          0          0          0          0          0          0
  7.94e+004          0          0          0          0          0          0
          0          0          0          0          0          0          0          0
     1e+005          0          0          0          0          0          0
          0          0          0          0          0          0          0          0
  1.26e+005          0          0          0          0          0          0
          0          0          0          0          0          0          0          0
  1.58e+005          0          0          0          0          0          0
          0          0          0          0          0          0          0          0
     2e+005          0          0          0          0          0          0
          0          0          0          0          0          0          0          0
  2.51e+005          0          0          0          0          0          0
          0          0          0          0          0          0          0          0
  3.16e+005          0          0          0          0          0          0
          0          0          0          0          0          0          0          0
  3.98e+005          0          0          0          0          0          0
          0          0          0          0          0          0          0          0
  5.01e+005          0          0          0          0          0          0
          0          0          0          0          0          0          0          0
  6.31e+005          0          0          0          0          0          0
          0          0          0          0          0          0          0          0
  7.94e+005          0          0          0          0          0          0
          0          0          0          0          0          0          0          0
     1e+006          0          0          0          0          0          0
          0          0          0          0          0          0          0          0
  1.26e+006          0          0          0          0          0          0
          0          0          0          0          0          0          0          0
  1.58e+006          0          0          0          0          0          0
          0          0          0          0          0          0          0          0
     2e+006          0          0          0          0          0          0
          0          0          0          0          0          0          0          0
  2.51e+006          0          0          0          0          0          0
          0          0          0          0          0          0          0          0
  3.16e+006          0          0          0          0          0          0
          0          0          0          0          0          0          0          0
  3.98e+006          0          0          0          0          0          0
          0          0          0          0          0          0          0          0
  5.01e+006          0          0          0          0          0          0
          0          0          0          0          0          0          0          0
  6.31e+006          0          0          0          0          0          0
          0          0          0          0          0          0          0          0
