       12.6          0          0          0          0          0          0
          0          0          0          0          0          0          0          0
       15.8          0          0          0          0          0          0
          0          0          0          0          0          0          0          0
         20          0          0          0          0          0          0
          0          0          0          0          0          0          0          0
       25.1      0.572  1.04e+003       35.3      0.421  3.08e+003       28.9
         14      -3.55      -14.4      -7.84      -26.1      -15.9       10.3      -11.9
       31.6      0.657        701       38.3      0.183  4.67e+003       47.4
         21       10.4      -13.7      -9.85      -11.4      -9.97      -2.86      -15.3
       39.8      0.748        373       47.3      0.192  2.89e+003       52.6
       9.97      -1.64      -9.26      -11.3      -4.51        3.2      -5.58      -13.4
       50.1      0.968        382       44.8      0.285  3.46e+003          2
       7.38      -9.06        -13      -13.8       10.6      -6.59      -12.2      -14.5
       63.1      0.873        282       34.9      0.155  3.52e+003       60.1
       9.96      -5.23      -11.8      -8.69       -5.7      -11.7      -9.68      -10.6
       79.4      0.713        264       25.7      0.396  2.63e+003       9.77
       7.09      -8.09      -10.3      -5.33      -20.7      -4.98      -5.57      -5.54
        100      0.738        302       22.4      0.224  2.85e+003       17.6
       10.1      -8.86      -11.7         -5      -12.8      -4.25      -7.54      -4.99
        126      0.841        226         29      0.277  1.17e+003       26.8
        4.8      -1.57      -10.8      -5.99      -11.3      -2.39      -6.57      -2.12
        158      0.835        208       36.8      0.197        839       64.1
       2.76      -5.36      -9.34      -7.63      -7.35      -5.86      -6.84      -2.08
        200       0.96        154       49.8      0.676        287       22.5
      -1.81      -5.95      -9.46      -8.25      -6.41      -5.38      -6.32      -1.64
        251      0.998        156       39.3      0.947  1.15e+003       39.7
      -5.77       5.42      -11.3      -8.06      -4.61       2.16       -8.3      -1.66
        316      0.961        228       31.9      0.632        454       23.8
       2.56      -3.46      -12.7      -8.03      -13.3      0.609      -4.44      0.555
        398      0.975        202       38.7      0.793        439       37.4
      -4.21      -4.05      -11.2      -7.19      -7.46      -1.85      -5.72      0.267
        501          1        186       33.4      0.997  1.02e+003       23.1
       3.76      -1.55      -12.1      -7.55      -15.2      0.138      -3.33      0.826
        631      0.986        207       49.8      0.964        416          2
      -4.92      -16.5      -11.3      -6.05      -11.8      -8.43      -3.96      0.611
        794      0.982        247       22.9      0.696        115       52.2
       5.34     -0.865      -14.1      -7.87      -5.76      0.126      -4.25    -0.0911
     1e+003      0.935        455       15.1      0.665       30.4       34.6
      -2.65        -10      -16.3       -7.4      -3.47     -0.597      -2.16      0.227
  1.26e+003      0.776        360       43.3      0.746       16.2          2
      -8.89      -17.6       -5.6      0.252      -2.15     -0.275      0.742       0.45
  1.58e+003      0.896        656       11.6      0.693       42.5         88
      -5.25       6.87      -20.4       0.72       -1.7       3.92      -2.05        1.6
     2e+003      0.884        805       21.2      0.859       28.3       83.3
        -11       13.4      -22.1       8.71      -2.38       5.07      -2.49       3.44
  2.51e+003      0.842        866       8.26      0.456       18.1         88
       3.77       6.92      -17.1      -1.14      -1.48       2.46      -1.04       2.05
  3.16e+003      0.838        481       24.3      0.727       31.5       14.7
      -1.89      -5.48      -17.3      -10.1      -4.17     -0.965     -0.645      0.104
  3.98e+003      0.968        644       30.2      0.409         21       79.6
     -0.843      -7.27      -21.2      -12.1      0.366       1.95      -0.53      -1.47
  5.01e+003       0.91        479       28.3      0.854       20.4       24.1
       -4.2      -5.22      -18.5      -11.4      -3.31      -1.62      0.697     0.0126
  6.31e+003      0.913        419       30.3      0.949       18.4         28
       -4.9      -5.58      -19.1      -11.9      -3.39      -1.78      0.499      0.218
  7.94e+003      0.996         91       35.7          1         13       33.4
      -4.11      -2.91      -15.2      -7.42      -2.79      -1.79      0.422       0.16
     1e+004      0.728        307       2.59      0.936       13.5       40.2
      -8.68       1.46      -18.7       2.76      -2.49      -2.19      0.349    -0.0627
  1.26e+004      0.806        172       24.3      0.931       17.5       49.9
       1.98       1.44      -6.46      -4.99      -2.53      -3.06     -0.244     -0.148
  1.58e+004      0.954        199       59.8      0.999       19.5       61.6
       3.54       2.62      -2.68      -4.11      -2.27      -3.66       1.03      0.271
     2e+004      0.821        129       37.7      0.985       64.9       41.8
       1.12       0.21      -6.01      -6.62      -5.84      -5.08       1.66      0.785
  2.51e+004      0.996       58.3       35.4      0.994       17.6       81.8
       2.69       3.14      -7.32      -6.95      -2.74      -4.22       1.38       0.49
  3.16e+004      0.973       10.5         62      0.993       11.8         76
       1.77       3.11      -1.58       -4.7      -3.42      -3.52       2.43      -1.06
  3.98e+004      0.996       35.2       83.5      0.883       36.6       73.8
     -0.561       1.81      -1.33      -5.86      -3.65      -3.62       2.86      -1.82
  5.01e+004      0.997       34.3         88      0.984        465       5.02
      -3.94      -2.46      -1.06      -5.68      -6.18       -2.2       2.73      -2.45
  6.31e+004      0.998         72       86.6      0.985        192       24.4
      -1.03      0.646      0.714      -7.95      -3.44       -3.9       1.58      -3.98
  7.94e+004      0.966        142       77.9      0.949        141       20.6
      -5.13      -3.16      0.649      -8.26      -4.17      -1.96       1.32      -4.44
     1e+005      0.802        192       44.6      0.852       53.8       39.8
      -4.46      -3.57      -7.59      -7.14      -4.86      -4.02      0.227      0.256
  1.26e+005          0          0          0          0          0          0
          0          0          0          0          0          0          0          0
  1.58e+005          0          0          0          0          0          0
          0          0          0          0          0          0          0          0
     2e+005          0          0          0          0          0          0
          0          0          0          0          0          0          0          0
  2.51e+005          0          0          0          0          0          0
          0          0          0          0          0          0          0          0
  3.16e+005          0          0          0          0          0          0
          0          0          0          0          0          0          0          0
  3.98e+005          0          0          0          0          0          0
          0          0          0          0          0          0          0          0
  5.01e+005          0          0          0          0          0          0
          0          0          0          0          0          0          0          0
  6.31e+005          0          0          0          0          0          0
          0          0          0          0          0          0          0          0
  7.94e+005          0          0          0          0          0          0
          0          0          0          0          0          0          0          0
     1e+006          0          0          0          0          0          0
          0          0          0          0          0          0          0          0
  1.26e+006          0          0          0          0          0          0
          0          0          0          0          0          0          0          0
  1.58e+006          0          0          0          0          0          0
          0          0          0          0          0          0          0          0
     2e+006          0          0          0          0          0          0
          0          0          0          0          0          0          0          0
  2.51e+006          0          0          0          0          0          0
          0          0          0          0          0          0          0          0
  3.16e+006          0          0          0          0          0          0
          0          0          0          0          0          0          0          0
  3.98e+006          0          0          0          0          0          0
          0          0          0          0          0          0          0          0
  5.01e+006          0          0          0          0          0          0
          0          0          0          0          0          0          0          0
  6.31e+006          0          0          0          0          0          0
          0          0          0          0          0          0          0          0
