       12.6          0          0          0          0          0          0
          0          0          0          0          0          0          0          0
       15.8      0.724  2.92e+003       13.3      0.318        350       48.7
       14.7      -6.71       34.9       13.2      -7.53      -8.28       8.66       2.95
         20      0.861  2.91e+003       25.7       0.21        256       38.8
       5.02        -16       42.3       27.3      -6.89      -10.6       8.35       7.52
       25.1       0.72  2.24e+003       25.6      0.605        257         48
      0.606      -7.19       31.8       16.3      -7.83      -9.74        9.6       4.43
       31.6      0.695  2.24e+003       22.3      0.678        316       67.7
      0.126      -11.4       30.6       14.7      -6.87      -12.1       8.31       2.17
       39.8      0.762        771       14.7      0.375        342         57
      -13.3      -5.36       23.6       6.36        -12      -8.35       7.19       1.68
       50.1      0.744        104       8.62      0.344       74.8       61.3
      -62.8      -10.2       26.8       2.25      -25.2      -2.99        8.7      -0.77
       63.1       0.68        513       8.75       0.46        325       49.6
      -6.22      -12.3       16.9       4.06      -11.4       -9.4       6.22       1.05
       79.4      0.739        956       9.69      0.847        257         56
      -7.92      -7.23       23.6       7.45      -10.6      -10.3        6.6       1.56
        100       0.74  1.22e+003          2       0.79        284       59.9
       -1.5      -14.4       24.7       3.25      -9.63      -10.6       5.92       1.11
        126      0.816  1.29e+003       5.08      0.897        252       51.8
      -7.48      -6.79       29.6       5.11      -10.1      -10.6       6.79       1.66
        158      0.727  1.01e+003          2      0.945        204       49.1
      -7.49      -8.79         26       6.28      -10.7      -10.3       6.21       2.11
        200      0.984        358       22.2      0.248       92.3       16.4
      -7.11      -4.92       19.5       8.18      -10.3      -9.84       5.37       2.89
        251      0.991        818       7.79      0.794        561       5.09
        -12      0.314       30.7       3.42        -11      -9.85        8.1       1.93
        316      0.951  2.43e+003       19.7      0.172        706       14.8
      -16.2      -7.57       47.6       16.5      -11.7      -11.6       9.79       3.34
        398      0.799        559       19.7      0.816        204       56.2
      -9.84      -2.54       20.9       7.08      -10.5      -11.3       5.07       1.87
        501      0.999  2.08e+003       16.1      0.877   2.5e+003       23.4
      -9.61     -0.227       45.1       12.3      -10.5      -11.9       9.44       2.39
        631      0.989  1.39e+003       28.2      0.582        282       45.5
      -10.6       4.36       35.6         16      -10.9      -12.9       7.96       2.54
        794      0.956  3.28e+003       31.6      0.822        593       65.7
      -9.41      -4.82       46.5       30.9      -11.3      -14.9       8.83       3.21
     1e+003       0.95  1.52e+003       42.3       0.81        211       29.6
      -15.5    -0.0231       31.3       19.3      -12.7      -15.1       6.58       2.28
  1.26e+003      0.794  5.17e+003       5.23      0.757        624       61.2
      -13.7       3.69       58.2       4.15      -11.2      -16.4       2.44      -1.24
  1.58e+003      0.981  2.14e+003       23.6      0.794  1.92e+003       40.2
      -41.9       2.47       46.1       18.4      -20.2      -12.5       6.35     -0.664
     2e+003      0.989  2.28e+003       27.7      0.905  1.59e+003       54.6
       -133      -61.8       54.5       32.1      -20.9       0.66       5.82      -2.33
  2.51e+003      0.957  2.43e+003       21.7      0.513  1.76e+003         88
       -124      -33.9         51       23.5      -16.3     -0.235       4.59      -2.29
  3.16e+003      0.947  1.64e+003       20.8      0.806        584       68.7
      -32.7      0.367       41.6       13.8      -14.5      -14.4       3.04      -1.39
  3.98e+003      0.986  1.93e+003       20.1       0.79  1.42e+003       70.2
      -24.5      -13.2       42.5       17.6      -16.6      -6.48        3.3      -3.27
  5.01e+003      0.962  1.54e+003       19.9      0.895        382       37.4
      -1.37     -0.114       35.7         13      -13.9      -9.14       2.09         -3
  6.31e+003       0.94  1.34e+003       9.56      0.929        370       33.8
      -1.48       1.03       34.3       5.64        -15       -9.4      0.938      -1.15
  7.94e+003      0.958     2e+003       5.86      0.982        583       20.8
       8.14      -6.45       33.9      0.841      -20.8      -9.18       -2.4      0.928
     1e+004      0.881        533       18.4      0.931        395       32.5
      0.934          1       19.1       6.04      -15.8      -9.95      0.514      0.287
  1.26e+004      0.896        346       20.5      0.931        405       36.3
       1.29    -0.0353       15.3       5.89      -15.1      -11.5      0.199        2.1
  1.58e+004      0.839        383         16      0.895        358       37.5
      0.503       3.93       15.1        3.4      -12.8      -10.9      -1.04       2.25
     2e+004      0.732        233       24.8      0.986        330       34.9
       1.33      -1.91       11.3       4.83      -14.5      -10.1     -0.652       3.09
  2.51e+004      0.946        518       9.82      0.902        478       7.75
     -0.503      -1.78       21.2       4.35      -10.8      -8.01      -5.31       1.75
  3.16e+004      0.741        241       41.9      0.869        363       33.9
     -0.561       -2.7       9.15       8.34        -14      -9.93        3.9       3.66
  3.98e+004      0.889        394       21.6      0.696        135       21.7
      0.798      -2.11       15.9       6.75       -7.1      -2.89     -0.546     -0.784
  5.01e+004      0.926        187       33.7      0.293       99.3       71.4
      0.801     -0.253       10.3       7.03      -1.91      -4.87      0.372       2.76
  6.31e+004      0.726        173       11.7      0.674        116         45
       1.03      -2.05       8.75       2.18      -4.88      -5.23         -1     -0.393
  7.94e+004      0.216       7.59       39.5      0.618       80.2       55.2
    -0.0281    -0.0761       0.46      0.385      -3.16      -4.55    -0.0781      0.156
     1e+005      0.488       26.3       32.5      0.783         88       30.1
     -0.037      0.687       2.05       1.02       -6.2      -3.74     -0.622      0.452
  1.26e+005          0          0          0          0          0          0
          0          0          0          0          0          0          0          0
  1.58e+005          0          0          0          0          0          0
          0          0          0          0          0          0          0          0
     2e+005          0          0          0          0          0          0
          0          0          0          0          0          0          0          0
  2.51e+005          0          0          0          0          0          0
          0          0          0          0          0          0          0          0
  3.16e+005          0          0          0          0          0          0
          0          0          0          0          0          0          0          0
  3.98e+005          0          0          0          0          0          0
          0          0          0          0          0          0          0          0
  5.01e+005          0          0          0          0          0          0
          0          0          0          0          0          0          0          0
  6.31e+005          0          0          0          0          0          0
          0          0          0          0          0          0          0          0
  7.94e+005          0          0          0          0          0          0
          0          0          0          0          0          0          0          0
     1e+006          0          0          0          0          0          0
          0          0          0          0          0          0          0          0
  1.26e+006          0          0          0          0          0          0
          0          0          0          0          0          0          0          0
  1.58e+006          0          0          0          0          0          0
          0          0          0          0          0          0          0          0
     2e+006          0          0          0          0          0          0
          0          0          0          0          0          0          0          0
  2.51e+006          0          0          0          0          0          0
          0          0          0          0          0          0          0          0
  3.16e+006          0          0          0          0          0          0
          0          0          0          0          0          0          0          0
  3.98e+006          0          0          0          0          0          0
          0          0          0          0          0          0          0          0
  5.01e+006          0          0          0          0          0          0
          0          0          0          0          0          0          0          0
  6.31e+006          0          0          0          0          0          0
          0          0          0          0          0          0          0          0
