       12.6          0          0          0          0          0          0
          0          0          0          0          0          0          0          0
       15.8      0.285  1.17e+003       34.8      0.523        285       4.82
       3.57      -10.1       7.31       5.25       8.43      0.573     -0.896       1.63
         20       0.28  1.89e+003         45      0.646        296       8.05
     -0.671       3.28       8.47       8.63       10.9       1.59     -0.755      -1.13
       25.1      0.246  3.24e+003         28      0.608        421       12.9
       27.4      -11.3       17.8        7.1       12.2       2.31      0.633      -1.23
       31.6      0.373   2.6e+004       27.6       0.53  2.47e+003       5.35
        105      -28.8         60       45.9         29     -0.648       9.98        7.5
       39.8          0          0          0          0          0          0
          0          0          0          0          0          0          0          0
       50.1      0.824         99         88      0.767       57.5       12.9
       2.78      -3.17      0.758        9.4       1.52       2.84     -0.291       -2.8
       63.1      0.542        170       69.6       0.61       57.1       16.5
      -5.35      -2.61        3.6       5.23        3.2       3.17      -1.52      -1.57
       79.4      0.376        228       62.8      0.716       71.1       18.4
      -6.38      -3.81       3.32       3.31       5.27       2.81      -1.56     -0.534
        100      0.315        380       64.9      0.701       79.8         13
      -5.74      -1.62       2.65       3.91       5.89        2.1      -1.15    -0.0648
        126      0.511        404       48.2      0.888       64.3       33.5
      -5.06      0.221          5       6.45        5.5       4.13      -1.32      -0.23
        158      0.745        394       37.7      0.901         60       28.9
      -3.59      0.301       9.41       7.84       5.47       3.55      -2.02     -0.584
        200      0.956        273       14.7       0.58       47.6       87.9
     -0.239     -0.936       15.3        4.4       3.43       4.56      -3.98      -1.72
        251      0.824        327       73.4      0.817       34.9       48.6
      -16.1      0.991       3.49       9.79       1.93       2.94      0.867      -2.13
        316      0.596        682       39.2      0.565        113       48.1
      -1.13       1.04       11.9       9.56       4.27        5.4       -2.2    -0.0631
        398      0.836        167         64       0.78         44       68.6
      -3.37       1.11       5.32        8.4       2.53       6.29      -3.34       -1.1
        501      0.982        936       23.6      0.954         21       58.2
      -15.3      -6.37       17.3       15.8       3.89       3.81      0.917     -0.747
        631      0.774        276       28.3      0.929       17.9       27.9
       2.84      -12.4       11.6       12.4       4.48       1.82      -1.75      0.462
        794       0.87        330       59.2      0.726       41.3       35.2
       3.58       10.3       5.44       5.72       2.49       9.99       1.19      -6.38
     1e+003      0.992        968       46.6      0.987         43       64.1
       5.01       8.01       11.8       15.3       5.24       6.72       -3.3     0.0299
  1.26e+003      0.764  2.68e+003       8.53      0.854       90.7       60.3
       6.44       41.2      -9.66      -24.7       -2.8       11.7       1.81        -15
  1.58e+003      0.813  2.42e+003       13.8      0.901        161       55.6
       17.5       23.4     -0.914      0.268       8.39       12.2       -6.3      -1.75
     2e+003      0.891  3.32e+003       30.9      0.971        310       51.4
       20.3       10.6       10.1         16       14.4       10.7      -7.16       7.49
  2.51e+003      0.935   3.6e+003       16.6      0.978        362       50.2
       26.4       15.6       7.44       1.78       14.2       15.5      -4.45      -1.22
  3.16e+003       0.91  2.41e+003       30.7      0.939        259       48.6
       17.5       11.8       19.3       4.78       10.4         15      0.309      -6.15
  3.98e+003      0.962  3.23e+003       31.9      0.976        448       45.7
       10.8       6.51       28.8         18       20.4         15      -12.5     -0.524
  5.01e+003      0.939  2.42e+003       12.7      0.921        381       33.7
       9.48       3.57       33.7       8.68       19.4       15.2      -9.22      -6.83
  6.31e+003      0.894  1.97e+003       4.24      0.938        369       25.4
       10.2      0.187       30.6     -0.421       16.6       9.12      -2.21      -3.82
  7.94e+003      0.998  1.95e+003       22.3      0.999        294          8
         13      -4.52       24.3      -2.38       17.6       5.04      -2.56      -3.56
     1e+004      0.938        431       6.84      0.906        354       22.8
       8.68      0.464       19.8       3.57       14.7        7.8      -4.11       -1.2
  1.26e+004      0.987        339       3.54      0.885        458       9.55
       5.18        3.6       17.9       3.17       13.8         10      -5.95     -0.615
  1.58e+004      0.999        315       6.07       0.76        158       37.1
       3.65      0.457       16.6       2.26       16.9       9.76      -5.31      -3.07
     2e+004       0.94        238       9.85      0.897        423       37.4
       4.45       3.59       14.7       2.94       13.6         11      -5.43      -1.42
  2.51e+004       0.99        155       21.3      0.911       90.2       36.5
       1.97       1.67       11.6       3.07         13       4.99      -2.53      -3.31
  3.16e+004      0.927        214       39.4      0.947       82.1       10.4
      0.276       6.56       12.8       2.45       11.1       1.38      -4.01      -1.37
  3.98e+004      0.991        442       25.1      0.974         54       5.34
      0.359       9.24       12.6       2.16       9.81       2.68      -4.45     -0.793
  5.01e+004      0.999        286       30.2      0.996       24.7        4.3
       2.69       4.49       11.2       6.22       3.36       1.69      0.415      -2.02
  6.31e+004      0.997        209       33.6      0.975       25.2       15.5
       1.24       4.29       9.69       6.26       2.08      0.979      0.465      -2.25
  7.94e+004      0.989        186       45.5      0.841       6.15       3.26
       0.11       3.19       8.66       7.73      0.981      0.809      0.534     -0.703
     1e+005      0.927        197       40.8      0.483       4.64       45.8
      -4.08      -2.26         12       9.56        1.5       1.13     -0.613     -0.268
  1.26e+005          0          0          0          0          0          0
          0          0          0          0          0          0          0          0
  1.58e+005          0          0          0          0          0          0
          0          0          0          0          0          0          0          0
     2e+005          0          0          0          0          0          0
          0          0          0          0          0          0          0          0
  2.51e+005          0          0          0          0          0          0
          0          0          0          0          0          0          0          0
  3.16e+005          0          0          0          0          0          0
          0          0          0          0          0          0          0          0
  3.98e+005          0          0          0          0          0          0
          0          0          0          0          0          0          0          0
  5.01e+005          0          0          0          0          0          0
          0          0          0          0          0          0          0          0
  6.31e+005          0          0          0          0          0          0
          0          0          0          0          0          0          0          0
  7.94e+005          0          0          0          0          0          0
          0          0          0          0          0          0          0          0
     1e+006          0          0          0          0          0          0
          0          0          0          0          0          0          0          0
  1.26e+006          0          0          0          0          0          0
          0          0          0          0          0          0          0          0
  1.58e+006          0          0          0          0          0          0
          0          0          0          0          0          0          0          0
     2e+006          0          0          0          0          0          0
          0          0          0          0          0          0          0          0
  2.51e+006          0          0          0          0          0          0
          0          0          0          0          0          0          0          0
  3.16e+006          0          0          0          0          0          0
          0          0          0          0          0          0          0          0
  3.98e+006          0          0          0          0          0          0
          0          0          0          0          0          0          0          0
  5.01e+006          0          0          0          0          0          0
          0          0          0          0          0          0          0          0
  6.31e+006          0          0          0          0          0          0
          0          0          0          0          0          0          0          0
