       12.6          0          0          0          0          0          0
          0          0          0          0          0          0          0          0
       15.8      0.762  8.28e+003         36      0.386  5.39e+003       28.7
        -19       15.8       55.9       34.5      -26.7      -16.4       28.4        2.5
         20      0.872  7.17e+003       25.6      0.436  6.07e+003       32.4
      -9.76      -4.28       62.4       29.1      -17.4      -16.9       34.5       10.7
       25.1       0.72  5.71e+003       21.4       0.38  3.42e+003       9.78
      -2.47       10.9       50.3       20.9      -20.7      -3.22       21.5       13.2
       31.6      0.791  4.52e+003       17.8      0.352  6.09e+003       59.6
      -9.55       0.88       50.9       18.3      -16.3      -14.5       33.6       7.21
       39.8       0.74  3.27e+003       6.71      0.197  1.03e+004       41.7
       7.33       3.88       42.9       5.01      -3.88      -4.59       43.4       11.2
       50.1      0.774  2.27e+003       6.46      0.588  8.39e+004       48.8
      -98.9      -70.3       35.3      -3.51       -108       -116       41.9       6.25
       63.1      0.791  2.83e+003       6.33      0.422  9.94e+003       29.6
      -10.7      -3.18       40.6       4.23      -20.3      -17.2       37.6       9.76
       79.4      0.769  3.24e+003       9.09      0.369  6.23e+003       41.3
      -8.15      -1.53       42.8       6.92      -16.8      -17.2       33.6       6.14
        100      0.759  5.63e+003       10.6      0.463  6.54e+003       13.9
      -15.3        2.9       53.4       10.5      -22.7      -6.99       42.2       13.4
        126      0.858  6.36e+003       14.6      0.541  5.32e+003       33.3
      -6.49      -3.28       64.4       16.8      -16.6      -12.4       40.3       11.4
        158      0.891  6.49e+003       13.9      0.625   5.4e+003       23.7
      -8.69      -5.39       66.9       15.7      -21.1      -12.3       40.2       9.81
        200      0.983  2.11e+003         30      0.871  1.05e+004       20.4
      -1.43       -8.2       39.1       20.4      -14.4      -15.2       24.4       9.47
        251      0.994  5.22e+003       43.7      0.994  8.53e+003       47.4
      -35.8      -41.1       30.2         31        -33        -32       18.4       16.7
        316      0.988  5.27e+003       2.95       0.97  7.19e+003       33.1
      -25.9      -12.8         56       4.91      -30.1      -16.5       29.6       2.72
        398      0.973  2.97e+003       3.46      0.733  5.83e+003       45.9
      -3.51      -4.51       51.3       2.99      -14.8      -13.3       28.7       1.59
        501          1  3.08e+003       4.56      0.999  1.04e+004         46
      -12.1      -5.25         51       5.97      -22.8      -14.8       25.9       3.15
        631      0.988   2.3e+003       12.8      0.965  6.36e+003         36
     -0.097        -33       42.5      -1.33        -17      -32.1       20.8     -0.438
        794       0.87  6.28e+003       14.2      0.913  5.51e+003          2
        -58         41       41.2       7.42      -41.8       11.2       22.8       4.34
     1e+003      0.989  1.09e+003       31.3      0.812  8.07e+003       23.8
      -12.1       14.2       30.7       16.3      -19.5      -5.05       17.5       6.58
  1.26e+003      0.924        507       41.3      0.724  2.65e+003         41
       22.7       30.5       10.6       9.96       3.76      -3.91       8.08       5.12
  1.58e+003      0.875  3.57e+003       16.8      0.115  2.93e+004       24.8
      -29.4       27.8       51.4      -17.9      -38.6       2.73         33      -9.42
     2e+003      0.899  4.06e+003       28.6      0.384  4.88e+003       17.3
      -2.45       19.4       51.8      -28.1      -26.9       -1.2       40.5        -17
  2.51e+003      0.865  4.58e+003       24.4      0.407  2.16e+004       69.2
       18.4       25.2       51.5      -20.6        -11       8.65       38.4      -9.52
  3.16e+003      0.841   1.5e+003       2.67      0.342  8.77e+003       27.2
       10.2       28.5       35.8       2.58      -15.9       10.9       25.2       5.26
  3.98e+003      0.859        897       28.3      0.498  3.05e+003       84.7
      -26.1       51.5       26.7      -1.19      -51.1       22.2       19.6      -1.57
  5.01e+003      0.998        575       37.1      0.979  1.25e+003       60.7
      -4.77       7.68         20       12.2      -20.8       2.55       11.4       5.85
  6.31e+003      0.984        547       33.3      0.891  1.57e+003       39.3
      -0.58     -0.701       18.9       12.5      -19.6      -8.33       11.6        7.3
  7.94e+003      0.978        540         56      0.987        354       4.66
       -4.6      -4.97       18.9         11      -15.3      -3.89       10.3        4.1
     1e+004      0.994        360       29.5      0.532        280       24.4
     -0.744      0.433       16.6       9.15      -13.2      -6.84       7.61       4.02
  1.26e+004      0.845        408       22.4      0.948        151       32.1
     0.0179        1.9       13.7       6.34      -9.67      -6.96       10.2       3.79
  1.58e+004      0.839        301       33.8      0.956        117       23.2
       2.49      0.216       13.6       7.92      -9.19      -3.95       4.86      0.858
     2e+004      0.895        225         31      0.952        401       27.2
      -1.84       1.62       12.3       7.53      -17.6      -7.99       9.92       6.05
  2.51e+004      0.997        237       30.8      0.787  2.41e+003       26.4
       1.72       3.02       13.2       7.53      -4.06      -4.11       5.22       1.56
  3.16e+004      0.835        101       47.3      0.645  1.03e+003       35.1
       2.24       0.59       6.06        5.9      -20.2       10.6      -2.35       1.22
  3.98e+004      0.972        163       40.2      0.923        692       9.32
      -3.25      -5.53       10.3       10.4      -24.9      -3.77     -0.503       5.43
  5.01e+004      0.987       97.5       43.3      0.958        989       12.9
      -2.09      -1.79       8.25       6.36      -18.6      -8.63      -2.49       5.61
  6.31e+004      0.976        127       45.9      0.754   1.1e+003         13
     -0.181      0.448       7.54       7.84      -9.68      -4.84     -0.236       11.4
  7.94e+004      0.871        154       46.5      0.444        834       65.8
     -0.259      -4.07       7.67        7.5      -2.08      -9.62       3.69       10.5
     1e+005      0.717         53       28.3      0.696        123       33.7
    -0.0612     -0.316       4.58       2.42      -5.79      -3.89       4.28       2.23
  1.26e+005          0          0          0          0          0          0
          0          0          0          0          0          0          0          0
  1.58e+005          0          0          0          0          0          0
          0          0          0          0          0          0          0          0
     2e+005          0          0          0          0          0          0
          0          0          0          0          0          0          0          0
  2.51e+005          0          0          0          0          0          0
          0          0          0          0          0          0          0          0
  3.16e+005          0          0          0          0          0          0
          0          0          0          0          0          0          0          0
  3.98e+005          0          0          0          0          0          0
          0          0          0          0          0          0          0          0
  5.01e+005          0          0          0          0          0          0
          0          0          0          0          0          0          0          0
  6.31e+005          0          0          0          0          0          0
          0          0          0          0          0          0          0          0
  7.94e+005          0          0          0          0          0          0
          0          0          0          0          0          0          0          0
     1e+006          0          0          0          0          0          0
          0          0          0          0          0          0          0          0
  1.26e+006          0          0          0          0          0          0
          0          0          0          0          0          0          0          0
  1.58e+006          0          0          0          0          0          0
          0          0          0          0          0          0          0          0
     2e+006          0          0          0          0          0          0
          0          0          0          0          0          0          0          0
  2.51e+006          0          0          0          0          0          0
          0          0          0          0          0          0          0          0
  3.16e+006          0          0          0          0          0          0
          0          0          0          0          0          0          0          0
  3.98e+006          0          0          0          0          0          0
          0          0          0          0          0          0          0          0
  5.01e+006          0          0          0          0          0          0
          0          0          0          0          0          0          0          0
  6.31e+006          0          0          0          0          0          0
          0          0          0          0          0          0          0          0
