       12.6          0          0          0          0          0          0
          0          0          0          0          0          0          0          0
       15.8      0.115       18.5       6.86      0.538       64.3       59.1
       3.64       4.29      -1.05      -1.49       4.25       8.73      -1.56      -2.85
         20          0          0          0          0          0          0
          0          0          0          0          0          0          0          0
       25.1          0          0          0          0          0          0
          0          0          0          0          0          0          0          0
       31.6          0          0          0          0          0          0
          0          0          0          0          0          0          0          0
       39.8      0.763      0.384         68      0.769       1.38       69.4
       1.16       3.01     -0.858     -0.911       1.82       3.98      -1.15      -1.38
       50.1      0.603      0.595       40.6      0.811       1.01       62.7
       2.33       4.45      -1.48      -1.45      0.523       2.21     -0.457     -0.621
       63.1      0.716      0.551       58.8      0.577       2.17       61.3
       1.22       3.41     -0.958      -1.01       2.76       4.15      -1.59      -1.42
       79.4          0          0          0          0          0          0
          0          0          0          0          0          0          0          0
        100          0          0          0          0          0          0
          0          0          0          0          0          0          0          0
        126      0.462       7.84         88      0.534       34.7         51
      -3.97     -0.776       1.71       1.37       7.17       7.44       -3.1      -2.21
        158      0.584       6.04       86.4       0.55       63.1       54.9
      -1.73       0.34      0.838       1.21       11.3       10.4      -5.32      -3.35
        200      0.626      0.588       58.2      0.285       1.24         61
      -5.87      -4.47       3.16       1.71       6.41       6.57      -3.29      -3.01
        251      0.993        5.9       80.7      0.988       4.96       79.9
      -7.56       -7.1       3.74       4.93       2.08       2.36     -0.797     0.0666
        316      0.679       4.33         88       0.74       9.45       84.4
      -7.55      -13.7       4.14       7.04       5.93    -0.0215      -2.66        1.4
        398      0.818       3.08       75.1      0.805       6.53       72.2
      -7.97      -7.68       3.72       4.23       6.39       4.11      -3.32     -0.461
        501      0.993       22.1         33      0.988       22.2       53.4
      -18.8      -11.2       10.2       6.35      -2.46     -0.784       1.76       1.53
        631      0.499       37.5       29.6       0.37       19.7       33.7
      -24.6      -14.9       11.8       6.61         -4      -5.57       2.19       2.75
        794      0.657        2.3       7.47      0.856       9.31         88
       -7.1      -2.03       3.86       1.29       2.49       3.22      -1.02     -0.372
     1e+003      0.934        5.3       68.3      0.754       18.6       79.5
      0.577        1.3      0.476       1.53       11.4       5.69      -4.55     -0.203
  1.26e+003      0.542       21.3       21.3      0.699        165       16.9
       6.01        1.5     -0.831      0.452       15.6       5.46      -4.79       -1.4
  1.58e+003      0.365        101       54.7      0.966        333       49.7
       9.95       10.6      0.359     -0.357       11.5       13.6    -0.0678     -0.269
     2e+003      0.494        270       61.5      0.982        258       54.4
        9.4       10.8     -0.284       0.14       9.65       12.4      -1.15      0.687
  2.51e+003      0.565         95       51.3      0.972        136       47.9
       6.27       8.82     -0.341      0.636        7.8       8.68     -0.331     -0.348
  3.16e+003      0.304       83.8       54.2      0.958        148       36.6
        8.1        6.6     -0.181      -0.51       9.42       7.06    -0.0252     -0.289
  3.98e+003      0.475        214       37.2      0.981        145       30.9
        8.8       5.54      0.413       0.28       10.1       5.92      0.124      0.405
  5.01e+003      0.344        101       36.5      0.923        254       27.3
       6.46       3.13      0.602       0.98       13.4       6.57     -0.956      0.498
  6.31e+003      0.517        111         29      0.976        169       23.1
       4.42       1.44       3.19       2.21       11.7        4.7     -0.332       1.71
  7.94e+003      0.499       75.9       14.2      0.985        122       18.4
       2.74      0.534       2.84      0.992       10.3       3.39     -0.054      0.351
     1e+004      0.535       51.2       11.6      0.956       88.3         27
       3.52       1.52       2.27       0.38       8.02          4     0.0017      0.199
  1.26e+004      0.495       74.1       16.1      0.956        116       19.2
       2.93      0.129       2.65       1.39       9.82       3.31     -0.521      0.503
  1.58e+004      0.509       69.2       14.1      0.978        115       13.3
       2.48     -0.119       2.89       1.12       10.3       2.33     -0.698      0.943
     2e+004      0.111        448       22.2      0.975       88.7       15.3
       1.52     -0.249          3       2.64       8.88       2.39       3.26       1.68
  2.51e+004      0.115        394       3.07      0.992       65.2       8.28
       1.46     -0.313      0.132      0.638       7.94       1.13      -0.84       1.38
  3.16e+004      0.456       38.4       16.3      0.901       60.4       18.6
      0.844     0.0175       1.72      0.829       6.66       2.15     -0.156      0.872
  3.98e+004      0.317       28.2       11.7      0.942         74       4.62
       0.44     -0.157       1.49      0.473       8.09      0.649      -1.65      0.853
  5.01e+004      0.724       28.8       15.3      0.859       61.2         17
       1.18      0.295       2.98      0.838       6.41       1.28     0.0698        2.3
  6.31e+004      0.649       22.4       12.8      0.817       58.5       5.96
       0.26    -0.0748       2.74       0.74       6.27      0.392     -0.866       3.31
  7.94e+004      0.483       12.3       18.4      0.591       14.5       51.5
      0.407      0.208       1.43      0.479       1.32       1.66        1.3       1.06
     1e+005      0.265       5.54       42.1      0.715       14.5       47.7
      0.114      0.121      0.429      0.398        1.8       1.99      0.827      0.258
  1.26e+005          0          0          0          0          0          0
          0          0          0          0          0          0          0          0
  1.58e+005          0          0          0          0          0          0
          0          0          0          0          0          0          0          0
     2e+005          0          0          0          0          0          0
          0          0          0          0          0          0          0          0
  2.51e+005          0          0          0          0          0          0
          0          0          0          0          0          0          0          0
  3.16e+005          0          0          0          0          0          0
          0          0          0          0          0          0          0          0
  3.98e+005          0          0          0          0          0          0
          0          0          0          0          0          0          0          0
  5.01e+005          0          0          0          0          0          0
          0          0          0          0          0          0          0          0
  6.31e+005          0          0          0          0          0          0
          0          0          0          0          0          0          0          0
  7.94e+005          0          0          0          0          0          0
          0          0          0          0          0          0          0          0
     1e+006          0          0          0          0          0          0
          0          0          0          0          0          0          0          0
  1.26e+006          0          0          0          0          0          0
          0          0          0          0          0          0          0          0
  1.58e+006          0          0          0          0          0          0
          0          0          0          0          0          0          0          0
     2e+006          0          0          0          0          0          0
          0          0          0          0          0          0          0          0
  2.51e+006          0          0          0          0          0          0
          0          0          0          0          0          0          0          0
  3.16e+006          0          0          0          0          0          0
          0          0          0          0          0          0          0          0
  3.98e+006          0          0          0          0          0          0
          0          0          0          0          0          0          0          0
  5.01e+006          0          0          0          0          0          0
          0          0          0          0          0          0          0          0
  6.31e+006          0          0          0          0          0          0
          0          0          0          0          0          0          0          0
