       12.6          0          0          0          0          0          0
          0          0          0          0          0          0          0          0
       15.8          0          0          0          0          0          0
          0          0          0          0          0          0          0          0
         20      0.164       41.6         15      0.565       2.47       79.4
      0.451      0.347     -0.304     -0.755      0.104     -0.241      -2.13      -2.49
       25.1      0.148       25.2         28      0.582       1.64       86.9
      0.372     0.0988     -0.243       0.38      0.104     -0.399     -0.997       -1.2
       31.6      0.167        108       25.8      0.672       1.26       75.7
        0.2    -0.0164       1.11     -0.558     0.0695     -0.261      -1.52      -1.41
       39.8      0.176       10.7       35.1      0.845       1.01       73.7
      0.237     -0.162      0.066      0.173     0.0555     -0.549      -1.28     -0.605
       50.1      0.675      0.786       47.1      0.975      0.865       76.9
      0.294      0.298      -0.71     -0.848     0.0022     -0.653     -0.928     -0.384
       63.1      0.359       2.13       50.1      0.842      0.655       77.1
       0.24      0.291     -0.585     -0.822     0.0145      -0.28      -1.32      -1.12
       79.4     0.0693       3.03       72.3      0.642      0.757       68.2
      0.141      0.308     -0.559     -0.761   -0.00548     -0.119      -1.31      -1.49
        100          0          0          0          0          0          0
          0          0          0          0          0          0          0          0
        126          0          0          0          0          0          0
          0          0          0          0          0          0          0          0
        158          0          0          0          0          0          0
          0          0          0          0          0          0          0          0
        200      0.939       21.5         39       0.69     0.0166        9.9
    -0.0772     0.0995      -1.16       -2.5      0.111     0.0299   -0.00292     -0.633
        251      0.936       13.5       82.7       0.88     0.0099       36.5
      0.131     0.0439      0.727       -1.1     0.0385    -0.0244      0.714      -1.76
        316      0.666       98.5       17.8       0.67      0.233       38.9
      0.397      0.526      -2.69      -1.32     -0.276     -0.239     -0.908     -0.232
        398      0.678       4.01       64.6      0.578      0.901          2
      0.195      0.111     0.0712      -1.33     -0.192      0.144      -2.99     -0.147
        501       0.94       82.2       65.8      0.907      0.823       16.1
     -0.396     0.0479      -3.84        5.4     0.0889     -0.135       2.54      -5.14
        631      0.974         30       9.48      0.947       3.38       74.7
         -1     -0.263      -3.39      -3.17    -0.0204     -0.094      -3.87      -3.44
        794      0.893         24       25.1      0.663      0.725         37
      0.196     0.0386      -4.44      -2.88       0.24     0.0377      -6.01      -3.55
     1e+003      0.979        160       67.9      0.792       5.85       75.8
    0.00555     -0.023      -4.63      -11.4      0.194      0.134      -5.13      -10.5
  1.26e+003      0.249       97.9         77      0.388       59.2       86.8
       1.36      -2.17      -0.64     -0.976       1.06      -2.02      -4.85      -1.62
  1.58e+003      0.731        123       19.2      0.434       29.5       3.98
     -0.096     -0.516      -7.73      -1.91      0.152     -0.509      -13.8      -1.65
     2e+003      0.736        595       29.3      0.324        107       26.7
       2.97       1.21      -18.3      -10.1       1.42      0.646      -14.1       -8.2
  2.51e+003      0.909        354       11.7      0.675         93       10.6
      -1.54      0.186      -15.2       -2.5      -1.44      -1.04      -12.2      -3.19
  3.16e+003      0.781        613       24.8      0.428       41.8       58.8
     -0.934    -0.0969      -16.1       -7.9     -0.389      -1.37      -10.1      -10.1
  3.98e+003      0.895  3.03e+003       45.2      0.192        721       59.8
       0.54      -2.08        -35      -34.3      0.763      -1.58      -27.3      -28.7
  5.01e+003       0.85  3.37e+003       44.1      0.263        337       63.7
       1.29      -1.18      -37.6      -32.9       1.19      -2.07        -34      -30.3
  6.31e+003      0.687  2.77e+003       35.5     0.0558        503       65.3
      0.423      0.819        -30      -20.9      -1.15     -0.238      -16.1      -21.4
  7.94e+003      0.849  3.32e+003       67.5      0.253  3.35e+003       21.8
       4.14      -1.55        -19       43.6       3.87      -2.92       1.11       72.2
     1e+004      0.712  1.33e+003       32.6     0.0765  2.41e+003         88
       1.59     -0.565      -21.8      -13.9     -0.257      -3.81      -6.88      -19.4
  1.26e+004      0.863   1.8e+003       40.4     0.0441  1.93e+004       45.4
      0.577     0.0332      -27.9      -23.7      -8.23     -0.265       90.6      -89.3
  1.58e+004      0.929        949       37.2      0.156  1.89e+004       67.1
      0.204      -1.59      -22.9      -16.9      -2.45       4.48       13.5      -25.8
     2e+004        0.7        462       39.6     0.0646  7.74e+004         12
       1.02      0.621      -11.6      -9.63      -10.4     -0.182       64.9       -116
  2.51e+004       0.95        552       71.1       0.56  3.22e+003       57.5
      0.441      -2.25      -8.61      -20.5      -8.76      -6.27       32.3      -48.5
  3.16e+004      0.918  2.49e+003       81.8      0.456  2.92e+003       40.4
      -1.13      -2.15      -6.39      -42.5      -9.93     -0.607      -8.23      -69.3
  3.98e+004      0.982  3.13e+003       55.9      0.519  1.73e+003       65.6
     -0.351     -0.721      -30.5      -44.8      -2.23      -1.01      -20.5      -59.3
  5.01e+004      0.994  1.99e+003         50      0.528  1.52e+003       54.7
     -0.238     -0.432      -28.3      -33.6     -0.789      -0.57        -26      -42.5
  6.31e+004      0.992  3.57e+003       40.5      0.529  1.36e+003       54.8
     -0.093     -0.417      -44.9      -38.1     -0.526     -0.509      -50.4      -28.1
  7.94e+004      0.971   3.5e+003       52.4      0.661  2.92e+003         60
     -0.694       -2.8      -34.3      -43.2      -2.09       -3.2      -36.7      -51.8
     1e+005      0.955  4.19e+003         41      0.716  3.71e+003       48.2
      -3.37      -7.42      -43.6      -34.9      -7.63      -11.1      -41.6      -35.3
  1.26e+005          0          0          0          0          0          0
          0          0          0          0          0          0          0          0
  1.58e+005          0          0          0          0          0          0
          0          0          0          0          0          0          0          0
     2e+005          0          0          0          0          0          0
          0          0          0          0          0          0          0          0
  2.51e+005          0          0          0          0          0          0
          0          0          0          0          0          0          0          0
  3.16e+005          0          0          0          0          0          0
          0          0          0          0          0          0          0          0
  3.98e+005          0          0          0          0          0          0
          0          0          0          0          0          0          0          0
  5.01e+005          0          0          0          0          0          0
          0          0          0          0          0          0          0          0
  6.31e+005          0          0          0          0          0          0
          0          0          0          0          0          0          0          0
  7.94e+005          0          0          0          0          0          0
          0          0          0          0          0          0          0          0
     1e+006          0          0          0          0          0          0
          0          0          0          0          0          0          0          0
  1.26e+006          0          0          0          0          0          0
          0          0          0          0          0          0          0          0
  1.58e+006          0          0          0          0          0          0
          0          0          0          0          0          0          0          0
     2e+006          0          0          0          0          0          0
          0          0          0          0          0          0          0          0
  2.51e+006          0          0          0          0          0          0
          0          0          0          0          0          0          0          0
  3.16e+006          0          0          0          0          0          0
          0          0          0          0          0          0          0          0
  3.98e+006          0          0          0          0          0          0
          0          0          0          0          0          0          0          0
  5.01e+006          0          0          0          0          0          0
          0          0          0          0          0          0          0          0
  6.31e+006          0          0          0          0          0          0
          0          0          0          0          0          0          0          0
