       12.6          0          0          0          0          0          0
          0          0          0          0          0          0          0          0
       15.8          0          0          0          0          0          0
          0          0          0          0          0          0          0          0
         20          0          0          0          0          0          0
          0          0          0          0          0          0          0          0
       25.1          0          0          0          0          0          0
          0          0          0          0          0          0          0          0
       31.6      0.349        7.2       45.8      0.539        2.1       84.4
      -2.35       2.01       1.14       -1.1      0.409     -0.441     -0.334     -0.294
       39.8      0.824       1.12       59.2      0.176      0.635       6.56
      -1.02      -0.77       0.54       1.45      0.744       1.69       -0.9      -1.62
       50.1      0.976      0.946       56.6      0.599      0.955       77.3
    -0.0752      0.108     -0.459      0.687       1.83       3.08       -1.8      -3.38
       63.1      0.865      0.718       62.1     0.0944      0.652       64.4
     -0.675      0.146      0.275      0.499      0.322       0.49     -0.289     -0.531
       79.4       0.61      0.839       52.5      0.534       1.06       83.9
     -0.652      0.174      0.115      0.331     -0.055     -0.578      0.106     0.0325
        100          0          0          0          0          0          0
          0          0          0          0          0          0          0          0
        126          0          0          0          0          0          0
          0          0          0          0          0          0          0          0
        158      0.551      0.151         85      0.181       0.24       53.8
     -0.316     -0.253      0.126      0.319     -0.264    -0.0388      0.162     0.0751
        200      0.856      0.367       4.36      0.959      0.249       28.3
     -0.509     -0.108    0.00671      0.158     -0.501      0.203     0.0962     0.0453
        251      0.972     0.0727       74.7      0.834      0.395         57
       0.41      -0.01     -0.165      0.271    -0.0803      -0.27      0.131      0.177
        316      0.236      0.452       8.11      0.572     0.0435       84.9
     -0.463     0.0904     0.0941      0.198   -0.00819      0.116   -0.00271    -0.0105
        398      0.545      0.708       33.8      0.385     0.0244       24.4
     -0.246    -0.0454      0.376      0.357    -0.0467     0.0122      -0.13    -0.0613
        501      0.776       11.6       77.1      0.391      0.304       7.13
        2.7      0.289    -0.0869       1.94     -0.148      0.116      0.128     -0.009
        631      0.646       9.37       84.1      0.809       2.78       10.7
      -2.07     0.0461       -1.2     -0.806      -1.26     -0.258     -0.598     -0.679
        794      0.526      0.598       23.3      0.241      0.893       56.2
     -0.245      -0.42      0.372      0.187    -0.0743     -0.202     -0.244    -0.0802
     1e+003      0.591       5.23       23.5      0.666       6.13       62.6
       1.47     -0.876     -0.493     -0.808      0.947      0.497      0.258      -0.64
  1.26e+003      0.435       33.9       14.7      0.853       17.2       56.4
      -4.62      -7.22      -1.47      -1.33      -1.85      -3.84     -0.638     -0.746
  1.58e+003     0.0539        527       9.58      0.774        111       38.5
      -9.74       11.9       -0.8       3.99      -6.59       5.35     -0.641       1.67
     2e+003      0.625        428       87.5      0.669        138       78.8
      -3.16         15      0.358      -1.89     -0.729       7.95     -0.988     -0.126
  2.51e+003      0.728        106         88      0.789       71.1       80.4
       6.67       8.73       -4.7      0.313       4.71       5.67      -3.41      0.616
  3.16e+003      0.502        155       78.9      0.714       62.3       84.3
      0.666       8.39       1.15       2.14      0.385       5.09       0.25      0.892
  3.98e+003      0.246        648         44      0.484        317         76
       13.5       15.5      -7.26       -5.2       6.18       12.1      -5.15      -3.34
  5.01e+003      0.616        211       73.2      0.636        149       64.8
       2.09       8.75      -3.91          3          4       6.15      -0.68      0.847
  6.31e+003      0.386        223       74.9      0.529        240       68.1
       1.56       11.6      -2.76      -1.52       4.42       9.41      -1.44      -1.75
  7.94e+003      0.266  1.08e+003       35.4      0.502        820         57
       14.7       23.1      -0.66      -5.45       9.92         15      -2.64      -3.23
     1e+004      0.652        167       62.3      0.563        403       86.8
       1.86       8.45       2.64       2.06     -0.237       11.3     -0.365     0.0209
  1.26e+004      0.289  1.35e+003       68.3      0.767  9.41e+003       44.6
         24       15.5      -9.51       3.68       63.1       54.4      -30.2      -15.4
  1.58e+004      0.473  2.16e+003       80.9      0.765  1.12e+004       45.5
       26.2       20.5      -8.56       13.5       72.6       57.3      -41.7      -13.8
     2e+004      0.582  4.65e+003       38.5      0.934   1.4e+004       11.2
       31.6       3.53      -11.4      -4.76       94.4         23      -43.1      -28.1
  2.51e+004      0.382  1.25e+004       44.5       0.87  9.89e+003       15.8
       30.6      -11.8         49      -11.9       81.9         28       10.1       18.9
  3.16e+004      0.208  3.08e+004       63.4      0.888  1.11e+004       12.4
       47.4      -2.75       62.8       31.3       97.5       28.4       35.2       53.5
  3.98e+004      0.347  4.61e+004       17.4      0.864  1.09e+004       11.5
       45.5      -1.21       80.4       38.2         91       17.1       62.1       60.3
  5.01e+004      0.843  1.43e+004       22.3       0.84  3.98e+004       33.6
       73.9       13.8       62.9       29.4        100       43.2       24.1       37.1
  6.31e+004      0.796  3.06e+004       13.8       0.82  1.57e+004       16.7
       39.2        9.1       78.6       34.4       75.5       1.54       88.6       65.3
  7.94e+004       0.37  9.34e+003       33.1      0.469  1.27e+004       27.8
       32.2       12.7       22.4       14.1       40.8         21       26.3         26
     1e+005          0          0          0      0.535        383         37
     0.0218       0.68    -0.0279     -0.412       9.15       6.74      -3.03      -1.52
  1.26e+005          0          0          0          0          0          0
          0          0          0          0          0          0          0          0
  1.58e+005          0          0          0          0          0          0
          0          0          0          0          0          0          0          0
     2e+005          0          0          0          0          0          0
          0          0          0          0          0          0          0          0
  2.51e+005          0          0          0          0          0          0
          0          0          0          0          0          0          0          0
  3.16e+005          0          0          0          0          0          0
          0          0          0          0          0          0          0          0
  3.98e+005          0          0          0          0          0          0
          0          0          0          0          0          0          0          0
  5.01e+005          0          0          0          0          0          0
          0          0          0          0          0          0          0          0
  6.31e+005          0          0          0          0          0          0
          0          0          0          0          0          0          0          0
  7.94e+005          0          0          0          0          0          0
          0          0          0          0          0          0          0          0
     1e+006          0          0          0          0          0          0
          0          0          0          0          0          0          0          0
  1.26e+006          0          0          0          0          0          0
          0          0          0          0          0          0          0          0
  1.58e+006          0          0          0          0          0          0
          0          0          0          0          0          0          0          0
     2e+006          0          0          0          0          0          0
          0          0          0          0          0          0          0          0
  2.51e+006          0          0          0          0          0          0
          0          0          0          0          0          0          0          0
  3.16e+006          0          0          0          0          0          0
          0          0          0          0          0          0          0          0
  3.98e+006          0          0          0          0          0          0
          0          0          0          0          0          0          0          0
  5.01e+006          0          0          0          0          0          0
          0          0          0          0          0          0          0          0
  6.31e+006          0          0          0          0          0          0
          0          0          0          0          0          0          0          0
