       12.6          0          0          0          0          0          0
          0          0          0          0          0          0          0          0
       15.8          0          0          0          0          0          0
          0          0          0          0          0          0          0          0
         20          0          0          0          0          0          0
          0          0          0          0          0          0          0          0
       25.1          0          0          0          0          0          0
          0          0          0          0          0          0          0          0
       31.6      0.231        431       35.9      0.589        161       62.2
       2.63      -2.97      -3.27      -4.12      -4.39      -6.99      -3.88     -0.442
       39.8      0.335        194       30.4      0.594       90.6       50.3
       2.95       -3.4      -4.03      -4.52      -4.09      -5.81      -3.22      -1.91
       50.1      0.714       45.5       4.84      0.511        114       12.7
      -7.81      -13.1      -7.07      -1.68      -2.66       -2.9      -2.35      0.109
       63.1      0.491       77.6       4.81      0.751       70.6       53.9
      0.521      -2.11      -4.29     0.0133      -4.24      -5.28      -2.72     -0.462
       79.4      0.515        136       4.64      0.832       71.5       51.8
      0.095      -2.93      -5.79     -0.491      -4.98      -5.44      -2.77    -0.0906
        100      0.611        155       4.49      0.768       61.7       55.3
      -1.57      -2.38      -7.95     -0.125      -3.73      -4.91      -1.17     0.0441
        126      0.808        162       5.16      0.904       71.7       51.3
      -1.33      -2.12      -10.3      -1.58      -4.89      -5.86     -0.759      0.216
        158      0.857        151        9.8      0.946       85.1       45.3
      -1.54      -2.64      -9.84      -1.95      -6.12      -6.14     -0.425     0.0576
        200      0.935       31.2       12.9      0.642       94.7       55.1
      -1.87       -2.7      -5.32      -1.45      -5.96      -5.46       -1.9     -0.155
        251      0.998       96.1          2      0.823        124       41.6
      -2.26      -1.86       -9.9     -0.617      -5.74      -5.49       1.35      -1.63
        316       0.95       78.5       18.3      0.636       45.9       51.6
     -0.123      -6.48      -7.26      -4.07      -6.87       -3.6      -1.66      -1.01
        398      0.753         42       7.64      0.615       67.7       26.6
      -1.71      -4.27      -5.46      -1.54      -6.45      -3.82      -2.87      -1.39
        501          1       63.1       17.6      0.988         23       85.7
      -1.18      -2.93      -7.56      -3.18      -6.87      -4.36      -1.69     -0.596
        631      0.995       72.1       22.1      0.241       10.3       20.1
      -2.07       1.67      -8.36      -2.59      -6.58      -1.84      -2.16     -0.227
        794      0.976       48.2       24.2      0.599        263         84
     -0.212      -1.84      -5.93      -3.14      -10.4      -4.43       -4.9      -1.44
     1e+003      0.953        116       56.4      0.558        177          2
     -0.513       -3.4      -5.88      -8.38      -8.34      -1.68      -1.92       2.94
  1.26e+003      0.938       95.8       11.5      0.922       77.4       19.5
     -0.825      0.274      -9.37      -1.76      -7.66      -3.19     0.0715     -0.716
  1.58e+003      0.974        127         14      0.841        328        6.5
       10.8       -1.2      -8.67      -2.72      -23.9      -1.58      -3.13     -0.206
     2e+003      0.997        156         11      0.994        227       9.07
       1.79       4.71        -12     -0.719      -18.8       -3.3      -1.31     -0.713
  2.51e+003      0.992        138       11.2      0.985        172       6.81
     0.0619      -3.38      -10.9      -3.59      -9.93      -1.53       1.53      0.577
  3.16e+003      0.977       93.5       19.2       0.97        110       20.4
       -3.6      0.916      -10.8      -3.06      -6.02      -3.02       2.27      0.902
  3.98e+003      0.996       85.4       11.8      0.957        115       8.13
       2.51     -0.232       -8.3      -1.63      -7.37      0.394      0.943       1.48
  5.01e+003      0.983       80.6       7.16      0.934       89.4          2
       2.13       0.14      -7.77     -0.963      -7.46      0.399       1.03      0.624
  6.31e+003      0.988       62.1       6.39      0.953       70.4       3.25
       0.27    0.00126      -7.61     -0.844      -7.37     -0.477      0.795      0.106
  7.94e+003      0.922       35.3        7.1       0.89       24.1       23.6
     -0.399     0.0154      -5.58     -0.716      -3.79      -1.87        1.2     -0.251
     1e+004      0.961       30.8       13.6      0.885       25.8       19.6
      0.539      -0.56      -5.02      -1.25      -3.92      -1.69       1.05      0.319
  1.26e+004      0.914       18.5       19.5      0.844       17.8       21.5
      0.337     -0.406      -3.71      -1.32       -3.3      -1.29       1.04     0.0468
  1.58e+004      0.887       16.8       26.8      0.868       15.4       29.8
      0.152     -0.613      -3.32       -1.5       -3.1      -1.65       0.86    -0.0281
     2e+004       0.96       15.1       45.4       0.92       16.1       36.3
     0.0459     -0.239      -2.63      -2.68      -2.95      -2.15      0.234      0.147
  2.51e+004      0.808       8.21       52.3      0.902       11.4       31.9
     -0.116      0.165       -1.4      -1.67      -2.34      -1.35       1.08     0.0632
  3.16e+004      0.466       1.57       32.5      0.934       11.9       42.2
     0.0897    -0.0537     -0.411     -0.381      -2.32      -2.02      0.678       0.92
  3.98e+004      0.559       5.17       51.9      0.337       1.05       51.6
      -0.13     -0.123      -0.79     -0.971     -0.217     -0.265     0.0383    -0.0012
  5.01e+004      0.966       18.9       52.2      0.773       7.28       48.8
      0.666      0.886      -2.31      -3.05     -0.384     -0.349      0.733      0.704
  6.31e+004      0.708       19.8       61.7      0.966       17.4       54.6
     -0.472     -0.586      -1.75       -2.4      -2.33      -3.27      0.147     -0.129
  7.94e+004      0.626      0.899         21     0.0352      0.125       22.5
      0.049    -0.0139     -0.559     -0.222    0.00275    0.00984     0.0705     0.0292
     1e+005      0.303       1.93       27.5      0.762       8.87       11.9
     -0.182     0.0494     -0.372     -0.165      -2.22     -0.456      0.159    0.00417
  1.26e+005          0          0          0          0          0          0
          0          0          0          0          0          0          0          0
  1.58e+005          0          0          0          0          0          0
          0          0          0          0          0          0          0          0
     2e+005          0          0          0          0          0          0
          0          0          0          0          0          0          0          0
  2.51e+005          0          0          0          0          0          0
          0          0          0          0          0          0          0          0
  3.16e+005          0          0          0          0          0          0
          0          0          0          0          0          0          0          0
  3.98e+005          0          0          0          0          0          0
          0          0          0          0          0          0          0          0
  5.01e+005          0          0          0          0          0          0
          0          0          0          0          0          0          0          0
  6.31e+005          0          0          0          0          0          0
          0          0          0          0          0          0          0          0
  7.94e+005          0          0          0          0          0          0
          0          0          0          0          0          0          0          0
     1e+006          0          0          0          0          0          0
          0          0          0          0          0          0          0          0
  1.26e+006          0          0          0          0          0          0
          0          0          0          0          0          0          0          0
  1.58e+006          0          0          0          0          0          0
          0          0          0          0          0          0          0          0
     2e+006          0          0          0          0          0          0
          0          0          0          0          0          0          0          0
  2.51e+006          0          0          0          0          0          0
          0          0          0          0          0          0          0          0
  3.16e+006          0          0          0          0          0          0
          0          0          0          0          0          0          0          0
  3.98e+006          0          0          0          0          0          0
          0          0          0          0          0          0          0          0
  5.01e+006          0          0          0          0          0          0
          0          0          0          0          0          0          0          0
  6.31e+006          0          0          0          0          0          0
          0          0          0          0          0          0          0          0
