       12.6          0          0          0          0          0          0
          0          0          0          0          0          0          0          0
       15.8          0          0          0          0          0          0
          0          0          0          0          0          0          0          0
         20      0.685       90.3       25.9      0.555        172       52.8
       1.56       1.06       5.49       3.34      -5.63      -5.93      0.284      -1.98
       25.1      0.517         99       39.3      0.227       92.6       11.1
       5.02       1.76       3.35       4.17      -2.94      -1.13       2.21      -1.44
       31.6      0.651        121       28.2      0.375        109       74.6
       1.77      -2.72       7.07       4.46       -2.1      -3.81      0.975      -2.22
       39.8      0.636       74.8       36.3      0.213       45.8       20.1
       5.17         -4       5.63       6.09      -3.47      -1.03       2.21      -1.82
       50.1       0.58       63.1       9.21       0.14         11       77.1
       0.85      -21.7       15.7       4.59      -2.75       5.93      -2.76      -3.38
       63.1      0.553       97.4       2.55      0.243       40.8       38.2
       1.51      -6.47       7.64       1.81      -2.25     -0.161     -0.205       -1.5
       79.4      0.699        108       19.4       0.45       33.9       34.8
       2.81      -3.71       7.24       3.42      -2.56      -1.46      0.453     -0.901
        100      0.661        137       7.09      0.337       26.1       19.9
       2.64       -6.7       8.59       3.28      -2.04     0.0551     -0.228      -1.32
        126      0.888        136       16.1      0.645       31.8       24.8
       1.92      -4.35         10       3.69      -3.08      -1.43     -0.497     0.0559
        158      0.914        149          2      0.624       49.4       7.29
       2.36      -4.19       10.5       1.24      -3.34     -0.583     -0.921      0.102
        200      0.973       38.7          2      0.476       6.16       80.6
      0.842      -5.96       7.35       1.64     -0.445       2.11     -0.896     -0.892
        251      0.998        184       5.58       0.97        149       58.5
      -2.89       3.99       14.8       1.46     -0.288       1.11      -3.21     -0.205
        316      0.961        135       15.7      0.744       32.9       17.5
       1.88      -11.8       10.1       7.39       -2.1       3.64      -1.04      -2.53
        398      0.792       68.2          2      0.585       9.83       31.6
      0.557      -10.2       9.25        5.2      -1.49       3.47      -1.26      -1.93
        501          1        105       19.5      0.997       60.9       42.1
       1.94      -5.61       8.97        5.2     -0.765       3.47      -1.53      -2.85
        631      0.996        120       17.3      0.971       24.8       32.1
       3.92       0.64       8.45       3.45      -4.07       1.51     -0.583      -2.07
        794      0.988        105         29      0.683        152       72.8
      -3.65      -6.63       9.77       6.65      0.625       9.04       0.69       -5.4
     1e+003      0.907        181       63.2      0.418       41.5       69.1
     -0.738      -7.63       7.91       8.52      -2.44       1.65      -1.69      -3.63
  1.26e+003      0.972        178       20.5      0.845       86.2          2
       1.09      0.675         12       4.03      -5.92      -1.81       -2.9      0.188
  1.58e+003      0.979        191       22.4      0.942        285       52.5
       5.81      -15.1        9.1       4.75      -4.66       14.6      0.226      -1.73
     2e+003      0.996        212       19.2      0.986        267       52.2
       11.1      -5.13       11.4       1.67      -15.9       8.23      -1.03       2.19
  2.51e+003      0.992        208       16.6      0.981        174       52.1
       1.71      -11.6       9.12       4.28      -5.05       4.13      -2.77     -0.736
  3.16e+003      0.987        145       20.6      0.804        124         13
      -2.92      0.131       11.8       4.96      -3.11      -2.22      -4.21      -1.15
  3.98e+003      0.992        129       15.3      0.932        135       42.7
       4.59      -2.55        9.9       1.91      -5.61       2.52      -2.19     -0.478
  5.01e+003      0.977        116       11.9      0.851        106       27.8
       1.81      -2.84       9.14       2.38      -3.15       2.55      -2.37      -1.31
  6.31e+003      0.981       96.9       5.37      0.866       73.6         17
       1.87     -0.405       9.04      0.753      -5.34      0.664      -2.03      0.498
  7.94e+003      0.911       57.6       12.1      0.856       18.8       19.3
      0.608      0.572       6.75       1.03      -3.11      -1.57      -1.75     -0.107
     1e+004      0.959         45       11.4      0.787       24.3       13.9
       1.12      -1.24       5.76       1.18      -2.55     -0.176      -1.44     -0.392
  1.26e+004      0.902       24.4       25.2       0.77       10.4       6.11
      0.774      -0.89       3.94       1.78      -2.46     -0.411     -0.614     -0.144
  1.58e+004      0.908       20.6         28      0.708       8.61       4.57
      0.192       -1.2       3.48       1.88      -2.05     -0.359     -0.579     -0.161
     2e+004      0.949       30.1       37.7      0.862       17.7       31.4
      0.997      0.246       3.75       3.08       -2.4      -1.45      -1.07     -0.727
  2.51e+004      0.836       26.7       43.9      0.813       8.53       35.8
       0.45     0.0624       2.99       3.02      -1.74      -1.16     -0.815     -0.512
  3.16e+004       0.65       17.5       39.1      0.923       8.46       37.2
      0.774      0.351       1.55       1.43      -2.05      -1.61     -0.552     -0.124
  3.98e+004      0.665       10.4       52.9      0.273      0.959       2.45
    -0.0423    -0.0982       1.28       1.72     -0.207    -0.0281     -0.158     -0.286
  5.01e+004      0.973       33.5       45.7      0.838       19.1       45.7
      0.385       1.04       3.74       3.59     -0.332     -0.526       -1.5      -1.22
  6.31e+004      0.769       18.4       43.1      0.962       10.3         50
      0.198      0.124       2.27       2.38      -1.98      -2.33     -0.389     0.0146
  7.94e+004      0.526      0.946       27.6      0.211      0.281       16.2
     0.0218     0.0341      0.449       0.23     -0.114    -0.0337     0.0374     0.0152
     1e+005      0.463        3.4       20.6      0.743        4.9       19.8
       0.23      0.163      0.738      0.286      -1.52     -0.546     -0.249    0.00119
  1.26e+005          0          0          0          0          0          0
          0          0          0          0          0          0          0          0
  1.58e+005          0          0          0          0          0          0
          0          0          0          0          0          0          0          0
     2e+005          0          0          0          0          0          0
          0          0          0          0          0          0          0          0
  2.51e+005          0          0          0          0          0          0
          0          0          0          0          0          0          0          0
  3.16e+005          0          0          0          0          0          0
          0          0          0          0          0          0          0          0
  3.98e+005          0          0          0          0          0          0
          0          0          0          0          0          0          0          0
  5.01e+005          0          0          0          0          0          0
          0          0          0          0          0          0          0          0
  6.31e+005          0          0          0          0          0          0
          0          0          0          0          0          0          0          0
  7.94e+005          0          0          0          0          0          0
          0          0          0          0          0          0          0          0
     1e+006          0          0          0          0          0          0
          0          0          0          0          0          0          0          0
  1.26e+006          0          0          0          0          0          0
          0          0          0          0          0          0          0          0
  1.58e+006          0          0          0          0          0          0
          0          0          0          0          0          0          0          0
     2e+006          0          0          0          0          0          0
          0          0          0          0          0          0          0          0
  2.51e+006          0          0          0          0          0          0
          0          0          0          0          0          0          0          0
  3.16e+006          0          0          0          0          0          0
          0          0          0          0          0          0          0          0
  3.98e+006          0          0          0          0          0          0
          0          0          0          0          0          0          0          0
  5.01e+006          0          0          0          0          0          0
          0          0          0          0          0          0          0          0
  6.31e+006          0          0          0          0          0          0
          0          0          0          0          0          0          0          0
