       12.6          0          0          0          0          0          0
          0          0          0          0          0          0          0          0
       15.8          0          0          0          0          0          0
          0          0          0          0          0          0          0          0
         20          0          0          0          0          0          0
          0          0          0          0          0          0          0          0
       25.1          0          0          0          0          0          0
          0          0          0          0          0          0          0          0
       31.6          0          0          0          0          0          0
          0          0          0          0          0          0          0          0
       39.8      0.356     0.0419       47.8       0.52       2.82       37.5
      0.798     -0.291    -0.0943     0.0102      -1.28      0.348       0.18     0.0423
       50.1      0.842    0.00987         27       0.93      0.468       41.4
      0.531     -0.319    -0.0503     0.0335     -0.712      0.526      0.059    -0.0253
       63.1      0.241      0.026       60.3      0.615      0.801       46.5
      0.464     -0.317    -0.0622     0.0314     -0.567      0.361     0.0635    0.00815
       79.4      0.168     0.0329       18.6      0.566       1.13       38.6
      0.459     -0.262    -0.0653   0.000704      -0.59      0.378     0.0881     0.0197
        100      0.435     0.0184       27.3      0.503       1.36       18.7
      0.402     -0.162    -0.0486     0.0148     -0.507      0.247     0.0742  0.0000181
        126      0.611     0.0205       31.5      0.726      0.902          2
      0.418    -0.0885     -0.047     0.0187     -0.516     0.0925     0.0777    -0.0133
        158      0.654     0.0158         28      0.656      0.549          2
      0.304    -0.0445    -0.0507     0.0245      -0.34     0.0429     0.0791    -0.0196
        200      0.882    0.00625       7.43      0.667     0.0546       42.9
     0.0349    -0.0727    -0.0652     0.0336    -0.0494      0.069     0.0849    -0.0343
        251      0.997     0.0092       35.7      0.996      0.369          2
      0.141    -0.0588    -0.0599     0.0321     -0.136      0.076     0.0876    -0.0304
        316      0.133    0.00655       79.9      0.205      0.102       10.1
     -0.109     0.0241    0.00656      -0.03       0.12     -0.079     0.0116     0.0435
        398      0.797    0.00932       65.9      0.266      0.119       14.1
      0.126     0.0192     0.0378    -0.0771      -0.15   0.000962    -0.0236      0.103
        501      0.216       1.31       31.2      0.939        3.2       70.8
      0.146       1.56     -0.222    -0.0916      -0.62      -1.73      0.285     0.0404
        631       0.93     0.0503       73.6      0.709       1.01       5.71
     -0.195    0.00795      0.046       0.17      0.242    -0.0486    -0.0896     -0.203
        794        0.6     0.0286         23      0.419       3.09       4.63
      -0.46     -0.297     -0.087    0.00196      0.454      0.265      0.107    -0.0011
     1e+003      0.822      0.852       49.3      0.654         92       22.7
       1.25     -0.389      0.421     -0.488      -1.59       0.63     -0.472      0.675
  1.26e+003      0.469       3.88         88      0.648       29.5       81.7
      0.428      -2.46    0.00458     -0.256     -0.453       3.04     0.0113      0.411
  1.58e+003      0.401       1.36       47.1      0.813       13.8       71.3
     -0.643      -2.42     0.0108      0.264      0.817       3.35     0.0246     -0.394
     2e+003      0.673       2.52       43.1      0.851       22.7       74.9
     -0.642      -2.61    -0.0469     -0.183       1.04       3.69      0.103      0.109
  2.51e+003      0.132      0.845         84      0.495         60       75.4
     0.0215      -2.61     0.0194     -0.121     -0.926        3.7     0.0485      0.146
  3.16e+003      0.346      0.834       43.5      0.639       78.5       68.2
     -0.154      -2.53     -0.127     -0.149      -2.27       4.93      0.333     0.0669
  3.98e+003      0.138       1.96       45.9      0.587       80.4         74
      -0.44       -2.3      0.018     -0.116      -1.59       5.05    -0.0276      0.321
  5.01e+003      0.193       5.74       81.4      0.752       87.8         57
     -0.206      -2.92    -0.0556     -0.314      -3.84       5.83    -0.0412      0.493
  6.31e+003      0.159         53       41.1       0.56       51.6         88
      -1.58      -2.22     -0.413     0.0221     0.0443       4.03      0.834    -0.0859
  7.94e+003      0.591  3.01e+003       38.2      0.897       90.1       51.3
      0.399      -3.48      -4.02     -0.547       -5.3        6.2       7.24       6.11
     1e+004       0.54        127       42.7      0.496       61.1       85.6
      -0.75      -2.03      -3.76      -2.52      -1.35        3.2       6.91       3.79
  1.26e+004      0.694        141       39.4      0.641        156       19.5
      -4.27      -1.41      -3.84      -2.83        4.1       2.15       6.24       4.19
  1.58e+004      0.656        309       30.4      0.922        181       47.1
       2.24      -4.06      -1.86      0.716      -7.79       8.43       4.37      -1.19
     2e+004      0.405       52.6       31.2      0.563        122       81.2
     -0.654      -2.93      -2.17      -1.28      -1.09       5.71       3.21       1.84
  2.51e+004      0.668        647       22.7      0.934        202       87.7
      -1.76      -6.59      -3.46     -0.591      0.163       12.1        5.7       2.42
  3.16e+004      0.642        497       32.7      0.909        187       80.7
      -2.48      -6.37      -2.16      -0.21       1.48       11.6       3.46       1.22
  3.98e+004      0.595        741       51.3      0.915        195       62.6
      -5.08      -5.71      -1.41      -1.63       5.56       10.8       1.55       3.03
  5.01e+004      0.626        689       48.7      0.904        152       61.6
      -4.82      -4.64     -0.825     -0.468        5.1       9.61       1.07       1.16
  6.31e+004      0.706        552       55.3      0.921        262       50.2
      -8.05      -4.87      0.799      -1.03       9.94       10.9      -1.67        1.2
  7.94e+004      0.629        510       51.5      0.904        213         50
      -6.28       -3.7      -1.59      -1.93       7.81       9.47       1.74        3.5
     1e+005      0.448        297       50.1      0.825        188       45.3
      -3.65      -3.24      -2.44      -3.54       7.83       7.79       1.01       2.09
  1.26e+005          0          0          0          0          0          0
          0          0          0          0          0          0          0          0
  1.58e+005          0          0          0          0          0          0
          0          0          0          0          0          0          0          0
     2e+005          0          0          0          0          0          0
          0          0          0          0          0          0          0          0
  2.51e+005          0          0          0          0          0          0
          0          0          0          0          0          0          0          0
  3.16e+005          0          0          0          0          0          0
          0          0          0          0          0          0          0          0
  3.98e+005          0          0          0          0          0          0
          0          0          0          0          0          0          0          0
  5.01e+005          0          0          0          0          0          0
          0          0          0          0          0          0          0          0
  6.31e+005          0          0          0          0          0          0
          0          0          0          0          0          0          0          0
  7.94e+005          0          0          0          0          0          0
          0          0          0          0          0          0          0          0
     1e+006          0          0          0          0          0          0
          0          0          0          0          0          0          0          0
  1.26e+006          0          0          0          0          0          0
          0          0          0          0          0          0          0          0
  1.58e+006          0          0          0          0          0          0
          0          0          0          0          0          0          0          0
     2e+006          0          0          0          0          0          0
          0          0          0          0          0          0          0          0
  2.51e+006          0          0          0          0          0          0
          0          0          0          0          0          0          0          0
  3.16e+006          0          0          0          0          0          0
          0          0          0          0          0          0          0          0
  3.98e+006          0          0          0          0          0          0
          0          0          0          0          0          0          0          0
  5.01e+006          0          0          0          0          0          0
          0          0          0          0          0          0          0          0
  6.31e+006          0          0          0          0          0          0
          0          0          0          0          0          0          0          0
