       12.6          0          0          0          0          0          0
          0          0          0          0          0          0          0          0
       15.8          0          0          0          0          0          0
          0          0          0          0          0          0          0          0
         20          0          0          0          0          0          0
          0          0          0          0          0          0          0          0
       25.1          0          0          0          0          0          0
          0          0          0          0          0          0          0          0
       31.6          0          0          0          0          0          0
          0          0          0          0          0          0          0          0
       39.8      0.566       1.88       26.5       0.37       2.64       7.74
       1.51     -0.834     -0.442      -0.26      -1.76      -1.23      -1.17      0.191
       50.1      0.957      0.704       32.5       0.93       1.68       14.9
       1.99     -0.361     -0.203    -0.0951      -1.13      -1.13     -0.961     0.0935
       63.1      0.698       1.13       53.2      0.564       1.85       8.55
      -1.55      -2.17      -1.38      0.238      -1.59     -0.982      -1.02      0.242
       79.4      0.528       2.41       74.5      0.326       2.05       53.3
      -1.64      -2.38      -1.26      0.283      -1.46     -0.389     -0.752      0.416
        100          0          0          0          0          0          0
          0          0          0          0          0          0          0          0
        126      0.517       7.54       83.4       0.54        4.3       47.3
      -2.95      -2.89      -1.34      0.206      -1.96      -0.99     -0.735     -0.119
        158      0.684       11.3       85.8      0.684       4.35         57
      -4.16      -3.31      -1.67      0.386      -2.07      -0.99     -0.769     -0.056
        200      0.592       33.9         88      0.734       10.1       57.6
      0.175      -10.2       2.53      -2.54      -1.86       -3.9      0.118      -1.64
        251      0.998       10.9         88      0.997       3.48       54.8
      -2.68      -3.45     -0.606      0.262      -1.73      -1.02     -0.578      0.101
        316       0.38       70.1       66.9      0.386        101       26.3
       11.2      0.672       5.91       1.66      -8.97      -1.53      -3.77       1.42
        398      0.946       10.4       74.9      0.764       3.58       65.2
      0.225       -1.4       0.46       2.38       -0.4     -0.524     -0.141       0.68
        501      0.954       79.8       11.5      0.954        345        4.1
       25.7      -6.93        8.9      -5.57      -17.5      -1.45     -0.018    -0.0531
        631      0.959       7.29       22.8       0.93       2.31       62.5
       1.72      -2.84       2.14     -0.819      -1.03      -2.13     -0.475     -0.251
        794      0.789       52.3       51.5      0.421       62.7       58.9
       20.7      -2.24       11.1       8.99      -15.6     -0.478      -6.22      -3.21
     1e+003      0.965       74.5         65      0.286       14.2       68.2
       20.5       2.81       11.2       3.41        -14         -4      -5.63       2.48
  1.26e+003      0.715       62.5       77.1       0.88       7.58       84.3
       8.37      -16.3       5.13       -5.4      -1.27     -0.937     -0.628       1.23
  1.58e+003      0.762       49.6         57      0.553       21.3       64.3
       9.63      -10.5       6.89      -3.03      -6.39     -0.919      -3.42       1.93
     2e+003       0.63       97.4       35.5      0.654       57.4       54.1
       14.2     -0.682       11.6       1.09      -7.93      -4.06      -4.48       1.44
  2.51e+003      0.556        473       15.9      0.872        126       19.2
       12.9      -1.66       10.3       1.74      -9.11      -3.58      -4.35       1.07
  3.16e+003       0.65        622       21.8      0.941        181       13.2
       10.7      -2.46       8.71       4.54      -11.2      -3.71      -6.84       1.22
  3.98e+003      0.733        730       8.27      0.954        144         24
       8.23     -0.963       15.3       6.02      -9.68      -4.27      -5.73      0.459
  5.01e+003       0.91        633       4.84      0.988        156       15.3
       6.36      -2.76       13.2       6.08      -10.8      -3.82      -3.04       1.58
  6.31e+003      0.968        695       2.63      0.996        124       15.9
       5.46      -2.43       11.9       4.13      -9.82       -3.7      -2.58       1.75
  7.94e+003          1        560       6.13          1       91.7       19.8
       4.31      -1.78       11.6       2.99      -8.73      -2.81     -0.839      -1.18
     1e+004      0.969        418        3.3      0.997       76.5       25.1
       4.21      -1.07        9.7       2.78      -7.43      -4.18      -1.17       1.56
  1.26e+004      0.924        144       8.28       0.98         70       28.1
        3.7       -0.5       8.17       3.33       -6.6      -4.49     -0.698       1.77
  1.58e+004      0.999        107       8.41      0.999       72.7       23.4
       3.29      -1.02       7.36       2.77      -6.82      -4.72     -0.779       1.33
     2e+004      0.955       93.9       20.4      0.978       56.9         31
       1.05      0.761       8.26       2.51      -6.02      -3.94     -0.874      0.025
  2.51e+004      0.999       83.5       29.5          1         60       24.4
      0.674    -0.0587       6.86       3.42      -6.67      -3.08     -0.362     -0.832
  3.16e+004      0.997       86.7       47.1          1       44.6       26.4
      0.405      0.292       6.15       4.56      -5.81      -2.98       -0.6     -0.551
  3.98e+004      0.996        126       28.4          1       39.4       31.5
     0.0167      0.465       7.29       6.21      -5.47       -3.3    -0.0797     -0.764
  5.01e+004      0.999        125       43.9          1         33       36.3
       -0.7      0.689       7.51       4.98      -3.81      -2.93      -2.43       1.26
  6.31e+004      0.998        115       36.1      0.999       33.8       46.8
     -0.444      0.983       6.75       5.68      -3.68      -3.26      -1.75      0.777
  7.94e+004      0.989        140       45.2      0.992       32.1       53.3
     -0.466       1.57       6.11       6.45      -2.79      -4.19      -1.02      0.756
     1e+005      0.965        119       43.2       0.95       37.8       46.5
      0.112      0.202       7.55       7.08      -3.71      -3.75       -1.8      -1.52
  1.26e+005          0          0          0          0          0          0
          0          0          0          0          0          0          0          0
  1.58e+005          0          0          0          0          0          0
          0          0          0          0          0          0          0          0
     2e+005          0          0          0          0          0          0
          0          0          0          0          0          0          0          0
  2.51e+005          0          0          0          0          0          0
          0          0          0          0          0          0          0          0
  3.16e+005          0          0          0          0          0          0
          0          0          0          0          0          0          0          0
  3.98e+005          0          0          0          0          0          0
          0          0          0          0          0          0          0          0
  5.01e+005          0          0          0          0          0          0
          0          0          0          0          0          0          0          0
  6.31e+005          0          0          0          0          0          0
          0          0          0          0          0          0          0          0
  7.94e+005          0          0          0          0          0          0
          0          0          0          0          0          0          0          0
     1e+006          0          0          0          0          0          0
          0          0          0          0          0          0          0          0
  1.26e+006          0          0          0          0          0          0
          0          0          0          0          0          0          0          0
  1.58e+006          0          0          0          0          0          0
          0          0          0          0          0          0          0          0
     2e+006          0          0          0          0          0          0
          0          0          0          0          0          0          0          0
  2.51e+006          0          0          0          0          0          0
          0          0          0          0          0          0          0          0
  3.16e+006          0          0          0          0          0          0
          0          0          0          0          0          0          0          0
  3.98e+006          0          0          0          0          0          0
          0          0          0          0          0          0          0          0
  5.01e+006          0          0          0          0          0          0
          0          0          0          0          0          0          0          0
  6.31e+006          0          0          0          0          0          0
          0          0          0          0          0          0          0          0
