       12.6          0          0          0          0          0          0
          0          0          0          0          0          0          0          0
       15.8      0.405  1.43e+003       39.1      0.881        597       26.1
      0.145       -2.1      -12.6      -10.2       19.5       9.53       0.87     -0.793
         20       0.42        734       28.5      0.806        562       38.4
      -3.39      -8.36      -12.8       -6.6       14.5       11.9      -1.28       1.24
       25.1      0.533        552       31.5      0.809        474       35.7
      -3.05      -7.35      -13.5       -8.3         14       8.88      -2.92      -2.68
       31.6      0.476        481       35.2      0.804        740       32.7
      -4.52      -5.61      -10.9      -8.92       16.8       9.76      -4.74       -5.7
       39.8      0.735        187       18.8      0.555  1.11e+003       24.3
      -1.45      -3.21      -9.24       -3.9       9.41       9.22      -10.7       -6.9
       50.1      0.922       91.9       18.8       0.47  5.11e+003        3.6
      -7.98       6.02      -10.1      -3.23      -16.3       15.2      -17.4      -10.4
       63.1      0.808        118       17.3      0.535        802       15.2
      -2.76      -2.96       -8.3      -3.06       10.9       5.87      -10.3      -4.97
       79.4      0.652        213       16.1      0.748        333         28
      -2.59      -4.52       -9.1      -3.37       10.8       6.71      -7.16      -2.39
        100      0.622        215       18.1       0.84        352       20.7
      -4.25     -0.498      -9.81      -2.93       12.5        4.7      -5.94      -2.08
        126       0.64        272       27.7      0.908        262       27.6
      -4.54      -2.33      -11.4      -6.12       11.8       7.64       -4.3       2.49
        158      0.676        343       37.1      0.912        278       28.1
       -5.6      -3.54      -12.1      -8.96       12.7        8.2      -3.13       3.97
        200      0.959        102       51.3      0.947        154          5
      -4.55      -2.57      -7.92      -10.3       11.5       7.52      -3.05       5.63
        251      0.997        156       61.1      0.997        271        6.7
        1.6      -3.01      -4.57      -12.5       10.8       3.05      -4.26       2.25
        316      0.942        211       33.3      0.818        236       5.28
      -3.84      0.691      -14.2      -7.27       19.2       2.95       6.51       4.86
        398      0.961        168       39.5      0.882        117       7.92
       1.34       0.68      -8.88      -7.42       8.81        2.8     -0.997       3.49
        501          1        176       32.3      0.996       68.8         19
      -6.59      -2.27      -16.3      -8.02       22.2       5.99       11.4       4.81
        631      0.989        182       39.2      0.934       64.3       11.6
       4.36       3.54      -6.69      -5.19       13.6       8.29       5.54       6.56
        794      0.952        355       16.7      0.554       45.1       23.4
       3.08       -8.5      -12.4      -12.1       11.4       5.29       7.36       6.25
     1e+003       0.99        412       30.4      0.363  1.37e+003         45
      -1.97      -6.58      -17.4      -11.4       12.8       7.11       7.65       8.89
  1.26e+003      0.867        584       27.5      0.686        781       66.6
       3.45      -16.9        -13      -6.83      -2.39       5.61       7.73       6.27
  1.58e+003      0.892        590       14.3      0.146        264       14.9
      -3.05      -15.1      -16.9      -8.75        7.8      0.867       2.82       5.99
     2e+003       0.97        687       6.77      0.445        115       32.3
       2.64      -14.1        -18      -3.67       7.21     -0.648     -0.643       2.39
  2.51e+003      0.852        896       4.34      0.741        186       34.1
      -12.1      -13.6      -19.6      -6.43         13       3.63       3.74       4.96
  3.16e+003      0.888        343       31.1      0.812        465       2.57
      -5.34      0.135      -14.1      -8.02       16.9       1.74       4.66       2.71
  3.98e+003      0.952        403       33.3      0.766  1.53e+003       22.5
      -8.35      -14.8      -14.6       -9.8       27.3        4.1       4.55       5.88
  5.01e+003      0.952        338       35.1      0.715        564       20.3
      -2.69        1.1      -13.8      -10.2       11.9       2.87       5.56       5.56
  6.31e+003      0.922        240       35.3      0.694        381       28.8
      -4.53      -2.45      -11.5         -8       10.6       6.47       5.56       3.66
  7.94e+003      0.996       95.6       30.3      0.997        151       28.8
      0.399       3.17      -10.4      -8.03       8.19       1.22       5.05       3.71
     1e+004      0.872        183       35.6      0.707        154       41.8
      -1.78      -1.79      -9.64      -6.97       6.98          6        4.1       3.16
  1.26e+004      0.973       75.1       51.8       0.76       66.7         25
      -2.44     -0.846      -6.22      -6.69       7.68       5.97       2.56       2.39
  1.58e+004      0.718        252       4.87       0.99        118       44.9
      -4.23      -1.79      -7.17      -6.29       7.99       6.86       3.07       2.87
     2e+004      0.854        186       48.7      0.968        269       41.1
      -3.58      -2.74      -5.48      -6.66         11       9.55       3.26       3.47
  2.51e+004      0.998        127       45.2       0.92        381       13.8
      -3.92      -3.74      -8.62      -9.49       8.07       7.98       6.32       6.98
  3.16e+004      0.991         64       83.1      0.914       20.8       55.3
      -5.04      -1.53      -5.18      -7.24       7.62       3.77        6.5       3.53
  3.98e+004      0.997        154       52.5      0.972        950         32
      -4.12     -0.846         -7      -8.27        8.4       2.16       10.2       2.18
  5.01e+004      0.998        108       39.3      0.984  1.54e+003       15.9
      -3.35      0.577      -7.05      -7.28       13.5      0.875       9.61     -0.835
  6.31e+004      0.992       72.8       50.6      0.958        562       34.7
      -1.23       -1.3      -4.68      -6.87        7.6        7.1       4.81      -4.71
  7.94e+004      0.926       65.2       72.1      0.887        350       31.1
       1.12       2.57      -3.41      -6.19       9.23       4.52       2.05      -4.84
     1e+005      0.819        119       41.6      0.739        164       37.6
      -0.54      -1.23      -6.67      -5.75        6.8       5.46       3.19       2.95
  1.26e+005          0          0          0          0          0          0
          0          0          0          0          0          0          0          0
  1.58e+005          0          0          0          0          0          0
          0          0          0          0          0          0          0          0
     2e+005          0          0          0          0          0          0
          0          0          0          0          0          0          0          0
  2.51e+005          0          0          0          0          0          0
          0          0          0          0          0          0          0          0
  3.16e+005          0          0          0          0          0          0
          0          0          0          0          0          0          0          0
  3.98e+005          0          0          0          0          0          0
          0          0          0          0          0          0          0          0
  5.01e+005          0          0          0          0          0          0
          0          0          0          0          0          0          0          0
  6.31e+005          0          0          0          0          0          0
          0          0          0          0          0          0          0          0
  7.94e+005          0          0          0          0          0          0
          0          0          0          0          0          0          0          0
     1e+006          0          0          0          0          0          0
          0          0          0          0          0          0          0          0
  1.26e+006          0          0          0          0          0          0
          0          0          0          0          0          0          0          0
  1.58e+006          0          0          0          0          0          0
          0          0          0          0          0          0          0          0
     2e+006          0          0          0          0          0          0
          0          0          0          0          0          0          0          0
  2.51e+006          0          0          0          0          0          0
          0          0          0          0          0          0          0          0
  3.16e+006          0          0          0          0          0          0
          0          0          0          0          0          0          0          0
  3.98e+006          0          0          0          0          0          0
          0          0          0          0          0          0          0          0
  5.01e+006          0          0          0          0          0          0
          0          0          0          0          0          0          0          0
  6.31e+006          0          0          0          0          0          0
          0          0          0          0          0          0          0          0
