  5.0000000e+000 -2.4050000e-001 -6.5630000e+000
  6.2500000e+000 -2.4050000e-001 -6.5630000e+000
  7.5000000e+000 -2.4050000e-001 -6.5630000e+000
  8.7500000e+000 -2.4050000e-001 -6.5630000e+000
  1.0000000e+001 -2.4050000e-001 -6.5630000e+000
  1.1300000e+001 -2.4050000e-001 -6.5630000e+000
  1.2500000e+001 -2.4050000e-001 -6.5630000e+000
  1.3800000e+001 -2.4050000e-001 -6.5630000e+000
  1.5000000e+001 -2.4050000e-001 -6.5630000e+000
  1.6300000e+001 -2.4050000e-001 -6.5630000e+000
  1.7500000e+001 -2.4050000e-001 -6.5630000e+000
  1.8800000e+001 -2.4050000e-001 -6.5630000e+000
  2.0000000e+001 -2.4050000e-001 -6.5630000e+000
  2.1300000e+001 -2.4050000e-001 -6.5630000e+000
  2.2500000e+001 -2.4050000e-001 -6.5630000e+000
  2.3800000e+001 -2.4050000e-001 -6.5630000e+000
  2.5000000e+001 -2.4050000e-001 -6.5630000e+000
  2.6300000e+001 -2.4050000e-001 -6.5630000e+000
  2.7500000e+001 -2.4050000e-001 -6.5630000e+000
  2.8800000e+001 -2.4050000e-001 -6.5630000e+000
  3.0000000e+001 -2.4050000e-001 -6.5630000e+000
  3.1300000e+001 -2.4050000e-001 -6.5630000e+000
  3.2500000e+001 -2.4050000e-001 -6.5630000e+000
  3.3800000e+001 -2.4050000e-001 -6.5630000e+000
  3.5000000e+001 -2.4050000e-001 -6.5630000e+000
  3.6300000e+001 -2.4050000e-001 -6.5630000e+000
  3.7500000e+001 -2.4050000e-001 -6.5630000e+000
  3.8800000e+001 -2.4050000e-001 -6.5630000e+000
  4.0000000e+001 -2.4050000e-001 -6.5630000e+000
  4.1300000e+001 -2.4050000e-001 -6.5630000e+000
  4.2500000e+001 -2.4050000e-001 -6.5630000e+000
  4.3800000e+001 -2.4050000e-001 -6.5630000e+000
  4.5000000e+001 -2.4050000e-001 -6.5630000e+000
  4.6300000e+001 -2.4050000e-001 -6.5630000e+000
  4.7500000e+001 -2.4050000e-001 -6.5630000e+000
  4.8800000e+001 -2.4050000e-001 -6.5630000e+000
  5.0000000e+001 -2.4050000e-001 -6.5630000e+000
  5.1300000e+001 -2.4050000e-001 -6.5630000e+000
  5.2500000e+001 -2.4050000e-001 -6.5630000e+000
  5.3800000e+001 -2.4050000e-001 -6.5630000e+000
  5.5000000e+001 -2.4050000e-001 -6.5630000e+000
  5.6300000e+001 -2.4050000e-001 -6.5630000e+000
  5.7500000e+001 -2.4050000e-001 -6.5630000e+000
  5.8800000e+001 -2.4050000e-001 -6.5630000e+000
  6.0000000e+001 -2.4050000e-001 -6.5630000e+000
  6.1300000e+001 -2.4050000e-001 -6.5630000e+000
  6.2500000e+001 -2.4050000e-001 -6.5630000e+000
  6.3800000e+001 -2.4050000e-001 -6.5630000e+000
  6.5000000e+001 -2.4050000e-001 -6.5630000e+000
  6.6300000e+001 -2.4050000e-001 -6.5630000e+000
  6.7500000e+001 -2.4050000e-001 -6.5630000e+000
  6.8800000e+001 -2.4050000e-001 -6.5630000e+000
  7.0000000e+001 -2.4050000e-001 -6.5630000e+000
  7.1300000e+001 -2.4050000e-001 -6.5630000e+000
  7.2500000e+001 -2.4050000e-001 -6.5630000e+000
  7.3800000e+001 -2.4050000e-001 -6.5630000e+000
  7.5000000e+001 -2.4050000e-001 -6.5630000e+000
  7.6300000e+001 -2.4050000e-001 -6.5630000e+000
  7.7500000e+001 -2.4050000e-001 -6.5630000e+000
  7.8800000e+001 -2.4050000e-001 -6.5630000e+000
  8.0000000e+001 -2.4050000e-001 -6.5630000e+000
  8.1300000e+001 -2.4050000e-001 -6.5630000e+000
  8.2500000e+001 -2.4050000e-001 -6.5630000e+000
  8.3800000e+001 -2.4050000e-001 -6.5630000e+000
  8.5000000e+001 -2.4050000e-001 -6.5630000e+000
  8.6300000e+001 -2.4050000e-001 -6.5630000e+000
  8.7500000e+001 -2.4050000e-001 -6.5630000e+000
  8.8800000e+001 -2.4050000e-001 -6.5630000e+000
  9.0000000e+001 -2.4050000e-001 -6.5630000e+000
  9.1300000e+001 -2.4050000e-001 -6.5630000e+000
  9.2500000e+001 -2.4050000e-001 -6.5630000e+000
  9.3800000e+001 -2.4050000e-001 -6.5630000e+000
  9.5000000e+001 -2.4050000e-001 -6.5630000e+000
  9.6300000e+001 -2.4050000e-001 -6.5630000e+000
  9.7500000e+001 -2.4050000e-001 -6.5630000e+000
  9.8800000e+001 -2.4050000e-001 -6.5630000e+000
  1.0000000e+002 -2.4050000e-001 -6.5630000e+000
  1.1300000e+002 -2.4050000e-001 -6.5630000e+000
  1.2500000e+002 -2.4050000e-001 -6.5630000e+000
  1.3800000e+002 -2.4050000e-001 -6.5630000e+000
  1.5000000e+002 -2.4050000e-001 -6.5630000e+000
  1.6300000e+002 -2.4050000e-001 -6.5630000e+000
  1.7500000e+002 -2.4050000e-001 -6.5630000e+000
  1.8800000e+002 -2.4050000e-001 -6.5630000e+000
  2.0000000e+002 -2.4050000e-001 -6.5630000e+000
  2.1300000e+002 -2.4050000e-001 -6.5630000e+000
  2.2500000e+002 -2.4050000e-001 -6.5630000e+000
  2.3800000e+002 -2.4050000e-001 -6.5630000e+000
  2.5000000e+002 -2.4050000e-001 -6.5630000e+000
  2.6300000e+002 -2.4050000e-001 -6.5630000e+000
  2.7500000e+002 -2.4050000e-001 -6.5630000e+000
  2.8800000e+002 -2.4050000e-001 -6.5630000e+000
  3.0000000e+002 -2.4050000e-001 -6.5630000e+000
  3.1300000e+002 -2.4050000e-001 -6.5630000e+000
  3.2500000e+002 -2.4050000e-001 -6.5630000e+000
  3.3800000e+002 -2.4050000e-001 -6.5630000e+000
  3.5000000e+002 -2.4050000e-001 -6.5630000e+000
  3.6300000e+002 -2.4050000e-001 -6.5630000e+000
  3.7500000e+002 -2.4050000e-001 -6.5630000e+000
  3.8800000e+002 -2.4050000e-001 -6.5630000e+000
  4.0000000e+002 -2.4050000e-001 -6.5630000e+000
  4.1300000e+002  2.7189618e-002 -7.0386231e+000
  4.2500000e+002  2.6616500e-001 -7.4798037e+000
  4.3800000e+002  5.5427390e-001 -7.9581236e+000
  4.5000000e+002  8.4237283e-001 -8.4009306e+000
  4.6300000e+002  1.1788188e+000 -8.8763916e+000
  4.7500000e+002  1.5169074e+000 -9.3109342e+000
  4.8800000e+002  1.9097556e+000 -9.7776425e+000
  5.0000000e+002  2.2923318e+000 -1.0205084e+001
  5.1300000e+002  2.7305561e+000 -1.0658843e+001
  5.2500000e+002  3.1588579e+000 -1.1067507e+001
  5.3800000e+002  3.6445258e+000 -1.1499876e+001
  5.5000000e+002  4.1132378e+000 -1.1888342e+001
  5.6300000e+002  4.6410919e+000 -1.2302081e+001
  5.7500000e+002  5.1456449e+000 -1.2671282e+001
  5.8800000e+002  5.7140545e+000 -1.3059231e+001
  6.0000000e+002  6.2553292e+000 -1.3399501e+001
  6.1300000e+002  6.8595474e+000 -1.3751517e+001
  6.2500000e+002  7.4343259e+000 -1.4058685e+001
  6.3800000e+002  8.0701607e+000 -1.4383828e+001
  6.5000000e+002  8.6698591e+000 -1.4668316e+001
  6.6300000e+002  9.3391242e+000 -1.4956107e+001
  6.7500000e+002  9.9614569e+000 -1.5207142e+001
  6.8800000e+002  1.0650910e+001 -1.5462700e+001
  7.0000000e+002  1.1298651e+001 -1.5684048e+001
  7.1300000e+002  1.2011356e+001 -1.5892618e+001
  7.2500000e+002  1.2674927e+001 -1.6079111e+001
  7.3800000e+002  1.3404974e+001 -1.6257195e+001
  7.5000000e+002  1.4085584e+001 -1.6401565e+001
  7.6300000e+002  1.4828927e+001 -1.6539520e+001
  7.7500000e+002  1.5519486e+001 -1.6657913e+001
  7.8800000e+002  1.6274115e+001 -1.6766383e+001
  8.0000000e+002  1.6980933e+001 -1.6842880e+001
  8.1300000e+002  1.7737800e+001 -1.6880588e+001
  8.2500000e+002  1.8450078e+001 -1.6895497e+001
  8.3800000e+002  1.9216905e+001 -1.6886297e+001
  8.5000000e+002  1.9921764e+001 -1.6860968e+001
  8.6300000e+002  2.0689574e+001 -1.6822857e+001
  8.7500000e+002  2.1394550e+001 -1.6774358e+001
  8.8800000e+002  2.2157612e+001 -1.6707632e+001
  9.0000000e+002  2.2862473e+001 -1.6635631e+001
  9.1300000e+002  2.3621458e+001 -1.6547778e+001
  9.2500000e+002  2.4317275e+001 -1.6462107e+001
  9.3800000e+002  2.5069595e+001 -1.6360090e+001
  9.5000000e+002  2.5763211e+001 -1.6245649e+001
  9.6300000e+002  2.6508050e+001 -1.6105202e+001
  9.7500000e+002  2.7196770e+001 -1.5960447e+001
  9.8800000e+002  2.7945250e+001 -1.5788749e+001
  1.0000000e+003  2.8631558e+001 -1.5619352e+001
  1.1300000e+003  3.5702196e+001 -1.2981194e+001
  1.2500000e+003  4.1544590e+001 -9.5426580e+000
  1.3800000e+003  4.7006454e+001 -5.0572846e+000
  1.5000000e+003  5.1205512e+001 -4.2545047e-001
  1.6300000e+003  5.4874532e+001  4.9208254e+000
  1.7500000e+003  5.7523642e+001  9.9384680e+000
  1.8800000e+003  5.9648988e+001  1.5354534e+001
  2.0000000e+003  6.0993688e+001  2.0270289e+001
  2.1300000e+003  6.1890450e+001  2.5411244e+001
  2.2500000e+003  6.2302037e+001  2.9966895e+001
  2.3800000e+003  6.2330617e+001  3.4657064e+001
  2.5000000e+003  6.2039283e+001  3.8741354e+001
  2.6300000e+003  6.1464945e+001  4.2902947e+001
  2.7500000e+003  6.0715533e+001  4.6511141e+001
  2.8800000e+003  5.9684304e+001  5.0165458e+001
  3.0000000e+003  5.8603359e+001  5.3321457e+001
  3.1300000e+003  5.7310045e+001  5.6509192e+001
  3.2500000e+003  5.6022405e+001  5.9249122e+001
  3.3800000e+003  5.4564694e+001  6.2019808e+001
  3.5000000e+003  5.3166087e+001  6.4390640e+001
  3.6300000e+003  5.1594329e+001  6.6773406e+001
  3.7500000e+003  5.0108635e+001  6.8827474e+001
  3.8800000e+003  4.8490840e+001  7.0904126e+001
  4.0000000e+003  4.6978663e+001  7.2683710e+001
  4.1300000e+003  4.5339667e+001  7.4484720e+001
  4.2500000e+003  4.3830900e+001  7.6016126e+001
  4.3800000e+003  4.2194955e+001  7.7571781e+001
  4.5000000e+003  4.0701476e+001  7.8913521e+001
  4.6300000e+003  3.9088496e+001  8.0245468e+001
  4.7500000e+003  3.7604576e+001  8.1407125e+001
  4.8800000e+003  3.6017116e+001  8.2579149e+001
  5.0000000e+003  3.4568371e+001  8.3580028e+001
  5.1300000e+003  3.3012927e+001  8.4583438e+001
  5.2500000e+003  3.1615039e+001  8.5429576e+001
  5.3800000e+003  3.0136996e+001  8.6302362e+001
  5.5000000e+003  2.8774403e+001  8.7073105e+001
  5.6300000e+003  2.7312251e+001  8.7836055e+001
  5.7500000e+003  2.5977664e+001  8.8498149e+001
  5.8800000e+003  2.4559288e+001  8.9168120e+001
  6.0000000e+003  2.3274145e+001  8.9734852e+001
  6.1300000e+003  2.1890725e+001  9.0301951e+001
  6.2500000e+003  2.0640804e+001  9.0781491e+001
  6.3800000e+003  1.9315910e+001  9.1283519e+001
  6.5000000e+003  1.8099528e+001  9.1707157e+001
  6.6300000e+003  1.6793047e+001  9.2117560e+001
  6.7500000e+003  1.5613443e+001  9.2481396e+001
  6.8800000e+003  1.4363411e+001  9.2836861e+001
  7.0000000e+003  1.3204512e+001  9.3130106e+001
  7.1300000e+003  1.1981296e+001  9.3435448e+001
  7.2500000e+003  1.0879360e+001  9.3684797e+001
  7.3800000e+003  9.6811102e+000  9.3931994e+001
  7.5000000e+003  8.6035511e+000  9.4143107e+001
  7.6300000e+003  7.4517417e+000  9.4345927e+001
  7.7500000e+003  6.3927965e+000  9.4517597e+001
  7.8800000e+003  5.2703387e+000  9.4680583e+001
  8.0000000e+003  4.2466236e+000  9.4810465e+001
  8.1300000e+003  3.1487118e+000  9.4934598e+001
  8.2500000e+003  2.1547938e+000  9.5039180e+001
  8.3800000e+003  1.0897365e+000  9.5130639e+001
  8.5000000e+003  1.1295087e-001  9.5203190e+001
  8.6300000e+003 -9.2149146e-001  9.5273468e+001
  8.7500000e+003 -1.8583791e+000  9.5313479e+001
  8.8800000e+003 -2.8705893e+000  9.5338507e+001
  9.0000000e+003 -3.8025919e+000  9.5357586e+001
  9.1300000e+003 -4.7958754e+000  9.5365745e+001
  9.2500000e+003 -5.6992628e+000  9.5355406e+001
  9.3800000e+003 -6.6615974e+000  9.5341339e+001
  9.5000000e+003 -7.5345481e+000  9.5310322e+001
  9.6300000e+003 -8.4831896e+000  9.5267102e+001
  9.7500000e+003 -9.3450053e+000  9.5226183e+001
  9.8800000e+003 -1.0266879e+001  9.5162196e+001
  1.0000000e+004 -1.1119610e+001  9.5096687e+001
  1.1300000e+004 -1.9725329e+001  9.3893378e+001
  1.2500000e+004 -2.6942396e+001  9.2103095e+001
  1.3800000e+004 -3.4036795e+001  8.9544657e+001
  1.5000000e+004 -4.0103432e+001  8.6824439e+001
  1.6300000e+004 -4.6134815e+001  8.3463090e+001
  1.7500000e+004 -5.1260649e+001  8.0025991e+001
  1.8800000e+004 -5.6329589e+001  7.6020751e+001
  2.0000000e+004 -6.0656927e+001  7.2091663e+001
  2.1300000e+004 -6.4897151e+001  6.7617792e+001
  2.2500000e+004 -6.8405820e+001  6.3282091e+001
  2.3800000e+004 -7.1833130e+001  5.8424441e+001
  2.5000000e+004 -7.4613275e+001  5.3795509e+001
  2.6300000e+004 -7.7222423e+001  4.8669524e+001
  2.7500000e+004 -7.9262402e+001  4.3850842e+001
  2.8800000e+004 -8.1079214e+001  3.8592680e+001
  3.0000000e+004 -8.2435079e+001  3.3682013e+001
  3.1300000e+004 -8.3481947e+001  2.8362724e+001
  3.2500000e+004 -8.4106363e+001  2.3465577e+001
  3.3800000e+004 -8.4449511e+001  1.8193659e+001
  3.5000000e+004 -8.4415916e+001  1.3394056e+001
  3.6300000e+004 -8.4038796e+001  8.2763127e+000
  3.7500000e+004 -8.3384486e+001  3.6517061e+000
  3.8800000e+004 -8.2344998e+001 -1.2166625e+000
  4.0000000e+004 -8.1106768e+001 -5.5758725e+000
  4.1300000e+004 -7.9496378e+001 -1.0122164e+001
  4.2500000e+004 -7.7754601e+001 -1.4144891e+001
  4.3800000e+004 -7.5614779e+001 -1.8297395e+001
  4.5000000e+004 -7.3417134e+001 -2.1921251e+001
  4.6300000e+004 -7.0844889e+001 -2.5611471e+001
  4.7500000e+004 -6.8313600e+001 -2.8787075e+001
  4.8800000e+004 -6.5402876e+001 -3.1987741e+001
  5.0000000e+004 -6.2577126e+001 -3.4720242e+001
  5.1300000e+004 -5.9397971e+001 -3.7404923e+001
  5.2500000e+004 -5.6371822e+001 -3.9620107e+001
  5.3800000e+004 -5.3029103e+001 -4.1771805e+001
  5.5000000e+004 -4.9897145e+001 -4.3510325e+001
  5.6300000e+004 -4.6475262e+001 -4.5135994e+001
  5.7500000e+004 -4.3296886e+001 -4.6417456e+001
  5.8800000e+004 -3.9872009e+001 -4.7539230e+001
  6.0000000e+004 -3.6750144e+001 -4.8360180e+001
  6.1300000e+004 -3.3392266e+001 -4.9031180e+001
  6.2500000e+004 -3.0354723e+001 -4.9440245e+001
  6.3800000e+004 -2.7132434e+001 -4.9676233e+001
  6.5000000e+004 -2.4235552e+001 -4.9723335e+001
  6.6300000e+004 -2.1193965e+001 -4.9581200e+001
  6.7500000e+004 -1.8485821e+001 -4.9296069e+001
  6.8800000e+004 -1.5657566e+001 -4.8840810e+001
  7.0000000e+004 -1.3158490e+001 -4.8285866e+001
  7.1300000e+004 -1.0566207e+001 -4.7556979e+001
  7.2500000e+004 -8.2898592e+000 -4.6776346e+001
  7.3800000e+004 -5.9606678e+000 -4.5821174e+001
  7.5000000e+004 -3.9238464e+000 -4.4867248e+001
  7.6300000e+004 -1.8468978e+000 -4.3756566e+001
  7.7500000e+004 -5.2820235e-002 -4.2669095e+001
  7.8800000e+004  1.7699856e+000 -4.1429146e+001
  8.0000000e+004  3.3426350e+000 -4.0246266e+001
  8.1300000e+004  4.9078099e+000 -3.8927401e+001
  8.2500000e+004  6.2519881e+000 -3.7688171e+001
  8.3800000e+004  7.5878870e+000 -3.6328332e+001
  8.5000000e+004  8.7258777e+000 -3.5044371e+001
  8.6300000e+004  9.8483663e+000 -3.3662163e+001
  8.7500000e+004  1.0780395e+001 -3.2383330e+001
  8.8800000e+004  1.1695062e+001 -3.1007045e+001
  9.0000000e+004  1.2454286e+001 -2.9744495e+001
  9.1300000e+004  1.3186875e+001 -2.8390729e+001
  9.2500000e+004  1.3778945e+001 -2.7154103e+001
  9.3800000e+004  1.4353466e+001 -2.5836152e+001
  9.5000000e+004  1.4810065e+001 -2.4644387e+001
  9.6300000e+004  1.5238263e+001 -2.3378421e+001
  9.7500000e+004  1.5563726e+001 -2.2245055e+001
  9.8800000e+004  1.5862473e+001 -2.1051106e+001
  1.0000000e+005  1.6088182e+001 -1.9969643e+001

