 6.250e+000 2.930e+000 0.000e+000 0.000e+000 0.000e+000 0.000e+000 0.000e+000 0.000e+000 0.000e+000 0.000e+000 0.000e+000 0.000e+000 0.000e+000 0.000e+000 0.000e+000 0.000e+000 0.000e+000 0.000e+000 0.000e+000
 7.500e+000 2.930e+000 0.000e+000 0.000e+000 0.000e+000 0.000e+000 0.000e+000 0.000e+000 0.000e+000 0.000e+000 0.000e+000 0.000e+000 0.000e+000 0.000e+000 0.000e+000 0.000e+000 0.000e+000 0.000e+000 0.000e+000
 8.750e+000 2.930e+000 0.000e+000 0.000e+000 0.000e+000 0.000e+000 0.000e+000 0.000e+000 0.000e+000 0.000e+000 0.000e+000 0.000e+000 0.000e+000 0.000e+000 0.000e+000 0.000e+000 0.000e+000 0.000e+000 0.000e+000
 1.000e+001 2.930e+000 0.000e+000 0.000e+000 0.000e+000 0.000e+000 0.000e+000 0.000e+000 0.000e+000 0.000e+000 0.000e+000 0.000e+000 0.000e+000 0.000e+000 0.000e+000 0.000e+000 0.000e+000 0.000e+000 0.000e+000
 1.130e+001 2.930e+000 2.200e+001 4.398e+001 1.954e+003 9.397e+000-1.608e+002-1.347e+003 2.732e+006-1.527e+003-6.197e+002 5.224e+000 3.410e+003 4.407e+001 3.227e+002 8.694e+001-1.871e+004 3.853e+002 1.609e+004
 1.250e+001 2.930e+000 0.000e+000 0.000e+000 0.000e+000 0.000e+000 0.000e+000 0.000e+000 0.000e+000 0.000e+000 0.000e+000 0.000e+000 0.000e+000 0.000e+000 0.000e+000 0.000e+000 0.000e+000 0.000e+000 0.000e+000
 1.380e+001 2.930e+000 0.000e+000 0.000e+000 0.000e+000 0.000e+000 0.000e+000 0.000e+000 0.000e+000 0.000e+000 0.000e+000 0.000e+000 0.000e+000 0.000e+000 0.000e+000 0.000e+000 0.000e+000 0.000e+000 0.000e+000
 1.500e+001 2.930e+000 2.200e+001 2.651e+001 2.235e+002-1.076e+000-5.234e+001-1.410e+003 2.625e+006 7.553e+002-1.620e+004 7.595e+000-2.683e+003 2.472e+001 1.388e+002 2.765e+002-6.413e+004 4.138e+002 1.346e+004
 1.630e+001 2.930e+000 0.000e+000 0.000e+000 0.000e+000 0.000e+000 0.000e+000 0.000e+000 0.000e+000 0.000e+000 0.000e+000 0.000e+000 0.000e+000 0.000e+000 0.000e+000 0.000e+000 0.000e+000 0.000e+000 0.000e+000
 1.750e+001 2.930e+000 2.200e+001 1.700e+001-1.084e+003-1.107e+000-3.037e+001 1.141e+003 3.077e+006 3.037e+002-1.444e+004 1.570e+000-4.205e+002 1.420e+001 1.002e+002 1.202e+002-9.719e+002 2.024e+002 6.943e+003
 1.880e+001 2.930e+000 0.000e+000 0.000e+000 0.000e+000 0.000e+000 0.000e+000 0.000e+000 0.000e+000 0.000e+000 0.000e+000 0.000e+000 0.000e+000 0.000e+000 0.000e+000 0.000e+000 0.000e+000 0.000e+000 0.000e+000
 2.000e+001 2.930e+000 2.200e+001 1.843e+001 4.626e+002 2.442e+000 6.173e+001-3.004e+002 1.604e+006 4.935e+002 2.162e+004 2.015e+000 4.042e+002 2.698e+001 2.166e+002 6.406e+001-1.633e+003 4.070e+002 1.064e+004
 2.130e+001 2.930e+000 0.000e+000 0.000e+000 0.000e+000 0.000e+000 0.000e+000 0.000e+000 0.000e+000 0.000e+000 0.000e+000 0.000e+000 0.000e+000 0.000e+000 0.000e+000 0.000e+000 0.000e+000 0.000e+000 0.000e+000
 2.250e+001 2.930e+000 0.000e+000 0.000e+000 0.000e+000 0.000e+000 0.000e+000 0.000e+000 0.000e+000 0.000e+000 0.000e+000 0.000e+000 0.000e+000 0.000e+000 0.000e+000 0.000e+000 0.000e+000 0.000e+000 0.000e+000
 2.380e+001 2.930e+000 2.200e+001 8.817e+000 1.212e+002-2.715e+000-3.011e+001-5.847e+001 8.190e+005-3.453e+002 4.880e+003 1.219e+000 8.801e+002 1.265e+001 1.049e+002 5.821e+001 2.156e+004 1.923e+002 5.944e+003
 2.500e+001 2.930e+000 0.000e+000 0.000e+000 0.000e+000 0.000e+000 0.000e+000 0.000e+000 0.000e+000 0.000e+000 0.000e+000 0.000e+000 0.000e+000 0.000e+000 0.000e+000 0.000e+000 0.000e+000 0.000e+000 0.000e+000
 2.630e+001 2.930e+000 2.200e+001 9.885e+000-1.509e+002 1.390e+000 6.583e+000-4.397e+002 3.383e+005 1.894e+002 4.304e+003 3.959e+000 2.013e+001 1.753e+001 6.935e+001 1.091e+002 3.426e+002 2.552e+002 6.312e+003
 2.750e+001 2.930e+000 0.000e+000 0.000e+000 0.000e+000 0.000e+000 0.000e+000 0.000e+000 0.000e+000 0.000e+000 0.000e+000 0.000e+000 0.000e+000 0.000e+000 0.000e+000 0.000e+000 0.000e+000 0.000e+000 0.000e+000
 2.880e+001 2.930e+000 2.200e+001 9.701e+000 3.517e+000-4.311e-001-2.717e+001-8.066e+001 2.488e+005 3.398e+002 3.540e+003-3.268e-001 4.094e+001 5.820e+000 1.352e+001 4.966e+001 1.694e+003 5.839e+001 2.769e+003
 3.000e+001 2.930e+000 0.000e+000 0.000e+000 0.000e+000 0.000e+000 0.000e+000 0.000e+000 0.000e+000 0.000e+000 0.000e+000 0.000e+000 0.000e+000 0.000e+000 0.000e+000 0.000e+000 0.000e+000 0.000e+000 0.000e+000
 3.130e+001 2.930e+000 0.000e+000 0.000e+000 0.000e+000 0.000e+000 0.000e+000 0.000e+000 0.000e+000 0.000e+000 0.000e+000 0.000e+000 0.000e+000 0.000e+000 0.000e+000 0.000e+000 0.000e+000 0.000e+000 0.000e+000
 3.250e+001 2.930e+000 2.200e+001 9.341e+000-1.994e+002 1.194e-001-1.689e+000-5.012e+001 3.117e+005 7.473e+001 3.385e+002 2.834e+000-1.774e+002 1.062e+001 5.725e+001 9.963e+001-5.198e+003 1.749e+002 5.028e+003
 3.380e+001 2.930e+000 0.000e+000 0.000e+000 0.000e+000 0.000e+000 0.000e+000 0.000e+000 0.000e+000 0.000e+000 0.000e+000 0.000e+000 0.000e+000 0.000e+000 0.000e+000 0.000e+000 0.000e+000 0.000e+000 0.000e+000
 3.500e+001 2.930e+000 2.200e+001 7.918e+000-3.421e+002 2.573e+000 4.095e+001-7.008e+001 2.558e+005 2.473e+002 4.497e+003 1.445e+000-9.652e+001 1.063e+001 4.931e+001 9.241e+001-2.082e+003 1.361e+002 4.995e+003
 3.630e+001 2.930e+000 0.000e+000 0.000e+000 0.000e+000 0.000e+000 0.000e+000 0.000e+000 0.000e+000 0.000e+000 0.000e+000 0.000e+000 0.000e+000 0.000e+000 0.000e+000 0.000e+000 0.000e+000 0.000e+000 0.000e+000
 3.750e+001 2.930e+000 2.200e+001 8.821e+000-1.841e+002 1.655e+000 1.096e+001-2.478e+002 2.440e+005-8.390e+001 1.076e+003 2.044e+000-7.546e+001 1.257e+001 3.728e+001 9.908e+001-3.146e+003 2.219e+002 6.918e+003
 3.880e+001 2.930e+000 0.000e+000 0.000e+000 0.000e+000 0.000e+000 0.000e+000 0.000e+000 0.000e+000 0.000e+000 0.000e+000 0.000e+000 0.000e+000 0.000e+000 0.000e+000 0.000e+000 0.000e+000 0.000e+000 0.000e+000
 4.000e+001 2.930e+000 0.000e+000 0.000e+000 0.000e+000 0.000e+000 0.000e+000 0.000e+000 0.000e+000 0.000e+000 0.000e+000 0.000e+000 0.000e+000 0.000e+000 0.000e+000 0.000e+000 0.000e+000 0.000e+000 0.000e+000
 4.130e+001 2.930e+000 2.200e+001 9.355e+000-1.642e+002 5.451e-001 2.186e+001-2.535e+002 1.448e+005-3.941e+001 2.307e+003 3.205e+000 1.622e+001 1.345e+001 1.111e+002 1.600e+002-1.422e+003 2.260e+002 8.551e+003
 4.250e+001 2.930e+000 0.000e+000 0.000e+000 0.000e+000 0.000e+000 0.000e+000 0.000e+000 0.000e+000 0.000e+000 0.000e+000 0.000e+000 0.000e+000 0.000e+000 0.000e+000 0.000e+000 0.000e+000 0.000e+000 0.000e+000
 4.380e+001 2.930e+000 2.200e+001 1.087e+001-3.427e+002-2.307e+000-1.131e+001-2.039e+002 1.065e+005 6.722e+001 4.879e+003 4.204e+000-5.440e+001 1.042e+001 1.068e+002 2.858e+002-5.419e+003 2.335e+002 1.251e+004
 4.500e+001 2.930e+000 0.000e+000 0.000e+000 0.000e+000 0.000e+000 0.000e+000 0.000e+000 0.000e+000 0.000e+000 0.000e+000 0.000e+000 0.000e+000 0.000e+000 0.000e+000 0.000e+000 0.000e+000 0.000e+000 0.000e+000
 4.630e+001 2.930e+000 2.200e+001 3.245e+001-3.579e+002-4.216e+000 1.417e+002-7.311e+002 1.187e+005 2.111e+002 6.420e+003 1.809e+001-6.744e+002 1.522e+001 2.331e+002 1.104e+003-3.230e+004 6.772e+002 4.137e+004
 4.750e+001 2.930e+000 0.000e+000 0.000e+000 0.000e+000 0.000e+000 0.000e+000 0.000e+000 0.000e+000 0.000e+000 0.000e+000 0.000e+000 0.000e+000 0.000e+000 0.000e+000 0.000e+000 0.000e+000 0.000e+000 0.000e+000
 4.880e+001 2.930e+000 0.000e+000 0.000e+000 0.000e+000 0.000e+000 0.000e+000 0.000e+000 0.000e+000 0.000e+000 0.000e+000 0.000e+000 0.000e+000 0.000e+000 0.000e+000 0.000e+000 0.000e+000 0.000e+000 0.000e+000
 5.000e+001 2.930e+000 2.200e+001 1.847e+004-1.196e+005-2.618e+003 2.378e+005-1.519e+005 2.316e+006 8.842e+004 3.994e+005 1.003e+004-6.588e+004 6.061e+003 1.803e+005 3.659e+005-4.543e+006 1.643e+005 1.032e+007
 5.130e+001 2.930e+000 0.000e+000 0.000e+000 0.000e+000 0.000e+000 0.000e+000 0.000e+000 0.000e+000 0.000e+000 0.000e+000 0.000e+000 0.000e+000 0.000e+000 0.000e+000 0.000e+000 0.000e+000 0.000e+000 0.000e+000
 5.250e+001 2.930e+000 2.200e+001 3.757e+001 3.279e+001-4.701e+000 1.847e+002-6.857e+002 7.367e+004 7.645e+001-5.044e+003 2.236e+001-4.510e+002 1.757e+001 2.734e+002 1.285e+003-2.509e+004 7.735e+002 4.683e+004
 5.380e+001 2.930e+000 0.000e+000 0.000e+000 0.000e+000 0.000e+000 0.000e+000 0.000e+000 0.000e+000 0.000e+000 0.000e+000 0.000e+000 0.000e+000 0.000e+000 0.000e+000 0.000e+000 0.000e+000 0.000e+000 0.000e+000
 5.500e+001 2.930e+000 0.000e+000 0.000e+000 0.000e+000 0.000e+000 0.000e+000 0.000e+000 0.000e+000 0.000e+000 0.000e+000 0.000e+000 0.000e+000 0.000e+000 0.000e+000 0.000e+000 0.000e+000 0.000e+000 0.000e+000
 5.630e+001 2.930e+000 2.200e+001 9.471e+000 4.868e+001-1.401e-001 6.453e+001-6.397e+001 3.403e+004-1.659e+001-2.220e+003 5.815e+000-2.005e+002 8.064e+000 4.528e+001 2.848e+002-3.582e+003 2.371e+002 1.118e+004
 5.750e+001 2.930e+000 0.000e+000 0.000e+000 0.000e+000 0.000e+000 0.000e+000 0.000e+000 0.000e+000 0.000e+000 0.000e+000 0.000e+000 0.000e+000 0.000e+000 0.000e+000 0.000e+000 0.000e+000 0.000e+000 0.000e+000
 5.880e+001 2.930e+000 2.200e+001 1.042e+001-4.787e+001-1.155e+000 2.538e+001-2.071e+002 3.104e+004 6.451e+001 1.324e+003 9.038e+000-3.413e+002 1.768e+001 5.387e+001 2.528e+002-6.103e+003 3.431e+002 8.906e+003
 6.000e+001 2.930e+000 0.000e+000 0.000e+000 0.000e+000 0.000e+000 0.000e+000 0.000e+000 0.000e+000 0.000e+000 0.000e+000 0.000e+000 0.000e+000 0.000e+000 0.000e+000 0.000e+000 0.000e+000 0.000e+000 0.000e+000
 6.130e+001 2.930e+000 2.200e+001 4.706e+000 1.601e+001 1.436e+000 2.247e+001-7.167e+001 3.868e+004 3.959e+000-5.969e+002 2.471e+000-9.965e+001 8.797e+000 5.798e-001 7.741e+001-6.273e+002 1.461e+002 3.498e+003
 6.250e+001 2.930e+000 0.000e+000 0.000e+000 0.000e+000 0.000e+000 0.000e+000 0.000e+000 0.000e+000 0.000e+000 0.000e+000 0.000e+000 0.000e+000 0.000e+000 0.000e+000 0.000e+000 0.000e+000 0.000e+000 0.000e+000
 6.380e+001 2.930e+000 0.000e+000 0.000e+000 0.000e+000 0.000e+000 0.000e+000 0.000e+000 0.000e+000 0.000e+000 0.000e+000 0.000e+000 0.000e+000 0.000e+000 0.000e+000 0.000e+000 0.000e+000 0.000e+000 0.000e+000
 6.500e+001 2.930e+000 2.200e+001 7.798e+000-1.830e+001 2.193e-001 4.754e+000-1.418e+002 3.740e+004 2.455e+001 4.728e+002 2.363e+000-5.224e+001 1.021e+001 2.755e+001 8.121e+001-5.177e+001 1.321e+002 2.868e+003
 6.630e+001 2.930e+000 0.000e+000 0.000e+000 0.000e+000 0.000e+000 0.000e+000 0.000e+000 0.000e+000 0.000e+000 0.000e+000 0.000e+000 0.000e+000 0.000e+000 0.000e+000 0.000e+000 0.000e+000 0.000e+000 0.000e+000
 6.750e+001 2.930e+000 2.200e+001 2.718e+001-1.811e+002 4.344e+000-1.360e+001-3.688e+002 5.102e+004-9.013e+001-3.915e+003-2.340e+000-8.382e+002 7.572e+001 2.505e+002-2.391e+000-7.826e+003 8.032e+002 1.008e+004
 6.880e+001 2.930e+000 0.000e+000 0.000e+000 0.000e+000 0.000e+000 0.000e+000 0.000e+000 0.000e+000 0.000e+000 0.000e+000 0.000e+000 0.000e+000 0.000e+000 0.000e+000 0.000e+000 0.000e+000 0.000e+000 0.000e+000
 7.000e+001 2.930e+000 2.200e+001 1.705e+001-6.025e+001-6.963e+000-1.240e+002 1.040e+002 2.301e+004 3.161e+001-1.462e+003 8.129e-001-2.044e+002 2.674e+001 1.281e+002 7.868e+001-1.744e+003 3.199e+002 5.048e+003
 7.130e+001 2.930e+000 0.000e+000 0.000e+000 0.000e+000 0.000e+000 0.000e+000 0.000e+000 0.000e+000 0.000e+000 0.000e+000 0.000e+000 0.000e+000 0.000e+000 0.000e+000 0.000e+000 0.000e+000 0.000e+000 0.000e+000
 7.250e+001 2.930e+000 0.000e+000 0.000e+000 0.000e+000 0.000e+000 0.000e+000 0.000e+000 0.000e+000 0.000e+000 0.000e+000 0.000e+000 0.000e+000 0.000e+000 0.000e+000 0.000e+000 0.000e+000 0.000e+000 0.000e+000
 7.380e+001 2.930e+000 2.200e+001 5.606e+000-4.103e+001-1.586e+000-3.879e+001 6.506e+001 1.402e+004 2.879e+000-5.678e+002 6.027e-001-1.034e+002 7.394e+000 4.336e+001 3.256e+001-8.210e+002 9.550e+001 1.874e+003
 7.500e+001 2.930e+000 0.000e+000 0.000e+000 0.000e+000 0.000e+000 0.000e+000 0.000e+000 0.000e+000 0.000e+000 0.000e+000 0.000e+000 0.000e+000 0.000e+000 0.000e+000 0.000e+000 0.000e+000 0.000e+000 0.000e+000
 7.630e+001 2.930e+000 2.200e+001 2.372e+000-3.507e+001 1.711e-002-4.931e+000 4.890e+001 1.716e+004-2.236e+001-1.123e+003-3.308e-001-1.064e+002 5.741e+000 3.237e+001 5.874e+000-8.431e+002 7.427e+001 1.434e+003
 7.750e+001 2.930e+000 0.000e+000 0.000e+000 0.000e+000 0.000e+000 0.000e+000 0.000e+000 0.000e+000 0.000e+000 0.000e+000 0.000e+000 0.000e+000 0.000e+000 0.000e+000 0.000e+000 0.000e+000 0.000e+000 0.000e+000
 7.880e+001 2.930e+000 2.200e+001 1.727e+000 1.209e+001-2.085e-001-7.371e+000 2.990e+000 2.583e+004-6.527e+001-1.451e+003 2.130e-001-1.430e+002 4.523e+000 2.494e+001 1.314e+001-1.510e+003 5.815e+001 1.121e+003
 8.000e+001 2.930e+000 0.000e+000 0.000e+000 0.000e+000 0.000e+000 0.000e+000 0.000e+000 0.000e+000 0.000e+000 0.000e+000 0.000e+000 0.000e+000 0.000e+000 0.000e+000 0.000e+000 0.000e+000 0.000e+000 0.000e+000
 8.130e+001 2.930e+000 0.000e+000 0.000e+000 0.000e+000 0.000e+000 0.000e+000 0.000e+000 0.000e+000 0.000e+000 0.000e+000 0.000e+000 0.000e+000 0.000e+000 0.000e+000 0.000e+000 0.000e+000 0.000e+000 0.000e+000
 8.250e+001 2.930e+000 2.200e+001 1.339e+000 3.910e+001 2.137e-002 9.714e-001 1.049e+001 1.991e+004-6.119e+001-1.495e+003 6.058e-001-1.044e+002 4.892e+000 1.339e+001 1.352e+001-8.985e+002 6.636e+001 1.125e+003
 8.380e+001 2.930e+000 0.000e+000 0.000e+000 0.000e+000 0.000e+000 0.000e+000 0.000e+000 0.000e+000 0.000e+000 0.000e+000 0.000e+000 0.000e+000 0.000e+000 0.000e+000 0.000e+000 0.000e+000 0.000e+000 0.000e+000
 8.500e+001 2.930e+000 2.200e+001 1.945e+000 3.595e+000-8.071e-001-5.359e+000 1.492e+001 1.270e+004-2.964e+001-8.685e+002 5.737e-001-9.961e+001 4.212e+000 2.069e+001 1.232e+001-7.001e+002 4.499e+001 7.648e+002
 8.630e+001 2.930e+000 0.000e+000 0.000e+000 0.000e+000 0.000e+000 0.000e+000 0.000e+000 0.000e+000 0.000e+000 0.000e+000 0.000e+000 0.000e+000 0.000e+000 0.000e+000 0.000e+000 0.000e+000 0.000e+000 0.000e+000
 8.750e+001 2.930e+000 2.200e+001 1.095e+000-3.146e+000-4.742e-001-2.230e+000 6.814e+000 1.055e+004-2.527e+001-7.521e+002 6.853e-001-6.727e+001 4.351e+000 1.468e+001 1.061e+001-6.339e+002 4.848e+001 8.052e+002
 8.880e+001 2.930e+000 0.000e+000 0.000e+000 0.000e+000 0.000e+000 0.000e+000 0.000e+000 0.000e+000 0.000e+000 0.000e+000 0.000e+000 0.000e+000 0.000e+000 0.000e+000 0.000e+000 0.000e+000 0.000e+000 0.000e+000
 9.000e+001 2.930e+000 0.000e+000 0.000e+000 0.000e+000 0.000e+000 0.000e+000 0.000e+000 0.000e+000 0.000e+000 0.000e+000 0.000e+000 0.000e+000 0.000e+000 0.000e+000 0.000e+000 0.000e+000 0.000e+000 0.000e+000
 9.130e+001 2.930e+000 2.200e+001 1.060e+000 5.653e+000-2.469e-001-1.723e+000 1.586e+001 9.712e+003-1.788e+001-5.735e+002 4.063e-001-6.180e+001 1.970e+000 7.429e+000 1.034e+001-4.221e+002 2.335e+001 4.144e+002
 9.250e+001 2.930e+000 0.000e+000 0.000e+000 0.000e+000 0.000e+000 0.000e+000 0.000e+000 0.000e+000 0.000e+000 0.000e+000 0.000e+000 0.000e+000 0.000e+000 0.000e+000 0.000e+000 0.000e+000 0.000e+000 0.000e+000
 9.380e+001 2.930e+000 2.200e+001 7.909e-001 3.019e+001-5.046e-001-6.751e+000 7.782e+000 1.397e+004-2.364e-001-4.682e+002-4.137e-002-5.538e+001 1.807e+000 6.623e+000 8.000e+000-6.126e+002 1.742e+001 3.300e+002
 9.500e+001 2.930e+000 0.000e+000 0.000e+000 0.000e+000 0.000e+000 0.000e+000 0.000e+000 0.000e+000 0.000e+000 0.000e+000 0.000e+000 0.000e+000 0.000e+000 0.000e+000 0.000e+000 0.000e+000 0.000e+000 0.000e+000
 9.630e+001 2.930e+000 2.200e+001 7.156e-001 1.618e+001-2.020e-001-5.346e-001 5.018e+000 1.032e+004 3.726e+000-1.736e+002 3.620e-001-2.539e+001 1.046e+000 3.954e+000 1.056e+001-3.558e+002 1.441e+001 3.041e+002
 9.750e+001 2.930e+000 0.000e+000 0.000e+000 0.000e+000 0.000e+000 0.000e+000 0.000e+000 0.000e+000 0.000e+000 0.000e+000 0.000e+000 0.000e+000 0.000e+000 0.000e+000 0.000e+000 0.000e+000 0.000e+000 0.000e+000
 9.880e+001 2.930e+000 0.000e+000 0.000e+000 0.000e+000 0.000e+000 0.000e+000 0.000e+000 0.000e+000 0.000e+000 0.000e+000 0.000e+000 0.000e+000 0.000e+000 0.000e+000 0.000e+000 0.000e+000 0.000e+000 0.000e+000
 1.000e+002 2.930e+000 3.400e+001 1.442e+000-1.095e+001-5.030e-001-1.922e+001 2.666e+001 1.535e+004-4.858e+001-5.239e+002 1.379e+000 2.607e+000 5.249e+000-3.492e+001 3.933e+000-2.566e+002 2.336e+001 4.522e+002
 1.130e+002 2.930e+000 7.300e+001 1.939e+000 1.250e+001-6.544e-001-2.960e+000-5.145e-001 2.657e+004-2.634e+001-1.569e+003 1.287e+000-2.231e+002 7.709e+000 3.143e+001 2.375e+001-2.162e+003 8.828e+001 1.332e+003
 1.250e+002 2.930e+000 6.200e+001 2.280e+000 3.012e+001-1.090e+000-1.195e+001-1.422e+001 1.725e+004 4.997e+001-2.055e+002 7.802e-001-1.580e+002 6.894e+000 2.411e+001 2.022e+001-1.851e+003 7.064e+001 9.744e+002
 1.380e+002 2.930e+000 8.600e+001 2.104e+000 3.450e+001-8.671e-001 8.182e-001-4.727e+001 1.774e+004 2.140e+001-6.866e+002 2.528e+000-1.691e+002 9.254e+000 3.085e+001 3.886e+001-2.016e+003 9.527e+001 1.311e+003
 1.500e+002 2.930e+000 7.000e+001 1.499e+000-2.697e+000-8.697e-001 6.805e+000-4.116e+001 1.137e+004 4.860e+001-4.922e+002 2.332e+000-1.215e+002 6.681e+000 4.390e+001 3.168e+001-1.735e+003 6.455e+001 1.048e+003
 1.630e+002 2.930e+000 8.500e+001 2.886e+000 1.566e+001-1.558e+000-5.616e+000-6.528e+001 1.055e+004 7.273e+001-2.827e+001 2.689e+000-1.728e+002 1.010e+001 3.759e+001 3.944e+001-2.133e+003 9.872e+001 1.298e+003
 1.750e+002 2.930e+000 8.200e+001 4.230e+000 5.761e+000-1.814e+000-9.579e+000-1.075e+002 1.082e+004 9.238e+001 1.302e+002 4.337e+000-2.484e+002 1.741e+001 4.290e+001 5.847e+001-2.761e+003 1.752e+002 2.056e+003
 1.880e+002 2.930e+000 1.040e+002 8.584e+000-3.579e+001-4.769e+000-1.661e+001-2.618e+002 1.653e+004 2.813e+002 1.200e+003 1.288e+001-5.525e+002 4.333e+001 1.187e+002 1.599e+002-6.579e+003 4.186e+002 4.786e+003
 2.000e+002 2.930e+000 7.600e+001 1.048e+002 1.511e+002-1.023e+002-6.965e+002-3.111e+003 1.057e+005 2.741e+003 1.680e+004 1.883e+002-5.908e+003 4.579e+002 8.402e+002 2.106e+003-6.515e+004 4.631e+003 4.878e+004
 2.130e+002 2.930e+000 8.200e+001 5.707e+000-5.051e+001-2.008e+000 7.906e+000-1.703e+002 1.113e+004 1.690e+002 4.305e+002 8.672e+000-3.834e+002 2.635e+001 8.017e+001 9.358e+001-4.209e+003 2.387e+002 2.642e+003
 2.250e+002 2.930e+000 1.100e+002 1.912e+001-2.502e+002-7.774e+000 5.183e+001-6.281e+002 3.254e+004 8.277e+002 3.102e+003 3.819e+001-1.395e+003 1.060e+002 3.371e+002 3.885e+002-1.551e+004 9.292e+002 9.704e+003
 2.380e+002 2.930e+000 8.800e+001 8.755e+001-1.197e+003-5.004e+001 1.595e+002-2.870e+003 1.278e+005 4.361e+003 2.103e+004 1.983e+002-6.074e+003 5.067e+002 1.539e+003 1.947e+003-6.767e+004 4.505e+003 4.518e+004
 2.500e+002 2.930e+000 8.800e+001 3.351e+003-4.545e+004-1.893e+003 6.677e+003-1.085e+005 4.361e+006 1.668e+005 7.946e+005 7.765e+003-2.260e+005 1.909e+004 5.765e+004 7.446e+004-2.504e+006 1.690e+005 1.671e+006
 2.630e+002 2.930e+000 8.800e+001 7.529e+001-1.009e+003-4.400e+001 1.274e+002-2.165e+003 9.267e+004 3.710e+003 1.886e+004 1.710e+002-4.517e+003 4.412e+002 1.284e+003 1.639e+003-5.023e+004 3.781e+003 3.687e+004
 2.750e+002 2.930e+000 1.100e+002 2.107e+001-2.975e+002-9.309e+000 4.447e+001-5.198e+002 2.466e+004 9.845e+002 5.203e+003 4.626e+001-1.134e+003 1.249e+002 3.081e+002 4.208e+002-1.198e+004 1.007e+003 9.297e+003
 2.880e+002 2.930e+000 8.500e+001 6.782e+000-8.622e+001-3.767e+000 4.954e+000-1.678e+002 8.554e+003 3.570e+002 1.908e+003 1.556e+001-4.159e+002 5.087e+001 1.177e+002 1.392e+002-4.242e+003 4.068e+002 3.694e+003
 3.000e+002 2.930e+000 8.500e+001 9.576e+000-1.738e+002 6.855e+000 1.072e+002-1.741e+002 1.097e+004 3.563e+002 1.129e+003 2.020e+001-7.240e+002 8.289e+001 2.005e+002 1.515e+002-6.925e+003 6.706e+002 6.219e+003
 3.130e+002 2.930e+000 8.200e+001 5.774e+000-5.887e+001-1.986e+000 6.125e+000-1.103e+002 5.140e+003 1.894e+002 9.671e+002 1.114e+001-2.487e+002 3.154e+001 6.880e+001 9.009e+001-2.337e+003 2.390e+002 2.078e+003
 3.250e+002 2.930e+000 1.100e+002 5.473e+000-6.619e+001-3.073e+000 1.039e+001-1.435e+002 7.472e+003 2.813e+002 1.213e+003 1.412e+001-4.084e+002 5.249e+001 1.228e+002 1.212e+002-3.831e+003 3.928e+002 3.401e+003
 3.380e+002 2.930e+000 8.800e+001 1.419e+001-1.607e+002-1.002e+001 2.730e+001-4.344e+002 1.986e+004 8.027e+002 2.890e+003 4.344e+001-1.321e+003 1.530e+002 3.604e+002 3.489e+002-1.180e+004 1.135e+003 9.362e+003
 3.500e+002 2.930e+000 8.800e+001 3.174e+002-3.729e+003-2.423e+002 7.914e+002-1.169e+004 5.085e+005 2.171e+004 6.918e+004 1.093e+003-3.803e+004 4.023e+003 9.492e+003 8.585e+003-3.295e+005 2.946e+004 2.383e+005
 3.630e+002 2.930e+000 8.800e+001 1.231e+001-1.341e+002-9.088e+000 2.072e+001-4.202e+002 1.916e+004 7.547e+002 2.416e+003 3.805e+001-1.311e+003 1.390e+002 3.091e+002 2.959e+002-1.113e+004 9.868e+002 7.862e+003
 3.750e+002 2.930e+000 1.100e+002 5.392e+000-6.025e+001-3.663e+000 5.877e+000-1.458e+002 6.816e+003 2.729e+002 9.312e+002 1.299e+001-3.980e+002 4.413e+001 1.087e+002 1.042e+002-3.509e+003 3.075e+002 2.517e+003
 3.880e+002 2.930e+000 8.800e+001 3.703e+000-4.695e+001-1.759e+000 4.421e+000-9.150e+001 3.890e+003 1.645e+002 5.888e+002 8.305e+000-2.291e+002 2.505e+001 4.691e+001 5.832e+001-1.784e+003 1.566e+002 1.137e+003
 4.000e+002 2.930e+000 8.800e+001 2.964e+001-2.252e+002-2.248e+001-3.999e+001-7.200e+002 2.143e+004 1.030e+003 4.208e+003 6.152e+001-1.379e+003 1.502e+002 2.567e+002 4.316e+002-1.055e+004 9.597e+002 6.631e+003
 4.130e+002 2.930e+000 8.400e+001 1.813e+000-5.247e+000-1.343e+000-3.905e+000-1.968e+001 1.269e+003 3.075e+001 8.285e+001 2.390e+000-5.058e+001 6.987e+000 1.549e+001 1.920e+001-4.212e+002 4.557e+001 3.980e+002
 4.250e+002 2.930e+000 7.100e+001 1.747e+000-1.167e+001-7.137e-001-7.639e-001-2.394e+001 1.173e+003 4.274e+001 1.646e+002 2.503e+000-4.727e+001 6.400e+000 1.146e+001 1.621e+001-3.512e+002 3.679e+001 2.733e+002
 4.380e+002 2.930e+000 8.100e+001 8.183e+000-6.573e+001-2.920e+000-3.286e+000-1.347e+002 3.706e+003 1.530e+002 6.352e+002 1.114e+001-1.884e+002 2.046e+001 2.427e+001 7.001e+001-1.259e+003 1.128e+002 7.679e+002
 4.500e+002 2.930e+000 8.800e+001 2.975e+002-2.542e+003-1.049e+002-1.239e+002-5.012e+003 1.113e+005 5.405e+003 2.354e+004 4.234e+002-6.257e+003 6.436e+002 7.219e+002 2.513e+003-4.144e+004 3.641e+003 2.149e+004
 4.630e+002 2.930e+000 1.100e+002 1.388e+001-1.009e+002-6.738e+000-1.489e+001-2.546e+002 6.177e+003 2.835e+002 1.242e+003 2.023e+001-3.352e+002 3.547e+001 4.733e+001 1.302e+002-2.392e+003 2.080e+002 1.357e+003
 4.750e+002 2.930e+000 8.000e+001 4.027e+000-2.751e+001-2.305e+000-2.453e+000-7.716e+001 2.086e+003 9.152e+001 3.341e+002 6.000e+000-1.049e+002 1.180e+001 2.299e+001 3.996e+001-7.923e+002 6.815e+001 5.315e+002
 4.880e+002 2.930e+000 7.700e+001 4.224e+000-2.755e+001-2.726e+000-6.714e+000-8.077e+001 2.089e+003 9.928e+001 4.023e+002 6.022e+000-1.061e+002 1.198e+001 2.012e+001 4.074e+001-8.113e+002 7.052e+001 4.983e+002
 5.000e+002 2.930e+000 8.400e+001 3.156e+001-1.918e+002-2.409e+001-8.466e+001-5.767e+002 1.232e+004 7.109e+002 3.300e+003 4.347e+001-6.572e+002 8.009e+001 1.097e+002 2.914e+002-4.908e+003 4.747e+002 3.149e+003
 5.130e+002 2.930e+000 1.020e+002 3.726e+000-2.521e+001-2.671e+000-1.683e+000-6.592e+001 1.925e+003 8.895e+001 2.363e+002 4.921e+000-7.661e+001 1.018e+001 2.709e+001 3.333e+001-6.673e+002 5.135e+001 3.916e+002
 5.250e+002 2.930e+000 8.800e+001 4.913e+000-3.834e+001-3.804e+000 5.463e-001-1.009e+002 3.227e+003 1.450e+002 3.765e+002 7.576e+000-1.359e+002 1.622e+001 4.855e+001 5.391e+001-1.190e+003 8.825e+001 6.896e+002
 5.380e+002 2.930e+000 8.100e+001 2.310e+001-1.963e+002-1.769e+001 3.159e+000-4.673e+002 1.232e+004 6.507e+002 1.930e+003 3.399e+001-5.548e+002 6.533e+001 1.958e+002 2.419e+002-5.039e+003 3.594e+002 2.926e+003
 5.500e+002 2.930e+000 8.800e+001 1.041e+003-9.698e+003-7.884e+002 8.011e+001-1.965e+004 4.883e+005 2.926e+004 9.299e+004 1.528e+003-2.156e+004 2.848e+003 7.798e+003 1.009e+004-1.921e+005 1.479e+004 9.834e+004
 5.630e+002 2.930e+000 1.080e+002 2.886e+001-2.697e+002-2.277e+001 2.641e+000-5.596e+002 1.514e+004 8.358e+002 2.599e+003 4.139e+001-6.013e+002 7.997e+001 2.198e+002 2.835e+002-5.453e+003 4.015e+002 6.985e+003
 5.750e+002 2.930e+000 8.200e+001 4.224e+000-4.283e+001-2.815e+000 6.050e+000-7.382e+001 2.139e+003 1.082e+002 3.907e+002 5.361e+000-7.046e+001 9.582e+000 3.952e+001 4.516e+001-8.862e+002 5.730e+001 6.068e+002
 5.880e+002 2.930e+000 7.600e+001 2.023e+000-1.796e+001-1.384e+000 6.273e-001-3.202e+001 1.004e+003 4.705e+001 1.633e+002 2.359e+000-3.144e+001 4.569e+000 1.395e+001 1.653e+001-3.232e+002 2.341e+001 2.045e+002
 6.000e+002 2.930e+000 8.300e+001 8.795e+000-5.118e+001-5.732e+000-2.397e+001-1.440e+002 3.051e+003 1.609e+002 7.713e+002 9.884e+000-1.401e+002 1.680e+001 2.103e+001 6.095e+001-1.007e+003 8.865e+001 1.798e+003
 6.130e+002 2.930e+000 7.600e+001 1.752e+000-1.612e+001-5.057e-001-1.210e+000-2.040e+001 5.575e+002 2.593e+001 1.218e+002 1.555e+000-1.995e+001 3.165e+000 4.131e+000 9.379e+000-1.371e+002 1.409e+001 1.062e+002
 6.250e+002 2.930e+000 4.000e+001 1.233e+000-1.049e+001-5.154e-002-2.991e-001-9.728e+000 2.508e+002 1.068e+001 3.998e+001 7.744e-001-8.963e+000 1.135e+000 2.630e+000 4.356e+000-4.910e+001 5.076e+000 1.382e+002
 6.380e+002 2.930e+000 4.000e+001 2.557e+000-1.902e+001 8.028e-001 3.333e+000-4.997e+000 3.285e+002 1.079e+001 1.474e+001 5.942e-001-1.408e+001 1.595e+000 3.571e+000 1.546e+000-7.810e+001 5.919e+000 4.875e+001
 6.500e+002 2.930e+000 7.900e+001 3.928e+002-1.642e+003 1.489e+002-2.807e+002 2.977e+002 1.234e+004 2.161e+002-1.543e+003-4.938e+001-9.001e+002 9.511e+001 2.968e+002-2.805e+002-1.379e+003 3.500e+001 1.616e+003
 6.630e+002 2.930e+000 6.300e+001 2.032e+000-8.408e+000 5.470e-001-6.363e-001-1.139e+000 4.261e+002 1.675e+001 1.464e+001-2.700e-001-1.622e+001 2.463e+000 9.475e+000-7.782e-001-1.446e+002 9.870e+000 1.017e+002
 6.750e+002 2.930e+000 5.300e+001 5.906e-001-2.386e+000-2.618e-001-1.372e+000-4.844e+000 2.796e+002 1.250e+001 4.090e+001 2.506e-001-8.971e+000 1.425e+000 3.490e+000 2.091e+000-7.904e+001 6.941e+000 5.315e+001
 6.880e+002 2.930e+000 3.900e+001 3.206e-001-1.293e+000-2.049e-001-9.214e-001-2.572e+000 1.480e+002 6.593e+000 1.207e+001 1.842e-001-4.563e+000 8.278e-001 3.272e+000 2.184e+000-5.169e+001 4.610e+000 6.059e+001
 7.000e+002 2.930e+000 6.300e+001 6.283e-001-4.359e+000-4.898e-001-8.956e-001-1.148e+001 5.320e+002 3.164e+001 6.357e+001 1.081e+000-2.849e+001 4.910e+000 1.094e+001 6.442e+000-1.963e+002 2.006e+001 1.344e+002
 7.130e+002 2.930e+000 3.300e+001 1.222e-001-5.702e-001-6.262e-002-5.043e-001-1.834e+000 1.063e+002 3.251e+000 1.641e+001 9.862e-002-3.070e+000 3.804e-001 5.056e-001 8.198e-001-1.338e+001 1.993e+000 3.252e+001
 7.250e+002 2.930e+000 2.800e+001 9.100e-002-4.120e-001-5.227e-002-3.312e-001-8.508e-001 7.968e+001 2.409e+000 8.090e+000 4.366e-002-1.341e+000 2.642e-001 7.928e-001 4.355e-001-1.706e+001 1.522e+000 1.729e+001
 7.380e+002 2.930e+000 5.100e+001 2.345e-001 1.173e+000-2.793e-001-1.174e+000-4.303e+000 2.632e+002 1.059e+001 2.047e+001 1.097e-001-7.821e+000 1.186e+000 4.226e+000 2.084e+000-8.245e+001 5.482e+000 5.304e+001
 7.500e+002 2.930e+000 9.200e+001 1.827e+000-1.693e+001-2.419e+000-1.232e+001-4.511e+001 2.162e+003 1.310e+002 5.083e+002 2.906e+000-8.608e+001 1.292e+001 1.188e+001 1.922e+001-4.893e+002 5.642e+001 3.769e+002
 7.630e+002 2.930e+000 4.800e+001 2.432e-001-5.129e-001-2.361e-001-5.923e-001-4.330e+000 1.824e+002 6.107e+000 1.934e+001 2.426e-001-5.664e+000 7.438e-001 1.903e+000 1.852e+000-4.860e+001 3.666e+000 3.030e+001
 7.750e+002 2.930e+000 4.200e+001 1.656e-001-3.919e-001-1.397e-001-6.972e-001-2.987e+000 1.146e+002 4.004e+000 1.564e+001 1.119e-001-2.346e+000 4.472e-001 1.509e+000 1.266e+000-3.023e+001 2.233e+000 2.959e+001
 7.880e+002 2.930e+000 4.200e+001 1.473e-001-2.528e-001-1.502e-001-4.577e-001-2.064e+000 1.239e+002 4.763e+000 5.909e+000 8.647e-002-2.086e+000 4.807e-001 2.219e+000 9.822e-001-3.040e+001 1.827e+000 2.673e+001
 8.000e+002 2.930e+000 8.800e+001 6.181e+000 1.691e+001-5.781e+000-3.626e+001-7.317e+001 1.122e+003 6.561e+001 3.118e+002 2.432e+000-4.713e+001 6.994e+000 2.704e+001 4.127e+001-6.257e+002 5.207e+001 5.202e+002
 8.130e+002 2.930e+000 5.100e+001 1.564e-001-1.044e-001-2.980e-001 4.639e-002-3.485e+000 1.738e+002 9.086e+000-5.233e-001 1.948e-001-4.310e+000 1.257e+000 7.042e+000 2.353e+000-6.287e+001 2.677e+000 6.280e+001
 8.250e+002 2.930e+000 4.800e+001 1.090e-001 1.307e-001-1.329e-001-5.322e-001-1.317e+000 1.301e+002 3.630e+000 3.202e+000 5.687e-002-2.863e+000 5.704e-001 2.212e+000 9.371e-001-2.679e+001 2.265e+000 2.640e+001
 8.380e+002 2.930e+000 8.600e+001 3.917e-001 4.658e+000-1.163e+000-4.013e+000-1.187e+001 8.684e+002 4.213e+001 2.977e+001 3.596e-001-3.313e+001 5.342e+000 2.621e+001 7.510e+000-3.669e+002 2.485e+001 2.614e+002
 8.500e+002 2.930e+000 7.900e+001 2.164e+001 4.568e+002-9.133e+001-3.214e+002-9.994e+002 6.042e+004 3.832e+003 2.945e+003 2.433e+001-3.183e+003 4.315e+002 2.076e+003 5.541e+002-3.358e+004 2.050e+003 1.977e+004
 8.630e+002 2.930e+000 5.300e+001 1.890e-001 1.901e-001-3.627e-001-8.533e-001-5.725e+000 3.696e+002 1.909e+001 3.318e+001 2.774e-001-1.421e+001 2.230e+000 9.830e+000 2.936e+000-1.591e+002 1.072e+001 1.046e+002
 8.750e+002 2.930e+000 5.600e+001 1.677e-001-8.846e-001-1.605e-001-9.959e-002-3.368e+000 1.805e+002 9.039e+000 2.095e+001 2.052e-001-4.506e+000 9.257e-001 3.315e+000 1.561e+000-5.719e+001 4.206e+000 4.029e+001
 8.880e+002 2.930e+000 8.100e+001 2.474e-001-4.802e-002-3.145e-001-7.278e-001-4.460e+000 1.996e+002 7.267e+000 8.831e+000 1.662e-001-6.831e+000 1.131e+000 3.219e+000 1.862e+000-5.652e+001 4.178e+000 3.828e+001
 9.000e+002 2.930e+000 6.800e+001 8.959e-001-7.497e+000-7.947e-001-2.591e-001-1.632e+001 5.831e+002 2.936e+001 3.134e+001 1.106e+000-2.021e+001 3.045e+000 9.581e+000 5.901e+000-1.556e+002 1.021e+001 8.222e+001
 9.130e+002 2.930e+000 7.300e+001 1.130e+000 7.071e+000-2.195e+000-5.079e+000-2.918e+001 9.933e+002 5.645e+001 2.342e+001 1.132e+000-4.818e+001 6.192e+000 2.856e+001 1.562e+001-4.777e+002 2.743e+001 2.680e+002
 9.250e+002 2.930e+000 5.400e+001 3.106e-001 9.850e-001-3.632e-001-1.738e+000-4.021e+000 1.700e+002 6.439e+000 1.853e+001 2.515e-001-5.930e+000 9.703e-001 2.697e+000 2.608e+000-5.802e+001 5.833e+000 5.303e+001
 9.380e+002 2.930e+000 9.100e+001 1.270e+000-3.070e-001-1.163e+000-5.006e+000-1.854e+001 4.922e+002 2.439e+001 6.252e+001 1.028e+000-2.004e+001 2.687e+000 8.461e+000 9.680e+000-1.930e+002 1.441e+001 1.291e+002
 9.500e+002 2.930e+000 7.000e+001 4.214e+001 1.348e+001-2.641e+001-2.059e+002-2.917e+002 5.041e+003 3.454e+002 1.165e+003 2.917e+001-2.684e+002 4.915e+001 7.758e+001 2.396e+002-2.827e+003 3.104e+002 2.832e+003
 9.630e+002 2.930e+000 4.400e+001 6.201e-001 9.278e-001-5.746e-001-3.452e+000-7.006e+000 1.964e+002 1.115e+001 2.304e+001 4.029e-001-8.250e+000 1.287e+000 5.148e+000 4.618e+000-9.946e+001 7.425e+000 8.577e+001
 9.750e+002 2.930e+000 6.300e+001 3.830e-001 1.304e-001-4.226e-001-9.786e-001-5.172e+000 1.849e+002 9.681e+000 9.414e+000 3.800e-001-7.488e+000 1.307e+000 5.495e+000 3.703e+000-8.047e+001 5.967e+000 6.329e+001
 9.880e+002 2.930e+000 8.600e+001 3.235e-001-4.120e-001-3.654e-001-8.210e-001-6.230e+000 2.781e+002 1.222e+001 1.032e+001 3.008e-001-8.872e+000 1.320e+000 5.396e+000 2.781e+000-9.945e+001 5.581e+000 6.472e+001
 1.000e+003 2.930e+000 4.190e+002 1.140e+001 1.645e+002-3.525e+001-1.222e+002-4.731e+002 2.644e+004 1.579e+003 1.312e+003 7.422e+000-9.186e+002 1.332e+002 8.203e+002 2.478e+002-1.393e+004 5.884e+002 7.864e+003
 1.130e+003 2.930e+000 9.330e+002 2.594e+001 2.964e+002-6.663e+001-2.271e+002-7.726e+002 3.325e+004 2.125e+003 1.524e+003 1.101e+001-1.303e+003 2.058e+002 1.187e+003 4.379e+002-1.841e+004 8.780e+002 1.109e+004
 1.250e+003 2.930e+000 8.040e+002 3.086e+001 7.084e+002-7.679e+001-5.223e+002-8.798e+002 5.034e+004 2.696e+003 3.553e+003-9.769e+000-1.668e+003 2.167e+002 1.494e+003 4.663e+002-2.843e+004 1.228e+003 1.775e+004
 1.380e+003 2.930e+000 7.820e+002 2.393e+001 6.602e+002-6.241e+001-3.836e+002-6.967e+002 4.897e+004 1.114e+003 9.975e+002 2.885e+001-2.696e+003 2.308e+002 5.375e+002 3.600e+002-2.436e+004 1.520e+003 1.316e+004
 1.500e+003 2.930e+000 6.000e+001 1.509e+000 9.110e-001-1.664e+000-5.158e+000-2.935e+001 9.007e+002 3.592e+001 5.656e+001 1.289e+000-3.472e+001 3.652e+000 1.332e+001 1.288e+001-3.842e+002 2.111e+001 1.988e+002
 1.630e+003 2.930e+000 6.900e+001 6.875e-001 1.192e-001-9.577e-001-4.538e+000-8.192e+000 2.178e+002 1.001e+001 3.918e+001 3.506e-001-7.376e+000 1.976e+000 4.128e+000 4.018e+000-7.594e+001 1.114e+001 8.476e+001
 1.750e+003 2.930e+000 4.800e+001 5.278e+000-2.056e+000-8.874e+000-4.447e+001-4.941e+001 5.951e+002 8.237e+001 4.068e+002 2.006e+000-2.007e+001 1.611e+001 2.899e+001 2.699e+001-2.904e+002 8.865e+001 5.784e+002
 1.880e+003 2.930e+000 6.900e+001 1.057e+000 5.095e-001-1.455e+000-4.999e+000-2.166e+001 5.614e+002 3.025e+001 9.664e+001 9.665e-001-2.436e+001 3.505e+000 1.017e+001 9.920e+000-2.438e+002 1.973e+001 1.506e+002
 2.000e+003 2.930e+000 7.200e+001 1.327e+001-4.174e+001-1.327e+001-2.163e+001-3.109e+002 7.522e+003 3.761e+002 9.704e+002 2.010e+001-4.339e+002 4.430e+001 1.159e+002 1.473e+002-3.424e+003 2.485e+002 1.703e+003
 2.130e+003 2.930e+000 4.800e+001 1.009e+001-7.290e+001-8.644e+000 1.317e+001-2.628e+002 7.430e+003 3.557e+002 5.435e+002 1.785e+001-4.048e+002 3.935e+001 1.303e+002 1.233e+002-3.329e+003 2.089e+002 1.544e+003
 2.250e+003 2.930e+000 7.200e+001 1.455e+000-7.151e+000-1.186e+000 1.325e-001-3.398e+001 9.140e+002 4.091e+001 6.980e+001 2.201e+000-4.879e+001 4.792e+000 1.365e+001 1.490e+001-3.779e+002 2.501e+001 1.754e+002
 2.380e+003 2.930e+000 7.200e+001 4.208e+000-3.122e+001-2.842e+000 6.343e+000-9.833e+001 2.673e+003 1.243e+002 1.880e+002 7.409e+000-1.595e+002 1.582e+001 4.451e+001 4.619e+001-1.197e+003 8.257e+001 5.677e+002
 2.500e+003 2.930e+000 3.600e+001 2.243e-001-1.516e+000-1.355e-001 2.307e-001-4.676e+000 1.476e+002 6.068e+000 9.049e+000 2.669e-001-5.188e+000 6.174e-001 1.915e+000 1.589e+000-4.478e+001 2.669e+000 1.964e+001
 2.630e+003 2.930e+000 6.900e+001 8.887e-001-5.861e+000-8.035e-001 7.940e-001-1.949e+001 5.389e+002 3.108e+001 4.834e+001 1.412e+000-2.831e+001 3.765e+000 1.073e+001 8.441e+000-2.159e+002 1.580e+001 1.022e+002
 2.750e+003 2.930e+000 6.600e+001 5.972e-001-4.002e+000-5.144e-001 1.118e+000-1.374e+001 4.065e+002 1.978e+001 1.988e+001 7.020e-001-1.463e+001 1.873e+000 7.867e+000 5.608e+000-1.589e+002 8.006e+000 7.378e+001
 2.880e+003 2.930e+000 3.600e+001 2.746e-001-1.337e+000-1.167e-001 2.786e-001-4.242e+000 1.109e+002 4.283e+000 8.384e+000 1.765e-001-3.578e+000 4.488e-001 1.374e+000 1.339e+000-3.579e+001 2.462e+000 4.122e+001
 3.000e+003 2.930e+000 7.200e+001 4.276e+000-2.090e+001-1.408e+000-2.597e+000-4.154e+001 8.830e+002 3.588e+001 4.403e+001 1.540e+000-3.543e+001 3.960e+000 1.298e+001 7.916e+000-2.896e+002 2.134e+001 1.707e+002
 3.130e+003 2.930e+000 7.200e+001 9.541e-001-6.089e+000-4.050e-001 3.643e-001-1.588e+001 3.498e+002 1.218e+001 2.319e+001 6.270e-001-8.747e+000 8.168e-001 3.006e+000 4.259e+000-8.730e+001 3.657e+000 3.165e+001
 3.250e+003 2.930e+000 4.800e+001 1.175e+000-9.563e+000-7.231e-001 2.169e+000-2.206e+001 5.763e+002 3.171e+001 3.372e+001 1.411e+000-2.391e+001 3.018e+000 1.164e+001 8.335e+000-2.203e+002 1.168e+001 9.537e+001
 3.380e+003 2.930e+000 7.200e+001 3.185e+000-7.363e+000-2.806e+000-6.142e+000-5.900e+001 1.170e+003 5.974e+001 1.616e+002 2.775e+000-4.964e+001 5.575e+000 1.639e+001 2.273e+001-4.404e+002 2.923e+001 2.055e+002
 3.500e+003 2.930e+000 7.200e+001 2.073e+000-1.252e+001-1.007e+000 1.617e+000-3.367e+001 6.775e+002 2.925e+001 3.434e+001 1.529e+000-2.110e+001 2.356e+000 7.933e+000 9.260e+000-1.850e+002 8.764e+000 6.486e+001
 3.630e+003 2.930e+000 4.800e+001 3.983e+000-1.733e+001-2.382e+000-9.884e-001-6.223e+001 1.080e+003 5.168e+001 1.060e+002 2.880e+000-3.698e+001 4.169e+000 1.284e+001 2.018e+001-3.274e+002 1.837e+001 1.229e+002
 3.750e+003 2.930e+000 7.200e+001 6.030e+000-2.472e+001-2.337e+000 6.345e-001-8.281e+001 1.270e+003 4.308e+001 6.411e+001 2.452e+000-2.653e+001 2.493e+000 8.441e+000 1.809e+001-2.642e+002 9.484e+000 6.917e+001
 3.880e+003 2.930e+000 7.200e+001 3.463e+001-1.528e+002-1.071e+001 2.155e+001-4.727e+002 7.310e+003 2.433e+002 2.319e+002 1.664e+001-1.960e+002 1.743e+001 5.849e+001 1.085e+002-1.706e+003 6.946e+001 4.895e+002
 4.000e+003 2.930e+000 4.800e+001 3.925e+002-1.516e+003-1.193e+002 1.445e+002-5.039e+003 7.056e+004 2.056e+003 1.885e+003 1.356e+002-1.282e+003 8.356e+001 3.449e+002 9.675e+002-1.299e+004 2.922e+002 2.476e+003
 4.130e+003 2.930e+000 7.200e+001 2.632e+001-1.004e+002-8.476e+000 5.540e+000-3.351e+002 4.682e+003 1.435e+002 1.867e+002 8.932e+000-8.273e+001 6.300e+000 2.502e+001 6.730e+001-8.911e+002 2.329e+001 1.927e+002
 4.250e+003 2.930e+000 7.200e+001 5.290e+000-1.981e+001-1.741e+000 6.157e-001-6.577e+001 9.286e+002 2.916e+001 3.719e+001 1.886e+000-2.069e+001 1.878e+000 5.547e+000 1.325e+001-1.867e+002 7.656e+000 5.275e+001
 4.380e+003 2.930e+000 4.800e+001 1.281e+000-5.712e+000-3.092e-001 6.944e-001-1.570e+001 2.336e+002 5.860e+000 2.653e+000 4.115e-001-4.542e+000 3.209e-001 1.106e+000 2.834e+000-4.048e+001 1.063e+000 9.290e+000
 4.500e+003 2.930e+000 7.200e+001 1.358e+000-5.774e+000-2.919e-001 1.220e-001-1.426e+001 2.064e+002 5.051e+000 3.834e+000 3.993e-001-5.357e+000 5.396e-001 1.459e+000 2.607e+000-4.017e+001 2.062e+000 1.460e+001
 4.630e+003 2.930e+000 6.900e+001 1.312e+000-7.228e+000-2.669e-001 1.924e-001-1.370e+001 2.071e+002 4.812e+000 6.031e+000 2.912e-001-2.986e+000 2.914e-001 8.200e-001 1.967e+000-2.917e+001 1.006e+000 8.275e+000
 4.750e+003 2.930e+000 4.800e+001 5.896e-001-5.048e+000 5.201e-003 1.326e+000-6.090e+000 1.584e+002 4.661e+000-7.879e+000 2.781e-001-6.649e+000 5.877e-001 2.272e+000 1.265e+000-5.038e+001 2.601e+000 2.223e+001
 4.880e+003 2.930e+000 6.600e+001 1.135e+000-6.959e+000-2.055e-001 3.311e-001-1.074e+001 1.711e+002 4.323e+000 5.467e+000 2.921e-001-3.009e+000 2.713e-001 8.909e-001 1.869e+000-2.967e+001 1.093e+000 9.400e+000
 5.000e+003 2.930e+000 7.200e+001 8.121e-001-5.762e+000-4.046e-002 8.830e-001-7.799e+000 1.609e+002 4.567e+000-4.024e-001 3.846e-001-7.287e+000 6.579e-001 1.735e+000 1.773e+000-4.562e+001 2.949e+000 2.022e+001
 5.130e+003 2.930e+000 4.500e+001 8.561e-001-4.594e+000-3.118e-001 2.920e-001-1.023e+001 1.789e+002 8.034e+000 1.468e+001 5.074e-001-6.745e+000 7.212e-001 2.109e+000 3.279e+000-5.446e+001 3.019e+000 2.156e+001
 5.250e+003 2.930e+000 6.600e+001 5.411e-001-2.282e+000-1.518e-001 1.692e-001-5.484e+000 8.582e+001 3.273e+000 5.241e+000 2.190e-001-3.147e+000 3.408e-001 1.023e+000 1.662e+000-2.569e+001 1.381e+000 2.875e+001
 5.380e+003 2.930e+000 7.200e+001 3.478e-001-2.253e+000-5.534e-002 6.521e-001-4.379e+000 1.097e+002 4.565e+000 1.955e+000 3.177e-001-6.446e+000 6.587e-001 1.914e+000 1.599e+000-4.447e+001 2.985e+000 2.125e+001
 5.500e+003 2.930e+000 3.900e+001 1.736e-001-5.026e-001-6.841e-002 3.233e-002-2.031e+000 3.361e+001 1.461e+000 1.754e+000 9.533e-002-1.422e+000 1.605e-001 4.413e-001 6.462e-001-1.127e+001 6.522e-001 4.874e+000
 5.630e+003 2.930e+000 6.600e+001 3.968e-001-1.783e+000-1.352e-001 3.864e-001-5.539e+000 1.043e+002 4.116e+000 2.737e+000 3.260e-001-5.203e+000 5.193e-001 1.316e+000 1.657e+000-3.218e+001 2.045e+000 1.307e+001
 5.750e+003 2.930e+000 5.700e+001 3.596e-001-2.359e+000-2.232e-002 5.607e-001-4.425e+000 8.238e+001 2.204e+000 9.792e-001 2.380e-001-3.371e+000 2.682e-001 6.562e-001 1.114e+000-2.138e+001 1.190e+000 8.443e+000
 5.880e+003 2.930e+000 4.800e+001 2.617e-001-2.053e+000 8.825e-002 9.596e-001-3.357e+000 7.118e+001 1.081e+000-6.292e+000 2.215e-001-4.349e+000 3.804e-001 1.022e+000 8.422e-001-2.272e+001 1.656e+000 1.176e+001
 6.000e+003 2.930e+000 6.900e+001 6.209e+000-4.673e+001 1.180e+000 2.095e+001-7.931e+001 1.496e+003 3.598e+001-8.345e+001 5.756e+000-9.546e+001 7.584e+000 2.009e+001 2.402e+001-5.485e+002 3.599e+001 2.266e+002
 6.130e+003 2.930e+000 5.700e+001 2.560e-001-1.997e+000 4.773e-002 3.864e-001-3.345e+000 7.252e+001 2.560e-001-5.823e+000 1.295e-001-2.916e+000 2.724e-001 6.011e-001 2.927e-001-9.868e+000 1.059e+000 7.353e+000
 6.250e+003 2.930e+000 3.300e+001 8.745e-002-8.759e-001 2.088e-002 1.323e-001-9.897e-001 2.342e+001-5.382e-002-2.856e+000 2.948e-002-7.011e-001 7.276e-002 9.091e-002-6.891e-002-1.142e+000 1.847e-001 2.103e+000
 6.380e+003 2.930e+000 5.100e+001 2.652e-001-3.134e+000 7.057e-002 6.750e-001-2.961e+000 8.010e+001-1.747e-001-1.072e+001 7.018e-002-1.859e+000 1.171e-001 5.150e-001-8.913e-002-7.684e+000 4.653e-001 1.454e+001
 6.500e+003 2.930e+000 4.200e+001 3.519e-001-3.842e+000 4.327e-002 1.927e-001-4.068e+000 9.560e+001 2.851e-001-6.250e+000 7.907e-002-1.710e+000 9.261e-002 2.703e-001-2.333e-001 4.370e-001 1.595e-001 2.482e+000
 6.630e+003 2.930e+000 3.600e+001 2.323e-001-2.761e+000 8.409e-002 3.269e-001-2.385e+000 6.530e+001-3.945e-001-7.855e+000 5.954e-002-1.944e+000 1.168e-001 2.555e-001-1.516e-001-3.102e+000 3.478e-001 2.994e+000
 6.750e+003 2.930e+000 4.800e+001 7.588e-001-7.810e+000 1.675e-001 6.760e-001-7.123e+000 1.524e+002-2.913e-001-1.608e+001 1.281e-001-3.176e+000 1.801e-001 5.175e-001-8.282e-001 2.214e-002 4.589e-001 4.948e+000
 6.880e+003 2.930e+000 4.200e+001 6.917e-001-7.852e+000 1.394e-001 6.024e-001-6.447e+000 1.562e+002 2.105e-001-1.505e+001 1.295e-001-3.239e+000 1.268e-001 4.170e-001-6.881e-001-1.821e+000 1.777e-001 3.090e+000
 7.000e+003 2.930e+000 2.700e+001 8.236e-001-8.040e+000 1.323e-001 4.546e-001-7.231e+000 1.457e+002 2.018e-001-1.290e+001 1.423e-001-2.674e+000 8.748e-002 2.361e-001-8.376e-001 2.108e+000 7.679e-002 2.197e+000
 7.130e+003 2.930e+000 4.800e+001 1.244e+000-1.271e+001 2.372e-001 8.133e-001-1.098e+001 2.342e+002 9.761e-001-1.833e+001 2.932e-001-5.493e+000 2.197e-001 6.318e-001-9.338e-001-2.444e+000 2.258e-001 4.077e+000
 7.250e+003 2.930e+000 5.100e+001 1.479e+000-1.509e+001 2.463e-001 1.262e+000-1.278e+001 2.738e+002 2.060e+000-2.769e+001 3.838e-001-6.399e+000 2.819e-001 8.663e-001-1.421e+000-4.114e+000 2.578e-001 6.557e+000
 7.380e+003 2.930e+000 3.300e+001 1.311e+000-1.248e+001 1.566e-001 4.196e-001-1.038e+001 2.065e+002 8.150e-001-1.270e+001 1.907e-001-3.543e+000 1.627e-001 3.668e-001-9.352e-001 1.322e+000 2.787e-001 3.303e+000
 7.500e+003 2.930e+000 4.500e+001 1.879e+000-1.846e+001 2.380e-001 4.232e-001-1.522e+001 3.128e+002 2.923e+000-1.422e+001 4.859e-001-7.006e+000 3.394e-001 7.069e-001-7.755e-001 2.691e-002 3.497e-001 1.051e+001
 7.630e+003 2.930e+000 5.100e+001 2.663e+000-2.454e+001 4.910e-001 1.529e+000-1.935e+001 3.837e+002 1.941e+000-4.213e+001 5.223e-001-9.896e+000 4.593e-001 1.727e+000-2.972e+000-2.205e+000 7.308e-001 1.430e+001
 7.750e+003 2.930e+000 4.800e+001 1.572e+000-1.409e+001 7.355e-002 5.868e-001-1.321e+001 2.654e+002 5.124e+000-9.107e+000 5.583e-001-8.191e+000 5.997e-001 1.476e+000 2.358e-001-2.386e+001 1.833e+000 1.411e+001
 7.880e+003 2.930e+000 7.200e+001 4.956e+000-4.291e+001-1.159e-001 6.146e+000-4.966e+001 1.016e+003 3.367e+001-3.860e+001 2.925e+000-4.570e+001 4.319e+000 1.336e+001 6.766e+000-2.255e+002 1.497e+001 1.041e+002
 8.000e+003 2.930e+000 7.200e+001 1.711e+001-1.393e+002-6.273e+000 4.797e+001-2.752e+002 5.925e+003 3.042e+002-3.503e+001 2.314e+001-3.658e+002 3.992e+001 1.292e+002 1.052e+002-2.343e+003 1.528e+002 1.016e+003
 8.130e+003 2.930e+000 4.800e+001 2.506e+000-2.117e+001 2.739e-001 1.453e+000-1.888e+001 3.866e+002 7.842e+000-3.722e+001 7.943e-001-1.604e+001 1.464e+000 5.155e+000-8.826e-001-5.136e+001 4.633e+000 4.054e+001
 8.250e+003 2.930e+000 7.200e+001 4.031e+000-3.684e+001 5.885e-001 3.454e+000-2.781e+001 5.690e+002 1.078e+001-4.730e+001 1.455e+000-1.989e+001 1.292e+000 3.837e+000-1.307e+000-4.646e+001 2.511e+000 2.353e+001
 8.380e+003 2.930e+000 6.000e+001 3.431e+000-3.215e+001 6.901e-001 2.493e+000-2.189e+001 4.573e+002 4.523e+000-5.192e+001 8.784e-001-1.383e+001 7.200e-001 2.373e+000-3.381e+000-1.187e+001 8.266e-001 1.485e+001
 8.500e+003 2.930e+000 4.500e+001 2.654e+000-2.242e+001 3.251e-001 7.215e-001-1.656e+001 2.989e+002 3.085e+000-2.580e+001 5.963e-001-7.076e+000 2.980e-001 7.446e-001-2.283e+000 5.429e+000-5.712e-002 5.637e+000
 8.630e+003 2.930e+000 5.100e+001 3.235e+000-2.891e+001 7.493e-001 1.168e+000-1.822e+001 3.716e+002 1.886e+000-5.678e+001 6.475e-001-1.116e+001 4.705e-001 2.089e+000-5.497e+000 1.573e+001-4.378e-001 2.069e+001
 8.750e+003 2.930e+000 5.100e+001 3.031e+000-2.902e+001 7.911e-001 2.651e+000-1.873e+001 4.024e+002 3.802e+000-5.211e+001 8.634e-001-1.365e+001 6.045e-001 2.106e+000-3.589e+000-7.356e+000 1.128e-001 1.207e+001
 8.880e+003 2.930e+000 3.900e+001 2.643e+000-2.284e+001 4.852e-001 5.395e-001-1.540e+001 2.929e+002 1.504e+000-2.735e+001 4.638e-001-7.357e+000 2.776e-001 9.302e-001-2.708e+000 7.753e+000-4.346e-002 6.298e+000
 9.000e+003 2.930e+000 4.500e+001 2.519e+000-2.386e+001 6.615e-001 1.811e+000-1.462e+001 3.183e+002 1.984e+000-4.398e+001 5.911e-001-1.025e+001 4.240e-001 1.594e+000-3.343e+000-3.977e-001-4.064e-002 8.616e+000
 9.130e+003 2.930e+000 6.300e+001 4.474e+000-3.814e+001 7.388e-001 1.872e+000-2.847e+001 5.182e+002 4.509e+000-4.173e+001 9.957e-001-1.346e+001 5.600e-001 1.496e+000-3.435e+000 5.745e-002 1.544e-001 8.443e+000
 9.250e+003 2.930e+000 4.200e+001 1.908e+000-1.583e+001 3.012e-001-3.431e-001-1.066e+001 2.000e+002 4.849e-001-1.673e+001 2.288e-001-4.563e+000 2.193e-001 6.130e-001-2.070e+000 1.069e+001 1.576e-001 5.692e+000
 9.380e+003 2.930e+000 4.500e+001 2.486e+000-2.141e+001 5.419e-001 1.013e+000-1.522e+001 2.844e+002 3.804e-001-3.873e+001 4.320e-001-7.941e+000 3.254e-001 1.212e+000-3.558e+000 1.109e+001-5.527e-002 8.095e+000
 9.500e+003 2.930e+000 5.100e+001 2.677e+000-2.356e+001 6.576e-001 8.455e-001-1.596e+001 3.139e+002 4.951e-001-3.793e+001 4.342e-001-9.180e+000 3.882e-001 1.503e+000-3.510e+000 8.560e+000 6.909e-004 9.000e+000
 9.630e+003 2.930e+000 3.600e+001 9.296e-001-8.872e+000 2.395e-001 3.714e-001-6.451e+000 1.342e+002 9.022e-001-1.136e+001 2.637e-001-4.439e+000 2.243e-001 4.739e-001-8.345e-001 1.274e+000 5.302e-002 2.651e+000
 9.750e+003 2.930e+000 4.800e+001 2.547e+000-2.182e+001 4.989e-001 7.405e-001-1.614e+001 2.954e+002 6.022e-002-3.124e+001 3.648e-001-7.011e+000 2.767e-001 1.118e+000-2.847e+000 9.471e+000 5.677e-003 1.127e+001
 9.880e+003 2.930e+000 4.500e+001 1.719e+000-1.575e+001 4.490e-001 7.675e-001-1.100e+001 2.261e+002 3.184e-001-2.907e+001 3.131e-001-6.879e+000 3.127e-001 1.183e+000-2.513e+000 4.869e+000 2.545e-001 8.906e+000
 1.000e+004 2.930e+000 2.250e+002 5.272e+000-4.176e+001 8.682e-001 1.789e+000-4.368e+001 7.639e+002 2.852e+000-5.857e+001 1.074e+000-2.044e+001 1.211e+000 3.638e+000-4.226e+000 2.754e-001 1.841e+000 2.692e+001
 1.130e+004 2.930e+000 3.420e+002 4.316e+000-2.600e+001 5.865e-001 1.403e+000-2.533e+001 5.500e+002 1.340e+001-2.770e+001 4.884e-001-2.137e+001 3.258e+000 1.162e+001-3.108e+000-1.025e+002 1.079e+001 9.251e+001
 1.250e+004 2.930e+000 3.900e+002 7.157e+000-2.809e+001-1.509e+000-1.806e+001-2.342e+001 7.902e+002 4.971e+001 5.585e+001-1.429e+000-3.956e+001 9.836e+000 3.609e+001-5.021e+000-3.102e+002 4.180e+001 3.390e+002
 1.380e+004 2.930e+000 3.300e+002 7.125e+000-5.856e+001 1.256e+000 8.698e-001-2.512e+001 6.785e+002 9.295e+000-8.201e+001 6.917e-001-2.102e+001 2.011e+000 8.331e+000-8.589e+000-4.699e+001 4.841e+000 7.244e+001
 1.500e+004 2.930e+000 1.980e+002 5.601e+000-4.868e+001 8.400e-001 2.385e-001-1.778e+001 5.350e+002 5.803e+000-6.445e+001 4.700e-001-1.216e+001 9.939e-001 4.009e+000-7.035e+000-1.088e+001 1.756e+000 3.428e+001
 1.630e+004 2.930e+000 3.480e+002 4.014e+000-2.326e+001-7.009e-001-8.734e+000-1.685e+001 5.151e+002 2.602e+001 1.189e+001-7.296e-001-1.613e+001 4.942e+000 1.976e+001-2.943e+000-1.286e+002 1.688e+001 1.523e+002
 1.750e+004 2.930e+000 3.570e+002 6.200e+000-6.807e+001 5.576e-001 8.328e+000-3.521e+001 1.080e+003 2.953e+001-3.365e+001 2.183e+000-2.681e+001 2.480e+000 9.666e+000 2.025e+000-1.775e+002 7.121e+000 7.509e+001
 1.880e+004 2.930e+000 3.990e+002 8.583e+000-1.024e+002 8.986e-001 1.762e+001-5.190e+001 1.700e+003 4.536e+001-3.355e+001 3.490e+000-3.999e+001 3.169e+000 1.317e+001 6.349e+000-3.194e+002 9.652e+000 9.836e+001
 2.000e+004 2.930e+000 6.240e+002 3.248e+002-1.417e+003-1.252e+001-1.128e+003-3.558e+002 7.197e+003-7.708e+002-2.731e+003-1.894e+002 2.114e+002 1.190e+002 6.603e+002-8.943e+002 5.489e+003 5.968e+002 6.700e+003
 2.130e+004 2.930e+000 5.370e+002 1.038e+001-5.853e+001-4.169e-001-2.327e+001-2.265e+001 4.991e+002-8.506e+000-5.172e+001-3.216e+000 3.156e-001 3.115e+000 1.500e+001-1.713e+001 8.768e+001 1.366e+001 1.565e+002
 2.250e+004 2.930e+000 5.340e+002 2.994e+002-1.585e+003-6.016e+001-9.585e+002-9.419e+002 1.141e+004-4.027e+002 1.221e+003-1.124e+002 6.682e+002 5.541e+001 2.952e+002-3.386e+002 6.110e+003 3.235e+002 3.489e+003
 2.380e+004 2.930e+000 5.910e+002 7.111e+001-8.452e+002 6.017e+000 8.366e+001-3.511e+002 1.233e+004 2.264e+002 1.046e+002 1.840e+001-1.947e+002 1.083e+001 4.283e+001 4.120e+001-1.531e+003 4.274e+001 3.620e+002
 2.500e+004 2.930e+000 3.870e+002 1.535e+000-1.149e+001 1.546e-002 4.525e-002-5.764e+000 1.433e+002 2.124e+000 4.977e+000 1.409e-001-1.045e+000 3.260e-001 4.766e-001 3.619e-001-7.986e+000 6.207e-001 7.996e+000
 2.630e+004 2.930e+000 1.380e+002 6.215e-001-4.178e+000-5.024e-003-5.178e-001-3.719e-002 8.651e+001 2.385e-002 1.345e+002 6.429e-003 2.405e-001 8.490e-002 6.599e-001 1.378e+000-7.046e+001-7.018e-001 4.228e+002
 2.750e+004 2.930e+000 2.580e+002 5.101e-001 8.505e-001 2.039e-001-3.929e+000 8.664e+000 3.024e+002 1.892e+001-4.953e+001-1.032e+000-3.172e+001 5.367e+000 2.363e+001-5.949e+000-2.367e+002 2.516e+001 2.344e+002
 2.880e+004 2.930e+000 1.410e+002 1.033e-001-1.316e-001 1.699e-002-5.074e-002 5.822e-001 1.760e+001 4.074e-001 3.024e-001-1.106e-002-5.201e-001 1.580e-001 3.893e-001-1.704e-001-4.603e+000 5.609e-001 5.512e+000
 3.000e+004 2.930e+000 8.400e+001 7.268e-002-2.538e-001-4.030e-003-2.710e-002 9.735e-002 2.986e+000 1.352e-002 2.845e-001 4.520e-003-2.780e-002 3.899e-002 3.059e-002 2.638e-002-5.432e-002 4.566e-002 5.741e-001
 3.130e+004 2.930e+000 2.070e+002 7.473e-001-7.606e+000-1.494e-002-5.828e-001-3.295e+000 1.073e+002 2.118e-001 1.354e+000-2.151e-002-1.811e-001 1.599e-001 3.103e-001-1.752e-001 3.048e+000 4.447e-001 4.059e+000
 3.250e+004 2.930e+000 1.800e+002 7.311e-002-1.537e-001 1.842e-002-1.581e-001 2.347e-001 1.554e+001 8.989e-001-1.983e+000-3.606e-002-1.556e+000 3.117e-001 1.064e+000-2.261e-001-1.099e+001 1.193e+000 1.059e+001
 3.380e+004 2.930e+000 9.900e+001 5.120e-002-2.923e-001 2.607e-003-2.442e-003 1.881e-001 6.422e+000 1.422e-002 2.026e-001 5.903e-003-3.823e-002 3.736e-002-1.079e-002 1.670e-002-2.184e-001 3.435e-002 2.391e-001
 3.500e+004 2.930e+000 1.980e+002 7.058e-002-4.748e-001-5.835e-003 2.167e-002-1.200e-001 2.856e+001 1.251e+000 1.086e+000 1.746e-002-1.379e+000 2.511e-001 7.914e-001 1.011e-001-1.116e+001 9.250e-001 7.390e+000
 3.630e+004 2.930e+000 1.950e+002 6.252e-002-4.668e-001 7.401e-002 1.283e-001 5.702e-001 5.139e+001 2.916e+000-6.864e+000-3.888e-002-4.748e+000 7.004e-001 2.865e+000-5.207e-001-3.529e+001 3.112e+000 2.763e+001
 3.750e+004 2.930e+000 1.320e+002 4.139e-002-2.203e-001 5.345e-003-1.179e-002-2.513e-002 2.635e+000 3.860e-002 8.227e-002 9.444e-003-5.208e-002 4.353e-002-8.335e-003 9.765e-003-5.338e-002 1.704e-002 2.075e-001
 3.880e+004 2.930e+000 9.300e+001 3.783e-002-1.647e-001 5.212e-003-2.532e-003-1.383e-002 1.684e+000 9.815e-003 1.997e-002 5.783e-003-5.456e-002 2.897e-002-4.109e-003 7.504e-003-7.269e-002 2.131e-002 1.130e-001
 4.000e+004 2.930e+000 1.200e+002 2.677e-002-9.488e-002 4.109e-003 1.777e-002 3.125e-002 3.978e+000 1.648e-001-4.575e-001 2.258e-003-3.129e-001 6.530e-002 1.508e-001-1.483e-002-2.057e+000 1.778e-001 1.507e+000
 4.130e+004 2.930e+000 8.400e+001 2.164e-002-4.210e-002 2.934e-003-3.222e-003 5.110e-002 7.321e-001-1.997e-003 1.809e-002 4.388e-003-1.108e-002 2.024e-002-1.127e-002 6.591e-003-2.161e-002 6.085e-003 4.885e-002
 4.250e+004 2.930e+000 1.170e+002 7.878e-002-6.608e-002 2.630e-003 1.296e-005 4.841e-001 5.409e+000 1.759e-002 4.165e-002 2.048e-004-2.348e-002 2.562e-002-8.258e-003-1.937e-003-4.951e-002 1.265e-002 4.709e-002
 4.380e+004 2.930e+000 1.590e+002 4.966e-002-7.747e-002 1.584e-002 6.013e-002 3.168e-001 1.287e+001 3.423e-001-1.417e+000 2.733e-003-7.784e-001 1.099e-001 3.096e-001-3.453e-002-4.895e+000 3.896e-001 3.103e+000
 4.500e+004 2.930e+000 1.170e+002 1.893e-002-4.331e-002 8.763e-005-2.370e-003 1.158e-002 9.886e-001-7.045e-003 3.216e-002 2.322e-003-1.531e-002 2.730e-002-6.211e-003 2.308e-003-4.252e-002 1.709e-002 6.334e-002
 4.630e+004 2.930e+000 1.230e+002 9.656e-002-2.400e-001 1.706e-003 8.080e-003 3.887e-001 3.150e+000-2.824e-002 3.625e-002-4.516e-003-3.003e-002 2.214e-002-2.807e-003-8.134e-004-4.086e-002 8.073e-003 5.520e-002
 4.750e+004 2.930e+000 1.290e+002 8.082e-002-5.709e-002-3.013e-003 1.326e-002 5.529e-001 5.649e+000-3.924e-002 2.631e-002-2.613e-004-9.139e-002 2.940e-002 6.523e-003 2.642e-003-2.365e-001 2.549e-002 1.573e-001
 4.880e+004 2.930e+000 1.110e+002 2.056e-002-3.878e-002 6.817e-004 1.471e-003 1.167e-001 2.581e+000-1.541e-002 8.675e-003-6.432e-005-2.296e-002 1.991e-002-4.618e-004 2.418e-003-3.401e-002 1.181e-002 4.413e-002
 5.000e+004 2.930e+000 1.050e+002 2.806e-002-1.403e-001 3.664e-004-3.283e-003-1.449e-002 1.436e+000-9.085e-005 4.372e-002 2.141e-003-1.467e-002 1.833e-002-3.615e-003 6.508e-003-1.673e-002 6.441e-003 2.535e-002
 5.130e+004 2.930e+000 1.470e+002 5.136e-002-1.818e-001-1.049e-003-2.735e-004 1.331e-001 1.683e+000-6.950e-003 2.334e-002 6.630e-004-2.490e-002 2.403e-002 3.107e-003 7.209e-003-3.733e-002 1.054e-002 5.713e-002
 5.250e+004 2.930e+000 1.140e+002 2.850e-002-1.641e-001 6.291e-003 3.429e-002 1.374e-001 5.095e+000 1.274e-001-2.041e-001 2.260e-003-2.356e-001 3.181e-002 6.096e-002-1.113e-002-1.421e+000 8.549e-002 6.142e-001
 5.380e+004 2.930e+000 2.430e+002 4.013e-001-7.732e+000 4.026e-002 1.818e+000-5.763e+000 2.469e+002 8.228e+000 1.137e+001 4.347e-001-7.456e+000 5.319e-001 1.887e+000 1.917e+000-6.682e+001 2.405e+000 1.871e+001
 5.500e+004 2.930e+000 8.100e+001 1.023e-002-2.169e-002 1.121e-003 4.445e-003-1.639e-002 2.455e-001 4.513e-003-1.580e-003 1.108e-003-1.907e-002 1.103e-002 1.942e-003 2.676e-003-4.320e-002 5.563e-003 1.938e-002
 5.630e+004 2.930e+000 8.700e+001 1.001e-002-5.400e-002 2.253e-003 2.067e-002-4.509e-002 2.240e+000 8.578e-002-6.808e-002 5.718e-003-1.351e-001 2.043e-002 3.768e-002 1.491e-002-8.693e-001 5.490e-002 3.796e-001
 5.750e+004 2.930e+000 7.200e+001 7.486e-003-1.130e-002 1.639e-004-8.024e-005 2.328e-004 1.851e-001-2.341e-003 2.374e-003 8.399e-004-5.976e-003 7.834e-003-1.890e-003 3.685e-004-6.752e-003 3.287e-003 1.264e-002
 5.880e+004 2.930e+000 5.400e+001 4.464e-003-2.243e-003-2.360e-005 5.074e-004-3.190e-003 2.758e-002-1.185e-003 4.289e-004 7.040e-004-3.585e-003 5.357e-003 4.596e-004 4.493e-004-2.672e-003 2.274e-003 6.879e-003
 6.000e+004 2.930e+000 8.700e+001 1.035e-002-4.707e-002-6.675e-004 6.133e-003-3.722e-002 1.273e+000 3.330e-002 3.570e-002 2.675e-003-3.817e-002 1.010e-002 6.935e-003 7.038e-003-2.115e-001 8.924e-003 5.452e-002
 6.130e+004 2.930e+000 7.500e+001 5.866e-003-4.127e-003 1.571e-003-4.051e-005-3.584e-003 3.991e-002-2.955e-003 1.044e-003 2.351e-004-2.550e-003 6.988e-003 8.064e-005 9.250e-004-8.257e-004 3.186e-003 7.209e-003
 6.250e+004 2.930e+000 9.600e+001 9.471e-003 2.459e-003 1.372e-003 6.678e-004-1.067e-002 8.727e-002-2.950e-003 1.914e-003 1.226e-003-7.080e-003 9.417e-003-9.369e-004 5.672e-004-7.031e-003 4.154e-003 1.081e-002
 6.380e+004 2.930e+000 8.700e+001 9.812e-003-8.476e-002 1.556e-003 2.870e-002-9.052e-002 3.370e+000 9.212e-002-4.388e-002 5.877e-003-1.510e-001 1.661e-002 3.387e-002 2.764e-002-1.137e+000 5.093e-002 3.991e-001
 6.500e+004 2.930e+000 7.500e+001 4.487e-003-6.360e-003 3.799e-004 4.332e-004-4.644e-003 7.885e-002-3.434e-003 3.457e-004-1.803e-004-3.125e-003 6.300e-003-6.289e-004 9.745e-004-9.887e-003 2.309e-003 7.167e-003
 6.630e+004 2.930e+000 6.300e+001 3.399e-003-3.016e-003 1.611e-004-3.177e-004-2.806e-003 2.875e-002-3.583e-004 2.990e-003 2.922e-004-2.975e-003 5.048e-003-1.014e-003 6.745e-004-1.211e-003 2.393e-005 3.122e-003
 6.750e+004 2.930e+000 7.500e+001 6.510e-003-1.086e-002 1.619e-006 8.381e-005-4.057e-003 6.476e-002-1.377e-003 1.624e-003 4.363e-004-9.585e-004 5.157e-003-2.702e-004 4.014e-004 6.217e-004 9.794e-004 3.813e-003
 6.880e+004 2.930e+000 2.070e+002 1.702e-001-1.528e+000 1.671e-003-3.263e-001-9.470e-001 2.036e+001-5.422e-001-1.461e+000-5.530e-002 3.250e-001 3.566e-002 1.168e-001-3.543e-001 5.259e+000 1.293e-001 1.490e+000
 7.000e+004 2.930e+000 8.400e+001 7.109e-003 3.853e-003-7.347e-005-5.753e-004-5.177e-003 3.364e-002 1.002e-004-9.712e-004 8.358e-004-3.146e-003 5.459e-003-1.394e-004-1.247e-004-6.576e-004 1.487e-003 5.322e-003
 7.130e+004 2.930e+000 9.300e+001 5.628e-003 6.787e-003-4.760e-004 2.716e-004-9.604e-003 1.166e-001 1.553e-003-2.906e-004 2.443e-004-6.173e-003 5.132e-003-3.443e-004 1.382e-003-1.368e-002 1.624e-003 7.682e-003
 7.250e+004 2.930e+000 9.600e+001 7.057e-003-7.457e-003 2.173e-004 4.165e-003-1.392e-002 5.837e-001 1.401e-002-5.722e-003 1.795e-003-2.865e-002 6.241e-003 4.535e-003 5.464e-003-1.396e-001 8.103e-003 4.686e-002
 7.380e+004 2.930e+000 9.000e+001 6.459e-003 3.339e-003 3.410e-004-1.303e-004 5.735e-003 4.688e-002-2.433e-004-2.256e-004-5.635e-006-1.688e-004 4.487e-003-2.864e-004 1.224e-004 6.221e-004 7.309e-004 2.515e-003
 7.500e+004 2.930e+000 1.230e+002 1.255e-002 2.089e-002 3.533e-004 1.525e-004 4.012e-003 9.034e-002 6.703e-004-3.376e-004 4.312e-004-2.571e-003 5.009e-003 2.261e-004 5.598e-004 1.250e-004 1.019e-003 4.788e-003
 7.630e+004 2.930e+000 1.380e+002 1.286e-002 3.965e-002 4.622e-004-6.621e-004 1.395e-002 2.411e-001-2.234e-003 1.332e-003 7.142e-004 1.431e-003 5.263e-003-8.307e-005-1.447e-004 1.445e-004 8.672e-004 3.217e-003
 7.750e+004 2.930e+000 8.400e+001 5.733e-003 7.603e-003 6.230e-004-1.819e-004 1.293e-002 1.196e-001 9.985e-004-7.039e-004 7.222e-004 1.174e-003 3.026e-003-1.292e-004 2.957e-005 2.720e-004 3.405e-004 1.139e-003
 7.880e+004 2.930e+000 1.170e+002 9.679e-003 3.175e-003 2.645e-004 1.170e-004 1.768e-002 8.215e-002-1.692e-003 4.866e-004 6.167e-004 4.705e-004 3.961e-003 3.177e-005 3.468e-004 9.065e-004 4.145e-004 1.498e-003
 8.000e+004 2.930e+000 1.140e+002 1.041e-002 8.577e-003 7.963e-004 1.123e-003 1.070e-002 1.785e-001 2.666e-003 4.724e-003 8.143e-004-7.064e-003 4.678e-003 5.407e-005 1.386e-004-3.560e-002 1.907e-003 2.787e-002
 8.130e+004 2.930e+000 1.290e+002 1.140e-002 2.194e-002-1.734e-004 2.190e-004 2.085e-002 1.606e-001 1.535e-003 5.162e-004-4.340e-005-2.236e-003 4.028e-003 6.402e-005-1.260e-004 4.128e-004 3.281e-004 2.027e-003
 8.250e+004 2.930e+000 8.100e+001 4.036e-003-1.119e-003-1.155e-004 2.201e-004 5.725e-003 9.146e-002-7.819e-004-3.252e-003 1.409e-004-1.423e-003 2.315e-003 2.197e-005-7.491e-004-7.162e-003 5.786e-004 3.664e-003
 8.380e+004 2.930e+000 1.260e+002 7.753e-003-2.131e-003 1.106e-004-2.250e-004 1.015e-002 7.322e-002-1.382e-003 1.522e-004 5.196e-004 1.989e-004 4.120e-003-1.614e-004-3.109e-004 1.204e-003 1.802e-005 1.858e-003
 8.500e+004 2.930e+000 7.200e+001 3.517e-003-4.136e-004-2.887e-004-8.273e-005 2.127e-003 5.087e-002 6.073e-004-1.136e-003 1.007e-004-4.312e-004 2.394e-003-6.032e-005-1.837e-004 1.186e-003 5.208e-005 1.981e-003
 8.630e+004 2.930e+000 8.400e+001 3.084e-003-1.730e-003 5.002e-005 8.014e-005-4.366e-003 6.290e-002-6.901e-005-1.965e-004 4.833e-005-8.600e-004 2.284e-003 1.673e-004-3.831e-004 8.765e-004 4.408e-004 1.564e-003
 8.750e+004 2.930e+000 6.900e+001 2.263e-003-2.357e-003 3.395e-004 2.274e-005-8.061e-003 9.831e-002-1.782e-004 1.626e-003 3.250e-004-1.583e-003 1.894e-003 2.663e-004 2.473e-004-5.174e-003 1.010e-003 3.409e-003
 8.880e+004 2.930e+000 1.140e+002 4.247e-003-7.501e-003-1.935e-004-3.467e-004-1.596e-002 1.905e-001 2.365e-003 1.673e-003 1.797e-004-2.337e-004 2.871e-003 4.785e-004-8.774e-004 4.383e-003 9.385e-004 5.685e-003
 9.000e+004 2.930e+000 1.170e+002 5.216e-003-9.537e-003 1.013e-004 5.374e-004-3.361e-002 4.627e-001-1.015e-003-1.158e-002 4.661e-005 1.487e-004 3.502e-003 1.491e-003-1.989e-003 8.685e-003 2.023e-003 9.939e-003
 9.130e+004 2.930e+000 1.740e+002 8.058e-003-2.462e-002-1.861e-004 2.158e-003-6.205e-002 9.325e-001 3.357e-003-3.538e-002 5.493e-004-1.123e-002 4.383e-003 1.544e-003-2.217e-003-1.092e-002 2.479e-003 1.664e-002
 9.250e+004 2.930e+000 1.710e+002 8.048e-003-1.787e-002-5.290e-004-9.296e-004-6.827e-002 9.377e-001 6.889e-003-2.070e-003 1.077e-004 1.842e-003 3.521e-003 1.519e-003-1.661e-003 1.228e-002 1.506e-003 1.243e-002
 9.380e+004 2.930e+000 1.140e+002 3.409e-003-4.193e-003-3.019e-004-4.842e-004-2.401e-002 3.350e-001 2.736e-003 3.482e-004 2.178e-005-1.344e-003 2.850e-003 7.708e-004-6.364e-004 5.596e-003 7.362e-004 6.184e-003
 9.500e+004 2.930e+000 1.050e+002 3.463e-003-1.026e-002 3.235e-004 1.202e-004-1.762e-002 2.878e-001-6.007e-004-8.871e-003 1.922e-005-2.276e-003 2.186e-003 7.210e-004-1.149e-003 6.554e-003 5.108e-004 4.370e-003
 9.630e+004 2.930e+000 0.000e+000 0.000e+000 0.000e+000 0.000e+000 0.000e+000 0.000e+000 0.000e+000 0.000e+000 0.000e+000 0.000e+000 0.000e+000 0.000e+000 0.000e+000 0.000e+000 0.000e+000 0.000e+000 0.000e+000
 9.750e+004 2.930e+000 0.000e+000 0.000e+000 0.000e+000 0.000e+000 0.000e+000 0.000e+000 0.000e+000 0.000e+000 0.000e+000 0.000e+000 0.000e+000 0.000e+000 0.000e+000 0.000e+000 0.000e+000 0.000e+000 0.000e+000
 9.880e+004 2.930e+000 0.000e+000 0.000e+000 0.000e+000 0.000e+000 0.000e+000 0.000e+000 0.000e+000 0.000e+000 0.000e+000 0.000e+000 0.000e+000 0.000e+000 0.000e+000 0.000e+000 0.000e+000 0.000e+000 0.000e+000
 1.000e+005 2.930e+000 0.000e+000 0.000e+000 0.000e+000 0.000e+000 0.000e+000 0.000e+000 0.000e+000 0.000e+000 0.000e+000 0.000e+000 0.000e+000 0.000e+000 0.000e+000 0.000e+000 0.000e+000 0.000e+000 0.000e+000
