 6.250e+000 2.930e+000 0.000e+000 0.000e+000 0.000e+000 0.000e+000 0.000e+000 0.000e+000 0.000e+000 0.000e+000 0.000e+000 0.000e+000 0.000e+000 0.000e+000 0.000e+000 0.000e+000 0.000e+000 0.000e+000 0.000e+000
 7.500e+000 2.930e+000 0.000e+000 0.000e+000 0.000e+000 0.000e+000 0.000e+000 0.000e+000 0.000e+000 0.000e+000 0.000e+000 0.000e+000 0.000e+000 0.000e+000 0.000e+000 0.000e+000 0.000e+000 0.000e+000 0.000e+000
 8.750e+000 2.930e+000 0.000e+000 0.000e+000 0.000e+000 0.000e+000 0.000e+000 0.000e+000 0.000e+000 0.000e+000 0.000e+000 0.000e+000 0.000e+000 0.000e+000 0.000e+000 0.000e+000 0.000e+000 0.000e+000 0.000e+000
 1.000e+001 2.930e+000 0.000e+000 0.000e+000 0.000e+000 0.000e+000 0.000e+000 0.000e+000 0.000e+000 0.000e+000 0.000e+000 0.000e+000 0.000e+000 0.000e+000 0.000e+000 0.000e+000 0.000e+000 0.000e+000 0.000e+000
 1.130e+001 2.930e+000 2.400e+001 3.592e+001 5.482e+001-4.900e+000-7.354e+001 2.251e+002 6.613e+004 1.639e+002 1.182e+004 3.695e+000 3.532e+002 2.640e+001 9.907e+001-3.022e+002-9.269e+003 8.849e+001 1.970e+004
 1.250e+001 2.930e+000 0.000e+000 0.000e+000 0.000e+000 0.000e+000 0.000e+000 0.000e+000 0.000e+000 0.000e+000 0.000e+000 0.000e+000 0.000e+000 0.000e+000 0.000e+000 0.000e+000 0.000e+000 0.000e+000 0.000e+000
 1.380e+001 2.930e+000 0.000e+000 0.000e+000 0.000e+000 0.000e+000 0.000e+000 0.000e+000 0.000e+000 0.000e+000 0.000e+000 0.000e+000 0.000e+000 0.000e+000 0.000e+000 0.000e+000 0.000e+000 0.000e+000 0.000e+000
 1.500e+001 2.930e+000 2.400e+001 2.052e+001-1.784e+002-1.243e+000 6.865e-001 3.771e+002 5.961e+004 8.080e+001-9.852e+003-1.803e+000 3.035e+002 1.909e+001-1.301e+002-2.391e+002-1.565e+004-3.938e+001 1.196e+004
 1.630e+001 2.930e+000 0.000e+000 0.000e+000 0.000e+000 0.000e+000 0.000e+000 0.000e+000 0.000e+000 0.000e+000 0.000e+000 0.000e+000 0.000e+000 0.000e+000 0.000e+000 0.000e+000 0.000e+000 0.000e+000 0.000e+000
 1.750e+001 2.930e+000 2.400e+001 2.360e+001 2.590e+002 1.437e+000-1.368e+002 1.260e+002 2.728e+004 3.347e+001 3.418e+003-1.350e+000 1.208e+002 1.271e+001 1.147e+002-2.529e+002-7.126e+003-6.683e+001 9.954e+003
 1.880e+001 2.930e+000 0.000e+000 0.000e+000 0.000e+000 0.000e+000 0.000e+000 0.000e+000 0.000e+000 0.000e+000 0.000e+000 0.000e+000 0.000e+000 0.000e+000 0.000e+000 0.000e+000 0.000e+000 0.000e+000 0.000e+000
 2.000e+001 2.930e+000 2.100e+001 1.533e+001 6.366e+001 3.496e+000-6.825e+001 1.434e+002 3.619e+003 3.817e+001 1.180e+002 3.906e+000 2.850e+001 1.396e+001-3.228e+001-1.372e+002-2.002e+003-7.006e+001 4.091e+003
 2.130e+001 2.930e+000 0.000e+000 0.000e+000 0.000e+000 0.000e+000 0.000e+000 0.000e+000 0.000e+000 0.000e+000 0.000e+000 0.000e+000 0.000e+000 0.000e+000 0.000e+000 0.000e+000 0.000e+000 0.000e+000 0.000e+000
 2.250e+001 2.930e+000 0.000e+000 0.000e+000 0.000e+000 0.000e+000 0.000e+000 0.000e+000 0.000e+000 0.000e+000 0.000e+000 0.000e+000 0.000e+000 0.000e+000 0.000e+000 0.000e+000 0.000e+000 0.000e+000 0.000e+000
 2.380e+001 2.930e+000 2.400e+001 1.569e+001 7.415e+001 4.387e+000-8.272e+001 4.583e+001 1.730e+004 6.378e+001 2.984e+003-2.318e+000 1.828e+002 1.410e+001 8.277e+001-1.381e+002-5.219e+003-5.275e+001 4.910e+003
 2.500e+001 2.930e+000 0.000e+000 0.000e+000 0.000e+000 0.000e+000 0.000e+000 0.000e+000 0.000e+000 0.000e+000 0.000e+000 0.000e+000 0.000e+000 0.000e+000 0.000e+000 0.000e+000 0.000e+000 0.000e+000 0.000e+000
 2.630e+001 2.930e+000 2.400e+001 1.750e+001 6.502e+001 2.266e+000-3.191e+001 2.142e+002 8.407e+003 2.564e+001-1.156e+003 2.659e+000 9.196e+001 1.946e+001-6.983e+001-2.040e+002-3.637e+003-8.180e+001 5.041e+003
 2.750e+001 2.930e+000 0.000e+000 0.000e+000 0.000e+000 0.000e+000 0.000e+000 0.000e+000 0.000e+000 0.000e+000 0.000e+000 0.000e+000 0.000e+000 0.000e+000 0.000e+000 0.000e+000 0.000e+000 0.000e+000 0.000e+000
 2.880e+001 2.930e+000 2.400e+001 2.310e+001 1.184e+002 1.115e+000-1.028e+002 1.207e+002 1.245e+004-9.672e-001 6.031e+002-7.713e+000 1.396e+002 2.021e+001-3.668e+001-2.052e+002-5.537e+003-7.768e+001 6.294e+003
 3.000e+001 2.930e+000 0.000e+000 0.000e+000 0.000e+000 0.000e+000 0.000e+000 0.000e+000 0.000e+000 0.000e+000 0.000e+000 0.000e+000 0.000e+000 0.000e+000 0.000e+000 0.000e+000 0.000e+000 0.000e+000 0.000e+000
 3.130e+001 2.930e+000 0.000e+000 0.000e+000 0.000e+000 0.000e+000 0.000e+000 0.000e+000 0.000e+000 0.000e+000 0.000e+000 0.000e+000 0.000e+000 0.000e+000 0.000e+000 0.000e+000 0.000e+000 0.000e+000 0.000e+000
 3.250e+001 2.930e+000 2.100e+001 1.219e+001 5.875e+001 1.965e+000-2.850e+001 1.282e+002 2.309e+003 1.268e+001 4.138e+002 1.731e+000 4.696e+001 6.212e+000 5.307e+000-1.596e+002-2.003e+003-4.933e+001 3.031e+003
 3.380e+001 2.930e+000 0.000e+000 0.000e+000 0.000e+000 0.000e+000 0.000e+000 0.000e+000 0.000e+000 0.000e+000 0.000e+000 0.000e+000 0.000e+000 0.000e+000 0.000e+000 0.000e+000 0.000e+000 0.000e+000 0.000e+000
 3.500e+001 2.930e+000 2.400e+001 2.007e+001 8.116e+001 2.994e+000-9.900e+001 1.984e+002 7.352e+003-1.230e+002 5.163e+002 3.901e+000 1.387e+001 1.270e+001-3.183e+001-1.923e+002-3.203e+003-6.376e+001 3.849e+003
 3.630e+001 2.930e+000 0.000e+000 0.000e+000 0.000e+000 0.000e+000 0.000e+000 0.000e+000 0.000e+000 0.000e+000 0.000e+000 0.000e+000 0.000e+000 0.000e+000 0.000e+000 0.000e+000 0.000e+000 0.000e+000 0.000e+000
 3.750e+001 2.930e+000 2.400e+001 2.091e+001 9.455e+001 8.344e-001-1.125e+002 2.073e+002 4.602e+003 1.600e+001 2.884e+002 1.317e+000-1.772e+001 1.105e+001-1.136e+001-2.582e+002-3.123e+003-1.021e+002 5.592e+003
 3.880e+001 2.930e+000 0.000e+000 0.000e+000 0.000e+000 0.000e+000 0.000e+000 0.000e+000 0.000e+000 0.000e+000 0.000e+000 0.000e+000 0.000e+000 0.000e+000 0.000e+000 0.000e+000 0.000e+000 0.000e+000 0.000e+000
 4.000e+001 2.930e+000 0.000e+000 0.000e+000 0.000e+000 0.000e+000 0.000e+000 0.000e+000 0.000e+000 0.000e+000 0.000e+000 0.000e+000 0.000e+000 0.000e+000 0.000e+000 0.000e+000 0.000e+000 0.000e+000 0.000e+000
 4.130e+001 2.930e+000 2.400e+001 3.365e+001 1.777e+002-4.853e-001-1.065e+002 4.219e+002 7.956e+003-9.365e+001 1.137e+003 8.488e+000 1.355e+002 1.800e+001-6.238e+001-4.624e+002-6.804e+003-1.210e+002 8.685e+003
 4.250e+001 2.930e+000 0.000e+000 0.000e+000 0.000e+000 0.000e+000 0.000e+000 0.000e+000 0.000e+000 0.000e+000 0.000e+000 0.000e+000 0.000e+000 0.000e+000 0.000e+000 0.000e+000 0.000e+000 0.000e+000 0.000e+000
 4.380e+001 2.930e+000 2.400e+001 3.581e+001 1.561e+002 5.589e-001-2.323e+002 2.693e+002 4.696e+003-4.934e+001 3.713e+002 4.676e+000 6.932e+001 8.831e+000-7.095e+001-3.844e+002-4.544e+003-9.794e+001 9.155e+003
 4.500e+001 2.930e+000 0.000e+000 0.000e+000 0.000e+000 0.000e+000 0.000e+000 0.000e+000 0.000e+000 0.000e+000 0.000e+000 0.000e+000 0.000e+000 0.000e+000 0.000e+000 0.000e+000 0.000e+000 0.000e+000 0.000e+000
 4.630e+001 2.930e+000 2.400e+001 6.921e+001 3.148e+002 4.758e-001-5.222e+002 6.088e+002 7.963e+003-3.275e+001 1.067e+003 1.103e+001 1.600e+002 1.160e+001-9.202e+001-1.218e+003-1.396e+004-1.711e+002 3.032e+004
 4.750e+001 2.930e+000 0.000e+000 0.000e+000 0.000e+000 0.000e+000 0.000e+000 0.000e+000 0.000e+000 0.000e+000 0.000e+000 0.000e+000 0.000e+000 0.000e+000 0.000e+000 0.000e+000 0.000e+000 0.000e+000 0.000e+000
 4.880e+001 2.930e+000 0.000e+000 0.000e+000 0.000e+000 0.000e+000 0.000e+000 0.000e+000 0.000e+000 0.000e+000 0.000e+000 0.000e+000 0.000e+000 0.000e+000 0.000e+000 0.000e+000 0.000e+000 0.000e+000 0.000e+000
 5.000e+001 2.930e+000 2.400e+001 3.700e+004 1.818e+005-1.034e+001-4.522e+005 1.395e+005 1.429e+006-9.284e+003-2.214e+005 1.858e+003 7.116e+003 1.091e+002-2.272e+004-3.022e+005-3.359e+006-1.503e+004 7.999e+006
 5.130e+001 2.930e+000 0.000e+000 0.000e+000 0.000e+000 0.000e+000 0.000e+000 0.000e+000 0.000e+000 0.000e+000 0.000e+000 0.000e+000 0.000e+000 0.000e+000 0.000e+000 0.000e+000 0.000e+000 0.000e+000 0.000e+000
 5.250e+001 2.930e+000 2.400e+001 6.115e+001 2.150e+002 1.607e+000-6.142e+002 4.800e+002 5.704e+003 9.209e+000-7.251e+002 9.796e-001 1.667e+001 2.604e+000 1.547e+001-1.076e+003-1.170e+004-3.802e+001 2.837e+004
 5.380e+001 2.930e+000 0.000e+000 0.000e+000 0.000e+000 0.000e+000 0.000e+000 0.000e+000 0.000e+000 0.000e+000 0.000e+000 0.000e+000 0.000e+000 0.000e+000 0.000e+000 0.000e+000 0.000e+000 0.000e+000 0.000e+000
 5.500e+001 2.930e+000 0.000e+000 0.000e+000 0.000e+000 0.000e+000 0.000e+000 0.000e+000 0.000e+000 0.000e+000 0.000e+000 0.000e+000 0.000e+000 0.000e+000 0.000e+000 0.000e+000 0.000e+000 0.000e+000 0.000e+000
 5.630e+001 2.930e+000 2.400e+001 1.778e+001 6.661e+001 3.802e-001-1.350e+002 1.546e+002 2.487e+003-1.595e+001 3.056e+002 5.413e-001 2.716e+001 5.529e+000 2.843e+000-2.663e+002-3.546e+003-3.378e+001 7.083e+003
 5.750e+001 2.930e+000 0.000e+000 0.000e+000 0.000e+000 0.000e+000 0.000e+000 0.000e+000 0.000e+000 0.000e+000 0.000e+000 0.000e+000 0.000e+000 0.000e+000 0.000e+000 0.000e+000 0.000e+000 0.000e+000 0.000e+000
 5.880e+001 2.930e+000 2.400e+001 1.363e+001 7.474e+001 1.204e-001-8.037e+001 9.599e+001 1.672e+003 1.151e+001-2.098e+002 1.667e-001 3.049e+001 7.112e+000 9.564e+000-1.100e+002-1.398e+003-3.786e+001 2.785e+003
 6.000e+001 2.930e+000 0.000e+000 0.000e+000 0.000e+000 0.000e+000 0.000e+000 0.000e+000 0.000e+000 0.000e+000 0.000e+000 0.000e+000 0.000e+000 0.000e+000 0.000e+000 0.000e+000 0.000e+000 0.000e+000 0.000e+000
 6.130e+001 2.930e+000 2.400e+001 1.227e+001 4.192e+001-9.784e-001-3.682e+001 1.067e+002 2.212e+003 1.329e+001 1.254e+002-1.188e+000 4.256e+001 7.844e+000-4.437e+000-1.225e+002-1.881e+003-3.928e+001 2.513e+003
 6.250e+001 2.930e+000 0.000e+000 0.000e+000 0.000e+000 0.000e+000 0.000e+000 0.000e+000 0.000e+000 0.000e+000 0.000e+000 0.000e+000 0.000e+000 0.000e+000 0.000e+000 0.000e+000 0.000e+000 0.000e+000 0.000e+000
 6.380e+001 2.930e+000 0.000e+000 0.000e+000 0.000e+000 0.000e+000 0.000e+000 0.000e+000 0.000e+000 0.000e+000 0.000e+000 0.000e+000 0.000e+000 0.000e+000 0.000e+000 0.000e+000 0.000e+000 0.000e+000 0.000e+000
 6.500e+001 2.930e+000 2.400e+001 5.947e+000 4.270e+001-2.600e+000-1.227e+001 4.186e+001 9.438e+002-1.000e+001 2.850e+002-5.266e-002-1.609e+001 5.197e+000-3.350e+001-6.711e+001-6.063e+002-1.646e+001 1.477e+003
 6.630e+001 2.930e+000 0.000e+000 0.000e+000 0.000e+000 0.000e+000 0.000e+000 0.000e+000 0.000e+000 0.000e+000 0.000e+000 0.000e+000 0.000e+000 0.000e+000 0.000e+000 0.000e+000 0.000e+000 0.000e+000 0.000e+000
 6.750e+001 2.930e+000 2.400e+001 7.969e+000 5.534e+001-4.397e-001-1.518e+001 7.124e+001 1.688e+003 4.695e+001-5.142e+001-2.230e+000 1.902e+000 6.227e+000-1.176e+001-5.105e+001-6.546e+002-1.354e+001 8.490e+002
 6.880e+001 2.930e+000 0.000e+000 0.000e+000 0.000e+000 0.000e+000 0.000e+000 0.000e+000 0.000e+000 0.000e+000 0.000e+000 0.000e+000 0.000e+000 0.000e+000 0.000e+000 0.000e+000 0.000e+000 0.000e+000 0.000e+000
 7.000e+001 2.930e+000 2.400e+001 8.540e+000 2.637e+001-8.273e-001-1.977e+001 9.071e+001 1.390e+003-1.989e+001-5.467e+001 2.980e+000 5.299e+001 4.842e+000-2.640e+001-6.731e+001-8.823e+002-3.443e+001 9.991e+002
 7.130e+001 2.930e+000 0.000e+000 0.000e+000 0.000e+000 0.000e+000 0.000e+000 0.000e+000 0.000e+000 0.000e+000 0.000e+000 0.000e+000 0.000e+000 0.000e+000 0.000e+000 0.000e+000 0.000e+000 0.000e+000 0.000e+000
 7.250e+001 2.930e+000 0.000e+000 0.000e+000 0.000e+000 0.000e+000 0.000e+000 0.000e+000 0.000e+000 0.000e+000 0.000e+000 0.000e+000 0.000e+000 0.000e+000 0.000e+000 0.000e+000 0.000e+000 0.000e+000 0.000e+000
 7.380e+001 2.930e+000 2.400e+001 2.149e+001 8.573e+001 4.954e-001-4.924e+001 2.325e+002 3.734e+003 4.467e+000-9.950e+000 6.849e+000 1.018e+002 6.086e+000-1.353e+001-1.878e+002-2.566e+003-8.265e+001 2.249e+003
 7.500e+001 2.930e+000 0.000e+000 0.000e+000 0.000e+000 0.000e+000 0.000e+000 0.000e+000 0.000e+000 0.000e+000 0.000e+000 0.000e+000 0.000e+000 0.000e+000 0.000e+000 0.000e+000 0.000e+000 0.000e+000 0.000e+000
 7.630e+001 2.930e+000 2.400e+001 2.328e+001 1.087e+002 2.133e+000-5.285e+001 2.164e+002 2.934e+003 2.874e+001 1.473e+002 1.838e+000 5.749e+001 6.518e+000-7.909e+000-1.744e+002-2.022e+003-4.279e+001 1.841e+003
 7.750e+001 2.930e+000 0.000e+000 0.000e+000 0.000e+000 0.000e+000 0.000e+000 0.000e+000 0.000e+000 0.000e+000 0.000e+000 0.000e+000 0.000e+000 0.000e+000 0.000e+000 0.000e+000 0.000e+000 0.000e+000 0.000e+000
 7.880e+001 2.930e+000 2.400e+001 1.172e+001 5.841e+001-4.512e-001-1.780e+001 9.309e+001 1.629e+003 2.046e+001 3.577e+001-1.381e+000 2.811e+001 6.901e+000-1.424e+001-8.398e+001-1.093e+003-3.193e+001 1.149e+003
 8.000e+001 2.930e+000 0.000e+000 0.000e+000 0.000e+000 0.000e+000 0.000e+000 0.000e+000 0.000e+000 0.000e+000 0.000e+000 0.000e+000 0.000e+000 0.000e+000 0.000e+000 0.000e+000 0.000e+000 0.000e+000 0.000e+000
 8.130e+001 2.930e+000 0.000e+000 0.000e+000 0.000e+000 0.000e+000 0.000e+000 0.000e+000 0.000e+000 0.000e+000 0.000e+000 0.000e+000 0.000e+000 0.000e+000 0.000e+000 0.000e+000 0.000e+000 0.000e+000 0.000e+000
 8.250e+001 2.930e+000 2.400e+001 8.024e+000 2.738e+001-1.126e+000-1.013e+001 7.310e+001 9.396e+002-1.329e+001 1.175e+002 7.351e-001 9.076e+000 4.574e+000-2.259e+001-5.994e+001-5.955e+002-2.043e+001 7.428e+002
 8.380e+001 2.930e+000 0.000e+000 0.000e+000 0.000e+000 0.000e+000 0.000e+000 0.000e+000 0.000e+000 0.000e+000 0.000e+000 0.000e+000 0.000e+000 0.000e+000 0.000e+000 0.000e+000 0.000e+000 0.000e+000 0.000e+000
 8.500e+001 2.930e+000 2.400e+001 8.288e+000 3.327e+001-2.438e+000 2.991e-001 6.371e+001 9.865e+002-4.337e+000 3.225e+001-8.260e-001 2.417e+000 6.410e+000-2.990e+001-5.144e+001-5.032e+002-2.987e+001 7.387e+002
 8.630e+001 2.930e+000 0.000e+000 0.000e+000 0.000e+000 0.000e+000 0.000e+000 0.000e+000 0.000e+000 0.000e+000 0.000e+000 0.000e+000 0.000e+000 0.000e+000 0.000e+000 0.000e+000 0.000e+000 0.000e+000 0.000e+000
 8.750e+001 2.930e+000 2.400e+001 2.667e+000 9.800e+000 8.894e-002-5.122e+000 2.325e+001 4.125e+002-5.273e+000 3.215e+001 6.676e-001 1.407e+001 2.308e+000-4.922e+000-1.793e+001-2.618e+002-1.557e+001 3.028e+002
 8.880e+001 2.930e+000 0.000e+000 0.000e+000 0.000e+000 0.000e+000 0.000e+000 0.000e+000 0.000e+000 0.000e+000 0.000e+000 0.000e+000 0.000e+000 0.000e+000 0.000e+000 0.000e+000 0.000e+000 0.000e+000 0.000e+000
 9.000e+001 2.930e+000 0.000e+000 0.000e+000 0.000e+000 0.000e+000 0.000e+000 0.000e+000 0.000e+000 0.000e+000 0.000e+000 0.000e+000 0.000e+000 0.000e+000 0.000e+000 0.000e+000 0.000e+000 0.000e+000 0.000e+000
 9.130e+001 2.930e+000 2.400e+001 4.752e+000 1.430e+001-1.165e+000-5.768e+000 4.941e+001 6.808e+002-1.902e+001 7.724e+001 1.857e+000 1.695e+001 3.343e+000-2.064e+001-4.285e+001-5.090e+002-2.295e+001 5.395e+002
 9.250e+001 2.930e+000 0.000e+000 0.000e+000 0.000e+000 0.000e+000 0.000e+000 0.000e+000 0.000e+000 0.000e+000 0.000e+000 0.000e+000 0.000e+000 0.000e+000 0.000e+000 0.000e+000 0.000e+000 0.000e+000 0.000e+000
 9.380e+001 2.930e+000 2.400e+001 2.429e+000 9.471e+000-2.415e-002-1.485e+000 2.142e+001 4.810e+002-4.761e+000 8.182e-001 6.992e-001 2.034e+001 2.502e+000-8.406e+000-1.694e+001-3.276e+002-1.871e+001 3.411e+002
 9.500e+001 2.930e+000 0.000e+000 0.000e+000 0.000e+000 0.000e+000 0.000e+000 0.000e+000 0.000e+000 0.000e+000 0.000e+000 0.000e+000 0.000e+000 0.000e+000 0.000e+000 0.000e+000 0.000e+000 0.000e+000 0.000e+000
 9.630e+001 2.930e+000 2.400e+001 2.891e+000 7.634e+000 1.807e-002-3.923e+000 2.491e+001 3.711e+002-3.394e-002-8.948e+000 1.223e+000 1.898e+001 2.127e+000-3.424e+000-2.420e+001-2.996e+002-1.758e+001 3.096e+002
 9.750e+001 2.930e+000 0.000e+000 0.000e+000 0.000e+000 0.000e+000 0.000e+000 0.000e+000 0.000e+000 0.000e+000 0.000e+000 0.000e+000 0.000e+000 0.000e+000 0.000e+000 0.000e+000 0.000e+000 0.000e+000 0.000e+000
 9.880e+001 2.930e+000 0.000e+000 0.000e+000 0.000e+000 0.000e+000 0.000e+000 0.000e+000 0.000e+000 0.000e+000 0.000e+000 0.000e+000 0.000e+000 0.000e+000 0.000e+000 0.000e+000 0.000e+000 0.000e+000 0.000e+000
 1.000e+002 2.930e+000 5.100e+001 1.176e+001-6.683e+001-1.505e+000 5.853e+001 3.808e+001 7.268e+002 4.058e+001-4.868e-001 6.079e+000 2.912e+001 6.867e+000 3.737e+001-2.598e+001-5.365e+002-3.067e+001 5.241e+002
 1.130e+002 2.930e+000 6.300e+001 8.935e+000 4.770e+001-1.317e+000-1.927e+001 7.557e+001 1.269e+003-2.028e+001 9.023e+001 3.082e+000 1.083e+001 5.120e+000-2.235e+001-5.564e+001-6.922e+002-2.793e+001 6.563e+002
 1.250e+002 2.930e+000 4.200e+001 1.148e+001 4.211e+001-3.571e-002-1.807e+001 7.819e+001 9.904e+002-1.197e+001 3.343e+001 4.449e+000 2.985e+001 3.261e+000-8.861e+000-5.305e+001-5.886e+002-2.401e+001 4.400e+002
 1.380e+002 2.930e+000 7.500e+001 1.728e+001 4.610e+001-4.038e-001-2.056e+001 1.230e+002 1.435e+003-1.962e+001 5.787e+001 8.613e+000 6.484e+001 8.034e+000-2.177e+001-1.011e+002-1.039e+003-6.293e+001 9.289e+002
 1.500e+002 2.930e+000 8.700e+001 1.753e+001 9.507e+001-4.297e-001-6.002e+001 1.254e+002 1.869e+003-4.601e+001 8.953e+001 8.670e+000 6.889e+001 6.568e+000-3.819e+001-1.034e+002-1.329e+003-5.880e+001 1.054e+003
 1.630e+002 2.930e+000 6.600e+001 2.174e+001 6.264e+001-3.268e+000-1.632e+001 1.399e+002 1.546e+003-2.919e+001 1.114e+002 9.984e+000 6.517e+001 1.229e+001-3.384e+001-1.221e+002-1.125e+003-8.876e+001 1.133e+003
 1.750e+002 2.930e+000 6.600e+001 2.802e+001 8.770e+001 7.377e-001-4.955e+001 1.855e+002 2.168e+003 7.724e+000-1.342e+002 1.308e+001 1.098e+002 2.076e+001-4.063e+001-1.400e+002-1.475e+003-1.323e+002 1.478e+003
 1.880e+002 2.930e+000 9.900e+001 8.651e+001 2.877e+002 8.783e-002-1.659e+002 6.402e+002 6.887e+003-4.472e+001 4.029e+001 3.674e+001 2.650e+002 3.458e+001-9.416e+001-4.671e+002-4.542e+003-2.626e+002 3.761e+003
 2.000e+002 2.930e+000 9.600e+001 1.268e+003 2.010e+003-5.119e+001-2.131e+003 1.087e+004 9.755e+004-1.465e+003-4.088e+003 6.869e+002 5.818e+003 3.914e+002-1.544e+003-9.191e+003-8.281e+004-4.955e+003 7.110e+004
 2.130e+002 2.930e+000 9.000e+001 1.089e+002 3.292e+002 8.770e+000-2.174e+002 7.453e+002 6.623e+003-2.783e+001 3.958e+001 4.918e+001 3.544e+002 3.810e+001-6.676e+001-5.707e+002-4.644e+003-3.263e+002 3.831e+003
 2.250e+002 2.930e+000 1.200e+002 2.946e+002 1.093e+003 9.345e+000-6.261e+002 2.005e+003 1.833e+004-3.330e+002 1.304e+003 1.281e+002 9.124e+002 7.618e+001-2.504e+002-1.578e+003-1.318e+004-7.799e+002 1.034e+004
 2.380e+002 2.930e+000 9.600e+001 1.458e+003 4.890e+003 2.059e+001-2.906e+003 9.561e+003 7.966e+004-2.109e+003 6.993e+003 6.894e+002 4.593e+003 3.436e+002-1.286e+003-7.853e+003-6.139e+004-3.822e+003 4.864e+004
 2.500e+002 2.930e+000 9.600e+001 5.587e+004 1.806e+005 1.628e+003-1.167e+005 3.661e+005 2.983e+006-7.963e+004 2.130e+005 2.794e+004 1.883e+005 1.403e+004-4.959e+004-3.025e+005-2.360e+006-1.547e+005 1.883e+006
 2.630e+002 2.930e+000 9.600e+001 1.183e+003 3.732e+003 5.664e+001-2.461e+003 7.606e+003 6.110e+004-1.413e+003 3.461e+003 5.813e+002 3.903e+003 3.029e+002-9.405e+002-6.162e+003-4.740e+004-3.189e+003 3.759e+004
 2.750e+002 2.930e+000 1.200e+002 3.224e+002 1.002e+003 1.424e+001-6.648e+002 1.994e+003 1.612e+004-3.185e+002 7.099e+002 1.569e+002 1.005e+003 9.377e+001-2.674e+002-1.635e+003-1.226e+004-8.811e+002 1.008e+004
 2.880e+002 2.930e+000 9.300e+001 1.052e+002 3.442e+002 3.294e+000-2.016e+002 6.274e+002 5.306e+003-1.055e+002 3.805e+002 5.005e+001 2.981e+002 3.423e+001-9.444e+001-5.218e+002-3.820e+003-2.921e+002 3.295e+003
 3.000e+002 2.930e+000 9.600e+001 2.581e+002-1.233e+001 4.729e+001-5.257e+002 1.403e+003 9.603e+003 3.403e+002-3.013e+003 1.406e+002 6.485e+002 1.055e+002-6.477e+001-1.319e+003-7.104e+003-8.625e+002 8.149e+003
 3.130e+002 2.930e+000 9.300e+001 9.560e+001 2.092e+002-5.413e-001-1.722e+002 5.979e+002 4.662e+003-6.748e+001-1.047e+002 5.062e+001 3.077e+002 3.597e+001-9.768e+001-5.242e+002-3.721e+003-3.110e+002 3.430e+003
 3.250e+002 2.930e+000 1.080e+002 1.496e+002 4.029e+002 1.501e+000-3.156e+002 9.831e+002 7.914e+003-1.692e+002 1.088e+002 8.052e+001 5.272e+002 5.161e+001-1.678e+002-8.565e+002-6.558e+003-4.936e+002 5.818e+003
 3.380e+002 2.930e+000 9.600e+001 4.926e+002 1.377e+003-2.851e+000-1.135e+003 3.194e+003 2.499e+004-7.858e+002 7.371e+002 2.895e+002 1.856e+003 1.797e+002-6.969e+002-2.931e+003-2.224e+004-1.743e+003 2.031e+004
 3.500e+002 2.930e+000 9.600e+001 1.198e+004 3.323e+004 7.789e+001-2.788e+004 7.813e+004 6.023e+005-1.940e+004 1.771e+004 7.188e+003 4.710e+004 4.324e+003-1.628e+004-7.196e+004-5.469e+005-4.340e+004 4.976e+005
 3.630e+002 2.930e+000 9.600e+001 3.657e+002 1.087e+003 7.378e+000-8.603e+002 2.339e+003 1.849e+004-5.462e+002 6.642e+002 2.078e+002 1.351e+003 1.255e+002-4.608e+002-2.101e+003-1.612e+004-1.237e+003 1.439e+004
 3.750e+002 2.930e+000 1.200e+002 9.011e+001 2.652e+002 1.489e+000-1.978e+002 5.454e+002 4.329e+003-1.073e+002 1.434e+002 4.843e+001 2.940e+002 3.480e+001-1.163e+002-4.813e+002-3.545e+003-2.930e+002 3.273e+003
 3.880e+002 2.930e+000 9.000e+001 3.813e+001 1.268e+002-1.212e+000-7.859e+001 2.139e+002 1.807e+003-4.775e+001 1.109e+002 1.826e+001 9.566e+001 1.384e+001-5.157e+001-1.875e+002-1.332e+003-1.058e+002 1.227e+003
 4.000e+002 2.930e+000 9.300e+001 2.336e+002 7.692e+002-1.270e+001-4.358e+002 1.423e+003 1.143e+004-4.556e+002 1.261e+003 1.217e+002 6.948e+002 6.886e+001-2.992e+002-1.208e+003-8.805e+003-6.220e+002 7.184e+003
 4.130e+002 2.930e+000 1.140e+002 3.103e+001 8.345e+001-1.915e+000-5.912e+001 1.688e+002 1.344e+003-3.811e+001 5.981e+001 1.911e+001 9.293e+001 1.780e+001-5.637e+001-1.641e+002-1.045e+003-1.151e+002 1.100e+003
 4.250e+002 2.930e+000 9.000e+001 1.950e+001 5.480e+001-8.630e-001-3.317e+001 1.136e+002 1.074e+003-6.824e+000 1.932e+001 1.066e+001 5.140e+001 1.142e+001-2.748e+001-9.597e+001-6.498e+002-6.627e+001 6.206e+002
 4.380e+002 2.930e+000 9.000e+001 4.258e+001 1.501e+002-2.724e+000-4.548e+001 2.925e+002 2.721e+003-5.644e+001 3.856e+002 1.521e+001 8.322e+001 9.976e+000-3.615e+001-2.011e+002-1.527e+003-7.980e+001 1.079e+003
 4.500e+002 2.930e+000 9.600e+001 1.067e+003 3.709e+003-7.717e+001-9.232e+002 7.559e+003 6.668e+004-1.744e+003 1.074e+004 3.487e+002 2.185e+003 1.265e+002-6.790e+002-4.958e+003-3.829e+004-1.579e+003 2.406e+004
 4.630e+002 2.930e+000 1.140e+002 6.138e+001 1.939e+002 1.096e+000-8.516e+001 4.126e+002 3.546e+003-4.969e+001 2.505e+002 2.238e+001 1.477e+002 1.241e+001-3.564e+001-2.672e+002-2.063e+003-1.116e+002 1.385e+003
 4.750e+002 2.930e+000 9.000e+001 1.953e+001 6.707e+001-2.287e-001-2.839e+001 1.176e+002 1.035e+003-1.379e+001 7.732e+001 6.583e+000 3.664e+001 4.726e+000-1.497e+001-7.908e+001-5.735e+002-3.439e+001 4.254e+002
 4.880e+002 2.930e+000 8.700e+001 1.529e+001 5.092e+001-1.409e+000-2.148e+001 8.406e+001 7.158e+002-1.761e+001 7.228e+001 5.618e+000 2.452e+001 4.462e+000-1.832e+001-6.430e+001-4.304e+002-2.959e+001 3.732e+002
 5.000e+002 2.930e+000 9.600e+001 8.479e+001 2.930e+002-1.699e+001-8.539e+001 4.878e+002 3.935e+003-2.295e+002 1.238e+003 4.165e+001 1.789e+002 2.771e+001-1.524e+002-5.091e+002-3.249e+003-2.498e+002 3.314e+003
 5.130e+002 2.930e+000 1.170e+002 3.419e+001 1.193e+002-4.138e+000-5.361e+001 1.748e+002 1.466e+003-5.517e+001 2.130e+002 1.504e+001 5.400e+001 1.161e+001-4.818e+001-1.509e+002-9.343e+002-7.328e+001 8.316e+002
 5.250e+002 2.930e+000 9.600e+001 4.892e+001 1.651e+002-3.932e+000-8.998e+001 2.535e+002 1.995e+003-8.354e+001 2.055e+002 2.267e+001 9.707e+001 1.372e+001-6.105e+001-2.064e+002-1.362e+003-9.664e+001 1.088e+003
 5.380e+002 2.930e+000 9.600e+001 1.886e+002 6.412e+002-1.315e+001-3.534e+002 9.879e+002 7.485e+003-3.415e+002 7.478e+002 8.426e+001 3.874e+002 4.187e+001-2.173e+002-7.680e+002-5.202e+003-3.263e+002 3.847e+003
 5.500e+002 2.930e+000 9.600e+001 6.907e+003 2.461e+004-5.304e+002-1.280e+004 3.613e+004 2.768e+005-1.312e+004 3.107e+004 2.908e+003 1.331e+004 1.268e+003-7.506e+003-2.751e+004-1.895e+005-1.060e+004 1.334e+005
 5.630e+002 2.930e+000 1.200e+002 2.284e+002 7.897e+002-2.113e+001-4.157e+002 1.144e+003 8.553e+003-4.255e+002 9.861e+002 9.545e+001 3.980e+002 4.485e+001-2.607e+002-8.897e+002-5.878e+003-3.405e+002 4.271e+003
 5.750e+002 2.930e+000 9.600e+001 3.461e+001 1.127e+002-2.884e+000-6.642e+001 1.616e+002 1.191e+003-5.553e+001 1.142e+002 1.495e+001 5.527e+001 8.944e+000-4.465e+001-1.309e+002-8.160e+002-5.677e+001 6.692e+002
 5.880e+002 2.930e+000 8.700e+001 1.760e+001 5.775e+001-1.600e+000-3.195e+001 7.506e+001 5.854e+002-2.699e+001 6.750e+001 7.754e+000 2.636e+001 5.414e+000-2.386e+001-6.543e+001-3.943e+002-3.285e+001 3.610e+002
 6.000e+002 2.930e+000 1.050e+002 4.995e+001 3.190e+002-1.207e+001-4.939e+001 3.848e+002 5.670e+003-2.357e+002 1.755e+003 2.183e+001 7.509e+001 1.536e+001-1.055e+002-2.946e+002-2.727e+003-1.289e+002 2.044e+003
 6.130e+002 2.930e+000 8.400e+001 9.236e+000 2.736e+001-6.904e-001-1.650e+001 3.967e+001 3.516e+002-8.505e+000 3.909e+001 4.240e+000 1.296e+001 3.871e+000-1.281e+001-3.346e+001-1.882e+002-2.027e+001 2.034e+002
 6.250e+002 2.930e+000 6.300e+001 7.023e+000 1.953e+001-3.248e-001-1.820e+001 2.411e+001 2.199e+002-5.898e+000 2.216e+001 3.131e+000 8.683e+000 2.292e+000-9.724e+000-2.257e+001-1.390e+002-1.159e+001 1.560e+002
 6.380e+002 2.930e+000 6.300e+001 1.261e+001 3.958e+001-1.023e+000-5.223e+001 1.070e+001 2.837e+002-1.430e+001 1.377e+002 5.593e+000 8.368e-001 3.368e+000-2.649e+001-3.463e+001-2.223e+002-1.217e+001 3.814e+002
 6.500e+002 2.930e+000 1.050e+002 5.821e+002 2.917e+003-5.478e+001-3.768e+003-1.108e+003 1.973e+004-1.054e+003 1.736e+004 2.384e+002-7.336e+002 1.050e+002-1.706e+003-1.700e+003-1.622e+004-3.317e+002 3.054e+004
 6.630e+002 2.930e+000 5.100e+001 5.993e+000 3.426e+001-5.090e-001-2.599e+001 1.040e+001 3.066e+002-9.950e+000 1.338e+002 2.346e+000-6.459e-001 1.889e+000-1.357e+001-2.568e+001-2.049e+002-9.543e+000 2.628e+002
 6.750e+002 2.930e+000 5.700e+001 4.083e+000 1.949e+001-4.072e-001-1.075e+001 2.392e+001 4.317e+002-8.683e+000 4.985e+001 1.611e+000 7.867e+000 1.029e+000-6.983e+000-1.964e+001-2.131e+002-8.019e+000 1.617e+002
 6.880e+002 2.930e+000 7.500e+001 5.201e+000 1.597e+001-2.591e-001-1.410e+001 1.746e+001 1.620e+002-5.714e+000 2.447e+001 2.338e+000 5.224e+000 1.718e+000-9.136e+000-1.946e+001-1.149e+002-1.009e+001 1.470e+002
 7.000e+002 2.930e+000 9.600e+001 4.714e+001 1.215e+002-1.301e+000-1.119e+002 1.521e+002 9.838e+002-4.680e+001-1.473e+002 1.900e+001 5.466e+001 9.232e+000-5.085e+001-7.873e+001-5.782e+002-3.474e+001 4.909e+002
 7.130e+002 2.930e+000 6.600e+001 4.504e+000 8.506e+000 6.286e-003-1.011e+001 5.806e+001 1.151e+003 2.500e+000-9.347e+001 1.977e+000 1.997e+001 1.625e+000-4.597e+000-2.820e+001-4.627e+002-1.384e+001 2.410e+002
 7.250e+002 2.930e+000 6.900e+001 3.859e+000 1.069e+001-3.217e-002-9.991e+000 1.452e+001 1.161e+002-3.603e+000-2.746e+000 1.994e+000 6.076e+000 1.586e+000-6.055e+000-1.374e+001-7.934e+001-9.140e+000 9.529e+001
 7.380e+002 2.930e+000 8.100e+001 6.259e+000 1.750e+001 2.351e-001-1.865e+001 2.424e+001 1.706e+002-5.675e+000-2.237e+001 2.906e+000 1.061e+001 1.848e+000-8.896e+000-1.744e+001-1.219e+002-1.047e+001 1.298e+002
 7.500e+002 2.930e+000 1.320e+002 2.152e+002 7.986e+002-1.430e+000-5.975e+002 9.148e+002 6.940e+003-2.563e+002-1.527e+003 6.806e+001 2.793e+002 2.306e+001-1.946e+002-2.681e+002-3.356e+003-9.190e+001 2.169e+003
 7.630e+002 2.930e+000 7.800e+001 2.789e+000 9.959e+000-1.434e-001-6.088e+000 1.196e+001 1.088e+002-2.974e+000 1.092e+001 1.113e+000 2.688e+000 1.006e+000-4.137e+000-9.888e+000-6.094e+001-5.245e+000 6.502e+001
 7.750e+002 2.930e+000 8.700e+001 3.190e+000 1.119e+001-2.679e-001-6.756e+000 1.230e+001 1.116e+002-3.945e+000 1.355e+001 1.390e+000 3.510e+000 1.181e+000-5.039e+000-1.204e+001-7.056e+001-6.409e+000 7.816e+001
 7.880e+002 2.930e+000 8.400e+001 5.709e+000 1.634e+001-3.664e-001-1.274e+001 2.728e+001 2.522e+002-5.977e+000-1.220e+001 2.442e+000 9.212e+000 1.707e+000-8.166e+000-1.968e+001-1.379e+002-9.651e+000 1.178e+002
 8.000e+002 2.930e+000 1.080e+002 3.158e+001 1.150e+002-2.322e+000-1.076e+002 9.958e+001 7.697e+002-7.142e+001 2.192e+002 1.794e+001 4.622e+001 1.095e+001-7.398e+001-1.518e+002-8.737e+002-8.083e+001 1.131e+003
 8.130e+002 2.930e+000 8.400e+001 1.859e+000 4.451e+000-1.035e-001-3.982e+000 5.707e+000 4.921e+001-7.256e-001 1.988e-001 1.041e+000 1.698e+000 1.122e+000-3.224e+000-7.236e+000-2.854e+001-5.703e+000 5.102e+001
 8.250e+002 2.930e+000 6.900e+001 2.054e+000 5.358e+000-1.383e-001-4.287e+000 7.026e+000 5.416e+001-1.991e+000 2.830e+000 1.152e+000 2.788e+000 1.014e+000-3.304e+000-7.673e+000-3.746e+001-4.908e+000 4.587e+001
 8.380e+002 2.930e+000 1.290e+002 1.489e+001 5.989e+001 8.779e-001-5.529e+001 5.488e+001 4.792e+002-2.626e+001-1.453e+001 7.708e+000 3.054e+001 4.570e+000-2.657e+001-4.750e+001-4.067e+002-2.932e+001 3.795e+002
 8.500e+002 2.930e+000 9.600e+001 2.330e+003 9.877e+003 8.659e+001-8.907e+003 9.032e+003 7.697e+004-4.749e+003-1.457e+003 1.199e+003 5.017e+003 6.213e+002-4.297e+003-7.792e+003-6.802e+004-4.348e+003 6.022e+004
 8.630e+002 2.930e+000 8.400e+001 3.928e+000 1.521e+001-1.020e-001-1.133e+001 1.512e+001 1.349e+002-6.221e+000 1.193e+001 1.714e+000 5.200e+000 1.110e+000-6.211e+000-1.365e+001-9.874e+001-6.340e+000 9.140e+001
 8.750e+002 2.930e+000 9.000e+001 2.574e+000 8.962e+000-2.293e-001-5.515e+000 9.381e+000 7.716e+001-4.627e+000 1.876e+001 1.209e+000 2.856e+000 9.345e-001-4.627e+000-1.030e+001-5.815e+001-5.331e+000 6.626e+001
 8.880e+002 2.930e+000 1.110e+002 6.179e+000 7.891e+000-8.014e-001-8.425e+000 4.952e+000 9.230e+001-2.822e+000 6.085e+000 3.135e+000 1.528e+000 2.089e+000-7.138e+000-1.641e+001-5.337e+001-9.301e+000 8.812e+001
 9.000e+002 2.930e+000 8.400e+001 1.634e+001 9.288e+001-2.922e-001-6.131e+001 5.633e+001 8.180e+002-3.957e+001 7.025e+001 7.258e+000 2.402e+001 3.605e+000-2.836e+001-5.267e+001-5.682e+002-2.498e+001 4.412e+002
 9.130e+002 2.930e+000 8.700e+001 2.897e+000 8.248e+000-6.848e-002-7.712e+000 9.746e+000 7.779e+001-3.741e+000 6.727e+000 1.764e+000 5.051e+000 1.440e+000-5.443e+000-1.240e+001-6.476e+001-8.813e+000 8.695e+001
 9.250e+002 2.930e+000 9.300e+001 5.123e+000 1.900e+001-3.301e-002-1.656e+001 1.421e+001 1.351e+002-1.001e+001 2.330e+001 2.987e+000 6.977e+000 2.076e+000-1.023e+001-1.880e+001-1.165e+002-1.194e+001 1.366e+002
 9.380e+002 2.930e+000 1.440e+002 1.466e+001 4.926e+001 4.905e-001-4.557e+001 4.658e+001 3.557e+002-2.213e+001 2.335e+001 7.508e+000 2.325e+001 4.573e+000-2.301e+001-5.091e+001-3.178e+002-3.081e+001 3.551e+002
 9.500e+002 2.930e+000 9.300e+001 4.137e+002 1.181e+003 5.271e+001-1.574e+003 1.243e+003 7.284e+003-5.189e+002-4.676e+002 2.418e+002 8.669e+002 1.518e+002-7.148e+002-1.520e+003-9.147e+003-1.108e+003 1.185e+004
 9.630e+002 2.930e+000 9.000e+001 5.735e+000 1.651e+001 3.934e-001-1.856e+001 1.815e+001 1.221e+002-7.513e+000 3.832e+000 3.160e+000 1.001e+001 2.144e+000-1.004e+001-2.013e+001-1.162e+002-1.386e+001 1.485e+002
 9.750e+002 2.930e+000 1.170e+002 5.404e+000 1.628e+001 1.960e-001-1.680e+001 1.876e+001 1.293e+002-7.270e+000 4.055e+000 2.804e+000 9.422e+000 1.785e+000-9.040e+000-1.965e+001-1.195e+002-1.194e+001 1.401e+002
 9.880e+002 2.930e+000 1.140e+002 8.432e+000 4.229e+001 2.581e-001-3.027e+001 2.634e+001 3.987e+002-1.749e+001 1.542e+001 4.020e+000 1.045e+001 2.368e+000-1.396e+001-2.571e+001-2.372e+002-1.517e+001 2.141e+002
 1.000e+003 2.930e+000 5.790e+002 7.249e+002 2.573e+003 5.754e+001-3.024e+003 2.080e+003 1.601e+004-1.042e+003-7.810e+002 3.396e+002 1.168e+003 1.651e+002-1.246e+003-2.194e+003-1.718e+004-1.273e+003 1.938e+004
 1.130e+003 2.930e+000 1.074e+003 8.663e+002 3.055e+003 7.714e+001-3.576e+003 2.352e+003 1.908e+004-1.266e+003 1.437e+003 4.300e+002 1.452e+003 2.259e+002-1.471e+003-3.246e+003-2.210e+004-1.975e+003 2.772e+004
 1.250e+003 2.930e+000 1.062e+003 1.546e+003 4.923e+003 1.613e+002-6.365e+003 5.260e+003 3.459e+004-2.113e+003-1.845e+003 8.485e+002 3.372e+003 4.882e+002-2.828e+003-6.356e+003-4.185e+004-4.194e+003 5.282e+004
 1.380e+003 2.930e+000 1.047e+003 4.290e+002 3.437e+002 1.524e+001-1.788e+003 2.223e+003 1.464e+004-4.749e+001-8.115e+003 1.967e+002 1.136e+003 9.889e+001-7.523e+002-1.932e+003-1.261e+004-1.037e+003 1.727e+004
 1.500e+003 2.930e+000 7.200e+001 1.984e+001 8.627e+001-4.880e-001-6.370e+001 6.095e+001 6.154e+002-4.462e+001 1.448e+002 1.027e+001 2.823e+001 6.101e+000-3.504e+001-8.020e+001-5.275e+002-4.591e+001 5.824e+002
 1.630e+003 2.930e+000 6.900e+001 5.535e+000 1.745e+001-8.140e-002-1.757e+001 1.716e+001 1.513e+002-1.296e+001 4.559e+001 4.398e+000 1.078e+001 3.877e+000-1.445e+001-3.351e+001-1.514e+002-2.824e+001 2.707e+002
 1.750e+003 2.930e+000 4.800e+001 2.616e+001 5.385e+001 2.966e-002-7.815e+001 3.637e+001 2.082e+002-5.428e+001 2.682e+002 2.784e+001 3.391e+001 3.048e+001-8.247e+001-1.912e+002-4.079e+002-2.076e+002 1.652e+003
 1.880e+003 2.930e+000 6.900e+001 1.415e+001 5.661e+001-4.467e-001-4.623e+001 5.003e+001 4.719e+002-3.666e+001 1.319e+002 9.428e+000 2.518e+001 7.112e+000-3.295e+001-7.651e+001-4.384e+002-5.226e+001 5.771e+002
 2.000e+003 2.930e+000 7.200e+001 2.252e+002 6.891e+002 2.064e+001-7.546e+002 1.021e+003 6.791e+003-2.990e+002 8.200e+001 1.283e+002 6.427e+002 7.536e+001-3.260e+002-1.143e+003-7.491e+003-7.222e+002 8.349e+003
 2.130e+003 2.930e+000 4.800e+001 1.776e+002 4.950e+002 2.373e+001-6.032e+002 9.970e+002 7.017e+003-1.406e+002-9.452e+002 9.845e+001 6.174e+002 5.786e+001-2.175e+002-8.756e+002-6.594e+003-5.664e+002 6.369e+003
 2.250e+003 2.930e+000 7.200e+001 1.683e+001 4.451e+001 1.821e+000-5.512e+001 7.943e+001 5.223e+002-1.718e+001-4.283e+001 9.683e+000 4.938e+001 5.877e+000-2.309e+001-8.086e+001-5.266e+002-5.286e+001 5.735e+002
 2.380e+003 2.930e+000 7.200e+001 6.617e+001 1.458e+002 6.832e+000-2.161e+002 3.147e+002 1.844e+003-5.035e+001-3.446e+002 3.755e+001 1.923e+002 2.215e+001-9.107e+001-3.086e+002-1.941e+003-1.979e+002 2.154e+003
 2.500e+003 2.930e+000 4.500e+001 5.370e+000 1.171e+001 7.231e-001-1.719e+001 2.578e+001 1.630e+002-3.315e+000-2.708e+001 2.977e+000 1.497e+001 1.848e+000-6.514e+000-2.385e+001-1.498e+002-1.591e+001 1.640e+002
 2.630e+003 2.930e+000 7.200e+001 1.171e+001 1.501e+001 1.622e+000-4.370e+001 5.685e+001 3.231e+002-1.027e+000-1.421e+002 6.673e+000 3.306e+001 4.166e+000-1.797e+001-5.162e+001-3.031e+002-3.595e+001 3.952e+002
 2.750e+003 2.930e+000 6.600e+001 5.261e+000 1.434e+001 2.834e-001-1.690e+001 2.140e+001 1.521e+002-6.854e+000-6.421e+000 2.956e+000 1.128e+001 1.843e+000-8.486e+000-2.238e+001-1.344e+002-1.401e+001 1.531e+002
 2.880e+003 2.930e+000 3.900e+001 8.834e-001 1.636e+000 1.959e-001-3.169e+000 4.303e+000 3.330e+001-2.798e-001-5.392e+000 5.137e-001 2.263e+000 4.455e-001-1.124e+000-3.999e+000-2.391e+001-3.474e+000 3.320e+001
 3.000e+003 2.930e+000 6.600e+001 7.058e+000 1.991e+001 1.096e+000-2.075e+001 3.341e+001 2.714e+002-1.348e+000-1.288e+001 3.997e+000 1.595e+001 4.013e+000-1.000e+001-3.166e+001-1.796e+002-2.612e+001 2.284e+002
 3.130e+003 2.930e+000 6.600e+001 2.913e+000 8.288e+000 1.409e-001-7.508e+000 1.575e+001 1.407e+002-4.517e+000 2.529e+000 1.506e+000 5.956e+000 1.106e+000-3.644e+000-1.274e+001-8.194e+001-8.265e+000 8.263e+001
 3.250e+003 2.930e+000 4.800e+001 7.179e+000 2.621e+001-2.194e-001-1.607e+001 2.738e+001 2.420e+002-1.872e+001 8.402e+001 4.805e+000 1.417e+001 3.586e+000-1.223e+001-3.963e+001-1.885e+002-2.829e+001 2.733e+002
 3.380e+003 2.930e+000 7.200e+001 6.980e+001 2.327e+002 1.128e+000-2.018e+002 3.436e+002 2.497e+003-1.347e+002 1.630e+002 4.161e+001 2.066e+002 2.513e+001-1.152e+002-3.452e+002-2.370e+003-2.101e+002 2.298e+003
 3.500e+003 2.930e+000 6.900e+001 1.113e+001 3.846e+001-1.713e+000-1.454e+001 5.273e+001 4.449e+002-2.890e+001 1.020e+002 6.064e+000 1.770e+001 4.385e+000-1.611e+001-5.293e+001-2.783e+002-3.135e+001 3.066e+002
 3.630e+003 2.930e+000 4.800e+001 1.547e+001 4.949e+001-1.681e+000-2.370e+001 7.493e+001 5.711e+002-3.474e+001 1.010e+002 7.795e+000 2.914e+001 4.571e+000-1.928e+001-6.792e+001-3.987e+002-3.331e+001 3.460e+002
 3.750e+003 2.930e+000 6.600e+001 1.365e+001 3.185e+001-1.553e+000-2.432e+001 8.936e+001 7.496e+002-2.805e+001-2.518e+000 5.796e+000 2.684e+001 3.617e+000-1.753e+001-6.248e+001-4.494e+002-2.656e+001 3.411e+002
 3.880e+003 2.930e+000 6.300e+001 8.266e+001 1.546e+002-2.611e+000-1.651e+002 4.797e+002 3.613e+003-1.210e+002-1.466e+002 3.959e+001 1.723e+002 2.634e+001-9.117e+001-3.840e+002-2.389e+003-2.007e+002 2.187e+003
 4.000e+003 2.930e+000 4.800e+001 4.059e+002 6.136e+002-8.762e+001-5.747e+002 3.770e+003 3.632e+004-9.030e+002-3.083e+003 4.518e+001 2.533e+002 2.888e+001-3.758e+002-1.438e+003-1.413e+004-5.226e+001 5.968e+003
 4.130e+003 2.930e+000 6.900e+001 2.891e+001 5.332e+001-5.999e+000-4.272e+001 2.444e+002 2.319e+003-6.861e+001-1.498e+002 5.669e+000 2.256e+001 4.234e+000-3.043e+001-1.047e+002-9.401e+002-1.562e+001 4.553e+002
 4.250e+003 2.930e+000 7.200e+001 9.682e+000 2.224e+001-8.871e-001-1.966e+001 6.225e+001 5.454e+002-2.368e+001 6.353e+000 4.678e+000 1.855e+001 3.981e+000-1.485e+001-4.452e+001-3.079e+002-2.506e+001 2.649e+002
 4.380e+003 2.930e+000 4.200e+001 1.722e+000 2.560e+000-1.020e-001-3.023e+000 1.147e+001 9.843e+001-2.693e+000-5.790e+000 6.269e-001 2.180e+000 5.330e-001-1.819e+000-6.542e+000-4.572e+001-2.912e+000 3.330e+001
 4.500e+003 2.930e+000 6.000e+001 2.078e+000 4.584e+000-1.117e-001-4.529e+000 1.364e+001 1.231e+002-3.689e+000-8.422e+000 1.069e+000 5.022e+000 8.767e-001-2.888e+000-9.670e+000-7.148e+001-5.762e+000 6.069e+001
 4.630e+003 2.930e+000 6.600e+001 1.711e+000 2.887e+000-1.186e-001-2.878e+000 1.242e+001 1.085e+002-2.238e+000-8.285e+000 5.447e-001 2.399e+000 4.355e-001-1.469e+000-6.436e+000-4.897e+001-2.590e+000 3.263e+001
 4.750e+003 2.930e+000 4.500e+001 1.375e+000 9.981e-001 1.097e-001-2.449e+000 8.627e+000 6.726e+001-3.064e-001-8.995e+000 4.856e-001 2.141e+000 3.723e-001-8.431e-001-4.451e+000-3.022e+001-2.226e+000 2.215e+001
 4.880e+003 2.930e+000 6.900e+001 2.506e+000 6.425e+000-2.308e-001-3.359e+000 1.687e+001 1.426e+002-3.616e+000 1.142e+000 6.967e-001 2.844e+000 5.038e-001-2.028e+000-8.523e+000-6.362e+001-3.094e+000 3.907e+001
 5.000e+003 2.930e+000 7.200e+001 1.028e+001 2.075e+001 1.443e+000-2.815e+001 4.797e+001 2.841e+002-7.921e+000-2.568e+001 6.954e+000 3.371e+001 5.169e+000-1.230e+001-5.024e+001-2.880e+002-3.880e+001 3.272e+002
 5.130e+003 2.930e+000 4.800e+001 5.947e+000 2.201e+001-5.584e-001-1.113e+001 2.777e+001 2.326e+002-1.438e+001 3.821e+001 3.231e+000 1.110e+001 2.053e+000-8.367e+000-2.447e+001-1.518e+002-1.285e+001 1.236e+002
 5.250e+003 2.930e+000 6.000e+001 2.801e+000 3.111e+000 2.125e-001-5.477e+000 1.529e+001 1.068e+002-1.015e+000-1.279e+001 1.727e+000 7.934e+000 1.326e+000-2.644e+000-1.319e+001-7.545e+001-9.213e+000 7.638e+001
 5.380e+003 2.930e+000 7.200e+001 1.063e+001 2.484e+001 7.899e-001-2.501e+001 5.230e+001 3.418e+002-1.261e+001 1.035e+000 6.971e+000 3.407e+001 4.877e+000-1.269e+001-5.209e+001-3.124e+002-3.650e+001 3.165e+002
 5.500e+003 2.930e+000 4.500e+001 1.768e+000 3.816e+000 1.717e-001-4.191e+000 6.615e+000 4.845e+001-2.334e+000 4.716e+000 1.290e+000 3.726e+000 1.163e+000-2.414e+000-8.573e+000-3.864e+001-7.149e+000 5.349e+001
 5.630e+003 2.930e+000 6.900e+001 6.755e+000 1.435e+001 6.248e-001-1.577e+001 3.155e+001 2.007e+002-6.004e+000-9.024e+000 4.063e+000 1.868e+001 2.724e+000-7.026e+000-2.923e+001-1.700e+002-1.953e+001 1.669e+002
 5.750e+003 2.930e+000 7.200e+001 5.702e+000 3.378e+000 9.108e-001-1.212e+001 2.664e+001 1.546e+002 2.862e+000-4.190e+001 3.251e+000 1.373e+001 2.315e+000-3.187e+000-2.461e+001-1.203e+002-1.665e+001 1.351e+002
 5.880e+003 2.930e+000 4.500e+001 5.228e+000-4.922e+000 1.368e+000-1.223e+001 2.697e+001 1.975e+002 1.140e+001-8.671e+001 3.593e+000 1.315e+001 3.239e+000-1.971e+000-2.521e+001-1.148e+002-2.113e+001 1.524e+002
 6.000e+003 2.930e+000 7.200e+001 2.233e+002-1.158e+002 6.619e+001-5.486e+002 1.388e+003 1.034e+004 5.268e+002-4.070e+003 1.220e+002 6.195e+002 9.574e+001-2.882e+000-9.799e+002-5.714e+003-7.132e+002 5.686e+003
 6.130e+003 2.930e+000 6.900e+001 3.805e+000-3.304e+000 1.263e+000-9.797e+000 2.019e+001 1.498e+002 9.282e+000-6.796e+001 2.502e+000 9.593e+000 2.397e+000-8.331e-001-1.737e+001-8.169e+001-1.535e+001 1.076e+002
 6.250e+003 2.930e+000 3.900e+001 1.614e+000 7.829e-002 4.322e-001-3.801e+000 7.095e+000 5.224e+001 1.408e+000-1.371e+001 1.064e+000 3.190e+000 1.007e+000-7.537e-001-7.301e+000-3.032e+001-6.234e+000 4.371e+001
 6.380e+003 2.930e+000 5.700e+001 1.535e+000 1.066e+000 1.446e-001-2.593e+000 7.957e+000 5.910e+001 1.537e-001-6.960e+000 9.104e-001 3.025e+000 8.216e-001-1.179e+000-6.910e+000-3.404e+001-4.951e+000 3.802e+001
 6.500e+003 2.930e+000 6.300e+001 1.265e+000-4.069e-001 2.808e-001-2.147e+000 6.662e+000 5.318e+001 1.627e+000-9.827e+000 6.944e-001 1.740e+000 7.248e-001-4.513e-001-5.072e+000-2.318e+001-3.907e+000 2.728e+001
 6.630e+003 2.930e+000 4.200e+001 1.136e+000-1.476e+000 3.827e-001-2.472e+000 4.467e+000 2.519e+001 2.473e+000-1.503e+001 6.845e-001 1.669e+000 6.805e-001-1.154e-001-4.390e+000-1.306e+001-3.813e+000 2.378e+001
 6.750e+003 2.930e+000 6.900e+001 2.034e+000-1.656e+000 5.394e-001-4.290e+000 8.561e+000 5.314e+001 3.534e+000-2.443e+001 1.305e+000 3.402e+000 1.270e+000-6.519e-001-8.819e+000-3.055e+001-7.398e+000 4.974e+001
 6.880e+003 2.930e+000 5.700e+001 1.377e+000-1.279e+000 4.484e-001-2.959e+000 5.928e+000 3.542e+001 2.580e+000-1.638e+001 7.994e-001 2.255e+000 7.718e-001-1.063e-001-5.535e+000-1.991e+001-4.478e+000 3.005e+001
 7.000e+003 2.930e+000 4.800e+001 9.523e-001-4.693e-001 2.572e-001-1.993e+000 3.774e+000 2.414e+001 1.326e+000-9.000e+000 6.237e-001 1.538e+000 6.143e-001-3.902e-001-3.904e+000-1.289e+001-3.400e+000 2.172e+001
 7.130e+003 2.930e+000 6.300e+001 1.461e+000-1.721e-001 3.105e-001-2.943e+000 5.094e+000 2.934e+001 1.104e+000-9.077e+000 9.637e-001 2.154e+000 9.151e-001-8.737e-001-6.117e+000-1.889e+001-5.169e+000 3.394e+001
 7.250e+003 2.930e+000 5.700e+001 2.490e+000-1.161e+000 6.808e-001-4.938e+000 1.080e+001 6.220e+001 3.645e+000-2.418e+001 1.434e+000 4.353e+000 1.283e+000-4.192e-001-9.710e+000-3.717e+001-7.496e+000 4.995e+001
 7.380e+003 2.930e+000 4.800e+001 2.697e+000-7.565e-001 6.419e-001-5.318e+000 1.057e+001 6.426e+001 3.274e+000-2.312e+001 1.916e+000 6.064e+000 1.739e+000-1.077e+000-1.196e+001-4.833e+001-1.020e+001 6.718e+001
 7.500e+003 2.930e+000 7.200e+001 4.091e+000-4.088e-001 9.416e-001-7.881e+000 1.648e+001 8.134e+001 4.014e+000-3.174e+001 2.533e+000 8.407e+000 2.105e+000-1.428e+000-1.647e+001-6.281e+001-1.263e+001 8.429e+001
 7.630e+003 2.930e+000 7.200e+001 6.548e+000 4.512e-001 1.404e+000-1.208e+001 2.824e+001 1.411e+002 6.126e+000-4.959e+001 3.631e+000 1.393e+001 2.631e+000-1.619e+000-2.518e+001-1.054e+002-1.728e+001 1.224e+002
 7.750e+003 2.930e+000 4.800e+001 9.659e+000-2.088e-002 2.228e+000-1.869e+001 3.957e+001 1.825e+002 9.575e+000-7.546e+001 5.648e+000 2.108e+001 4.200e+000-2.699e+000-3.717e+001-1.470e+002-2.697e+001 1.824e+002
 7.880e+003 2.930e+000 7.200e+001 9.037e+001-2.493e+001 2.188e+001-1.733e+002 3.564e+002 1.570e+003 1.043e+002-7.738e+002 5.452e+001 1.986e+002 3.906e+001-2.146e+001-3.467e+002-1.302e+003-2.524e+002 1.666e+003
 8.000e+003 2.930e+000 7.200e+001 7.535e+002 3.823e+002 1.427e+002-1.388e+003 2.874e+003 1.218e+004 3.356e+002-3.797e+003 4.521e+002 1.735e+003 3.026e+002-2.881e+002-2.896e+003-1.165e+004-2.007e+003 1.370e+004
 8.130e+003 2.930e+000 4.800e+001 2.106e+001 3.086e+000 4.748e+000-3.976e+001 8.465e+001 3.896e+002 1.841e+001-1.472e+002 1.247e+001 4.735e+001 8.834e+000-6.122e+000-7.891e+001-3.168e+002-5.638e+001 3.731e+002
 8.250e+003 2.930e+000 7.200e+001 1.461e+001 6.269e+000 2.914e+000-2.625e+001 5.556e+001 2.339e+002 7.610e+000-7.556e+001 8.932e+000 3.383e+001 6.311e+000-5.265e+000-5.546e+001-2.200e+002-3.960e+001 2.598e+002
 8.380e+003 2.930e+000 7.200e+001 6.835e+000 2.714e+000 1.474e+000-1.263e+001 2.635e+001 1.135e+002 4.223e+000-3.803e+001 3.846e+000 1.443e+001 2.728e+000-1.967e+000-2.476e+001-9.856e+001-1.706e+001 1.149e+002
 8.500e+003 2.930e+000 4.800e+001 2.438e+000 1.109e+000 4.471e-001-4.300e+000 8.641e+000 3.736e+001 9.839e-001-1.086e+001 1.476e+000 4.774e+000 1.150e+000-1.079e+000-8.909e+000-3.236e+001-6.508e+000 4.152e+001
 8.630e+003 2.930e+000 6.900e+001 3.453e+000 2.315e+000 7.310e-001-6.213e+000 1.358e+001 7.335e+001 2.307e+000-1.641e+001 1.935e+000 6.214e+000 1.650e+000-1.094e+000-1.240e+001-4.978e+001-9.224e+000 6.025e+001
 8.750e+003 2.930e+000 6.900e+001 2.891e+000 7.423e-001 8.437e-001-5.401e+000 1.076e+001 4.672e+001 2.836e+000-1.759e+001 1.687e+000 5.786e+000 1.468e+000-4.203e-001-1.010e+001-3.738e+001-7.956e+000 4.746e+001
 8.880e+003 2.930e+000 4.500e+001 1.276e+000 8.150e-001 2.795e-001-2.143e+000 4.684e+000 2.216e+001 5.709e-001-4.394e+000 6.678e-001 2.018e+000 5.858e-001-3.776e-001-4.288e+000-1.552e+001-3.132e+000 1.979e+001
 9.000e+003 2.930e+000 7.200e+001 2.958e+000 1.953e+000 6.268e-001-5.407e+000 1.036e+001 4.534e+001 1.332e+000-1.186e+001 1.664e+000 4.927e+000 1.442e+000-1.246e+000-9.958e+000-3.547e+001-7.537e+000 4.632e+001
 9.130e+003 2.930e+000 6.000e+001 1.879e+000 1.131e+000 3.757e-001-3.008e+000 6.358e+000 2.593e+001 7.981e-001-6.385e+000 1.078e+000 3.353e+000 8.542e-001-4.751e-001-6.695e+000-2.304e+001-4.826e+000 3.047e+001
 9.250e+003 2.930e+000 4.500e+001 1.486e+000-1.142e-001 4.979e-001-3.083e+000 5.753e+000 2.666e+001 2.134e+000-1.265e+001 6.760e-001 1.890e+000 6.968e-001 6.682e-002-4.751e+000-1.642e+001-3.733e+000 2.361e+001
 9.380e+003 2.930e+000 6.900e+001 3.146e+000 3.729e+000 5.168e-001-5.299e+000 1.027e+001 4.464e+001-3.147e-001-4.060e+000 1.819e+000 5.446e+000 1.446e+000-1.515e+000-1.074e+001-3.868e+001-7.750e+000 4.796e+001
 9.500e+003 2.930e+000 6.300e+001 2.605e+000 1.155e+000 7.529e-001-4.785e+000 9.253e+000 3.902e+001 2.208e+000-1.311e+001 1.201e+000 3.703e+000 1.053e+000 3.829e-002-8.357e+000-2.920e+001-5.892e+000 3.830e+001
 9.630e+003 2.930e+000 4.500e+001 5.634e+000 6.411e+000 1.059e+000-1.004e+001 1.788e+001 6.812e+001-3.745e-001-9.988e+000 3.429e+000 1.138e+001 2.501e+000-2.662e+000-1.924e+001-7.051e+001-1.410e+001 8.542e+001
 9.750e+003 2.930e+000 6.900e+001 4.621e+000 3.284e+000 1.220e+000-9.759e+000 1.375e+001 4.865e+001 1.762e+000-1.715e+001 2.994e+000 9.120e+000 2.486e+000-1.958e+000-1.677e+001-5.564e+001-1.385e+001 8.331e+001
 9.880e+003 2.930e+000 7.200e+001 1.256e+001 1.226e+001 2.610e+000-2.410e+001 3.955e+001 1.545e+002 1.226e+000-3.342e+001 7.536e+000 2.294e+001 5.876e+000-5.625e+000-4.386e+001-1.527e+002-3.347e+001 2.064e+002
 1.000e+004 2.930e+000 3.330e+002 7.675e+001 8.571e+001 1.653e+001-1.418e+002 2.286e+002 8.334e+002-1.872e+000-1.307e+002 4.652e+001 1.473e+002 3.420e+001-3.022e+001-2.619e+002-9.138e+002-1.953e+002 1.178e+003
 1.130e+004 2.930e+000 6.150e+002 1.815e+002 1.160e+002 6.617e+001-4.222e+002 4.873e+002 1.593e+003 9.559e+001-7.023e+002 1.283e+002 3.533e+002 1.225e+002-6.480e+001-6.467e+002-1.926e+003-6.301e+002 3.350e+003
 1.250e+004 2.930e+000 6.330e+002 4.376e+002-3.765e+002 2.265e+002-1.162e+003 1.124e+003 3.817e+003 8.715e+002-4.095e+003 3.334e+002 6.022e+002 3.809e+002-1.697e+002-1.402e+003-2.468e+003-1.693e+003 7.664e+003
 1.380e+004 2.930e+000 6.120e+002 4.579e+001 7.116e+001 1.353e+001-9.798e+001 1.032e+002 4.132e+002-2.597e+001 3.305e+001 3.568e+001 8.817e+001 3.658e+001-3.240e+001-1.571e+002-4.742e+002-1.641e+002 7.922e+002
 1.500e+004 2.930e+000 5.340e+002 4.844e+000 2.946e+000 2.292e+000-1.067e+001 1.136e+001 6.014e+001 4.259e+000-1.452e+001 2.845e+000 1.959e+000 4.809e+000-2.203e+000-1.175e+001-1.974e+001-1.667e+001 6.839e+001
 1.630e+004 2.930e+000 6.300e+002 1.281e+002-1.416e+002 1.002e+002-4.583e+002 7.838e+001 3.066e+002 2.089e+002-7.204e+002 1.344e+002-4.601e+001 2.239e+002-1.579e+002-4.184e+002 2.901e+002-8.085e+002 3.044e+003
 1.750e+004 2.930e+000 4.710e+002 7.376e+000 1.612e+001 1.940e+000-1.334e+001 1.725e+001 1.156e+002-8.082e+000 2.726e+001 4.830e+000 5.272e+000 7.796e+000-6.170e+000-2.042e+001-5.350e+001-2.727e+001 1.128e+002
 1.880e+004 2.930e+000 4.800e+002 7.413e+000 1.888e+001 1.113e+000-8.866e+000 2.795e+001 1.861e+002 1.466e+000-1.998e+000 1.006e+000-7.110e-001 2.798e+000-1.156e+000-1.037e+001-4.756e+001-7.831e+000 3.935e+001
 2.000e+004 2.930e+000 5.940e+002 1.262e+002-5.428e+001 1.255e+002-4.952e+002-7.396e+001 7.696e+002 3.962e+001 2.925e+002 1.581e+002-3.881e+002 4.115e+002-2.940e+002-4.332e+002 1.042e+003-1.227e+003 3.971e+003
 2.130e+004 2.930e+000 4.770e+002 1.206e+001 4.000e+001 4.557e-001-4.564e+000 5.405e+001 4.057e+002 1.903e+001-1.071e+000-4.866e+000-2.801e+001 4.647e+000-3.717e-002-4.406e+000-1.980e+001-3.348e+000 1.630e+001
 2.250e+004 2.930e+000 2.640e+002 3.957e-001 6.457e-001 9.762e-002-4.754e-001 7.092e-001 6.895e+000-1.577e-001 8.488e-001 1.603e-001-4.291e-001 5.808e-001-3.163e-001-5.310e-001-6.113e-001-1.138e+000 3.617e+000
 2.380e+004 2.930e+000 4.950e+002 1.058e+002 3.040e+002 2.888e+001-1.701e+002 2.916e+002 2.438e+003-1.548e+001 1.875e+002 2.749e+001-1.031e+002 1.073e+002-6.184e+001-1.569e+002-3.954e+002-2.766e+002 9.373e+002
 2.500e+004 2.930e+000 2.910e+002 6.702e-001 1.905e+000 3.847e-002-6.178e-001 1.501e+000 1.551e+001-7.468e-001 2.508e+000 1.931e-001-8.526e-001 6.717e-001-4.196e-001-8.871e-001-1.627e+000-1.324e+000 4.657e+000
 2.630e+004 2.930e+000 1.530e+002 1.557e-001 6.831e-001 1.330e-002 1.356e-002 1.216e+000 1.341e+002-7.198e-001 1.648e+001 1.489e-001 4.181e-001 4.374e-001-3.689e-001 3.552e-001 8.337e+001-3.266e-001 5.953e+001
 2.750e+004 2.930e+000 5.850e+002 3.902e+001 8.738e+001 4.475e+001-1.838e+002-1.272e+002 7.183e+002-4.100e+002 1.142e+003 1.100e+002-2.914e+002 3.760e+002-2.816e+002-2.162e+002 3.375e+002-8.463e+002 2.122e+003
 2.880e+004 2.930e+000 6.150e+002 2.030e+000 3.942e+000 2.083e+000-8.700e+000-5.176e+000 3.830e+001-1.817e+001 5.228e+001 4.863e+000-1.347e+001 1.702e+001-1.304e+001-9.851e+000 1.534e+001-3.885e+001 1.010e+002
 3.000e+004 2.930e+000 2.820e+002 2.247e-001 6.890e-001 3.002e-002-3.373e-001 6.797e-001 1.260e+001-8.700e-001 2.251e+000 1.884e-001-6.543e-002 5.696e-001-4.883e-001-5.909e-001-3.310e+000-1.163e+000 4.045e+000
 3.130e+004 2.930e+000 3.360e+002 4.619e-001 1.987e+000 8.335e-002-1.443e+000-1.288e+000 2.025e+001-8.894e+000 2.176e+001 1.494e+000-6.328e+000 6.858e+000-5.697e+000-2.738e+000 3.684e+000-1.251e+001 2.824e+001
 3.250e+004 2.930e+000 3.900e+002 1.007e+000 5.573e+000 1.684e-001-3.816e+000-3.176e+000 6.348e+001-2.642e+001 6.543e+001 3.931e+000-1.837e+001 1.938e+001-1.678e+001-7.408e+000 9.083e+000-3.606e+001 8.284e+001
 3.380e+004 2.930e+000 1.950e+002 6.937e-002 6.693e-002 4.942e-003-3.103e-002 1.691e-001 2.075e+000-1.397e-001 3.158e-001 1.259e-002-1.497e-001 1.902e-001-1.226e-001-5.248e-002-2.552e-001-2.187e-001 5.434e-001
 3.500e+004 2.930e+000 5.610e+002 2.490e+000-1.966e+000 3.607e-002 2.967e+000 1.963e+001 1.710e+002-6.049e+000 3.273e+001-5.719e+000-5.025e+001 1.566e+001-8.460e+000 4.890e+000 4.060e+001-1.401e+001 1.786e+001
 3.630e+004 2.930e+000 5.010e+002 2.749e+000 2.355e+001-7.518e+000 2.944e+000 5.843e+000 2.338e+002-8.782e+001 1.926e+002 7.758e+000-5.466e+001 4.704e+001-5.082e+001-2.015e+001-1.350e+001-7.129e+001 1.639e+002
 3.750e+004 2.930e+000 1.560e+002 3.849e-002 1.249e-002 3.871e-003-1.763e-002 4.019e-002 5.103e-001-7.490e-002 1.399e-001 1.349e-002-5.756e-002 1.068e-001-5.472e-002-3.213e-002-5.846e-002-1.115e-001 2.572e-001
 3.880e+004 2.930e+000 1.260e+002 2.894e-002 9.036e-003 1.227e-003-9.778e-003 1.146e-002 1.482e-001-2.634e-002 4.568e-002 1.251e-002-2.223e-002 5.424e-002-2.206e-002-2.176e-002-7.139e-003-5.256e-002 1.180e-001
 4.000e+004 2.930e+000 3.960e+002 7.436e-001 3.778e+000-1.536e+000 7.158e-001 2.544e+000 3.231e+001-1.141e+001 2.149e+001 9.510e-001-5.662e+000 5.329e+000-6.635e+000-3.220e+000-7.613e+000-6.635e+000 1.700e+001
 4.130e+004 2.930e+000 7.800e+001 1.144e-002 7.159e-003-1.286e-003-2.771e-003 1.065e-003 4.826e-002-1.348e-002 1.616e-002 5.813e-003-1.353e-002 3.320e-002-1.367e-002-5.940e-003 2.411e-003-2.368e-002 3.909e-002
 4.250e+004 2.930e+000 1.110e+002 1.649e-002 4.766e-003 2.831e-003-7.070e-003 8.715e-003 9.545e-002-5.385e-003 9.003e-003 5.494e-003-5.308e-003 3.441e-002-1.188e-002-7.172e-003-3.215e-003-2.493e-002 4.959e-002
 4.380e+004 2.930e+000 3.720e+002 1.690e+000 6.571e+000-2.770e+000 7.091e-001 5.667e+000 4.650e+001-1.594e+001 2.680e+001 1.563e+000-5.958e+000 6.408e+000-9.620e+000-5.997e+000-1.775e+001-7.098e+000 2.265e+001
 4.500e+004 2.930e+000 1.050e+002 1.500e-002 1.285e-003-7.199e-004-2.336e-003 2.693e-003 4.155e-002-1.826e-002 2.148e-002 3.503e-003-1.305e-002 3.871e-002-1.408e-002-4.262e-003-3.156e-003-2.653e-002 4.614e-002
 4.630e+004 2.930e+000 1.020e+002 1.433e-002 2.510e-003-1.277e-003-1.337e-003 3.222e-003 4.141e-002-5.010e-003 1.427e-002 3.967e-003-1.224e-002 3.157e-002-1.242e-002-5.972e-003 9.173e-003-2.320e-002 4.420e-002
 4.750e+004 2.930e+000 2.880e+002 3.691e-001 1.051e+000-4.080e-001-3.610e-002 1.008e+000 6.554e+000-1.998e+000 3.013e+000 2.298e-001-6.965e-001 8.106e-001-1.303e+000-9.570e-001-2.940e+000-7.230e-001 2.998e+000
 4.880e+004 2.930e+000 1.560e+002 5.461e-002 1.194e-001-4.814e-002 8.989e-004 1.327e-001 8.401e-001-2.414e-001 3.424e-001 2.501e-002-8.883e-002 1.161e-001-1.433e-001-1.060e-001-3.298e-001-9.369e-002 3.316e-001
 5.000e+004 2.930e+000 1.020e+002 1.252e-002 1.843e-003 2.403e-003-3.052e-003 1.123e-003 1.430e-002-4.505e-003 5.287e-003 3.192e-003-2.206e-003 2.672e-002-8.796e-003-1.043e-003-2.391e-003-1.091e-002 1.889e-002
 5.130e+004 2.930e+000 2.040e+002 1.465e-001 3.346e-001-1.229e-001-7.029e-002 3.077e-001 1.650e+000-5.398e-001 6.894e-001 9.014e-002-1.322e-001 2.379e-001-3.853e-001-3.197e-001-9.265e-001-1.928e-001 9.130e-001
 5.250e+004 2.930e+000 2.850e+002 1.551e+000 4.192e+000-1.358e+000-9.851e-001 3.925e+000 2.175e+001-6.410e+000 8.200e+000 1.055e+000-1.082e+000 2.039e+000-4.206e+000-3.886e+000-1.269e+001-1.865e+000 1.068e+001
 5.380e+004 2.930e+000 2.700e+002 8.149e-001 2.851e+000 6.716e-002-1.420e+000 2.978e+000 2.155e+001-4.159e-001-1.204e+000 1.900e-001 9.355e-001 8.937e-002-2.383e-001-1.154e+000-9.444e+000-4.073e-001 4.271e+000
 5.500e+004 2.930e+000 9.000e+001 1.138e-002 1.078e-002-1.949e-004-3.111e-003 8.544e-003 5.026e-002-4.376e-003 4.479e-003 2.096e-003-2.307e-003 1.758e-002-7.337e-003-5.691e-003-1.215e-002-9.541e-003 2.245e-002
 5.630e+004 2.930e+000 2.790e+002 1.815e-001 4.370e-001-7.177e-002-2.328e-001 3.511e-001 2.122e+000-4.781e-001 3.820e-001 1.233e-001 5.297e-002 2.332e-001-4.104e-001-3.338e-001-1.388e+000-2.443e-001 1.275e+000
 5.750e+004 2.930e+000 7.500e+001 5.173e-003 1.990e-003 3.469e-004-1.101e-003-3.777e-005 9.660e-003-1.614e-003 1.551e-003 1.807e-003-9.227e-004 9.540e-003-1.562e-003-1.151e-003-5.132e-004-4.107e-003 5.160e-003
 5.880e+004 2.930e+000 6.900e+001 6.428e-003 2.619e-003-1.073e-003-4.801e-004-4.057e-004 8.017e-003-1.763e-003 2.313e-003 2.639e-003-2.644e-003 8.870e-003-1.147e-003-2.246e-003 9.452e-004-4.507e-003 7.222e-003
 6.000e+004 2.930e+000 3.270e+002 3.131e-001 7.735e-001-1.252e-001-4.531e-001 5.851e-001 3.371e+000-8.827e-001 7.358e-001 2.519e-001 1.171e-001 3.504e-001-7.087e-001-6.216e-001-2.388e+000-3.807e-001 2.130e+000
 6.130e+004 2.930e+000 9.300e+001 6.803e-003 1.426e-003 1.016e-003-7.919e-004 6.967e-004 1.171e-002-2.279e-004 1.783e-003 1.565e-003-4.859e-004 8.704e-003-6.746e-004-2.607e-003-8.402e-004-4.046e-003 8.950e-003
 6.250e+004 2.930e+000 8.700e+001 5.733e-003 2.508e-003-9.764e-005-2.583e-003 2.759e-003 1.558e-002-2.631e-003-2.018e-004 4.673e-004 1.112e-003 8.127e-003-2.711e-003-2.812e-003-6.408e-003-3.959e-003 1.278e-002
 6.380e+004 2.930e+000 2.790e+002 8.918e-002 2.264e-001-9.285e-003-1.426e-001 1.778e-001 1.231e+000-1.640e-001 2.314e-002 4.770e-002 7.385e-002 6.375e-002-1.210e-001-1.208e-001-7.290e-001-7.260e-002 5.173e-001
 6.500e+004 2.930e+000 1.290e+002 1.708e-002 3.510e-002-1.752e-003-1.913e-002 2.469e-002 1.840e-001-2.581e-002 5.026e-003 8.159e-003 8.588e-003 1.421e-002-1.629e-002-1.770e-002-9.871e-002-1.053e-002 6.864e-002
 6.630e+004 2.930e+000 9.000e+001 4.772e-003 1.270e-003 6.437e-004-6.903e-004-2.659e-004 5.987e-003-8.569e-004 1.148e-003 1.811e-003-5.685e-004 7.019e-003-1.551e-003-1.287e-003-6.123e-005-2.919e-003 4.781e-003
 6.750e+004 2.930e+000 1.560e+002 2.917e-002 5.060e-002-6.216e-003-3.823e-002 3.252e-002 1.871e-001-5.478e-002 3.644e-002 2.224e-002 1.548e-002 3.982e-002-5.667e-002-4.320e-002-1.488e-001-3.685e-002 1.743e-001
 6.880e+004 2.930e+000 2.340e+002 1.556e-001 7.571e-001 2.409e-002 4.493e-002 7.106e-001 7.542e+000 1.004e+000-1.948e-001-1.596e-001-6.973e-001 2.311e-001-1.055e-001 7.894e-002 7.233e-001-1.105e-001 1.401e-001
 7.000e+004 2.930e+000 7.200e+001 3.412e-003 8.006e-004-2.483e-005-4.401e-004 1.719e-003 4.648e-003-6.625e-004 1.808e-004 5.007e-004-7.185e-005 5.466e-003 2.825e-005-5.852e-004 1.212e-004-1.663e-003 2.776e-003
 7.130e+004 2.930e+000 1.380e+002 2.152e-002 5.267e-002-3.656e-004-3.088e-002 4.595e-002 3.194e-001-2.542e-002-1.312e-002 8.275e-003 1.968e-002 1.208e-002-1.899e-002-2.325e-002-1.686e-001-1.421e-002 1.049e-001
 7.250e+004 2.930e+000 1.500e+002 2.894e-002 8.350e-002-2.164e-003-4.564e-002 7.748e-002 5.799e-001-4.622e-002-1.747e-002 1.247e-002 2.942e-002 1.676e-002-2.790e-002-3.802e-002-2.850e-001-1.932e-002 1.610e-001
 7.380e+004 2.930e+000 6.900e+001 2.565e-003 4.229e-004-4.469e-005-2.223e-004 3.669e-004 1.315e-003-1.281e-004-1.146e-004 5.286e-004-1.806e-004 3.566e-003-1.113e-003-7.289e-004-1.723e-004-1.157e-003 3.429e-003
 7.500e+004 2.930e+000 7.800e+001 3.055e-003 1.351e-004 1.864e-004-1.065e-003-2.150e-004 3.255e-003-1.107e-003 4.506e-004 8.633e-004-7.885e-005 4.243e-003-1.266e-003-1.023e-003-3.918e-004-2.000e-003 3.762e-003
 7.630e+004 2.930e+000 1.440e+002 8.811e-003 7.998e-003 8.403e-004-1.385e-002 6.632e-003 3.302e-002-1.251e-002-8.548e-003 7.937e-003 1.370e-002 2.156e-002-2.864e-002-9.292e-003-4.351e-002-2.361e-002 8.607e-002
 7.750e+004 2.930e+000 6.300e+001 1.539e-003 5.242e-004 4.309e-004-4.366e-004-7.740e-005 9.244e-004-4.219e-004 1.090e-004 2.794e-004 1.336e-004 2.722e-003-4.411e-004-2.817e-004-3.281e-004-1.020e-003 1.907e-003
 7.880e+004 2.930e+000 6.600e+001 1.685e-003-1.039e-003 2.762e-004-1.218e-003 2.635e-004 3.103e-002-4.895e-005 9.596e-004 3.588e-004 1.023e-003 3.190e-003-1.289e-003-6.934e-006 2.076e-002-4.519e-004 1.817e-002
 8.000e+004 2.930e+000 1.350e+002 6.345e-003 9.882e-003 2.603e-004-5.286e-003 8.109e-003 5.594e-002-3.848e-003 9.014e-004 2.095e-003 2.554e-003 6.035e-003-4.188e-003-4.197e-003-2.343e-002-3.813e-003 1.892e-002
 8.130e+004 2.930e+000 1.080e+002 3.470e-003 4.276e-004 9.739e-005-5.779e-004 8.628e-004 2.607e-003-4.146e-004 1.047e-004 6.074e-004-2.801e-004 4.397e-003-1.262e-003-9.141e-004-6.268e-004-1.256e-003 3.538e-003
 8.250e+004 2.930e+000 1.620e+002 1.131e-002 2.851e-002-1.124e-002-6.583e-003 5.183e-003 1.257e-001-3.380e-002 1.112e-001 7.042e-003-4.311e-002 3.034e-002-5.296e-002-2.841e-002-4.283e-002-1.776e-002 1.249e-001
 8.380e+004 2.930e+000 1.110e+002 2.671e-003 9.652e-005-5.250e-004-1.018e-003 6.945e-004 3.211e-003-5.322e-004 2.510e-004 1.429e-003-1.054e-004 6.076e-003-4.424e-003-2.205e-003-1.102e-003-4.949e-003 1.394e-002
 8.500e+004 2.930e+000 6.600e+001 1.430e-003 2.472e-004 1.592e-004-2.521e-004 6.383e-004 3.016e-003-4.541e-004 2.977e-004 1.567e-004 1.097e-004 2.085e-003-7.209e-004-2.066e-004-3.460e-004-1.073e-003 2.281e-003
 8.630e+004 2.930e+000 8.700e+001 2.535e-003 4.638e-004-4.486e-004-3.658e-004 6.441e-004 5.019e-003-3.039e-004 1.454e-004 9.504e-004-6.635e-005 3.271e-003-1.249e-003-1.050e-003-9.929e-005-2.191e-003 3.998e-003
 8.750e+004 2.930e+000 1.050e+002 3.812e-003 5.762e-003-2.834e-004-2.006e-003 7.118e-003 3.819e-002-2.165e-003 9.457e-005 7.592e-004 1.308e-003 3.474e-003-1.404e-003-2.762e-003-1.346e-002-1.985e-003 1.006e-002
 8.880e+004 2.930e+000 1.380e+002 5.072e-003 4.347e-003 3.653e-004-2.204e-003 9.555e-003 4.525e-002 1.234e-004-5.619e-004 9.415e-004-4.603e-004 4.028e-003-1.343e-003-3.099e-003-9.500e-003-2.194e-003 8.589e-003
 9.000e+004 2.930e+000 1.170e+002 3.178e-003 6.963e-004-5.980e-005-3.936e-006 8.392e-003 5.086e-002 5.996e-004-1.360e-004-1.753e-004-4.678e-003 4.249e-003-1.289e-003-7.924e-004-7.951e-004-1.551e-003 3.413e-003
 9.130e+004 2.930e+000 1.230e+002 3.924e-003 1.097e-003-6.198e-005-5.219e-004 9.838e-003 5.150e-002-4.055e-004-6.494e-004-2.348e-004-2.958e-003 3.354e-003-1.034e-003-9.092e-004-1.882e-003-1.224e-003 4.315e-003
 9.250e+004 2.930e+000 1.620e+002 5.294e-003 2.486e-003 7.196e-006-7.497e-004 1.286e-002 6.738e-002 1.264e-003 5.914e-004-2.017e-004-4.596e-003 5.210e-003-1.157e-003-1.736e-003-2.274e-003-2.714e-003 7.095e-003
 9.380e+004 2.930e+000 1.110e+002 3.660e-003 9.326e-004-3.685e-005-4.217e-004 8.759e-003 4.745e-002 1.458e-003-4.971e-004-1.684e-004-2.656e-003 3.143e-003-8.133e-004-1.251e-003-1.659e-003-1.365e-003 3.540e-003
 9.500e+004 2.930e+000 1.350e+002 5.373e-003 4.984e-003 2.453e-004-1.738e-003 1.054e-002 5.057e-002 6.574e-004-1.939e-003 6.838e-004 3.821e-004 4.390e-003-1.238e-003-2.505e-003-9.014e-003-2.130e-003 6.469e-003
 9.630e+004 2.930e+000 0.000e+000 0.000e+000 0.000e+000 0.000e+000 0.000e+000 0.000e+000 0.000e+000 0.000e+000 0.000e+000 0.000e+000 0.000e+000 0.000e+000 0.000e+000 0.000e+000 0.000e+000 0.000e+000 0.000e+000
 9.750e+004 2.930e+000 0.000e+000 0.000e+000 0.000e+000 0.000e+000 0.000e+000 0.000e+000 0.000e+000 0.000e+000 0.000e+000 0.000e+000 0.000e+000 0.000e+000 0.000e+000 0.000e+000 0.000e+000 0.000e+000 0.000e+000
 9.880e+004 2.930e+000 0.000e+000 0.000e+000 0.000e+000 0.000e+000 0.000e+000 0.000e+000 0.000e+000 0.000e+000 0.000e+000 0.000e+000 0.000e+000 0.000e+000 0.000e+000 0.000e+000 0.000e+000 0.000e+000 0.000e+000
 1.000e+005 2.930e+000 0.000e+000 0.000e+000 0.000e+000 0.000e+000 0.000e+000 0.000e+000 0.000e+000 0.000e+000 0.000e+000 0.000e+000 0.000e+000 0.000e+000 0.000e+000 0.000e+000 0.000e+000 0.000e+000 0.000e+000
