 6.250e+000 2.930e+000 0.000e+000 0.000e+000 0.000e+000 0.000e+000 0.000e+000 0.000e+000 0.000e+000 0.000e+000 0.000e+000 0.000e+000 0.000e+000 0.000e+000 0.000e+000 0.000e+000 0.000e+000 0.000e+000 0.000e+000
 7.500e+000 2.930e+000 0.000e+000 0.000e+000 0.000e+000 0.000e+000 0.000e+000 0.000e+000 0.000e+000 0.000e+000 0.000e+000 0.000e+000 0.000e+000 0.000e+000 0.000e+000 0.000e+000 0.000e+000 0.000e+000 0.000e+000
 8.750e+000 2.930e+000 0.000e+000 0.000e+000 0.000e+000 0.000e+000 0.000e+000 0.000e+000 0.000e+000 0.000e+000 0.000e+000 0.000e+000 0.000e+000 0.000e+000 0.000e+000 0.000e+000 0.000e+000 0.000e+000 0.000e+000
 1.000e+001 2.930e+000 0.000e+000 0.000e+000 0.000e+000 0.000e+000 0.000e+000 0.000e+000 0.000e+000 0.000e+000 0.000e+000 0.000e+000 0.000e+000 0.000e+000 0.000e+000 0.000e+000 0.000e+000 0.000e+000 0.000e+000
 1.130e+001 2.930e+000 2.400e+001 2.302e+001-3.972e+001-2.291e+000-1.753e+002 6.008e+000 3.178e+003 3.890e+001-5.528e+001-1.178e+001-2.404e+001 2.026e+001 1.407e+002-2.717e+002-4.615e+002 3.142e+002 1.599e+004
 1.250e+001 2.930e+000 0.000e+000 0.000e+000 0.000e+000 0.000e+000 0.000e+000 0.000e+000 0.000e+000 0.000e+000 0.000e+000 0.000e+000 0.000e+000 0.000e+000 0.000e+000 0.000e+000 0.000e+000 0.000e+000 0.000e+000
 1.380e+001 2.930e+000 0.000e+000 0.000e+000 0.000e+000 0.000e+000 0.000e+000 0.000e+000 0.000e+000 0.000e+000 0.000e+000 0.000e+000 0.000e+000 0.000e+000 0.000e+000 0.000e+000 0.000e+000 0.000e+000 0.000e+000
 1.500e+001 2.930e+000 2.400e+001 2.161e+001-4.646e+001-2.986e+000-1.070e+002 5.300e+001 2.723e+003 3.497e+001-7.218e+002-1.312e+001-1.508e+002 3.348e+001 1.281e+002-1.818e+002-1.249e+003 3.658e+002 1.132e+004
 1.630e+001 2.930e+000 0.000e+000 0.000e+000 0.000e+000 0.000e+000 0.000e+000 0.000e+000 0.000e+000 0.000e+000 0.000e+000 0.000e+000 0.000e+000 0.000e+000 0.000e+000 0.000e+000 0.000e+000 0.000e+000 0.000e+000
 1.750e+001 2.930e+000 2.400e+001 1.704e+001-6.066e+001 3.601e+000 2.579e+001 2.887e+001 2.318e+003-4.633e+001-1.515e+003-9.358e+000-1.637e+002 3.279e+001 9.465e+001-2.540e+002-1.753e+003 4.030e+002 8.710e+003
 1.880e+001 2.930e+000 0.000e+000 0.000e+000 0.000e+000 0.000e+000 0.000e+000 0.000e+000 0.000e+000 0.000e+000 0.000e+000 0.000e+000 0.000e+000 0.000e+000 0.000e+000 0.000e+000 0.000e+000 0.000e+000 0.000e+000
 2.000e+001 2.930e+000 2.400e+001 2.488e+001-9.534e+001 2.969e+000-7.743e+001-3.064e+001 1.448e+003 5.819e+000-7.124e+002-5.051e+000-6.758e+001 2.063e+001 1.088e+002-1.275e+002 1.989e+002 1.484e+002 4.916e+003
 2.130e+001 2.930e+000 0.000e+000 0.000e+000 0.000e+000 0.000e+000 0.000e+000 0.000e+000 0.000e+000 0.000e+000 0.000e+000 0.000e+000 0.000e+000 0.000e+000 0.000e+000 0.000e+000 0.000e+000 0.000e+000 0.000e+000
 2.250e+001 2.930e+000 0.000e+000 0.000e+000 0.000e+000 0.000e+000 0.000e+000 0.000e+000 0.000e+000 0.000e+000 0.000e+000 0.000e+000 0.000e+000 0.000e+000 0.000e+000 0.000e+000 0.000e+000 0.000e+000 0.000e+000
 2.380e+001 2.930e+000 2.400e+001 3.035e+001-1.519e+001 2.504e+000-1.246e+002 2.216e+001 1.490e+003 2.837e+001-9.726e+002-1.901e+001-1.117e+002 3.595e+001 2.774e+002-2.486e+002-1.162e+003 4.224e+002 1.008e+004
 2.500e+001 2.930e+000 0.000e+000 0.000e+000 0.000e+000 0.000e+000 0.000e+000 0.000e+000 0.000e+000 0.000e+000 0.000e+000 0.000e+000 0.000e+000 0.000e+000 0.000e+000 0.000e+000 0.000e+000 0.000e+000 0.000e+000
 2.630e+001 2.930e+000 2.400e+001 3.771e+001-4.598e+001 2.349e+000-8.262e+001-9.673e+000 1.042e+003-6.982e+000-5.070e+002-1.567e+001-6.972e+001 2.996e+001 1.605e+002-2.560e+002-7.162e+002 3.769e+002 6.810e+003
 2.750e+001 2.930e+000 0.000e+000 0.000e+000 0.000e+000 0.000e+000 0.000e+000 0.000e+000 0.000e+000 0.000e+000 0.000e+000 0.000e+000 0.000e+000 0.000e+000 0.000e+000 0.000e+000 0.000e+000 0.000e+000 0.000e+000
 2.880e+001 2.930e+000 2.400e+001 2.184e+001-2.592e+001-4.760e+000-6.152e+001-7.832e+000 7.387e+002-7.853e+000-2.819e+002-8.025e+000-5.711e+001 2.417e+001 3.700e+001-1.529e+002-4.376e+002 2.868e+002 4.873e+003
 3.000e+001 2.930e+000 0.000e+000 0.000e+000 0.000e+000 0.000e+000 0.000e+000 0.000e+000 0.000e+000 0.000e+000 0.000e+000 0.000e+000 0.000e+000 0.000e+000 0.000e+000 0.000e+000 0.000e+000 0.000e+000 0.000e+000
 3.130e+001 2.930e+000 0.000e+000 0.000e+000 0.000e+000 0.000e+000 0.000e+000 0.000e+000 0.000e+000 0.000e+000 0.000e+000 0.000e+000 0.000e+000 0.000e+000 0.000e+000 0.000e+000 0.000e+000 0.000e+000 0.000e+000
 3.250e+001 2.930e+000 2.400e+001 1.295e+001-4.203e+001 2.558e-001-2.407e+001 1.304e+000 9.102e+002-3.568e-001-5.366e+002-6.550e+000-8.362e+001 2.867e+001 1.015e+002-1.236e+002-9.848e+002 3.286e+002 5.868e+003
 3.380e+001 2.930e+000 0.000e+000 0.000e+000 0.000e+000 0.000e+000 0.000e+000 0.000e+000 0.000e+000 0.000e+000 0.000e+000 0.000e+000 0.000e+000 0.000e+000 0.000e+000 0.000e+000 0.000e+000 0.000e+000 0.000e+000
 3.500e+001 2.930e+000 2.400e+001 1.120e+001-3.682e+001-9.501e-001-2.978e+001-9.418e+000 5.594e+002-3.553e+000-6.204e+002-6.438e+000-4.825e+001 1.921e+001 6.427e+001-1.506e+002-2.205e+002 1.666e+002 3.757e+003
 3.630e+001 2.930e+000 0.000e+000 0.000e+000 0.000e+000 0.000e+000 0.000e+000 0.000e+000 0.000e+000 0.000e+000 0.000e+000 0.000e+000 0.000e+000 0.000e+000 0.000e+000 0.000e+000 0.000e+000 0.000e+000 0.000e+000
 3.750e+001 2.930e+000 2.400e+001 1.138e+001-3.543e+001-1.880e+000-5.738e+001-1.826e+000 5.587e+002-3.304e+000-6.728e+002-7.800e+000-2.196e+001 1.791e+001 8.150e+001-1.818e+002-1.443e+001 2.002e+002 5.142e+003
 3.880e+001 2.930e+000 0.000e+000 0.000e+000 0.000e+000 0.000e+000 0.000e+000 0.000e+000 0.000e+000 0.000e+000 0.000e+000 0.000e+000 0.000e+000 0.000e+000 0.000e+000 0.000e+000 0.000e+000 0.000e+000 0.000e+000
 4.000e+001 2.930e+000 0.000e+000 0.000e+000 0.000e+000 0.000e+000 0.000e+000 0.000e+000 0.000e+000 0.000e+000 0.000e+000 0.000e+000 0.000e+000 0.000e+000 0.000e+000 0.000e+000 0.000e+000 0.000e+000 0.000e+000
 4.130e+001 2.930e+000 2.400e+001 1.491e+001-6.764e+001 5.026e+000-5.564e+001 6.155e+000 6.612e+002-3.608e+001-1.251e+003-9.242e+000-6.117e+001 1.893e+001 1.097e+002-2.553e+002-2.613e+002 2.104e+002 6.488e+003
 4.250e+001 2.930e+000 0.000e+000 0.000e+000 0.000e+000 0.000e+000 0.000e+000 0.000e+000 0.000e+000 0.000e+000 0.000e+000 0.000e+000 0.000e+000 0.000e+000 0.000e+000 0.000e+000 0.000e+000 0.000e+000 0.000e+000
 4.380e+001 2.930e+000 2.400e+001 2.307e+001-6.741e+001-6.460e-002-1.344e+002 6.154e+000 4.740e+002-4.501e+001-1.595e+003-1.808e+001-3.659e+001 2.667e+001 1.370e+002-5.184e+002-3.074e+002 5.039e+002 1.551e+004
 4.500e+001 2.930e+000 0.000e+000 0.000e+000 0.000e+000 0.000e+000 0.000e+000 0.000e+000 0.000e+000 0.000e+000 0.000e+000 0.000e+000 0.000e+000 0.000e+000 0.000e+000 0.000e+000 0.000e+000 0.000e+000 0.000e+000
 4.630e+001 2.930e+000 2.400e+001 6.215e+001-1.551e+002 3.619e+000-4.253e+002 1.608e+001 5.376e+002-9.810e+001-3.968e+003-3.933e+001-2.405e+001 3.115e+001 3.759e+002-1.523e+003 5.806e+002 9.738e+002 4.153e+004
 4.750e+001 2.930e+000 0.000e+000 0.000e+000 0.000e+000 0.000e+000 0.000e+000 0.000e+000 0.000e+000 0.000e+000 0.000e+000 0.000e+000 0.000e+000 0.000e+000 0.000e+000 0.000e+000 0.000e+000 0.000e+000 0.000e+000
 4.880e+001 2.930e+000 0.000e+000 0.000e+000 0.000e+000 0.000e+000 0.000e+000 0.000e+000 0.000e+000 0.000e+000 0.000e+000 0.000e+000 0.000e+000 0.000e+000 0.000e+000 0.000e+000 0.000e+000 0.000e+000 0.000e+000
 5.000e+001 2.930e+000 2.400e+001 2.901e+004-4.308e+004 1.329e+003-3.213e+005 2.169e+004 8.176e+004-2.200e+004-7.938e+005-1.513e+004-1.356e+004 8.204e+003 1.836e+005-3.753e+005 1.949e+005 1.799e+005 8.424e+006
 5.130e+001 2.930e+000 0.000e+000 0.000e+000 0.000e+000 0.000e+000 0.000e+000 0.000e+000 0.000e+000 0.000e+000 0.000e+000 0.000e+000 0.000e+000 0.000e+000 0.000e+000 0.000e+000 0.000e+000 0.000e+000 0.000e+000
 5.250e+001 2.930e+000 2.400e+001 7.074e+001-1.850e+002 9.090e-003-4.753e+002 5.590e+000 5.776e+002-1.124e+002-4.656e+003-4.175e+001-8.346e+000 2.969e+001 2.986e+002-1.767e+003 1.080e+003 1.070e+003 4.834e+004
 5.380e+001 2.930e+000 0.000e+000 0.000e+000 0.000e+000 0.000e+000 0.000e+000 0.000e+000 0.000e+000 0.000e+000 0.000e+000 0.000e+000 0.000e+000 0.000e+000 0.000e+000 0.000e+000 0.000e+000 0.000e+000 0.000e+000
 5.500e+001 2.930e+000 0.000e+000 0.000e+000 0.000e+000 0.000e+000 0.000e+000 0.000e+000 0.000e+000 0.000e+000 0.000e+000 0.000e+000 0.000e+000 0.000e+000 0.000e+000 0.000e+000 0.000e+000 0.000e+000 0.000e+000
 5.630e+001 2.930e+000 2.400e+001 1.755e+001-6.167e+001 8.535e-001-5.511e+001 5.602e+000 3.714e+002-3.811e+001-1.395e+003-1.019e+001-7.133e+000 1.049e+001 5.256e+001-4.081e+002 2.006e+001 2.624e+002 1.071e+004
 5.750e+001 2.930e+000 0.000e+000 0.000e+000 0.000e+000 0.000e+000 0.000e+000 0.000e+000 0.000e+000 0.000e+000 0.000e+000 0.000e+000 0.000e+000 0.000e+000 0.000e+000 0.000e+000 0.000e+000 0.000e+000 0.000e+000
 5.880e+001 2.930e+000 2.400e+001 9.253e+000-2.854e+001-1.308e-001-2.858e+001 5.562e+000 1.912e+002-2.920e+001-6.755e+002-7.601e+000-9.803e+000 1.239e+001 3.543e+001-1.995e+002-3.586e+001 1.958e+002 5.576e+003
 6.000e+001 2.930e+000 0.000e+000 0.000e+000 0.000e+000 0.000e+000 0.000e+000 0.000e+000 0.000e+000 0.000e+000 0.000e+000 0.000e+000 0.000e+000 0.000e+000 0.000e+000 0.000e+000 0.000e+000 0.000e+000 0.000e+000
 6.130e+001 2.930e+000 2.400e+001 9.565e+000-4.256e+001-8.880e-001-4.408e+001 6.543e+000 3.441e+002-4.787e+001-7.934e+002-1.012e+001-1.245e+001 1.838e+001 4.535e+001-1.792e+002-8.104e+000 2.211e+002 4.372e+003
 6.250e+001 2.930e+000 0.000e+000 0.000e+000 0.000e+000 0.000e+000 0.000e+000 0.000e+000 0.000e+000 0.000e+000 0.000e+000 0.000e+000 0.000e+000 0.000e+000 0.000e+000 0.000e+000 0.000e+000 0.000e+000 0.000e+000
 6.380e+001 2.930e+000 0.000e+000 0.000e+000 0.000e+000 0.000e+000 0.000e+000 0.000e+000 0.000e+000 0.000e+000 0.000e+000 0.000e+000 0.000e+000 0.000e+000 0.000e+000 0.000e+000 0.000e+000 0.000e+000 0.000e+000
 6.500e+001 2.930e+000 2.400e+001 9.518e+000-3.198e+001-1.501e+000-5.691e+001 4.211e+000 2.353e+002-3.573e+001-6.803e+002-1.205e+001-4.013e+000 2.049e+001 4.989e+001-1.906e+002 6.612e-002 2.828e+002 4.937e+003
 6.630e+001 2.930e+000 0.000e+000 0.000e+000 0.000e+000 0.000e+000 0.000e+000 0.000e+000 0.000e+000 0.000e+000 0.000e+000 0.000e+000 0.000e+000 0.000e+000 0.000e+000 0.000e+000 0.000e+000 0.000e+000 0.000e+000
 6.750e+001 2.930e+000 2.400e+001 6.274e+000-2.654e+001 7.481e-001-2.595e+001-2.903e+000 2.308e+002-2.011e+001-3.039e+002-6.219e+000-7.545e+000 1.120e+001 5.088e+001-8.737e+001 5.597e+001 1.182e+002 2.081e+003
 6.880e+001 2.930e+000 0.000e+000 0.000e+000 0.000e+000 0.000e+000 0.000e+000 0.000e+000 0.000e+000 0.000e+000 0.000e+000 0.000e+000 0.000e+000 0.000e+000 0.000e+000 0.000e+000 0.000e+000 0.000e+000 0.000e+000
 7.000e+001 2.930e+000 2.400e+001 7.132e+000-2.163e+001-2.116e-001-2.620e+001-5.260e+000 2.301e+002-1.558e+001-2.313e+002-6.207e+000-1.259e+001 1.208e+001 3.372e+001-9.221e+001-4.043e+001 1.334e+002 2.018e+003
 7.130e+001 2.930e+000 0.000e+000 0.000e+000 0.000e+000 0.000e+000 0.000e+000 0.000e+000 0.000e+000 0.000e+000 0.000e+000 0.000e+000 0.000e+000 0.000e+000 0.000e+000 0.000e+000 0.000e+000 0.000e+000 0.000e+000
 7.250e+001 2.930e+000 0.000e+000 0.000e+000 0.000e+000 0.000e+000 0.000e+000 0.000e+000 0.000e+000 0.000e+000 0.000e+000 0.000e+000 0.000e+000 0.000e+000 0.000e+000 0.000e+000 0.000e+000 0.000e+000 0.000e+000
 7.380e+001 2.930e+000 2.400e+001 5.737e+000-1.632e+001 2.290e-001-4.427e+000-9.135e+000 2.249e+002-5.446e+000-1.280e+002-4.227e+000-1.767e+001 1.071e+001 1.857e+001-6.050e+001-5.836e+001 9.777e+001 1.340e+003
 7.500e+001 2.930e+000 0.000e+000 0.000e+000 0.000e+000 0.000e+000 0.000e+000 0.000e+000 0.000e+000 0.000e+000 0.000e+000 0.000e+000 0.000e+000 0.000e+000 0.000e+000 0.000e+000 0.000e+000 0.000e+000 0.000e+000
 7.630e+001 2.930e+000 2.400e+001 4.551e+000-1.466e+001-9.356e-001-1.772e+001-5.932e+000 1.563e+002-1.179e+001-1.554e+002-4.202e+000-3.607e+000 8.728e+000 1.559e+001-5.655e+001 2.769e+001 9.269e+001 1.273e+003
 7.750e+001 2.930e+000 0.000e+000 0.000e+000 0.000e+000 0.000e+000 0.000e+000 0.000e+000 0.000e+000 0.000e+000 0.000e+000 0.000e+000 0.000e+000 0.000e+000 0.000e+000 0.000e+000 0.000e+000 0.000e+000 0.000e+000
 7.880e+001 2.930e+000 2.400e+001 2.642e+000-9.471e+000-7.487e-001-9.248e+000-2.869e+000 1.373e+002-1.039e+001-9.692e+001-3.147e+000-5.599e+000 8.420e+000 1.256e+001-3.166e+001-1.325e+001 7.375e+001 8.916e+002
 8.000e+001 2.930e+000 0.000e+000 0.000e+000 0.000e+000 0.000e+000 0.000e+000 0.000e+000 0.000e+000 0.000e+000 0.000e+000 0.000e+000 0.000e+000 0.000e+000 0.000e+000 0.000e+000 0.000e+000 0.000e+000 0.000e+000
 8.130e+001 2.930e+000 0.000e+000 0.000e+000 0.000e+000 0.000e+000 0.000e+000 0.000e+000 0.000e+000 0.000e+000 0.000e+000 0.000e+000 0.000e+000 0.000e+000 0.000e+000 0.000e+000 0.000e+000 0.000e+000 0.000e+000
 8.250e+001 2.930e+000 2.400e+001 3.311e+000-1.429e+001 9.481e-002-7.197e+000-1.287e+000 1.286e+002-1.668e+001-1.600e+002-4.222e+000-5.102e+000 9.631e+000 1.859e+001-4.406e+001-1.870e+001 8.308e+001 9.785e+002
 8.380e+001 2.930e+000 0.000e+000 0.000e+000 0.000e+000 0.000e+000 0.000e+000 0.000e+000 0.000e+000 0.000e+000 0.000e+000 0.000e+000 0.000e+000 0.000e+000 0.000e+000 0.000e+000 0.000e+000 0.000e+000 0.000e+000
 8.500e+001 2.930e+000 2.400e+001 2.575e+000-1.135e+001 1.177e-001-8.473e+000-1.876e+000 1.182e+002-1.082e+001-1.433e+002-3.007e+000-7.160e+000 7.494e+000 2.268e+001-3.233e+001-2.162e+001 6.869e+001 8.531e+002
 8.630e+001 2.930e+000 0.000e+000 0.000e+000 0.000e+000 0.000e+000 0.000e+000 0.000e+000 0.000e+000 0.000e+000 0.000e+000 0.000e+000 0.000e+000 0.000e+000 0.000e+000 0.000e+000 0.000e+000 0.000e+000 0.000e+000
 8.750e+001 2.930e+000 2.400e+001 2.359e+000-9.008e+000-1.852e-001-7.890e+000-3.350e+000 1.092e+002-5.437e+000-8.136e+001-2.503e+000-4.394e+000 6.102e+000 1.508e+001-2.692e+001-2.769e+001 5.515e+001 6.479e+002
 8.880e+001 2.930e+000 0.000e+000 0.000e+000 0.000e+000 0.000e+000 0.000e+000 0.000e+000 0.000e+000 0.000e+000 0.000e+000 0.000e+000 0.000e+000 0.000e+000 0.000e+000 0.000e+000 0.000e+000 0.000e+000 0.000e+000
 9.000e+001 2.930e+000 0.000e+000 0.000e+000 0.000e+000 0.000e+000 0.000e+000 0.000e+000 0.000e+000 0.000e+000 0.000e+000 0.000e+000 0.000e+000 0.000e+000 0.000e+000 0.000e+000 0.000e+000 0.000e+000 0.000e+000
 9.130e+001 2.930e+000 2.400e+001 1.993e+000-5.665e+000-2.872e-001-5.988e+000-3.223e+000 8.249e+001-5.986e-001-1.323e+001-1.591e+000-1.163e+000 3.296e+000 6.097e+000-1.729e+001 1.253e+001 2.860e+001 3.563e+002
 9.250e+001 2.930e+000 0.000e+000 0.000e+000 0.000e+000 0.000e+000 0.000e+000 0.000e+000 0.000e+000 0.000e+000 0.000e+000 0.000e+000 0.000e+000 0.000e+000 0.000e+000 0.000e+000 0.000e+000 0.000e+000 0.000e+000
 9.380e+001 2.930e+000 2.400e+001 1.210e+000-3.810e+000-5.513e-002-2.647e+000-1.441e+000 3.882e+001-3.046e+000-4.491e+001-1.060e+000-3.622e-001 2.096e+000 4.908e+000-1.519e+001 1.027e+001 2.368e+001 3.537e+002
 9.500e+001 2.930e+000 0.000e+000 0.000e+000 0.000e+000 0.000e+000 0.000e+000 0.000e+000 0.000e+000 0.000e+000 0.000e+000 0.000e+000 0.000e+000 0.000e+000 0.000e+000 0.000e+000 0.000e+000 0.000e+000 0.000e+000
 9.630e+001 2.930e+000 2.400e+001 6.235e-001-2.068e+000-1.031e-002-6.568e-001-7.838e-001 2.332e+001-2.868e+000-4.121e+001-5.101e-001 3.819e-001 1.001e+000 1.747e+000-8.768e+000 1.666e+001 1.239e+001 2.148e+002
 9.750e+001 2.930e+000 0.000e+000 0.000e+000 0.000e+000 0.000e+000 0.000e+000 0.000e+000 0.000e+000 0.000e+000 0.000e+000 0.000e+000 0.000e+000 0.000e+000 0.000e+000 0.000e+000 0.000e+000 0.000e+000 0.000e+000
 9.880e+001 2.930e+000 0.000e+000 0.000e+000 0.000e+000 0.000e+000 0.000e+000 0.000e+000 0.000e+000 0.000e+000 0.000e+000 0.000e+000 0.000e+000 0.000e+000 0.000e+000 0.000e+000 0.000e+000 0.000e+000 0.000e+000
 1.000e+002 2.930e+000 4.800e+001 2.362e+000 1.739e+000 4.539e-001 2.531e+001-6.916e+000 5.294e+001-2.295e+000-7.408e+001-2.831e+000 8.997e+000 5.969e+000-4.009e+001-1.054e+001 4.009e+001 2.377e+001 4.393e+002
 1.130e+002 2.930e+000 7.200e+001 2.458e+000-1.154e+001 1.899e-001-2.212e+000-6.151e+000 1.526e+002-7.076e+000-1.134e+002-2.152e+000-3.882e+000 7.187e+000 1.716e+001-2.728e+001 4.300e+000 6.071e+001 7.083e+002
 1.250e+002 2.930e+000 7.200e+001 3.145e+000-1.415e+001-2.616e-001-9.927e+000-6.845e+000 1.587e+002-6.854e+000-8.480e+001-1.904e+000-1.094e+000 7.145e+000 1.624e+001-2.481e+001 5.133e+001 5.363e+001 6.307e+002
 1.380e+002 2.930e+000 1.050e+002 3.921e+000-2.041e+001 5.185e-001-7.383e+000-4.161e+000 1.829e+002-2.762e+001-2.730e+002-5.060e+000-9.219e-001 1.201e+001 2.744e+001-5.465e+001 8.922e+001 1.075e+002 1.166e+003
 1.500e+002 2.930e+000 9.000e+001 1.487e+000-8.362e+000-1.748e-001-1.451e+001-1.314e-001 9.202e+001-1.747e+001-1.278e+002-2.645e+000 7.115e-001 6.006e+000 3.013e+001-2.257e+001 1.234e+002 4.999e+001 6.590e+002
 1.630e+002 2.930e+000 7.800e+001 3.433e+000-1.960e+001 1.995e-001-7.368e+000-7.674e+000 1.863e+002-2.481e+001-1.995e+002-4.049e+000 5.559e+000 9.586e+000 2.331e+001-3.771e+001 1.221e+002 7.787e+001 7.758e+002
 1.750e+002 2.930e+000 8.100e+001 3.800e+000-2.260e+001 1.515e+000 1.368e+000-8.902e+000 2.856e+002-2.763e+001-2.314e+002-4.416e+000-6.511e+000 1.317e+001 3.243e+001-3.908e+001 2.412e+001 1.006e+002 9.305e+002
 1.880e+002 2.930e+000 1.050e+002 1.029e+001-5.519e+001 3.803e+000 9.405e-001-2.236e+001 5.121e+002-6.531e+001-4.824e+002-1.207e+001 2.350e+000 3.152e+001 6.924e+001-1.028e+002 1.967e+002 2.329e+002 2.053e+003
 2.000e+002 2.930e+000 9.300e+001 1.016e+002-2.607e+002 1.091e+002 6.602e+002-6.402e+001 9.233e+002-5.200e+002-4.539e+003-1.888e+002-1.478e+002 4.979e+002 6.970e+002-1.737e+003-4.897e+002 4.171e+003 3.612e+004
 2.130e+002 2.930e+000 9.000e+001 1.123e+001-6.470e+001 5.268e+000-3.201e+000-2.123e+001 5.541e+002-1.274e+002-9.824e+002-1.994e+001-4.678e+000 5.006e+001 1.158e+002-1.643e+002 2.755e+002 3.723e+002 3.117e+003
 2.250e+002 2.930e+000 1.200e+002 2.370e+001-1.618e+002 2.495e+000-1.048e+002-5.379e+001 1.350e+003-3.391e+002-2.256e+003-4.879e+001 8.120e+001 1.152e+002 2.875e+002-3.631e+002 1.461e+003 8.296e+002 6.786e+003
 2.380e+002 2.930e+000 9.600e+001 9.053e+001-5.969e+002 7.848e+000-4.580e+002-1.551e+002 4.340e+003-1.370e+003-8.977e+003-2.050e+002 2.919e+002 4.801e+002 1.201e+003-1.474e+003 5.497e+003 3.392e+003 2.705e+004
 2.500e+002 2.930e+000 9.600e+001 3.001e+003-2.020e+004 4.755e+002-1.409e+004-5.430e+003 1.460e+005-4.729e+004-3.057e+005-6.898e+003 9.271e+003 1.595e+004 4.023e+004-4.920e+004 1.839e+005 1.110e+005 8.737e+005
 2.630e+002 2.930e+000 9.600e+001 7.287e+001-4.801e+002 8.333e+000-3.429e+002-1.352e+002 3.508e+003-1.104e+003-6.964e+003-1.648e+002 2.354e+002 3.866e+002 9.333e+002-1.148e+003 4.300e+003 2.637e+003 2.029e+004
 2.750e+002 2.930e+000 1.200e+002 1.765e+001-1.141e+002 4.559e+000-6.160e+001-3.434e+001 9.352e+002-2.570e+002-1.627e+003-3.789e+001 2.705e+001 9.668e+001 2.322e+002-2.636e+002 8.040e+002 6.365e+002 4.812e+003
 2.880e+002 2.930e+000 9.300e+001 7.593e+000-4.698e+001 2.763e+000-1.526e+001-2.053e+001 5.355e+002-1.001e+002-6.499e+002-1.390e+001-7.811e+000 3.954e+001 9.042e+001-9.716e+001 2.029e+002 2.503e+002 1.839e+003
 3.000e+002 2.930e+000 9.600e+001 1.892e+001-8.397e+000-1.647e+001-1.244e+002-1.711e+002 2.676e+003 1.674e+002 8.512e+002-9.941e+000-1.302e+002 7.489e+001 1.163e+002-5.116e+001-8.636e+002 4.632e+002 3.107e+003
 3.130e+002 2.930e+000 9.300e+001 5.774e+000-2.517e+001 8.795e-003-2.206e+001-1.707e+001 2.553e+002-4.898e+001-2.796e+002-1.150e+001 1.723e+001 3.339e+001 6.775e+001-7.236e+001 2.132e+002 2.042e+002 1.420e+003
 3.250e+002 2.930e+000 1.200e+002 9.531e+000-5.322e+001 6.196e+000-9.533e+000-1.637e+001 4.008e+002-1.395e+002-8.813e+002-2.358e+001-1.450e+001 7.678e+001 1.547e+002-1.573e+002 2.087e+002 4.621e+002 3.130e+003
 3.380e+002 2.930e+000 9.600e+001 3.676e+001-1.986e+002 2.298e+001-7.026e+001-5.580e+001 1.218e+003-5.868e+002-3.406e+003-1.026e+002 1.880e+001 3.121e+002 6.243e+002-6.497e+002 1.287e+003 1.833e+003 1.204e+004
 3.500e+002 2.930e+000 9.600e+001 9.637e+002-5.300e+003 6.409e+002-1.737e+003-1.168e+003 3.067e+004-1.620e+004-9.428e+004-2.805e+003-1.224e+002 8.612e+003 1.676e+004-1.753e+004 3.080e+004 4.998e+004 3.227e+005
 3.630e+002 2.930e+000 9.600e+001 3.566e+001-1.977e+002 2.534e+001-4.704e+001-5.166e+001 1.215e+003-5.924e+002-3.397e+003-1.004e+002-2.889e+000 3.090e+002 5.932e+002-6.241e+002 1.116e+003 1.767e+003 1.127e+004
 3.750e+002 2.930e+000 1.200e+002 1.241e+001-6.655e+001 6.738e+000-1.607e+001-2.335e+001 4.722e+002-1.662e+002-9.280e+002-2.952e+001 7.565e+000 8.292e+001 1.520e+002-1.801e+002 3.564e+002 4.657e+002 2.915e+003
 3.880e+002 2.930e+000 9.600e+001 4.690e+000-2.271e+001 2.055e+000-8.794e+000-9.827e+000 1.724e+002-5.543e+001-2.964e+002-1.107e+001 5.802e+000 3.328e+001 6.020e+001-6.551e+001 1.328e+002 1.844e+002 1.144e+003
 4.000e+002 2.930e+000 9.600e+001 4.472e+001-2.309e+002 3.352e+001 4.856e+001-1.018e+002 1.466e+003-5.058e+002-2.781e+003-8.367e+001 1.101e+001 1.869e+002 3.074e+002-5.186e+002 8.948e+002 1.034e+003 6.244e+003
 4.130e+002 2.930e+000 1.170e+002 6.181e+000-3.800e+001 3.830e+000 1.241e+000-1.647e+001 3.224e+002-7.319e+001-3.935e+002-1.101e+001-5.110e-001 2.675e+001 4.665e+001-6.565e+001 1.302e+002 1.404e+002 8.316e+002
 4.250e+002 2.930e+000 9.600e+001 4.255e+000-2.603e+001 1.831e+000-2.390e+000-1.510e+001 2.602e+002-4.613e+001-2.236e+002-6.906e+000 8.048e+000 1.596e+001 2.750e+001-3.946e+001 1.218e+002 8.215e+001 4.832e+002
 4.380e+002 2.930e+000 9.600e+001 9.646e+000-7.409e+001 5.118e+000 9.213e+000-4.052e+001 7.866e+002-1.149e+002-6.003e+002-1.260e+001 1.060e+001 2.253e+001 3.397e+001-7.513e+001 2.209e+002 1.191e+002 6.964e+002
 4.500e+002 2.930e+000 9.600e+001 2.509e+002-2.024e+003 9.778e+001 1.753e+002-1.188e+003 2.201e+004-2.727e+003-1.364e+004-2.815e+002 5.397e+002 3.574e+002 4.314e+002-1.591e+003 6.077e+003 1.869e+003 1.031e+004
 4.630e+002 2.930e+000 1.200e+002 1.015e+001-7.579e+001 3.954e+000 5.911e+000-4.515e+001 8.135e+002-1.025e+002-4.919e+002-1.192e+001 1.955e+001 1.878e+001 2.526e+001-6.441e+001 2.120e+002 9.315e+001 5.116e+002
 4.750e+002 2.930e+000 9.300e+001 3.116e+000-2.023e+001 1.449e+000 7.160e-001-1.099e+001 2.020e+002-3.030e+001-1.413e+002-4.228e+000 2.817e+000 8.216e+000 1.324e+001-2.312e+001 6.011e+001 3.989e+001 2.283e+002
 4.880e+002 2.930e+000 9.000e+001 2.572e+000-1.627e+001 1.612e+000 2.701e+000-8.418e+000 1.580e+002-2.474e+001-1.182e+002-3.170e+000-1.994e+000 6.885e+000 1.217e+001-1.753e+001 2.556e+001 3.386e+001 2.036e+002
 5.000e+002 2.930e+000 9.600e+001 3.334e+001-2.370e+002 3.487e+001 1.196e+002-8.642e+001 1.943e+003-3.588e+002-2.145e+003-3.802e+001-1.524e+002 8.262e+001 1.415e+002-2.597e+002-1.947e+002 4.343e+002 2.541e+003
 5.130e+002 2.930e+000 1.170e+002 4.296e+000-2.929e+001 2.491e+000-6.297e-002-1.559e+001 2.824e+002-4.558e+001-1.974e+002-5.703e+000 1.866e+000 1.161e+001 2.295e+001-3.075e+001 1.003e+002 5.211e+001 2.914e+002
 5.250e+002 2.930e+000 9.600e+001 4.999e+000-3.537e+001 2.684e+000-5.293e+000-1.806e+001 3.361e+002-5.889e+001-2.320e+002-7.046e+000 6.055e+000 1.290e+001 3.089e+001-3.685e+001 1.662e+002 5.543e+001 3.254e+002
 5.380e+002 2.930e+000 9.600e+001 1.848e+001-1.384e+002 9.465e+000-2.745e+001-7.032e+001 1.325e+003-2.310e+002-8.959e+002-2.608e+001 2.715e+001 4.285e+001 1.103e+002-1.342e+002 7.121e+002 1.799e+002 1.049e+003
 5.500e+002 2.930e+000 9.600e+001 9.714e+002-7.360e+003 5.025e+002-1.645e+003-3.905e+003 7.151e+004-1.238e+004-4.682e+004-1.368e+003 1.693e+003 2.188e+003 5.974e+003-7.056e+003 4.084e+004 9.094e+003 5.413e+004
 5.630e+002 2.930e+000 1.200e+002 2.160e+001-1.618e+002 1.191e+001-3.318e+001-8.785e+001 1.591e+003-2.707e+002-1.022e+003-2.970e+001 3.076e+001 4.897e+001 1.347e+002-1.554e+002 8.786e+002 2.017e+002 1.215e+003
 5.750e+002 2.930e+000 9.600e+001 3.299e+000-2.316e+001 1.803e+000-3.894e+000-1.392e+001 2.397e+002-3.726e+001-1.411e+002-4.212e+000 4.934e+000 7.551e+000 2.122e+001-2.329e+001 1.264e+002 3.230e+001 2.085e+002
 5.880e+002 2.930e+000 9.300e+001 3.142e+000-2.063e+001 1.750e+000 9.795e-001-1.359e+001 2.204e+002-2.805e+001-1.217e+002-3.062e+000 1.064e-001 5.058e+000 1.175e+001-1.742e+001 6.052e+001 2.195e+001 1.351e+002
 6.000e+002 2.930e+000 1.110e+002 2.431e+001-2.099e+002 1.791e+001 6.825e+001-1.392e+002 2.664e+003-3.006e+002-1.561e+003-2.308e+001-2.434e+001 3.681e+001 3.959e+001-1.359e+002 1.699e+002 1.873e+002 1.016e+003
 6.130e+002 2.930e+000 9.000e+001 1.147e+000-7.500e+000 5.060e-001 6.166e-001-3.753e+000 7.591e+001-8.706e+000-3.477e+001-9.445e-001-1.700e-001 2.091e+000 4.576e+000-5.084e+000 1.574e+001 8.892e+000 5.564e+001
 6.250e+002 2.930e+000 7.500e+001 1.122e+000-6.320e+000 1.457e-001-3.980e-002-2.533e+000 5.326e+001-4.865e+000-1.391e+001-7.413e-001 1.154e+000 1.318e+000 2.633e+000-2.698e+000 9.565e+000 5.417e+000 3.474e+001
 6.380e+002 2.930e+000 9.300e+001 4.419e+000-2.619e+001-1.718e-001-1.343e+000-6.144e+000 1.883e+002-1.389e+001-2.061e+001-2.218e+000 5.990e+000 2.884e+000 6.045e+000-5.231e+000 2.775e+001 9.562e+000 5.867e+001
 6.500e+002 2.930e+000 1.170e+002 6.707e+002-3.941e+003-1.725e+001-5.681e+001-6.342e+002 2.387e+004-1.761e+003-3.095e+003-3.018e+002 3.986e+002 1.418e+002 3.514e+001-5.504e+002 8.978e+002 2.713e+002 7.032e+002
 6.630e+002 2.930e+000 9.300e+001 4.237e+000-2.679e+001 1.921e-001-2.340e-001-5.068e+000 1.967e+002-1.577e+001-2.427e+001-2.365e+000 3.048e+000 2.287e+000 3.859e+000-5.249e+000 1.666e+001 6.997e+000 4.479e+001
 6.750e+002 2.930e+000 6.300e+001 1.158e+000-5.280e+000 3.266e-001 1.993e-001-6.087e+000 1.758e+002-3.125e+000 1.195e+001-8.451e-001 3.926e+000 1.411e+000 2.900e+000-4.106e+000 3.139e+001 6.587e+000 4.558e+001
 6.880e+002 2.930e+000 8.100e+001 1.266e+000-7.987e+000 5.599e-001-2.668e-001-4.123e+000 9.020e+001-9.315e+000-2.662e+001-1.312e+000 7.168e-001 2.561e+000 5.595e+000-5.812e+000 1.817e+001 1.076e+001 6.754e+001
 7.000e+002 2.930e+000 1.110e+002 2.776e+000-1.355e+001 3.824e+000-2.643e+000-1.961e+001 2.710e+002-5.521e+001-8.911e+001-4.726e+000 2.404e+001 1.616e+001 6.174e+001-3.114e+001 2.882e+002 5.835e+001 4.667e+002
 7.130e+002 2.930e+000 7.800e+001 4.682e-001-2.998e+000 2.351e-001-1.357e-001-1.393e+000 3.268e+001-4.439e+000-1.412e+001-5.715e-001 2.834e-001 1.250e+000 2.574e+000-2.715e+000 1.044e+001 4.923e+000 3.101e+001
 7.250e+002 2.930e+000 7.500e+001 4.774e-001-2.466e+000 3.651e-001 1.873e-001-1.742e+000 3.233e+001-3.399e+000-9.182e+000-5.176e-001 9.225e-002 1.410e+000 3.612e+000-3.020e+000 8.887e+000 5.878e+000 3.961e+001
 7.380e+002 2.930e+000 6.900e+001 4.680e-001-2.288e+000 4.801e-001 4.824e-001-1.846e+000 4.045e+001-5.039e+000-8.745e+000-5.606e-001 1.006e+000 1.739e+000 5.685e+000-3.868e+000 1.839e+001 7.325e+000 6.009e+001
 7.500e+002 2.930e+000 1.200e+002 7.285e+000 2.803e+001 8.875e+000-9.858e+000-1.077e+002 2.791e+003-1.118e+002 8.197e+002-7.101e+000 1.628e+002 1.963e+001 1.104e+002-7.127e+001 1.051e+003 6.111e+001 9.139e+002
 7.630e+002 2.930e+000 7.500e+001 4.871e-001-2.860e+000 3.953e-001 3.759e-001-2.205e+000 4.586e+001-4.629e+000-1.284e+001-5.827e-001 6.290e-001 1.463e+000 3.606e+000-3.502e+000 1.486e+001 6.425e+000 4.264e+001
 7.750e+002 2.930e+000 7.800e+001 5.002e-001-2.958e+000 4.731e-001 8.727e-001-1.625e+000 3.207e+001-4.787e+000-1.954e+001-5.786e-001-5.472e-001 1.636e+000 4.343e+000-3.767e+000 9.806e+000 7.580e+000 5.268e+001
 7.880e+002 2.930e+000 9.900e+001 4.003e-001-2.406e+000 2.993e-001 7.823e-002-1.510e+000 3.410e+001-3.544e+000-4.629e+000-4.422e-001 9.513e-001 1.345e+000 4.784e+000-2.735e+000 1.837e+001 6.710e+000 6.348e+001
 8.000e+002 2.930e+000 1.050e+002 4.122e+000-3.164e+001 3.871e+000 3.148e+001 5.806e+000 3.010e+002 7.241e-001-9.567e+000-9.488e-001-2.704e+001 5.029e+000 1.178e+001-1.347e+001-2.497e+002 3.899e+001 3.653e+002
 8.130e+002 2.930e+000 6.300e+001 2.544e-001-1.496e+000 1.506e-001-4.091e-002-1.197e+000 2.440e+001-1.935e+000-9.458e-001-2.981e-001 1.203e+000 8.057e-001 2.517e+000-1.744e+000 1.164e+001 4.092e+000 3.363e+001
 8.250e+002 2.930e+000 8.400e+001 3.020e-001-1.313e+000 3.397e-001 3.505e-002-1.612e+000 2.497e+001-3.697e+000-4.081e+000-4.569e-001 2.219e+000 1.626e+000 6.391e+000-3.330e+000 2.677e+001 7.898e+000 7.190e+001
 8.380e+002 2.930e+000 1.380e+002 1.281e+000-2.720e+000 2.184e+000-2.589e+000-1.165e+001 1.554e+002-2.588e+001 2.023e+001-2.799e+000 2.703e+001 1.204e+001 6.028e+001-2.436e+001 2.642e+002 6.008e+001 6.197e+002
 8.500e+002 2.930e+000 9.300e+001 4.252e+001-3.238e+000 1.037e+002-1.208e+002-5.073e+002 6.225e+003-1.248e+003 1.602e+003-1.209e+002 1.470e+003 6.057e+002 3.156e+003-1.128e+003 1.366e+004 2.957e+003 3.091e+004
 8.630e+002 2.930e+000 8.100e+001 5.406e-001-1.770e+000 1.002e+000-1.202e+000-4.759e+000 6.981e+001-1.345e+001 3.249e+000-1.211e+000 1.137e+001 5.827e+000 2.867e+001-1.004e+001 1.163e+002 2.585e+001 2.638e+002
 8.750e+002 2.930e+000 8.400e+001 4.195e-001-2.344e+000 4.036e-001-5.078e-001-2.370e+000 4.046e+001-5.786e+000-6.973e+000-5.586e-001 2.394e+000 1.806e+000 7.507e+000-3.524e+000 3.224e+001 7.054e+000 6.575e+001
 8.880e+002 2.930e+000 1.230e+002 7.342e-001-2.522e+000 6.411e-001 6.605e-001-3.582e+000 4.847e+001-5.690e+000-9.363e+000-4.565e-001 5.215e-001 1.939e+000 5.394e+000-2.339e+000 1.630e+001 7.611e+000 6.665e+001
 9.000e+002 2.930e+000 9.300e+001 2.077e+000-2.098e+001 1.458e+000-5.931e+000-2.272e+001 5.560e+002-3.801e+001-1.886e+001-2.433e+000 1.578e+001 4.776e+000 2.042e+001-1.346e+001 2.310e+002 1.651e+001 1.646e+002
 9.130e+002 2.930e+000 8.100e+001 3.634e-001-2.323e+000 3.505e-001 7.528e-001-1.408e+000 3.095e+001-3.231e+000-1.201e+001-3.402e-001-6.348e-001 1.016e+000 3.030e+000-2.472e+000 6.740e+000 4.595e+000 3.554e+001
 9.250e+002 2.930e+000 8.100e+001 4.695e-001-2.519e+000 4.430e-001 1.093e+000-1.546e+000 3.027e+001-4.119e+000-1.835e+001-4.754e-001-8.381e-001 1.350e+000 3.746e+000-3.348e+000 8.170e+000 6.145e+000 4.524e+001
 9.380e+002 2.930e+000 1.110e+002 1.424e+000-3.635e+000 1.183e+000 4.544e+000-3.881e+000 6.684e+001-6.715e+000-2.735e+001-1.359e+000-1.306e+000 3.032e+000 6.875e+000-1.121e+001 1.916e+001 1.761e+001 1.367e+002
 9.500e+002 2.930e+000 8.100e+001 2.175e+001-1.429e+000 1.231e+001 1.037e+002 6.940e+001 9.673e+002 2.334e+001 5.411e+002-2.638e+001-1.097e+002 4.281e+001-2.840e+001-1.578e+002-3.520e+002 2.513e+002 1.839e+003
 9.630e+002 2.930e+000 6.600e+001 6.880e-001-1.779e+000 5.132e-001 1.918e+000-1.132e+000 2.325e+001-2.377e+000-9.853e+000-7.589e-001-6.603e-001 1.640e+000 3.261e+000-5.184e+000 4.010e+000 8.923e+000 6.579e+001
 9.750e+002 2.930e+000 7.800e+001 3.430e-001-1.232e+000 2.658e-001 6.265e-001-9.947e-001 2.451e+001-1.461e+000-1.440e+000-3.332e-001-1.180e-001 9.372e-001 2.777e+000-2.472e+000 5.366e+000 4.654e+000 3.941e+001
 9.880e+002 2.930e+000 1.110e+002 5.627e-001-1.914e+000 4.547e-001 1.000e+000-4.250e+000 8.409e+001-4.006e+000-9.828e+000-4.492e-001 1.271e-001 1.825e+000 6.598e+000-3.731e+000 1.169e+001 1.056e+001 9.695e+001
 1.000e+003 2.930e+000 5.550e+002 8.031e+000-7.588e+000 1.262e+001-4.481e+001-7.584e+001 1.035e+003-1.177e+002 6.828e+002-2.044e+001 2.149e+002 8.914e+001 5.149e+002-1.845e+002 1.846e+003 4.929e+002 5.835e+003
 1.130e+003 2.930e+000 1.071e+003 2.878e+001 7.279e+001 5.939e+001 1.611e+001-1.406e+002 2.039e+003-1.730e+001 3.679e+003-6.002e+001 6.014e+002 3.180e+002 1.774e+003-6.711e+002 3.975e+003 1.970e+003 2.262e+004
 1.250e+003 2.930e+000 9.990e+002 1.143e+001-7.561e+001 2.617e+001 2.002e+002-5.004e+001 1.447e+003-2.235e+001-5.132e+002 2.566e+000-1.778e+002 9.480e+001 4.015e+002-7.753e+001-1.097e+003 7.003e+002 7.291e+003
 1.380e+003 2.930e+000 8.910e+002 2.637e+001-5.424e+001 3.998e+001 2.190e+002 5.094e+001 1.742e+003 1.403e+002 1.750e+003-1.869e+001-5.588e+000 9.267e+001 1.248e+002-1.443e+002 4.364e+002 6.529e+002 5.581e+003
 1.500e+003 2.930e+000 7.200e+001 1.404e+000-1.048e+001 1.507e+000 2.225e+000-7.158e+000 1.569e+002-1.234e+001-4.310e+001-1.245e+000-5.653e+000 4.442e+000 1.378e+001-1.048e+001 2.927e+001 2.584e+001 2.218e+002
 1.630e+003 2.930e+000 7.200e+001 1.068e+000-1.069e+001 1.423e+000 4.961e+000-7.158e+000 1.797e+002-1.011e+001-5.821e+001-2.329e-001-1.535e+001 2.844e+000 4.614e+000-3.521e+000-4.009e+001 1.280e+001 7.232e+001
 1.750e+003 2.930e+000 4.800e+001 9.890e+000-1.167e+002 1.576e+001 5.662e+001-6.039e+001 1.765e+003-1.122e+002-6.704e+002-1.505e+000-1.789e+002 2.626e+001 3.773e+001-2.844e+001-5.064e+002 1.000e+002 4.420e+002
 1.880e+003 2.930e+000 6.900e+001 2.083e+000-1.743e+001 2.472e+000 5.309e+000-1.393e+001 2.592e+002-2.671e+001-1.358e+002-1.356e+000-1.308e+001 4.834e+000 1.405e+001-1.334e+001 3.929e+001 2.158e+001 1.521e+002
 2.000e+003 2.930e+000 7.200e+001 1.615e+001-1.161e+002 1.922e+001 2.983e+001-7.132e+001 1.165e+003-2.737e+002-1.424e+003-2.633e+001-2.445e+001 6.768e+001 1.698e+002-1.798e+002 5.649e+002 3.401e+002 2.141e+003
 2.130e+003 2.930e+000 4.800e+001 9.831e+000-5.619e+001 5.359e+000-4.748e+001-5.256e+001 6.100e+002-1.534e+002-4.710e+002-2.203e+001 8.517e+001 5.466e+001 1.833e+002-1.273e+002 9.371e+002 2.736e+002 1.989e+003
 2.250e+003 2.930e+000 7.200e+001 1.353e+000-8.691e+000 1.280e+000-8.090e-002-7.410e+000 1.074e+002-2.105e+001-8.650e+001-2.161e+000 2.026e+000 5.941e+000 1.596e+001-1.352e+001 6.718e+001 2.865e+001 1.864e+002
 2.380e+003 2.930e+000 7.200e+001 4.081e+000-2.750e+001 3.400e+000-1.206e+000-1.914e+001 2.962e+002-5.896e+001-2.390e+002-6.488e+000 3.454e+000 1.611e+001 4.059e+001-3.645e+001 1.533e+002 7.533e+001 4.705e+002
 2.500e+003 2.930e+000 4.800e+001 5.868e-001-2.580e+000 1.905e-001-1.787e+000-3.529e+000 3.791e+001-4.561e+000-6.490e+000-6.435e-001 2.406e+000 1.479e+000 5.096e+000-3.267e+000 2.632e+001 6.437e+000 4.813e+001
 2.630e+003 2.930e+000 6.900e+001 1.268e+000-8.474e+000 1.103e+000-4.225e-001-7.178e+000 1.116e+002-1.808e+001-6.443e+001-1.637e+000 3.763e-001 3.953e+000 1.072e+001-9.659e+000 5.480e+001 1.640e+001 1.030e+002
 2.750e+003 2.930e+000 7.200e+001 1.037e+000-5.678e+000 1.000e+000 9.035e-001-6.956e+000 9.021e+001-1.290e+001-5.681e+001-7.706e-001-2.043e+000 2.410e+000 8.872e+000-6.823e+000 4.040e+001 9.855e+000 7.615e+001
 2.880e+003 2.930e+000 4.500e+001 2.997e-001-1.057e+000 1.429e-001-3.618e-002-1.807e+000 1.845e+001-1.894e+000-6.303e+000-1.316e-001-2.419e-001 5.524e-001 1.502e+000-9.951e-001 5.370e+000 2.352e+000 1.566e+001
 3.000e+003 2.930e+000 7.200e+001 7.666e+000-4.209e+001 3.316e+000-2.839e-001-5.308e+001 6.085e+002-4.225e+001-1.301e+002-3.320e+000 3.826e+000 7.231e+000 2.175e+001-2.315e+001 1.602e+002 3.276e+001 2.241e+002
 3.130e+003 2.930e+000 6.600e+001 9.209e-001-3.418e+000 3.006e-001-6.396e-001-6.072e+000 6.321e+001-5.109e+000-1.234e+001-4.091e-001 1.067e+000 8.887e-001 2.763e+000-2.935e+000 2.422e+001 3.489e+000 2.493e+001
 3.250e+003 2.930e+000 4.200e+001 9.982e-001-5.557e+000 4.913e-001-2.116e+000-5.776e+000 8.071e+001-1.092e+001-2.335e+001-1.041e+000 2.107e+000 2.022e+000 6.746e+000-5.291e+000 4.764e+001 6.413e+000 4.724e+001
 3.380e+003 2.930e+000 7.200e+001 3.197e+000-1.526e+001 3.674e+000 8.373e+000-2.193e+001 2.405e+002-4.162e+001-1.913e+002-2.733e+000-1.944e+000 8.382e+000 2.382e+001-2.356e+001 1.146e+002 3.861e+001 2.493e+002
 3.500e+003 2.930e+000 6.900e+001 3.514e+000-1.864e+001 2.955e+000 2.655e+000-2.585e+001 3.309e+002-3.973e+001-1.289e+002-2.128e+000-3.280e+000 5.526e+000 1.572e+001-1.554e+001 1.078e+002 1.744e+001 1.032e+002
 3.630e+003 2.930e+000 4.800e+001 5.929e+000-3.162e+001 5.437e+000 5.613e+000-4.073e+001 4.967e+002-7.717e+001-3.088e+002-5.441e+000 2.752e+000 1.337e+001 3.981e+001-4.017e+001 2.501e+002 5.555e+001 3.519e+002
 3.750e+003 2.930e+000 7.200e+001 7.572e+000-1.575e+001 3.676e+000 6.451e+000-4.916e+001 4.080e+002-3.783e+001-1.329e+002-1.533e+000-4.792e+000 5.337e+000 1.474e+001-1.967e+001 1.131e+002 1.802e+001 1.081e+002
 3.880e+003 2.930e+000 7.200e+001 4.210e+001-8.235e+001 2.201e+001 4.640e+001-2.788e+002 2.288e+003-2.122e+002-7.662e+002-4.865e+000-5.394e+001 3.180e+001 8.155e+001-9.692e+001 5.135e+002 1.037e+002 5.835e+002
 4.000e+003 2.930e+000 4.800e+001 3.958e+002-3.008e+002 1.169e+002 2.797e+002-2.545e+003 1.669e+004-7.256e+002-2.200e+003 3.571e+001-3.294e+002 4.114e+001 1.788e+002-5.067e+002 3.020e+003 4.869e+001 8.961e+002
 4.130e+003 2.930e+000 7.200e+001 2.696e+001-2.261e+001 8.028e+000 1.863e+001-1.748e+002 1.213e+003-5.879e+001-1.818e+002 2.294e+000-2.757e+001 4.951e+000 1.570e+001-3.404e+001 2.054e+002 9.219e+000 8.321e+001
 4.250e+003 2.930e+000 7.200e+001 5.278e+000-5.034e+000 1.646e+000 2.909e+000-3.280e+001 2.216e+002-1.133e+001-3.249e+001 3.632e-002-4.993e+000 2.239e+000 4.503e+000-7.863e+000 3.569e+001 7.603e+000 4.347e+001
 4.380e+003 2.930e+000 4.800e+001 1.380e+000-1.137e+000 2.949e-001 2.987e-001-8.896e+000 6.262e+001-2.157e+000-4.061e+000 6.814e-002-9.152e-001 3.474e-001 8.089e-001-1.620e+000 9.768e+000 9.180e-001 6.604e+000
 4.500e+003 2.930e+000 6.900e+001 1.298e+000-1.695e+000 4.299e-001 6.200e-001-8.933e+000 7.177e+001-3.759e+000-1.045e+001 3.895e-002-1.805e+000 9.146e-001 1.877e+000-1.801e+000 9.485e+000 2.902e+000 1.568e+001
 4.630e+003 2.930e+000 6.600e+001 1.036e+000-1.121e+000 2.804e-001 3.375e-001-7.158e+000 5.628e+001-2.093e+000-5.662e+000 5.995e-002-1.204e+000 4.108e-001 1.093e+000-1.420e+000 8.629e+000 1.209e+000 8.694e+000
 4.750e+003 2.930e+000 3.900e+001 5.681e-001-1.703e+000 2.529e-001-4.134e-001-4.206e+000 4.087e+001-3.433e+000-6.064e+000-2.483e-001 1.132e+000 5.305e-001 2.077e+000-2.228e+000 2.080e+001 1.832e+000 1.575e+001
 4.880e+003 2.930e+000 6.000e+001 4.324e-001-9.007e-001 1.155e-001 1.462e-001-3.061e+000 2.970e+001-1.046e+000-3.691e+000 2.021e-002-3.350e-001 2.814e-001 7.126e-001-6.851e-001 6.277e+000 9.694e-001 6.846e+000
 5.000e+003 2.930e+000 6.900e+001 6.516e-001-1.866e+000 1.739e-001-9.374e-001-3.942e+000 3.645e+001-4.874e+000-1.393e+001-6.492e-001 2.029e+000 2.130e+000 4.416e+000-3.397e+000 2.151e+001 8.533e+000 4.500e+001
 5.130e+003 2.930e+000 4.500e+001 5.642e-001-1.742e+000 2.187e-001-2.341e-001-4.113e+000 4.103e+001-3.156e+000-7.451e+000-1.934e-001 5.532e-001 5.878e-001 1.736e+000-1.844e+000 1.554e+001 1.955e+000 1.343e+001
 5.250e+003 2.930e+000 7.200e+001 4.630e-001-9.221e-001 1.435e-001-2.944e-002-3.390e+000 3.231e+001-1.759e+000-3.986e+000-9.999e-002-7.435e-002 9.181e-001 1.800e+000-1.018e+000 6.548e+000 3.204e+000 1.635e+001
 5.380e+003 2.930e+000 6.900e+001 6.778e-001-2.463e+000 6.052e-001 9.991e-001-5.010e+000 5.492e+001-7.570e+000-2.843e+001-3.594e-001-1.679e+000 2.665e+000 5.563e+000-3.083e+000 1.418e+001 9.562e+000 4.783e+001
 5.500e+003 2.930e+000 4.500e+001 2.572e-001-5.349e-001 7.958e-002 2.518e-001-1.723e+000 1.551e+001-6.756e-001-4.161e+000 5.753e-002-1.390e+000 7.650e-001 1.346e+000-1.381e-001-1.830e+000 2.540e+000 1.156e+001
 5.630e+003 2.930e+000 7.200e+001 5.516e-001-9.643e-001-1.437e-002-7.929e-001-4.144e+000 3.771e+001-4.722e-001 8.627e-001-1.125e-001-5.078e-001 1.293e+000 2.347e+000-9.160e-001 3.628e+000 4.934e+000 2.508e+001
 5.750e+003 2.930e+000 6.900e+001 4.662e-001-6.284e-001 1.984e-003-3.670e-001-3.640e+000 3.526e+001 1.757e-002 9.948e-001 8.866e-002-1.622e+000 9.118e-001 1.483e+000-1.563e-001-1.652e+000 3.197e+000 1.584e+001
 5.880e+003 2.930e+000 4.800e+001 4.445e-001 4.874e-003-3.686e-001-1.683e+000-3.498e+000 3.184e+001 3.082e+000 1.269e+001 5.636e-002-1.209e+000 1.077e+000 1.693e+000 4.095e-001-6.622e+000 4.404e+000 2.207e+001
 6.000e+003 2.930e+000 7.200e+001 6.438e+000 1.177e+001-6.545e+000-3.671e+001-4.715e+001 3.996e+002 6.009e+001 3.017e+002-2.815e+000 2.496e+000 2.512e+001 4.208e+001-6.920e+000-5.582e+001 1.090e+002 5.557e+002
 6.130e+003 2.930e+000 6.900e+001 5.574e-001-5.807e-001-1.871e-001-4.446e-001-4.460e+000 4.334e+001 2.124e+000 3.683e+000 3.535e-001-4.102e+000 1.231e+000 1.694e+000 1.037e+000-1.375e+001 4.127e+000 1.773e+001
 6.250e+003 2.930e+000 4.500e+001 4.569e-001-8.521e-001-1.111e-001-2.464e-001-3.257e+000 2.755e+001 1.402e+000 3.236e+000 2.756e-001-2.214e+000 4.742e-001 6.653e-001 9.909e-001-8.559e+000 1.609e+000 7.343e+000
 6.380e+003 2.930e+000 6.300e+001 6.268e-001-1.272e+000-1.064e-001 1.056e-001-5.139e+000 4.889e+001 1.933e+000 1.733e+000 4.841e-001-4.357e+000 8.864e-001 1.276e+000 1.490e+000-1.488e+001 2.724e+000 1.153e+001
 6.500e+003 2.930e+000 6.900e+001 6.368e-001-1.300e+000-1.875e-001 3.693e-002-4.873e+000 4.570e+001 2.233e+000 6.995e-001 4.834e-001-4.363e+000 1.148e+000 2.045e+000 1.771e+000-1.730e+001 3.776e+000 1.733e+001
 6.630e+003 2.930e+000 4.500e+001 4.796e-001-1.345e+000-1.320e-001-7.831e-002-3.758e+000 3.759e+001 1.622e+000 1.471e+000 2.861e-001-2.608e+000 6.875e-001 1.242e+000 1.012e+000-1.028e+001 2.169e+000 1.019e+001
 6.750e+003 2.930e+000 6.600e+001 7.793e-001-2.040e+000-1.113e-001 5.401e-001-6.297e+000 6.413e+001 2.377e+000-1.837e+000 6.484e-001-6.430e+000 1.254e+000 2.110e+000 2.182e+000-2.469e+001 4.119e+000 1.833e+001
 6.880e+003 2.930e+000 6.600e+001 6.983e-001-1.920e+000-1.593e-001 2.065e-001-5.739e+000 5.750e+001 2.929e+000 3.163e+000 5.536e-001-4.794e+000 8.993e-001 1.442e+000 1.982e+000-2.023e+001 2.877e+000 1.283e+001
 7.000e+003 2.930e+000 4.800e+001 4.049e-001-1.173e+000-6.707e-002 4.120e-001-3.475e+000 3.722e+001 1.497e+000-8.575e-001 3.113e-001-2.968e+000 5.519e-001 1.147e+000 1.216e+000-1.415e+001 1.771e+000 8.865e+000
 7.130e+003 2.930e+000 6.300e+001 6.839e-001-1.990e+000-1.127e-001 4.066e-001-5.840e+000 6.151e+001 2.477e+000 4.901e-001 5.404e-001-5.126e+000 9.486e-001 1.731e+000 1.999e+000-2.186e+001 3.101e+000 1.456e+001
 7.250e+003 2.930e+000 6.600e+001 7.745e-001-2.138e+000-2.219e-001-4.131e-001-6.114e+000 6.103e+001 3.072e+000 6.423e+000 3.677e-001-3.398e+000 8.944e-001 1.788e+000 1.690e+000-1.810e+001 3.095e+000 1.633e+001
 7.380e+003 2.930e+000 4.500e+001 5.788e-001-1.741e+000-2.409e-002 2.436e-001-4.678e+000 5.058e+001 5.044e-001-4.406e+000 3.162e-001-4.051e+000 9.999e-001 1.979e+000 1.056e+000-1.432e+001 3.466e+000 1.696e+001
 7.500e+003 2.930e+000 6.900e+001 8.801e-001-2.703e+000-1.434e-001-3.960e-001-6.765e+000 6.992e+001 2.150e+000 3.199e+000 2.599e-001-3.314e+000 1.175e+000 2.703e+000 1.180e+000-1.490e+001 3.894e+000 2.121e+001
 7.630e+003 2.930e+000 6.900e+001 1.168e+000-4.103e+000-6.366e-002-3.904e-001-9.356e+000 9.829e+001 1.624e+000 3.936e+000 2.337e-001-3.169e+000 1.424e+000 3.600e+000 1.043e+000-1.433e+001 4.831e+000 2.757e+001
 7.750e+003 2.930e+000 4.800e+001 9.402e-001-3.486e+000 1.252e-001-9.212e-002-7.135e+000 7.454e+001-7.389e-001-4.299e+000 4.976e-002-2.433e+000 1.456e+000 3.668e+000-3.135e-001-4.116e+000 4.877e+000 2.739e+001
 7.880e+003 2.930e+000 7.200e+001 2.949e+000-1.124e+001-3.972e-001-9.050e+000-2.225e+001 2.557e+002 8.199e-001 3.620e+001-2.130e+000 4.390e+000 1.025e+001 2.666e+001-6.093e+000 1.944e+001 3.513e+001 1.945e+002
 8.000e+003 2.930e+000 7.200e+001 2.439e+001-1.069e+002 8.105e+000-1.064e+002-1.525e+002 1.609e+003-2.126e+002-9.686e+001-4.487e+001 1.846e+002 1.190e+002 3.335e+002-1.693e+002 1.231e+003 3.928e+002 2.242e+003
 8.130e+003 2.930e+000 4.800e+001 1.377e+000-4.330e+000-2.661e-001-3.273e+000-9.280e+000 9.240e+001 5.594e-001 1.014e+001-7.041e-001 1.336e+000 3.754e+000 1.034e+001-1.510e+000 2.263e+000 1.221e+001 7.036e+001
 8.250e+003 2.930e+000 7.200e+001 1.993e+000-7.290e+000-3.348e-001-1.354e+000-1.393e+001 1.381e+002 1.934e+000 2.739e+000 1.278e-001-2.697e+000 2.689e+000 7.214e+000 1.192e+000-1.394e+001 9.145e+000 5.331e+001
 8.380e+003 2.930e+000 6.900e+001 1.814e+000-6.930e+000-4.109e-001-2.260e-003-1.242e+001 1.217e+002 5.547e+000 7.661e+000 6.116e-001-4.395e+000 1.695e+000 4.745e+000 3.072e+000-2.999e+001 5.337e+000 3.248e+001
 8.500e+003 2.930e+000 4.500e+001 1.194e+000-4.242e+000-1.450e-001 4.651e-001-8.523e+000 8.437e+001 3.049e+000 2.255e+000 4.981e-001-3.718e+000 8.796e-001 2.337e+000 1.887e+000-1.899e+001 2.886e+000 1.745e+001
 8.630e+003 2.930e+000 6.900e+001 1.430e+000-5.941e+000-3.898e-002 1.943e+000-1.044e+001 1.110e+002 4.315e+000-5.757e+000 9.216e-001-8.086e+000 1.459e+000 3.895e+000 2.938e+000-3.771e+001 4.529e+000 2.769e+001
 8.750e+003 2.930e+000 7.200e+001 1.611e+000-6.487e+000-1.712e-001 1.707e+000-1.120e+001 1.131e+002 5.262e+000-5.583e-001 9.361e-001-6.915e+000 1.395e+000 3.906e+000 3.475e+000-3.808e+001 4.072e+000 2.566e+001
 8.880e+003 2.930e+000 4.500e+001 7.918e-001-3.482e+000 1.132e-002 1.564e+000-5.717e+000 6.336e+001 2.506e+000-6.818e+000 5.740e-001-5.097e+000 8.360e-001 2.395e+000 1.698e+000-2.416e+001 2.575e+000 1.689e+001
 9.000e+003 2.930e+000 6.900e+001 1.283e+000-5.670e+000-1.722e-001 2.018e+000-9.467e+000 1.042e+002 5.653e+000-3.527e+000 8.968e-001-7.271e+000 1.258e+000 3.741e+000 3.279e+000-4.151e+001 3.988e+000 2.640e+001
 9.130e+003 2.930e+000 6.000e+001 1.051e+000-5.024e+000-8.304e-002 2.479e+000-8.448e+000 9.708e+001 5.075e+000-7.109e+000 8.570e-001-7.127e+000 1.267e+000 3.957e+000 2.993e+000-3.986e+001 3.740e+000 2.510e+001
 9.250e+003 2.930e+000 3.600e+001 6.971e-001-3.101e+000-2.280e-002 1.769e+000-5.518e+000 6.207e+001 2.619e+000-6.500e+000 5.682e-001-4.959e+000 7.627e-001 2.365e+000 2.129e+000-2.801e+001 2.693e+000 1.851e+001
 9.380e+003 2.930e+000 6.000e+001 1.250e+000-5.577e+000-2.479e-001 2.269e+000-9.644e+000 1.058e+002 6.411e+000-2.480e+000 9.396e-001-7.031e+000 1.345e+000 4.657e+000 4.014e+000-4.750e+001 4.466e+000 3.335e+001
 9.500e+003 2.930e+000 5.400e+001 1.442e+000-6.491e+000-3.140e-001 1.152e+000-1.031e+001 1.094e+002 6.151e+000 4.680e+000 7.561e-001-5.317e+000 1.144e+000 3.993e+000 3.769e+000-3.986e+001 3.860e+000 2.939e+001
 9.630e+003 2.930e+000 4.500e+001 1.064e+000-4.873e+000-1.504e-001 1.099e+000-7.784e+000 8.492e+001 3.780e+000 3.806e-001 5.178e-001-4.195e+000 8.676e-001 2.863e+000 2.483e+000-2.910e+001 3.017e+000 2.132e+001
 9.750e+003 2.930e+000 6.600e+001 1.734e+000-8.653e+000-2.003e-002 2.860e+000-1.199e+001 1.350e+002 5.294e+000-8.011e+000 9.607e-001-7.905e+000 1.267e+000 4.157e+000 3.269e+000-4.557e+001 4.196e+000 3.044e+001
 9.880e+003 2.930e+000 7.200e+001 1.554e+000-7.347e+000-2.000e-001 2.176e+000-1.104e+001 1.227e+002 5.688e+000-5.695e+000 9.005e-001-7.664e+000 1.806e+000 6.160e+000 3.941e+000-4.683e+001 5.840e+000 4.232e+001
 1.000e+004 2.930e+000 3.300e+002 9.603e+000-4.676e+001-7.881e-001 1.406e+001-6.577e+001 7.202e+002 3.117e+001-3.369e+001 5.075e+000-3.900e+001 8.579e+000 2.937e+001 1.893e+001-2.380e+002 2.637e+001 1.962e+002
 1.130e+004 2.930e+000 6.060e+002 1.362e+001-7.467e+001-1.045e+000 3.292e+001-9.073e+001 1.168e+003 3.583e+001-2.180e+002 9.371e+000-8.611e+001 2.618e+001 8.508e+001 2.897e+001-4.168e+002 7.153e+001 5.073e+002
 1.250e+004 2.930e+000 6.120e+002 2.134e+001-8.877e+001-8.074e+000 7.912e+001-1.625e+002 1.856e+003 1.678e+002-4.006e+002 3.250e+001-2.762e+002 8.637e+001 2.593e+002 1.111e+002-1.297e+003 2.344e+002 1.454e+003
 1.380e+004 2.930e+000 5.580e+002 6.760e+000-3.838e+001 4.848e-001 8.086e+000-3.787e+001 5.299e+002-2.251e+000-1.164e+002 1.955e+000-2.405e+001 8.011e+000 3.137e+001 4.064e-001-5.635e+001 1.743e+001 1.922e+002
 1.500e+004 2.930e+000 4.500e+002 4.039e+000-1.775e+001-2.669e-001 1.449e+000-2.155e+001 2.299e+002 4.995e+000-9.738e+000 1.470e+000-9.018e+000 2.636e+000 8.695e+000 5.234e+000-3.928e+001 6.656e+000 6.775e+001
 1.630e+004 2.930e+000 5.940e+002 1.625e+001-5.137e+001 1.674e+000 7.542e+001-1.288e+002 1.303e+003 3.784e+001-5.802e+002 2.257e+001-2.068e+002 4.262e+001 1.413e+002 4.694e+001-5.891e+002 9.750e+001 7.159e+002
 1.750e+004 2.930e+000 4.920e+002 7.717e+000-4.072e+001-2.663e-001-3.470e+000-3.925e+001 4.588e+002 1.682e+000 1.434e+000 1.160e+000-9.045e+000 3.717e+000 1.515e+001 4.032e+000 6.410e+000 1.080e+001 1.180e+002
 1.880e+004 2.930e+000 5.010e+002 8.622e+000-4.929e+001-9.278e-001-1.664e+001-3.800e+001 4.857e+002-3.865e+000 4.924e+001-7.371e-001 5.474e+000 2.780e+000 1.320e+001 7.601e-001 9.403e+001 9.544e+000 1.245e+002
 2.000e+004 2.930e+000 6.150e+002 5.461e+001-1.890e+002 1.045e+001 2.431e+002-3.388e+002 3.041e+003 1.025e+002-1.388e+003 6.084e+001-4.385e+002 8.082e+001 2.996e+002 9.529e+001-1.308e+003 1.779e+002 1.523e+003
 2.130e+004 2.930e+000 5.280e+002 1.796e+001-9.723e+001-2.939e-001-5.055e+000-8.050e+001 9.115e+002 1.947e+001 4.392e+001 3.799e+000-1.597e+001 1.956e+000 2.868e+000 6.012e+000 8.005e+000 4.031e+000 3.200e+001
 2.250e+004 2.930e+000 3.030e+002 7.777e-001-3.783e+000-3.626e-003-2.121e-001-3.432e+000 4.202e+001 2.699e-001 1.334e+000 1.610e-001-5.250e-001 4.038e-001 9.238e-001 4.606e-001 2.357e+000 9.876e-001 9.102e+000
 2.380e+004 2.930e+000 5.730e+002 8.582e+001-5.263e+002-5.721e+000-1.318e+002-3.768e+002 5.087e+003-2.584e+001 3.046e+002 2.998e-002 1.935e+001 1.641e+001 7.525e+001-9.611e+000 1.056e+003 5.223e+001 6.918e+002
 2.500e+004 2.930e+000 4.170e+002 9.898e-001-5.319e+000-3.067e-003-1.014e+000-4.381e+000 6.014e+001-1.328e-001 9.804e-001 7.432e-002-6.027e-001 4.187e-001 8.383e-001-1.871e-001 7.896e+000 7.796e-001 8.295e+000
 2.630e+004 2.930e+000 1.980e+002 4.100e-001-1.670e+000-3.776e-003 3.466e-001-2.230e+000 3.807e+001 4.460e-001-2.580e+000 1.947e-001-1.243e+000 3.622e-001 1.081e+000 6.878e-001-1.368e+001 9.663e-001 1.564e+001
 2.750e+004 2.930e+000 4.860e+002 1.470e+001-2.342e+001 1.329e+001 1.280e+002-1.276e+002 1.174e+003-8.514e+001-1.148e+003 2.195e+001-2.127e+002 4.672e+001 2.108e+002-1.126e+001-8.239e+001 1.037e+002 1.190e+003
 2.880e+004 2.930e+000 4.050e+002 1.018e+000-2.485e+000 4.826e-001 6.096e+000-6.581e+000 6.197e+001-1.638e+000-4.526e+001 1.190e+000-9.644e+000 2.294e+000 9.589e+000 6.159e-001-1.257e+001 4.922e+000 5.522e+001
 3.000e+004 2.930e+000 1.830e+002 2.465e-001-6.984e-001-4.414e-003 6.890e-001-7.390e-001 5.966e+000 5.853e-001-1.730e+000 1.808e-001-6.181e-001 2.517e-001 7.867e-001 2.626e-001-3.276e+000 2.708e-001 3.735e+000
 3.130e+004 2.930e+000 2.100e+002 3.686e-001-8.042e-001 2.283e-001 2.319e+000-2.278e+000 2.146e+001-1.080e+000-1.931e+001 4.217e-001-3.637e+000 8.749e-001 3.733e+000-3.118e-001-1.768e+000 1.575e+000 2.100e+001
 3.250e+004 2.930e+000 2.400e+002 7.893e-001-1.099e+000 6.858e-001 6.710e+000-6.545e+000 6.277e+001-4.790e+000-6.267e+001 1.076e+000-1.066e+001 2.351e+000 1.082e+001-7.377e-001-2.815e+000 5.439e+000 6.509e+001
 3.380e+004 2.930e+000 1.140e+002 3.677e-002-4.735e-002 9.361e-003 5.183e-002-7.839e-002 9.407e-001-1.959e-003-3.959e-001 1.774e-002-1.281e-001 5.829e-002 7.525e-002 1.567e-004-3.383e-001 6.080e-002 4.863e-001
 3.500e+004 2.930e+000 4.410e+002 1.529e+000-5.149e+000 5.201e-001 7.953e+000-1.211e+001 1.229e+002 1.634e+000-6.453e+001 1.675e+000-1.587e+001 2.268e+000 9.003e+000 1.042e+000-3.774e+001 4.107e+000 4.689e+001
 3.630e+004 2.930e+000 3.780e+002 2.177e+000-3.915e+000 2.123e+000 1.860e+001-2.046e+001 2.079e+002-1.557e+001-1.896e+002 2.777e+000-3.083e+001 5.947e+000 2.920e+001-4.351e+000 8.042e+000 1.318e+001 1.767e+002
 3.750e+004 2.930e+000 9.000e+001 2.191e-002-3.421e-002 1.722e-003 3.684e-002-4.283e-002 4.666e-001 2.880e-002-2.447e-001 1.172e-002-5.128e-002 4.213e-002 6.452e-002-4.500e-003-2.371e-001 7.618e-003 4.120e-001
 3.880e+004 2.930e+000 1.140e+002 2.743e-002-7.201e-002 3.879e-003 5.092e-002-2.968e-002 7.118e-001 2.770e-002-4.017e-001 1.296e-002-3.838e-002 4.846e-002 4.806e-002-3.099e-002-3.611e-001 1.583e-003 5.617e-001
 4.000e+004 2.930e+000 2.790e+002 2.723e-001-4.583e-001 2.453e-001 1.858e+000-2.264e+000 2.437e+001-2.010e+000-2.050e+001 2.676e-001-2.972e+000 6.414e-001 3.013e+000-7.633e-001 4.337e+000 1.271e+000 1.932e+001
 4.130e+004 2.930e+000 8.400e+001 1.440e-002-1.680e-002 2.604e-003 3.016e-003-7.175e-003 9.716e-002 5.606e-003-5.407e-002 3.612e-003-1.772e-002 2.166e-002 2.071e-002-7.555e-003-1.503e-002 7.468e-003 1.374e-001
 4.250e+004 2.930e+000 1.170e+002 1.802e-002-8.900e-003 1.350e-003-1.022e-002-4.905e-003 1.383e-001-1.128e-002-1.091e-001 1.942e-003-3.880e-003 2.665e-002-1.355e-002-6.286e-003-4.432e-002 2.202e-002 2.706e-001
 4.380e+004 2.930e+000 2.250e+002 3.002e-001-5.516e-001 3.242e-001 2.240e+000-3.025e+000 3.540e+001-3.133e+000-2.814e+001 2.689e-001-3.596e+000 6.955e-001 3.836e+000-1.326e+000 1.060e+001 1.463e+000 2.612e+001
 4.500e+004 2.930e+000 5.100e+001 7.273e-003-6.124e-003 1.769e-003-1.521e-003-5.226e-003 8.179e-002 4.068e-004-1.299e-002 2.723e-003-1.147e-002 1.145e-002 7.129e-003 2.108e-003-1.274e-002 7.036e-003 5.913e-002
 4.630e+004 2.930e+000 6.000e+001 7.148e-003-2.457e-003-3.737e-004-6.719e-005-3.556e-003 4.145e-002-4.477e-004-9.717e-003 2.409e-003-2.765e-003 1.082e-002 5.084e-003 2.323e-003-5.882e-003 6.700e-003 4.567e-002
 4.750e+004 2.930e+000 1.800e+002 6.119e-002-1.189e-001 4.601e-002 2.396e-001-4.116e-001 4.703e+000-4.130e-001-3.128e+000 2.851e-002-3.859e-001 1.136e-001 4.553e-001-2.018e-001 1.563e+000 1.718e-001 2.948e+000
 4.880e+004 2.930e+000 1.020e+002 1.782e-002-1.523e-002 7.435e-003 2.584e-002-4.942e-002 4.028e-001-3.425e-002-2.430e-001 7.187e-003-4.051e-002 2.619e-002 4.423e-002-2.095e-002 1.190e-001 1.720e-002 2.612e-001
 5.000e+004 2.930e+000 6.600e+001 6.990e-003-5.606e-003-4.508e-004-2.064e-004-4.632e-003 3.588e-002 2.876e-003-6.323e-003 3.118e-003-1.139e-003 1.275e-002 9.125e-004-1.342e-003 6.376e-003 2.667e-004 1.305e-002
 5.130e+004 2.930e+000 1.230e+002 2.236e-002-2.543e-002 1.063e-002 5.294e-002-9.574e-002 9.995e-001-7.685e-002-5.833e-001 9.527e-003-7.103e-002 3.357e-002 7.115e-002-3.792e-002 3.069e-001 3.694e-002 5.057e-001
 5.250e+004 2.930e+000 1.800e+002 1.345e-001-3.875e-001 1.203e-001 5.744e-001-1.271e+000 1.594e+001-1.220e+000-8.952e+000 4.997e-002-9.028e-001 1.800e-001 9.879e-001-6.767e-001 6.014e+000 3.816e-001 7.494e+000
 5.380e+004 2.930e+000 2.430e+002 5.515e-001-4.200e+000-1.178e-001-3.779e+000-3.271e+000 5.371e+001-3.021e+000 1.180e+001-4.658e-001 3.864e+000 4.895e-001 3.072e+000-1.452e+000 3.916e+001 2.183e+000 3.132e+001
 5.500e+004 2.930e+000 8.700e+001 9.825e-003-7.944e-003-7.706e-004-7.169e-003-1.770e-002 8.970e-002 1.018e-003 1.628e-002 1.554e-003-4.839e-003 1.641e-002 3.420e-003-3.624e-003 2.846e-002 9.347e-003 5.721e-002
 5.630e+004 2.930e+000 1.680e+002 2.834e-002-6.193e-002-1.377e-003-3.227e-002-8.502e-002 1.083e+000-8.678e-002-2.022e-001 6.158e-004 1.812e-002 5.184e-002 1.674e-001-1.138e-002 6.838e-001 1.299e-001 1.454e+000
 5.750e+004 2.930e+000 7.500e+001 8.081e-003-4.590e-003 1.754e-003 3.084e-004-3.315e-003 1.754e-002 5.932e-004-3.610e-003 1.698e-003-3.258e-003 1.160e-002-2.583e-003-6.670e-004 1.479e-003 1.950e-003 1.556e-002
 5.880e+004 2.930e+000 4.500e+001 5.119e-003-3.518e-003-6.138e-004-1.325e-003 1.100e-003 1.230e-002 8.952e-004-4.461e-003 1.718e-003 1.600e-003 4.077e-003-1.155e-003-1.355e-003-4.381e-004 3.450e-004 6.345e-003
 6.000e+004 2.930e+000 9.000e+001 1.254e-002-2.724e-002 6.155e-003 1.875e-002-7.219e-002 9.752e-001-4.899e-002-3.358e-001 2.067e-003-2.861e-002 1.311e-002 3.506e-002-3.497e-002 3.564e-001 1.293e-002 3.029e-001
 6.130e+004 2.930e+000 6.000e+001 4.766e-003 5.355e-004 4.226e-004 4.581e-004 1.200e-003 1.062e-002 6.241e-004-7.009e-004 8.336e-004 2.552e-004 4.668e-003 6.492e-004 6.381e-005 1.338e-004 1.837e-003 6.092e-003
 6.250e+004 2.930e+000 5.700e+001 5.387e-003-3.410e-003 7.264e-004-1.245e-003 4.466e-004 3.700e-002-3.169e-004-4.185e-003 6.222e-004-1.043e-003 4.694e-003 2.111e-003-2.706e-004 8.554e-003 1.111e-003 1.464e-002
 6.380e+004 2.930e+000 1.560e+002 1.771e-002-6.494e-002-2.758e-003-6.444e-002-4.824e-002 7.495e-001-4.223e-002 1.865e-001-6.678e-003 6.983e-002 2.669e-002 8.385e-002-1.406e-002 6.150e-001 7.282e-002 8.040e-001
 6.500e+004 2.930e+000 1.080e+002 8.501e-003-7.638e-003 6.797e-004-4.394e-003-1.029e-002 8.593e-002-4.363e-004 1.071e-002 1.434e-004 2.390e-003 9.936e-003 7.153e-003-2.639e-003 3.651e-002 8.892e-003 5.474e-002
 6.630e+004 2.930e+000 6.300e+001 4.247e-003-1.438e-003 3.064e-004 1.566e-004-3.170e-003 2.265e-002 1.343e-003 6.255e-005 1.050e-003-2.639e-003 5.376e-003 6.234e-004 1.719e-004-1.972e-003 1.507e-003 2.292e-003
 6.750e+004 2.930e+000 8.100e+001 5.260e-003-9.733e-003 1.051e-003 1.889e-003-1.605e-002 1.520e-001 1.780e-003-1.105e-002 9.404e-004-4.368e-003 6.356e-003 3.464e-003-1.030e-003-1.011e-003 2.263e-003 1.202e-002
 6.880e+004 2.930e+000 2.490e+002 3.955e-001-1.745e+000-1.579e-002 6.091e-001-2.095e+000 1.940e+001 1.105e+000-4.809e-001 2.250e-001-1.147e+000 1.480e-001 3.836e-001 6.262e-001-6.184e+000 3.416e-001 2.023e+000
 7.000e+004 2.930e+000 7.200e+001 4.003e-003-3.078e-004 8.984e-004 4.719e-004-1.242e-003 7.735e-003-3.582e-004-7.860e-004 3.102e-004-2.474e-004 4.768e-003 2.815e-004-1.502e-004-1.829e-004 1.140e-003 2.236e-003
 7.130e+004 2.930e+000 6.900e+001 4.867e-003-1.092e-002-1.394e-004-1.092e-002-9.691e-003 8.904e-002-4.473e-003 2.989e-002-1.076e-003 8.664e-003 5.512e-003 9.056e-003-2.646e-003 7.087e-002 8.475e-003 8.500e-002
 7.250e+004 2.930e+000 1.110e+002 8.660e-003-2.672e-002-1.719e-003-2.472e-002-2.305e-002 3.490e-001-1.652e-002 9.314e-002-1.376e-003 2.854e-002 1.094e-002 2.909e-002-4.557e-003 2.544e-001 2.329e-002 2.771e-001
 7.380e+004 2.930e+000 6.600e+001 2.988e-003-1.392e-004 1.585e-004 5.971e-005-6.520e-005 4.073e-003 3.324e-004-2.297e-004 3.188e-004-4.658e-004 3.543e-003 1.216e-004 3.148e-004-5.696e-005 7.345e-004 8.022e-004
 7.500e+004 2.930e+000 7.800e+001 3.180e-003-1.190e-004 7.799e-004 5.120e-005-1.362e-003 6.577e-003-3.857e-004-3.941e-004 1.917e-004-9.435e-004 3.729e-003 6.872e-006-5.565e-005 1.126e-004 4.880e-004 6.757e-004
 7.630e+004 2.930e+000 6.900e+001 2.769e-003-2.468e-003 4.120e-005 4.522e-004-3.566e-003 3.909e-002 1.417e-003 6.652e-004 1.117e-003-3.401e-003 3.874e-003 4.923e-004 6.950e-004-5.104e-003 1.320e-003 2.939e-003
 7.750e+004 2.930e+000 4.500e+001 1.732e-003 3.166e-004-1.177e-004 6.615e-006-3.973e-004 3.360e-003 3.615e-004 0.000e+000 9.363e-005-7.400e-004 1.751e-003 8.713e-005 1.743e-004-5.426e-005 1.197e-004 1.631e-004
 7.880e+004 2.930e+000 4.800e+001 1.368e-003 3.245e-004 9.130e-005 9.672e-005-2.185e-004 3.005e-003-2.536e-004-1.069e-004 2.036e-004-2.823e-004 1.718e-003-1.579e-005-8.586e-006 1.054e-004 3.474e-004 7.463e-004
 8.000e+004 2.930e+000 7.500e+001 2.557e-003-2.322e-003-2.958e-004-2.356e-003-2.644e-003 3.510e-002-9.606e-006 6.076e-003 2.598e-004-1.200e-004 3.030e-003 2.234e-003 3.385e-004 8.564e-003 1.822e-003 2.039e-002
 8.130e+004 2.930e+000 5.100e+001 1.412e-003-6.151e-004 2.115e-004-6.225e-005-7.425e-004 4.328e-003-2.292e-005-1.213e-007-9.865e-005 2.078e-005 1.495e-003-1.115e-004-1.132e-004 1.577e-004 2.788e-004 5.720e-004
 8.250e+004 2.930e+000 1.110e+002 1.927e-002-6.647e-002 4.918e-003 4.342e-002-1.621e-001 1.906e+000-1.202e-002-5.386e-001 8.732e-003-9.944e-002 8.562e-003 2.874e-002-2.492e-002 7.213e-002 2.611e-004 1.582e-001
 8.380e+004 2.930e+000 5.700e+001 1.447e-003 3.423e-004-4.142e-004 6.368e-005-7.216e-004 4.268e-003 1.026e-004-3.020e-004 5.217e-004-1.534e-004 1.800e-003 8.960e-005 4.291e-004-2.504e-004 4.091e-004 1.256e-003
 8.500e+004 2.930e+000 6.000e+001 1.547e-003-2.937e-004 1.956e-005 2.338e-004-1.386e-003 5.141e-003-1.504e-004 9.734e-005 3.258e-004-5.524e-004 1.552e-003 1.373e-004 2.292e-004-2.973e-004 1.582e-004 6.909e-004
 8.630e+004 2.930e+000 6.300e+001 1.205e-003 3.302e-004-1.846e-004-2.645e-005-1.433e-003 7.604e-003 1.969e-004-4.882e-004-5.266e-005-2.152e-004 1.312e-003 2.089e-005 7.688e-006-2.384e-008 2.714e-004 9.757e-004
 8.750e+004 2.930e+000 8.100e+001 3.150e-003-2.393e-003 1.245e-004-5.909e-004-6.587e-003 4.230e-002-1.863e-003-6.213e-004 2.552e-004 1.793e-003 2.497e-003 1.397e-003-1.706e-003 1.438e-002 1.297e-003 1.112e-002
 8.880e+004 2.930e+000 1.080e+002 3.464e-003-2.456e-003 4.628e-006 2.101e-004-7.850e-003 4.510e-002 1.032e-003-2.892e-003 4.314e-004-1.967e-004 2.951e-003 1.102e-003-6.052e-004 4.643e-003 1.657e-003 9.850e-003
 9.000e+004 2.930e+000 1.530e+002 6.251e-003-8.755e-003 4.354e-005-2.167e-004-2.003e-002 1.391e-001 2.242e-003 1.588e-003 1.557e-003-6.048e-003 4.520e-003 8.361e-004 2.924e-004 2.153e-003 2.611e-003 1.411e-002
 9.130e+004 2.930e+000 1.620e+002 8.009e-003-7.994e-003-7.861e-006-9.604e-005-3.366e-002 2.223e-001 2.017e-003-3.295e-003 1.097e-003-3.157e-003 4.996e-003 1.147e-003-2.078e-003 1.749e-002 3.609e-003 2.096e-002
 9.250e+004 2.930e+000 1.860e+002 1.134e-002-1.387e-002 6.840e-004 3.474e-003-5.088e-002 3.652e-001 8.722e-004-2.376e-002 2.875e-003-1.571e-002 5.998e-003 1.950e-003-3.463e-004 1.254e-003 4.709e-003 2.578e-002
 9.380e+004 2.930e+000 1.290e+002 6.224e-003-1.191e-002-1.062e-004-2.805e-004-2.400e-002 1.738e-001 2.204e-003 5.204e-003 1.347e-003-6.062e-003 4.129e-003 7.354e-005 1.423e-003-6.048e-003 2.198e-003 8.514e-003
 9.500e+004 2.930e+000 1.560e+002 5.613e-003-9.636e-003-5.887e-004-1.218e-003-1.763e-002 1.475e-001 4.594e-003 9.275e-003 6.220e-004 5.885e-004 4.439e-003 1.387e-003 5.067e-005 1.477e-002 3.692e-003 1.874e-002
 9.630e+004 2.930e+000 0.000e+000 0.000e+000 0.000e+000 0.000e+000 0.000e+000 0.000e+000 0.000e+000 0.000e+000 0.000e+000 0.000e+000 0.000e+000 0.000e+000 0.000e+000 0.000e+000 0.000e+000 0.000e+000 0.000e+000
 9.750e+004 2.930e+000 0.000e+000 0.000e+000 0.000e+000 0.000e+000 0.000e+000 0.000e+000 0.000e+000 0.000e+000 0.000e+000 0.000e+000 0.000e+000 0.000e+000 0.000e+000 0.000e+000 0.000e+000 0.000e+000 0.000e+000
 9.880e+004 2.930e+000 0.000e+000 0.000e+000 0.000e+000 0.000e+000 0.000e+000 0.000e+000 0.000e+000 0.000e+000 0.000e+000 0.000e+000 0.000e+000 0.000e+000 0.000e+000 0.000e+000 0.000e+000 0.000e+000 0.000e+000
 1.000e+005 2.930e+000 0.000e+000 0.000e+000 0.000e+000 0.000e+000 0.000e+000 0.000e+000 0.000e+000 0.000e+000 0.000e+000 0.000e+000 0.000e+000 0.000e+000 0.000e+000 0.000e+000 0.000e+000 0.000e+000 0.000e+000
