 6.250e+000 2.930e+000 0.000e+000 0.000e+000 0.000e+000 0.000e+000 0.000e+000 0.000e+000 0.000e+000 0.000e+000 0.000e+000 0.000e+000 0.000e+000 0.000e+000 0.000e+000 0.000e+000 0.000e+000 0.000e+000 0.000e+000
 7.500e+000 2.930e+000 0.000e+000 0.000e+000 0.000e+000 0.000e+000 0.000e+000 0.000e+000 0.000e+000 0.000e+000 0.000e+000 0.000e+000 0.000e+000 0.000e+000 0.000e+000 0.000e+000 0.000e+000 0.000e+000 0.000e+000
 8.750e+000 2.930e+000 0.000e+000 0.000e+000 0.000e+000 0.000e+000 0.000e+000 0.000e+000 0.000e+000 0.000e+000 0.000e+000 0.000e+000 0.000e+000 0.000e+000 0.000e+000 0.000e+000 0.000e+000 0.000e+000 0.000e+000
 1.000e+001 2.930e+000 0.000e+000 0.000e+000 0.000e+000 0.000e+000 0.000e+000 0.000e+000 0.000e+000 0.000e+000 0.000e+000 0.000e+000 0.000e+000 0.000e+000 0.000e+000 0.000e+000 0.000e+000 0.000e+000 0.000e+000
 1.130e+001 2.930e+000 2.000e+001 5.182e+001 4.617e+002-4.480e+000-1.308e+002 5.051e+002 1.789e+004-1.877e+002 7.773e+003 1.394e+001 4.411e+002 4.927e+001 5.492e+002 1.534e+002 1.404e+003 3.258e+002 8.337e+004
 1.250e+001 2.930e+000 0.000e+000 0.000e+000 0.000e+000 0.000e+000 0.000e+000 0.000e+000 0.000e+000 0.000e+000 0.000e+000 0.000e+000 0.000e+000 0.000e+000 0.000e+000 0.000e+000 0.000e+000 0.000e+000 0.000e+000
 1.380e+001 2.930e+000 0.000e+000 0.000e+000 0.000e+000 0.000e+000 0.000e+000 0.000e+000 0.000e+000 0.000e+000 0.000e+000 0.000e+000 0.000e+000 0.000e+000 0.000e+000 0.000e+000 0.000e+000 0.000e+000 0.000e+000
 1.500e+001 2.930e+000 2.300e+001 3.719e+001 2.656e+002 4.912e+000 1.635e+002 2.907e+002 8.431e+003-6.991e+001 2.885e+003 5.627e+000 2.576e+002 3.966e+001 1.377e+002-5.216e+001 2.126e+003 2.984e+002 4.074e+004
 1.630e+001 2.930e+000 0.000e+000 0.000e+000 0.000e+000 0.000e+000 0.000e+000 0.000e+000 0.000e+000 0.000e+000 0.000e+000 0.000e+000 0.000e+000 0.000e+000 0.000e+000 0.000e+000 0.000e+000 0.000e+000 0.000e+000
 1.750e+001 2.930e+000 2.300e+001 2.533e+001 1.850e+002 5.775e-001 1.310e+002 1.672e+002 5.837e+003-6.681e+001 2.456e+003 9.160e-003 5.345e+001 1.003e+001 5.946e+001-2.214e+002-1.264e+003 1.868e+001 1.887e+004
 1.880e+001 2.930e+000 0.000e+000 0.000e+000 0.000e+000 0.000e+000 0.000e+000 0.000e+000 0.000e+000 0.000e+000 0.000e+000 0.000e+000 0.000e+000 0.000e+000 0.000e+000 0.000e+000 0.000e+000 0.000e+000 0.000e+000
 2.000e+001 2.930e+000 2.300e+001 1.783e+001 1.346e+002-1.614e+000-7.840e+001 1.481e+002 3.834e+003-1.035e+001-2.482e+002-4.827e+000 3.783e+000 3.118e+001 2.329e+002-4.923e+001-2.012e+001 4.870e+002 1.652e+004
 2.130e+001 2.930e+000 0.000e+000 0.000e+000 0.000e+000 0.000e+000 0.000e+000 0.000e+000 0.000e+000 0.000e+000 0.000e+000 0.000e+000 0.000e+000 0.000e+000 0.000e+000 0.000e+000 0.000e+000 0.000e+000 0.000e+000
 2.250e+001 2.930e+000 0.000e+000 0.000e+000 0.000e+000 0.000e+000 0.000e+000 0.000e+000 0.000e+000 0.000e+000 0.000e+000 0.000e+000 0.000e+000 0.000e+000 0.000e+000 0.000e+000 0.000e+000 0.000e+000 0.000e+000
 2.380e+001 2.930e+000 2.300e+001 1.092e+001 7.569e+001-6.847e-001 2.621e+001 6.950e+001 2.268e+003-2.760e+001 5.517e+002 4.017e-001-2.940e+001 1.199e+001 3.311e+001-1.067e+002-1.019e+003 1.688e+002 1.310e+004
 2.500e+001 2.930e+000 0.000e+000 0.000e+000 0.000e+000 0.000e+000 0.000e+000 0.000e+000 0.000e+000 0.000e+000 0.000e+000 0.000e+000 0.000e+000 0.000e+000 0.000e+000 0.000e+000 0.000e+000 0.000e+000 0.000e+000
 2.630e+001 2.930e+000 2.300e+001 1.722e+001 1.448e+002-2.588e+000-3.961e+001 1.774e+002 4.428e+003-3.265e+001 4.728e+002 2.615e+000 1.107e+002 3.104e+001 1.869e+002 1.829e+001 1.220e+002 3.043e+002 8.681e+003
 2.750e+001 2.930e+000 0.000e+000 0.000e+000 0.000e+000 0.000e+000 0.000e+000 0.000e+000 0.000e+000 0.000e+000 0.000e+000 0.000e+000 0.000e+000 0.000e+000 0.000e+000 0.000e+000 0.000e+000 0.000e+000 0.000e+000
 2.880e+001 2.930e+000 2.300e+001 1.175e+001 9.581e+001-1.251e+000-2.803e+001 1.241e+002 3.008e+003-4.604e+001 1.849e+002 1.845e+000 5.484e+001 1.886e+001 7.401e+001-1.248e+001 1.004e+002 2.378e+002 1.082e+004
 3.000e+001 2.930e+000 0.000e+000 0.000e+000 0.000e+000 0.000e+000 0.000e+000 0.000e+000 0.000e+000 0.000e+000 0.000e+000 0.000e+000 0.000e+000 0.000e+000 0.000e+000 0.000e+000 0.000e+000 0.000e+000 0.000e+000
 3.130e+001 2.930e+000 0.000e+000 0.000e+000 0.000e+000 0.000e+000 0.000e+000 0.000e+000 0.000e+000 0.000e+000 0.000e+000 0.000e+000 0.000e+000 0.000e+000 0.000e+000 0.000e+000 0.000e+000 0.000e+000 0.000e+000
 3.250e+001 2.930e+000 2.300e+001 1.279e+001 1.404e+002 1.212e+000 1.059e+000 7.854e+001 3.234e+003 6.685e+001 2.179e+003-4.461e+000-1.519e+000 1.006e+001 9.318e+001-1.984e+002-1.084e+003 1.814e+002 1.089e+004
 3.380e+001 2.930e+000 0.000e+000 0.000e+000 0.000e+000 0.000e+000 0.000e+000 0.000e+000 0.000e+000 0.000e+000 0.000e+000 0.000e+000 0.000e+000 0.000e+000 0.000e+000 0.000e+000 0.000e+000 0.000e+000 0.000e+000
 3.500e+001 2.930e+000 2.300e+001 9.134e+000 7.456e+001 7.225e-001 8.454e+000 7.123e+001 2.035e+003 3.436e+000 1.274e+003-1.873e+000 1.461e+001 1.085e+001 6.230e+001-1.777e+002-6.892e+002 9.080e+001 8.435e+003
 3.630e+001 2.930e+000 0.000e+000 0.000e+000 0.000e+000 0.000e+000 0.000e+000 0.000e+000 0.000e+000 0.000e+000 0.000e+000 0.000e+000 0.000e+000 0.000e+000 0.000e+000 0.000e+000 0.000e+000 0.000e+000 0.000e+000
 3.750e+001 2.930e+000 2.300e+001 1.354e+001 1.305e+002 1.515e-001 5.592e+000 1.202e+002 3.142e+003 4.409e+001 1.614e+003-2.865e+000-2.061e+001 9.678e+000 3.742e+001-1.751e+002-1.796e+003 1.191e+002 5.706e+003
 3.880e+001 2.930e+000 0.000e+000 0.000e+000 0.000e+000 0.000e+000 0.000e+000 0.000e+000 0.000e+000 0.000e+000 0.000e+000 0.000e+000 0.000e+000 0.000e+000 0.000e+000 0.000e+000 0.000e+000 0.000e+000 0.000e+000
 4.000e+001 2.930e+000 0.000e+000 0.000e+000 0.000e+000 0.000e+000 0.000e+000 0.000e+000 0.000e+000 0.000e+000 0.000e+000 0.000e+000 0.000e+000 0.000e+000 0.000e+000 0.000e+000 0.000e+000 0.000e+000 0.000e+000
 4.130e+001 2.930e+000 2.300e+001 1.236e+001 7.962e+001-4.802e-001-9.379e+000 1.041e+002 2.233e+003-4.706e+000 1.066e+003-1.080e+000 4.046e+001 1.782e+001 7.507e+001-2.185e+002-1.705e+003 2.201e+002 9.003e+003
 4.250e+001 2.930e+000 0.000e+000 0.000e+000 0.000e+000 0.000e+000 0.000e+000 0.000e+000 0.000e+000 0.000e+000 0.000e+000 0.000e+000 0.000e+000 0.000e+000 0.000e+000 0.000e+000 0.000e+000 0.000e+000 0.000e+000
 4.380e+001 2.930e+000 2.300e+001 2.295e+001 1.432e+002 2.471e+000 9.048e+001 1.995e+002 3.280e+003 2.867e+001 3.461e+003-1.685e+000 1.745e+001 1.120e+001 9.103e+001-4.286e+002-2.397e+003 1.810e+002 1.317e+004
 4.500e+001 2.930e+000 0.000e+000 0.000e+000 0.000e+000 0.000e+000 0.000e+000 0.000e+000 0.000e+000 0.000e+000 0.000e+000 0.000e+000 0.000e+000 0.000e+000 0.000e+000 0.000e+000 0.000e+000 0.000e+000 0.000e+000
 4.630e+001 2.930e+000 2.300e+001 5.020e+001 2.369e+002 7.443e+000 1.169e+001 4.269e+002 5.331e+003 1.292e+002 6.205e+003-1.540e+001-9.958e+001 1.221e+001 2.275e+002-1.341e+003-1.133e+004 4.443e+002 3.748e+004
 4.750e+001 2.930e+000 0.000e+000 0.000e+000 0.000e+000 0.000e+000 0.000e+000 0.000e+000 0.000e+000 0.000e+000 0.000e+000 0.000e+000 0.000e+000 0.000e+000 0.000e+000 0.000e+000 0.000e+000 0.000e+000 0.000e+000
 4.880e+001 2.930e+000 0.000e+000 0.000e+000 0.000e+000 0.000e+000 0.000e+000 0.000e+000 0.000e+000 0.000e+000 0.000e+000 0.000e+000 0.000e+000 0.000e+000 0.000e+000 0.000e+000 0.000e+000 0.000e+000 0.000e+000
 5.000e+001 2.930e+000 2.300e+001 2.848e+004 1.337e+005 3.444e+003-1.778e+005 9.902e+004 9.869e+005 4.495e+004 1.492e+006-6.785e+003-7.870e+003 2.137e+003 9.662e+004-4.514e+005-2.396e+006 8.515e+004 8.277e+006
 5.130e+001 2.930e+000 0.000e+000 0.000e+000 0.000e+000 0.000e+000 0.000e+000 0.000e+000 0.000e+000 0.000e+000 0.000e+000 0.000e+000 0.000e+000 0.000e+000 0.000e+000 0.000e+000 0.000e+000 0.000e+000 0.000e+000
 5.250e+001 2.930e+000 2.300e+001 6.674e+001 3.048e+002 8.510e+000 1.023e+002 5.504e+002 6.340e+003 1.559e+002 8.481e+003-1.880e+001-1.225e+002 8.749e+000 2.041e+002-1.706e+003-1.357e+004 5.220e+002 4.513e+004
 5.380e+001 2.930e+000 0.000e+000 0.000e+000 0.000e+000 0.000e+000 0.000e+000 0.000e+000 0.000e+000 0.000e+000 0.000e+000 0.000e+000 0.000e+000 0.000e+000 0.000e+000 0.000e+000 0.000e+000 0.000e+000 0.000e+000
 5.500e+001 2.930e+000 0.000e+000 0.000e+000 0.000e+000 0.000e+000 0.000e+000 0.000e+000 0.000e+000 0.000e+000 0.000e+000 0.000e+000 0.000e+000 0.000e+000 0.000e+000 0.000e+000 0.000e+000 0.000e+000 0.000e+000
 5.630e+001 2.930e+000 2.300e+001 1.691e+001 7.448e+001 9.304e-001 6.327e+000 1.357e+002 2.050e+003 2.877e+001 1.493e+003-4.835e+000-3.870e+001 6.748e+000 6.548e+001-3.831e+002-2.916e+003 1.684e+002 1.100e+004
 5.750e+001 2.930e+000 0.000e+000 0.000e+000 0.000e+000 0.000e+000 0.000e+000 0.000e+000 0.000e+000 0.000e+000 0.000e+000 0.000e+000 0.000e+000 0.000e+000 0.000e+000 0.000e+000 0.000e+000 0.000e+000 0.000e+000
 5.880e+001 2.930e+000 2.300e+001 1.147e+001 6.893e+001 8.202e-001 2.868e+001 1.008e+002 1.896e+003 9.751e+000 1.232e+003-4.984e-001 1.538e+001 4.497e+000 1.898e+001-1.814e+002-1.462e+003 5.827e+001 4.702e+003
 6.000e+001 2.930e+000 0.000e+000 0.000e+000 0.000e+000 0.000e+000 0.000e+000 0.000e+000 0.000e+000 0.000e+000 0.000e+000 0.000e+000 0.000e+000 0.000e+000 0.000e+000 0.000e+000 0.000e+000 0.000e+000 0.000e+000
 6.130e+001 2.930e+000 2.300e+001 7.110e+000 3.797e+001 5.581e-001 3.282e+000 5.090e+001 1.028e+003 3.235e+001 8.407e+002-2.774e+000-3.716e+000 6.868e+000 3.118e+001-1.335e+002-8.485e+002 1.174e+002 4.188e+003
 6.250e+001 2.930e+000 0.000e+000 0.000e+000 0.000e+000 0.000e+000 0.000e+000 0.000e+000 0.000e+000 0.000e+000 0.000e+000 0.000e+000 0.000e+000 0.000e+000 0.000e+000 0.000e+000 0.000e+000 0.000e+000 0.000e+000
 6.380e+001 2.930e+000 0.000e+000 0.000e+000 0.000e+000 0.000e+000 0.000e+000 0.000e+000 0.000e+000 0.000e+000 0.000e+000 0.000e+000 0.000e+000 0.000e+000 0.000e+000 0.000e+000 0.000e+000 0.000e+000 0.000e+000
 6.500e+001 2.930e+000 2.300e+001 7.184e+000 3.707e+001 6.981e-002 1.589e+000 7.751e+001 1.573e+003 1.093e+001 4.527e+002-1.426e+000-1.306e+001 1.728e+000-3.749e-001-9.823e+001-1.173e+003 2.966e+001 2.234e+003
 6.630e+001 2.930e+000 0.000e+000 0.000e+000 0.000e+000 0.000e+000 0.000e+000 0.000e+000 0.000e+000 0.000e+000 0.000e+000 0.000e+000 0.000e+000 0.000e+000 0.000e+000 0.000e+000 0.000e+000 0.000e+000 0.000e+000
 6.750e+001 2.930e+000 2.300e+001 4.570e+000 3.533e+001 1.249e+000 2.144e+001 4.484e+001 1.080e+003 2.107e+001 5.152e+002-6.197e-001 4.059e+000 2.569e+000 1.965e+001-5.155e+001-4.507e+002 3.597e+001 1.609e+003
 6.880e+001 2.930e+000 0.000e+000 0.000e+000 0.000e+000 0.000e+000 0.000e+000 0.000e+000 0.000e+000 0.000e+000 0.000e+000 0.000e+000 0.000e+000 0.000e+000 0.000e+000 0.000e+000 0.000e+000 0.000e+000 0.000e+000
 7.000e+001 2.930e+000 2.300e+001 3.405e+000 3.646e+001 3.173e-001 2.577e+000 2.484e+001 1.003e+003 1.248e+001 4.673e+002-8.429e-001 2.945e+000 4.476e+000 2.122e+001-4.577e+001-1.908e+002 5.385e+001 1.623e+003
 7.130e+001 2.930e+000 0.000e+000 0.000e+000 0.000e+000 0.000e+000 0.000e+000 0.000e+000 0.000e+000 0.000e+000 0.000e+000 0.000e+000 0.000e+000 0.000e+000 0.000e+000 0.000e+000 0.000e+000 0.000e+000 0.000e+000
 7.250e+001 2.930e+000 0.000e+000 0.000e+000 0.000e+000 0.000e+000 0.000e+000 0.000e+000 0.000e+000 0.000e+000 0.000e+000 0.000e+000 0.000e+000 0.000e+000 0.000e+000 0.000e+000 0.000e+000 0.000e+000 0.000e+000
 7.380e+001 2.930e+000 2.300e+001 4.651e+000 5.261e+001 5.907e-001 1.903e+000 4.950e+001 1.562e+003 2.104e+001 2.925e+002-3.371e-001 2.258e+000 5.821e+000 2.411e+001-3.220e+001-4.343e+002 6.072e+001 1.549e+003
 7.500e+001 2.930e+000 0.000e+000 0.000e+000 0.000e+000 0.000e+000 0.000e+000 0.000e+000 0.000e+000 0.000e+000 0.000e+000 0.000e+000 0.000e+000 0.000e+000 0.000e+000 0.000e+000 0.000e+000 0.000e+000 0.000e+000
 7.630e+001 2.930e+000 2.300e+001 4.094e+000 3.592e+001 5.074e-001 9.285e+000 4.392e+001 1.177e+003 2.045e+001 3.497e+002-1.371e+000-2.468e+000 7.790e+000 2.536e+001-3.434e+001-1.239e+002 9.245e+001 1.748e+003
 7.750e+001 2.930e+000 0.000e+000 0.000e+000 0.000e+000 0.000e+000 0.000e+000 0.000e+000 0.000e+000 0.000e+000 0.000e+000 0.000e+000 0.000e+000 0.000e+000 0.000e+000 0.000e+000 0.000e+000 0.000e+000 0.000e+000
 7.880e+001 2.930e+000 2.300e+001 3.804e+000 2.966e+001-1.384e-001 9.162e-001 3.904e+001 8.593e+002 5.190e+000 2.159e+002-4.013e-001-2.427e+000 2.723e+000 1.124e+001-2.141e+001-2.741e+002 2.529e+001 7.235e+002
 8.000e+001 2.930e+000 0.000e+000 0.000e+000 0.000e+000 0.000e+000 0.000e+000 0.000e+000 0.000e+000 0.000e+000 0.000e+000 0.000e+000 0.000e+000 0.000e+000 0.000e+000 0.000e+000 0.000e+000 0.000e+000 0.000e+000
 8.130e+001 2.930e+000 0.000e+000 0.000e+000 0.000e+000 0.000e+000 0.000e+000 0.000e+000 0.000e+000 0.000e+000 0.000e+000 0.000e+000 0.000e+000 0.000e+000 0.000e+000 0.000e+000 0.000e+000 0.000e+000 0.000e+000
 8.250e+001 2.930e+000 2.300e+001 2.787e+000 2.334e+001 8.595e-001 4.392e+000 2.555e+001 8.079e+002 1.721e+001 2.562e+002-1.322e+000 1.692e+000 3.637e+000 1.237e+001-3.158e+001-2.429e+002 3.459e+001 7.695e+002
 8.380e+001 2.930e+000 0.000e+000 0.000e+000 0.000e+000 0.000e+000 0.000e+000 0.000e+000 0.000e+000 0.000e+000 0.000e+000 0.000e+000 0.000e+000 0.000e+000 0.000e+000 0.000e+000 0.000e+000 0.000e+000 0.000e+000
 8.500e+001 2.930e+000 2.300e+001 2.009e+000 1.474e+001-1.449e-003 2.319e-001 1.487e+001 4.339e+002 5.092e+000 1.801e+002-1.019e+000-1.247e+000 3.807e+000 9.878e+000-2.715e+001-1.680e+002 4.464e+001 1.040e+003
 8.630e+001 2.930e+000 0.000e+000 0.000e+000 0.000e+000 0.000e+000 0.000e+000 0.000e+000 0.000e+000 0.000e+000 0.000e+000 0.000e+000 0.000e+000 0.000e+000 0.000e+000 0.000e+000 0.000e+000 0.000e+000 0.000e+000
 8.750e+001 2.930e+000 2.300e+001 1.390e+000 1.125e+001-1.949e-001-3.229e+000 1.661e+001 4.654e+002-8.537e+000-9.645e+001 1.405e-001-3.040e-001 3.717e+000 1.586e+000-6.447e+000-1.027e+002 2.856e+001 5.421e+002
 8.880e+001 2.930e+000 0.000e+000 0.000e+000 0.000e+000 0.000e+000 0.000e+000 0.000e+000 0.000e+000 0.000e+000 0.000e+000 0.000e+000 0.000e+000 0.000e+000 0.000e+000 0.000e+000 0.000e+000 0.000e+000 0.000e+000
 9.000e+001 2.930e+000 0.000e+000 0.000e+000 0.000e+000 0.000e+000 0.000e+000 0.000e+000 0.000e+000 0.000e+000 0.000e+000 0.000e+000 0.000e+000 0.000e+000 0.000e+000 0.000e+000 0.000e+000 0.000e+000 0.000e+000
 9.130e+001 2.930e+000 2.300e+001 1.737e+000 1.699e+001 4.924e-001 6.730e+000 1.788e+001 5.583e+002 1.130e+001 2.308e+002-5.366e-001 9.978e-002 1.949e+000 8.771e+000-1.675e+001-1.089e+002 2.053e+001 4.908e+002
 9.250e+001 2.930e+000 0.000e+000 0.000e+000 0.000e+000 0.000e+000 0.000e+000 0.000e+000 0.000e+000 0.000e+000 0.000e+000 0.000e+000 0.000e+000 0.000e+000 0.000e+000 0.000e+000 0.000e+000 0.000e+000 0.000e+000
 9.380e+001 2.930e+000 2.300e+001 1.107e+000 6.601e+000-1.805e-001-2.698e-001 1.007e+001 2.636e+002 3.116e+000 6.475e+001-4.871e-001-6.973e+000 1.227e+000 8.890e-001-1.094e+001-1.240e+002 1.291e+001 3.252e+002
 9.500e+001 2.930e+000 0.000e+000 0.000e+000 0.000e+000 0.000e+000 0.000e+000 0.000e+000 0.000e+000 0.000e+000 0.000e+000 0.000e+000 0.000e+000 0.000e+000 0.000e+000 0.000e+000 0.000e+000 0.000e+000 0.000e+000
 9.630e+001 2.930e+000 2.300e+001 8.830e-001 4.435e+000 1.648e-001 5.576e-001 8.360e+000 2.355e+002 5.762e+000 5.727e+001-4.669e-001-5.763e+000 7.982e-001 2.397e+000-9.940e+000-1.316e+002 9.321e+000 2.017e+002
 9.750e+001 2.930e+000 0.000e+000 0.000e+000 0.000e+000 0.000e+000 0.000e+000 0.000e+000 0.000e+000 0.000e+000 0.000e+000 0.000e+000 0.000e+000 0.000e+000 0.000e+000 0.000e+000 0.000e+000 0.000e+000 0.000e+000
 9.880e+001 2.930e+000 0.000e+000 0.000e+000 0.000e+000 0.000e+000 0.000e+000 0.000e+000 0.000e+000 0.000e+000 0.000e+000 0.000e+000 0.000e+000 0.000e+000 0.000e+000 0.000e+000 0.000e+000 0.000e+000 0.000e+000
 1.000e+002 2.930e+000 4.400e+001 2.871e+000-1.926e+001 1.745e-001 2.717e+001 1.695e+001 5.215e+002-1.969e+001 1.338e+002-2.021e+000-2.043e+001 5.687e+000-3.794e+001-5.435e+000-2.840e+002 1.709e+001 5.188e+002
 1.130e+002 2.930e+000 3.800e+001 2.428e+000 2.497e+001 1.344e+000 4.475e+000 2.972e+001 8.345e+002 2.328e+001 2.372e+002-6.280e-001 1.082e+001 6.944e+000 1.101e+001-1.956e+001-2.398e+002 2.684e+001 4.513e+002
 1.250e+002 2.930e+000 6.000e+001 3.161e+000 3.157e+001 2.332e-001-2.031e+000 4.380e+001 1.213e+003 1.553e+001 2.505e+002-1.775e+000-3.732e+001 1.105e+001 1.071e+001-2.767e+001-4.784e+002 5.394e+001 7.777e+002
 1.380e+002 2.930e+000 6.000e+001 1.974e+000 2.303e+001 7.807e-002 1.166e+000 2.953e+001 9.674e+002 1.700e+001 3.474e+002-1.419e+000-1.974e+001 6.549e+000 2.172e+000-2.696e+001-4.199e+002 2.623e+001 5.368e+002
 1.500e+002 2.930e+000 5.800e+001 1.732e+000 2.949e+001 2.623e-001-5.017e+000 2.126e+001 1.051e+003 3.156e+001 3.840e+002-1.544e+000-1.590e+001 2.064e+000 9.997e+000-2.356e+001-4.399e+002 2.492e+001 4.700e+002
 1.630e+002 2.930e+000 7.000e+001 2.712e+000 3.342e+001 4.381e-001 3.813e-001 4.600e+001 1.449e+003 3.107e+001 3.897e+002-2.123e+000-2.773e+001 8.505e+000 8.511e+000-2.942e+001-5.173e+002 4.797e+001 7.100e+002
 1.750e+002 2.930e+000 7.300e+001 4.699e+000 6.171e+001 1.630e-001 3.464e+000 7.288e+001 2.269e+003 3.987e+001 6.905e+002-3.060e+000-4.052e+001 1.513e+001 3.378e+000-4.703e+001-7.750e+002 5.950e+001 9.787e+002
 1.880e+002 2.930e+000 8.700e+001 1.077e+001 1.498e+002 2.654e+000 1.612e+001 1.581e+002 4.862e+003 1.263e+002 1.731e+003-6.344e+000-5.405e+001 1.872e+001 2.606e+001-1.041e+002-1.410e+003 1.058e+002 1.766e+003
 2.000e+002 2.930e+000 8.900e+001 2.137e+002 2.869e+003 1.168e+002 5.339e+002 3.106e+003 8.403e+004 4.706e+003 4.355e+004-2.244e+002-1.689e+003 3.118e+002 8.998e+002-2.665e+003-3.168e+004 3.124e+003 3.515e+004
 2.130e+002 2.930e+000 8.600e+001 1.710e+001 2.407e+002 5.985e+000 2.951e+001 2.934e+002 8.829e+003 3.665e+002 3.714e+003-1.848e+001-2.222e+002 3.227e+001 6.192e+001-2.263e+002-3.487e+003 2.811e+002 3.637e+003
 2.250e+002 2.930e+000 1.150e+002 3.936e+001 5.500e+002 1.522e+001 3.952e+001 6.838e+002 1.991e+004 8.786e+002 7.756e+003-4.305e+001-5.378e+002 6.388e+001 1.573e+002-5.003e+002-8.240e+003 6.055e+002 7.029e+003
 2.380e+002 2.930e+000 9.200e+001 1.641e+002 2.343e+003 5.957e+001 1.298e+002 2.823e+003 8.241e+004 3.687e+003 3.204e+004-1.857e+002-2.330e+003 2.409e+002 6.241e+002-2.083e+003-3.402e+004 2.431e+003 2.697e+004
 2.500e+002 2.930e+000 9.200e+001 5.636e+003 7.931e+004 2.052e+003 4.695e+003 9.590e+004 2.749e+006 1.239e+005 1.081e+006-6.318e+003-7.860e+004 7.836e+003 2.066e+004-7.113e+004-1.145e+006 8.148e+004 9.022e+005
 2.630e+002 2.930e+000 9.200e+001 1.356e+002 1.863e+003 4.435e+001 8.128e+001 2.244e+003 6.299e+004 2.794e+003 2.368e+004-1.496e+002-1.864e+003 1.833e+002 4.479e+002-1.624e+003-2.583e+004 1.843e+003 1.996e+004
 2.750e+002 2.930e+000 1.150e+002 3.755e+001 4.992e+002 1.194e+001 2.050e+001 5.927e+002 1.628e+004 7.173e+002 5.825e+003-3.927e+001-4.555e+002 4.916e+001 1.174e+002-4.109e+002-6.252e+003 4.597e+002 4.904e+003
 2.880e+002 2.930e+000 9.200e+001 1.641e+001 2.162e+002 4.655e+000 2.025e+000 2.447e+002 6.668e+003 3.000e+002 2.287e+003-1.750e+001-1.992e+002 2.261e+001 5.180e+001-1.733e+002-2.590e+003 1.985e+002 2.109e+003
 3.000e+002 2.930e+000 8.600e+001 6.323e+001 8.615e+002 2.218e+001 5.020e+001 8.339e+002 2.302e+004 1.017e+003 7.317e+003-5.326e+001-3.970e+002 5.974e+001 1.407e+002-4.911e+002-5.834e+003 4.691e+002 4.250e+003
 3.130e+002 2.930e+000 8.900e+001 7.534e+000 8.127e+001 1.560e+000-7.873e-003 1.124e+002 2.708e+003 9.826e+001 6.914e+002-7.089e+000-8.559e+001 9.508e+000 1.501e+001-6.641e+001-9.843e+002 7.660e+001 8.055e+002
 3.250e+002 2.930e+000 1.150e+002 7.584e+000 7.443e+001 5.634e-001-8.108e+000 1.155e+002 2.629e+003 8.999e+001 6.268e+002-8.706e+000-1.232e+002 1.324e+001 2.065e+001-7.985e+001-1.285e+003 1.120e+002 1.185e+003
 3.380e+002 2.930e+000 9.200e+001 1.647e+001 1.402e+002 1.785e-001-4.252e+001 2.491e+002 5.111e+003 2.045e+002 1.091e+003-2.423e+001-3.627e+002 3.964e+001 7.152e+001-2.081e+002-3.522e+003 3.315e+002 3.058e+003
 3.500e+002 2.930e+000 9.200e+001 3.788e+002 3.188e+003 2.578e-001-1.126e+003 5.574e+003 1.091e+005 5.113e+003 2.574e+004-6.108e+002-8.947e+003 1.007e+003 1.865e+003-5.052e+003-8.351e+004 8.324e+003 7.245e+004
 3.630e+002 2.930e+000 9.200e+001 1.373e+001 1.234e+002 1.588e+000-2.930e+001 1.941e+002 3.945e+003 2.087e+002 1.111e+003-2.084e+001-2.733e+002 3.530e+001 7.138e+001-1.699e+002-2.623e+003 2.730e+002 2.380e+003
 3.750e+002 2.930e+000 1.110e+002 5.807e+000 5.724e+001 1.316e+000-6.392e-001 7.704e+001 1.663e+003 8.473e+001 5.163e+002-6.840e+000-7.361e+001 1.112e+001 1.534e+001-5.279e+001-6.935e+002 7.471e+001 6.671e+002
 3.880e+002 2.930e+000 8.600e+001 3.708e+000 3.624e+001 1.240e+000 1.242e+000 4.763e+001 1.020e+003 5.594e+001 3.203e+002-3.904e+000-3.738e+001 5.785e+000 1.277e+001-3.036e+001-3.877e+002 4.042e+001 4.068e+002
 4.000e+002 2.930e+000 9.200e+001 4.110e+001 3.727e+002 1.204e+001 3.937e+001 5.637e+002 1.119e+004 5.002e+002 3.065e+003-3.674e+001-3.917e+002 3.758e+001 4.830e+001-2.771e+002-3.440e+003 2.627e+002 1.999e+003
 4.130e+002 2.930e+000 1.150e+002 5.178e+000 4.547e+001 7.566e-001-2.003e+000 6.282e+001 1.234e+003 4.998e+001 2.573e+002-4.504e+000-4.667e+001 5.104e+000 7.529e+000-3.077e+001-3.966e+002 3.037e+001 3.677e+002
 4.250e+002 2.930e+000 8.600e+001 4.788e+000 3.877e+001 8.157e-001 3.122e+000 5.474e+001 1.004e+003 4.236e+001 2.549e+002-3.905e+000-3.581e+001 4.045e+000 3.080e+000-2.527e+001-2.634e+002 2.462e+001 2.128e+002
 4.380e+002 2.930e+000 8.900e+001 1.791e+001 1.398e+002 3.585e+000 2.251e+001 1.970e+002 3.334e+003 1.513e+002 9.918e+002-1.418e+001-1.254e+002 1.272e+001 1.074e+000-9.416e+001-8.543e+002 8.254e+001 7.319e+002
 4.500e+002 2.930e+000 9.200e+001 5.960e+002 4.584e+003 1.636e+002 8.118e+002 6.683e+003 1.104e+005 5.535e+003 3.512e+004-4.804e+002-4.124e+003 4.334e+002 2.761e+002-3.379e+003-3.167e+004 2.951e+003 2.037e+004
 4.630e+002 2.930e+000 1.150e+002 2.400e+001 1.849e+002 7.493e+000 2.968e+001 2.768e+002 4.703e+003 2.384e+002 1.350e+003-1.953e+001-1.648e+002 1.901e+001 1.811e+001-1.304e+002-1.272e+003 1.174e+002 8.385e+002
 4.750e+002 2.930e+000 9.200e+001 5.045e+000 4.277e+001 1.782e+000 3.786e+000 5.906e+001 1.123e+003 5.787e+001 2.926e+002-4.224e+000-3.220e+001 4.761e+000 7.952e+000-2.822e+001-2.902e+002 2.673e+001 4.027e+002
 4.880e+002 2.930e+000 8.900e+001 3.253e+000 3.005e+001 1.035e+000 3.830e+000 3.896e+001 8.053e+002 3.940e+001 2.210e+002-2.768e+000-2.157e+001 3.208e+000 2.400e+000-1.858e+001-1.831e+002 1.873e+001 1.781e+002
 5.000e+002 2.930e+000 9.200e+001 2.890e+001 2.146e+002 1.239e+001 4.908e+001 4.328e+002 8.222e+003 3.395e+002 2.045e+003-2.010e+001-2.056e+002 2.001e+001 4.144e+001-1.721e+002-2.229e+003 1.427e+002 1.635e+003
 5.130e+002 2.930e+000 1.090e+002 5.109e+000 5.199e+001 2.035e+000 2.050e+000 7.224e+001 1.683e+003 7.386e+001 3.404e+002-4.049e+000-3.353e+001 4.710e+000 1.241e+001-3.046e+001-4.329e+002 2.566e+001 2.619e+002
 5.250e+002 2.930e+000 8.300e+001 5.091e+000 6.556e+001 1.949e+000-1.275e+000 7.075e+001 1.904e+003 8.681e+001 3.701e+002-4.411e+000-3.473e+001 5.072e+000 1.309e+001-2.922e+001-4.305e+002 2.645e+001 3.120e+002
 5.380e+002 2.930e+000 8.900e+001 1.910e+001 2.728e+002 7.302e+000-1.639e+001 2.585e+002 7.491e+003 3.438e+002 1.355e+003-1.700e+001-1.234e+002 1.840e+001 5.554e+001-1.115e+002-1.764e+003 9.195e+001 1.907e+003
 5.500e+002 2.930e+000 9.200e+001 1.050e+003 1.518e+004 3.966e+002-1.265e+003 1.436e+004 4.165e+005 1.870e+004 7.821e+004-9.167e+002-6.801e+003 9.519e+002 3.605e+003-6.601e+003-1.087e+005 5.291e+003 4.337e+004
 5.630e+002 2.930e+000 1.150e+002 2.605e+001 3.592e+002 9.574e+000-2.673e+001 3.596e+002 1.002e+004 4.272e+002 1.928e+003-2.116e+001-1.582e+002 2.116e+001 8.341e+001-1.509e+002-2.474e+003 1.176e+002 1.527e+004
 5.750e+002 2.930e+000 9.200e+001 4.565e+000 5.546e+001 1.616e+000-3.361e+000 6.243e+001 1.613e+003 6.581e+001 1.596e+002-3.416e+000-2.474e+001 3.559e+000 9.664e+000-1.541e+001-2.567e+002 1.086e+001 4.228e+002
 5.880e+002 2.930e+000 9.200e+001 2.647e+000 2.688e+001 8.545e-001-5.733e-001 3.647e+001 8.377e+002 3.090e+001 1.140e+002-1.771e+000-1.385e+001 1.733e+000 5.095e+000-1.136e+001-1.737e+002 7.615e+000 1.570e+002
 6.000e+002 2.930e+000 1.120e+002 1.583e+001 1.217e+002 4.346e+000 7.939e+000 1.626e+002 2.756e+003 1.370e+002 6.965e+002-1.165e+001-8.102e+001 1.049e+001 1.803e+001-5.809e+001-5.886e+002 4.990e+001 8.304e+003
 6.130e+002 2.930e+000 8.300e+001 1.918e+000 1.558e+001 4.992e-001 5.502e-001 2.681e+001 5.480e+002 1.494e+001 7.168e+001-8.448e-001-6.090e+000 8.330e-001 1.786e+000-6.677e+000-8.741e+001 3.524e+000 8.715e+001
 6.250e+002 2.930e+000 8.300e+001 2.269e+000 1.411e+001 3.220e-001 2.607e-001 3.405e+001 6.372e+002 1.054e+001 7.087e+001-7.635e-001-7.976e+000 6.240e-001 1.659e+000-8.362e+000-1.207e+002 3.575e+000 9.082e+002
 6.380e+002 2.930e+000 7.400e+001 6.330e+000 2.643e+001-1.038e-001-5.636e-001 1.005e+002 1.763e+003 4.693e+000 7.365e+001-1.036e+000-1.323e+001 6.737e-001 1.267e+000-1.588e+001-2.581e+002 3.845e+000 9.516e+001
 6.500e+002 2.930e+000 1.120e+002 7.016e+002 1.682e+003-1.091e+002 3.252e+002 1.135e+004 1.881e+005-1.610e+003 9.178e+003-5.725e+001-1.160e+003 2.644e+001-2.593e+002-1.575e+003-2.469e+004 9.470e+001 4.159e+003
 6.630e+002 2.930e+000 8.000e+001 3.152e+000 4.818e+000-6.662e-001 1.252e+000 4.909e+001 8.322e+002-8.087e+000 4.912e+001-3.832e-001-1.953e+000 8.870e-001 2.075e-001-7.848e+000-1.167e+002 2.120e+000 6.559e+001
 6.750e+002 2.930e+000 7.000e+001 1.092e+000 3.320e+000-7.066e-003 3.696e-001 1.523e+001 2.689e+002 2.379e+000 2.384e+001-3.952e-001-2.303e+000 6.020e-001 3.686e-001-3.385e+000-4.785e+001 1.809e+000 3.486e+001
 6.880e+002 2.930e+000 4.900e+001 4.159e-001 1.341e+000 3.086e-002-3.527e-001 5.163e+000 9.263e+001 1.658e+000 9.115e+000-1.826e-001-7.244e-001 3.263e-001 1.487e+000-2.098e+000-2.777e+001 1.938e+000 1.134e+002
 7.000e+002 2.930e+000 5.600e+001 8.267e-001 1.215e+001 1.361e+000 3.422e+000 1.374e+001 5.760e+002 3.467e+001 2.339e+002-4.597e-001 3.262e+001 5.465e+000 1.837e+001-6.884e+000-3.634e+001 1.697e+001 1.341e+002
 7.130e+002 2.930e+000 5.100e+001 2.929e-001 1.639e+000 8.819e-002 5.550e-002 3.818e+000 7.897e+001 3.164e+000 8.841e+000-1.549e-001-4.119e-001 3.548e-001 1.907e-001-6.711e-001-8.775e+000 6.878e-001 6.216e+001
 7.250e+002 2.930e+000 6.100e+001 3.129e-001 1.737e+000 1.512e-001 5.988e-001 4.835e+000 1.122e+002 4.028e+000 1.841e+001-8.005e-002 1.628e+000 4.144e-001 5.792e-001-1.098e+000-1.432e+001 1.005e+000 2.202e+001
 7.380e+002 2.930e+000 6.800e+001 4.862e-001 3.063e+000 3.098e-001 1.106e+000 8.315e+000 2.043e+002 7.861e+000 4.838e+001-1.028e-001 3.258e+000 6.730e-001 2.481e+000-1.881e+000-3.069e+001 2.055e+000 3.430e+001
 7.500e+002 2.930e+000 1.180e+002 1.479e+001 9.355e+001 4.348e+000 3.192e+001 3.341e+002 8.527e+003 5.954e+001 1.161e+003 6.033e+000 2.060e+002 9.005e+000 3.673e+001-6.231e+001-1.178e+003-1.047e+001 4.350e+002
 7.630e+002 2.930e+000 6.900e+001 4.903e-001 3.230e+000 2.404e-001 3.395e-001 6.561e+000 1.275e+002 5.607e+000 2.305e+001-2.772e-001-9.014e-001 4.749e-001 1.201e+000-2.111e+000-2.696e+001 1.520e+000 2.590e+001
 7.750e+002 2.930e+000 5.300e+001 3.066e-001 1.980e+000 1.528e-001-8.916e-002 4.007e+000 7.970e+001 3.636e+000 1.228e+001-1.677e-001-3.175e-001 3.165e-001 1.170e+000-1.823e+000-2.846e+001 8.387e-001 4.237e+001
 7.880e+002 2.930e+000 6.500e+001 2.680e-001 1.592e+000 1.317e-001 2.261e-001 3.415e+000 6.848e+001 3.713e+000 1.396e+001-1.599e-001-5.743e-001 3.404e-001 9.061e-001-1.406e+000-1.836e+001 1.231e+000 2.079e+001
 8.000e+002 2.930e+000 9.500e+001 5.622e+000 4.277e+001 2.435e+000 2.945e+000 8.285e+001 1.618e+003 6.466e+001 2.746e+002-3.229e+000-2.426e+001 3.654e+000 1.283e+001-2.676e+001-3.829e+002 1.814e+001 1.673e+002
 8.130e+002 2.930e+000 4.800e+001 1.636e-001 9.802e-001 1.105e-001 4.671e-001 2.665e+000 6.925e+001 2.759e+000 2.160e+001-3.119e-002 1.376e+000 2.432e-001 1.099e+000-8.318e-001-9.922e+000 1.037e+000 3.137e+001
 8.250e+002 2.930e+000 5.600e+001 1.998e-001 7.210e-001 1.060e-001 6.744e-001 3.069e+000 6.631e+001 2.739e+000 2.191e+001-5.528e-002 6.301e-001 2.860e-001 1.095e+000-7.240e-001-1.026e+001 1.137e+000 2.072e+001
 8.380e+002 2.930e+000 9.200e+001 4.725e-001 2.759e+000 7.110e-001 3.977e+000 1.116e+001 3.792e+002 2.444e+001 1.778e+002 2.638e-001 2.015e+001 3.247e+000 1.439e+001-2.684e+000-4.949e+001 1.074e+001 1.262e+002
 8.500e+002 2.930e+000 8.300e+001 1.260e+001 2.161e+002 4.463e+001 1.795e+002 4.057e+002 1.935e+004 1.612e+003 1.092e+004 4.950e+000 1.199e+003 2.159e+002 9.693e+002-1.865e+002-3.216e+003 7.300e+002 6.852e+003
 8.630e+002 2.930e+000 7.000e+001 3.024e-001 2.403e+000 3.524e-001 1.742e+000 5.178e+000 1.712e+002 1.178e+001 9.294e+001-5.062e-002 8.107e+000 1.652e+000 7.630e+000-1.901e+000-2.200e+001 6.665e+000 8.558e+001
 8.750e+002 2.930e+000 6.500e+001 2.428e-001 2.059e+000 2.470e-001 3.919e-001 3.681e+000 9.953e+001 5.996e+000 3.020e+001-1.041e-001 2.814e+000 6.978e-001 2.329e+000-1.389e+000-1.781e+001 1.967e+000 2.699e+001
 8.880e+002 2.930e+000 9.600e+001 3.031e-001 1.960e+000 1.856e-001 3.216e-001 4.342e+000 9.607e+001 4.522e+000 2.023e+001-1.481e-001 2.849e-001 4.764e-001 1.366e+000-1.356e+000-1.961e+001 1.839e+000 2.463e+001
 9.000e+002 2.930e+000 7.400e+001 2.153e+000 1.983e+001 2.722e+000 7.882e+000 4.011e+001 1.092e+003 7.460e+001 3.873e+002-1.065e+000 2.160e+001 7.198e+000 2.810e+001-1.655e+001-2.590e+002 2.382e+001 2.274e+002
 9.130e+002 2.930e+000 7.100e+001 7.472e-001 7.018e+000 1.270e+000 3.213e+000 1.652e+001 5.227e+002 4.061e+001 1.959e+002-3.863e-001 8.381e+000 3.655e+000 1.847e+001-8.235e+000-1.861e+002 1.328e+001 1.569e+002
 9.250e+002 2.930e+000 6.900e+001 4.418e-001 2.496e+000 2.710e-001 5.611e-001 6.651e+000 1.394e+002 7.534e+000 3.520e+001-2.310e-001-1.112e+000 6.418e-001 2.492e+000-2.333e+000-3.699e+001 3.129e+000 4.120e+001
 9.380e+002 2.930e+000 1.190e+002 9.412e-001 7.389e+000 4.709e-001 2.821e-001 1.140e+001 2.966e+002 1.898e+001 8.792e+001-6.511e-001 1.140e-001 1.811e+000 7.238e+000-4.666e+000-8.548e+001 6.983e+000 7.823e+001
 9.500e+002 2.930e+000 7.400e+001 8.120e+000 9.680e+001-1.896e+000-5.041e+001 1.140e+001 3.982e+003 3.723e+002 1.591e+003-1.246e+001 9.174e+001 4.473e+001 2.031e+002-2.978e+001-1.499e+003 1.261e+002 1.326e+003
 9.630e+002 2.930e+000 4.900e+001 3.846e-001 3.559e+000 2.587e-001-6.482e-003 5.029e+000 1.586e+002 9.625e+000 4.004e+001-2.677e-001 2.110e+000 8.685e-001 3.672e+000-1.762e+000-3.841e+001 2.127e+000 3.343e+001
 9.750e+002 2.930e+000 5.500e+001 3.506e-001 2.652e+000 1.785e-001 3.923e-001 4.783e+000 1.108e+002 5.835e+000 2.915e+001-2.121e-001-5.514e-001 5.095e-001 2.068e+000-1.616e+000-2.922e+001 2.116e+000 2.618e+001
 9.880e+002 2.930e+000 7.700e+001 3.302e-001 3.063e+000 1.946e-001-1.720e-001 4.490e+000 1.351e+002 7.267e+000 2.820e+001-2.423e-001 4.095e-001 6.883e-001 2.804e+000-1.759e+000-3.945e+001 1.972e+000 3.220e+001
 1.000e+003 2.930e+000 4.150e+002 1.032e+001 8.656e+001 2.552e+001 1.265e+002 3.513e+002 1.441e+004 9.386e+002 6.135e+003 6.139e+000 5.142e+002 8.826e+001 4.725e+002-1.240e+002-3.725e+003 3.055e+002 3.878e+003
 1.130e+003 2.930e+000 1.010e+003 3.581e+001 2.336e+002 7.363e+001 3.827e+002 1.126e+003 3.851e+004 2.291e+003 1.511e+004 2.548e+001 1.392e+003 1.978e+002 1.065e+003-3.262e+002-8.166e+003 6.414e+002 8.091e+003
 1.250e+003 2.930e+000 8.440e+002 3.659e+001 1.336e+002 7.560e+001 4.396e+002 1.171e+003 4.080e+004 2.503e+003 1.640e+004 2.337e+001 1.119e+003 1.899e+002 1.121e+003-3.605e+002-1.086e+004 7.341e+002 9.730e+003
 1.380e+003 2.930e+000 7.180e+002 1.028e+001-1.069e+001 3.334e+001 1.834e+002 3.395e+002 1.295e+004 1.055e+003 6.097e+003-5.649e+000-3.135e+002 1.486e+002 4.622e+002-1.733e+002-7.093e+003 8.430e+002 7.432e+003
 1.500e+003 2.930e+000 6.000e+001 8.233e-001 4.423e+000 8.093e-001 2.735e+000 1.727e+001 4.488e+002 2.148e+001 1.017e+002-4.968e-001-5.867e+000 1.447e+000 6.200e+000-6.696e+000-1.447e+002 8.267e+000 8.284e+001
 1.630e+003 2.930e+000 4.200e+001 9.662e-001 6.779e+000 7.426e-001 2.909e+000 7.154e+000 1.238e+002 8.789e+000 4.875e+001-5.015e-001 9.155e-001 9.140e-001 1.903e+000-3.940e+000-1.235e+001 4.591e+000 4.661e+001
 1.750e+003 2.930e+000 4.800e+001 1.272e+001 8.878e+001 1.076e+001 3.596e+001 7.573e+001 1.170e+003 1.035e+002 6.056e+002-5.899e+000 3.731e+001 1.200e+001 3.208e+001-5.702e+001-9.104e+001 5.777e+001 4.823e+002
 1.880e+003 2.930e+000 6.900e+001 2.327e+000 1.269e+001 1.827e+000 4.531e+000 3.071e+001 5.392e+002 3.244e+001 1.262e+002-1.648e+000-1.404e+001 2.812e+000 8.073e+000-1.390e+001-1.776e+002 1.482e+001 1.129e+002
 2.000e+003 2.930e+000 7.200e+001 8.036e+000 8.721e+000 4.506e+000 6.165e+000 1.268e+002 2.040e+003 7.867e+001 1.504e+002-7.426e+000-1.130e+002 9.599e+000 2.329e+001-5.099e+001-8.042e+002 5.173e+001 3.406e+002
 2.130e+003 2.930e+000 4.800e+001 4.672e+000 1.033e+001 1.536e+000-6.347e+000 6.508e+001 9.388e+002 3.285e+001-2.524e+001-5.190e+000-6.903e+001 6.442e+000 1.693e+001-2.846e+001-4.122e+002 3.028e+001 1.906e+002
 2.250e+003 2.930e+000 6.900e+001 1.149e+000 1.679e+000 5.451e-001 6.113e-001 1.602e+001 2.369e+002 9.225e+000 1.929e+001-9.676e-001-1.296e+001 1.201e+000 2.765e+000-6.112e+000-8.850e+001 6.023e+000 4.270e+001
 2.380e+003 2.930e+000 7.200e+001 5.081e+000 4.203e+000 1.553e+000-1.891e+000 7.197e+001 1.032e+003 2.613e+001-2.617e+000-4.529e+000-6.287e+001 4.818e+000 1.060e+001-2.588e+001-3.720e+002 2.370e+001 1.455e+002
 2.500e+003 2.930e+000 4.200e+001 1.384e-001 2.818e-001 1.176e-002-2.984e-001 1.617e+000 2.533e+001 3.906e-001-6.806e-001-1.454e-001-1.644e+000 2.274e-001 5.465e-001-6.577e-001-9.786e+000 9.748e-001 8.450e+000
 2.630e+003 2.930e+000 6.300e+001 7.216e-001 9.054e-001-2.220e-002-2.241e+000 8.292e+000 1.036e+002 8.608e-001-1.834e+001-8.465e-001-9.483e+000 1.116e+000 2.905e+000-3.527e+000-4.444e+001 4.617e+000 3.162e+001
 2.750e+003 2.930e+000 6.600e+001 4.782e-001 2.422e+000 2.049e-001-1.146e+000 5.186e+000 7.573e+001 5.115e+000 6.696e+000-5.617e-001-4.806e+000 8.992e-001 3.132e+000-3.072e+000-4.017e+001 3.547e+000 3.699e+001
 2.880e+003 2.930e+000 4.500e+001 1.678e-001 6.710e-001 3.005e-002-4.175e-001 1.974e+000 2.857e+001 7.936e-001 2.903e+000-9.217e-002-1.068e+000 1.352e-001 7.472e-001-9.246e-001-1.616e+001 6.387e-001 1.120e+002
 3.000e+003 2.930e+000 7.200e+001 4.778e+000 2.173e+001-9.223e-001-1.105e+001 5.367e+001 7.123e+002 6.034e-001-8.602e+001-2.296e+000-3.201e+001 1.983e+000 5.704e+000-8.925e+000-1.633e+002 1.000e+001 8.027e+001
 3.130e+003 2.930e+000 6.000e+001 4.396e-001 1.821e+000 9.643e-002-7.484e-001 4.785e+000 6.303e+001 2.582e+000 6.066e-001-3.627e-001-3.689e+000 4.441e-001 1.192e+000-1.930e+000-2.548e+001 2.011e+000 1.630e+001
 3.250e+003 2.930e+000 4.500e+001 5.692e-001 1.417e+000-2.711e-003-2.282e+000 4.927e+000 5.136e+001 1.987e+000-9.170e+000-6.517e-001-5.303e+000 9.879e-001 3.333e+000-2.578e+000-2.862e+001 3.847e+000 2.925e+001
 3.380e+003 2.930e+000 7.200e+001 1.638e+000 2.966e+000 1.048e+000 1.700e+000 1.838e+001 2.206e+002 1.389e+001 3.447e+001-1.047e+000-1.034e+001 1.468e+000 4.028e+000-7.616e+000-8.827e+001 6.805e+000 4.653e+001
 3.500e+003 2.930e+000 6.900e+001 1.433e+000 4.167e+000 4.920e-001-2.752e+000 1.588e+001 1.946e+002 1.035e+001-2.142e+000-1.664e+000-1.715e+001 2.342e+000 6.928e+000-9.230e+000-1.124e+002 1.070e+001 7.259e+001
 3.630e+003 2.930e+000 4.800e+001 3.164e+000 4.464e+000 1.751e+000 3.484e+000 3.184e+001 3.380e+002 2.070e+001 5.532e+001-1.814e+000-1.642e+001 2.165e+000 5.299e+000-1.238e+001-1.276e+002 9.972e+000 6.238e+001
 3.750e+003 2.930e+000 7.200e+001 1.934e+000 7.824e+000 7.487e-001-2.039e+000 2.176e+001 3.003e+002 1.483e+001 2.514e+001-1.498e+000-1.408e+001 1.538e+000 5.877e+000-1.058e+001-1.386e+002 7.879e+000 6.989e+001
 3.880e+003 2.930e+000 7.200e+001 9.985e+000 4.424e+001 3.519e+000-1.227e+001 1.152e+002 1.631e+003 7.686e+001 1.354e+002-7.903e+000-7.511e+001 7.944e+000 3.088e+001-5.587e+001-7.390e+002 4.206e+001 3.656e+002
 4.000e+003 2.930e+000 4.800e+001 8.938e+001 5.032e+002 3.379e+001-1.087e+002 1.128e+003 1.708e+004 7.988e+002 1.622e+003-6.613e+001-6.445e+002 6.179e+001 2.813e+002-5.308e+002-7.313e+003 3.520e+002 3.384e+003
 4.130e+003 2.930e+000 7.200e+001 6.707e+000 3.533e+001 2.084e+000-9.413e+000 7.993e+001 1.163e+003 5.189e+001 9.868e+001-4.870e+000-4.672e+001 4.385e+000 1.960e+001-3.804e+001-5.138e+002 2.551e+001 2.557e+002
 4.250e+003 2.930e+000 6.900e+001 1.122e+000 5.290e+000 3.554e-001-1.356e+000 1.308e+001 1.966e+002 8.076e+000 1.569e+001-8.046e-001-8.308e+000 7.624e-001 3.032e+000-6.289e+000-8.804e+001 4.520e+000 4.417e+001
 4.380e+003 2.930e+000 4.500e+001 2.779e-001 1.469e+000 8.646e-002-4.923e-001 3.177e+000 4.808e+001 2.085e+000 3.313e+000-1.771e-001-1.678e+000 1.837e-001 8.108e-001-1.398e+000-2.029e+001 9.340e-001 1.082e+001
 4.500e+003 2.930e+000 6.600e+001 4.158e-001 2.208e+000 4.880e-002-1.165e+000 4.499e+000 6.749e+001 2.333e+000-9.954e-001-3.188e-001-3.039e+000 3.650e-001 1.370e+000-1.828e+000-2.728e+001 1.637e+000 1.596e+001
 4.630e+003 2.930e+000 6.000e+001 2.130e-001 1.119e+000 4.447e-002-3.492e-001 2.372e+000 3.636e+001 1.255e+000 1.982e+000-1.164e-001-1.260e+000 1.394e-001 4.936e-001-9.334e-001-1.408e+001 8.106e-001 8.809e+000
 4.750e+003 2.930e+000 3.900e+001 1.679e-001 8.252e-001 6.108e-002-3.362e-002 1.617e+000 2.151e+001 8.156e-001 2.405e+000-4.174e-002-2.081e-001 7.122e-002 2.174e-001-4.716e-001-5.283e+000 2.904e-001 3.484e+000
 4.880e+003 2.930e+000 5.700e+001 1.595e-001 8.970e-001 3.158e-002-7.508e-002 1.516e+000 2.248e+001 6.146e-001 1.912e+000-4.484e-002-4.450e-001 9.287e-002 2.291e-001-4.333e-001-5.553e+000 4.193e-001 4.121e+000
 5.000e+003 2.930e+000 6.000e+001 1.519e-001 7.729e-001-2.914e-003-1.860e-001 1.236e+000 1.640e+001 9.120e-003-9.818e-001-1.898e-002-3.457e-001 7.898e-002 1.477e-001-1.499e-001-2.765e+000 3.370e-001 4.114e+000
 5.130e+003 2.930e+000 4.200e+001 2.396e-001 7.273e-001 9.055e-002 2.818e-001 2.126e+000 2.329e+001 1.057e+000 4.552e+000-9.751e-002-8.833e-001 1.485e-001 3.021e-001-7.747e-001-7.352e+000 6.300e-001 1.035e+001
 5.250e+003 2.930e+000 4.500e+001 1.856e-001 6.186e-001 2.072e-002-2.266e-001 1.408e+000 1.497e+001 1.391e-001 2.398e+000-2.329e-002-3.269e-001 8.004e-002 1.540e-001-7.011e-001-7.966e+000 2.537e-001 4.174e+001
 5.380e+003 2.930e+000 5.400e+001 2.017e-001 7.664e-001 1.331e-002 4.786e-002 1.624e+000 2.069e+001-1.977e-001-5.955e-001 8.506e-003-3.861e-001 1.826e-001 1.418e-001-6.449e-002-2.731e+000 8.355e-001 5.264e+000
 5.500e+003 2.930e+000 4.200e+001 1.714e-001 5.087e-001 3.356e-002 5.087e-002 1.327e+000 1.448e+001 2.014e-001 2.359e-001-1.160e-002-3.715e-001 1.477e-001 2.577e-001-1.524e-001-2.458e+000 5.881e-001 4.065e+000
 5.630e+003 2.930e+000 6.900e+001 8.584e-001 2.228e+000 3.290e-002-1.174e+000 8.811e+000 1.029e+002 1.493e+000-7.446e+000-5.722e-001-6.825e+000 6.646e-001 1.303e+000-2.834e+000-3.697e+001 3.119e+000 1.930e+001
 5.750e+003 2.930e+000 5.700e+001 8.359e-001 2.468e+000 1.493e-001 1.245e-001 6.571e+000 6.238e+001 1.222e+000 1.763e+000-8.252e-002-5.581e-001 1.700e-001 2.241e-001-5.465e-001-5.414e+000 5.874e-001 3.976e+000
 5.880e+003 2.930e+000 4.200e+001 2.827e-001 9.936e-001 2.438e-003-2.004e-001 2.368e+000 2.507e+001-8.747e-003-1.118e+000-1.031e-002-2.304e-001 8.225e-002 6.210e-002-2.255e-001-3.280e+000 3.134e-001 2.431e+000
 6.000e+003 2.930e+000 6.600e+001 4.512e+000 7.655e+000 8.893e-001-5.163e+000 4.849e+001 5.490e+002 1.611e+001-2.577e+001-4.324e+000-4.841e+001 5.559e+000 1.218e+001-2.352e+001-2.762e+002 2.704e+001 1.613e+002
 6.130e+003 2.930e+000 4.800e+001 4.511e-001 1.586e+000-1.475e-003-6.568e-002 3.755e+000 3.842e+001-1.865e-001-4.606e-001 4.115e-002 2.387e-001 5.362e-002 2.215e-005 9.365e-002 8.510e-002 1.183e-001 1.779e+000
 6.250e+003 2.930e+000 4.200e+001 3.480e-001 1.245e+000 4.729e-003-3.719e-001 2.829e+000 2.886e+001-9.460e-002-2.993e+000 3.121e-002 1.774e-001 6.149e-002-1.251e-001 2.663e-001 7.132e-001 2.020e-001 7.026e+000
 6.380e+003 2.930e+000 4.200e+001 4.104e-001 1.545e+000-2.165e-002 1.537e-001 3.523e+000 3.772e+001-5.209e-001 3.445e+000 8.548e-002 5.868e-001 5.376e-002 3.339e-001-2.249e-002-2.896e-001 4.131e-002 3.719e+001
 6.500e+003 2.930e+000 4.800e+001 4.596e-001 1.633e+000-2.249e-002-1.454e-001 3.809e+000 3.924e+001-4.799e-001-2.321e+000 8.623e-002 5.315e-001 7.903e-002 4.426e-002 4.047e-001 2.437e+000 2.107e-001 2.344e+000
 6.630e+003 2.930e+000 4.500e+001 4.064e-001 1.375e+000-8.089e-003-8.196e-002 3.470e+000 3.636e+001-2.911e-001-1.277e+000 5.461e-002 3.378e-001 6.152e-002 1.781e-002 2.723e-001 1.737e+000 1.844e-001 1.815e+000
 6.750e+003 2.930e+000 3.600e+001 5.905e-001 2.311e+000-2.425e-002-2.025e-001 4.918e+000 5.148e+001-6.588e-001-2.922e+000 1.203e-001 8.860e-001 8.192e-002 3.607e-002 4.166e-001 2.765e+000 2.935e-001 1.987e+000
 6.880e+003 2.930e+000 4.500e+001 5.752e-001 2.335e+000 3.871e-002 9.965e-002 4.801e+000 5.117e+001-4.243e-002-2.136e-001 1.013e-001 9.564e-001 9.214e-002 7.172e-003 3.278e-001 2.886e+000 2.698e-001 1.549e+000
 7.000e+003 2.930e+000 3.300e+001 3.921e-001 1.609e+000 8.273e-003 8.194e-002 3.347e+000 3.673e+001-1.789e-001 6.689e-003 6.464e-002 6.148e-001 6.062e-002 5.350e-002 2.276e-001 2.286e+000 1.839e-001 1.218e+000
 7.130e+003 2.930e+000 3.900e+001 5.713e-001 2.217e+000 2.740e-003-1.063e-001 5.030e+000 5.430e+001-4.331e-001-2.175e+000 1.015e-001 8.614e-001 7.460e-002 5.795e-002 3.030e-001 2.234e+000 1.649e-001 1.264e+000
 7.250e+003 2.930e+000 4.200e+001 6.795e-001 2.789e+000-1.947e-003-1.296e-001 5.835e+000 6.291e+001-6.183e-001-2.040e+000 1.497e-001 1.240e+000 8.571e-002-5.707e-002 2.753e-001 1.752e+000 1.271e-001 1.231e+000
 7.380e+003 2.930e+000 4.500e+001 4.801e-001 2.077e+000-9.344e-003-2.280e-001 3.994e+000 4.437e+001-6.352e-001-1.625e+000 1.220e-001 8.305e-001 1.350e-001-1.713e-001 9.015e-002-5.133e-001 2.970e-001 4.227e+000
 7.500e+003 2.930e+000 4.800e+001 7.256e-001 2.989e+000-2.005e-002 2.161e-002 6.050e+000 6.450e+001-9.661e-001-1.441e+000 1.843e-001 1.330e+000 1.423e-001 2.697e-002 5.664e-001 2.771e+000 4.012e-001 3.158e+001
 7.630e+003 2.930e+000 5.400e+001 8.691e-001 3.890e+000-4.083e-002-5.824e-001 7.410e+000 8.344e+001-1.087e+000-6.289e+000 1.391e-001 7.968e-001 1.916e-001 6.196e-002 1.642e-001-1.455e+000 6.419e-001 6.185e+000
 7.750e+003 2.930e+000 3.900e+001 6.990e-001 3.145e+000 1.688e-002-5.904e-002 5.693e+000 6.260e+001-4.169e-001-2.042e+000 9.051e-002 7.116e-001 1.919e-001 2.012e-001 2.114e-001 1.486e+000 5.925e-001 3.491e+000
 7.880e+003 2.930e+000 6.300e+001 1.248e+000 4.717e+000 4.531e-002-4.985e-001 1.047e+001 1.139e+002-9.888e-001-8.237e+000-1.056e-001-1.616e+000 8.734e-001 1.438e+000-1.082e+000-1.143e+001 3.388e+000 1.788e+001
 8.000e+003 2.930e+000 7.200e+001 4.636e+000 4.348e+000-1.556e-001-1.393e+001 4.578e+001 4.840e+002-4.020e+000-1.521e+002-6.112e+000-6.423e+001 1.184e+001 2.396e+001-2.513e+001-2.617e+002 4.855e+001 2.504e+002
 8.130e+003 2.930e+000 4.500e+001 8.247e-001 3.160e+000-1.622e-003-3.419e-001 6.781e+000 7.130e+001-7.024e-001-6.401e+000-1.399e-004-3.107e-001 4.444e-001 7.690e-001 1.406e-001 1.867e-002 1.563e+000 8.367e+000
 8.250e+003 2.930e+000 6.000e+001 1.181e+000 5.023e+000 6.603e-002 1.740e-002 9.589e+000 1.031e+002-8.244e-001-2.835e+000 2.031e-001 1.696e+000 3.130e-001 3.385e-001 3.623e-001 3.145e+000 8.189e-001 3.794e+000
 8.380e+003 2.930e+000 5.100e+001 1.376e+000 6.205e+000 1.010e-001 2.005e-001 1.053e+001 1.107e+002-7.856e-001-1.930e+000 3.087e-001 2.728e+000 2.185e-001 1.415e-001 7.318e-001 6.669e+000 4.623e-001 2.317e+000
 8.500e+003 2.930e+000 3.300e+001 8.754e-001 3.824e+000 4.755e-002 6.320e-002 6.734e+000 7.068e+001-5.951e-001-2.344e+000 1.890e-001 1.635e+000 1.248e-001 1.141e-001 5.493e-001 4.829e+000 3.746e-001 2.280e+000
 8.630e+003 2.930e+000 5.100e+001 1.179e+000 5.324e+000 2.164e-002 2.873e-001 8.918e+000 9.328e+001-1.039e+000-2.440e+000 2.754e-001 2.212e+000 1.805e-001 5.344e-001 1.395e+000 1.100e+001 4.788e-001 2.711e+001
 8.750e+003 2.930e+000 5.400e+001 1.297e+000 6.114e+000 1.835e-002 1.167e-001 9.282e+000 9.760e+001-1.153e+000-7.971e-002 2.698e-001 2.048e+000 1.738e-001 5.277e-002 3.996e-001 3.814e+000 4.446e-001 6.691e+000
 8.880e+003 2.930e+000 3.000e+001 8.432e-001 3.922e+000-3.977e-003 1.175e-001 6.203e+000 6.516e+001-7.525e-001-1.309e+000 1.468e-001 1.023e+000 8.201e-002 4.632e-002 5.020e-001 4.528e+000 2.001e-001 1.408e+000
 9.000e+003 2.930e+000 5.400e+001 1.223e+000 6.226e+000 3.850e-002-1.292e-002 8.696e+000 9.596e+001-1.335e+000-3.950e+000 3.049e-001 2.344e+000 1.503e-001 2.093e-002 7.972e-001 5.868e+000 3.662e-001 2.137e+000
 9.130e+003 2.930e+000 5.400e+001 1.034e+000 5.131e+000 4.890e-002-2.534e-002 7.361e+000 8.023e+001-9.271e-001-3.240e+000 2.500e-001 1.990e+000 1.724e-001 1.733e-002 6.731e-001 4.902e+000 3.716e-001 1.572e+000
 9.250e+003 2.930e+000 3.900e+001 6.916e-001 3.398e+000 1.205e-002-7.086e-002 4.733e+000 5.048e+001-9.700e-001-2.796e+000 1.984e-001 1.395e+000 1.346e-001 5.241e-002 4.691e-001 3.087e+000 2.608e-001 1.256e+000
 9.380e+003 2.930e+000 5.100e+001 1.013e+000 4.995e+000 2.193e-002-7.608e-002 7.092e+000 7.676e+001-1.038e+000-3.760e+000 2.401e-001 1.673e+000 1.377e-001-1.094e-002 6.601e-001 4.035e+000 3.081e-001 1.216e+000
 9.500e+003 2.930e+000 3.600e+001 9.294e-001 4.882e+000 5.035e-002 1.683e-001 6.385e+000 7.079e+001-8.327e-001-1.120e+000 2.262e-001 1.868e+000 9.180e-002 4.571e-002 4.938e-001 4.495e+000 1.899e-001 1.122e+000
 9.630e+003 2.930e+000 3.900e+001 6.406e-001 3.340e+000 5.637e-002 1.074e-001 4.345e+000 4.828e+001-5.158e-001-1.067e+000 1.718e-001 1.375e+000 1.161e-001 4.985e-002 3.789e-001 2.829e+000 2.480e-001 1.296e+000
 9.750e+003 2.930e+000 5.100e+001 8.317e-001 4.576e+000-3.045e-003-4.507e-001 5.439e+000 6.324e+001-1.291e+000 8.519e-001 2.099e-001 1.349e+000 1.342e-001-1.321e-001-3.715e-001-5.495e+000-1.518e-001 1.585e+001
 9.880e+003 2.930e+000 4.800e+001 8.191e-001 4.354e+000 2.908e-002 7.322e-002 5.355e+000 6.038e+001-7.214e-001-3.338e+000 1.539e-001 1.157e+000 1.545e-001 5.034e-002 7.521e-001 4.876e+000 4.197e-001 6.666e+000
 1.000e+004 2.930e+000 1.920e+002 3.283e+000 1.850e+001 1.373e-001-2.647e-001 2.165e+001 2.586e+002-4.245e+000-1.143e+001 7.500e-001 5.518e+000 7.228e-001 4.345e-001 1.403e+000 9.180e+000 1.564e+000 7.429e+000
 1.130e+004 2.930e+000 3.150e+002 4.105e+000 2.351e+001 4.882e-002-4.464e-001 2.629e+001 3.255e+002-4.903e+000-1.220e+001 8.038e-001 5.634e+000 7.489e-001 2.562e-001 1.938e+000 1.098e+001 1.143e+000 2.426e+001
 1.250e+004 2.930e+000 3.150e+002 4.016e+000 2.055e+001 4.187e-001 1.280e+000 2.598e+001 3.168e+002-2.849e+000 5.411e+000 9.006e-001 6.541e+000 9.337e-001 6.304e-001 3.097e-001-1.402e+000 1.911e+000 2.759e+001
 1.380e+004 2.930e+000 2.790e+002 3.306e+000 1.988e+001 3.138e-001 9.609e-002 2.117e+001 2.733e+002-3.785e+000-3.889e+000 9.506e-001 8.200e+000 7.072e-001 4.517e-001 1.117e+000 8.738e+000 7.450e-001 1.615e+001
 1.500e+004 2.930e+000 2.400e+002 1.910e+000 1.249e+001 9.803e-002 6.892e-001 1.219e+001 1.732e+002-3.783e+000 2.905e+000 6.354e-001 4.503e+000 4.700e-001 2.122e-001 4.930e-001 7.842e+000 2.231e-001 1.212e+001
 1.630e+004 2.930e+000 2.070e+002 1.166e+000 7.557e+000 5.769e-002 1.431e-001 6.691e+000 1.050e+002-2.474e+000-8.447e-001 3.665e-001 2.517e+000 3.570e-001 1.142e-001 3.018e-001 1.633e+000 3.109e-001 4.898e+000
 1.750e+004 2.930e+000 3.360e+002 1.915e+000 1.104e+001 9.335e-002-1.837e-001 9.760e+000 1.294e+002-1.459e+000 3.578e+000 2.823e-001 1.974e+000 6.027e-001 6.259e-001-6.151e-001-4.619e+000 7.790e-001 1.101e+001
 1.880e+004 2.930e+000 3.690e+002 1.895e+000 1.108e+001 1.264e-001-1.096e-001 9.256e+000 1.229e+002-1.183e+000 2.720e+000 2.635e-001 2.314e+000 8.412e-001 1.389e+000-3.568e-001-1.457e+000 1.522e+000 1.421e+001
 2.000e+004 2.930e+000 6.300e+002 2.212e+002 1.662e+003 4.756e+001 7.065e+002 1.253e+003 1.962e+004-1.658e+003 3.591e+002 2.562e+002 1.810e+003 3.082e+002 7.162e+002 4.853e+002 8.066e+003 7.166e+002 3.347e+003
 2.130e+004 2.930e+000 5.760e+002 6.052e+000 4.440e+001 1.263e+000 1.592e+001 3.139e+001 5.168e+002-3.922e+001 9.054e+000 5.862e+000 4.165e+001 7.744e+000 1.752e+001 1.012e+001 1.825e+002 1.711e+001 8.928e+001
 2.250e+004 2.930e+000 2.640e+002 3.745e-001 1.861e+000 7.454e-002 4.867e-001 1.199e+000 1.803e+001-1.277e+000-4.578e-001 2.491e-001 1.337e+000 4.170e-001 3.875e-001 3.560e-001 4.454e+000 5.976e-001 4.220e+000
 2.380e+004 2.930e+000 4.800e+002 4.646e+001 3.338e+002 1.462e+000 6.942e+000 2.375e+002 3.629e+003-3.162e+001 1.720e+002 5.418e+000 3.797e+001 1.159e+000 1.721e+000-1.877e+001-4.654e+001-1.448e+000 1.617e+001
 2.500e+004 2.930e+000 1.620e+002 2.150e-001 1.126e+000 1.511e-002 1.984e-001 9.838e-001 1.329e+001-2.425e-001 1.491e+000 5.690e-002 2.728e-001 1.193e-001 7.036e-002-3.976e-002 4.676e-001 8.084e-002 2.252e+000
 2.630e+004 2.930e+000 9.900e+001 5.110e-002 7.509e-001 8.010e-003-7.284e-002 6.221e-001 8.712e+001 2.156e-002 2.737e+002 1.531e-002 1.428e-001 5.363e-002 5.451e-001-3.776e+000-2.432e+002-1.336e-001 1.552e+003
 2.750e+004 2.930e+000 8.400e+001 6.025e-002 2.186e-001-1.538e-002 5.855e-002 1.436e-001 2.807e+000-4.151e-001 2.019e-001 4.504e-002 5.956e-002 1.063e-001 1.489e-001 1.091e-001 5.557e-001 1.127e-001 4.842e+000
 2.880e+004 2.930e+000 1.050e+002 3.780e-002 5.308e-002 3.856e-003 8.989e-003 4.692e-002 5.823e-001-2.601e-002 2.016e-001 9.072e-003 3.452e-002 4.980e-002 3.351e-002-8.225e-003-1.027e-001 4.323e-003 1.019e+000
 3.000e+004 2.930e+000 5.700e+001 2.068e-002 3.630e-002 1.544e-003 2.290e-003 1.066e-002 4.032e-001-1.207e-002 1.538e-001 4.659e-003-7.539e-003 2.011e-002-7.750e-004-1.184e-002-7.584e-002-2.295e-003 5.828e-001
 3.130e+004 2.930e+000 6.000e+001 1.782e-002 2.872e-002 3.739e-004-1.085e-002 3.439e-003 2.716e-001-1.905e-002 3.070e-002 7.371e-003 9.515e-003 2.969e-002-2.160e-003 1.158e-002-3.851e-002 1.147e-002 3.063e-001
 3.250e+004 2.930e+000 6.900e+001 2.268e-002 3.075e-002 2.665e-003 1.631e-002 6.148e-003 2.282e-001-2.493e-002 2.699e-002 6.275e-003 1.911e-002 2.918e-002 2.017e-002-6.132e-003 6.359e-002 1.991e-002 1.359e-001
 3.380e+004 2.930e+000 6.300e+001 2.068e-002 7.108e-003 4.189e-003 6.565e-003 5.395e-003 1.217e-001-1.010e-002 2.971e-002 4.077e-003 6.907e-003 2.531e-002-2.200e-003 6.517e-003 2.084e-002 1.105e-002 1.034e-001
 3.500e+004 2.930e+000 5.700e+001 1.511e-002 9.270e-003 2.819e-003 7.244e-003 2.470e-003 5.154e-002-2.235e-003 2.054e-002 3.323e-003 3.234e-003 1.899e-002 8.855e-003-1.592e-003-7.853e-003 4.876e-003 1.315e-001
 3.630e+004 2.930e+000 6.600e+001 2.025e-002 2.219e-002 2.521e-003 6.188e-003 2.116e-002 2.613e-001-1.481e-002-5.773e-002 6.594e-003-1.584e-002 2.685e-002 1.477e-002 9.380e-003-1.626e-002 1.881e-002 1.623e-001
 3.750e+004 2.930e+000 6.600e+001 1.283e-002 5.581e-003-1.332e-003 3.893e-003 2.846e-003 8.997e-002-9.773e-003 2.027e-002 2.694e-003-6.407e-004 2.385e-002 2.233e-003 7.367e-003-1.220e-002 1.515e-002 2.022e-001
 3.880e+004 2.930e+000 6.300e+001 1.464e-002 2.599e-003 1.302e-003 1.244e-003-1.190e-004 8.229e-002-1.020e-002 1.953e-002 3.317e-003 7.406e-003 1.844e-002 6.162e-003-2.096e-003 1.334e-002 7.018e-003 9.823e-002
 4.000e+004 2.930e+000 8.400e+001 1.481e-002 2.079e-002 1.265e-003-3.379e-003 1.009e-002 2.248e-001-6.246e-003-1.513e-002 3.900e-003-9.572e-003 2.400e-002 6.172e-003 1.678e-003-1.788e-002 1.659e-002 1.680e-001
 4.130e+004 2.930e+000 5.100e+001 9.403e-003-1.475e-004 2.656e-003 1.613e-003 8.594e-004 2.123e-002-8.602e-004 4.181e-003 3.499e-004 7.118e-004 1.265e-002 1.462e-003 6.989e-004 5.987e-004 7.982e-003 2.859e-002
 4.250e+004 2.930e+000 5.700e+001 8.691e-003 5.225e-003 1.295e-003 2.720e-003 1.728e-003 3.483e-002-2.787e-003 4.533e-003 9.849e-004 3.055e-004 1.205e-002 2.144e-003-9.449e-004 3.194e-003 2.550e-003 2.960e-002
 4.380e+004 2.930e+000 4.800e+001 8.458e-003 3.720e-003-1.009e-003 2.078e-003 6.798e-003 7.008e-002-2.143e-004-1.858e-002 5.927e-004-1.054e-002 1.145e-002 7.276e-003 2.809e-003-1.498e-002 4.774e-003 4.688e-002
 4.500e+004 2.930e+000 6.000e+001 8.514e-003 1.153e-003 1.565e-003 3.512e-003 2.302e-003 1.332e-002 1.219e-003 6.832e-003 2.085e-004 1.167e-003 1.238e-002 6.922e-003-3.543e-003-6.553e-003 4.429e-003 6.415e-002
 4.630e+004 2.930e+000 6.300e+001 9.379e-003-1.750e-003 1.433e-003 5.679e-003 7.507e-004 1.878e-002 2.614e-003 1.689e-002 1.704e-003 2.520e-005 1.504e-002 4.889e-003 1.648e-003-1.804e-002 6.629e-003 9.825e-002
 4.750e+004 2.930e+000 7.800e+001 7.768e-003 4.490e-004 1.446e-004 2.581e-004 3.297e-004 1.766e-002 3.507e-004 1.704e-003 7.134e-004-2.124e-004 1.267e-002 2.510e-003 3.388e-003-1.375e-002 8.554e-003 1.004e-001
 4.880e+004 2.930e+000 6.000e+001 7.919e-003-4.339e-004 8.184e-004 1.375e-003 7.809e-004 6.783e-003-8.973e-004 1.653e-003 2.073e-003-1.929e-003 1.150e-002 1.672e-003 2.032e-003-3.141e-003 7.445e-003 2.180e-002
 5.000e+004 2.930e+000 6.900e+001 6.238e-003 7.898e-004 9.898e-004 2.284e-003 9.570e-004 7.125e-003 1.103e-003 3.820e-003 5.385e-004-1.146e-003 1.280e-002 2.771e-003-1.035e-003-2.718e-003 1.004e-002 3.278e-002
 5.130e+004 2.930e+000 6.300e+001 8.114e-003 3.679e-004 1.683e-003 2.244e-003 2.168e-003 1.559e-002 5.826e-004 2.233e-003 2.212e-003-8.879e-004 1.039e-002-8.594e-004 4.730e-003 2.315e-003 5.103e-003 1.833e-002
 5.250e+004 2.930e+000 6.900e+001 7.362e-003 4.980e-003 9.178e-004-2.073e-003 6.044e-003 6.428e-002 1.956e-004-1.289e-002 7.677e-004-7.537e-003 1.326e-002 2.267e-003-1.470e-003-2.234e-002 4.691e-003 4.449e-002
 5.380e+004 2.930e+000 1.440e+002 1.068e-001 6.977e-001-2.043e-003-1.370e-001 6.107e-001 9.065e+000 3.677e-001 7.373e-002-4.754e-002-3.485e-001 5.012e-002 7.517e-002-1.265e-001-1.852e+000 7.837e-002 4.611e-001
 5.500e+004 2.930e+000 8.700e+001 7.112e-003-6.766e-004 1.615e-003 3.088e-003 6.494e-004 1.984e-002-3.322e-005 1.921e-003 1.656e-003-2.416e-003 1.175e-002 4.008e-004 3.349e-003-6.575e-003 6.709e-003 4.521e-002
 5.630e+004 2.930e+000 6.900e+001 5.214e-003 7.562e-004-5.442e-004-3.777e-003 8.621e-004 1.587e-002 1.903e-003-5.379e-003 5.796e-004-1.515e-003 1.052e-002 1.099e-002 1.171e-004-2.285e-002 7.827e-003 1.009e-001
 5.750e+004 2.930e+000 6.300e+001 5.244e-003-3.516e-004 1.014e-003 6.316e-004-8.157e-004 5.086e-003-1.025e-003 2.000e-003 2.015e-003 1.914e-004 1.088e-002 2.804e-003 1.916e-003-4.371e-003 4.956e-003 3.421e-002
 5.880e+004 2.930e+000 8.100e+001 6.745e-003-9.705e-004 4.986e-004 2.034e-004-2.816e-004 3.892e-003 5.081e-004-4.111e-006 1.423e-003-8.990e-004 7.497e-003-1.978e-003 2.343e-003-1.452e-003 4.089e-003 1.505e-002
 6.000e+004 2.930e+000 5.700e+001 4.906e-003 1.546e-002 1.040e-003 2.880e-004 1.446e-002 2.530e-001-4.278e-005 1.977e-003-2.457e-004 4.486e-003 6.889e-003-1.275e-003 1.087e-003-1.206e-003 2.213e-003 8.003e-003
 6.130e+004 2.930e+000 7.200e+001 6.131e-003 1.361e-004 1.058e-003-9.343e-005-8.139e-004 3.308e-003-9.064e-005 9.623e-004 1.145e-003-7.429e-004 6.929e-003-7.090e-004 3.405e-003-4.261e-003 4.421e-003 2.343e-002
 6.250e+004 2.930e+000 7.200e+001 3.811e-003 2.170e-004-8.676e-004 4.315e-004 2.258e-004 2.436e-003-1.349e-004 1.279e-003 8.536e-004-1.904e-004 7.623e-003 1.195e-003-9.087e-004-1.484e-003 2.226e-003 1.577e-002
 6.380e+004 2.930e+000 8.100e+001 7.136e-003 9.277e-003-1.906e-003-1.036e-002 5.938e-003 7.003e-002-1.051e-003-2.645e-002-6.155e-005-1.757e-002 1.250e-002 5.227e-003 3.165e-004-5.296e-002 1.644e-002 6.355e-002
 6.500e+004 2.930e+000 7.800e+001 3.809e-003 2.039e-004-1.058e-004 5.261e-004 2.618e-004 2.604e-003-3.157e-004-3.918e-004 1.431e-003-6.981e-004 7.041e-003-2.248e-004 1.259e-003-9.077e-004 3.931e-003 9.998e-003
 6.630e+004 2.930e+000 5.700e+001 2.153e-003 2.667e-004 9.662e-005 2.976e-004-6.363e-005 1.340e-003-5.863e-004-4.977e-007 3.928e-004-1.721e-004 4.336e-003-3.001e-004 3.712e-004 1.915e-004 1.462e-003 2.234e-003
 6.750e+004 2.930e+000 5.400e+001 2.320e-003 1.961e-004 2.065e-004 3.603e-004 8.514e-005 1.937e-003-5.312e-004 1.859e-004 8.761e-004 3.234e-006 4.539e-003-3.656e-004 3.649e-004-3.132e-004 5.188e-004 1.939e-003
 6.880e+004 2.930e+000 8.700e+001 1.083e-002 6.336e-002 1.945e-004 1.948e-002 5.835e-002 9.672e-001-4.738e-002-2.345e-002 6.781e-003 5.372e-002 1.116e-002 1.464e-002 2.188e-002 3.159e-001 2.060e-002 1.096e-001
 7.000e+004 2.930e+000 4.500e+001 1.888e-003 2.820e-004 2.221e-004-1.216e-003 5.312e-004 4.469e-003 2.204e-004-2.413e-003 5.762e-005 7.081e-004 3.401e-003-1.225e-003 2.462e-004-7.362e-003-7.834e-004 2.668e-002
 7.130e+004 2.930e+000 4.200e+001 1.166e-003 2.299e-004 2.030e-004-2.613e-005-1.152e-005 1.363e-003-2.206e-004-6.651e-007 3.998e-004-7.673e-005 2.365e-003-4.420e-004 1.879e-004-5.915e-005 2.225e-004 7.710e-004
 7.250e+004 2.930e+000 5.400e+001 2.119e-003 3.271e-004-1.126e-004-7.185e-005 6.826e-004 4.913e-003-4.288e-004-1.229e-003 7.785e-004-1.978e-004 3.040e-003-6.322e-004 2.704e-004-1.931e-003 6.965e-004 3.679e-003
 7.380e+004 2.930e+000 7.500e+001 2.528e-003 3.366e-004 1.875e-004 2.646e-004 1.941e-005 2.061e-003-4.217e-004 1.159e-004 6.045e-004-2.184e-004 3.998e-003-9.771e-004 6.777e-004-8.078e-004 7.113e-004 6.147e-003
 7.500e+004 2.930e+000 6.300e+001 2.382e-003-7.979e-005 1.199e-004 7.778e-005-1.162e-004 1.515e-003-1.790e-004-1.122e-004 5.055e-004-1.611e-004 2.971e-003-6.051e-005 2.506e-004-4.525e-004 1.404e-003 4.173e-003
 7.630e+004 2.930e+000 3.900e+001 1.657e-003 4.838e-004 1.021e-004 3.398e-005-1.366e-004 1.051e-003-3.586e-004-5.515e-005 4.201e-004-6.034e-005 1.738e-003-1.322e-004 8.587e-005-1.115e-004 3.169e-004 5.543e-004
 7.750e+004 2.930e+000 6.600e+001 2.388e-003 7.079e-004 2.706e-005-2.428e-005 3.038e-004 1.741e-003-3.041e-005 2.165e-004 2.115e-004-1.081e-004 2.701e-003 1.909e-004-4.248e-004-5.413e-005-3.978e-004 1.516e-003
 7.880e+004 2.930e+000 5.700e+001 1.574e-003-9.297e-006-7.677e-005-2.394e-004 4.525e-004 1.444e-003-2.722e-005-1.065e-004 1.231e-004 1.430e-004 2.031e-003-2.067e-004 6.569e-005-2.656e-004 3.812e-004 1.866e-003
 8.000e+004 2.930e+000 6.300e+001 2.236e-003 5.817e-004 1.731e-005-9.035e-004-5.547e-005 2.689e-003-2.422e-004 5.797e-004 4.373e-005-8.599e-005 2.437e-003-7.968e-004-9.049e-004-2.846e-003 1.922e-004 1.344e-002
 8.130e+004 2.930e+000 3.900e+001 1.115e-003 1.064e-004 1.670e-004-9.229e-006 2.036e-004 1.140e-003 2.272e-004-1.044e-004 2.598e-004 2.171e-004 1.367e-003-2.881e-004 2.478e-004 2.069e-004 3.465e-004 1.399e-003
 8.250e+004 2.930e+000 6.000e+001 1.679e-003 2.947e-004 1.872e-004 1.413e-004 5.161e-004 2.397e-003-9.456e-005 1.022e-004 6.142e-004 3.534e-004 2.400e-003 7.883e-005 2.085e-004 1.010e-004 6.127e-004 1.736e-003
 8.380e+004 2.930e+000 5.400e+001 8.887e-004 1.060e-004 1.263e-004-1.847e-004 3.653e-004 3.118e-003-2.671e-004 2.010e-004 6.871e-005-9.414e-005 1.514e-003-1.596e-004-1.097e-004-3.519e-004 2.911e-004 1.458e-003
 8.500e+004 2.930e+000 7.500e+001 1.929e-003-2.016e-004-1.651e-004-9.802e-005 1.369e-003 1.066e-002-2.993e-004 1.973e-004 4.730e-004 1.554e-003 2.138e-003 1.408e-004 1.665e-004 7.889e-004 3.453e-004 1.234e-003
 8.630e+004 2.930e+000 6.300e+001 1.591e-003 5.512e-004-2.358e-004 2.273e-004 2.948e-003 2.282e-002-5.942e-004 5.846e-004 3.128e-004 1.734e-003 1.779e-003 2.909e-004 4.598e-004 1.607e-003 3.262e-004 1.512e-003
 8.750e+004 2.930e+000 8.100e+001 2.498e-003 3.202e-004 1.673e-004 4.055e-004 3.630e-003 2.354e-002-9.329e-005 1.345e-003 7.172e-004 2.989e-003 1.935e-003 8.134e-005 3.775e-004 2.785e-003 6.215e-004 1.874e-003
 8.880e+004 2.930e+000 7.500e+001 1.781e-003 1.246e-003-1.956e-005 4.179e-004 4.838e-003 4.762e-002-2.376e-003 2.466e-003 2.762e-004 2.276e-003 2.171e-003 4.463e-004 5.072e-004 6.138e-003 4.469e-004 2.367e-003
 9.000e+004 2.930e+000 1.620e+002 7.017e-003 8.593e-003-3.038e-004 1.363e-003 3.406e-002 2.883e-001-8.294e-003 2.285e-003 2.837e-003 1.928e-002 5.843e-003 1.674e-003 4.921e-003 4.134e-002 3.472e-003 9.895e-003
 9.130e+004 2.930e+000 1.740e+002 7.464e-003 9.799e-003-8.737e-005 2.593e-003 4.688e-002 4.694e-001-5.871e-003 1.413e-002 2.830e-003 2.483e-002 5.998e-003 1.286e-003 4.722e-003 5.166e-002 3.963e-003 1.297e-002
 9.250e+004 2.930e+000 1.800e+002 8.362e-003 1.693e-002 1.493e-004 5.366e-003 5.771e-002 6.611e-001-1.026e-002 3.534e-002 3.587e-003 3.863e-002 7.237e-003 4.297e-003 6.371e-003 8.770e-002 6.960e-003 2.373e-002
 9.380e+004 2.930e+000 1.410e+002 5.862e-003 1.116e-002-7.907e-004 1.515e-003 3.640e-002 4.320e-001-1.658e-002 5.006e-004 2.599e-003 2.423e-002 6.100e-003 2.813e-003 4.585e-003 5.418e-002 4.998e-003 1.291e-002
 9.500e+004 2.930e+000 1.140e+002 4.743e-003 1.236e-002-7.509e-004 1.280e-003 3.231e-002 3.761e-001-1.445e-002-5.490e-003 1.906e-003 1.665e-002 4.380e-003 1.905e-003 4.081e-003 4.475e-002 3.487e-003 9.666e-003
 9.630e+004 2.930e+000 0.000e+000 0.000e+000 0.000e+000 0.000e+000 0.000e+000 0.000e+000 0.000e+000 0.000e+000 0.000e+000 0.000e+000 0.000e+000 0.000e+000 0.000e+000 0.000e+000 0.000e+000 0.000e+000 0.000e+000
 9.750e+004 2.930e+000 0.000e+000 0.000e+000 0.000e+000 0.000e+000 0.000e+000 0.000e+000 0.000e+000 0.000e+000 0.000e+000 0.000e+000 0.000e+000 0.000e+000 0.000e+000 0.000e+000 0.000e+000 0.000e+000 0.000e+000
 9.880e+004 2.930e+000 0.000e+000 0.000e+000 0.000e+000 0.000e+000 0.000e+000 0.000e+000 0.000e+000 0.000e+000 0.000e+000 0.000e+000 0.000e+000 0.000e+000 0.000e+000 0.000e+000 0.000e+000 0.000e+000 0.000e+000
 1.000e+005 2.930e+000 0.000e+000 0.000e+000 0.000e+000 0.000e+000 0.000e+000 0.000e+000 0.000e+000 0.000e+000 0.000e+000 0.000e+000 0.000e+000 0.000e+000 0.000e+000 0.000e+000 0.000e+000 0.000e+000 0.000e+000
