 6.250e+000 2.930e+000 0.000e+000 0.000e+000 0.000e+000 0.000e+000 0.000e+000 0.000e+000 0.000e+000 0.000e+000 0.000e+000 0.000e+000 0.000e+000 0.000e+000 0.000e+000 0.000e+000 0.000e+000 0.000e+000 0.000e+000
 7.500e+000 2.930e+000 0.000e+000 0.000e+000 0.000e+000 0.000e+000 0.000e+000 0.000e+000 0.000e+000 0.000e+000 0.000e+000 0.000e+000 0.000e+000 0.000e+000 0.000e+000 0.000e+000 0.000e+000 0.000e+000 0.000e+000
 8.750e+000 2.930e+000 0.000e+000 0.000e+000 0.000e+000 0.000e+000 0.000e+000 0.000e+000 0.000e+000 0.000e+000 0.000e+000 0.000e+000 0.000e+000 0.000e+000 0.000e+000 0.000e+000 0.000e+000 0.000e+000 0.000e+000
 1.000e+001 2.930e+000 0.000e+000 0.000e+000 0.000e+000 0.000e+000 0.000e+000 0.000e+000 0.000e+000 0.000e+000 0.000e+000 0.000e+000 0.000e+000 0.000e+000 0.000e+000 0.000e+000 0.000e+000 0.000e+000 0.000e+000
 1.130e+001 2.930e+000 2.400e+001 5.390e+001-1.579e+002-3.020e+000-6.243e+001-4.140e+001 2.522e+003-8.460e+000-1.208e+003-5.803e+000-6.845e+001 2.928e+001 3.599e+001-2.844e+002-6.626e+002 2.384e+002 9.087e+003
 1.250e+001 2.930e+000 0.000e+000 0.000e+000 0.000e+000 0.000e+000 0.000e+000 0.000e+000 0.000e+000 0.000e+000 0.000e+000 0.000e+000 0.000e+000 0.000e+000 0.000e+000 0.000e+000 0.000e+000 0.000e+000 0.000e+000
 1.380e+001 2.930e+000 0.000e+000 0.000e+000 0.000e+000 0.000e+000 0.000e+000 0.000e+000 0.000e+000 0.000e+000 0.000e+000 0.000e+000 0.000e+000 0.000e+000 0.000e+000 0.000e+000 0.000e+000 0.000e+000 0.000e+000
 1.500e+001 2.930e+000 2.400e+001 4.343e+001-1.212e+002-3.842e+000-7.109e+001 3.249e+000 1.899e+003 6.738e+000-8.230e+002-1.354e+001-6.682e+001 4.777e+001 2.341e+002-2.057e+002-5.472e+002 4.084e+002 7.448e+003
 1.630e+001 2.930e+000 0.000e+000 0.000e+000 0.000e+000 0.000e+000 0.000e+000 0.000e+000 0.000e+000 0.000e+000 0.000e+000 0.000e+000 0.000e+000 0.000e+000 0.000e+000 0.000e+000 0.000e+000 0.000e+000 0.000e+000
 1.750e+001 2.930e+000 2.400e+001 3.264e+001-4.918e+001-5.667e-001-4.323e+001-3.474e+001 1.295e+003-3.884e+001-7.130e+002 1.618e+000 3.289e+001 3.086e+001 2.804e+001-1.444e+002 6.262e+002 2.092e+002 4.726e+003
 1.880e+001 2.930e+000 0.000e+000 0.000e+000 0.000e+000 0.000e+000 0.000e+000 0.000e+000 0.000e+000 0.000e+000 0.000e+000 0.000e+000 0.000e+000 0.000e+000 0.000e+000 0.000e+000 0.000e+000 0.000e+000 0.000e+000
 2.000e+001 2.930e+000 2.400e+001 4.132e+001-6.080e+001-1.367e+001-1.325e+002-8.220e+001 9.515e+002 4.992e+000-1.417e+002-7.919e+000-2.937e+001 5.205e+001 2.197e+002-1.434e+002 3.641e+002 3.583e+002 6.140e+003
 2.130e+001 2.930e+000 0.000e+000 0.000e+000 0.000e+000 0.000e+000 0.000e+000 0.000e+000 0.000e+000 0.000e+000 0.000e+000 0.000e+000 0.000e+000 0.000e+000 0.000e+000 0.000e+000 0.000e+000 0.000e+000 0.000e+000
 2.250e+001 2.930e+000 0.000e+000 0.000e+000 0.000e+000 0.000e+000 0.000e+000 0.000e+000 0.000e+000 0.000e+000 0.000e+000 0.000e+000 0.000e+000 0.000e+000 0.000e+000 0.000e+000 0.000e+000 0.000e+000 0.000e+000
 2.380e+001 2.930e+000 2.400e+001 2.267e+001-3.812e+001 3.173e+000 3.248e+001-2.529e+001 5.848e+002-9.950e+000-5.677e+002-3.667e+000 2.518e+000 3.141e+001 7.336e+001-1.659e+002 6.019e+001 2.346e+002 4.456e+003
 2.500e+001 2.930e+000 0.000e+000 0.000e+000 0.000e+000 0.000e+000 0.000e+000 0.000e+000 0.000e+000 0.000e+000 0.000e+000 0.000e+000 0.000e+000 0.000e+000 0.000e+000 0.000e+000 0.000e+000 0.000e+000 0.000e+000
 2.630e+001 2.930e+000 2.400e+001 3.766e+001-5.785e+001-8.380e+000-9.475e+001-3.252e+001 7.412e+002-1.981e+001-3.354e+002-1.253e+001-1.995e+001 1.884e+001 4.344e+001-1.368e+002-2.489e+001 1.736e+002 3.274e+003
 2.750e+001 2.930e+000 0.000e+000 0.000e+000 0.000e+000 0.000e+000 0.000e+000 0.000e+000 0.000e+000 0.000e+000 0.000e+000 0.000e+000 0.000e+000 0.000e+000 0.000e+000 0.000e+000 0.000e+000 0.000e+000 0.000e+000
 2.880e+001 2.930e+000 2.400e+001 2.585e+001-4.220e+001-5.289e+000-4.822e+001-4.310e+001 5.762e+002-1.273e+001-3.157e+002-1.513e+001-1.660e+001 4.052e+001 9.328e+001-1.807e+002-7.346e+001 3.279e+002 4.468e+003
 3.000e+001 2.930e+000 0.000e+000 0.000e+000 0.000e+000 0.000e+000 0.000e+000 0.000e+000 0.000e+000 0.000e+000 0.000e+000 0.000e+000 0.000e+000 0.000e+000 0.000e+000 0.000e+000 0.000e+000 0.000e+000 0.000e+000
 3.130e+001 2.930e+000 0.000e+000 0.000e+000 0.000e+000 0.000e+000 0.000e+000 0.000e+000 0.000e+000 0.000e+000 0.000e+000 0.000e+000 0.000e+000 0.000e+000 0.000e+000 0.000e+000 0.000e+000 0.000e+000 0.000e+000
 3.250e+001 2.930e+000 2.400e+001 4.619e+001-1.593e+002 6.590e+000 4.811e+001-8.147e+001 1.088e+003-5.478e+001-1.021e+003-1.118e+001-3.255e+001 2.872e+001 1.191e+002-2.339e+002 1.595e+002 2.153e+002 3.823e+003
 3.380e+001 2.930e+000 0.000e+000 0.000e+000 0.000e+000 0.000e+000 0.000e+000 0.000e+000 0.000e+000 0.000e+000 0.000e+000 0.000e+000 0.000e+000 0.000e+000 0.000e+000 0.000e+000 0.000e+000 0.000e+000 0.000e+000
 3.500e+001 2.930e+000 2.100e+001 3.553e+001-6.107e+001-5.043e+000-6.142e+001-4.547e+001 5.051e+002-7.893e+000-2.929e+002-1.483e+001 2.700e+001 2.840e+001 1.933e+001-2.115e+002 2.644e+002 2.244e+002 3.453e+003
 3.630e+001 2.930e+000 0.000e+000 0.000e+000 0.000e+000 0.000e+000 0.000e+000 0.000e+000 0.000e+000 0.000e+000 0.000e+000 0.000e+000 0.000e+000 0.000e+000 0.000e+000 0.000e+000 0.000e+000 0.000e+000 0.000e+000
 3.750e+001 2.930e+000 2.400e+001 2.507e+001-5.813e+001-3.173e+000-4.106e+001-1.976e+000 3.846e+002-2.978e+001-6.334e+002-1.297e+001 1.968e+001 2.712e+001 2.936e+001-2.549e+002 1.502e+002 2.352e+002 5.082e+003
 3.880e+001 2.930e+000 0.000e+000 0.000e+000 0.000e+000 0.000e+000 0.000e+000 0.000e+000 0.000e+000 0.000e+000 0.000e+000 0.000e+000 0.000e+000 0.000e+000 0.000e+000 0.000e+000 0.000e+000 0.000e+000 0.000e+000
 4.000e+001 2.930e+000 0.000e+000 0.000e+000 0.000e+000 0.000e+000 0.000e+000 0.000e+000 0.000e+000 0.000e+000 0.000e+000 0.000e+000 0.000e+000 0.000e+000 0.000e+000 0.000e+000 0.000e+000 0.000e+000 0.000e+000
 4.130e+001 2.930e+000 2.400e+001 2.313e+001-6.346e+001-1.111e+000 1.735e+001-2.386e+001 4.409e+002-1.752e+001-5.489e+002-1.057e+001 9.593e+000 2.741e+001 4.279e-001-1.726e+002-4.696e+001 1.694e+002 3.062e+003
 4.250e+001 2.930e+000 0.000e+000 0.000e+000 0.000e+000 0.000e+000 0.000e+000 0.000e+000 0.000e+000 0.000e+000 0.000e+000 0.000e+000 0.000e+000 0.000e+000 0.000e+000 0.000e+000 0.000e+000 0.000e+000 0.000e+000
 4.380e+001 2.930e+000 2.400e+001 2.570e+001-4.986e+001 5.054e+000-1.298e+001-2.452e+001 2.570e+002-3.980e+001-6.421e+002-1.547e+001-8.600e+000 3.015e+001 9.579e+001-3.547e+002 1.639e+002 2.873e+002 6.678e+003
 4.500e+001 2.930e+000 0.000e+000 0.000e+000 0.000e+000 0.000e+000 0.000e+000 0.000e+000 0.000e+000 0.000e+000 0.000e+000 0.000e+000 0.000e+000 0.000e+000 0.000e+000 0.000e+000 0.000e+000 0.000e+000 0.000e+000
 4.630e+001 2.930e+000 2.400e+001 5.855e+001-1.152e+002 3.323e+000-3.105e+001-3.313e+001 3.386e+002-4.706e+001-1.924e+003-2.208e+001 3.407e+000 1.924e+001 8.899e+001-9.821e+002 5.670e+002 3.984e+002 1.762e+004
 4.750e+001 2.930e+000 0.000e+000 0.000e+000 0.000e+000 0.000e+000 0.000e+000 0.000e+000 0.000e+000 0.000e+000 0.000e+000 0.000e+000 0.000e+000 0.000e+000 0.000e+000 0.000e+000 0.000e+000 0.000e+000 0.000e+000
 4.880e+001 2.930e+000 0.000e+000 0.000e+000 0.000e+000 0.000e+000 0.000e+000 0.000e+000 0.000e+000 0.000e+000 0.000e+000 0.000e+000 0.000e+000 0.000e+000 0.000e+000 0.000e+000 0.000e+000 0.000e+000 0.000e+000
 5.000e+001 2.930e+000 2.400e+001 3.033e+004-3.753e+004 3.415e+003-1.586e+005 2.973e+003 4.730e+004-1.632e+004-3.791e+005-1.323e+004-5.584e+003 6.329e+003 1.023e+005-2.950e+005 1.671e+005 1.102e+005 3.705e+006
 5.130e+001 2.930e+000 0.000e+000 0.000e+000 0.000e+000 0.000e+000 0.000e+000 0.000e+000 0.000e+000 0.000e+000 0.000e+000 0.000e+000 0.000e+000 0.000e+000 0.000e+000 0.000e+000 0.000e+000 0.000e+000 0.000e+000
 5.250e+001 2.930e+000 2.400e+001 7.330e+001-1.131e+002 8.287e+000-1.224e+002-6.024e+001 2.852e+002-5.704e+001-1.735e+003-3.299e+001 1.144e+001 2.115e+001 2.120e+002-1.198e+003 1.103e+003 5.513e+002 2.056e+004
 5.380e+001 2.930e+000 0.000e+000 0.000e+000 0.000e+000 0.000e+000 0.000e+000 0.000e+000 0.000e+000 0.000e+000 0.000e+000 0.000e+000 0.000e+000 0.000e+000 0.000e+000 0.000e+000 0.000e+000 0.000e+000 0.000e+000
 5.500e+001 2.930e+000 0.000e+000 0.000e+000 0.000e+000 0.000e+000 0.000e+000 0.000e+000 0.000e+000 0.000e+000 0.000e+000 0.000e+000 0.000e+000 0.000e+000 0.000e+000 0.000e+000 0.000e+000 0.000e+000 0.000e+000
 5.630e+001 2.930e+000 2.400e+001 2.839e+001-6.454e+001 2.672e+000-3.076e+001-4.730e+001 2.852e+002-1.881e+001-5.990e+002-8.709e+000 7.792e+000 9.393e+000 5.999e+001-3.172e+002 5.208e+002 1.255e+002 4.586e+003
 5.750e+001 2.930e+000 0.000e+000 0.000e+000 0.000e+000 0.000e+000 0.000e+000 0.000e+000 0.000e+000 0.000e+000 0.000e+000 0.000e+000 0.000e+000 0.000e+000 0.000e+000 0.000e+000 0.000e+000 0.000e+000 0.000e+000
 5.880e+001 2.930e+000 2.400e+001 2.427e+001-6.362e+001 2.825e+000-2.429e+001-2.988e+001 2.874e+002-3.345e+001-6.520e+002-1.354e+001 4.659e+000 1.443e+001 4.525e+001-2.664e+002 3.323e+002 1.731e+002 3.618e+003
 6.000e+001 2.930e+000 0.000e+000 0.000e+000 0.000e+000 0.000e+000 0.000e+000 0.000e+000 0.000e+000 0.000e+000 0.000e+000 0.000e+000 0.000e+000 0.000e+000 0.000e+000 0.000e+000 0.000e+000 0.000e+000 0.000e+000
 6.130e+001 2.930e+000 2.400e+001 1.778e+001-5.180e+001 2.577e+000-5.797e+000-2.144e+001 2.415e+002-3.084e+001-4.110e+002-8.242e+000 5.730e+000 1.070e+001 3.299e+001-1.455e+002 1.997e+002 9.977e+001 1.845e+003
 6.250e+001 2.930e+000 0.000e+000 0.000e+000 0.000e+000 0.000e+000 0.000e+000 0.000e+000 0.000e+000 0.000e+000 0.000e+000 0.000e+000 0.000e+000 0.000e+000 0.000e+000 0.000e+000 0.000e+000 0.000e+000 0.000e+000
 6.380e+001 2.930e+000 0.000e+000 0.000e+000 0.000e+000 0.000e+000 0.000e+000 0.000e+000 0.000e+000 0.000e+000 0.000e+000 0.000e+000 0.000e+000 0.000e+000 0.000e+000 0.000e+000 0.000e+000 0.000e+000 0.000e+000
 6.500e+001 2.930e+000 2.400e+001 1.896e+001-6.148e+001 3.138e+000 1.585e+001-2.435e+001 3.103e+002-4.065e+001-4.811e+002-1.021e+001-8.213e+000 1.617e+001 3.982e+001-1.240e+002 3.570e+001 1.246e+002 1.542e+003
 6.630e+001 2.930e+000 0.000e+000 0.000e+000 0.000e+000 0.000e+000 0.000e+000 0.000e+000 0.000e+000 0.000e+000 0.000e+000 0.000e+000 0.000e+000 0.000e+000 0.000e+000 0.000e+000 0.000e+000 0.000e+000 0.000e+000
 6.750e+001 2.930e+000 2.400e+001 1.076e+001-2.135e+001-5.451e+000-3.659e+001-1.195e+001 1.731e+002 1.823e+001-4.086e+001-6.918e+000-2.252e+001 5.313e+001 1.178e+002-7.900e+001-1.975e+002 3.760e+002 3.341e+003
 6.880e+001 2.930e+000 0.000e+000 0.000e+000 0.000e+000 0.000e+000 0.000e+000 0.000e+000 0.000e+000 0.000e+000 0.000e+000 0.000e+000 0.000e+000 0.000e+000 0.000e+000 0.000e+000 0.000e+000 0.000e+000 0.000e+000
 7.000e+001 2.930e+000 2.400e+001 8.356e+000-2.777e+001 1.987e+000 1.704e+001-8.906e+000 1.932e+002-1.172e+001-2.129e+002-3.117e+000-1.434e+001 1.289e+001 4.572e+001-5.637e+001-9.188e+001 9.293e+001 1.164e+003
 7.130e+001 2.930e+000 0.000e+000 0.000e+000 0.000e+000 0.000e+000 0.000e+000 0.000e+000 0.000e+000 0.000e+000 0.000e+000 0.000e+000 0.000e+000 0.000e+000 0.000e+000 0.000e+000 0.000e+000 0.000e+000 0.000e+000
 7.250e+001 2.930e+000 0.000e+000 0.000e+000 0.000e+000 0.000e+000 0.000e+000 0.000e+000 0.000e+000 0.000e+000 0.000e+000 0.000e+000 0.000e+000 0.000e+000 0.000e+000 0.000e+000 0.000e+000 0.000e+000 0.000e+000
 7.380e+001 2.930e+000 2.400e+001 8.233e+000-2.430e+001 6.484e-001-4.492e+000-1.249e+001 1.523e+002-1.353e+001-8.652e+001-4.830e+000-2.091e+000 9.052e+000 3.010e+001-2.887e+001-9.601e+000 5.670e+001 6.559e+002
 7.500e+001 2.930e+000 0.000e+000 0.000e+000 0.000e+000 0.000e+000 0.000e+000 0.000e+000 0.000e+000 0.000e+000 0.000e+000 0.000e+000 0.000e+000 0.000e+000 0.000e+000 0.000e+000 0.000e+000 0.000e+000 0.000e+000
 7.630e+001 2.930e+000 2.400e+001 5.901e+000-1.778e+001 4.091e-001 4.838e-001-1.198e+001 1.330e+002-1.697e+001-1.398e+002-4.064e+000 5.631e-001 9.620e+000 2.011e+001-3.587e+001 3.105e+001 6.876e+001 7.152e+002
 7.750e+001 2.930e+000 0.000e+000 0.000e+000 0.000e+000 0.000e+000 0.000e+000 0.000e+000 0.000e+000 0.000e+000 0.000e+000 0.000e+000 0.000e+000 0.000e+000 0.000e+000 0.000e+000 0.000e+000 0.000e+000 0.000e+000
 7.880e+001 2.930e+000 2.400e+001 7.603e+000-2.495e+001 3.067e+000 1.683e+001-1.307e+001 1.532e+002-2.181e+001-1.991e+002-4.797e+000-6.786e+000 9.227e+000 2.847e+001-5.005e+001-7.381e+000 7.492e+001 8.166e+002
 8.000e+001 2.930e+000 0.000e+000 0.000e+000 0.000e+000 0.000e+000 0.000e+000 0.000e+000 0.000e+000 0.000e+000 0.000e+000 0.000e+000 0.000e+000 0.000e+000 0.000e+000 0.000e+000 0.000e+000 0.000e+000 0.000e+000
 8.130e+001 2.930e+000 0.000e+000 0.000e+000 0.000e+000 0.000e+000 0.000e+000 0.000e+000 0.000e+000 0.000e+000 0.000e+000 0.000e+000 0.000e+000 0.000e+000 0.000e+000 0.000e+000 0.000e+000 0.000e+000 0.000e+000
 8.250e+001 2.930e+000 2.400e+001 1.181e+001-3.120e+001-3.112e-001 3.479e+000-2.684e+001 2.120e+002-1.578e+001-1.685e+002-5.237e+000 2.324e+000 7.467e+000 8.340e+000-4.494e+001 2.712e+001 5.913e+001 5.803e+002
 8.380e+001 2.930e+000 0.000e+000 0.000e+000 0.000e+000 0.000e+000 0.000e+000 0.000e+000 0.000e+000 0.000e+000 0.000e+000 0.000e+000 0.000e+000 0.000e+000 0.000e+000 0.000e+000 0.000e+000 0.000e+000 0.000e+000
 8.500e+001 2.930e+000 2.400e+001 4.097e+000-1.268e+001-2.971e-001-6.568e+000-5.862e+000 9.089e+001-6.553e+000-7.890e+001-2.424e+000 1.357e+000 5.729e+000 8.222e+000-2.707e+001 4.213e+001 4.506e+001 4.688e+002
 8.630e+001 2.930e+000 0.000e+000 0.000e+000 0.000e+000 0.000e+000 0.000e+000 0.000e+000 0.000e+000 0.000e+000 0.000e+000 0.000e+000 0.000e+000 0.000e+000 0.000e+000 0.000e+000 0.000e+000 0.000e+000 0.000e+000
 8.750e+001 2.930e+000 2.400e+001 4.920e+000-1.430e+001 3.279e-001 2.886e+000-8.928e+000 9.116e+001-7.236e+000-5.542e+001-1.913e+000 1.311e+000 4.245e+000 8.813e+000-1.725e+001 2.036e+001 2.764e+001 2.710e+002
 8.880e+001 2.930e+000 0.000e+000 0.000e+000 0.000e+000 0.000e+000 0.000e+000 0.000e+000 0.000e+000 0.000e+000 0.000e+000 0.000e+000 0.000e+000 0.000e+000 0.000e+000 0.000e+000 0.000e+000 0.000e+000 0.000e+000
 9.000e+001 2.930e+000 0.000e+000 0.000e+000 0.000e+000 0.000e+000 0.000e+000 0.000e+000 0.000e+000 0.000e+000 0.000e+000 0.000e+000 0.000e+000 0.000e+000 0.000e+000 0.000e+000 0.000e+000 0.000e+000 0.000e+000
 9.130e+001 2.930e+000 2.400e+001 2.667e+000-9.152e+000-4.495e-001-2.073e+000-3.569e+000 7.231e+001-4.203e+000-4.617e+001-1.043e+000 9.978e-001 3.018e+000 4.434e+000-1.009e+001 7.039e-001 1.984e+001 2.104e+002
 9.250e+001 2.930e+000 0.000e+000 0.000e+000 0.000e+000 0.000e+000 0.000e+000 0.000e+000 0.000e+000 0.000e+000 0.000e+000 0.000e+000 0.000e+000 0.000e+000 0.000e+000 0.000e+000 0.000e+000 0.000e+000 0.000e+000
 9.380e+001 2.930e+000 2.400e+001 2.173e+000-5.417e+000 1.752e-001-2.081e+000-3.791e+000 4.787e+001-2.860e+000-3.477e+001-1.343e+000 1.697e+000 3.108e+000 4.286e+000-1.086e+001 2.527e+001 2.167e+001 2.352e+002
 9.500e+001 2.930e+000 0.000e+000 0.000e+000 0.000e+000 0.000e+000 0.000e+000 0.000e+000 0.000e+000 0.000e+000 0.000e+000 0.000e+000 0.000e+000 0.000e+000 0.000e+000 0.000e+000 0.000e+000 0.000e+000 0.000e+000
 9.630e+001 2.930e+000 2.400e+001 1.305e+000-3.460e+000 4.689e-002-2.516e+000-2.705e+000 2.931e+001-3.442e+000-1.926e+001-9.906e-001 1.785e+000 1.830e+000 3.906e+000-8.737e+000 2.856e+001 1.129e+001 1.120e+002
 9.750e+001 2.930e+000 0.000e+000 0.000e+000 0.000e+000 0.000e+000 0.000e+000 0.000e+000 0.000e+000 0.000e+000 0.000e+000 0.000e+000 0.000e+000 0.000e+000 0.000e+000 0.000e+000 0.000e+000 0.000e+000 0.000e+000
 9.880e+001 2.930e+000 0.000e+000 0.000e+000 0.000e+000 0.000e+000 0.000e+000 0.000e+000 0.000e+000 0.000e+000 0.000e+000 0.000e+000 0.000e+000 0.000e+000 0.000e+000 0.000e+000 0.000e+000 0.000e+000 0.000e+000
 1.000e+002 2.930e+000 5.400e+001 3.879e+000 2.526e+000 1.383e+000 2.539e+001-9.160e+000 5.680e+001-2.703e-001-5.339e+001-4.227e+000 1.205e+001 8.462e+000-3.759e+001-6.420e+000 3.288e+001 2.521e+001 2.784e+002
 1.130e+002 2.930e+000 6.900e+001 1.021e+001-3.363e+001 1.611e+000 5.623e-001-2.088e+001 2.056e+002-2.570e+001-1.972e+002-7.018e+000 3.229e+000 1.452e+001 2.546e+001-5.517e+001 7.871e+001 9.165e+001 7.174e+002
 1.250e+002 2.930e+000 6.900e+001 9.766e+000-3.552e+001 1.295e+000 7.183e+000-2.073e+001 2.348e+002-1.987e+001-1.493e+002-4.589e+000 1.035e+000 7.906e+000 1.452e+001-3.339e+001 2.613e+001 4.897e+001 4.121e+002
 1.380e+002 2.930e+000 9.600e+001 1.310e+001-3.899e+001 2.040e+000 6.459e+000-2.574e+001 2.375e+002-4.319e+001-2.856e+002-1.032e+001 1.295e+001 1.639e+001 2.200e+001-7.358e+001 1.309e+002 1.100e+002 8.399e+002
 1.500e+002 2.930e+000 8.100e+001 2.677e+000-1.148e+001 3.232e-001-8.879e+000-3.359e+000 9.697e+001-1.733e+001-1.055e+002-3.467e+000 2.317e+000 6.368e+000 2.032e+001-2.367e+001 9.146e+001 4.077e+001 3.674e+002
 1.630e+002 2.930e+000 8.700e+001 1.015e+001-3.957e+001-5.612e-001-1.339e+001-2.926e+001 3.014e+002-3.316e+001-1.921e+002-7.691e+000 1.890e+001 1.393e+001 2.494e+001-4.765e+001 1.630e+002 8.608e+001 6.294e+002
 1.750e+002 2.930e+000 8.400e+001 2.030e+001-7.287e+001 4.567e+000 2.364e+001-4.869e+001 4.585e+002-5.696e+001-3.788e+002-1.017e+001 6.864e+000 1.602e+001 2.337e+001-7.173e+001 9.693e+001 9.418e+001 6.776e+002
 1.880e+002 2.930e+000 1.140e+002 3.043e+001-1.115e+002 7.531e+000 2.802e+001-7.919e+001 7.294e+002-1.202e+002-6.980e+002-2.423e+001 3.799e+001 4.024e+001 5.506e+001-1.483e+002 3.148e+002 2.318e+002 1.545e+003
 2.000e+002 2.930e+000 9.600e+001 1.642e+002-5.202e+002 1.012e+002 4.218e+002-4.458e+002 3.013e+003-8.824e+002-5.273e+003-1.853e+002 1.951e+002 3.050e+002 3.696e+002-1.274e+003 2.241e+003 1.901e+003 1.242e+004
 2.130e+002 2.930e+000 9.300e+001 3.164e+001-1.198e+002 1.124e+001 2.881e+001-8.498e+001 7.891e+002-1.614e+002-9.050e+002-3.123e+001 3.693e+001 5.027e+001 7.390e+001-1.934e+002 4.089e+002 2.842e+002 1.801e+003
 2.250e+002 2.930e+000 1.200e+002 6.495e+001-2.636e+002 1.806e+001-8.330e+000-1.806e+002 1.688e+003-4.176e+002-2.107e+003-8.380e+001 1.539e+002 1.406e+002 1.944e+002-4.810e+002 1.391e+003 7.698e+002 4.562e+003
 2.380e+002 2.930e+000 9.600e+001 2.083e+002-9.266e+002 7.108e+001-7.034e+001-5.553e+002 5.680e+003-1.679e+003-8.487e+003-3.320e+002 5.693e+002 5.760e+002 8.158e+002-1.928e+003 5.479e+003 3.172e+003 1.873e+004
 2.500e+002 2.930e+000 9.600e+001 6.811e+003-3.014e+004 2.351e+003-2.586e+003-1.821e+004 1.822e+005-5.573e+004-2.751e+005-1.117e+004 1.946e+004 1.915e+004 2.627e+004-6.370e+004 1.818e+005 1.037e+005 5.976e+005
 2.630e+002 2.930e+000 9.600e+001 1.886e+002-7.830e+002 6.115e+001-5.422e+001-4.860e+002 4.601e+003-1.412e+003-6.778e+003-2.954e+002 5.090e+002 5.075e+002 6.525e+002-1.629e+003 4.469e+003 2.666e+003 1.490e+004
 2.750e+002 2.930e+000 1.200e+002 5.789e+001-2.152e+002 1.482e+001-1.248e+001-1.425e+002 1.299e+003-3.542e+002-1.637e+003-7.761e+001 1.448e+002 1.275e+002 1.479e+002-4.082e+002 1.129e+003 6.488e+002 3.530e+003
 2.880e+002 2.930e+000 9.600e+001 2.138e+001-6.835e+001 5.454e+000-4.940e+000-5.194e+001 4.304e+002-1.144e+002-4.938e+002-2.636e+001 4.345e+001 4.673e+001 5.858e+001-1.266e+002 3.345e+002 2.204e+002 1.163e+003
 3.000e+002 2.930e+000 9.600e+001 8.318e+001-2.712e+002 3.950e+001 2.419e+001-2.427e+002 1.657e+003-4.594e+002-1.650e+003-1.021e+002 1.662e+002 1.580e+002 2.098e+002-4.669e+002 1.263e+003 6.480e+002 2.999e+003
 3.130e+002 2.930e+000 9.000e+001 1.544e+001-5.090e+001 4.490e+000-2.261e+000-4.187e+001 3.160e+002-8.375e+001-3.418e+002-2.042e+001 4.070e+001 3.671e+001 4.668e+001-1.006e+002 2.845e+002 1.711e+002 8.858e+002
 3.250e+002 2.930e+000 1.200e+002 1.685e+001-5.647e+001 4.156e+000-1.047e+001-4.163e+001 3.238e+002-1.013e+002-4.075e+002-2.663e+001 5.069e+001 5.213e+001 6.074e+001-1.268e+002 3.442e+002 2.389e+002 1.199e+003
 3.380e+002 2.930e+000 9.600e+001 3.381e+001-1.099e+002 6.749e+000-4.448e+001-8.046e+001 5.733e+002-2.290e+002-8.834e+002-6.487e+001 1.289e+002 1.381e+002 1.628e+002-3.002e+002 8.433e+002 6.208e+002 3.008e+003
 3.500e+002 2.930e+000 9.600e+001 6.321e+002-2.016e+003 8.221e+001-1.341e+003-1.409e+003 9.648e+003-4.710e+003-1.773e+004-1.413e+003 2.887e+003 3.203e+003 3.881e+003-6.469e+003 1.870e+004 1.444e+004 6.982e+004
 3.630e+002 2.930e+000 9.600e+001 2.144e+001-6.468e+001 3.815e+000-3.401e+001-4.758e+001 3.199e+002-1.437e+002-5.447e+002-4.456e+001 8.259e+001 1.038e+002 1.219e+002-2.026e+002 5.289e+002 4.619e+002 2.214e+003
 3.750e+002 2.930e+000 1.200e+002 7.817e+000-2.169e+001 1.820e+000-6.386e+000-1.780e+001 1.235e+002-4.011e+001-1.461e+002-1.226e+001 2.053e+001 2.875e+001 3.590e+001-5.410e+001 1.328e+002 1.194e+002 5.574e+002
 3.880e+002 2.930e+000 9.000e+001 4.790e+000-1.486e+001 1.454e+000 6.482e-001-1.147e+001 9.015e+001-2.204e+001-8.014e+001-5.769e+000 9.894e+000 1.087e+001 1.160e+001-2.484e+001 5.867e+001 4.496e+001 2.090e+002
 4.000e+002 2.930e+000 9.600e+001 4.918e+001-1.770e+002 1.731e+001 1.401e+001-1.416e+002 1.065e+003-3.164e+002-1.079e+003-7.352e+001 1.471e+002 1.203e+002 8.489e+001-2.865e+002 7.636e+002 4.496e+002 1.761e+003
 4.130e+002 2.930e+000 1.170e+002 7.880e+000-2.491e+001 2.752e+000 4.051e+000-1.660e+001 1.361e+002-3.877e+001-1.397e+002-9.790e+000 1.094e+001 1.615e+001 1.128e+001-3.913e+001 6.461e+001 6.091e+001 2.534e+002
 4.250e+002 2.930e+000 9.000e+001 5.554e+000-1.922e+001 2.052e+000 3.557e+000-1.301e+001 1.111e+002-2.843e+001-9.599e+001-6.550e+000 7.707e+000 1.121e+001 8.113e+000-2.439e+001 4.295e+001 3.881e+001 1.578e+002
 4.380e+002 2.930e+000 9.300e+001 1.617e+001-5.828e+001 5.551e+000 1.359e+001-4.000e+001 3.209e+002-7.741e+001-2.574e+002-1.756e+001 2.227e+001 2.272e+001 8.382e+000-6.162e+001 9.927e+001 7.727e+001 2.767e+002
 4.500e+002 2.930e+000 9.600e+001 4.911e+002-1.859e+003 1.589e+002 4.468e+002-1.336e+003 1.068e+004-2.494e+003-8.473e+003-5.444e+002 8.784e+002 6.573e+002 1.290e+002-1.917e+003 3.519e+003 2.277e+003 7.937e+003
 4.630e+002 2.930e+000 1.200e+002 1.753e+001-6.279e+001 5.477e+000 1.360e+001-4.758e+001 3.689e+002-8.358e+001-2.817e+002-1.906e+001 3.187e+001 2.402e+001 8.761e+000-6.842e+001 1.367e+002 8.354e+001 3.087e+002
 4.750e+002 2.930e+000 9.300e+001 3.852e+000-1.295e+001 1.290e+000 2.280e+000-1.035e+001 8.224e+001-1.798e+001-5.966e+001-4.237e+000 6.894e+000 6.478e+000 4.986e+000-1.600e+001 3.475e+001 2.267e+001 9.384e+001
 4.880e+002 2.930e+000 9.300e+001 3.266e+000-1.107e+001 1.250e+000 3.279e+000-9.619e+000 7.772e+001-1.611e+001-5.554e+001-3.385e+000 4.553e+000 5.165e+000 2.977e+000-1.236e+001 2.234e+001 1.757e+001 7.064e+001
 5.000e+002 2.930e+000 9.600e+001 4.416e+001-1.675e+002 2.283e+001 6.721e+001-1.307e+002 1.036e+003-2.432e+002-8.656e+002-4.601e+001 4.914e+001 6.127e+001 2.305e+001-1.751e+002 2.614e+002 2.213e+002 8.251e+002
 5.130e+002 2.930e+000 1.170e+002 5.954e+000-2.254e+001 3.252e+000 4.268e+000-1.900e+001 1.621e+002-3.476e+001-1.086e+002-6.147e+000 6.277e+000 9.534e+000 1.124e+001-2.417e+001 6.123e+001 3.144e+001 1.273e+002
 5.250e+002 2.930e+000 9.600e+001 8.243e+000-3.314e+001 4.495e+000 3.637e+000-2.674e+001 2.350e+002-4.906e+001-1.449e+002-8.138e+000 7.984e+000 1.167e+001 1.554e+001-3.196e+001 9.158e+001 3.697e+001 1.446e+002
 5.380e+002 2.930e+000 9.600e+001 2.781e+001-1.184e+002 1.685e+001 1.089e+001-9.465e+001 8.362e+002-1.808e+002-5.284e+002-2.886e+001 2.600e+001 4.127e+001 6.048e+001-1.153e+002 3.461e+002 1.290e+002 4.985e+002
 5.500e+002 2.930e+000 9.600e+001 1.935e+003-8.232e+003 1.167e+003 5.480e+002-6.501e+003 5.687e+004-1.254e+004-3.587e+004-2.027e+003 1.845e+003 2.832e+003 4.256e+003-7.999e+003 2.454e+004 8.717e+003 3.325e+004
 5.630e+002 2.930e+000 1.200e+002 3.554e+001-1.481e+002 2.238e+001 8.907e+000-1.164e+002 1.013e+003-2.384e+002-6.598e+002-3.926e+001 3.487e+001 5.878e+001 8.712e+001-1.505e+002 4.573e+002 1.751e+002 6.585e+002
 5.750e+002 2.930e+000 9.600e+001 4.894e+000-1.900e+001 3.106e+000 8.214e-001-1.611e+001 1.347e+002-3.328e+001-8.996e+001-5.606e+000 6.059e+000 9.341e+000 1.415e+001-2.195e+001 6.972e+001 2.777e+001 1.116e+002
 5.880e+002 2.930e+000 9.600e+001 2.365e+000-8.661e+000 1.308e+000 6.269e-001-6.694e+000 5.677e+001-1.397e+001-3.670e+001-2.654e+000 2.601e+000 4.570e+000 5.831e+000-9.456e+000 2.546e+001 1.288e+001 4.859e+001
 6.000e+002 2.930e+000 1.020e+002 8.890e+000-2.872e+001 4.018e+000 2.466e+000-2.685e+001 1.831e+002-4.428e+001-8.474e+001-9.560e+000 1.578e+001 1.354e+001 1.103e+001-2.313e+001 6.146e+001 2.847e+001 8.362e+001
 6.130e+002 2.930e+000 8.400e+001 1.237e+000-3.713e+000 5.182e-001 3.311e-002-3.179e+000 2.371e+001-5.983e+000-1.423e+001-1.314e+000 1.963e+000 2.604e+000 3.399e+000-4.335e+000 1.198e+001 6.348e+000 2.445e+001
 6.250e+002 2.930e+000 7.800e+001 1.042e+000-2.876e+000 7.526e-002-1.607e-001-2.029e+000 1.665e+001-3.761e+000-8.339e+000-8.886e-001 2.262e+000 2.168e+000 2.504e+000-2.870e+000 9.166e+000 5.015e+000 1.860e+001
 6.380e+002 2.930e+000 7.800e+001 2.783e+000-6.824e+000-1.195e+000-3.940e-001-4.134e+000 2.780e+001-2.203e+000-7.989e+000-8.884e-001 4.759e+000 2.939e+000 2.314e+000-2.940e+000 9.054e+000 4.226e+000 1.576e+001
 6.500e+002 2.930e+000 1.080e+002 5.576e+002-1.460e+003-3.544e+002-1.435e+002-7.901e+002 4.966e+003 2.998e+002-4.444e+002-7.187e+001 1.034e+003 2.476e+002-1.144e+002-2.416e+002 7.450e+002 1.446e+002 2.228e+002
 6.630e+002 2.930e+000 8.400e+001 3.443e+000-9.000e+000-7.107e-001 8.520e-001-6.627e+000 4.079e+001-3.216e+000-1.633e+001-1.298e+000 4.682e+000 2.104e+000 1.040e+000-5.137e+000 1.009e+001 4.609e+000 2.011e+001
 6.750e+002 2.930e+000 7.200e+001 1.579e+000-4.735e+000 1.764e-001 5.379e-001-3.651e+000 2.625e+001-4.255e+000-1.400e+001-1.139e+000 2.188e+000 1.726e+000 1.352e+000-4.161e+000 7.723e+000 4.693e+000 1.964e+001
 6.880e+002 2.930e+000 7.800e+001 9.997e-001-2.422e+000 2.418e-001 1.706e-001-2.447e+000 1.450e+001-2.565e+000-6.924e+000-7.067e-001 1.068e+000 1.200e+000 1.462e+000-2.531e+000 5.523e+000 3.084e+000 1.282e+001
 7.000e+002 2.930e+000 8.100e+001 9.915e-001-3.000e+000 5.613e-001 4.877e-001-2.752e+000 2.548e+001-9.578e+000-1.800e+001-1.307e+000 1.238e+000 6.075e+000 7.534e+000-4.031e+000 1.315e+001 1.005e+001 3.687e+001
 7.130e+002 2.930e+000 6.000e+001 4.048e-001-9.276e-001 1.192e-001-1.966e-001-1.494e+000 1.103e+001-1.368e+000-9.617e-001-4.064e-001 1.356e+000 7.586e-001 1.354e+000-1.323e+000 4.806e+000 1.640e+000 9.771e+000
 7.250e+002 2.930e+000 7.500e+001 5.437e-001-1.441e+000 2.683e-001 4.694e-001-1.484e+000 1.110e+001-2.276e+000-6.458e+000-5.108e-001 6.171e-001 1.097e+000 1.434e+000-1.993e+000 4.464e+000 2.943e+000 1.254e+001
 7.380e+002 2.930e+000 6.900e+001 4.929e-001-1.402e+000 3.861e-001 2.765e-001-1.574e+000 1.272e+001-3.539e+000-6.874e+000-5.842e-001 9.109e-001 1.682e+000 2.962e+000-2.236e+000 7.405e+000 3.740e+000 1.669e+001
 7.500e+002 2.930e+000 9.600e+001 2.340e+000-1.239e+001 2.269e+000 4.747e+000-1.357e+001 1.993e+002-4.372e+001-6.052e+001-3.877e+000 1.794e+001 1.223e+001-4.767e+000-6.552e+000-1.199e+001 1.232e+001 5.078e+001
 7.630e+002 2.930e+000 6.600e+001 4.504e-001-1.108e+000 2.516e-001 4.149e-001-1.259e+000 8.748e+000-1.847e+000-5.301e+000-3.493e-001 3.135e-001 7.560e-001 1.035e+000-1.545e+000 3.347e+000 1.970e+000 9.114e+000
 7.750e+002 2.930e+000 7.200e+001 5.463e-001-1.497e+000 3.445e-001 2.378e-001-1.619e+000 1.224e+001-3.035e+000-6.249e+000-5.423e-001 7.541e-001 1.173e+000 2.089e+000-2.097e+000 7.322e+000 2.904e+000 1.411e+001
 7.880e+002 2.930e+000 8.400e+001 4.478e-001-9.316e-001 2.946e-001 4.559e-001-1.264e+000 7.682e+000-1.711e+000-4.123e+000-3.719e-001 5.113e-001 9.005e-001 1.537e+000-1.646e+000 4.064e+000 2.242e+000 1.087e+001
 8.000e+002 2.930e+000 1.050e+002 8.275e+000-1.989e+001 5.754e+000 2.573e+001-2.140e+001 1.095e+002-1.818e+001-1.220e+002-1.011e+000-1.052e+001 5.132e+000 1.700e+001-2.429e+001 5.750e+000 2.206e+001 1.679e+002
 8.130e+002 2.930e+000 6.900e+001 3.552e-001-7.692e-001 4.336e-001-2.062e-001-1.100e+000 7.038e+000-2.392e+000-3.222e+000-3.490e-001 1.867e-001 1.499e+000 4.825e+000-2.128e+000 8.499e+000 1.855e+000 2.313e+001
 8.250e+002 2.930e+000 6.600e+001 3.470e-001-4.907e-001 3.383e-001 5.280e-001-1.026e+000 5.879e+000-1.774e+000-3.416e+000-2.491e-001 5.416e-001 1.079e+000 2.826e+000-1.703e+000 5.814e+000 2.651e+000 1.656e+001
 8.380e+002 2.930e+000 1.200e+002 8.262e-001-1.110e+000 1.857e+000 2.374e+000-3.666e+000 2.739e+001-1.232e+001-1.463e+001-7.634e-001 3.976e+000 8.453e+000 2.516e+001-7.397e+000 4.372e+001 1.753e+001 1.168e+002
 8.500e+002 2.930e+000 9.000e+001 2.053e+001-1.141e+001 7.555e+001 8.012e+001-1.249e+002 8.624e+002-5.196e+002-5.293e+002-2.788e+001 1.867e+002 3.762e+002 1.144e+003-2.883e+002 1.948e+003 7.850e+002 5.141e+003
 8.630e+002 2.930e+000 8.400e+001 4.047e-001-4.960e-001 8.926e-001 1.215e+000-1.643e+000 1.223e+001-6.348e+000-8.296e+000-4.100e-001 2.070e+000 5.200e+000 1.410e+001-3.501e+000 2.157e+001 1.081e+001 6.401e+001
 8.750e+002 2.930e+000 7.800e+001 3.944e-001-4.860e-001 5.742e-001 8.208e-002-1.180e+000 6.815e+000-3.024e+000-3.320e+000-4.527e-001 1.091e+000 2.416e+000 4.886e+000-1.935e+000 7.249e+000 3.841e+000 2.006e+001
 8.880e+002 2.930e+000 1.290e+002 4.104e-001-8.333e-001 3.228e-001 4.495e-001-1.197e+000 8.979e+000-1.996e+000-4.465e+000-3.088e-001 2.621e-001 1.292e+000 2.669e+000-1.569e+000 4.897e+000 2.984e+000 1.609e+001
 9.000e+002 2.930e+000 9.000e+001 2.630e+000-6.396e+000 3.928e+000 2.810e+000-1.054e+001 7.269e+001-2.299e+001-2.720e+001-2.335e+000 5.135e+000 1.133e+001 2.341e+001-1.202e+001 4.302e+001 1.532e+001 8.186e+001
 9.130e+002 2.930e+000 8.100e+001 1.812e+000-1.836e+000 3.288e+000 8.956e-001-7.642e+000 3.882e+001-1.663e+001-1.479e+001-2.026e+000 6.111e+000 9.114e+000 2.854e+001-1.470e+001 6.300e+001 1.850e+001 1.333e+002
 9.250e+002 2.930e+000 7.800e+001 6.994e-001-1.761e+000 6.433e-001 1.244e+000-2.061e+000 1.379e+001-3.574e+000-1.048e+001-5.196e-001 2.093e-001 1.350e+000 2.636e+000-2.891e+000 7.021e+000 4.011e+000 1.942e+001
 9.380e+002 2.930e+000 1.350e+002 2.766e+000-8.184e+000 1.478e+000 4.167e+000-4.571e+000 4.073e+001-9.986e+000-3.312e+001-2.038e+000-4.420e-001 3.320e+000 4.222e+000-8.961e+000 7.321e+000 1.062e+001 4.864e+001
 9.500e+002 2.930e+000 9.300e+001 7.453e+001-2.383e+002 3.212e+001 1.012e+002-7.851e+001 8.670e+002-2.264e+002-8.558e+002-5.795e+001-4.085e+001 6.344e+001 3.509e+001-2.335e+002-5.789e+001 2.313e+002 9.228e+002
 9.630e+002 2.930e+000 6.900e+001 1.732e+000-5.111e+000 9.437e-001 1.919e+000-2.676e+000 2.277e+001-6.449e+000-2.169e+001-1.476e+000-4.201e-001 2.356e+000 3.554e+000-6.355e+000 5.304e+000 7.110e+000 3.462e+001
 9.750e+002 2.930e+000 9.600e+001 9.304e-001-2.482e+000 5.996e-001 8.775e-001-2.156e+000 1.590e+001-4.080e+000-1.075e+001-8.551e-001 3.740e-001 1.604e+000 2.357e+000-3.220e+000 4.557e+000 4.117e+000 2.089e+001
 9.880e+002 2.930e+000 9.300e+001 6.077e-001-1.177e+000 5.517e-001 2.165e-001-1.836e+000 1.190e+001-3.442e+000-6.270e+000-6.104e-001 8.678e-001 1.678e+000 4.212e+000-3.300e+000 1.072e+001 4.482e+000 2.636e+001
 1.000e+003 2.930e+000 4.230e+002 2.115e+001-3.266e+001 5.814e+001 5.669e+001-1.357e+002 1.011e+003-4.243e+002-6.539e+002-1.939e+001 3.917e+001 1.899e+002 6.358e+002-2.359e+002 1.481e+003 3.800e+002 3.103e+003
 1.130e+003 2.930e+000 1.065e+003 3.548e+001-1.519e+001 9.238e+001 8.220e+001-1.827e+002 1.118e+003-5.115e+002-4.896e+002-2.447e+001 1.132e+002 2.863e+002 9.841e+002-3.608e+002 1.978e+003 5.000e+002 4.364e+003
 1.250e+003 2.930e+000 8.820e+002 4.455e+001 1.559e+000 1.120e+002 2.508e+002-2.580e+002 1.632e+003-6.710e+002-1.287e+003-7.620e-001 3.448e+001 3.052e+002 1.227e+003-4.485e+002 2.730e+003 6.739e+002 6.559e+003
 1.380e+003 2.930e+000 7.410e+002 4.031e+001 6.650e+001 7.946e+001 1.546e+002-2.303e+002 1.867e+003-3.777e+002-1.703e+002-5.850e+001 4.648e+002 2.829e+002 5.522e+002-3.584e+002 2.669e+003 8.753e+002 4.369e+003
 1.500e+003 2.930e+000 6.900e+001 2.295e+000-5.707e+000 1.954e+000 1.912e+000-8.772e+000 6.072e+001-1.200e+001-2.209e+001-1.571e+000 3.145e+000 3.596e+000 1.056e+001-9.995e+000 4.431e+001 1.083e+001 7.117e+001
 1.630e+003 2.930e+000 6.000e+001 5.317e-001-2.342e+000 5.789e-001 1.507e+000-1.244e+000 2.191e+001-1.623e+000-4.984e+000-3.045e-001-2.168e+000 1.149e+000 1.766e+000-1.869e+000-6.196e+000 4.402e+000 2.276e+001
 1.750e+003 2.930e+000 4.800e+001 4.597e+000-2.592e+001 7.229e+000 2.517e+001-6.580e-002 1.586e+002-7.828e+000-8.407e+001-1.716e+000-4.078e+001 1.246e+001 1.797e+001-1.675e+001-1.465e+002 4.796e+001 2.127e+002
 1.880e+003 2.930e+000 7.200e+001 1.635e+000-5.210e+000 1.846e+000 3.539e+000-5.815e+000 4.717e+001-8.761e+000-2.869e+001-1.007e+000-2.256e+000 3.232e+000 6.997e+000-6.984e+000 1.106e+001 1.036e+001 5.043e+001
 2.000e+003 2.930e+000 7.200e+001 1.785e+001-3.766e+001 1.174e+001 2.008e+000-6.495e+001 3.187e+002-8.191e+001-1.766e+002-1.882e+001 4.366e+001 2.800e+001 5.243e+001-8.133e+001 2.903e+002 8.846e+001 3.796e+002
 2.130e+003 2.930e+000 4.800e+001 1.373e+001-3.342e+001 7.952e+000-1.516e+001-5.406e+001 2.957e+002-7.361e+001-9.285e+001-1.743e+001 4.939e+001 2.695e+001 5.643e+001-6.318e+001 2.856e+002 7.191e+001 3.113e+002
 2.250e+003 2.930e+000 6.900e+001 1.442e+000-3.434e+000 8.648e-001 6.791e-002-4.342e+000 2.636e+001-6.322e+000-1.499e+001-1.541e+000 2.547e+000 2.416e+000 4.185e+000-6.684e+000 1.694e+001 7.810e+000 3.708e+001
 2.380e+003 2.930e+000 7.200e+001 6.054e+000-1.328e+001 3.237e+000-5.042e+000-2.164e+001 1.097e+002-2.760e+001-3.698e+001-7.398e+000 1.976e+001 1.128e+001 2.174e+001-2.641e+001 1.067e+002 3.136e+001 1.319e+002
 2.500e+003 2.930e+000 4.200e+001 4.675e-001-1.023e+000 2.011e-001-1.082e+000-1.645e+000 1.091e+001-1.906e+000 7.008e-001-5.390e-001 1.412e+000 9.314e-001 2.542e+000-1.803e+000 6.936e+000 2.272e+000 1.515e+001
 2.630e+003 2.930e+000 6.900e+001 1.421e+000-3.876e+000 6.856e-001-2.219e+000-4.989e+000 3.031e+001-7.353e+000-5.974e+000-1.812e+000 4.321e+000 3.025e+000 6.012e+000-5.117e+000 2.337e+001 6.313e+000 2.647e+001
 2.750e+003 2.930e+000 6.600e+001 8.410e-001-2.387e+000 6.851e-001-4.127e-001-3.558e+000 2.347e+001-5.043e+000-8.125e+000-6.882e-001 7.148e-001 1.691e+000 4.484e+000-3.294e+000 1.505e+001 3.553e+000 2.111e+001
 2.880e+003 2.930e+000 3.900e+001 3.798e-001-9.917e-001 1.209e-001-2.048e-001-1.390e+000 8.543e+000-7.719e-001 9.141e-002-1.646e-001 4.138e-001 4.292e-001 9.636e-001-4.418e-001 2.197e+000 1.091e+000 5.751e+000
 3.000e+003 2.930e+000 7.200e+001 6.520e+000-1.865e+001 1.321e+000-3.905e+000-2.306e+001 1.388e+002-1.168e+001 1.473e+000-2.807e+000 8.379e+000 4.374e+000 1.108e+001-7.740e+000 4.238e+001 1.123e+001 5.981e+001
 3.130e+003 2.930e+000 6.900e+001 8.975e-001-2.533e+000 4.270e-001-4.945e-001-3.601e+000 2.396e+001-3.268e+000-3.077e+000-5.058e-001 7.160e-001 7.706e-001 1.757e+000-1.881e+000 7.763e+000 1.511e+000 9.103e+000
 3.250e+003 2.930e+000 4.800e+001 1.118e+000-3.153e+000 9.140e-001-1.296e+000-4.131e+000 2.540e+001-7.125e+000-9.232e+000-1.197e+000 1.639e+000 2.728e+000 7.026e+000-4.594e+000 2.110e+001 5.647e+000 3.110e+001
 3.380e+003 2.930e+000 7.200e+001 4.681e+000-1.001e+001 3.619e+000 2.480e+000-1.657e+001 8.193e+001-1.948e+001-4.302e+001-3.175e+000 3.133e+000 5.407e+000 1.149e+001-1.612e+001 4.987e+001 1.439e+001 6.436e+001
 3.500e+003 2.930e+000 6.900e+001 1.783e+000-4.083e+000 8.276e-001-1.540e+000-7.196e+000 4.131e+001-5.857e+000-4.076e+000-1.004e+000 1.736e+000 1.481e+000 3.949e+000-4.111e+000 1.888e+001 3.150e+000 1.916e+001
 3.630e+003 2.930e+000 4.800e+001 3.803e+000-8.985e+000 1.903e+000-8.014e-001-1.383e+001 7.419e+001-1.153e+001-1.698e+001-1.969e+000 2.035e+000 2.343e+000 5.079e+000-8.398e+000 3.009e+001 5.125e+000 2.380e+001
 3.750e+003 2.930e+000 6.900e+001 5.941e+000-1.236e+001 2.212e+000-3.266e+000-2.495e+001 1.335e+002-1.286e+001-1.034e+000-1.680e+000 1.919e+000 1.639e+000 3.971e+000-6.948e+000 3.389e+001 1.587e+000 1.388e+001
 3.880e+003 2.930e+000 7.200e+001 3.927e+001-8.275e+001 1.348e+001-2.550e+001-1.594e+002 8.322e+002-8.519e+001-9.803e+000-1.393e+001 2.305e+001 1.366e+001 3.253e+001-4.995e+001 2.460e+002 1.884e+001 1.165e+002
 4.000e+003 2.930e+000 4.800e+001 3.906e+002-7.881e+002 1.208e+002-2.288e+002-1.666e+003 8.701e+003-7.016e+002 2.300e+002-9.272e+001 1.513e+002 5.982e+001 1.694e+002-3.703e+002 2.037e+003 1.853e+001 4.919e+002
 4.130e+003 2.930e+000 7.200e+001 2.732e+001-5.467e+001 8.792e+000-1.455e+001-1.136e+002 5.854e+002-4.953e+001 6.642e+000-6.379e+000 8.458e+000 4.709e+000 1.265e+001-2.665e+001 1.383e+002 2.216e+000 3.770e+001
 4.250e+003 2.930e+000 7.200e+001 5.320e+000-9.931e+000 1.626e+000-3.034e+000-2.116e+001 1.046e+002-8.858e+000 3.142e+000-1.414e+000 2.478e+000 1.191e+000 2.847e+000-5.266e+000 2.555e+001 1.426e+000 1.108e+001
 4.380e+003 2.930e+000 4.800e+001 1.310e+000-2.503e+000 3.027e-001-9.707e-001-5.231e+000 2.727e+001-1.889e+000 2.352e+000-3.363e-001 7.653e-001 2.292e-001 5.644e-001-9.221e-001 4.618e+000 1.739e-001 3.072e+000
 4.500e+003 2.930e+000 6.900e+001 1.179e+000-1.866e+000 3.232e-001-9.029e-001-4.356e+000 2.060e+001-1.806e+000 1.728e+000-3.341e-001 6.026e-001 3.964e-001 8.152e-001-9.302e-001 4.682e+000 4.932e-001 3.562e+000
 4.630e+003 2.930e+000 6.900e+001 1.128e+000-2.170e+000 2.829e-001-1.057e+000-4.355e+000 2.270e+001-1.864e+000 2.347e+000-3.424e-001 8.512e-001 2.666e-001 7.673e-001-1.059e+000 5.786e+000 1.910e-001 3.560e+000
 4.750e+003 2.930e+000 4.800e+001 5.854e-001-1.309e+000 8.847e-002-9.658e-001-2.207e+000 1.198e+001-1.245e+000 1.569e+000-3.279e-001 1.105e+000 3.620e-001 1.028e+000-7.542e-001 5.444e+000 6.704e-001 4.758e+000
 4.880e+003 2.930e+000 6.000e+001 5.834e-001-1.330e+000 2.198e-001-1.574e-001-2.266e+000 1.336e+001-1.413e+000-1.627e+000-1.808e-001 2.080e-001 2.205e-001 4.577e-001-8.599e-001 3.381e+000 3.997e-001 2.387e+000
 5.000e+003 2.930e+000 6.300e+001 4.405e-001-8.951e-001 9.228e-002-5.489e-001-1.605e+000 9.649e+000-9.395e-001 1.309e+000-2.577e-001 8.223e-001 3.637e-001 7.383e-001-6.551e-001 2.469e+000 6.445e-001 4.486e+000
 5.130e+003 2.930e+000 4.800e+001 6.848e-001-1.430e+000 3.408e-001-4.886e-001-2.301e+000 1.145e+001-2.078e+000-1.800e+000-3.879e-001 6.173e-001 4.982e-001 1.219e+000-1.549e+000 6.283e+000 9.105e-001 5.167e+000
 5.250e+003 2.930e+000 4.500e+001 2.177e-001-3.563e-001 5.132e-002-2.225e-001-7.165e-001 3.468e+000-3.007e-001 3.037e-001-9.181e-002 2.452e-001 1.479e-001 3.382e-001-3.467e-001 1.342e+000 3.128e-001 1.930e+000
 5.380e+003 2.930e+000 6.900e+001 3.523e-001-6.333e-001 1.294e-001-5.217e-001-1.192e+000 5.970e+000-1.044e+000 3.015e-001-2.898e-001 8.172e-001 4.586e-001 1.051e+000-8.514e-001 3.847e+000 8.267e-001 4.582e+000
 5.500e+003 2.930e+000 4.200e+001 1.900e-001-2.808e-001 2.584e-002-3.029e-001-6.339e-001 3.102e+000-1.790e-001 8.755e-001-6.622e-002 2.060e-001 8.585e-002 2.147e-001-1.750e-001 7.663e-001 1.291e-001 1.455e+000
 5.630e+003 2.930e+000 6.900e+001 4.324e-001-1.027e+000 1.290e-001-2.697e-001-1.411e+000 7.865e+000-9.393e-001-5.300e-001-2.215e-001 4.514e-001 2.809e-001 5.497e-001-6.865e-001 2.588e+000 5.489e-001 2.831e+000
 5.750e+003 2.930e+000 6.900e+001 4.030e-001-9.595e-001 2.153e-002-3.728e-001-1.261e+000 6.993e+000-4.715e-001 4.986e-001-1.753e-001 6.054e-001 2.310e-001 4.201e-001-3.981e-001 2.098e+000 4.240e-001 2.180e+000
 5.880e+003 2.930e+000 3.900e+001 2.589e-001-5.111e-001-1.626e-002-4.164e-001-7.639e-001 3.665e+000-1.514e-001 1.054e+000-1.333e-001 5.158e-001 1.838e-001 4.087e-001-2.901e-001 1.670e+000 4.293e-001 2.261e+000
 6.000e+003 2.930e+000 7.200e+001 8.121e+000-1.426e+001-7.891e-002-1.515e+001-2.630e+001 1.116e+002-8.837e+000 2.896e+001-5.246e+000 1.706e+001 4.869e+000 1.289e+001-1.179e+001 6.401e+001 1.149e+001 6.281e+001
 6.130e+003 2.930e+000 5.700e+001 3.027e-001-5.580e-001 2.151e-003-4.167e-001-8.534e-001 4.131e+000-1.899e-001 9.719e-001-1.213e-001 3.579e-001 1.474e-001 3.342e-001-2.290e-001 1.110e+000 2.772e-001 1.931e+000
 6.250e+003 2.930e+000 3.300e+001 9.334e-002-1.862e-001-1.881e-002-1.889e-001-3.085e-001 1.719e+000 4.247e-003 6.807e-001-4.667e-002 2.300e-001 7.744e-002 1.762e-001-4.045e-002 3.723e-001 1.204e-001 8.708e-001
 6.380e+003 2.930e+000 3.900e+001 1.202e-001-3.225e-001 1.457e-002-4.186e-002-4.059e-001 2.845e+000-1.380e-001 1.246e-001-3.720e-002 1.289e-001 5.453e-002 8.603e-002-6.339e-002 1.349e-001 8.582e-002 6.121e-001
 6.500e+003 2.930e+000 3.900e+001 9.294e-002-2.802e-001 1.200e-002-6.790e-002-3.445e-001 3.099e+000-1.254e-001 6.424e-001-3.146e-002 2.252e-002 7.058e-002 4.583e-002 2.129e-002-5.946e-001 1.129e-001 1.124e+000
 6.630e+003 2.930e+000 4.200e+001 1.554e-001-3.271e-001 1.948e-002-8.115e-002-4.063e-001 2.029e+000-1.507e-001 8.669e-002-4.551e-002 1.043e-001 8.391e-002 1.401e-001-1.102e-001 4.283e-001 9.191e-002 6.095e-001
 6.750e+003 2.930e+000 6.300e+001 2.070e-001-4.688e-001-1.044e-002-1.989e-001-5.587e-001 3.227e+000-1.677e-001 4.796e-001-8.489e-002 2.667e-001 1.383e-001 1.880e-001-1.164e-001 6.308e-001 1.970e-001 1.139e+000
 6.880e+003 2.930e+000 5.400e+001 2.209e-001-5.641e-001 1.084e-002-8.595e-002-5.831e-001 3.532e+000-1.130e-001 1.281e-001-4.287e-002 1.440e-001 1.075e-001 1.365e-001-1.037e-001 3.888e-001 1.217e-001 7.401e-001
 7.000e+003 2.930e+000 3.900e+001 1.447e-001-3.468e-001-8.764e-003-1.937e-001-4.399e-001 2.489e+000-1.040e-001 4.422e-001-4.820e-002 1.664e-001 7.904e-002 1.373e-001-7.571e-002 5.282e-001 1.122e-001 9.652e-001
 7.130e+003 2.930e+000 6.300e+001 2.426e-001-6.249e-001 8.433e-003-1.908e-001-7.013e-001 4.391e+000-1.761e-001 5.609e-001-7.303e-002 2.205e-001 1.610e-001 2.453e-001-1.025e-001 4.342e-001 2.533e-001 1.392e+000
 7.250e+003 2.930e+000 6.300e+001 2.498e-001-6.757e-001-3.048e-002-2.885e-001-6.674e-001 4.374e+000-1.280e-001 7.787e-001-8.880e-002 4.058e-001 1.484e-001 2.887e-001-1.335e-001 1.084e+000 2.479e-001 1.477e+000
 7.380e+003 2.930e+000 3.900e+001 1.422e-001-3.260e-001-4.106e-003-2.054e-001-4.669e-001 2.879e+000-5.130e-002 9.385e-001-5.162e-002 2.226e-001 1.304e-001 2.705e-001-3.242e-002 3.101e-001 1.365e-001 1.259e+000
 7.500e+003 2.930e+000 5.400e+001 2.494e-001-6.679e-001-1.393e-002-2.508e-001-8.470e-001 5.702e+000-2.296e-001 8.506e-001-1.178e-001 5.071e-001 1.967e-001 2.955e-001-1.061e-001 5.756e-001 3.059e-001 1.755e+000
 7.630e+003 2.930e+000 6.300e+001 3.267e-001-7.566e-001 3.387e-002-2.389e-001-9.312e-001 5.572e+000-2.695e-001 5.953e-001-1.187e-001 2.978e-001 2.741e-001 5.044e-001-2.774e-001 5.557e-001 4.537e-001 2.806e+000
 7.750e+003 2.930e+000 4.800e+001 3.891e-001-8.243e-001 4.067e-002-6.785e-001-1.079e+000 5.528e+000-5.425e-001 1.347e+000-2.696e-001 8.650e-001 4.101e-001 9.930e-001-6.390e-001 3.142e+000 7.296e-001 4.420e+000
 7.880e+003 2.930e+000 7.200e+001 1.532e+000-2.694e+000 4.344e-001-3.395e+000-4.572e+000 2.001e+001-3.714e+000 2.836e+000-1.544e+000 3.933e+000 2.017e+000 5.637e+000-4.881e+000 1.935e+001 4.657e+000 2.778e+001
 8.000e+003 2.930e+000 7.200e+001 1.936e+001-2.986e+001 5.099e+000-5.168e+001-6.144e+001 2.457e+002-4.690e+001 7.105e+001-2.083e+001 5.765e+001 2.494e+001 7.513e+001-6.199e+001 2.695e+002 5.603e+001 3.545e+002
 8.130e+003 2.930e+000 4.800e+001 5.425e-001-9.105e-001 1.750e-001-9.137e-001-1.501e+000 6.594e+000-1.071e+000 1.022e+000-4.618e-001 1.108e+000 7.690e-001 1.993e+000-1.439e+000 5.024e+000 1.541e+000 9.023e+000
 8.250e+003 2.930e+000 6.900e+001 5.051e-001-1.114e+000 8.157e-002-7.132e-001-1.289e+000 6.578e+000-7.385e-001 7.726e-001-3.084e-001 7.322e-001 4.670e-001 1.158e+000-8.308e-001 3.251e+000 8.482e-001 5.427e+000
 8.380e+003 2.930e+000 6.300e+001 5.156e-001-1.409e+000 2.455e-002-2.569e-001-1.224e+000 7.294e+000-2.820e-001 2.536e-001-1.273e-001 2.886e-001 2.796e-001 4.929e-001-2.508e-001 1.018e+000 4.304e-001 2.189e+000
 8.500e+003 2.930e+000 3.900e+001 2.340e-001-6.292e-001-2.560e-002-2.697e-001-6.135e-001 3.611e+000-5.701e-002 7.300e-001-6.046e-002 2.534e-001 8.475e-002 1.612e-001-6.167e-002 7.576e-001 1.267e-001 1.001e+000
 8.630e+003 2.930e+000 4.800e+001 2.551e-001-6.318e-001 6.172e-003-1.831e-001-7.713e-001 5.103e+000-2.038e-001 5.938e-001-7.433e-002 2.812e-001 1.189e-001 1.584e-001-3.586e-002 1.730e-001 1.094e-001 9.584e-001
 8.750e+003 2.930e+000 4.800e+001 3.219e-001-8.753e-001-1.380e-003-1.283e-001-8.060e-001 4.940e+000-1.079e-001 4.978e-001-6.682e-002 2.254e-001 1.379e-001 2.146e-001-4.363e-002 2.998e-001 1.376e-001 8.371e-001
 8.880e+003 2.930e+000 3.900e+001 2.426e-001-6.275e-001-2.699e-002-2.163e-001-6.258e-001 3.845e+000-3.903e-002 6.715e-001-4.932e-002 2.129e-001 1.063e-001 1.563e-001 3.989e-003 1.922e-001 6.308e-002 8.795e-001
 9.000e+003 2.930e+000 5.400e+001 4.638e-001-1.425e+000-2.863e-002-1.610e-001-1.152e+000 7.744e+000-7.400e-002 1.020e+000-6.442e-002 2.970e-001 1.629e-001 2.725e-001 1.179e-001-3.731e-002 1.479e-001 1.211e+000
 9.130e+003 2.930e+000 4.800e+001 3.525e-001-1.107e+000-5.405e-002-8.529e-002-8.865e-001 6.403e+000 2.749e-003 7.263e-001-5.593e-002 3.468e-001 9.644e-002 1.310e-001 7.915e-002-2.716e-001 6.711e-002 7.952e-001
 9.250e+003 2.930e+000 4.200e+001 1.845e-001-5.533e-001-1.052e-002-8.003e-002-3.913e-001 2.867e+000-7.824e-002 1.412e-001-3.684e-002 1.370e-001 8.974e-002 9.104e-002-3.669e-002 2.228e-001 7.379e-002 3.871e-001
 9.380e+003 2.930e+000 4.800e+001 2.315e-001-6.078e-001 7.396e-003-1.298e-001-5.275e-001 3.183e+000-8.743e-002 4.826e-001-3.187e-002 1.081e-001 9.280e-002 9.367e-002 2.092e-002 2.466e-001 7.101e-002 4.387e-001
 9.500e+003 2.930e+000 6.000e+001 3.695e-001-1.063e+000-1.569e-002-1.754e-001-8.911e-001 5.729e+000-7.747e-002 6.502e-001-4.447e-002 1.928e-001 9.801e-002 1.121e-001 6.219e-002 2.226e-001 6.287e-002 6.217e-001
 9.630e+003 2.930e+000 4.200e+001 2.723e-001-8.432e-001 1.643e-003-4.590e-002-5.929e-001 4.253e+000-1.533e-001 3.221e-001-5.851e-002 1.503e-001 8.945e-002 9.267e-002 2.982e-002 5.770e-003 6.512e-002 4.385e-001
 9.750e+003 2.930e+000 5.400e+001 4.372e-001-1.319e+000-4.377e-002-2.239e-001-1.084e+000 7.574e+000-1.104e-001 1.017e+000-7.499e-002 3.209e-001 1.033e-001 1.807e-001 1.208e-001 8.812e-002 1.159e-001 1.029e+000
 9.880e+003 2.930e+000 5.100e+001 3.341e-001-1.008e+000-3.784e-002-2.049e-001-7.683e-001 5.491e+000-5.000e-002 8.566e-001-6.481e-002 2.949e-001 1.238e-001 2.132e-001 6.635e-002 2.195e-001 1.023e-001 9.170e-001
 1.000e+004 2.930e+000 2.730e+002 1.797e+000-5.471e+000-1.118e-001-1.096e+000-4.195e+000 2.953e+001-6.688e-001 3.182e+000-3.419e-001 1.184e+000 5.983e-001 1.058e+000 1.673e-003 2.502e+000 7.235e-001 5.086e+000
 1.130e+004 2.930e+000 4.890e+002 3.266e+000-1.025e+001-7.187e-001-3.910e+000-6.871e+000 5.230e+001-9.711e-001 1.307e+001-9.852e-001 4.772e+000 2.339e+000 5.940e+000 7.669e-001 8.337e+000 3.439e+000 2.649e+001
 1.250e+004 2.930e+000 4.560e+002 4.060e+000-1.357e+001 1.301e+000 6.611e+000-7.052e+000 6.322e+001 7.667e-001-1.256e+001 6.591e-001-4.122e+000 4.732e+000 1.506e+001-1.991e+000-2.000e+001 9.778e+000 7.619e+001
 1.380e+004 2.930e+000 3.900e+002 1.962e+000-7.007e+000-2.011e-001-1.066e+000-3.741e+000 3.679e+001-7.233e-001 4.242e+000-3.969e-001 1.868e+000 1.024e+000 2.270e+000 1.531e-001 2.057e+000 1.430e+000 1.133e+001
 1.500e+004 2.930e+000 2.580e+002 1.099e+000-4.185e+000-9.374e-002 2.432e-001-1.997e+000 2.295e+001 3.240e-001 1.541e+000 1.878e-002 5.380e-001 3.155e-001 4.263e-001 4.067e-001-2.319e+000 1.458e-001 2.171e+000
 1.630e+004 2.930e+000 3.600e+002 1.194e+000-4.504e+000 7.852e-001 3.352e+000-1.539e+000 2.253e+001 1.418e+000-1.089e+001 4.737e-001-3.388e+000 2.312e+000 7.720e+000-2.113e+000-1.280e+001 3.602e+000 3.608e+001
 1.750e+004 2.930e+000 2.790e+002 3.691e+000-1.618e+001-3.296e-001-3.379e+000-6.979e+000 8.735e+001-4.667e+000 4.715e+000-1.170e+000 3.892e+000 8.429e-001 1.818e+000-4.376e-001 1.576e+001 8.048e-001 6.716e+000
 1.880e+004 2.930e+000 3.480e+002 6.706e+000-3.029e+001-6.555e-001-8.375e+000-1.239e+001 1.638e+002-9.810e+000 9.495e+000-2.424e+000 7.821e+000 1.475e+000 4.017e+000-1.490e+000 4.072e+001 1.891e+000 1.635e+001
 2.000e+004 2.930e+000 5.130e+002 1.998e+001-1.227e+002 2.628e+000 1.031e+002-3.313e+001 8.196e+002 1.134e+002 5.412e+001 1.872e+001-4.620e+001 2.060e+001 1.042e+002 3.488e+001-7.053e+002 5.120e+001 6.666e+002
 2.130e+004 2.930e+000 3.120e+002 1.000e+000-4.331e+000 8.549e-003-2.065e-001-1.428e+000 2.456e+001-4.491e-001 1.121e-002-1.339e-001 2.684e-001 4.539e-001 1.114e+000-1.835e-001 2.577e-001 6.017e-001 6.093e+000
 2.250e+004 2.930e+000 3.810e+002 9.891e+001-6.197e+002 2.323e+001 3.810e+002-1.479e+002 4.111e+003 3.151e+002-2.615e+002 5.575e+001-2.291e+002 3.724e+001 2.040e+002 4.921e+001-2.465e+003 1.176e+002 1.498e+003
 2.380e+004 2.930e+000 5.670e+002 7.422e+001-4.150e+002-5.847e+000-1.797e+001-1.320e+002 2.566e+003-4.206e+001 1.588e+002-9.747e+000 5.040e+001 4.252e+000 1.461e+001 2.152e+001 5.072e+001 3.786e+000 7.531e+001
 2.500e+004 2.930e+000 2.550e+002 4.624e-001-2.209e+000-1.964e-002 8.628e-002-5.099e-001 1.376e+001 6.246e-002 1.158e+000 1.784e-003 1.760e-001 1.769e-001 1.948e-001 2.078e-001-1.256e+000 8.122e-002 1.285e+000
 2.630e+004 2.930e+000 9.000e+001 6.205e-002 1.932e+000 9.511e-003-1.529e+000 2.120e+000 3.578e+002-6.552e-001-3.687e+001 2.139e-002 1.918e+000 6.595e-002-6.295e-001-1.196e+000-2.361e+002-1.185e+000 1.599e+002
 2.750e+004 2.930e+000 1.950e+002 1.479e-001-9.366e-001-2.470e-001 1.216e+000-3.580e-001 1.252e+001 5.132e+000 1.881e+001 3.803e-001 1.059e+000 2.569e+000 1.235e+001 2.222e+000-2.316e+001 6.585e+000 7.904e+001
 2.880e+004 2.930e+000 9.000e+001 3.114e-002-5.945e-002-4.475e-003 4.503e-002-2.644e-002 5.937e-001 1.450e-001 4.286e-001 1.395e-002 2.170e-002 8.126e-002 2.767e-001 6.038e-002-6.309e-001 1.108e-001 1.575e+000
 3.000e+004 2.930e+000 7.800e+001 2.522e-002-1.932e-002 4.468e-003 9.652e-003-1.506e-003 1.288e-001 1.623e-002 1.599e-002 3.558e-003-1.011e-002 3.314e-002 1.247e-002 8.446e-003-6.619e-002 7.950e-003 7.040e-002
 3.130e+004 2.930e+000 1.890e+002 7.564e-001-5.096e+000 2.978e-002 1.133e+000-1.584e+000 4.004e+001 7.893e-001 8.867e-001 1.197e-001-4.767e-001 1.162e-001 2.660e-001 4.504e-001-9.192e+000 2.041e-001 2.779e+000
 3.250e+004 2.930e+000 9.300e+001 2.812e-002-4.336e-002-1.147e-002 1.039e-002-1.570e-002 5.321e-001 1.697e-001 8.216e-001 8.073e-003 9.561e-002 1.211e-001 4.448e-001 6.368e-002-5.994e-001 2.062e-001 2.627e+000
 3.380e+004 2.930e+000 5.700e+001 1.254e-002-6.955e-003-3.299e-004-1.433e-003-7.647e-003 8.705e-002-1.521e-003 1.828e-003 3.451e-003-6.331e-003 2.078e-002 1.036e-003 5.507e-003-2.516e-002 5.580e-003 2.197e-002
 3.500e+004 2.930e+000 1.680e+002 4.475e-002-4.271e-002 5.078e-003-8.602e-002-2.809e-002 2.995e-001-8.187e-002-2.295e-002-1.668e-002 2.946e-002 1.334e-001 3.774e-001-5.148e-002 4.165e-001 2.136e-001 2.044e+000
 3.630e+004 2.930e+000 1.620e+002 4.997e-002-1.280e-001-6.748e-002-2.449e-001-1.149e-001 1.477e+000 3.672e-001 3.601e+000-8.416e-003 5.023e-001 3.272e-001 1.516e+000 3.357e-001-6.887e-001 7.259e-001 9.974e+000
 3.750e+004 2.930e+000 5.700e+001 9.437e-003-5.585e-003-4.175e-004 1.663e-003-5.884e-004 4.740e-002 6.375e-003 1.072e-002 3.161e-003 1.619e-004 1.656e-002 6.650e-003-5.095e-004-1.943e-002 4.897e-004 2.968e-002
 3.880e+004 2.930e+000 4.800e+001 9.445e-003-1.883e-003 1.426e-003-8.905e-005-9.426e-005 4.545e-002 5.343e-003 6.813e-003 1.789e-003 9.610e-004 1.357e-002 3.532e-003 1.361e-003-3.406e-002 2.008e-003 4.331e-002
 4.000e+004 2.930e+000 9.000e+001 1.948e-002-1.615e-002-6.996e-003-2.205e-002-1.792e-002 2.188e-001 2.564e-002 2.000e-001-2.540e-003 3.948e-002 3.882e-002 8.206e-002 1.541e-002-2.778e-002 4.169e-002 4.510e-001
 4.130e+004 2.930e+000 4.500e+001 5.230e-003-2.804e-003-1.654e-004 1.959e-003-9.439e-004 1.755e-002 2.291e-004-2.089e-004 2.229e-003-3.118e-003 1.257e-002 4.409e-004 6.068e-004-7.840e-003 2.266e-003 7.931e-003
 4.250e+004 2.930e+000 5.100e+001 6.983e-003-1.916e-003 6.125e-004 1.075e-003-5.700e-004 9.934e-003 2.837e-003 6.940e-004-7.627e-004-1.798e-003 9.885e-003 1.423e-003-5.041e-004-4.065e-003 1.178e-003 5.259e-003
 4.380e+004 2.930e+000 1.080e+002 2.214e-002-4.018e-002-8.960e-003-6.023e-002-3.462e-002 3.879e-001 2.959e-002 5.606e-001-6.384e-003 1.066e-001 5.946e-002 1.703e-001 3.704e-002 1.438e-001 9.832e-002 9.985e-001
 4.500e+004 2.930e+000 6.000e+001 8.502e-003-2.875e-003 1.474e-003 1.551e-003-1.328e-003 1.292e-002 5.237e-004 2.859e-004 9.872e-004-1.789e-003 1.018e-002 3.355e-004 6.625e-005-4.847e-003 2.911e-003 5.695e-003
 4.630e+004 2.930e+000 8.700e+001 1.338e-002-2.931e-003-3.444e-004 1.869e-003 1.262e-004 2.052e-002 7.404e-004 1.104e-003 1.291e-003-8.824e-004 1.593e-002 2.623e-003 7.348e-005-7.756e-003 5.336e-004 9.030e-003
 4.750e+004 2.930e+000 6.900e+001 1.059e-002-4.947e-003-6.247e-004-1.005e-002-9.512e-003 4.717e-002 8.176e-004 3.719e-002 2.788e-005 7.348e-003 1.303e-002 1.319e-002 2.751e-003 1.043e-002 1.105e-002 8.568e-002
 4.880e+004 2.930e+000 6.900e+001 7.215e-003-1.420e-003 2.917e-003 3.373e-004-9.999e-004 1.596e-002-7.406e-004 6.521e-003 1.343e-003-1.094e-003 1.247e-002 4.823e-003-4.306e-004-3.764e-003 4.164e-003 2.408e-002
 5.000e+004 2.930e+000 5.700e+001 6.071e-003-7.933e-004 3.536e-004 4.821e-004-9.405e-004 1.143e-002-4.503e-004-2.496e-004 1.838e-004-6.751e-004 8.443e-003-2.228e-004-6.919e-004-4.988e-003 1.048e-003 5.418e-003
 5.130e+004 2.930e+000 6.000e+001 4.632e-003-1.713e-003-1.077e-003-1.360e-003-7.977e-004 7.890e-003-1.173e-003 2.371e-003 5.604e-006 2.000e-003 9.960e-003 3.230e-003 8.334e-004 1.876e-003 2.083e-003 7.298e-003
 5.250e+004 2.930e+000 7.500e+001 9.834e-003-1.474e-002-2.568e-003-1.869e-002-1.315e-002 1.601e-001 3.718e-004 1.244e-001-1.943e-003 3.265e-002 1.942e-002 2.874e-002 2.534e-003 7.588e-002 1.854e-002 1.628e-001
 5.380e+004 2.930e+000 2.340e+002 4.502e-001-2.815e+000-1.847e-002-1.831e+000-1.658e+000 2.473e+001-2.282e+000 2.415e+000-3.595e-001 1.507e+000 3.333e-001 1.503e+000-7.058e-001 1.466e+001 6.768e-001 8.968e+000
 5.500e+004 2.930e+000 3.600e+001 2.987e-003-3.055e-003 2.821e-004-1.362e-003-2.021e-003 1.264e-002-1.611e-003 5.396e-004-3.757e-004-2.556e-005 4.345e-003 3.206e-004-4.101e-004 4.586e-003 6.210e-004 4.886e-003
 5.630e+004 2.930e+000 6.900e+001 8.429e-003-6.124e-003 7.200e-004-8.447e-003-6.310e-003 4.272e-002-6.241e-003 2.796e-002-2.341e-003 8.340e-003 1.144e-002 1.661e-002-3.621e-003 4.657e-002 8.145e-003 1.032e-001
 5.750e+004 2.930e+000 2.700e+001 2.606e-003-4.865e-004 2.920e-004 8.572e-005-3.645e-004 1.254e-003-1.807e-004 7.438e-005 6.747e-004 5.557e-005 3.826e-003 5.311e-004 2.823e-004-2.969e-004 5.592e-004 5.897e-004
 5.880e+004 2.930e+000 3.000e+001 2.390e-003-1.106e-004-5.558e-004-1.969e-004 7.642e-006 1.444e-003 2.080e-005-2.168e-004 2.801e-004-2.679e-004 3.976e-003 2.412e-004-1.431e-004-4.337e-004 4.645e-004 8.644e-004
 6.000e+004 2.930e+000 4.800e+001 1.011e-002-5.245e-002 1.137e-003-6.249e-003-3.058e-002 4.774e-001-1.334e-002-1.115e-002-1.284e-003 1.185e-004 4.516e-003 2.357e-003-5.195e-003 5.694e-002 5.906e-004 1.298e-002
 6.130e+004 2.930e+000 5.400e+001 3.981e-003-6.440e-004-1.438e-004 3.474e-004-1.584e-004 5.523e-003-1.510e-005-4.162e-004 2.251e-004-6.420e-004 4.360e-003 1.504e-004 4.410e-004-2.621e-003 1.242e-003 2.552e-003
 6.250e+004 2.930e+000 5.700e+001 3.935e-003-3.001e-004 4.108e-005 2.914e-004-5.057e-004 2.232e-003-7.242e-005 6.884e-005 3.853e-004-4.301e-004 5.618e-003 1.160e-004 7.209e-004-3.364e-004 1.138e-003 1.888e-003
 6.380e+004 2.930e+000 1.020e+002 1.348e-002-3.006e-002-2.607e-003-4.343e-002-2.648e-002 2.468e-001-2.645e-002 1.350e-001-8.118e-003 4.237e-002 1.920e-002 5.024e-002-6.605e-003 2.273e-001 2.570e-002 2.954e-001
 6.500e+004 2.930e+000 5.400e+001 3.878e-003-2.641e-004-1.590e-005-4.349e-004-1.345e-003 5.362e-003-6.886e-004 5.277e-004 1.866e-004-3.790e-004 3.607e-003 1.703e-004-3.857e-005 1.316e-003-2.251e-004 2.941e-003
 6.630e+004 2.930e+000 3.900e+001 1.636e-003-3.851e-004 5.180e-005 1.222e-006 9.603e-005 1.654e-003-2.218e-004 0.000e+000-2.169e-004 2.988e-005 2.672e-003-3.102e-005 3.293e-005-6.366e-004-1.725e-004 6.997e-004
 6.750e+004 2.930e+000 4.500e+001 2.136e-003-2.153e-003 5.626e-004 4.338e-004-4.408e-004 1.089e-002 1.221e-003 1.242e-003 4.192e-004-1.132e-003 3.325e-003-2.260e-005 3.241e-004-3.050e-003 7.381e-004 1.930e-003
 6.880e+004 2.930e+000 1.800e+002 1.316e-001-1.023e+000-1.295e-002 3.787e-001-6.100e-001 1.148e+001 5.430e-001 9.877e-001 5.736e-002-1.802e-001 4.091e-002 2.137e-001 3.454e-001-4.852e+000 1.233e-001 2.140e+000
 7.000e+004 2.930e+000 6.000e+001 2.597e-003 3.447e-004 1.691e-004-4.672e-004-5.211e-004 3.750e-003-1.715e-004 6.003e-005 1.681e-005-5.501e-004 3.418e-003-2.050e-004 1.293e-004-1.269e-003 1.574e-004 1.148e-003
 7.130e+004 2.930e+000 4.500e+001 1.559e-003-3.236e-004-1.652e-005-5.749e-005-1.541e-004 2.784e-003-2.945e-004 5.923e-004 2.060e-004 1.110e-003 2.738e-003 4.632e-004-3.330e-004 2.947e-004 3.943e-004 1.481e-003
 7.250e+004 2.930e+000 4.500e+001 2.093e-003-3.279e-003 5.099e-005-3.361e-003-3.100e-003 3.230e-002-4.913e-003 1.024e-002-1.041e-003 5.069e-003 4.058e-003 5.942e-003-1.124e-003 2.183e-002 2.205e-003 2.147e-002
 7.380e+004 2.930e+000 3.300e+001 1.023e-003 2.153e-004 2.457e-004-1.572e-004-5.044e-004 1.782e-003-2.031e-004-5.751e-005-7.787e-005-1.319e-004 1.397e-003 4.533e-005 1.363e-004-6.900e-004 2.183e-004 8.045e-004
 7.500e+004 2.930e+000 4.200e+001 1.257e-003-2.256e-004-2.807e-004 1.465e-004-2.679e-004 1.578e-003 2.959e-005-1.699e-004-2.850e-005 7.774e-006 1.543e-003 6.969e-005-1.616e-005-4.509e-004-6.073e-005 5.642e-004
 7.630e+004 2.930e+000 3.900e+001 1.446e-003-2.012e-004-1.548e-005-6.965e-005-7.323e-006 7.184e-004 2.132e-004 5.545e-005 2.674e-005-1.506e-004 1.757e-003 9.980e-005 5.458e-007-5.498e-005 2.140e-004 1.658e-004
 7.750e+004 2.930e+000 3.000e+001 9.206e-004 2.317e-004-7.943e-005 7.832e-005-4.449e-004 1.191e-003 3.796e-004-5.413e-005 6.692e-005-1.544e-004 1.105e-003 3.725e-005 1.652e-004-2.707e-004 1.251e-004 2.165e-004
 7.880e+004 2.930e+000 3.900e+001 1.151e-003-5.574e-005-6.783e-005 5.449e-006-1.811e-004 1.336e-003-3.592e-005 1.063e-004 3.159e-004 1.573e-004 1.958e-003 3.558e-005-2.780e-005-1.063e-004-4.446e-005 1.063e-004
 8.000e+004 2.930e+000 5.100e+001 1.653e-003-4.159e-004-1.915e-004-7.706e-004-7.148e-004 3.227e-002-1.279e-003-5.988e-003-1.969e-004 2.444e-003 1.979e-003-6.645e-004-4.620e-004-1.579e-002 7.008e-004 2.190e-002
 8.130e+004 2.930e+000 4.800e+001 1.860e-003-5.323e-004-1.754e-005 5.729e-005-2.316e-004 1.503e-003 3.423e-004 5.190e-005 1.754e-004-3.165e-004 1.777e-003-7.845e-005 5.327e-005-2.594e-004 2.548e-004 4.153e-004
 8.250e+004 2.930e+000 3.900e+001 1.056e-003-3.387e-004 2.481e-005 7.663e-005-2.203e-004 4.019e-003-4.674e-004 5.588e-004-8.837e-005 4.662e-004 1.239e-003 3.484e-005 5.448e-005-2.030e-004-1.019e-004 3.555e-004
 8.380e+004 2.930e+000 6.000e+001 1.760e-003-6.172e-004 7.995e-005 2.181e-005-5.010e-004 3.915e-003-9.435e-006 0.000e+000 2.509e-005-8.836e-005 1.716e-003 7.250e-005-1.735e-005-1.999e-004-6.506e-005 1.500e-004
 8.500e+004 2.930e+000 7.800e+001 2.100e-003 3.459e-004-2.111e-004 6.515e-005-2.721e-003 1.119e-002 3.059e-004-1.478e-004 2.514e-004 8.661e-005 2.374e-003 2.412e-005 1.865e-004-8.368e-004 4.356e-005 2.463e-004
 8.630e+004 2.930e+000 8.700e+001 2.030e-003-9.582e-005 1.716e-004 1.447e-004-2.117e-003 9.796e-003-7.537e-004-3.883e-004 6.073e-005-1.363e-004 2.515e-003-2.474e-004 2.774e-004-1.265e-003 1.519e-004 7.310e-004
 8.750e+004 2.930e+000 7.800e+001 2.401e-003-1.758e-003 7.527e-005 3.670e-004-4.721e-003 3.742e-002-5.888e-004-3.309e-003 3.381e-004-1.098e-003 1.344e-003-1.202e-004 2.711e-004-2.733e-003 3.684e-004 1.727e-003
 8.880e+004 2.930e+000 9.600e+001 2.684e-003-1.740e-003 3.021e-004 6.579e-004-8.054e-003 6.889e-002-2.526e-003-4.632e-003 2.499e-004-1.903e-003 2.858e-003 4.266e-005 1.220e-003-1.219e-002 2.116e-003 7.088e-003
 9.000e+004 2.930e+000 1.680e+002 6.725e-003-3.802e-003 1.902e-004 5.005e-004-3.523e-002 2.925e-001 5.445e-004 1.387e-003 1.754e-004-1.835e-003 4.107e-003 1.318e-003 6.782e-003-6.000e-002 2.961e-003 2.637e-002
 9.130e+004 2.930e+000 2.250e+002 1.175e-002-8.389e-003-8.900e-004-1.269e-003-7.792e-002 7.138e-001 4.362e-003 1.940e-002 6.787e-004-5.646e-003 5.800e-003 1.991e-003 8.399e-003-7.914e-002 5.381e-003 3.612e-002
 9.250e+004 2.930e+000 1.470e+002 7.607e-003-9.701e-003 3.145e-004 3.638e-003-4.806e-002 4.403e-001-5.581e-004-1.874e-002-8.475e-005 4.310e-004 3.572e-003-8.136e-005 5.080e-003-5.729e-002 2.912e-003 2.518e-002
 9.380e+004 2.930e+000 1.230e+002 6.678e-003-6.403e-003-1.885e-004 1.875e-003-4.185e-002 4.000e-001 1.946e-003-3.209e-003 7.807e-004-4.435e-003 2.791e-003 8.176e-004 7.944e-003-7.770e-002 2.181e-003 2.398e-002
 9.500e+004 2.930e+000 1.590e+002 8.022e-003-2.059e-002-8.179e-004 7.111e-004-4.216e-002 3.946e-001 7.565e-003 2.180e-002 4.122e-004 2.215e-004 4.523e-003 1.860e-003 8.247e-003-6.104e-002 1.472e-003 1.625e-002
 9.630e+004 2.930e+000 0.000e+000 0.000e+000 0.000e+000 0.000e+000 0.000e+000 0.000e+000 0.000e+000 0.000e+000 0.000e+000 0.000e+000 0.000e+000 0.000e+000 0.000e+000 0.000e+000 0.000e+000 0.000e+000 0.000e+000
 9.750e+004 2.930e+000 0.000e+000 0.000e+000 0.000e+000 0.000e+000 0.000e+000 0.000e+000 0.000e+000 0.000e+000 0.000e+000 0.000e+000 0.000e+000 0.000e+000 0.000e+000 0.000e+000 0.000e+000 0.000e+000 0.000e+000
 9.880e+004 2.930e+000 0.000e+000 0.000e+000 0.000e+000 0.000e+000 0.000e+000 0.000e+000 0.000e+000 0.000e+000 0.000e+000 0.000e+000 0.000e+000 0.000e+000 0.000e+000 0.000e+000 0.000e+000 0.000e+000 0.000e+000
 1.000e+005 2.930e+000 0.000e+000 0.000e+000 0.000e+000 0.000e+000 0.000e+000 0.000e+000 0.000e+000 0.000e+000 0.000e+000 0.000e+000 0.000e+000 0.000e+000 0.000e+000 0.000e+000 0.000e+000 0.000e+000 0.000e+000
