       12.6          0          0          0          0          0          0
          0          0          0          0          0          0          0          0
       15.8      0.844        347       22.2      0.758        818       31.6
      -3.26      -6.86        -12      -2.05      -5.89      -11.1      -17.5       2.05
         20      0.839        318       36.4       0.68        551       30.6
      -6.47         -4      -11.1      -6.08      -10.3      -9.94      -8.12      -1.65
       25.1      0.813        375         32       0.77        499       23.6
      -6.74       -3.3       -9.8      -5.35      -11.9      -6.89      -7.74      -1.95
       31.6      0.688        345         28      0.622        375       27.3
      -6.66      -1.39      -8.82      -7.05       -9.1      -3.27      -12.4      -4.42
       39.8      0.898        323       29.9      0.517  1.04e+003       35.8
      -3.73      -0.78      -12.2      -7.79      -2.11      -3.16      -22.3      -10.7
       50.1      0.981        262         37      0.384  1.59e+004         52
      -2.68       1.55      -12.4      -9.82       7.16       5.01      -30.5      -21.3
       63.1      0.907        223       27.4      0.595        941       29.7
      -4.92      0.607      -9.79      -6.69      -5.56      -1.65      -16.4      -9.97
       79.4      0.876        281       24.3      0.814        421       12.4
       -6.9      0.561      -8.89      -5.73       -9.8      -2.08      -10.1      -3.99
        100       0.79        194       28.3      0.677        391       26.3
      -6.04     -0.342      -6.93      -5.61      -7.91       -3.2      -8.54      -3.49
        126      0.908        232       26.9      0.901        244       21.9
      -5.66      -1.18      -8.04      -5.06      -8.89      -3.97      -5.96      -2.27
        158       0.91        243       32.5      0.938        182       22.8
      -5.92       1.08      -5.82       -7.8      -8.75      -4.12      -4.41      -1.92
        200      0.965        202       2.65       0.99        191       12.6
      -10.1      0.357      -2.83      -2.16      -11.8      -3.91      -1.64       1.23
        251      0.999        114       29.2      0.999        119       19.3
      -4.34      0.514      -4.91      -5.35      -7.81      -2.79      -2.43      -1.03
        316      0.971        131       16.6      0.983        135       15.7
       3.66      0.163      -14.3      -3.54      -5.85      -3.15       -5.6     -0.244
        398      0.995        107       21.5      0.996        122       18.7
      -2.27       1.88      -7.21      -5.87      -9.01      -3.57      -1.57     0.0969
        501      0.999       76.7       31.5      0.999       87.5       26.4
      -1.52      0.756       -6.2      -5.41      -8.75      -5.43      0.487       1.09
        631      0.967        100       51.3      0.969        332       17.3
       3.05      -1.33      -8.44      -5.94      -9.43      -11.2      -5.49       6.34
        794      0.995       94.3         48      0.991        118       45.2
     -0.697      -1.63      -5.87      -5.32      -15.2      -4.46       8.74       -2.8
     1e+003       0.95       81.4       49.4      0.951        159       41.6
      0.299       6.89      -4.94      -13.4      -8.97       7.89       2.24      -16.3
  1.26e+003      0.853        111       27.8      0.962        192       30.2
      -5.61      0.283     -0.974      -4.09      -12.9      -1.82       2.21      -6.29
  1.58e+003      0.898       86.7       38.1      0.959        139       22.4
       0.22       4.89       -6.7      -10.6      -13.9       0.56       4.88      -6.51
     2e+003      0.985       92.3       24.3      0.998        147       17.5
       2.77       5.37      -10.7      -10.9      -13.4      -1.89       2.73      -1.73
  2.51e+003      0.941       79.7       17.7       0.99        131       15.7
       4.36       2.37      -13.3      -6.27      -11.7      -1.63       1.39      -1.89
  3.16e+003      0.969       92.9       24.7      0.989        113       20.5
       1.75      0.489      -10.5      -4.57      -10.6      -3.11       1.06     -0.677
  3.98e+003      0.978        185          2      0.931        150       25.8
       7.18      -2.76      -16.9       2.13       -6.9       1.21      -2.84      -4.21
  5.01e+003      0.954       91.7       16.1      0.981       70.2       15.5
       3.59      0.279      -12.9      -2.97      -7.05     -0.718      -1.15      -2.06
  6.31e+003      0.931        159       7.11      0.978       64.2       7.71
       3.33       3.02      -13.6      -4.36      -6.48     0.0684      -1.08      -2.97
  7.94e+003      0.961       51.3       4.98      0.994       48.8       13.3
       1.81       1.31      -8.54      -2.72       -5.8      -1.56      -1.35     -0.437
     1e+004      0.977       41.3       18.1      0.968       34.2       21.4
       1.07      0.303      -6.56      -2.21      -4.83      -1.94     -0.952     -0.419
  1.26e+004      0.947       41.4       3.27      0.995       37.2       14.3
       1.83      0.997      -7.28      -2.74      -5.23      -1.23     -0.625      -1.22
  1.58e+004      0.876       28.4       2.77      0.994       31.3       15.5
       1.27      0.573      -4.84      -1.99      -5.18      -1.81      -1.26    -0.0159
     2e+004       0.72       27.3       8.35      0.995       26.8       13.9
       1.25      0.059      -4.34      -2.67      -4.96      -1.47      -1.47       0.24
  2.51e+004      0.857       33.6         39      0.997       18.2       11.9
      0.777     -0.408      -4.41      -3.15      -4.14      -0.86     -0.242     -0.464
  3.16e+004      0.619       57.5       35.2      0.984       15.3       13.3
      0.648     -0.619       -3.2      -1.74      -3.81     -0.903        0.8      -1.34
  3.98e+004      0.951       73.8         26      0.997       11.2       16.4
      0.535     -0.833      -3.74     -0.888      -3.21     -0.961      0.131    -0.0465
  5.01e+004      0.939       21.9       25.5      0.978       7.11       31.5
     -0.384     -0.315      -3.15      -2.03      -2.37      -1.15     -0.174      -0.65
  6.31e+004      0.882         17       35.2      0.955       6.44       42.2
      0.123      0.234      -3.13       -2.2      -1.78      -1.63    -0.0566     0.0421
  7.94e+004      0.634       10.4       43.6      0.871       6.13       51.4
      0.122     -0.147      -1.47      -1.36      -1.36      -1.67    -0.0938     -0.311
     1e+005      0.757       11.2       19.4      0.598       3.49       29.6
      0.454     0.0951      -2.32     -0.856     -0.949     -0.555      0.117    -0.0605
  1.26e+005          0          0          0          0          0          0
          0          0          0          0          0          0          0          0
  1.58e+005          0          0          0          0          0          0
          0          0          0          0          0          0          0          0
     2e+005          0          0          0          0          0          0
          0          0          0          0          0          0          0          0
  2.51e+005          0          0          0          0          0          0
          0          0          0          0          0          0          0          0
  3.16e+005          0          0          0          0          0          0
          0          0          0          0          0          0          0          0
  3.98e+005          0          0          0          0          0          0
          0          0          0          0          0          0          0          0
  5.01e+005          0          0          0          0          0          0
          0          0          0          0          0          0          0          0
  6.31e+005          0          0          0          0          0          0
          0          0          0          0          0          0          0          0
  7.94e+005          0          0          0          0          0          0
          0          0          0          0          0          0          0          0
     1e+006          0          0          0          0          0          0
          0          0          0          0          0          0          0          0
  1.26e+006          0          0          0          0          0          0
          0          0          0          0          0          0          0          0
  1.58e+006          0          0          0          0          0          0
          0          0          0          0          0          0          0          0
     2e+006          0          0          0          0          0          0
          0          0          0          0          0          0          0          0
  2.51e+006          0          0          0          0          0          0
          0          0          0          0          0          0          0          0
  3.16e+006          0          0          0          0          0          0
          0          0          0          0          0          0          0          0
  3.98e+006          0          0          0          0          0          0
          0          0          0          0          0          0          0          0
  5.01e+006          0          0          0          0          0          0
          0          0          0          0          0          0          0          0
  6.31e+006          0          0          0          0          0          0
          0          0          0          0          0          0          0          0
