       12.6          0          0          0          0          0          0
          0          0          0          0          0          0          0          0
       15.8        0.4        155       46.6      0.579        734       28.3
     -0.405       7.36      -4.83      -4.77      -15.8      -8.87       8.67      -2.75
         20      0.285        108       14.9      0.673        343       30.5
     -0.626       2.46      -3.61     -0.376      -14.8      -8.62       10.8       -3.4
       25.1      0.657       76.8       52.4      0.463        175       42.3
      -2.51        2.2      -3.79      -6.22      -6.55      -5.21       5.18      -2.96
       31.6      0.659       48.1       51.8      0.152       46.4       71.5
      -0.26     0.0128      -3.04      -3.96      0.436      -1.03       1.38       2.33
       39.8      0.588       18.3       36.9      0.479        416       27.7
      -3.22       1.07      -1.96      -1.92      -10.6       -3.7      0.155      -5.33
       50.1      0.843       84.8       11.8      0.462  3.59e+003          2
       2.47      0.111      -7.18      -1.68      -17.8      -1.11       38.7      -15.5
       63.1      0.756       76.2       39.2      0.654        505       20.8
       1.56      0.542      -5.69      -4.82      -17.3     -0.425         14      -5.99
       79.4      0.822       79.2       45.5      0.781        215       27.5
       2.07      0.932      -6.41      -6.26      -14.2      -3.24       7.98      -1.66
        100      0.657        121       37.1      0.831        271       17.6
       4.32       1.87      -7.94      -5.44      -15.9      -3.65       7.73     -0.842
        126      0.805        147       41.7      0.861        188         18
       3.85       1.39      -9.57      -7.76        -14      -2.19       7.89      -2.61
        158      0.784        172       34.4      0.906        207       18.3
       4.89        1.4      -11.9      -7.83      -14.8      -2.26       7.92      -3.11
        200      0.908        215       11.2      0.968        274       10.4
       4.59       0.61      -10.4       -6.4      -12.9      -1.41       6.18      -4.33
        251      0.994        589       12.3      0.999        285       9.79
       5.16       2.54      -11.1      -7.46      -13.4       -2.3       6.55      -3.29
        316      0.933        210       26.6      0.976        148       13.3
       3.11      0.866      -9.22      -7.18      -10.4      -2.44        3.3      -1.42
        398       0.93        193         28      0.979        113       11.7
       2.64      0.567      -8.94      -6.84       -9.4      -2.15       2.68      -1.69
        501      0.987        297       39.2      0.992        103       37.7
       1.48       4.06      -8.33      -7.54      -6.78      -5.62       1.92     -0.423
        631      0.966       35.4       42.1      0.906       31.7       4.32
      0.224       2.75      -5.65         -3      -6.35       -3.7       1.89      -2.08
        794      0.917       64.5       45.9      0.987        117       47.9
       4.54       3.55      -6.19      -1.93       -6.6      -5.46       1.81      -3.07
     1e+003      0.675         46       20.2      0.867        151         50
       1.15       6.37      -2.37      0.756      -4.36      -7.48      0.214      -5.05
  1.26e+003      0.925        154       65.4      0.866        178       44.4
    -0.0797      -1.89      -6.34       12.1      -0.89      0.745        1.9      -16.9
  1.58e+003      0.726        106       12.2      0.888        109       38.1
      0.726       9.85       1.29      0.822      -3.79      -9.94      -3.06      -5.24
     2e+003      0.977        157       7.56      0.986        108       24.5
       1.62     -0.776      -11.5     -0.441      -5.87      -4.01       3.21      -3.04
  2.51e+003      0.967        163       4.49      0.964         91       27.3
       1.74        1.3      -9.56      0.814      -5.17      -3.91       3.82      -2.59
  3.16e+003      0.928        114       16.9      0.954        106       38.1
       4.46      0.976      -7.42      -4.42      -7.52      -4.66       1.56       1.02
  3.98e+003      0.999        108       13.3      0.867        316         84
      -1.06     -0.661      -10.3      -2.16      -4.23      -1.53       4.36       1.54
  5.01e+003      0.951       98.5       15.5      0.797       84.8       41.9
       2.04      0.412      -8.51      -3.02      -4.89      -2.48       3.74       1.76
  6.31e+003      0.962       74.1         18      0.903       64.6       22.1
        1.7      -0.27      -6.95       -2.6      -4.99      -2.21       2.92       1.23
  7.94e+003      0.969       95.3       8.59      0.975       72.6       27.3
        2.1     -0.952      -7.27      -2.91      -5.84       -2.8       2.73       1.08
     1e+004      0.849       28.1         48      0.943       54.3       42.8
       1.32        0.5       -4.3      -3.93      -5.13      -4.54     0.0881     -0.476
  1.26e+004      0.864       24.2       56.3      0.966       56.3       47.5
       1.26      0.465      -3.64      -4.39      -4.85      -5.34     -0.103    -0.0218
  1.58e+004      0.862       18.3       71.5      0.973       59.8       50.4
      0.828      0.064      -2.54      -4.04       -4.5      -5.84     -0.703     -0.108
     2e+004       0.98       55.3         67      0.977       49.8       51.4
       1.74      0.286      -4.13      -7.08       -4.9      -5.59      0.659      0.323
  2.51e+004      0.995       83.5       62.9      0.795       71.8       31.3
       2.01    -0.0209       -4.1      -7.94      -4.51      -4.39      0.886      0.689
  3.16e+004      0.381       13.2       87.5      0.726       40.2         41
      0.243      -1.13     -0.312     -0.952      -3.25      -2.89     -0.652      -1.06
  3.98e+004      0.342       35.1       63.5      0.732       30.3       52.3
       1.95      -1.01     -0.979      -1.05      -2.33      -3.24     -0.222        1.2
  5.01e+004      0.957        127         46      0.888       59.9       40.1
       3.07       2.35      -5.37      -5.94      -1.88      -1.35       3.33       3.39
  6.31e+004      0.816       83.2       49.8      0.556         18       50.4
      0.681     -0.285      -4.89      -5.63      -1.61      -1.83      0.501    -0.0444
  7.94e+004        0.5       7.95       15.9     0.0686      0.854       74.8
       0.19   -0.00965      -1.38     -0.382   -0.00592    -0.0711    -0.0703     0.0759
     1e+005      0.797       62.7       10.3      0.352       5.72       7.03
     0.0308     -0.244       -6.2       -1.1     -0.691     -0.135     -0.536      0.308
  1.26e+005          0          0          0          0          0          0
          0          0          0          0          0          0          0          0
  1.58e+005          0          0          0          0          0          0
          0          0          0          0          0          0          0          0
     2e+005          0          0          0          0          0          0
          0          0          0          0          0          0          0          0
  2.51e+005          0          0          0          0          0          0
          0          0          0          0          0          0          0          0
  3.16e+005          0          0          0          0          0          0
          0          0          0          0          0          0          0          0
  3.98e+005          0          0          0          0          0          0
          0          0          0          0          0          0          0          0
  5.01e+005          0          0          0          0          0          0
          0          0          0          0          0          0          0          0
  6.31e+005          0          0          0          0          0          0
          0          0          0          0          0          0          0          0
  7.94e+005          0          0          0          0          0          0
          0          0          0          0          0          0          0          0
     1e+006          0          0          0          0          0          0
          0          0          0          0          0          0          0          0
  1.26e+006          0          0          0          0          0          0
          0          0          0          0          0          0          0          0
  1.58e+006          0          0          0          0          0          0
          0          0          0          0          0          0          0          0
     2e+006          0          0          0          0          0          0
          0          0          0          0          0          0          0          0
  2.51e+006          0          0          0          0          0          0
          0          0          0          0          0          0          0          0
  3.16e+006          0          0          0          0          0          0
          0          0          0          0          0          0          0          0
  3.98e+006          0          0          0          0          0          0
          0          0          0          0          0          0          0          0
  5.01e+006          0          0          0          0          0          0
          0          0          0          0          0          0          0          0
  6.31e+006          0          0          0          0          0          0
          0          0          0          0          0          0          0          0
