       12.6          0          0          0          0          0          0
          0          0          0          0          0          0          0          0
       15.8          0          0          0          0          0          0
          0          0          0          0          0          0          0          0
         20      0.666        236         24      0.323        293       24.8
      -1.85      -1.78       9.42       5.03      -1.61      -3.79      -9.41      -3.12
       25.1      0.584        480       16.9      0.343        259       40.5
       2.72     -0.415       11.8       3.43      -2.49      -4.87      -11.9     -0.761
       31.6      0.841        189       24.6      0.362        488       6.15
       3.41     -0.064         10       4.28      -3.91       -2.9        -13       -1.3
       39.8      0.828        230       23.4      0.365        492       18.3
      0.108        1.2       11.5       4.77      -3.38      -1.43      -12.6      -3.74
       50.1      0.907        105         26      0.244  4.13e+003       20.1
        5.2     -0.603       7.86       4.04       1.56      -0.65      -17.7      -8.68
       63.1       0.75        164       34.2      0.255        289       20.6
       4.12      -2.91       8.56       5.56      -5.85     -0.692      -9.22      -4.26
       79.4      0.867        140       24.8      0.498        220         23
       4.63      -2.69       8.92       4.66      -5.21      -2.17       -7.1      -1.67
        100      0.811        152       18.2      0.694        149       28.8
       3.74       0.14       8.09        3.5      -4.52      -2.88      -6.31     -0.553
        126      0.832       84.3       23.7      0.741        121       19.4
      0.867      -2.16       6.64       4.06      -3.27         -2      -3.84     -0.483
        158      0.836       71.1       24.1      0.805       92.2       20.9
       1.43      -2.86       6.21       4.41      -4.88      -1.11      -3.21     -0.974
        200      0.983       75.9       12.1       0.96        170       17.1
      0.767      -3.75       8.08        3.8      -3.91      -1.49      -4.88      -1.05
        251          1       53.4       26.3      0.999        134       17.8
     -0.546      -3.68       6.71       5.09      -3.27      -1.65      -3.82      -1.17
        316      0.946       47.7       18.8      0.947        101       16.9
       -3.7      -3.05        8.1       3.96      -2.79      -1.36       -4.1      -1.25
        398       0.98       49.5       26.4       0.96        102       22.5
     -0.678      -3.94       6.59       5.21      -3.49      -1.48      -3.52      -1.37
        501      0.998       40.4       34.1      0.994        104         35
      -1.68      -3.57       6.24       4.93      -3.39      -2.18      -2.42      -1.18
        631       0.78       39.7       84.3      0.901        234       72.5
      -1.75     -0.999      0.331       5.13      -3.98      -2.31      -1.33      -5.01
        794      0.996       32.9         47      0.993       96.3       45.2
      -1.47      0.232       4.64        4.1      -7.97      -2.72      0.698      -2.11
     1e+003      0.969       20.8       48.5      0.979       97.5       39.4
      -2.93      -3.38       4.11       5.31      -4.39       1.83     -0.855      -4.53
  1.26e+003      0.928       24.9       35.2      0.988        119       34.4
       4.23        2.3       1.76       1.07      -6.39     -0.372     -0.847      -3.36
  1.58e+003      0.931       30.2       53.1      0.966       85.5       33.8
      -2.57      -2.78       4.62       5.64      -6.89     0.0294     -0.497      -3.37
     2e+003      0.988       34.2         31      0.996        109       23.3
      -8.61      -4.33       9.38       6.33      -3.39     -0.971      -3.21      -2.46
  2.51e+003      0.978         28       24.1      0.994       95.5       25.2
      -9.78      0.768       10.4       2.72      -3.55      -1.67      -2.76         -2
  3.16e+003      0.971       36.3       34.3      0.983       85.1       27.3
      -5.51     -0.504       8.11       3.73      -3.74      -1.71      -2.74      -1.72
  3.98e+003      0.971       79.3       11.1      0.789        134       57.3
      -7.22       4.55       9.08     -0.528      -2.98     -0.118      -3.17      -2.04
  5.01e+003      0.928         36       24.3      0.958       62.3       20.8
      -6.09       1.21       8.74       1.87      -3.15     -0.744      -2.71      -1.64
  6.31e+003       0.91         45       4.73      0.963       57.8          2
      -10.2      -4.53       10.4       4.96      -1.71      0.369      -3.34      -2.14
  7.94e+003      0.951       16.5       6.01      0.993       44.7       7.69
      -10.9      -3.31       9.74       4.54      -1.67     -0.855      -3.01      -1.01
     1e+004      0.954       11.4       18.9      0.979       34.5       8.64
      -3.83     -0.396       5.26       2.11      -2.41     -0.387      -2.06       -1.1
  1.26e+004      0.885       8.75         14      0.994       20.3       6.22
       -5.8     -0.174       6.88       2.38      -2.46     -0.855      -1.77     -0.733
  1.58e+004      0.748       2.76       57.1      0.996       13.6         11
      -3.75     -0.105       4.46       1.96      -2.42     -0.955      -1.47     -0.675
     2e+004     0.0208       9.35       29.8       0.98       9.61       13.4
      -2.96       -0.4       2.84       3.04      -2.21      -1.02      -1.63      -0.49
  2.51e+004      0.628       21.8       67.2      0.965       6.33         17
      -2.37      0.436       3.61       3.49      -1.87     -0.625      -1.12       -0.9
  3.16e+004      0.662         36       54.4      0.982       4.92       22.2
      -1.61       1.12       2.82       1.15      -1.68     -0.695      -1.22     -0.804
  3.98e+004      0.925       74.4       72.9      0.994       3.45       36.4
      -1.42       1.34       2.43      0.779       -1.4      -0.86     -0.946     -0.429
  5.01e+004      0.958       17.6       45.7      0.885       5.72       62.3
     -0.147     -0.182       3.01       2.88      -1.09      -0.68      -1.15      -1.16
  6.31e+004       0.86       20.2       50.4        0.8       4.21       58.5
     -0.873      -1.06       2.92       3.11     -0.816      -1.07     -0.738     -0.834
  7.94e+004      0.715       12.4       52.9      0.736       4.59       58.4
     -0.306      0.181       1.64       1.86     -0.657     -0.943     -0.777     -0.791
     1e+005      0.684       11.9       12.8      0.461       1.33       29.7
     -0.627     -0.165        2.3      0.526     -0.458     -0.266     -0.351     -0.183
  1.26e+005          0          0          0          0          0          0
          0          0          0          0          0          0          0          0
  1.58e+005          0          0          0          0          0          0
          0          0          0          0          0          0          0          0
     2e+005          0          0          0          0          0          0
          0          0          0          0          0          0          0          0
  2.51e+005          0          0          0          0          0          0
          0          0          0          0          0          0          0          0
  3.16e+005          0          0          0          0          0          0
          0          0          0          0          0          0          0          0
  3.98e+005          0          0          0          0          0          0
          0          0          0          0          0          0          0          0
  5.01e+005          0          0          0          0          0          0
          0          0          0          0          0          0          0          0
  6.31e+005          0          0          0          0          0          0
          0          0          0          0          0          0          0          0
  7.94e+005          0          0          0          0          0          0
          0          0          0          0          0          0          0          0
     1e+006          0          0          0          0          0          0
          0          0          0          0          0          0          0          0
  1.26e+006          0          0          0          0          0          0
          0          0          0          0          0          0          0          0
  1.58e+006          0          0          0          0          0          0
          0          0          0          0          0          0          0          0
     2e+006          0          0          0          0          0          0
          0          0          0          0          0          0          0          0
  2.51e+006          0          0          0          0          0          0
          0          0          0          0          0          0          0          0
  3.16e+006          0          0          0          0          0          0
          0          0          0          0          0          0          0          0
  3.98e+006          0          0          0          0          0          0
          0          0          0          0          0          0          0          0
  5.01e+006          0          0          0          0          0          0
          0          0          0          0          0          0          0          0
  6.31e+006          0          0          0          0          0          0
          0          0          0          0          0          0          0          0
