       12.6          0          0          0          0          0          0
          0          0          0          0          0          0          0          0
       15.8      0.703        227       42.5      0.259  1.03e+003       24.8
       4.68       1.79       7.34       6.25       7.46       2.78      -2.16       2.99
         20      0.765        215       42.3      0.752        530       25.6
       1.89       1.12       8.71       8.02       15.7       7.27       0.83      -1.01
       25.1      0.763        238       41.8      0.539        506         25
        1.9      0.187       8.55       8.04       11.4       5.48         -5      0.258
       31.6      0.795        254       49.4       0.57        751       21.8
       2.63      0.141       8.54       9.65       13.9       5.75      -7.13     -0.465
       39.8      0.824        208       43.2      0.562        535       18.4
       2.11      -0.38       8.99       8.08       10.4       4.35      -13.7      0.648
       50.1      0.956       99.8         29      0.804  3.94e+003       24.1
      -1.16      0.758       8.12       5.01       6.83       5.63      -23.3       1.69
       63.1      0.796        184       33.2      0.562        813       16.1
        2.4      -1.26       9.35       5.48       10.7       2.61      -13.2       1.32
       79.4      0.804        279       42.2      0.727        245       17.9
       1.15      -0.48       10.2       8.77       9.73        3.2      -5.63      0.767
        100      0.731        284       37.7      0.699        256       15.8
     -0.513       -1.3       9.37       7.06       8.08       3.03      -6.48       2.06
        126      0.864        425       36.7      0.534       74.7       9.14
     -0.946      0.376       13.7       10.9       2.96      0.579      -8.76      0.012
        158      0.907        534         36      0.627       83.5       10.1
      0.427      0.374       17.4       12.5       3.67      0.599      -7.88     0.0162
        200      0.993        404       42.5      0.951        112       15.7
      0.318      0.255       15.2       13.6       2.96      0.756      -8.95       1.64
        251          1        487       39.6      0.999        115       14.2
       1.91      -2.51       18.2       10.6       4.77       2.28      -6.42       1.65
        316      0.982        361       41.5      0.953       78.8       14.2
       0.81       2.46       15.4       14.6       6.44       1.28      -2.41     -0.395
        398      0.988        270         34      0.936         61       12.7
       0.84     -0.468       14.2       8.38       6.33       1.97     -0.884      0.686
        501      0.995        388       45.9      0.968       47.6       33.2
        4.3      -12.1       12.8       1.98       2.27       4.53      -2.56       2.02
        631      0.993        267       9.36      0.349        311       50.7
       8.45      -3.46       17.4       3.44       1.95       2.12      -2.39      0.939
        794        0.9        854       23.1      0.953       33.3         54
       4.45      -3.72       17.8       4.39       3.15        3.7      -3.16      0.774
     1e+003      0.706        913         27      0.957       39.5       57.1
       4.89      -7.74       11.5      0.775        2.8       5.01     -0.891       2.25
  1.26e+003      0.955  1.15e+003       4.66      0.927       50.7       45.2
     -0.652      -1.18       29.7       4.58       4.21       1.36      -9.81       2.99
  1.58e+003      0.839        320       24.7      0.869       54.8       32.2
      -2.27       -6.2          7       4.77       4.43       4.42      0.361       1.78
     2e+003      0.978        234       8.12      0.982       34.2       26.5
      -1.26       2.21       14.8       4.86       4.99       2.97     0.0823      0.496
  2.51e+003      0.981        193       5.13      0.935       31.5       27.7
       1.92       -1.7       14.9     -0.921       3.59       3.51     -0.803       1.48
  3.16e+003      0.979        142       18.9      0.734       56.7       32.8
      -1.78     -0.143       9.98       3.74       4.52       2.82     -0.155      -0.18
  3.98e+003      0.993        184       23.4      0.979       53.2       38.1
      -2.94      -3.38       8.93       3.95       5.74       2.78     -0.535      -1.26
  5.01e+003      0.918        114       25.3      0.523       87.1         25
      -2.96      0.181       8.22       4.81       4.24       1.38      -1.22      -0.84
  6.31e+003       0.97        104       15.3      0.855       35.2       23.6
      -2.46       1.05       8.57       3.35       4.48       1.71     -0.378     -0.416
  7.94e+003       0.96       92.4       20.4      0.878       24.3       25.4
      -1.03       2.09       8.34       3.87       3.83       1.69     -0.282     -0.523
     1e+004      0.981       76.7       38.3      0.418       21.9       8.98
     -0.354       1.08       6.87       5.08       1.93      0.715     0.0513     -0.302
  1.26e+004      0.945       80.6       40.6      0.339       26.7       22.2
      -1.11       1.03       6.82       5.37       1.96      0.797     -0.221      -0.21
  1.58e+004      0.941       90.4       46.8      0.167       20.6       31.5
     -0.292       1.39        6.3       6.08      0.473      0.194      0.114      0.183
     2e+004      0.998       88.4       53.1      0.994       10.9         45
       1.18       1.45        4.6       5.58       2.33       2.29    -0.0219     0.0291
  2.51e+004      0.997         78       54.6      0.407       16.8       57.2
      -0.53      0.236       5.18       7.16       1.06      0.736     -0.502     0.0339
  3.16e+004          0          0          0          0          0          0
          0          0          0          0          0          0          0          0
  3.98e+004          0          0          0          0          0          0
          0          0          0          0          0          0          0          0
  5.01e+004      0.917       80.3       48.8      0.669       7.85       41.4
      -2.05      -1.94       4.58       5.35      0.787      0.533     -0.806     -0.963
  6.31e+004      0.688       56.4       48.2      0.584       5.93       25.4
       0.73      0.739       3.22       3.66       1.15      0.531      0.677      0.295
  7.94e+004          0          0          0          0          0          0
          0          0          0          0          0          0          0          0
     1e+005      0.797       73.3       16.2      0.586        2.5         28
       1.86      0.873       5.74       1.64       0.62      0.248      0.478      0.339
  1.26e+005          0          0          0          0          0          0
          0          0          0          0          0          0          0          0
  1.58e+005          0          0          0          0          0          0
          0          0          0          0          0          0          0          0
     2e+005          0          0          0          0          0          0
          0          0          0          0          0          0          0          0
  2.51e+005          0          0          0          0          0          0
          0          0          0          0          0          0          0          0
  3.16e+005          0          0          0          0          0          0
          0          0          0          0          0          0          0          0
  3.98e+005          0          0          0          0          0          0
          0          0          0          0          0          0          0          0
  5.01e+005          0          0          0          0          0          0
          0          0          0          0          0          0          0          0
  6.31e+005          0          0          0          0          0          0
          0          0          0          0          0          0          0          0
  7.94e+005          0          0          0          0          0          0
          0          0          0          0          0          0          0          0
     1e+006          0          0          0          0          0          0
          0          0          0          0          0          0          0          0
  1.26e+006          0          0          0          0          0          0
          0          0          0          0          0          0          0          0
  1.58e+006          0          0          0          0          0          0
          0          0          0          0          0          0          0          0
     2e+006          0          0          0          0          0          0
          0          0          0          0          0          0          0          0
  2.51e+006          0          0          0          0          0          0
          0          0          0          0          0          0          0          0
  3.16e+006          0          0          0          0          0          0
          0          0          0          0          0          0          0          0
  3.98e+006          0          0          0          0          0          0
          0          0          0          0          0          0          0          0
  5.01e+006          0          0          0          0          0          0
          0          0          0          0          0          0          0          0
  6.31e+006          0          0          0          0          0          0
          0          0          0          0          0          0          0          0
