       12.6          0          0          0          0          0          0
          0          0          0          0          0          0          0          0
       15.8          0          0          0          0          0          0
          0          0          0          0          0          0          0          0
         20          0          0          0          0          0          0
          0          0          0          0          0          0          0          0
       25.1          0          0          0          0          0          0
          0          0          0          0          0          0          0          0
       31.6          0          0          0          0          0          0
          0          0          0          0          0          0          0          0
       39.8      0.162        609       69.2      0.534        592       17.4
       5.23        4.4     -0.256       4.96      -5.44      -3.07       10.9       2.59
       50.1      0.326       30.1         88       0.75  2.38e+003         24
      -3.14       2.01       -0.6       2.47       1.58      -2.48       15.8       1.41
       63.1      0.148        141       35.7      0.709        269       23.8
       5.59       2.37       3.19       1.25      -6.65      -3.74        8.1     -0.362
       79.4      0.166        340       76.6      0.743        234       18.2
       1.68       2.13       1.58       3.99      -5.16       -2.8       7.23      0.643
        100      0.134        263       64.3      0.704        197       14.1
       1.13      -3.64       1.41     0.0807      -3.19      -1.06       8.33       1.26
        126      0.275         91       53.6      0.535       47.2       15.4
       1.62       1.01       3.08       3.04      0.612     -0.312       9.13        1.4
        158          0          0          0          0          0          0
          0          0          0          0          0          0          0          0
        200      0.704       8.58       67.4      0.952        108       16.1
      -1.03      0.347     0.0761       2.48     -0.255      -1.57       8.47      -1.95
        251      0.994       9.68       73.3      0.998       79.6       15.3
     -0.496      0.572      0.548       3.48     -0.593      -1.41       6.61    -0.0778
        316      0.743       9.96       62.6      0.958       59.2       14.6
       3.36      0.229       3.84       1.86      -3.55      -1.02       3.55       0.29
        398      0.879        8.4       71.6      0.987       56.4       16.3
       1.95       1.59       2.74       3.35      -3.63       -2.1          3     -0.737
        501      0.993       21.6       74.1      0.995       48.2       17.3
      -1.08       2.34       1.17       5.94      -3.82      -4.29       1.07      -1.83
        631      0.973       17.8       77.6       0.79       23.4       81.5
      -1.63     -0.286       1.29       4.12      -2.44      -2.31      0.982     -0.619
        794      0.948       25.3       37.3      0.987         35       55.5
      -2.27       1.83       2.06        5.8      -3.42      -6.42     -0.788      -1.75
     1e+003      0.746       13.8       16.3      0.975       55.1       54.6
      -3.07      -1.66     -0.468       1.33      -2.22      -6.03       1.48      -1.35
  1.26e+003      0.377       18.1       17.6      0.961       59.7       37.2
      -1.67       1.66      0.872       2.83      -8.51      -6.21      -5.16     0.0313
  1.58e+003      0.814         41         88      0.982       45.2       25.2
       2.17       5.11       5.22       6.73      -6.76      -2.72     -0.529      0.854
     2e+003      0.977       19.2       61.5      0.996       40.1       29.4
       1.87       3.82       4.77       6.28      -7.11       -2.4      -1.15       1.12
  2.51e+003      0.918       20.8       63.5      0.987       37.3         25
       3.15       1.94       5.15       4.38      -6.25      -1.74     -0.487       1.08
  3.16e+003      0.943         35       55.7      0.976         31       29.7
       2.48       1.19       4.74       4.12      -4.99      -2.05      0.269      0.756
  3.98e+003      0.983       55.1       36.5      0.921       8.24       32.6
       3.91     -0.291       4.53       2.77      -3.81     -0.907      0.997      0.713
  5.01e+003      0.871       42.2       45.5      0.945       22.3       22.1
       2.97      0.692        5.2       3.26       -4.3      -1.16      0.467       0.94
  6.31e+003      0.774       25.4         18       0.96       20.1       14.4
        2.9     -0.294       5.53       2.07      -3.63     -0.676      0.525       1.25
  7.94e+003      0.899         20       42.8      0.963         16       35.5
       3.83       1.31       6.45        3.5      -4.53       -1.9      -1.44      0.517
     1e+004      0.904       31.5       51.1      0.932       12.9       44.7
       1.45        1.5       3.74       4.46      -2.43      -2.28     -0.122      0.196
  1.26e+004      0.238       40.8       65.7      0.987       20.2       44.1
       2.76       1.73       3.15          5      -3.24      -3.04     -0.196      0.113
  1.58e+004      0.324        128         39      0.989         21       47.6
       2.63       1.15       1.96       4.77      -3.04      -3.28      0.165      0.572
     2e+004      0.865        107       61.2      0.987         26       53.3
       2.39       1.31       2.66       6.91      -3.02      -4.03     0.0604   -0.00419
  2.51e+004      0.975       77.7         67      0.985         21       50.4
       1.79      0.788       2.91       7.52      -2.93      -3.68    -0.0383       0.64
  3.16e+004      0.596        101       80.5      0.962       21.9       54.2
        1.9      0.631       1.22       3.55      -2.66      -3.63      0.171      0.171
  3.98e+004      0.771        168       84.4      0.985       23.1       56.2
       2.31      0.516       1.11       2.58      -2.59      -3.82      0.592      -0.42
  5.01e+004      0.957       95.5       57.3      0.776       32.3       61.1
      0.194     -0.122       5.08       7.83      -2.24      -3.29      0.683       1.84
  6.31e+004      0.877        123       49.6      0.857       26.5       50.3
        1.8       2.28       5.29       6.28      -2.52      -3.51     -0.673      0.308
  7.94e+004      0.712       38.9       40.9      0.804         18       49.2
       1.03      0.355       2.76       2.76      -2.08      -2.59     -0.527     0.0989
     1e+005      0.752         73       16.3      0.641       10.2       23.1
        2.3      0.959       5.14       1.53      -1.42     -0.601      -1.07     -0.299
  1.26e+005          0          0          0          0          0          0
          0          0          0          0          0          0          0          0
  1.58e+005          0          0          0          0          0          0
          0          0          0          0          0          0          0          0
     2e+005          0          0          0          0          0          0
          0          0          0          0          0          0          0          0
  2.51e+005          0          0          0          0          0          0
          0          0          0          0          0          0          0          0
  3.16e+005          0          0          0          0          0          0
          0          0          0          0          0          0          0          0
  3.98e+005          0          0          0          0          0          0
          0          0          0          0          0          0          0          0
  5.01e+005          0          0          0          0          0          0
          0          0          0          0          0          0          0          0
  6.31e+005          0          0          0          0          0          0
          0          0          0          0          0          0          0          0
  7.94e+005          0          0          0          0          0          0
          0          0          0          0          0          0          0          0
     1e+006          0          0          0          0          0          0
          0          0          0          0          0          0          0          0
  1.26e+006          0          0          0          0          0          0
          0          0          0          0          0          0          0          0
  1.58e+006          0          0          0          0          0          0
          0          0          0          0          0          0          0          0
     2e+006          0          0          0          0          0          0
          0          0          0          0          0          0          0          0
  2.51e+006          0          0          0          0          0          0
          0          0          0          0          0          0          0          0
  3.16e+006          0          0          0          0          0          0
          0          0          0          0          0          0          0          0
  3.98e+006          0          0          0          0          0          0
          0          0          0          0          0          0          0          0
  5.01e+006          0          0          0          0          0          0
          0          0          0          0          0          0          0          0
  6.31e+006          0          0          0          0          0          0
          0          0          0          0          0          0          0          0
