       12.6          0          0          0          0          0          0
          0          0          0          0          0          0          0          0
       15.8      0.401       90.1       19.9      0.735        664       21.4
       7.72       2.76      -1.45     -0.197      -16.8      -6.17       1.69          2
         20      0.611        136       28.3      0.674        916       26.5
       6.96       5.71      -2.22     -0.967      -11.4      -7.86       9.78      0.295
       25.1      0.727        152       17.9      0.701        818       8.34
       6.15       1.69      -5.34      -2.03      -14.3      0.685       10.7       6.28
       31.6      0.663        103       33.1      0.682        948        6.9
       5.03       2.17      -3.71      -2.26      -14.1      -1.78       11.9       4.13
       39.8      0.815        129       24.4      0.592   1.4e+003       21.3
       4.79       3.42      -5.81      -2.42      -6.41      -1.16       23.4       7.81
       50.1      0.953       88.7       25.2      0.822  8.35e+003       36.5
       5.45       3.08      -5.78      -3.23      -16.8      -12.9       34.8       13.2
       63.1      0.866        102         19      0.667   1.8e+003       20.3
        5.1       2.84      -5.26      -1.61      -5.85     -0.466       25.6       8.02
       79.4      0.806       76.9       21.2      0.586        773       7.07
       4.82       2.81      -4.51      -1.47      -6.82       1.16       14.7       4.27
        100      0.574       31.6       14.5      0.379        303       10.3
       4.58       2.68       -4.8       -1.1      -11.3       -3.8       11.3       1.59
        126      0.715       61.5       31.2      0.569        177       2.26
       3.41       2.26      -4.74      -1.92      -6.08     -0.904       11.4       2.82
        158      0.927       47.4       17.8      0.739        733       20.1
       3.72       2.08      -4.67      -1.49      -6.56      -1.76       11.2       2.29
        200      0.981       39.9       7.89      0.941        783       4.66
       1.96       1.67      -5.29     0.0389      -4.67    -0.0183       11.9        2.4
        251      0.999       35.4       24.9      0.996        486       22.2
       3.36       2.18      -3.45      -1.42      -6.82      -2.53       7.82       2.68
        316      0.903       36.6       12.2      0.914        429       22.8
       7.77       1.61      -1.36     -0.994      -5.24      0.947       8.73       4.02
        398      0.984         23       24.1      0.953        466       14.2
       2.99       2.15      -2.94      -0.86      -4.16      -1.16       8.41        2.4
        501      0.996       34.2       41.7       0.99        171       20.8
       3.15       3.41      -2.57      -1.25     -0.153     -0.267       7.73       4.18
        631      0.754         56       85.5      0.935        385       8.42
       1.12       9.61      -3.24       1.85      -10.4       9.11       3.98       9.32
        794      0.984       31.6       39.8      0.968        434       48.6
       6.24       4.77     -0.644      -1.35       10.1      -1.88       13.7       5.92
     1e+003      0.925       17.8       27.9      0.933        632       42.1
       3.89       7.96     -0.931        1.5        8.5      -9.55       13.6      0.533
  1.26e+003      0.902       17.1       11.1      0.929        977       47.3
       -2.6       2.23      -4.37      0.497       4.93     -0.807       13.7       5.19
  1.58e+003      0.905       18.8       57.4      0.865        440       10.1
       5.05       6.08     -0.868      0.241       6.04      -6.39       13.2       2.96
     2e+003      0.975       17.2       25.6      0.978        609       28.5
       7.76       7.35     0.0327       1.23       4.15     -0.534         12       4.11
  2.51e+003      0.958       14.7       11.9      0.961        658       34.5
       7.28       3.12     -0.349     0.0386       1.95     -0.908       10.9       4.15
  3.16e+003      0.913         18         34      0.855        474       13.3
       5.49       3.12      -1.17     -0.558       1.13      0.331       9.95       4.03
  3.98e+003      0.877       90.6       36.1      0.896       61.1       5.49
       6.66       -2.1      0.181      -2.21      -1.97      -1.95       8.08       1.59
  5.01e+003      0.703       17.5         13      0.721        330       27.7
       7.49       1.93     -0.205     -0.459      -0.36      -1.29       8.36       1.92
  6.31e+003      0.858       22.4       48.2      0.859        343       66.1
       9.15       1.17     -0.342      0.283      -1.01     -0.765          8       1.69
  7.94e+003       0.89       7.01       9.28      0.924        436       43.6
        7.7       3.68      0.319     0.0354     -0.165      0.286       6.94       1.41
     1e+004      0.695       5.67       4.41      0.549        290       36.7
       4.58       2.29     -0.596       0.15    -0.0765      0.203       6.18       1.38
  1.26e+004      0.897       2.97       76.8      0.832        911       63.4
       6.47       2.68    -0.0786      0.454   -0.00361      0.371       5.35        1.8
  1.58e+004      0.968       2.25       39.2      0.939        613       9.29
       4.19       1.89      0.458      0.346     -0.191      0.535       4.62       2.07
     2e+004      0.834       4.03       15.7      0.768        162       34.9
       3.14       3.06      0.755     -0.427     -0.464       1.81       4.14       1.97
  2.51e+004      0.992       3.41       19.3      0.989        138       57.3
        3.3      0.822      0.425     -0.563     -0.127      0.793       3.38        2.7
  3.16e+004      0.939       4.87         21      0.911       69.5       64.7
       2.15      0.574        0.8     -0.654    -0.0189       1.03       3.17       2.79
  3.98e+004      0.975       8.82       38.2      0.971       36.6         88
       2.13      0.771      0.596         -1     -0.182       1.22       2.94       2.91
  5.01e+004      0.795       15.2       80.7       0.77       19.8       10.3
       1.81       2.48      -1.17     -0.609     -0.247      0.364       3.03        3.2
  6.31e+004      0.634       12.7       76.2      0.626       20.6        4.3
       1.97       2.16     -0.358     -0.394      -0.43       0.45       2.37       3.02
  7.94e+004      0.685       10.7       69.5      0.605       23.9       14.9
       1.42        1.6     -0.579      -1.06     -0.925     -0.114       2.14       2.44
     1e+005      0.167       20.8       44.6      0.538       2.23       26.3
       2.21      0.538      0.251     -0.261      0.717      0.334      0.266      0.123
  1.26e+005          0          0          0          0          0          0
          0          0          0          0          0          0          0          0
  1.58e+005          0          0          0          0          0          0
          0          0          0          0          0          0          0          0
     2e+005          0          0          0          0          0          0
          0          0          0          0          0          0          0          0
  2.51e+005          0          0          0          0          0          0
          0          0          0          0          0          0          0          0
  3.16e+005          0          0          0          0          0          0
          0          0          0          0          0          0          0          0
  3.98e+005          0          0          0          0          0          0
          0          0          0          0          0          0          0          0
  5.01e+005          0          0          0          0          0          0
          0          0          0          0          0          0          0          0
  6.31e+005          0          0          0          0          0          0
          0          0          0          0          0          0          0          0
  7.94e+005          0          0          0          0          0          0
          0          0          0          0          0          0          0          0
     1e+006          0          0          0          0          0          0
          0          0          0          0          0          0          0          0
  1.26e+006          0          0          0          0          0          0
          0          0          0          0          0          0          0          0
  1.58e+006          0          0          0          0          0          0
          0          0          0          0          0          0          0          0
     2e+006          0          0          0          0          0          0
          0          0          0          0          0          0          0          0
  2.51e+006          0          0          0          0          0          0
          0          0          0          0          0          0          0          0
  3.16e+006          0          0          0          0          0          0
          0          0          0          0          0          0          0          0
  3.98e+006          0          0          0          0          0          0
          0          0          0          0          0          0          0          0
  5.01e+006          0          0          0          0          0          0
          0          0          0          0          0          0          0          0
  6.31e+006          0          0          0          0          0          0
          0          0          0          0          0          0          0          0
