       12.6          0          0          0          0          0          0
          0          0          0          0          0          0          0          0
       15.8      0.374        420       37.6      0.685        777       23.9
       2.02     -0.379       5.61       5.06       14.4       7.36       6.19      -2.52
         20      0.677        213       32.2      0.849        332       24.1
     -0.809     -0.406       8.28        5.5       14.4       7.31       4.12      -1.47
       25.1      0.572        202         41      0.816        491       21.1
     0.0931     -0.842       6.04       5.54       15.3       7.25       7.34      -1.22
       31.6      0.604        224       38.3      0.645        427       22.6
      -1.14      0.752       7.06       5.39       11.6       3.92       11.1     -0.972
       39.8      0.698        109       39.8      0.597        896       30.4
      0.634     -0.413       5.62       4.69       15.2       8.26       15.1     -0.407
       50.1      0.865       44.7       39.5      0.933  4.14e+003       13.4
      -2.09       1.59       5.29       2.79       14.6       2.11       24.9       2.36
       63.1      0.827       91.8       49.1      0.864        414       13.2
     -0.358      -0.85       5.25        6.3       15.5       4.79       7.05      -1.82
       79.4      0.804        126       42.1      0.812        262       15.3
      0.982     -0.857       6.74       6.07       12.6       3.26        6.3      -2.64
        100      0.754       78.4       36.6      0.849        342       14.7
       1.21      -1.19       5.52       4.53       13.5       2.36       5.23      -1.66
        126      0.859        150       46.4      0.921        200       16.2
      0.306     -0.719       7.28       7.79       11.9       3.72       3.46      -2.86
        158      0.891        179       47.9      0.963        191       16.8
      0.399      -0.68       7.84       9.17       12.2       4.04       2.54       -1.2
        200      0.937        104       31.1       0.99        175       9.24
      0.957      -1.83       7.84       7.33         11        3.3       2.21      -2.89
        251      0.975        128       46.3          1        137       14.7
      0.521     -0.546       6.97       8.85       10.3        3.8        1.4      -1.36
        316      0.889        102         38      0.988        108       16.5
      -0.76      -1.15       7.97       6.57       9.61       3.41      0.338      -1.18
        398      0.964        103       43.9      0.991       86.5       14.2
      -0.19      -1.71        7.7          9       8.77        3.4    -0.0561      -2.02
        501      0.975        124       50.3      0.996       54.6       24.2
      0.479     -0.609       6.66       9.18       7.53       4.47      -1.41      -1.27
        631       0.92       58.1       82.8      0.566       32.3         26
       2.51       3.33       1.09       5.15       5.74        4.7      0.132      -3.21
        794       0.93        298       21.6      0.991       89.5       48.7
       4.55       2.42       4.03        6.8       5.92       8.24      -1.01      -2.79
     1e+003      0.731        114       8.53      0.945        119       35.5
       3.89       6.34       -1.6      -2.63       4.44       10.8      0.553      -9.48
  1.26e+003      0.736        271       18.2      0.902        148       29.7
       -1.9      0.197       13.9      -6.25       4.16       9.67       2.78        -14
  1.58e+003      0.836        155         41       0.91       92.8       23.2
      0.175      -8.01       13.2       13.8       11.3       2.65      -2.61       3.39
     2e+003      0.991        143       32.5      0.994       67.7       27.4
      0.769      -4.73       10.8       12.8         10       3.61      -3.58       1.29
  2.51e+003      0.984        145       34.6       0.98       59.4       30.2
      -2.21     -0.603       12.8       6.82       6.74       2.21      0.227       2.29
  3.16e+003      0.981        143       33.4       0.96       63.2         35
          1      0.684       8.85       6.33       7.47       4.93      -1.65     0.0733
  3.98e+003      0.998        147       23.8      0.972       39.5         48
      -3.08      0.632       11.6          4       5.49       2.93     0.0615      0.934
  5.01e+003      0.969        129       28.1      0.913       54.9       36.9
     -0.467       0.43       9.89       4.82       5.74       3.58     -0.227      0.795
  6.31e+003      0.977       90.6       21.9      0.962         55       32.4
     -0.296     -0.158        8.8       3.69       5.87       3.44    -0.0374      0.583
  7.94e+003      0.985        104       26.9      0.987       45.3       46.2
      0.145      -1.71       9.11       6.72       5.01       4.25     -0.416      0.798
     1e+004      0.857       65.4       45.7      0.806       39.8       55.8
      0.374      0.283       4.57       4.73       2.79       3.62      0.127       1.15
  1.26e+004      0.868       63.2       54.2      0.975       60.5       48.3
    -0.0832      -0.69       4.42       6.51       5.19       5.88     -0.846     -0.743
  1.58e+004      0.715       41.3       68.1      0.978       61.4       55.1
     -0.487      -0.15       2.67       4.04       4.35       6.45     -0.372      -1.11
     2e+004      0.989        140       63.7      0.975        108       57.9
     -0.428     -0.993       5.09       10.1       5.23       8.09     -0.269      -1.24
  2.51e+004      0.995        154       65.2      0.898        102       54.4
     -0.292      -1.34       5.09       11.4       5.54       7.88     0.0849     -0.743
  3.16e+004      0.909        185       64.2        0.9       82.7       53.5
     -0.509      -1.55       5.17       11.1       4.97       6.48     -0.383      -1.28
  3.98e+004      0.561       68.1       22.5      0.965       85.4       54.9
       1.11      -1.23      0.856       1.45        5.2       7.28     -0.366     -0.299
  5.01e+004      0.956        234       49.8      0.943       80.6       49.2
       3.47        2.6       6.87       8.07       2.61       3.97       2.66       3.52
  6.31e+004      0.898        232       50.9      0.712       74.5       55.5
     -0.646      -2.43       8.56       10.5       3.34       4.87      -1.54      -1.19
  7.94e+004      0.544       40.3       46.5      0.473       17.5       64.8
       1.59      0.786       2.04       2.13      0.754       1.46     -0.158       1.47
     1e+005      0.779        146         19      0.315       18.5       37.2
     -0.679     -0.364       8.93       3.09       1.18      0.768      -1.46     -0.182
  1.26e+005          0          0          0          0          0          0
          0          0          0          0          0          0          0          0
  1.58e+005          0          0          0          0          0          0
          0          0          0          0          0          0          0          0
     2e+005          0          0          0          0          0          0
          0          0          0          0          0          0          0          0
  2.51e+005          0          0          0          0          0          0
          0          0          0          0          0          0          0          0
  3.16e+005          0          0          0          0          0          0
          0          0          0          0          0          0          0          0
  3.98e+005          0          0          0          0          0          0
          0          0          0          0          0          0          0          0
  5.01e+005          0          0          0          0          0          0
          0          0          0          0          0          0          0          0
  6.31e+005          0          0          0          0          0          0
          0          0          0          0          0          0          0          0
  7.94e+005          0          0          0          0          0          0
          0          0          0          0          0          0          0          0
     1e+006          0          0          0          0          0          0
          0          0          0          0          0          0          0          0
  1.26e+006          0          0          0          0          0          0
          0          0          0          0          0          0          0          0
  1.58e+006          0          0          0          0          0          0
          0          0          0          0          0          0          0          0
     2e+006          0          0          0          0          0          0
          0          0          0          0          0          0          0          0
  2.51e+006          0          0          0          0          0          0
          0          0          0          0          0          0          0          0
  3.16e+006          0          0          0          0          0          0
          0          0          0          0          0          0          0          0
  3.98e+006          0          0          0          0          0          0
          0          0          0          0          0          0          0          0
  5.01e+006          0          0          0          0          0          0
          0          0          0          0          0          0          0          0
  6.31e+006          0          0          0          0          0          0
          0          0          0          0          0          0          0          0
