       12.6          0          0          0          0          0          0
          0          0          0          0          0          0          0          0
       15.8          0          0          0          0          0          0
          0          0          0          0          0          0          0          0
         20      0.419        104       29.7      0.502        762       24.3
      -3.03      -3.09       3.38      0.743      -11.8      -4.99       1.13       3.37
       25.1       0.55        103       29.2       0.25        479       25.8
       -2.3     -0.835       5.19       2.68      -5.63      -3.25       11.5       5.04
       31.6          0          0          0          0          0          0
          0          0          0          0          0          0          0          0
       39.8      0.728       83.9       40.8      0.362  2.08e+003         78
      0.774     -0.687       5.21       4.12       10.4         -7       16.5       12.3
       50.1      0.932        141       57.1      0.534  1.58e+004       47.6
       2.96       2.45       6.94       8.93       22.2        6.2       34.6       44.6
       63.1      0.722        113       38.2      0.293  2.74e+003       2.64
      -4.62        1.8       5.06       4.49      -6.24       2.54       16.7       18.4
       79.4      0.679       77.9       32.2      0.569  1.26e+003         16
      -4.95      0.168       4.01       3.25      -15.9       -3.3       8.77       5.36
        100      0.696       89.6       32.3      0.574        816       19.3
       -3.9     -0.331       4.26       3.14      -11.5      -3.68       8.71       6.03
        126      0.828       96.3       30.9      0.843        693         13
      -4.83     -0.488       4.34       3.32      -15.8      -4.26       8.05        2.8
        158      0.881         91       25.8      0.892        529       15.6
      -3.76      0.337       4.87       3.71      -13.7      -3.82       7.96       2.84
        200      0.925        110       2.75      0.935        552       4.18
      -3.96       1.72       5.52       1.24      -11.9       1.07       12.7     -0.389
        251      0.998         61       34.9      0.995        388       20.7
      -1.66       2.51       4.44       6.52       -7.1       6.04       8.44         14
        316      0.956       71.6       20.3      0.949        339       9.47
      -1.08     -0.359       6.55       2.19      -8.51      -2.08       10.8       3.36
        398      0.978       66.5       20.1      0.984        300       9.82
      -2.83      0.543       4.07       3.05      -11.6      -1.72       6.57        2.2
        501      0.995         34       28.7      0.996        194       19.1
      -2.66       1.97        2.7       4.68      -12.7       4.41       0.62       8.29
        631      0.916       68.5       42.3       0.98        307         29
      -1.36     -0.387       4.77       2.79      -9.43       9.39       5.45       11.6
        794      0.985       48.2       58.1      0.982        408       28.6
      -2.16      -1.68        2.6       3.63      -15.9      0.763       -3.2       9.44
     1e+003      0.954       48.8       70.6      0.762        565       3.83
      -2.09       1.14       1.08        5.8      -8.85       5.43      0.722       15.9
  1.26e+003       0.89       80.8       54.1      0.821        543       17.1
      0.333       2.78       2.65       8.63      -9.62       17.9      -6.66       24.5
  1.58e+003      0.897       51.7       36.2      0.923        257       9.41
     -0.851       1.13       3.95       4.98      -13.9       7.64     -0.452         12
     2e+003       0.97        105       35.1      0.972        411        9.4
      -1.21       2.53       3.65       7.07      -17.9       12.3      -11.6       14.9
  2.51e+003      0.871        109         22      0.964        333       17.4
      -1.11       1.63       4.83       4.68      -16.3       9.07      -6.35       11.4
  3.16e+003      0.925       76.9       35.8       0.95        268       2.64
      -1.87      0.698       3.97       4.44        -17       4.09      -6.98        7.2
  3.98e+003      0.989       88.5       9.37      0.929        405       8.87
    -0.0497    -0.0988       9.21       1.47      -11.8        3.3        2.3       6.25
  5.01e+003      0.916       71.2       24.9      0.974        160          2
       -1.2       0.63       5.37        3.3      -11.6       2.42     -0.724       5.24
  6.31e+003      0.946       83.7       35.5      0.987        190       7.67
     -0.783        1.3       5.82       3.95      -12.2        2.1       -1.6       3.96
  7.94e+003      0.993       48.2       29.9      0.993        113          2
    0.00343      0.268       5.55       3.66      -9.33       2.15      -2.82       4.55
     1e+004      0.938       36.3       40.2      0.988         90          2
      -1.01      0.359       3.01       2.17      -8.27      0.573     -0.495       3.43
  1.26e+004       0.98       24.6       52.1      0.996       87.3          2
         -1     0.0546       4.02       2.08       -7.6      0.172      -2.38       3.05
  1.58e+004      0.969         10       67.1      0.998         69          2
     -0.809      0.372        2.4       1.18       -7.4     -0.334      -1.49       1.69
     2e+004      0.889       4.43       64.3      0.996       55.3          2
     -0.933     0.0567       2.61        1.3      -8.24     0.0269       1.93     -0.695
  2.51e+004      0.612       4.46         60      0.998       37.6          2
     -0.829    -0.0388       2.28       1.48      -6.08     -0.123     -0.134     0.0999
  3.16e+004      0.498        1.8       69.1      0.995       32.1          2
     -0.562      0.193       1.81      0.518      -5.54     -0.427      -0.49       0.67
  3.98e+004        0.6      0.313       6.22      0.998       24.9       3.36
      -0.36      0.106       1.38       0.19      -4.64     -0.441      -1.07    -0.0835
  5.01e+004      0.347       2.12       53.3      0.992       14.7       10.1
     -0.464    -0.0264       1.14      0.674      -3.68     -0.835     -0.753      0.304
  6.31e+004      0.547       2.76       46.2      0.977       10.5       17.9
     -0.301     0.0623       1.13      0.696      -2.92     -0.893     -0.432     -0.661
  7.94e+004      0.562       2.08       44.1      0.931       8.86       34.2
    -0.0142     0.0518        0.6        0.5      -2.07      -1.41      -0.57     -0.367
     1e+005      0.654       1.71       29.9      0.817       8.97       29.3
    -0.0376     0.0077      0.764      0.419      -1.97      -1.14     -0.478     -0.118
  1.26e+005          0          0          0          0          0          0
          0          0          0          0          0          0          0          0
  1.58e+005          0          0          0          0          0          0
          0          0          0          0          0          0          0          0
     2e+005          0          0          0          0          0          0
          0          0          0          0          0          0          0          0
  2.51e+005          0          0          0          0          0          0
          0          0          0          0          0          0          0          0
  3.16e+005          0          0          0          0          0          0
          0          0          0          0          0          0          0          0
  3.98e+005          0          0          0          0          0          0
          0          0          0          0          0          0          0          0
  5.01e+005          0          0          0          0          0          0
          0          0          0          0          0          0          0          0
  6.31e+005          0          0          0          0          0          0
          0          0          0          0          0          0          0          0
  7.94e+005          0          0          0          0          0          0
          0          0          0          0          0          0          0          0
     1e+006          0          0          0          0          0          0
          0          0          0          0          0          0          0          0
  1.26e+006          0          0          0          0          0          0
          0          0          0          0          0          0          0          0
  1.58e+006          0          0          0          0          0          0
          0          0          0          0          0          0          0          0
     2e+006          0          0          0          0          0          0
          0          0          0          0          0          0          0          0
  2.51e+006          0          0          0          0          0          0
          0          0          0          0          0          0          0          0
  3.16e+006          0          0          0          0          0          0
          0          0          0          0          0          0          0          0
  3.98e+006          0          0          0          0          0          0
          0          0          0          0          0          0          0          0
  5.01e+006          0          0          0          0          0          0
          0          0          0          0          0          0          0          0
  6.31e+006          0          0          0          0          0          0
          0          0          0          0          0          0          0          0
