       12.6          0          0          0          0          0          0
          0          0          0          0          0          0          0          0
       15.8      0.763        425       24.3      0.332        472       3.74
       4.38     -0.786       13.6       6.26      -5.45     -0.792      -12.9      -3.53
         20      0.804        243       33.4      0.597        280       16.2
       5.12    -0.0668        9.4       6.53      -7.39      -2.86      -8.85      -2.83
       25.1      0.804        339       25.6       0.66        377       20.2
       4.68      0.948       11.4       5.78       -8.6      -4.59      -8.57     -0.566
       31.6      0.802        254       21.8      0.508        328       33.7
       3.75       1.46       10.9        4.6      -5.39      -3.89      -9.99      -2.72
       39.8      0.891        158       27.2      0.453        503       28.6
       1.67      0.704       9.45       4.85      -2.48      -2.03      -10.7      -5.84
       50.1      0.969        134       31.8      0.149   8.4e+003       16.8
       1.58      -4.56        9.4       6.18       10.9       6.32      -17.8      -10.6
       63.1      0.923        133       19.1      0.479        411       17.9
       2.37      -1.95       9.32       4.07      -2.36     -0.406      -10.4      -4.18
       79.4      0.938        154       19.6      0.724        240       10.4
        2.6      -2.38       9.68       4.78      -4.41      -1.32      -7.97      -2.03
        100      0.872        137       14.9      0.659        208       13.6
       1.32       -2.5       9.26       3.89      -3.35     -0.276      -7.21      -2.05
        126       0.92       91.1       21.6      0.726        128       17.2
      -1.95      -3.01        9.2       4.96      0.176     -0.284      -6.76      -2.07
        158      0.917       84.3       22.2      0.789        129       13.2
      -2.21         -4       8.83       5.58      0.194     -0.907      -6.66      -1.52
        200      0.983       76.5       10.6      0.968        179         17
      -0.22      -2.39       8.65       2.88      -1.32       -1.4      -6.38     -0.967
        251          1       53.4       26.7      0.999        132       17.8
      -0.17      -4.21       6.45       5.41      -2.76      0.203      -3.97      -2.19
        316      0.952       50.4       18.7      0.962        103       15.4
      -7.84      -2.86       10.7       4.33       -1.9     -0.751      -4.52      -1.71
        398      0.989       48.4       25.3      0.982        106         22
      -1.83      -3.57       7.28       4.91      -2.94      -1.45      -3.78       -1.3
        501      0.999         38       33.9      0.997        102       35.5
      -1.94      0.868       5.85       2.94      -6.44      -5.57     -0.743    0.00996
        631      0.484       30.6       83.9      0.905        172       79.1
      -17.4      -11.6       9.45       6.37       6.91      -12.1      -4.63       1.28
        794      0.996       29.2       49.9      0.997        100       45.3
      -3.43        1.7       5.31       3.43      -9.46      -3.31       1.47      -1.81
     1e+003      0.975       26.4       48.2      0.975        133       39.6
      -2.86      -4.43       4.21       6.04      -4.64       3.24     -0.833      -5.33
  1.26e+003      0.917       24.4       35.8      0.987        119       35.6
       4.52       1.61       1.39       1.49       -6.9      0.343     -0.551      -3.74
  1.58e+003      0.897       29.1       51.6      0.961       92.3       31.9
      -3.87      -3.62       5.17       5.91      -6.56     -0.181     -0.814      -3.26
     2e+003      0.985       33.3       30.2      0.996        106       22.6
      -8.93      -4.38       9.56        6.4      -3.54      -1.17      -3.14       -2.3
  2.51e+003       0.97       28.1         22      0.991       95.1       24.2
      -9.35      0.733       10.2       2.53      -2.82      -1.57      -3.28      -2.09
  3.16e+003      0.964       37.1       32.4       0.98       88.3       26.9
      -5.94     -0.704       8.38       3.76      -3.51      -2.07      -2.93      -1.53
  3.98e+003       0.97       82.3       11.6      0.792        129       57.9
      -7.32       4.46       9.23     -0.505      -2.85     -0.158      -3.24         -2
  5.01e+003      0.937       38.2       21.3      0.957       67.5       19.5
      -6.19       1.22       8.92       1.82      -3.26     -0.738      -2.69      -1.61
  6.31e+003      0.881       26.7       7.11      0.978         47       7.38
      -9.24      -3.62         10       4.08      -1.77     0.0537      -3.36      -1.89
  7.94e+003      0.949       16.3       6.04      0.992       44.1       7.93
      -9.75      -3.19        9.1       4.28      -1.73     -0.968         -3     -0.943
     1e+004      0.944       11.8       20.7      0.964       32.8       9.42
      -3.35     -0.448       4.93       2.15      -2.08     -0.733      -2.32     -0.993
  1.26e+004      0.885       8.73       13.5      0.993       20.1       6.37
      -5.08     -0.494       6.16       2.29      -2.33      -1.02      -1.94     -0.675
  1.58e+004      0.785       2.54       59.2      0.996       13.6       11.2
      -3.28     -0.136       3.95       1.62      -2.29      -1.11      -1.73      -0.62
     2e+004     0.0706       7.98       35.3      0.982       9.64       13.6
      -2.87     -0.395       2.71       2.96       -2.2      -1.09      -1.71     -0.397
  2.51e+004      0.614         22       66.4      0.966       6.34       16.9
       -2.4      0.435       3.64       3.51      -1.88     -0.631       -1.1     -0.907
  3.16e+004      0.644       45.8       55.2      0.981       4.66       22.3
      -1.67       1.07       2.97       1.42      -1.67     -0.725      -1.25     -0.607
  3.98e+004      0.929       73.1       72.2      0.994        3.5       36.5
      -1.41       1.36        2.4      0.787      -1.41     -0.878     -0.904     -0.403
  5.01e+004      0.958       17.9         46      0.886       5.74       62.7
     -0.119     -0.161       2.98       2.93      -1.09     -0.688      -1.13      -1.17
  6.31e+004      0.871       20.3       49.2      0.798       4.77       59.4
     -0.906      -1.12       3.06       3.12     -0.825       -1.1     -0.797      -0.87
  7.94e+004      0.774         13       54.4       0.73       5.15       63.7
     -0.369      0.138       1.78       2.13     -0.575         -1     -0.754     -0.886
     1e+005      0.712       16.5         16      0.266      0.968       24.8
     -0.926     -0.227       2.67      0.803      -0.27     -0.139     -0.257     -0.111
  1.26e+005          0          0          0          0          0          0
          0          0          0          0          0          0          0          0
  1.58e+005          0          0          0          0          0          0
          0          0          0          0          0          0          0          0
     2e+005          0          0          0          0          0          0
          0          0          0          0          0          0          0          0
  2.51e+005          0          0          0          0          0          0
          0          0          0          0          0          0          0          0
  3.16e+005          0          0          0          0          0          0
          0          0          0          0          0          0          0          0
  3.98e+005          0          0          0          0          0          0
          0          0          0          0          0          0          0          0
  5.01e+005          0          0          0          0          0          0
          0          0          0          0          0          0          0          0
  6.31e+005          0          0          0          0          0          0
          0          0          0          0          0          0          0          0
  7.94e+005          0          0          0          0          0          0
          0          0          0          0          0          0          0          0
     1e+006          0          0          0          0          0          0
          0          0          0          0          0          0          0          0
  1.26e+006          0          0          0          0          0          0
          0          0          0          0          0          0          0          0
  1.58e+006          0          0          0          0          0          0
          0          0          0          0          0          0          0          0
     2e+006          0          0          0          0          0          0
          0          0          0          0          0          0          0          0
  2.51e+006          0          0          0          0          0          0
          0          0          0          0          0          0          0          0
  3.16e+006          0          0          0          0          0          0
          0          0          0          0          0          0          0          0
  3.98e+006          0          0          0          0          0          0
          0          0          0          0          0          0          0          0
  5.01e+006          0          0          0          0          0          0
          0          0          0          0          0          0          0          0
  6.31e+006          0          0          0          0          0          0
          0          0          0          0          0          0          0          0
