       12.6          0          0          0          0          0          0
          0          0          0          0          0          0          0          0
       15.8      0.449       34.9       81.4      0.823  1.58e+003       15.6
       3.82      0.456        1.1       2.92       27.5       10.3      -12.7       1.04
         20      0.456       44.9       58.8      0.788        914       24.7
       3.08       1.38      0.031       3.23       16.5       11.2      -11.5       3.54
       25.1      0.483       32.7         84      0.781        790       29.5
       3.06       1.45      0.531       2.24       17.7       8.48      -10.9      -0.21
       31.6       0.68       44.7       67.3      0.589        492       27.8
       1.95       1.77       1.58       3.45       12.7        4.8      -8.08       1.98
       39.8      0.635       41.5       58.7      0.635        851       23.2
       3.09       2.25       1.53        3.7       17.4       7.93      -5.49     -0.281
       50.1          0          0          0          0          0          0
          0          0          0          0          0          0          0          0
       63.1      0.784       29.7       69.5      0.491        905       35.6
       2.56       2.16       1.81       3.26       12.8       7.25      -4.07     -0.862
       79.4      0.877       45.3       53.7      0.838        470         27
       2.77       2.05       2.16       3.56       17.7       7.35      -2.89       1.33
        100      0.783       33.9       57.2      0.714        429         24
       2.66       1.97       1.94       3.26       14.5       5.53      -4.38       1.18
        126      0.894       34.9       59.8      0.865        344       23.9
       2.51       1.99       2.12       3.79       16.2        5.2      -3.92       1.72
        158      0.818       54.3       57.4       0.92        321       21.2
       2.94       2.31       2.54       4.34       16.1       5.44      -3.58       1.85
        200      0.435       30.5       87.3      0.948        570       10.7
       2.76       3.05       2.23       3.63       19.8       4.36       -6.5       2.63
        251      0.826       2.03       7.69      0.999        227       13.8
       2.93       2.52       2.26       4.28       13.3       4.97      -2.14       1.64
        316      0.253       26.4         88      0.966        296       17.8
       3.15       2.99       2.38        4.1       14.3       5.72      -3.49       0.99
        398      0.273       21.5         79      0.983        301       18.3
       3.07       3.06       2.49       4.33       14.5       6.17      -3.55       1.48
        501      0.797        2.9       75.5      0.994        162       16.3
       2.99       2.98       3.07       4.87         12        6.4     -0.195       3.47
        631      0.871       58.5       11.3      0.978        672       32.6
       5.07       4.57      0.985       5.28       15.6       13.4      -7.81       1.58
        794      0.701       12.6         79      0.983        266       50.8
       4.63       2.75       5.08       4.32       14.9       11.3        8.2      0.976
     1e+003      0.815       12.4         37      0.977        317       36.7
       5.28       3.07       4.82       4.42       17.9       12.5       5.54       4.38
  1.26e+003      0.237       89.3       44.2      0.862        409         32
       7.85       4.14       10.6       7.78       30.7       7.65       35.2       2.49
  1.58e+003       0.46        166       51.3      0.949        355        4.5
       7.13       2.21       8.19       4.44       22.3       1.39       12.3      -4.07
     2e+003      0.695        159       52.4      0.997        443         12
        6.8       1.81       7.26       4.92       22.2       2.34       7.69      -3.06
  2.51e+003      0.355        387       53.5      0.979        395       13.7
       7.08       1.32       11.6        3.1       20.7       1.87       12.7      -10.2
  3.16e+003      0.324        112         31      0.972        295       17.3
       6.29      0.912       9.92       4.17       19.3       2.91       12.4      -3.28
  3.98e+003      0.926        234         23      0.935        528       22.9
       8.26     0.0756         17     0.0926       17.6     -0.833       8.64      -9.91
  5.01e+003      0.358       69.3       23.7      0.969        189       18.2
       5.26      0.787       9.68       3.59       13.9       1.31       6.36      -5.43
  6.31e+003      0.827        514       12.2      0.993        249       9.08
       5.13       1.45       11.3       4.79       14.2        1.7       5.65      -3.91
  7.94e+003      0.755       95.8       63.2      0.995        147       16.2
        5.4       1.02       9.45       5.13       12.2        1.2       6.18      -2.52
     1e+004      0.671         91       48.2      0.985        123       16.1
       3.49      0.513       6.84       2.26       10.1       1.48       4.53      -4.22
  1.26e+004      0.978        200       22.7      0.999        124         18
       3.39      0.477       7.74       3.37        9.5       2.28       4.62      -1.76
  1.58e+004      0.995        208         12      0.999        114       19.4
       2.83       1.48       4.61      0.848        9.1       3.46       2.19      -2.15
     2e+004      0.956        183          2      0.999        105       17.6
       3.48      0.955       2.75       2.58       10.3        3.4         -2    -0.0798
  2.51e+004      0.941        152       10.8      0.999       82.5       14.7
       2.74      0.281       3.54       3.09       8.52       2.22      0.978     0.0972
  3.16e+004      0.983        172       12.7      0.998       77.1       14.1
       2.61      0.903       3.42      0.498       8.09       2.54       1.37       -1.6
  3.98e+004      0.993        159       19.8      0.999       65.4       13.2
       2.39      0.598       3.67      0.821       7.29       1.94       2.14    -0.0138
  5.01e+004      0.925        152       30.5      0.996       46.3       12.7
       1.95      0.181       3.24       1.73       6.27       1.61       1.89      0.231
  6.31e+004      0.819        108       16.5      0.991       37.6       14.2
       1.89      0.134       2.65       2.03       5.76       1.34      0.783      0.894
  7.94e+004      0.903       30.8       17.4      0.971       31.2       19.9
       1.59      0.202        2.5       1.64       4.62       1.54       1.28       0.52
     1e+005      0.746       31.1       34.9      0.887       27.1       39.8
      0.985      0.828       2.06       1.48       3.31       2.68      0.948      0.871
  1.26e+005          0          0          0          0          0          0
          0          0          0          0          0          0          0          0
  1.58e+005          0          0          0          0          0          0
          0          0          0          0          0          0          0          0
     2e+005          0          0          0          0          0          0
          0          0          0          0          0          0          0          0
  2.51e+005          0          0          0          0          0          0
          0          0          0          0          0          0          0          0
  3.16e+005          0          0          0          0          0          0
          0          0          0          0          0          0          0          0
  3.98e+005          0          0          0          0          0          0
          0          0          0          0          0          0          0          0
  5.01e+005          0          0          0          0          0          0
          0          0          0          0          0          0          0          0
  6.31e+005          0          0          0          0          0          0
          0          0          0          0          0          0          0          0
  7.94e+005          0          0          0          0          0          0
          0          0          0          0          0          0          0          0
     1e+006          0          0          0          0          0          0
          0          0          0          0          0          0          0          0
  1.26e+006          0          0          0          0          0          0
          0          0          0          0          0          0          0          0
  1.58e+006          0          0          0          0          0          0
          0          0          0          0          0          0          0          0
     2e+006          0          0          0          0          0          0
          0          0          0          0          0          0          0          0
  2.51e+006          0          0          0          0          0          0
          0          0          0          0          0          0          0          0
  3.16e+006          0          0          0          0          0          0
          0          0          0          0          0          0          0          0
  3.98e+006          0          0          0          0          0          0
          0          0          0          0          0          0          0          0
  5.01e+006          0          0          0          0          0          0
          0          0          0          0          0          0          0          0
  6.31e+006          0          0          0          0          0          0
          0          0          0          0          0          0          0          0
