       12.6          0          0          0          0          0          0
          0          0          0          0          0          0          0          0
       15.8      0.308        199       54.3      0.808        272       36.1
       1.79       1.65      -2.47      -3.03      -10.8      -7.55      -2.27       2.33
         20      0.302        109       33.3      0.768        191       26.2
       3.32       1.42      -3.18      -1.15      -9.64      -4.94       1.34     -0.127
       25.1      0.458       44.7       38.9      0.714        188       30.3
    -0.0702      0.688      -2.34      -1.88      -8.22      -4.84       1.77     -0.967
       31.6      0.376       31.5       45.3      0.699        109       33.2
      0.694      0.225      -1.56      -1.51      -6.34      -3.88       3.06      -2.04
       39.8      0.643       25.1         60      0.783        215       23.3
       1.27      0.452      -1.49      -2.94      -10.4      -4.05       3.26      0.153
       50.1      0.959       17.3         39      0.959        494       24.1
       1.28     0.0859      -2.16      -2.51        -11      -5.65       8.07       2.31
       63.1      0.766       16.7       46.6      0.837        143       22.1
       1.19      0.238      -2.01      -2.37         -9       -3.4       2.78      0.144
       79.4      0.779       18.7       50.2      0.836       81.3       20.4
       1.02      0.347      -2.36      -2.79      -6.98      -2.12      0.412      -1.35
        100      0.762         19       47.2       0.87       60.3       24.7
       1.18      0.214      -2.52      -2.65      -6.25      -2.52      0.869      -0.76
        126      0.848       18.2       49.7      0.915       37.4       19.9
       1.23      0.488      -2.61      -3.15      -5.03      -1.62     -0.163       -1.5
        158      0.901       22.1         50      0.924       35.5       23.3
       1.18      0.562      -3.02      -3.67      -4.64      -1.93     -0.865      -1.53
        200      0.767       32.1         31      0.976       25.9         14
       1.34     -0.379      -2.99      -3.11      -4.75       -1.4     -0.386      -1.53
        251      0.995       57.9       44.5      0.999       16.7       18.1
      0.807      0.525      -2.85       -3.6      -4.01      -1.66     -0.422      -1.31
        316      0.944       33.2       32.9      0.971       14.5       16.7
      0.838      0.181      -3.55      -2.79      -3.76      -1.54     -0.859      -1.66
        398      0.933       31.1       39.9      0.972       14.7       17.1
      0.734      0.229       -3.1      -3.43      -3.59      -1.43     -0.972      -1.68
        501      0.996       40.6         39      0.991       7.27       25.4
      0.683      0.417      -3.27      -3.61      -2.88      -1.95      -1.62      -1.42
        631      0.922       16.8       76.1      0.864       26.2          2
      0.387      0.962     -0.514      -3.45      -3.17      -1.12      0.173      -1.86
        794       0.92        115       30.4      0.975       15.2         48
       1.05      0.711      -4.71      -3.77      -3.12       -3.1      -3.47       -0.6
     1e+003      0.814       31.7       41.1      0.947       17.7       32.4
      0.933    -0.0898      -1.35      -4.33       -4.1      -3.23      -4.88      -2.78
  1.26e+003      0.301       75.2       30.8      0.983       22.6       32.3
       1.13      0.372       1.42      -3.59      -4.27      -2.92      -5.34     -0.276
  1.58e+003       0.94       45.5       37.5      0.947       16.6       22.9
      0.418     0.0686      -4.62      -4.35      -4.13      -2.12      -3.49      0.787
     2e+003      0.983         69         38      0.994       12.3       26.1
      0.517      0.341      -4.32      -4.38      -3.78      -1.86      -3.08     -0.554
  2.51e+003      0.962       58.2       35.3      0.986       11.8       26.1
      0.365      0.535      -4.52      -3.03      -3.65      -1.68      -2.88    -0.0679
  3.16e+003      0.926         35       26.3      0.963       10.2       21.9
      0.788      0.872      -3.47      -2.34      -3.15      -1.66      -1.68     -0.486
  3.98e+003      0.984       14.3       2.85      0.966       6.28       8.81
     0.0705       1.38      -2.99      0.126      -2.88      -1.08      -0.74      0.109
  5.01e+003      0.877       25.8       18.9      0.972       7.43       27.1
      0.486      0.791      -3.73     -0.946      -2.53      -1.24     -0.934     0.0122
  6.31e+003      0.853       27.6       15.1      0.983       8.62       26.4
      0.639      0.804      -5.09     -0.412      -2.57      -1.08      -1.12      0.228
  7.94e+003      0.932       52.2       39.3      0.988       5.67       33.7
      0.162      0.659       -5.5      -2.23      -2.24      -1.22      -1.93     -0.177
     1e+004      0.668       22.6       33.6      0.967       5.17       35.6
      0.484      0.887      -2.46      -1.52      -1.81       -1.3     -0.831     -0.583
  1.26e+004       0.89        8.4       25.2      0.986       8.52       45.1
      0.454      0.611      -3.49      -1.82      -1.75      -1.61      -1.08     -0.765
  1.58e+004      0.979       8.34       17.6       0.99       11.4       49.6
     -0.199      0.583      -2.43      -1.61      -1.55      -1.83     -0.859      -1.02
     2e+004      0.929        8.5       35.7      0.966       16.6       52.5
     -0.101       1.84      -1.82      -2.84      -1.55      -2.16     -0.644      -1.23
  2.51e+004      0.899       12.1         39      0.959       15.3       51.2
      0.683       1.85      -2.04      -2.89      -1.68      -2.68      -0.52      -1.04
  3.16e+004      0.957       7.98       16.9      0.964       17.3       49.7
     -0.408      0.757      -1.73       -1.1       -1.5      -1.99     -0.141      -1.92
  3.98e+004      0.987       9.91       20.4      0.983       20.5       43.3
     -0.263       0.87      -2.03      -1.36      -1.56      -1.74      0.135      -2.32
  5.01e+004      0.898       22.9       43.4      0.875       10.2       39.8
        1.3       1.57      -1.72      -2.86      -2.01       -2.5     -0.738      -1.05
  6.31e+004      0.939       15.5       52.1      0.695       23.6       49.6
      0.649      0.479      -2.34      -3.07      -1.35      -2.08      -1.02      -1.75
  7.94e+004      0.885       14.1         42      0.506       9.01       10.5
      0.118       1.09      -2.19      -2.06     -0.932     -0.727    -0.0723      -1.28
     1e+005      0.795       10.2       17.2      0.297       6.28       17.9
     0.0549     0.0319      -2.43     -0.751      -0.54     -0.166       -1.1      -0.13
  1.26e+005          0          0          0          0          0          0
          0          0          0          0          0          0          0          0
  1.58e+005          0          0          0          0          0          0
          0          0          0          0          0          0          0          0
     2e+005          0          0          0          0          0          0
          0          0          0          0          0          0          0          0
  2.51e+005          0          0          0          0          0          0
          0          0          0          0          0          0          0          0
  3.16e+005          0          0          0          0          0          0
          0          0          0          0          0          0          0          0
  3.98e+005          0          0          0          0          0          0
          0          0          0          0          0          0          0          0
  5.01e+005          0          0          0          0          0          0
          0          0          0          0          0          0          0          0
  6.31e+005          0          0          0          0          0          0
          0          0          0          0          0          0          0          0
  7.94e+005          0          0          0          0          0          0
          0          0          0          0          0          0          0          0
     1e+006          0          0          0          0          0          0
          0          0          0          0          0          0          0          0
  1.26e+006          0          0          0          0          0          0
          0          0          0          0          0          0          0          0
  1.58e+006          0          0          0          0          0          0
          0          0          0          0          0          0          0          0
     2e+006          0          0          0          0          0          0
          0          0          0          0          0          0          0          0
  2.51e+006          0          0          0          0          0          0
          0          0          0          0          0          0          0          0
  3.16e+006          0          0          0          0          0          0
          0          0          0          0          0          0          0          0
  3.98e+006          0          0          0          0          0          0
          0          0          0          0          0          0          0          0
  5.01e+006          0          0          0          0          0          0
          0          0          0          0          0          0          0          0
  6.31e+006          0          0          0          0          0          0
          0          0          0          0          0          0          0          0
