       12.6          0          0          0          0          0          0
          0          0          0          0          0          0          0          0
       15.8      0.514        166       31.5      0.736        365         31
      0.221       1.03       -5.4      -3.52      -11.8      -9.27      -7.63     -0.777
         20      0.564        257       26.6      0.699        248         26
      -2.13     -0.947      -7.66      -3.14      -7.81      -4.54      -4.13      -4.72
       25.1      0.626        174         49      0.739        431       14.9
     -0.431      -1.05       -5.3      -5.68        -12      -3.42         -6      -2.23
       31.6      0.687       97.7       35.1      0.722        274       25.2
     -0.757     -0.769      -5.46      -3.74      -9.67       -5.6      -8.01        1.6
       39.8      0.767         78       37.6      0.739        479       17.9
      -2.88      0.648      -4.29      -4.34      -10.5      -3.89      -8.74      -2.19
       50.1      0.897       29.7       27.8      0.752  2.36e+003         44
      -2.98      -1.29      -3.17      -2.36      -7.72     -0.723      -19.5      -9.43
       63.1      0.807       49.2       35.6      0.643        299       19.8
      -1.25     0.0878       -4.3      -3.42      -8.06      -1.86      -8.62      -2.93
       79.4      0.792         79       34.3      0.868        118       19.6
      -2.23      0.734      -4.79       -4.8      -7.55      -2.71      -3.87      0.179
        100      0.818       80.3       32.8      0.662       78.9         19
      -1.69     0.0868      -5.58      -4.32      -4.43      -1.04       -6.3       -1.1
        126      0.886       54.7       46.3      0.905       70.1       24.7
      -1.87    -0.0216      -4.42      -5.33      -6.76      -2.29      -2.47    -0.0901
        158      0.721       53.7       35.3      0.914       61.1       20.3
      -2.75      -1.24      -2.77      -2.75      -5.91      -2.11      -2.47     -0.493
        200      0.865       43.1          2       0.99       59.3       20.3
      -3.64      0.421     -0.922      -3.19      -5.88      -2.63      -2.06       1.07
        251      0.999       60.4       34.7          1       40.6       22.3
      -2.04     -0.868       -2.7      -3.15      -4.26       -2.4      -2.88      0.182
        316      0.974         55         17      0.987       44.1       20.4
       1.29     -0.188      -8.57      -1.55      -3.95      -2.43      -3.23      0.814
        398      0.985       38.4       26.1      0.992       36.4       24.2
     -0.941       0.25      -4.11      -3.51      -4.28      -2.28      -2.07      0.278
        501      0.998       50.5       42.9      0.996       21.6       31.1
      -1.86      0.588      -2.99      -6.04       -2.4      -4.08      -1.59       2.59
        631      0.942       21.2       70.4      0.906       46.3         83
      -2.89     -0.131      -2.06      -5.56       -1.4      -2.66      -2.96      0.757
        794      0.962       81.5       28.4      0.992       27.3       53.5
      -3.98      0.732    -0.0118      -9.94      -1.68      -5.86      -1.19       5.33
     1e+003      0.812         28       30.7      0.987       31.9         50
      -2.89     -0.301      0.886      -4.35      -3.24       -5.7      0.987        3.1
  1.26e+003      0.548         50       17.8      0.992       33.9       45.6
      -2.69     -0.196       2.78      -4.06       -4.7      -4.16       1.98      -1.67
  1.58e+003      0.885       51.4       47.5      0.985       32.9       40.7
       -1.3       2.45      -5.76       -8.5      -5.21      -4.14       1.89     -0.781
     2e+003      0.967       34.3       32.5      0.999       32.3       35.5
     -0.178       2.34      -6.23      -6.95      -4.53      -2.98     -0.408     -0.468
  2.51e+003      0.935       34.5       27.3      0.998         30       35.4
      0.224       1.47      -6.26      -4.67      -4.37      -2.93     -0.347     -0.365
  3.16e+003      0.952       41.7       31.5      0.995       28.3       36.2
     0.0495      0.725       -5.9       -3.8      -4.14      -2.78     -0.613     -0.277
  3.98e+003      0.971       44.3          2      0.976       20.5       43.7
       2.66      -1.78       -5.8       2.39       -4.3       -1.7     -0.915      -1.38
  5.01e+003      0.922       42.2       12.3      0.985       21.9       29.8
       1.23      0.695      -7.48      -1.51      -3.58      -1.84      -1.03     -0.496
  6.31e+003      0.901       70.3       21.4      0.994       18.3       22.3
       1.32        1.2      -9.12     -0.116      -3.55      -1.58      -1.31     -0.377
  7.94e+003      0.855       20.9       4.83      0.998       15.3       31.7
       1.95       2.27      -8.52      -3.34      -2.96      -1.73     -0.942     -0.455
     1e+004      0.801       15.9         15      0.977       13.6       33.9
      0.749       1.08      -4.79      -1.65      -2.76      -1.78     -0.765     -0.205
  1.26e+004      0.524        103       17.4      0.996       11.5       37.1
       1.58       1.89      -6.15      -3.21       -2.6      -2.05     -0.684     -0.152
  1.58e+004      0.797        350       37.2      0.996       10.1       46.9
        2.1       1.58      -4.57      -2.54      -2.19      -2.28     -0.228       0.26
     2e+004      0.896       80.3       43.9      0.994       11.7       53.3
       2.33      0.462      -2.86      -3.94      -2.01      -2.61    -0.0407      0.366
  2.51e+004      0.883        103         43      0.958       14.4         60
       1.39      0.105      -4.64      -3.46      -1.79      -2.89     -0.544      0.585
  3.16e+004      0.914       54.3       41.8      0.974         15       62.3
       2.11    -0.0678      -2.62      -1.67      -1.53      -2.71     -0.826       1.38
  3.98e+004      0.985       40.7       43.8      0.989       18.7       62.4
       1.66     -0.227      -3.18      -2.36      -1.41      -2.67      -1.18       1.61
  5.01e+004      0.964       24.5       47.6      0.931       20.4       53.5
     -0.205      0.146       -3.2      -3.66      -2.23      -2.91     -0.616     -0.135
  6.31e+004      0.907       26.5       47.1      0.841       13.6       52.7
      0.538      0.791      -3.43      -3.44      -1.77      -2.41     -0.281      0.115
  7.94e+004      0.876       20.3       45.4      0.585       11.1       49.6
      0.221     -0.522      -2.75      -2.65     -0.736      -1.05      -1.09      -0.14
     1e+005      0.727       16.2       7.64      0.362       2.43       8.22
       0.87    -0.0229      -2.82     -0.398     -0.501    -0.0893      0.397     -0.107
  1.26e+005          0          0          0          0          0          0
          0          0          0          0          0          0          0          0
  1.58e+005          0          0          0          0          0          0
          0          0          0          0          0          0          0          0
     2e+005          0          0          0          0          0          0
          0          0          0          0          0          0          0          0
  2.51e+005          0          0          0          0          0          0
          0          0          0          0          0          0          0          0
  3.16e+005          0          0          0          0          0          0
          0          0          0          0          0          0          0          0
  3.98e+005          0          0          0          0          0          0
          0          0          0          0          0          0          0          0
  5.01e+005          0          0          0          0          0          0
          0          0          0          0          0          0          0          0
  6.31e+005          0          0          0          0          0          0
          0          0          0          0          0          0          0          0
  7.94e+005          0          0          0          0          0          0
          0          0          0          0          0          0          0          0
     1e+006          0          0          0          0          0          0
          0          0          0          0          0          0          0          0
  1.26e+006          0          0          0          0          0          0
          0          0          0          0          0          0          0          0
  1.58e+006          0          0          0          0          0          0
          0          0          0          0          0          0          0          0
     2e+006          0          0          0          0          0          0
          0          0          0          0          0          0          0          0
  2.51e+006          0          0          0          0          0          0
          0          0          0          0          0          0          0          0
  3.16e+006          0          0          0          0          0          0
          0          0          0          0          0          0          0          0
  3.98e+006          0          0          0          0          0          0
          0          0          0          0          0          0          0          0
  5.01e+006          0          0          0          0          0          0
          0          0          0          0          0          0          0          0
  6.31e+006          0          0          0          0          0          0
          0          0          0          0          0          0          0          0
