       12.6          0          0          0          0          0          0
          0          0          0          0          0          0          0          0
       15.8          0          0          0          0          0          0
          0          0          0          0          0          0          0          0
         20      0.555        522       61.9      0.521        737       17.7
      -3.94      -2.88      -4.89      -10.7      -15.4      -4.05         15      -5.82
       25.1      0.432        268       65.5      0.672        725       33.9
      -2.71     0.0422      -3.33      -7.08      -14.3      -11.4       14.1     -0.656
       31.6       0.57        386       50.9      0.404        399       31.5
     -0.615      -1.57      -7.46      -7.94      -7.75      -2.52       16.3      -3.96
       39.8      0.644        222       46.9      0.607  2.64e+003       19.6
         -4       2.86      -6.21      -6.07      -26.8      -4.39       24.2      -3.43
       50.1      0.876       57.3       55.8       0.86   1.5e+004       18.7
      -3.98       1.97      -4.92      -3.85      -21.4      -12.6       55.1      -12.1
       63.1      0.625        203       50.8      0.731  2.17e+003       20.2
      -2.77        2.5      -5.92      -5.94      -26.3      -9.84         28      -5.81
       79.4      0.645        282       52.4      0.841  1.03e+003       13.8
      -3.72       1.27      -6.91      -7.87      -24.9      -5.65         15      -4.52
        100      0.792        363       38.6      0.781        846       10.4
      -0.87       2.47      -11.7      -8.73      -20.7         -4       13.8      -6.69
        126      0.858        376       50.3      0.943        642       12.9
      -1.45       3.18      -10.3      -9.58      -20.2      -3.92       10.2     -0.838
        158       0.89        439       51.6      0.964        556       13.1
     -0.432       3.09      -10.6      -10.7      -18.3      -4.98       11.1      -3.99
        200      0.988        383       52.2      0.996        490       11.9
      -1.32       2.99      -11.4      -10.1      -17.3      -4.09       6.86      -2.95
        251          1        446       50.5          1        457       13.2
      -1.21       3.04      -13.6        -10      -16.9       -4.9          7      -2.63
        316      0.984        346       51.2      0.992        297       13.7
      -1.35      0.424      -13.4      -12.6      -16.4      -2.61       1.54       2.58
        398       0.98        242       41.6      0.989        257       10.1
      -1.42      0.833      -13.4      -8.27      -16.9      -3.49      -2.81      -0.81
        501      0.995        322       46.8      0.995        176       29.8
      -2.52       7.48      -11.5      -1.86      -8.72      -9.94       1.77      -5.98
        631      0.996        173       18.2      0.964        195        3.9
      -3.71       2.81      -14.6      -2.92      -7.47      -5.69       4.31      -3.44
        794      0.959        393       6.69      0.955        166       50.1
       -2.5          2      -14.9      -2.64       -8.7      -7.06       6.27      -5.06
     1e+003      0.854        297       7.27      0.942        220       52.3
      -2.55       4.62      -11.3      -1.59      -7.35      -10.3      0.898      -6.17
  1.26e+003      0.939        403       10.6       0.93        305       40.9
       3.51       2.79      -18.9      -4.55      -16.2      -3.55       17.7      -3.84
  1.58e+003      0.784        173       28.8      0.945        191         28
     -0.767       2.24      -7.08      -2.86      -10.1      -7.04     -0.203      -2.92
     2e+003      0.967        197          2      0.994        153       23.2
       2.71       -1.1      -10.8      -4.55      -10.2      -7.01     -0.584      -4.38
  2.51e+003      0.983        159          2       0.98        124       25.1
     -0.132     0.0921      -12.5      0.031      -8.16       -7.4       1.33      -5.81
  3.16e+003      0.973        110         20       0.98        122       31.8
       1.32    -0.0383      -8.44      -3.52      -9.57      -6.84     -0.591      -1.88
  3.98e+003      0.985        161       19.9      0.995        191       31.2
       2.05       4.66      -5.58      0.353      -12.8        -10       -3.7      -3.17
  5.01e+003      0.905         93       20.7       0.94        116       27.9
       1.63      0.287      -6.85      -3.41      -8.25      -4.39       1.83     0.0892
  6.31e+003      0.934       73.5       14.4      0.935       88.9       21.3
       1.49     -0.353      -6.43      -2.58      -7.49       -3.2       1.41     -0.273
  7.94e+003      0.793       83.5       14.1      0.976       86.4       31.1
       1.18      -1.63      -5.63      -4.08      -7.89      -4.59     -0.562      0.533
     1e+004      0.895       47.7       29.4      0.882       75.1       41.6
     -0.431     -0.189      -5.29      -3.02       -5.6      -5.04      -1.12     0.0988
  1.26e+004      0.881       46.3         35      0.863       95.9       38.6
     -0.357     -0.119      -4.81      -3.38      -6.24      -5.07      -1.26      -1.02
  1.58e+004      0.867       42.8       41.1      0.865       81.6       44.7
     -0.658    0.00578      -3.99      -3.68      -5.23       -5.6       -1.2      0.198
     2e+004      0.991       60.7       48.1      0.971        125       42.6
     -0.851       0.38      -4.67      -5.88      -6.37       -6.8      -1.23      -0.62
  2.51e+004      0.996       64.5       54.8      0.728       36.6       62.1
      0.626      0.914      -4.56      -6.43      -2.15      -2.55    -0.0649      0.401
  3.16e+004       0.53       8.64       42.2      0.503       13.9       44.3
     -0.577     -0.228     -0.975     -0.876      -1.14      -1.16     -0.443     -0.714
  3.98e+004      0.545       14.9       38.3      0.441       14.5       36.8
      0.039   -0.00626      -1.66      -1.31      -1.24      -1.01     -0.871    -0.0208
  5.01e+004      0.832       70.8       52.2      0.781       62.9       48.7
        2.3       2.55      -2.87      -3.98      -2.71      -2.54       2.71       4.07
  6.31e+004      0.713       44.1       44.4      0.532       31.5       48.6
     -0.603     -0.203      -3.25      -3.26      -1.65      -2.14      -1.45     -0.432
  7.94e+004      0.407        1.3       22.2      0.347      0.484       16.6
     -0.178    -0.0276      -0.41     -0.169     -0.226     -0.058     -0.032     -0.113
     1e+005      0.835       54.8       20.9      0.433       24.1       22.8
     -0.604     -0.612      -5.65      -2.07      -1.15     -0.518      -1.78     -0.655
  1.26e+005          0          0          0          0          0          0
          0          0          0          0          0          0          0          0
  1.58e+005          0          0          0          0          0          0
          0          0          0          0          0          0          0          0
     2e+005          0          0          0          0          0          0
          0          0          0          0          0          0          0          0
  2.51e+005          0          0          0          0          0          0
          0          0          0          0          0          0          0          0
  3.16e+005          0          0          0          0          0          0
          0          0          0          0          0          0          0          0
  3.98e+005          0          0          0          0          0          0
          0          0          0          0          0          0          0          0
  5.01e+005          0          0          0          0          0          0
          0          0          0          0          0          0          0          0
  6.31e+005          0          0          0          0          0          0
          0          0          0          0          0          0          0          0
  7.94e+005          0          0          0          0          0          0
          0          0          0          0          0          0          0          0
     1e+006          0          0          0          0          0          0
          0          0          0          0          0          0          0          0
  1.26e+006          0          0          0          0          0          0
          0          0          0          0          0          0          0          0
  1.58e+006          0          0          0          0          0          0
          0          0          0          0          0          0          0          0
     2e+006          0          0          0          0          0          0
          0          0          0          0          0          0          0          0
  2.51e+006          0          0          0          0          0          0
          0          0          0          0          0          0          0          0
  3.16e+006          0          0          0          0          0          0
          0          0          0          0          0          0          0          0
  3.98e+006          0          0          0          0          0          0
          0          0          0          0          0          0          0          0
  5.01e+006          0          0          0          0          0          0
          0          0          0          0          0          0          0          0
  6.31e+006          0          0          0          0          0          0
          0          0          0          0          0          0          0          0
