#WRITTEN BY GEOTOOLS: kb0-s001     10/06/95    RAW RECS    
>AZIMUTH   =       -30.0
>LATITUDE  =     41.9782
>LONGITUDE =    140.8958
>ELEVATION =         0.0
kb0001  -30
RXY
 29
-.1032E+05  88.32       64.4  177.1      44.04       84.3   44.4    1.00    1.00
-7020.      92.55       47.1  7889.      1.086      174.5  -80.2    1.00    1.00
-270.0      49.98       65.8  255.5      9.775      112.5   19.0    1.00    1.00
-256.0      54.37       59.7  55.78      53.01       60.5   59.0    1.00    1.00
-192.0      40.49       63.2  41.06      39.93       63.6   62.8    1.00    1.00
-128.0      28.30       68.0  28.61      28.00       68.3   67.6    1.00    1.00
-96.00      25.18       69.3  25.47      24.90       69.7   69.0    1.00    1.00
-64.00      20.74       70.9  21.00      20.49       71.3   70.6    1.00    1.00
-48.00      16.29       70.9  16.56      16.04       71.3   70.4    1.00    1.00
-32.00      13.83       73.4  14.02      13.65       73.8   73.1    1.00    1.00
-24.00      10.62       74.6  10.81      10.44       75.1   74.1    1.00    1.00
-16.00      8.142       77.8  8.415      7.878       78.8   76.9    1.00    1.00
-12.00      7.214       77.9  7.461      6.974       78.8   76.9    1.00    1.00
-8.000      4.472       78.8  4.499      4.446       78.9   78.6    1.00    1.00
-6.000      3.752       81.2  3.811      3.694       81.7   80.8    1.00    1.00
-4.000      2.552       77.6  2.645      2.463       78.6   76.5    1.00    1.00
-3.000      1.640       78.3  1.678      1.604       78.9   77.6    1.00    1.00
-2.000      1.019       65.4  1.053     0.9870       66.3   64.4    1.00    1.00
-1.500      1.076       56.1  1.134      1.020       57.6   54.5    1.00    1.00
 1.000      1.056       42.7  1.173     0.9499       45.7   39.7    1.00    1.00
 1.333      1.748       37.6  1.923      1.588       40.3   34.9    1.00    1.00
 2.000      2.654       42.3  2.971      2.372       45.5   39.1    1.00    1.00
 2.667      2.583       47.1  2.968      2.249       51.0   43.1    1.00    1.00
 4.000      3.100       55.7  3.862      2.488       62.0   49.4    1.00    1.00
 5.333      3.618       56.0  4.583      2.856       62.8   49.3    1.00    1.00
 8.000      2.212       80.0  3.662      1.336       94.5   65.6    1.00    1.00
 10.67      2.025       72.7  3.178      1.290       85.7   59.8    1.00    1.00
 42.68      68.17        4.1  73.38      63.34        6.2    2.0    1.00    1.00
 64.02      131.7        9.1  157.3      110.2       14.2    4.0    1.00    1.00
RYX
 29
-.1032E+05  146.4     -114.8  184.9      115.9     -108.1 -121.5    1.00    1.00
-7020.      126.5     -124.5  540.2      29.62      -82.9 -166.1    1.00    1.00
-270.0      98.50     -121.7  241.9      40.11      -96.0 -147.4    1.00    1.00
-256.0      113.0     -145.2  114.5      111.6     -144.8 -145.6    1.00    1.00
-192.0      51.92     -130.4  53.26      50.61     -129.7 -131.1    1.00    1.00
-128.0      43.31     -124.0  44.15      42.49     -123.4 -124.5    1.00    1.00
-96.00      42.42     -121.3  43.08      41.77     -120.8 -121.7    1.00    1.00
-64.00      32.83     -119.8  33.19      32.47     -119.5 -120.1    1.00    1.00
-48.00      27.24     -119.4  27.66      26.83     -119.0 -119.9    1.00    1.00
-32.00      25.23     -116.4  25.58      24.89     -116.0 -116.8    1.00    1.00
-24.00      21.11     -116.3  21.45      20.78     -115.8 -116.8    1.00    1.00
-16.00      17.55     -115.4  18.02      17.10     -114.6 -116.1    1.00    1.00
-12.00      16.84     -116.3  17.38      16.31     -115.4 -117.2    1.00    1.00
-8.000      12.07     -116.2  12.13      12.00     -116.1 -116.4    1.00    1.00
-6.000      11.39     -114.6  11.58      11.20     -114.2 -115.1    1.00    1.00
-4.000      8.281     -118.4  8.528      8.040     -117.6 -119.3    1.00    1.00
-3.000      6.699     -122.2  6.868      6.535     -121.5 -122.9    1.00    1.00
-2.000      5.309     -128.2  5.483      5.141     -127.3 -129.1    1.00    1.00
-1.500      4.633     -140.2  4.940      4.345     -138.4 -142.1    1.00    1.00
 1.000      4.073     -151.7  4.672      3.551     -147.8 -155.6    1.00    1.00
 1.333      5.572     -155.7  6.634      4.679     -150.7 -160.7    1.00    1.00
 2.000      6.399     -160.9  7.603      5.385     -155.9 -165.8    1.00    1.00
 2.667      10.61     -171.0  12.24      9.192     -166.9 -175.1    1.00    1.00
 4.000      13.78     -167.8  16.37      11.60     -162.8 -172.7    1.00    1.00
 5.333      21.50     -168.0  24.16      19.13     -164.6 -171.3    1.00    1.00
 8.000      27.79     -176.6  32.82      23.53     -171.8 -181.3    1.00    1.00
 10.67      37.57     -176.8  42.67      33.08     -173.2 -180.5    1.00    1.00
 42.68      17.91     -145.2  18.92      16.95     -143.7 -146.8    1.00    1.00
 64.02      21.63     -161.4  23.79      19.67     -158.7 -164.2    1.00    1.00
RXX
 29
-.1032E+05  6.447      102.0  14.42      2.882      125.0   78.9    1.00    1.00
-7020.      4.818      121.9  758.7     0.3060E-01  266.9  -23.0    1.00    1.00
-270.0     0.8020      -23.5  111.7     0.5760E-02  117.9 -164.9    1.00    1.00
-256.0      4.322      -61.3  4.531      4.122      -59.9  -62.7    1.00    1.00
-192.0     0.7915      -27.9 0.9569     0.6547      -22.4  -33.3    1.00    1.00
-128.0     0.9189       -8.6  1.015     0.8319       -5.7  -11.5    1.00    1.00
-96.00     0.6939       -6.6 0.7528     0.6397       -4.3   -8.9    1.00    1.00
-64.00     0.5923        0.1 0.6315     0.5556        2.0   -1.7    1.00    1.00
-48.00     0.5019        3.7 0.5415     0.4651        5.9    1.6    1.00    1.00
-32.00     0.6336       13.7 0.6710     0.5983       15.3   12.1    1.00    1.00
-24.00     0.7559       18.7 0.8003     0.7140       20.3   17.0    1.00    1.00
-16.00     0.8871       21.4 0.9571     0.8223       23.6   19.3    1.00    1.00
-12.00      1.031       22.0  1.119     0.9506       24.4   19.7    1.00    1.00
-8.000     0.9954       28.5  1.007     0.9841       28.8   28.2    1.00    1.00
-6.000      1.046       34.7  1.084      1.009       35.7   33.7    1.00    1.00
-4.000     0.8856       31.3 0.9470     0.8282       33.2   29.3    1.00    1.00
-3.000      1.124       25.5  1.176      1.073       26.8   24.2    1.00    1.00
-2.000      1.051       21.1  1.104      1.000       22.5   19.7    1.00    1.00
-1.500      1.372        6.1  1.499      1.255        8.7    3.6    1.00    1.00
 1.000      1.863        7.0  2.147      1.617       11.0    2.9    1.00    1.00
 1.333      1.921        3.1  2.332      1.583        8.6   -2.5    1.00    1.00
 2.000      2.546        1.8  3.035      2.136        6.8   -3.3    1.00    1.00
 2.667      5.490        3.5  6.293      4.789        7.4   -0.4    1.00    1.00
 4.000      6.151        2.6  7.325      5.166        7.6   -2.4    1.00    1.00
 5.333      9.648        7.5  10.84      8.586       10.9    4.2    1.00    1.00
 8.000      14.56        0.6  16.80      12.62        4.7   -3.5    1.00    1.00
 10.67      16.33        1.4  18.55      14.37        5.0   -2.3    1.00    1.00
 42.68      27.42       22.7  31.18      24.11       26.3   19.0    1.00    1.00
 64.02      27.25      -55.1  39.00      19.04      -44.8  -65.4    1.00    1.00
RYY
 29
-.1032E+05  7.507      -68.6  204.2     0.2760       26.1 -163.2    1.00    1.00
-7020.      26.57      -32.5 0.5274E+07 0.1000E-02  317.0 -360.0    1.00    1.00
-270.0      8.295      -53.1 0.2675E+05 0.2572E-02  178.4 -284.5    1.00    1.00
-256.0      1.450       66.6  1.810      1.162       72.9   60.2    1.00    1.00
-192.0      1.054       99.0  1.158     0.9586      101.7   96.3    1.00    1.00
-128.0     0.8886       98.1 0.9620     0.8209      100.4   95.9    1.00    1.00
-96.00      1.510       91.3  1.617      1.410       93.3   89.3    1.00    1.00
-64.00     0.5623      104.4 0.6189     0.5108      107.1  101.6    1.00    1.00
-48.00     0.3114       99.1 0.3698     0.2622      104.0   94.1    1.00    1.00
-32.00     0.2189      102.1 0.2578     0.1859      106.8   97.4    1.00    1.00
-24.00     0.1136       98.6 0.1455     0.8874E-01  105.7   91.5    1.00    1.00
-16.00     0.9303E-01   82.3 0.1488     0.5816E-01   95.7   68.8    1.00    1.00
-12.00     0.1043       87.4 0.1625     0.6699E-01  100.1   74.7    1.00    1.00
-8.000     0.8515E-01   95.2 0.9115E-01 0.7954E-01   97.2   93.3    1.00    1.00
-6.000     0.6643E-01   79.6 0.7953E-01 0.5549E-01   84.8   74.4    1.00    1.00
-4.000     0.5636E-01  112.3 0.7783E-01 0.4082E-01  121.5  103.1    1.00    1.00
-3.000     0.1463      108.8 0.1619     0.1323      111.7  106.0    1.00    1.00
-2.000     0.3150      123.9 0.3432     0.2891      126.4  121.4    1.00    1.00
-1.500     0.4194      142.2 0.4694     0.3747      145.4  139.0    1.00    1.00
 1.000     0.7928      166.8 0.9435     0.6662      171.8  161.8    1.00    1.00
 1.333      1.310      178.0  1.552      1.106      182.8  173.1    1.00    1.00
 2.000      2.108     -158.1  2.567      1.731     -152.4 -163.7    1.00    1.00
 2.667      1.487     -144.5  1.941      1.139     -136.9 -152.1    1.00    1.00
 4.000      2.002     -128.3  2.998      1.337     -116.7 -139.9    1.00    1.00
 5.333      3.117     -121.0  4.557      2.131     -110.1 -131.9    1.00    1.00
 8.000      3.965      -72.1  7.259      2.165      -54.8  -89.4    1.00    1.00
 10.67      1.362      -89.4  3.127     0.5934      -65.6 -113.2    1.00    1.00
 42.68      4.546      166.9  5.018      4.118      169.7  164.1    1.00    1.00
 64.02      4.393      166.6  5.531      3.490      173.2  160.0    1.00    1.00
TZX
 29
-.1032E+05 -.2531E-01 0.1249E-01 0.1162        1.00
-7020.     -.6069E-01 0.2246E-01 0.7273        1.00
-270.0     -.1872     0.1981     0.6103        1.00
-256.0     0.1966     -.4363     0.1091E-01    1.00
-192.0     -.2891E-01 -.1492E-01 0.2233E-01    1.00
-128.0     -.2114E-01 -.7596E-02 0.1340E-01    1.00
-96.00     0.3804E-01 -.8832E-02 0.1127E-01    1.00
-64.00     -.2143E-01 -.1762E-01 0.9094E-02    1.00
-48.00     -.4330E-02 -.1799E-01 0.1424E-01    1.00
-32.00     0.1250E-01 -.2010E-01 0.9641E-02    1.00
-24.00     0.1566E-01 -.2052E-01 0.1327E-01    1.00
-16.00     -.7652E-02 0.9846E-02 0.2132E-01    1.00
-12.00     0.3998E-01 0.2288E-01 0.1908E-01    1.00
-8.000     0.3300E-03 0.1889E-01 0.1611E-02    1.00
-6.000     -.4970E-02 0.2084E-01 0.4638E-02    1.00
-4.000     -.4013E-02 0.2508E-01 0.8150E-02    1.00
-3.000     -.2909E-01 0.4567E-01 0.6405E-02    1.00
-2.000     -.1488E-01 0.5136E-01 0.1678E-01    1.00
-1.500     -.7764E-01 0.6618E-01 0.4505E-01    1.00
 1.000     -.2370E-01 0.9144E-01 0.6151E-01    1.00
 1.333     -.1586E-01 -.2104E-01 0.1176        1.00
 2.000     0.8691E-01 0.1982     0.7428E-01    1.00
 2.667     0.7581E-01 -.9399E-01 0.6217E-01    1.00
 4.000     0.2128     -.5607E-01 0.6611E-01    1.00
 5.333     0.1269E-01 -.3607     0.1623        1.00
 8.000     -.2893     0.1927     0.5883        1.00
 10.67     -.6606     -.7512     0.3655        1.00
 42.68     -.1181     -.2649E-01 0.1212E-01    1.00
 64.02     -.4317E-01 -.1595     0.7337E-01    1.00
TZY
 29
-.1032E+05 -.2866E-01 0.9978E-01 0.3719        1.00
-7020.     0.7822E-01 0.1001      2.801        1.00
-270.0     -.3291     -.1287      1.593        1.00
-256.0     0.1837     0.5954E-01 0.2082E-01    1.00
-192.0     0.1045     -.1178E-01 0.1177E-01    1.00
-128.0     0.1279     -.1566E-01 0.7965E-02    1.00
-96.00     0.6420E-01 -.2763E-01 0.9421E-02    1.00
-64.00     0.1675     0.6654E-02 0.1042E-01    1.00
-48.00     0.1584     0.7618E-02 0.1712E-01    1.00
-32.00     0.1421     0.1282E-01 0.1075E-01    1.00
-24.00     0.1410     0.3507E-01 0.1530E-01    1.00
-16.00     0.1180     0.4000E-01 0.2806E-01    1.00
-12.00     0.1099     0.6048E-01 0.2092E-01    1.00
-8.000     0.1112     0.6643E-01 0.1780E-02    1.00
-6.000     0.1097     0.7898E-01 0.3861E-02    1.00
-4.000     0.1104     0.1083     0.7362E-02    1.00
-3.000     0.1033     0.1436     0.3831E-02    1.00
-2.000     0.3638E-01 0.2209     0.1086E-01    1.00
-1.500     0.1913E-01 0.2513     0.2382E-01    1.00
 1.000     -.9062E-01 0.3019     0.3442E-01    1.00
 1.333     -.1596     0.4218     0.5538E-01    1.00
 2.000     -.3923     0.3735     0.4866E-01    1.00
 2.667     -.4538     0.5507     0.4331E-01    1.00
 4.000     -.5790     0.5943     0.5910E-01    1.00
 5.333     -.9594     0.8167     0.2015        1.00
 8.000     -1.260      1.205     0.8080        1.00
 10.67     -1.662     0.8529     0.4546        1.00
 42.68     -.6187     0.9167E-01 0.1095E-01    1.00
 64.02     -.6257     0.1806     0.7997E-01    1.00
ZXX S.I. UNITS
 29
-.1032E+05 -.1504     0.7090     0.4126        1.00
-7020.     -.2733     0.4386      1.849        1.00
-270.0     0.3791E-01 -.1651E-01 0.1443        1.00
-256.0     0.4489E-01 -.8198E-01 0.3131E-02    1.00
-192.0     0.3063E-01 -.1619E-01 0.4648E-02    1.00
-128.0     0.3013E-01 -.4556E-02 0.2145E-02    1.00
-96.00     0.2278E-01 -.2640E-02 0.1320E-02    1.00
-64.00     0.1730E-01 0.4065E-04 0.7836E-03    1.00
-48.00     0.1376E-01 0.8980E-03 0.7419E-03    1.00
-32.00     0.1229E-01 0.2997E-02 0.5128E-03    1.00
-24.00     0.1134E-01 0.3834E-02 0.4831E-03    1.00
-16.00     0.9855E-02 0.3867E-02 0.5681E-03    1.00
-12.00     0.9162E-02 0.3710E-02 0.5694E-03    1.00
-8.000     0.6969E-02 0.3782E-02 0.6379E-04    1.00
-6.000     0.5787E-02 0.4007E-02 0.1770E-03    1.00
-4.000     0.4521E-02 0.2745E-02 0.2505E-03    1.00
-3.000     0.4657E-02 0.2220E-02 0.1663E-03    1.00
-2.000     0.3801E-02 0.1466E-02 0.1416E-03    1.00
-1.500     0.4008E-02 0.4293E-03 0.2531E-03    1.00
 1.000     0.3807E-02 0.4641E-03 0.3848E-03    1.00
 1.333     0.3368E-02 0.1803E-03 0.4622E-03    1.00
 2.000     0.3169E-02 0.9800E-04 0.3937E-03    1.00
 2.667     0.4024E-02 0.2457E-03 0.3893E-03    1.00
 4.000     0.3481E-02 0.1567E-03 0.4302E-03    1.00
 5.333     0.3747E-02 0.4956E-03 0.3119E-03    1.00
 8.000     0.3791E-02 0.3989E-04 0.3837E-03    1.00
 10.67     0.3475E-02 0.8249E-04 0.3138E-03    1.00
 42.68     0.2078E-02 0.8678E-03 0.2047E-03    1.00
 64.02     0.1049E-02 -.1503E-02 0.4648E-03    1.00
ZXY S.I. UNITS
 29
-.1032E+05  1.161      2.418      1.320        1.00
-7020.      1.541      1.660      7.120        1.00
-270.0     0.1339     0.2977     0.3766        1.00
-256.0     0.1671     0.2863     0.5974E-02    1.00
-192.0     0.1118     0.2211     0.2451E-02    1.00
-128.0     0.6349E-01 0.1568     0.1275E-02    1.00
-96.00     0.4874E-01 0.1293     0.1103E-02    1.00
-64.00     0.3344E-01 0.9677E-01 0.8977E-03    1.00
-48.00     0.2573E-01 0.7425E-01 0.8922E-03    1.00
-32.00     0.1684E-01 0.5667E-01 0.5718E-03    1.00
-24.00     0.1189E-01 0.4326E-01 0.5569E-03    1.00
-16.00     0.6757E-02 0.3135E-01 0.7476E-03    1.00
-12.00     0.5493E-02 0.2556E-01 0.6244E-03    1.00
-8.000     0.3273E-02 0.1649E-01 0.7049E-04    1.00
-6.000     0.2038E-02 0.1318E-01 0.1473E-03    1.00
-4.000     0.1935E-02 0.8767E-02 0.2263E-03    1.00
-3.000     0.1269E-02 0.6103E-02 0.9948E-04    1.00
-2.000     0.1673E-02 0.3647E-02 0.9161E-04    1.00
-1.500     0.1993E-02 0.2961E-02 0.1338E-03    1.00
 1.000     0.2121E-02 0.1958E-02 0.2153E-03    1.00
 1.333     0.2549E-02 0.1963E-02 0.2177E-03    1.00
 2.000     0.2394E-02 0.2179E-02 0.2579E-03    1.00
 2.667     0.1884E-02 0.2025E-02 0.2712E-03    1.00
 4.000     0.1393E-02 0.2044E-02 0.3846E-03    1.00
 5.333     0.1293E-02 0.1919E-02 0.3871E-03    1.00
 8.000     0.2561E-03 0.1455E-02 0.5269E-03    1.00
 10.67     0.3633E-03 0.1169E-02 0.3903E-03    1.00
 42.68     0.3542E-02 0.2538E-03 0.1848E-03    1.00
 64.02     0.3979E-02 0.6397E-03 0.5066E-03    1.00
ZYX S.I. UNITS
 29
-.1032E+05 -1.448     -3.135     0.5710        1.00
-7020.     -1.501     -2.181      2.718        1.00
-270.0     -.2408     -.3899     0.2911        1.00
-256.0     -.3926     -.2727     0.4443E-02    1.00
-192.0     -.1818     -.2137     0.5058E-02    1.00
-128.0     -.1169     -.1735     0.2828E-02    1.00
-96.00     -.9303E-01 -.1533     0.1961E-02    1.00
-64.00     -.6402E-01 -.1118     0.9985E-03    1.00
-48.00     -.4993E-01 -.8849E-01 0.1098E-02    1.00
-32.00     -.3555E-01 -.7150E-01 0.7708E-03    1.00
-24.00     -.2802E-01 -.5670E-01 0.7037E-03    1.00
-16.00     -.2019E-01 -.4254E-01 0.8652E-03    1.00
-12.00     -.1769E-01 -.3581E-01 0.8984E-03    1.00
-8.000     -.1221E-01 -.2476E-01 0.1011E-03    1.00
-6.000     -.9679E-02 -.2111E-01 0.2712E-03    1.00
-4.000     -.7701E-02 -.1422E-01 0.3370E-03    1.00
-3.000     -.6710E-02 -.1066E-01 0.2220E-03    1.00
-2.000     -.5663E-02 -.7195E-02 0.2088E-03    1.00
-1.500     -.5694E-02 -.4737E-02 0.3358E-03    1.00
 1.000     -.4993E-02 -.2688E-02 0.5504E-03    1.00
 1.333     -.5234E-02 -.2366E-02 0.7089E-03    1.00
 2.000     -.4749E-02 -.1647E-02 0.6129E-03    1.00
 2.667     -.5534E-02 -.8798E-03 0.5672E-03    1.00
 4.000     -.5098E-02 -.1104E-02 0.6350E-03    1.00
 5.333     -.5518E-02 -.1177E-02 0.4650E-03    1.00
 8.000     -.5228E-02 -.3131E-03 0.6160E-03    1.00
 10.67     -.5266E-02 -.2924E-03 0.4745E-03    1.00
 42.68     -.1496E-02 -.1038E-02 0.7092E-04    1.00
 64.02     -.1548E-02 -.5200E-03 0.1100E-03    1.00
ZYY S.I. UNITS
 29
-.1032E+05 0.2855     -.7281      1.827        1.00
-7020.      1.024     -.6512      10.47        1.00
-270.0     0.7990E-01 -.1063     0.7596        1.00
-256.0     0.2154E-01 0.4967E-01 0.8476E-02    1.00
-192.0     -.6278E-02 0.3947E-01 0.2668E-02    1.00
-128.0     -.4236E-02 0.2967E-01 0.1681E-02    1.00
-96.00     -.7725E-03 0.3382E-01 0.1638E-02    1.00
-64.00     -.4178E-02 0.1633E-01 0.1144E-02    1.00
-48.00     -.1713E-02 0.1073E-01 0.1320E-02    1.00
-32.00     -.1559E-02 0.7272E-02 0.8595E-03    1.00
-24.00     -.6945E-03 0.4588E-02 0.8112E-03    1.00
-16.00     0.4600E-03 0.3397E-02 0.1139E-02    1.00
-12.00     0.1429E-03 0.3141E-02 0.9852E-03    1.00
-8.000     -.2109E-03 0.2310E-02 0.1117E-03    1.00
-6.000     0.3202E-03 0.1745E-02 0.2257E-03    1.00
-4.000     -.5064E-03 0.1234E-02 0.3044E-03    1.00
-3.000     -.6014E-03 0.1762E-02 0.1328E-03    1.00
-2.000     -.1244E-02 0.1851E-02 0.1351E-03    1.00
-1.500     -.1761E-02 0.1366E-02 0.1775E-03    1.00
 1.000     -.2436E-02 0.5717E-03 0.3079E-03    1.00
 1.333     -.2784E-02 0.9925E-04 0.3339E-03    1.00
 2.000     -.2676E-02 -.1077E-02 0.4016E-03    1.00
 2.667     -.1708E-02 -.1218E-02 0.3952E-03    1.00
 4.000     -.1233E-02 -.1560E-02 0.5677E-03    1.00
 5.333     -.1106E-02 -.1842E-02 0.5771E-03    1.00
 8.000     0.6084E-03 -.1882E-02 0.8460E-03    1.00
 10.67     0.1094E-04 -.1004E-02 0.5901E-03    1.00
 42.68     -.8931E-03 0.2081E-03 0.6404E-04    1.00
 64.02     -.7160E-03 0.1710E-03 0.1199E-03    1.00
