Format: Resistivity1DMod_1.0
# Layers: 30
! Top_Depth Resistivity Penalty Preference Weight
0 100 0 0 0
5 100 0 0 0
11.0041628188 100 0 0 0
18.2141570498 100 0 0 0
26.8721529068 100 0 0 0
37.2689562689 100 0 0 0
49.7537763052 100 0 0 0
64.7459547574 100 0 0 0
82.7490508446 100 0 0 0
104.367754875 100 0 0 0
130.32819866 100 0 0 0
161.502344928 100 0 0 0
198.937274913 100 0 0 0
243.890357862 100 0 0 0
297.871483708 100 0 0 0
362.693777453 100 0 0 0
440.534498639 100 0 0 0
534.008171427 100 0 0 0
646.254401565 100 0 0 0
781.043329874 100 0 0 0
942.902264222 100 0 0 0
1137.26774332 100 0 0 0
1370.6681399 100 0 0 0
1650.9429365 100 0 0 0
1987.50603906 100 0 0 0
2391.66197238 100 0 0 0
2876.98557795 100 0 0 0
3459.77796748 100 0 0 0
4159.61404673 100 0 0 0
5000 100 0 0 0
